0.5,-0.3,0.06;-1.57,-2.98023e-08,-1.57
0.5,-0.3,0.06;-1.57,-2.98023e-08,-1.57
0.5,-0.3,0.06;-1.57,-2.98023e-08,-1.57
0.498574,-0.302272,0.0286016;-1.56982,-0.175623,-1.57062
0.499619,-0.302719,0.0286369;-1.56772,-0.0947959,-1.57012
0.501086,-0.299783,0.0290402;-1.55768,-0.0119167,-1.56093
0.502111,-0.293016,0.0288587;-1.56664,0.0596826,-1.56109
0.504048,-0.289208,0.0289518;-1.57151,-0.073992,-1.58735
0.505236,-0.285458,0.0291864;-1.58965,-0.183825,-1.58489
0.507327,-0.282302,0.0293725;-1.59441,-0.250416,-1.58607
0.506268,-0.286076,0.0287711;-1.57062,-0.159307,-1.57983
0.507566,-0.288181,0.0286263;-1.56854,-0.0465733,-1.57045
0.509348,-0.284177,0.0290368;-1.56647,0.0727508,-1.56282
0.509935,-0.282623,0.0286294;-1.57245,0.0522012,-1.57
0.511274,-0.28093,0.0289398;-1.57164,-0.0271279,-1.58682
0.513596,-0.275628,0.0300265;-1.58553,-0.0901813,-1.59362
0.513031,-0.276087,0.0290444;-1.57817,-0.0548228,-1.58588
0.51194,-0.277618,0.0286269;-1.57039,0.0192086,-1.57333
0.512636,-0.275075,0.02966;-1.55368,0.107049,-1.55746
0.512983,-0.272195,0.0299705;-1.56766,0.126582,-1.54752
0.513396,-0.272912,0.0287023;-1.57033,0.0980177,-1.56546
0.513158,-0.273158,0.0286358;-1.57049,0.0673514,-1.57404
0.512996,-0.273445,0.0287034;-1.57051,0.0611768,-1.57669
0.51303,-0.2745,0.0286782;-1.57074,0.106247,-1.57538
0.512695,-0.275612,0.0286497;-1.57408,0.164753,-1.57083
0.512678,-0.275537,0.0288173;-1.58184,0.190492,-1.57114
0.514967,-0.274579,0.0296401;-1.57682,0.14482,-1.58945
0.518063,-0.265896,0.0289417;-1.58013,0.00195068,-1.58237
0.518753,-0.264902,0.0289209;-1.57957,-0.0296593,-1.58259
0.517876,-0.266236,0.0287873;-1.57345,0.0247393,-1.58156
0.515439,-0.267916,0.0288858;-1.57715,0.182309,-1.56875
0.51495,-0.265647,0.0291271;-1.57942,0.233226,-1.5644
0.515233,-0.266021,0.0289225;-1.57652,0.197288,-1.57068
0.516507,-0.26445,0.0292149;-1.57445,0.0444116,-1.58713
0.518897,-0.259923,0.0289525;-1.58189,-0.0698653,-1.58224
0.51909,-0.259747,0.0289373;-1.58264,-0.0784426,-1.58026
0.520229,-0.259999,0.0289565;-1.55958,0.0812725,-1.56452
0.520173,-0.256776,0.0289702;-1.56528,0.120758,-1.5575
0.520148,-0.257242,0.0296395;-1.57001,0.110439,-1.55057
0.519569,-0.259605,0.0286258;-1.57071,0.00577533,-1.57386
0.518937,-0.258867,0.0286902;-1.57056,-0.0815619,-1.5778
0.519603,-0.258069,0.0288708;-1.57717,-0.116588,-1.58125
0.516658,-0.262717,0.029111;-1.58516,0.0154665,-1.58208
0.5154,-0.264404,0.0289253;-1.58257,0.0959135,-1.57692
0.513985,-0.263006,0.0291502;-1.59103,0.149912,-1.57031
0.515868,-0.261037,0.0289119;-1.57197,0.0652696,-1.58616
0.516165,-0.259408,0.0290248;-1.57426,0.00395004,-1.58672
0.517267,-0.25824,0.0290086;-1.57625,-0.0449547,-1.58585
0.515294,-0.265188,0.0294075;-1.57393,0.0588661,-1.58952
0.51456,-0.266751,0.0295643;-1.57903,0.106816,-1.58647
0.512955,-0.26595,0.0292597;-1.58364,0.170158,-1.57594
0.516586,-0.263079,0.0304117;-1.5668,0.0324013,-1.60503
0.516635,-0.262174,0.0298268;-1.56864,-0.0239957,-1.59829
0.5167,-0.26212,0.0298301;-1.57332,-0.0570128,-1.59624
0.517275,-0.267898,0.0290594;-1.56072,0.0481886,-1.58478
0.518036,-0.262716,0.0292746;-1.56231,0.114093,-1.57068
0.516993,-0.253217,0.0300881;-1.58402,0.2144,-1.55343
0.520195,-0.253107,0.0288645;-1.57546,0.0700045,-1.58209
0.521475,-0.253043,0.0301091;-1.57056,0.00341187,-1.60255
0.521773,-0.254475,0.0315902;-1.58717,-0.0816534,-1.60913
0.520695,-0.259555,0.0307422;-1.57128,-0.0383554,-1.60886
0.521107,-0.253308,0.0303587;-1.59204,0.0607866,-1.58473
0.52027,-0.244404,0.0329478;-1.66129,0.143323,-1.56173
0.519744,-0.24686,0.0299863;-1.58758,0.122141,-1.55632
0.521298,-0.249534,0.0288873;-1.5783,0.0408009,-1.57924
0.521186,-0.249844,0.0294135;-1.56996,-0.0505975,-1.58676
0.522282,-0.250993,0.0302635;-1.58092,-0.0813886,-1.59825
0.521324,-0.253427,0.0297595;-1.59255,-0.0331285,-1.58431
0.518817,-0.253302,0.0307309;-1.61883,0.0372958,-1.57294
0.515232,-0.246635,0.0327582;-1.653,0.146291,-1.55216
0.516668,-0.2491,0.031112;-1.61607,0.0990483,-1.56116
0.516577,-0.25337,0.0287229;-1.5652,0.0053825,-1.56929
0.513853,-0.256909,0.0287366;-1.56491,-0.129751,-1.56834
0.513972,-0.257663,0.0285842;-1.57057,-0.082296,-1.57076
0.514922,-0.256675,0.0287455;-1.56987,-0.0198112,-1.56383
0.514049,-0.244671,0.0323105;-1.63002,0.137308,-1.54858
0.517686,-0.237086,0.0348395;-1.69508,0.0668466,-1.56205
0.520695,-0.238832,0.0355612;-1.70874,-0.00708723,-1.58415
0.522952,-0.245707,0.0339134;-1.64169,-0.0962984,-1.6099
0.522569,-0.248037,0.0348007;-1.65433,-0.0778294,-1.61188
0.520982,-0.250318,0.0352155;-1.68064,-0.0198844,-1.59464
0.515897,-0.25039,0.0369483;-1.73889,0.083886,-1.56415
0.519425,-0.247057,0.0372613;-1.73726,0.0132999,-1.58741
0.522066,-0.246271,0.0362876;-1.72213,-0.0572783,-1.59612
0.527712,-0.255316,0.0357978;-1.65342,-0.169141,-1.63304
0.526923,-0.256326,0.0372537;-1.70455,-0.127319,-1.61862
0.525721,-0.255714,0.0378134;-1.73985,-0.0679498,-1.60088
0.517156,-0.25216,0.0376311;-1.75213,0.0516605,-1.56561
0.519121,-0.250474,0.0364087;-1.7285,-0.00336975,-1.57821
0.522693,-0.258063,0.0329064;-1.65973,-0.0868483,-1.58391
0.524296,-0.269987,0.0289963;-1.58654,-0.266614,-1.58214
0.524588,-0.271532,0.0291062;-1.57899,-0.20357,-1.58529
0.524898,-0.271137,0.0291045;-1.57805,-0.139401,-1.58194
0.52465,-0.24706,0.0348934;-1.68989,0.0956668,-1.55492
0.528216,-0.242337,0.0364498;-1.72866,0.0269057,-1.57358
0.529408,-0.241566,0.0374546;-1.7491,0.0027318,-1.57734
0.530787,-0.247247,0.0324752;-1.61397,-0.100992,-1.60726
0.531885,-0.253409,0.0329891;-1.5952,-0.168249,-1.62577
0.530606,-0.255252,0.0290309;-1.57873,-0.108299,-1.58543
0.529978,-0.253771,0.0289893;-1.58619,0.014939,-1.57488
0.527462,-0.241801,0.0321111;-1.63126,0.150068,-1.54911
0.531552,-0.239451,0.0332744;-1.65995,0.0839843,-1.57522
0.535053,-0.239029,0.0343116;-1.66306,0.0149965,-1.5984
0.53835,-0.249733,0.0344367;-1.61991,-0.134342,-1.62951
0.537719,-0.250136,0.0348668;-1.65646,-0.108251,-1.6159
0.534847,-0.253124,0.0337253;-1.66882,-0.0317498,-1.58439
0.525141,-0.244342,0.0317147;-1.61763,0.186569,-1.54297
0.527097,-0.245647,0.029967;-1.60149,0.135339,-1.56425
0.528409,-0.247262,0.0287337;-1.5712,0.031409,-1.57853
0.528739,-0.248417,0.0291253;-1.58003,-0.136655,-1.58822
0.52906,-0.251124,0.0293854;-1.58234,-0.101788,-1.59087
0.527849,-0.255432,0.0309159;-1.60593,-0.00131479,-1.59087
0.524837,-0.251656,0.0369817;-1.73479,0.111097,-1.5624
0.526939,-0.249276,0.0371894;-1.7332,0.0646613,-1.57969
0.530822,-0.249204,0.03682;-1.70286,0.00776936,-1.60128
0.530747,-0.250392,0.0325003;-1.59975,-0.102881,-1.61329
0.53134,-0.251524,0.0307783;-1.58954,-0.0957526,-1.60266
0.529219,-0.253915,0.0300762;-1.59086,-0.0293898,-1.58996
0.524485,-0.249837,0.0322625;-1.6499,0.147711,-1.56146
0.526401,-0.247287,0.0347004;-1.69549,0.132014,-1.55901
0.529381,-0.244246,0.036333;-1.7062,0.0824798,-1.581
0.53303,-0.249156,0.0333372;-1.59164,-0.0449263,-1.62685
0.533348,-0.24818,0.0318989;-1.5929,-0.117435,-1.61041
0.532919,-0.250803,0.0292785;-1.57882,-0.098714,-1.58854
0.52955,-0.251671,0.0290723;-1.58336,0.111232,-1.56451
0.527288,-0.246406,0.0307615;-1.60527,0.175825,-1.54971
0.529193,-0.245613,0.0311027;-1.62545,0.149805,-1.56095
0.53522,-0.246352,0.030661;-1.57535,0.00337762,-1.6056
0.537317,-0.252297,0.0330269;-1.6068,-0.128831,-1.61756
0.540052,-0.253319,0.0338405;-1.6347,-0.157833,-1.62285
0.538913,-0.254703,0.0376721;-1.71891,-0.0200817,-1.59811
0.535123,-0.250106,0.0376495;-1.74728,0.0695734,-1.56674
0.534318,-0.248864,0.0370025;-1.73981,0.0737325,-1.56163
0.538424,-0.248621,0.0332116;-1.64419,-0.0263349,-1.59608
0.539331,-0.252249,0.0305808;-1.58929,-0.0875827,-1.59784
0.540781,-0.249499,0.0308823;-1.59707,-0.148001,-1.60038
0.541138,-0.255927,0.0312675;-1.5933,-0.0388956,-1.5967
0.542911,-0.244607,0.0351363;-1.68515,0.0681429,-1.57024
0.540809,-0.237869,0.037283;-1.74654,0.102947,-1.55613
0.54446,-0.241857,0.0379249;-1.72729,-0.00736777,-1.59756
0.544832,-0.246547,0.0363656;-1.67488,-0.0671845,-1.61746
0.545574,-0.250963,0.0336038;-1.60363,-0.126188,-1.62596
0.542287,-0.253488,0.0329312;-1.63855,-0.0178308,-1.59055
0.541864,-0.251487,0.0350792;-1.69508,0.0299222,-1.57622
0.540516,-0.248376,0.0380788;-1.75776,0.0573975,-1.56763
0.54845,-0.248108,0.0390422;-1.75823,-0.0728981,-1.61311
0.54876,-0.251916,0.0391214;-1.74607,-0.127675,-1.61929
0.548786,-0.256123,0.0383771;-1.72782,-0.194473,-1.63335
0.546274,-0.255059,0.0397273;-1.79052,-0.113816,-1.60677
0.54158,-0.25225,0.0388412;-1.76751,-0.0303417,-1.58861
0.536747,-0.246532,0.0375357;-1.75146,0.0608317,-1.56358
0.539929,-0.246037,0.0352247;-1.70681,-0.026532,-1.58371
0.542457,-0.248416,0.0332506;-1.63239,-0.0928855,-1.60834
0.54191,-0.254979,0.0326843;-1.60037,-0.17165,-1.61853
0.54293,-0.256424,0.0340648;-1.64741,-0.136099,-1.61158
0.543383,-0.253279,0.0363325;-1.71869,-0.0740728,-1.59255
0.541563,-0.243568,0.0380491;-1.75291,0.0187072,-1.57652
0.53787,-0.237604,0.0387172;-1.76941,0.0485899,-1.57246
0.538424,-0.241148,0.0351571;-1.69725,0.00479295,-1.58579
0.538971,-0.245946,0.0308009;-1.57684,-0.0571316,-1.60555
0.539358,-0.250707,0.0309557;-1.57964,-0.14471,-1.60785
0.539263,-0.252278,0.0306226;-1.59871,-0.084873,-1.59447
0.538294,-0.248889,0.0342977;-1.68108,0.0033424,-1.57862
0.538371,-0.239458,0.0381571;-1.75315,0.0438793,-1.57518
0.541401,-0.240566,0.0385249;-1.74701,0.0118812,-1.59455
0.542762,-0.242908,0.0376216;-1.72698,-0.0184656,-1.60181
0.542536,-0.248684,0.0356652;-1.63487,-0.0958639,-1.63691
0.542366,-0.249784,0.0345764;-1.63767,-0.0894127,-1.62129
0.541322,-0.249739,0.0346368;-1.66741,-0.0324715,-1.59524
0.536236,-0.246681,0.0348425;-1.69194,0.0905157,-1.5671
0.540321,-0.242251,0.0360459;-1.69477,0.0385496,-1.59423
0.542695,-0.242029,0.035263;-1.67042,-0.00538495,-1.61004
0.546004,-0.247994,0.0347204;-1.63713,-0.0865528,-1.6293
0.546181,-0.248557,0.0369742;-1.66434,-0.057426,-1.63389
0.545409,-0.248308,0.0378994;-1.70574,-0.00683608,-1.61406
0.537786,-0.252439,0.0365778;-1.70775,0.0976791,-1.57607
0.539384,-0.251822,0.0337539;-1.65053,0.0551163,-1.58912
0.541341,-0.252886,0.0308049;-1.57761,0.00565404,-1.6065
0.543864,-0.249306,0.0321969;-1.5886,-0.109714,-1.6172
0.544248,-0.250938,0.0325982;-1.59522,-0.0888081,-1.62051
0.543584,-0.252325,0.0337982;-1.62939,-0.0294123,-1.61348
0.543584,-0.252325,0.0337982;-1.62939,-0.0294123,-1.61348
0.543229,-0.252528,0.034892;-1.65741,0.0181232,-1.60617
0.543229,-0.252528,0.034892;-1.65741,0.0181232,-1.60617
