0.5,-0.3,0.06;-1.57,-2.98023e-08,-1.57
0.5,-0.3,0.06;-1.57,-2.98023e-08,-1.57
0.5,-0.3,0.06;-1.57,-2.98023e-08,-1.57
0.499463,-0.299494,0.0294659;-1.57356,-0.178414,-1.59068
0.499377,-0.301407,0.0289147;-1.5695,-0.143898,-1.58556
0.49926,-0.302204,0.0287852;-1.57426,-0.0940898,-1.57752
0.499932,-0.301367,0.0291119;-1.56647,-0.0432531,-1.56973
0.500464,-0.298442,0.0291028;-1.56821,-0.15158,-1.58881
0.501144,-0.293486,0.0290152;-1.57814,-0.211445,-1.58575
0.50207,-0.291646,0.0290985;-1.58217,-0.249236,-1.58738
0.50023,-0.295703,0.0288624;-1.57046,-0.133523,-1.58425
0.501151,-0.296791,0.0287189;-1.56889,-0.0358505,-1.57499
0.502264,-0.290627,0.0297333;-1.55897,0.08093,-1.56357
0.503895,-0.286008,0.028771;-1.57529,0.0735076,-1.57507
0.504686,-0.284938,0.0288799;-1.57035,0.013243,-1.58509
0.504499,-0.282771,0.0288763;-1.57192,-0.0510452,-1.58447
0.504613,-0.283067,0.0288681;-1.57056,-0.036274,-1.58444
0.50438,-0.283717,0.0287297;-1.57176,0.0136598,-1.57691
0.504077,-0.281146,0.0296072;-1.56299,0.0944275,-1.56417
0.505168,-0.274905,0.0297565;-1.57158,0.154423,-1.55493
0.507054,-0.275793,0.0287203;-1.57207,0.0861838,-1.57626
0.507257,-0.274807,0.0289305;-1.57043,0.00614805,-1.58746
0.507537,-0.272105,0.0289485;-1.57457,-0.112403,-1.58496
0.50757,-0.273131,0.0288401;-1.5705,-0.0593785,-1.58341
0.508701,-0.273878,0.028878;-1.57073,0.0372034,-1.57317
0.509365,-0.271084,0.0291084;-1.57019,0.106449,-1.56731
0.509988,-0.270142,0.0288114;-1.57273,0.0869329,-1.58025
0.510643,-0.266665,0.0289201;-1.57516,-0.0160343,-1.58431
0.512071,-0.2645,0.0290774;-1.58219,-0.0733209,-1.58463
0.511665,-0.265433,0.028917;-1.57308,-0.0413086,-1.58466
0.511233,-0.264718,0.0290034;-1.57239,0.140441,-1.56923
0.511339,-0.258344,0.0292906;-1.57075,0.21531,-1.56223
0.513253,-0.25609,0.0287835;-1.57135,0.212238,-1.5707
0.513492,-0.262099,0.0290555;-1.55614,0.0620861,-1.57971
0.512828,-0.264205,0.0290317;-1.55742,-0.0391434,-1.57842
0.512756,-0.26294,0.028907;-1.57738,-0.088417,-1.58062
0.51129,-0.26604,0.0288803;-1.5778,0.0217655,-1.57816
0.510623,-0.266032,0.0291097;-1.57887,0.0793499,-1.57067
0.511127,-0.265061,0.0289381;-1.57634,0.105379,-1.571
0.51135,-0.26523,0.029119;-1.55429,-0.0100139,-1.5799
0.510692,-0.263923,0.0287485;-1.57086,-0.0965948,-1.57901
0.511456,-0.262139,0.0291329;-1.58516,-0.153573,-1.58518
0.509989,-0.265028,0.028749;-1.57044,-0.00452541,-1.57899
0.509678,-0.262814,0.0290248;-1.57121,0.0801006,-1.56797
0.508709,-0.255867,0.0293583;-1.57418,0.161866,-1.55903
0.513133,-0.251458,0.0288466;-1.56956,0.0523013,-1.58293
0.511777,-0.250104,0.02887;-1.57208,-0.0445425,-1.58329
0.513479,-0.248176,0.0288507;-1.57376,-0.143347,-1.58124
0.511336,-0.251335,0.0289522;-1.57973,-0.0105693,-1.57978
0.510214,-0.250502,0.0288397;-1.57509,0.0781151,-1.57002
0.509167,-0.245814,0.0298994;-1.58216,0.14962,-1.55401
0.513079,-0.247439,0.0287532;-1.57604,0.0602825,-1.57376
0.51283,-0.248339,0.0288398;-1.56756,-0.0259779,-1.57983
0.512386,-0.24971,0.0288645;-1.57518,-0.116845,-1.58042
0.511981,-0.250632,0.0289427;-1.57909,-0.0792965,-1.58046
0.510726,-0.251457,0.028987;-1.58642,-0.0111378,-1.57498
0.508517,-0.248947,0.0291049;-1.58289,0.0595431,-1.56823
0.510054,-0.249507,0.0286956;-1.57468,0.0239689,-1.57239
0.510109,-0.248607,0.0289422;-1.57174,-0.0384921,-1.58706
0.510614,-0.247597,0.0289333;-1.57384,-0.10302,-1.58499
0.510902,-0.246773,0.0288421;-1.57062,-0.119006,-1.58325
0.510344,-0.247192,0.0286654;-1.57149,-0.048068,-1.57409
0.509622,-0.243113,0.0292466;-1.57199,0.0367394,-1.56142
0.509037,-0.239232,0.0292399;-1.57279,0.108543,-1.56176
0.510098,-0.242647,0.0301049;-1.53673,0.0488072,-1.57349
0.509521,-0.245262,0.0304771;-1.53136,-0.0158908,-1.57337
0.50883,-0.243758,0.0288995;-1.57287,-0.143819,-1.58471
0.508239,-0.244715,0.028974;-1.57615,-0.110103,-1.58517
0.507198,-0.246584,0.028865;-1.57986,-0.0128938,-1.57569
0.506168,-0.243253,0.0299454;-1.58079,0.081988,-1.55329
0.508322,-0.243435,0.0296471;-1.58063,0.0323029,-1.56199
0.509748,-0.244645,0.0287514;-1.57393,-0.0511178,-1.57593
0.509642,-0.248691,0.0290011;-1.57709,-0.221432,-1.57716
0.509192,-0.247899,0.0289271;-1.574,-0.180061,-1.57077
0.508041,-0.247128,0.0292665;-1.57107,-0.104974,-1.56322
0.505239,-0.240533,0.0326842;-1.59358,0.0663172,-1.51835
0.507187,-0.236954,0.0338963;-1.61325,0.035302,-1.51523
0.508922,-0.243157,0.0301023;-1.58583,-0.0344375,-1.55905
0.508046,-0.247397,0.0292965;-1.57716,-0.188709,-1.56811
0.507757,-0.246861,0.0292824;-1.57395,-0.166405,-1.5675
0.509005,-0.242516,0.0302047;-1.56822,-0.073159,-1.55087
0.507325,-0.235285,0.0334278;-1.60881,0.0606426,-1.51607
0.509214,-0.236106,0.0337832;-1.61136,0.0353452,-1.51678
0.510526,-0.241276,0.0295145;-1.57831,-0.0104482,-1.56166
0.508845,-0.247135,0.0289753;-1.57702,-0.171906,-1.57307
0.508705,-0.246706,0.0287643;-1.56786,-0.174951,-1.57615
0.508223,-0.245929,0.0289343;-1.58234,-0.160951,-1.57833
0.50538,-0.242273,0.0299692;-1.58034,-0.0203345,-1.55391
0.505652,-0.242781,0.0294136;-1.5706,-0.00659611,-1.55873
0.505804,-0.244228,0.0286395;-1.57254,-0.0150233,-1.57202
0.505172,-0.244312,0.0289392;-1.56947,-0.149907,-1.58646
0.505136,-0.244294,0.0289139;-1.56973,-0.152935,-1.58577
0.505125,-0.24454,0.0289304;-1.56457,-0.152388,-1.58065
0.504467,-0.239086,0.0295322;-1.5742,-0.0172494,-1.55765
0.505154,-0.240827,0.0299574;-1.56471,0.0162073,-1.55678
0.505114,-0.242114,0.0296662;-1.56335,0.0356948,-1.55784
0.505597,-0.24111,0.028811;-1.57127,-0.093371,-1.58189
0.504875,-0.244055,0.029246;-1.56789,-0.148058,-1.584
0.504299,-0.24462,0.0289648;-1.57836,-0.117916,-1.58288
0.502877,-0.24597,0.0287443;-1.57559,-0.0229473,-1.57388
0.499995,-0.242812,0.0306321;-1.58743,0.103258,-1.54533
0.501179,-0.244532,0.0306526;-1.59212,0.0826754,-1.55266
0.502764,-0.249067,0.0288976;-1.5742,0.00332842,-1.57245
0.500348,-0.252284,0.0289286;-1.57203,-0.174179,-1.57223
0.500398,-0.250525,0.0288148;-1.57035,-0.177739,-1.57264
0.501503,-0.247087,0.0292219;-1.56847,-0.0966441,-1.56662
0.499991,-0.243686,0.0312991;-1.59144,0.054979,-1.537
0.500208,-0.24463,0.0317897;-1.56105,0.0694293,-1.53744
0.50133,-0.248153,0.0286771;-1.57401,0.0209633,-1.57299
0.499205,-0.251816,0.0288051;-1.57134,-0.120138,-1.57635
0.499254,-0.25023,0.0287421;-1.57069,-0.148658,-1.57848
0.499655,-0.24986,0.0286945;-1.57001,-0.102519,-1.57615
0.49927,-0.243105,0.029991;-1.57317,0.0667557,-1.54962
0.499747,-0.24507,0.0303129;-1.55728,0.0855682,-1.55648
0.499879,-0.246815,0.0289177;-1.55984,0.067136,-1.5767
0.498522,-0.249367,0.0289571;-1.5604,-0.0608537,-1.57768
0.49814,-0.247624,0.0289402;-1.57603,-0.115085,-1.58341
0.498173,-0.247232,0.0287817;-1.57161,-0.125068,-1.57981
0.496723,-0.24632,0.029134;-1.57446,-0.0140211,-1.56494
0.497208,-0.24776,0.0296033;-1.56081,0.0330747,-1.5615
0.497983,-0.249282,0.0309602;-1.52482,0.0602992,-1.5711
0.495597,-0.25279,0.0295563;-1.54674,-0.0395394,-1.57216
0.493766,-0.253754,0.0291531;-1.55474,-0.0963606,-1.57319
0.493792,-0.252112,0.0288808;-1.57254,-0.135276,-1.58363
0.493277,-0.251267,0.0290519;-1.57026,-0.00659554,-1.56674
0.492081,-0.249628,0.0291624;-1.57196,0.0643848,-1.56367
0.492419,-0.251032,0.0292868;-1.55925,0.0868439,-1.56896
0.491377,-0.2534,0.0290598;-1.55467,0.0258,-1.5772
0.490084,-0.254567,0.0290299;-1.55589,-0.0321485,-1.57678
0.48948,-0.252148,0.0289444;-1.5754,-0.10263,-1.58415
0.487794,-0.254543,0.0289698;-1.58181,0.0194863,-1.57817
0.486942,-0.254246,0.0291248;-1.57201,0.0933723,-1.56395
0.486683,-0.253702,0.0292741;-1.57228,0.131054,-1.55916
0.486986,-0.255392,0.0288752;-1.56845,0.0630992,-1.58277
0.486411,-0.254973,0.0288492;-1.57072,0.00754259,-1.58381
0.486379,-0.253795,0.0288643;-1.57073,-0.0523436,-1.58478
0.48622,-0.254006,0.0288062;-1.57328,-0.0133084,-1.57919
0.485059,-0.255042,0.0288865;-1.5816,0.0572798,-1.57469
0.483688,-0.253291,0.0290572;-1.574,0.136293,-1.56293
0.483775,-0.255134,0.028998;-1.55903,0.134018,-1.58049
0.483144,-0.255447,0.0290425;-1.56134,0.0710423,-1.58411
0.482271,-0.257019,0.0289644;-1.56413,0.0100182,-1.5826
0.481915,-0.255202,0.0288238;-1.57142,-0.0196515,-1.58225
0.481559,-0.255189,0.0287647;-1.57425,0.0259707,-1.57111
0.481211,-0.255452,0.0292486;-1.57326,0.0737536,-1.56392
0.481643,-0.2585,0.0304509;-1.52898,0.118478,-1.57879
0.480245,-0.259708,0.030776;-1.52211,0.0788467,-1.58
0.478272,-0.261878,0.0306726;-1.52795,0.0110502,-1.57838
0.477983,-0.257226,0.0288876;-1.57128,-0.0452759,-1.58491
0.477279,-0.257798,0.0287296;-1.57391,0.00320194,-1.57495
0.476709,-0.256691,0.0292277;-1.57747,0.0659995,-1.56859
0.478096,-0.259106,0.0308719;-1.5207,0.141799,-1.57985
0.476893,-0.259625,0.0296488;-1.54403,0.107819,-1.58415
0.475971,-0.259806,0.0302476;-1.54574,0.0517805,-1.58615
0.47576,-0.256654,0.0289467;-1.57179,-0.010842,-1.58756
0.475209,-0.257034,0.0287655;-1.57041,0.0465919,-1.57954
0.473614,-0.253434,0.0294979;-1.57009,0.124238,-1.55844
0.470771,-0.254347,0.0310749;-1.54048,0.199304,-1.56185
0.470839,-0.256352,0.028797;-1.57065,0.14369,-1.58121
0.469836,-0.257607,0.0295757;-1.56352,0.0664966,-1.58549
0.468244,-0.257359,0.0296819;-1.56548,-0.0178537,-1.58581
0.468627,-0.256747,0.0296659;-1.54283,0.00414063,-1.57835
0.4703,-0.255068,0.0313378;-1.52299,0.0706745,-1.56957
0.470302,-0.256404,0.0337916;-1.50045,0.179166,-1.55555
0.470649,-0.257814,0.035634;-1.45608,0.1863,-1.5669
0.468934,-0.257392,0.0293027;-1.55617,0.127089,-1.58346
0.466171,-0.25599,0.0299835;-1.55935,0.00135976,-1.58816
0.466383,-0.254426,0.029755;-1.55824,-0.00451531,-1.58589
0.467664,-0.255284,0.0303067;-1.53725,0.063666,-1.57599
0.468656,-0.253159,0.0325121;-1.52731,0.206917,-1.55018
0.468964,-0.256532,0.0348519;-1.46342,0.220205,-1.572
0.468156,-0.252673,0.0289637;-1.57586,0.195271,-1.58666
0.46669,-0.251354,0.0295391;-1.57044,0.0843131,-1.59372
0.467114,-0.250057,0.0298164;-1.57155,0.0680971,-1.59681
0.467302,-0.250246,0.0292099;-1.56898,0.080104,-1.59152
0.46581,-0.255059,0.0293921;-1.56822,0.18726,-1.563
0.465716,-0.258425,0.0318931;-1.51124,0.212483,-1.57906
0.46521,-0.259253,0.0326154;-1.48918,0.205738,-1.58782
0.462047,-0.261674,0.033262;-1.48285,0.0842864,-1.58639
0.461213,-0.260321,0.0336284;-1.48401,0.051136,-1.58779
0.46083,-0.260006,0.0336579;-1.47794,0.036527,-1.58537
0.46083,-0.260006,0.0336579;-1.47794,0.036527,-1.58537
0.460508,-0.261571,0.0331557;-1.49176,0.0787022,-1.57542
0.460508,-0.261571,0.0331557;-1.49176,0.0787022,-1.57542
