0.5,-0.3,0.06;-1.57,-2.98023e-08,-1.57
0.5,-0.3,0.06;-1.57,-2.98023e-08,-1.57
0.5,-0.3,0.06;-1.57,-2.98023e-08,-1.57
0.49823,-0.299305,0.0287527;-1.57075,-0.237568,-1.57902
0.499202,-0.299791,0.0287843;-1.57067,-0.180916,-1.58065
0.501706,-0.297449,0.0291701;-1.56008,-0.0633855,-1.56363
0.502119,-0.286375,0.0297587;-1.58827,0.0327679,-1.5657
0.504878,-0.286338,0.029518;-1.56803,-0.0903203,-1.59454
0.504127,-0.28586,0.0289708;-1.57459,-0.153287,-1.58612
0.504656,-0.28475,0.0287751;-1.57054,-0.210642,-1.58007
0.50691,-0.286461,0.0289415;-1.55847,-0.083777,-1.57463
0.509105,-0.284241,0.0293923;-1.54526,0.00483998,-1.56297
0.51143,-0.273998,0.030851;-1.54297,0.121268,-1.54939
0.512689,-0.271363,0.0288846;-1.56507,0.130468,-1.56265
0.512176,-0.271254,0.028876;-1.57008,0.0472534,-1.58547
0.511894,-0.270514,0.0293267;-1.57224,0.0142834,-1.58841
0.511886,-0.271052,0.0289128;-1.57059,0.0242132,-1.58671
0.513276,-0.271524,0.0286938;-1.56679,0.115522,-1.56989
0.513978,-0.267576,0.0292058;-1.56218,0.172559,-1.55989
0.515806,-0.258385,0.029624;-1.56923,0.26739,-1.55087
0.515292,-0.263068,0.0294397;-1.55955,0.208662,-1.55861
0.513797,-0.267652,0.0291704;-1.54433,0.137564,-1.57179
0.511956,-0.270721,0.0292582;-1.54359,0.050832,-1.57737
0.512197,-0.270531,0.0290938;-1.55694,0.0692705,-1.58235
0.512961,-0.270059,0.0286119;-1.57011,0.105738,-1.57005
0.513899,-0.267127,0.0291102;-1.55849,0.158676,-1.55857
0.514548,-0.266311,0.0286869;-1.56918,0.168984,-1.56759
0.513738,-0.265652,0.0287136;-1.56793,0.0814305,-1.57464
0.51361,-0.264979,0.028714;-1.57063,0.0124935,-1.57721
0.513785,-0.264867,0.0286647;-1.57076,-0.00619758,-1.57479
0.514373,-0.262916,0.0290084;-1.56215,0.0289947,-1.55896
0.515195,-0.25542,0.0296693;-1.56613,0.0962638,-1.5476
0.515954,-0.254146,0.0287046;-1.57094,0.108592,-1.56476
0.515281,-0.254778,0.0287797;-1.57,0.0584408,-1.57978
0.514964,-0.254573,0.0287587;-1.57048,0.00761281,-1.57928
0.515329,-0.255169,0.0287367;-1.57069,-0.0159974,-1.57827
0.51558,-0.254045,0.0286559;-1.56914,0.0213435,-1.56832
0.515892,-0.24973,0.0292763;-1.56361,0.0729346,-1.5571
0.516186,-0.247409,0.0289028;-1.57055,0.100117,-1.55855
0.516948,-0.248648,0.0288398;-1.56367,0.023237,-1.57662
0.516452,-0.249651,0.0287325;-1.5715,-0.0230586,-1.57838
0.515998,-0.250237,0.0287606;-1.56658,-0.0536018,-1.57776
0.51549,-0.250969,0.0286808;-1.57052,0.00401745,-1.57574
0.515328,-0.247589,0.0287534;-1.57342,0.0500435,-1.56503
0.514033,-0.243665,0.0294037;-1.57482,0.111107,-1.55695
0.515166,-0.247485,0.0288379;-1.56763,0.0431097,-1.58011
0.514431,-0.250192,0.0288755;-1.57332,0.00995933,-1.58222
0.514975,-0.251269,0.0288989;-1.57517,-0.0536522,-1.58187
0.513411,-0.254527,0.0288519;-1.57371,0.0150574,-1.58065
0.512247,-0.254452,0.0287141;-1.57514,0.10581,-1.57233
0.511055,-0.249449,0.0290444;-1.57718,0.172179,-1.56527
0.514406,-0.249146,0.0289463;-1.5734,0.078305,-1.58412
0.514693,-0.25003,0.028856;-1.5711,0.00515076,-1.58407
0.516726,-0.24841,0.0288934;-1.57671,-0.110272,-1.58052
0.515349,-0.25054,0.0289617;-1.57938,-0.0444793,-1.58079
0.5142,-0.249045,0.0288069;-1.57909,0.04028,-1.573
0.512032,-0.245107,0.0289239;-1.58219,0.129197,-1.56652
0.513963,-0.244183,0.0289828;-1.58147,0.118797,-1.57812
0.515289,-0.24315,0.0290412;-1.57126,0.0515816,-1.58643
0.516567,-0.244818,0.0295083;-1.58045,-0.0205715,-1.5882
0.517685,-0.244984,0.0295939;-1.58024,-0.0681285,-1.59043
0.516374,-0.245312,0.0291592;-1.59298,-0.0207361,-1.57704
0.514245,-0.244178,0.0289558;-1.58662,0.0593334,-1.57215
0.513173,-0.240934,0.0289155;-1.58646,0.135157,-1.56945
0.514507,-0.241503,0.0287484;-1.57099,0.0590892,-1.57911
0.513971,-0.241772,0.0288133;-1.57078,0.00351555,-1.58207
0.514228,-0.2436,0.0295506;-1.57218,-0.142851,-1.59108
0.514799,-0.243322,0.0295901;-1.56991,-0.136734,-1.59285
0.514711,-0.239885,0.0307385;-1.56565,-0.0921127,-1.59406
0.511938,-0.232885,0.0298513;-1.58676,0.0329718,-1.5515
0.513545,-0.233401,0.0290944;-1.58422,0.0239452,-1.56895
0.514292,-0.234151,0.0286239;-1.57077,-0.00691571,-1.57309
0.514128,-0.242844,0.0288946;-1.56753,-0.127786,-1.5832
0.514065,-0.243215,0.0288837;-1.5709,-0.136665,-1.5855
0.514053,-0.242728,0.0289397;-1.57689,-0.130852,-1.58253
0.508461,-0.233273,0.0308647;-1.61382,0.0395884,-1.55687
0.508651,-0.235002,0.0302691;-1.6112,0.0481079,-1.56834
0.509694,-0.237811,0.0289099;-1.58243,0.0229854,-1.57492
0.509046,-0.242578,0.0287521;-1.5716,-0.073954,-1.57975
0.50892,-0.242446,0.0287269;-1.57078,-0.103458,-1.5777
0.50915,-0.241747,0.0285928;-1.57135,-0.111866,-1.57177
0.506451,-0.234286,0.0300721;-1.57775,0.0212763,-1.54389
0.506522,-0.234271,0.0298556;-1.57833,0.0361786,-1.54726
0.507512,-0.237823,0.0286533;-1.57105,-0.0178667,-1.56732
0.505559,-0.249212,0.0289739;-1.57401,-0.081444,-1.57917
0.505279,-0.249075,0.0286228;-1.57076,-0.101505,-1.5728
0.505378,-0.248686,0.0285822;-1.57097,-0.115544,-1.57061
0.503606,-0.23968,0.0303129;-1.576,-0.00149706,-1.54148
0.503503,-0.236126,0.0308745;-1.5802,0.0425296,-1.53535
0.503675,-0.235717,0.0295015;-1.57283,0.0469625,-1.55341
0.502696,-0.240641,0.0286533;-1.57096,-0.0431446,-1.56721
0.502398,-0.242079,0.0285942;-1.57094,-0.0776283,-1.57134
0.502188,-0.242374,0.0289461;-1.58247,-0.0899915,-1.57779
0.502085,-0.238673,0.0302285;-1.56743,-0.0535322,-1.54674
0.502408,-0.235579,0.0314695;-1.54417,-0.0117678,-1.54455
0.502392,-0.235094,0.0316278;-1.5474,-0.00484871,-1.54155
0.502351,-0.239333,0.0290247;-1.55987,-0.0606748,-1.56936
0.501144,-0.245632,0.0289057;-1.57664,-0.14,-1.56868
0.501337,-0.244022,0.0289986;-1.57177,-0.128706,-1.56866
0.501089,-0.240937,0.0310968;-1.53982,-0.0897365,-1.55575
0.498778,-0.235496,0.0331021;-1.54656,-0.0144447,-1.54025
0.500415,-0.236354,0.0337088;-1.54254,-0.0255284,-1.53566
0.501843,-0.239702,0.0289308;-1.58059,-0.0728757,-1.56418
0.500954,-0.25112,0.0289784;-1.57745,-0.175834,-1.57013
0.50068,-0.251342,0.02896;-1.57792,-0.14351,-1.57039
0.501811,-0.244723,0.0297654;-1.57386,-0.0843102,-1.55457
0.498477,-0.23246,0.0320182;-1.5949,0.0255079,-1.52591
0.500375,-0.232292,0.0320479;-1.59196,0.0157683,-1.53207
0.502016,-0.236082,0.0295556;-1.59226,-0.0322408,-1.57009
0.501113,-0.247661,0.0290183;-1.57991,-0.122181,-1.57066
0.50049,-0.249269,0.0286687;-1.57141,-0.110255,-1.56625
0.501294,-0.246338,0.0293645;-1.56986,-0.0694256,-1.55402
0.501276,-0.235369,0.0320426;-1.57998,0.0607713,-1.51781
0.501795,-0.235319,0.0319618;-1.57343,0.0623373,-1.51989
0.501651,-0.236181,0.030119;-1.57489,0.0630832,-1.54187
0.500541,-0.24458,0.028922;-1.578,-0.0151174,-1.57105
0.498032,-0.25176,0.0288429;-1.5763,-0.0393764,-1.57081
0.497791,-0.252038,0.0286856;-1.5707,-0.023645,-1.56589
0.498081,-0.244598,0.0308889;-1.58019,0.0817272,-1.5335
0.497739,-0.240171,0.0313128;-1.58168,0.121481,-1.52771
0.498222,-0.24043,0.0310604;-1.56194,0.127213,-1.5372
0.497638,-0.243115,0.0287339;-1.56757,0.0428433,-1.56672
0.496787,-0.246411,0.0286364;-1.57134,-0.0304711,-1.56796
0.496642,-0.247575,0.0286648;-1.57459,-0.0692059,-1.5714
0.49658,-0.244881,0.0295598;-1.57298,0.00168061,-1.55273
0.496513,-0.239838,0.031101;-1.58346,0.0620198,-1.5329
0.49716,-0.237048,0.0312629;-1.576,0.086045,-1.5314
0.498952,-0.239876,0.0288502;-1.56487,0.00852619,-1.57314
0.498877,-0.242794,0.0286639;-1.57485,-0.0524657,-1.57115
0.49821,-0.24618,0.0287549;-1.57937,-0.0937552,-1.57134
0.497643,-0.24498,0.0287769;-1.57624,-0.0749328,-1.5669
0.497261,-0.238272,0.0302415;-1.58641,-0.000537127,-1.54838
0.496163,-0.233654,0.0310929;-1.59249,0.042409,-1.53897
0.497892,-0.236221,0.0288201;-1.57951,-0.00223264,-1.57381
0.497215,-0.240415,0.0288062;-1.57829,-0.0459583,-1.57457
0.496476,-0.243018,0.0288552;-1.57976,-0.0824097,-1.57589
0.496284,-0.243603,0.0290267;-1.58999,-0.0710546,-1.57472
0.496351,-0.242075,0.0290396;-1.58416,-0.0458424,-1.56295
0.495179,-0.237697,0.0300936;-1.59247,-0.0125897,-1.55412
0.495046,-0.235479,0.0288173;-1.58224,0.0187754,-1.57098
0.494493,-0.239485,0.0287109;-1.56909,-0.0157693,-1.57525
0.493546,-0.242187,0.0288108;-1.57669,-0.032544,-1.57624
0.491744,-0.247046,0.0288107;-1.57746,-0.0248205,-1.57513
0.491837,-0.246597,0.0288032;-1.57632,-0.00822887,-1.5657
0.492005,-0.243558,0.0298268;-1.58185,0.0140523,-1.55124
0.491121,-0.240701,0.0288282;-1.58088,0.0589555,-1.56858
0.490782,-0.241972,0.0286055;-1.5694,0.0525299,-1.57117
0.490535,-0.243216,0.0286444;-1.57083,0.036686,-1.57386
0.489682,-0.246801,0.0285857;-1.57069,-0.00254041,-1.57044
0.489829,-0.246628,0.0287274;-1.57095,-9.7096e-05,-1.5636
0.489887,-0.243981,0.0297217;-1.57193,0.0155744,-1.54736
0.490305,-0.241645,0.0301318;-1.55613,0.0400985,-1.54802
0.49008,-0.241116,0.0287104;-1.57056,0.0428846,-1.57695
0.489777,-0.241883,0.0285894;-1.57048,0.0185707,-1.57058
0.488555,-0.244051,0.0285799;-1.57067,-0.0490696,-1.57073
0.488458,-0.244097,0.0286442;-1.57082,-0.0373671,-1.56771
0.488591,-0.242836,0.0289836;-1.56944,-0.0187429,-1.55804
0.48914,-0.237771,0.0298747;-1.56914,0.0263893,-1.54674
0.489413,-0.237955,0.0287286;-1.56977,0.0145122,-1.56455
0.488548,-0.239492,0.0288375;-1.55833,-0.036147,-1.57033
0.487546,-0.24156,0.0287107;-1.57077,-0.0872316,-1.57699
0.48737,-0.242329,0.0286267;-1.57092,-0.0645256,-1.57279
0.487468,-0.240941,0.0288805;-1.56976,-0.0128328,-1.55975
0.48765,-0.237525,0.0300341;-1.57724,0.0268305,-1.54507
0.489276,-0.239026,0.0294105;-1.5724,0.00190887,-1.55425
0.489011,-0.241767,0.0286122;-1.56917,-0.0821358,-1.57094
0.487166,-0.244856,0.0287635;-1.5636,-0.158499,-1.57139
0.487012,-0.244986,0.0286335;-1.57078,-0.135587,-1.5733
0.487532,-0.242593,0.029211;-1.56837,-0.0273009,-1.56024
0.484269,-0.236784,0.0309928;-1.588,0.0750611,-1.53601
0.485633,-0.234801,0.0316963;-1.57644,0.0485339,-1.53747
0.48772,-0.236029,0.0286416;-1.57337,-0.0212754,-1.57259
0.487919,-0.241879,0.0287123;-1.57398,-0.11575,-1.57438
0.487461,-0.243736,0.0287184;-1.56909,-0.0917651,-1.57655
0.488259,-0.243672,0.0287763;-1.56652,-0.0390509,-1.56507
0.485754,-0.23971,0.0311449;-1.59072,0.0734768,-1.53752
0.486037,-0.23742,0.0315881;-1.5862,0.0941276,-1.5352
0.487162,-0.239499,0.0300306;-1.58236,0.0721101,-1.55801
0.488727,-0.24162,0.0286654;-1.56904,-0.0546663,-1.573
0.487184,-0.245267,0.0287759;-1.56509,-0.0773761,-1.57382
0.486989,-0.245188,0.028762;-1.56878,-0.0790849,-1.5636
0.486989,-0.245188,0.028762;-1.56878,-0.0790849,-1.5636
0.486882,-0.243641,0.0306932;-1.58025,-0.0106525,-1.54058
0.486882,-0.243641,0.0306932;-1.58025,-0.0106525,-1.54058
