0.5,-0.3,0.06;-1.57,-2.98023e-08,-1.57
0.5,-0.3,0.06;-1.57,-2.98023e-08,-1.57
0.5,-0.3,0.06;-1.57,-2.98023e-08,-1.57
0.500213,-0.297663,0.028975;-1.57582,-0.202557,-1.58555
0.500172,-0.297363,0.0288052;-1.5725,-0.172088,-1.58001
0.499795,-0.297372,0.0286933;-1.57204,-0.101302,-1.57347
0.499831,-0.292321,0.0289506;-1.57047,-0.0166555,-1.56725
0.502053,-0.291188,0.0289439;-1.5726,-0.146446,-1.58622
0.502901,-0.289086,0.029049;-1.58315,-0.215115,-1.58377
0.504294,-0.286405,0.0290477;-1.58635,-0.309235,-1.58323
0.503586,-0.287216,0.0287455;-1.5707,-0.24408,-1.5785
0.503647,-0.287172,0.028679;-1.57171,-0.13917,-1.57258
0.503575,-0.278929,0.0295401;-1.5705,-0.000709534,-1.55709
0.504236,-0.278285,0.0286554;-1.57265,0.0128947,-1.56903
0.504888,-0.277896,0.0288204;-1.57077,-0.0594093,-1.58271
0.505059,-0.277205,0.0289267;-1.5757,-0.100178,-1.58308
0.506203,-0.274668,0.0288522;-1.57052,-0.142015,-1.58393
0.505143,-0.275026,0.0286961;-1.5734,-0.0703012,-1.57382
0.503743,-0.269189,0.0292708;-1.57019,0.0184868,-1.56048
0.501358,-0.263314,0.0297951;-1.58208,0.115258,-1.5548
0.503416,-0.267546,0.0287329;-1.57495,0.0398848,-1.57543
0.50402,-0.266915,0.0289637;-1.57155,-0.0298499,-1.58854
0.504952,-0.26546,0.0289088;-1.57561,-0.126738,-1.58373
0.504288,-0.266744,0.0287338;-1.57074,-0.0439088,-1.57812
0.504744,-0.26284,0.029041;-1.56543,0.0629131,-1.56359
0.503495,-0.257386,0.0293126;-1.57209,0.168159,-1.55973
0.502859,-0.26407,0.0288394;-1.56121,0.16372,-1.5751
0.500613,-0.269471,0.0289721;-1.55862,0.0629626,-1.57799
0.499162,-0.269809,0.0290664;-1.55362,-0.00844006,-1.5766
0.499137,-0.268761,0.0288367;-1.57097,-0.0192827,-1.58335
0.498257,-0.270443,0.0290299;-1.56675,0.176751,-1.56694
0.497748,-0.267377,0.029243;-1.56446,0.262757,-1.56258
0.497268,-0.270423,0.0288704;-1.56392,0.261886,-1.5681
0.495134,-0.277827,0.0292579;-1.55127,0.218842,-1.58242
0.492668,-0.285011,0.0291573;-1.55681,0.132165,-1.58624
0.492543,-0.284331,0.0298787;-1.55381,0.101587,-1.589
0.494402,-0.283064,0.0293665;-1.56644,0.208427,-1.58356
0.494691,-0.279699,0.02907;-1.5732,0.290253,-1.56914
0.494628,-0.278589,0.0293235;-1.56541,0.32402,-1.57169
0.492351,-0.284597,0.0305219;-1.53259,0.286141,-1.59448
0.491237,-0.286931,0.030174;-1.54178,0.224435,-1.58989
0.489931,-0.289754,0.0299777;-1.54121,0.144591,-1.58507
0.492631,-0.287689,0.0291428;-1.55189,0.191939,-1.58288
0.495837,-0.28197,0.0296989;-1.55709,0.294005,-1.55839
0.496365,-0.27309,0.0307306;-1.56743,0.39616,-1.53467
0.492821,-0.285245,0.0316118;-1.52342,0.293037,-1.56115
0.488094,-0.289053,0.0291802;-1.55122,0.207709,-1.57642
0.485372,-0.290977,0.0290038;-1.55517,0.135663,-1.57344
0.487909,-0.285621,0.0303745;-1.52727,0.155031,-1.57317
0.491095,-0.279942,0.0314771;-1.5323,0.242924,-1.55329
0.492927,-0.26914,0.0333522;-1.53522,0.338088,-1.5283
0.489556,-0.276604,0.030523;-1.53877,0.227836,-1.56308
0.486726,-0.278526,0.0290576;-1.55083,0.148412,-1.57277
0.484021,-0.282078,0.0290025;-1.55653,0.0910437,-1.57181
0.485324,-0.277241,0.0294507;-1.54197,0.0797004,-1.57104
0.48748,-0.269614,0.0294854;-1.55314,0.127965,-1.56257
0.489106,-0.260492,0.030824;-1.56041,0.214485,-1.54161
0.489588,-0.262557,0.0290105;-1.55832,0.164906,-1.5644
0.48826,-0.262252,0.0287871;-1.57045,0.0789353,-1.58048
0.48764,-0.261566,0.0287373;-1.57059,0.0112966,-1.57833
0.487906,-0.260082,0.028727;-1.57071,-0.0222554,-1.57779
0.488495,-0.257949,0.0287678;-1.56501,-0.0160394,-1.56727
0.48888,-0.255143,0.0291;-1.5598,0.00619025,-1.55608
0.489886,-0.251919,0.0291057;-1.55844,0.0547107,-1.5585
0.489521,-0.252773,0.0286742;-1.57033,0.00441055,-1.57533
0.48915,-0.252927,0.0288262;-1.57058,-0.0221855,-1.58256
0.488831,-0.253845,0.0288414;-1.57065,-0.0480283,-1.58319
0.489,-0.253324,0.0286657;-1.57066,-0.0400343,-1.57487
0.489429,-0.250757,0.0286352;-1.57056,-0.0234233,-1.5684
0.489262,-0.246546,0.0290098;-1.5624,0.0398361,-1.55817
0.490093,-0.248306,0.0289085;-1.55942,0.0209876,-1.56659
0.489607,-0.249603,0.0290022;-1.55421,0.000722945,-1.57435
0.487768,-0.252225,0.0287014;-1.56983,-0.0821488,-1.57553
0.487762,-0.251884,0.0287424;-1.57073,-0.0834325,-1.5785
0.48826,-0.251277,0.0286512;-1.56888,-0.048982,-1.57254
0.488412,-0.246865,0.0291973;-1.56484,0.0411087,-1.5575
0.489028,-0.248734,0.028978;-1.55939,0.026209,-1.5633
0.488077,-0.251135,0.029;-1.552,0.00565863,-1.56924
0.483248,-0.26243,0.029042;-1.55825,-0.0217315,-1.57986
0.483544,-0.262722,0.0292139;-1.57054,-0.00830833,-1.58851
0.483951,-0.262493,0.0289348;-1.56765,0.0101879,-1.5849
0.484343,-0.255533,0.0291014;-1.58124,0.0547358,-1.57358
0.485703,-0.259466,0.0291581;-1.58483,0.0459515,-1.58357
0.486748,-0.259667,0.0294581;-1.57218,0.0203604,-1.59152
0.481351,-0.272386,0.0301576;-1.57251,0.0492398,-1.59939
0.481229,-0.274056,0.0300821;-1.56519,0.07597,-1.59794
0.482087,-0.274116,0.0294784;-1.56424,0.109915,-1.59016
0.483365,-0.259888,0.0290854;-1.57358,0.12644,-1.5657
0.48449,-0.25974,0.0288184;-1.56493,0.0800798,-1.56563
0.484424,-0.260227,0.0288535;-1.563,0.0698369,-1.57645
0.483526,-0.261996,0.0288708;-1.56528,0.0421846,-1.57946
0.483813,-0.263883,0.0291246;-1.5512,0.0695662,-1.5786
0.483893,-0.263922,0.0286824;-1.57061,0.0767855,-1.57572
0.48503,-0.261553,0.0292026;-1.56267,0.141255,-1.56067
0.485817,-0.260908,0.0290254;-1.55857,0.142254,-1.56504
0.485908,-0.260668,0.0290063;-1.55403,0.142423,-1.56655
0.48361,-0.264559,0.0293805;-1.54117,0.10109,-1.57519
0.480443,-0.268195,0.0290929;-1.54748,0.0228875,-1.57235
0.480958,-0.267968,0.0287393;-1.56933,0.0564747,-1.57706
0.481709,-0.267602,0.0286669;-1.56651,0.0857734,-1.57088
0.482181,-0.261685,0.028965;-1.56091,0.127698,-1.56007
0.482753,-0.263152,0.0289514;-1.55636,0.0876223,-1.56692
0.48127,-0.263621,0.0290354;-1.5555,0.0142259,-1.57738
0.479062,-0.264233,0.0288667;-1.56185,-0.0603509,-1.57505
0.480421,-0.265016,0.0288612;-1.56239,0.00242236,-1.5757
0.481719,-0.265104,0.0288099;-1.55941,0.0625003,-1.57097
0.481718,-0.253318,0.0302604;-1.56864,0.154169,-1.54466
0.483264,-0.253026,0.030824;-1.56184,0.110722,-1.54384
0.4835,-0.256121,0.0287096;-1.5658,0.0351336,-1.5689
0.480476,-0.261065,0.0287407;-1.56327,-0.0411496,-1.57013
0.480977,-0.261616,0.0289628;-1.5562,-0.00917319,-1.57424
0.481997,-0.261519,0.0288458;-1.55798,0.045735,-1.57095
0.484137,-0.249442,0.0306816;-1.57097,0.168958,-1.53765
0.485207,-0.249093,0.0308534;-1.56691,0.150658,-1.53874
0.485507,-0.252017,0.0288122;-1.56367,0.0921606,-1.56753
0.483099,-0.253011,0.0288788;-1.5601,-0.0182497,-1.5742
0.482386,-0.253689,0.0288548;-1.56113,-0.050917,-1.57382
0.483042,-0.254204,0.0286704;-1.56878,-0.0198477,-1.57303
0.484746,-0.248874,0.02936;-1.56563,0.0902109,-1.55744
0.485459,-0.247011,0.0295084;-1.56783,0.109169,-1.55484
0.486089,-0.248953,0.0287028;-1.56798,0.0689113,-1.56787
0.4845,-0.249147,0.0289597;-1.56556,-0.0282312,-1.58369
0.483574,-0.252325,0.0289489;-1.56813,-0.0311362,-1.58569
0.483284,-0.253152,0.0289433;-1.56935,-0.0388176,-1.58691
0.482249,-0.256896,0.0287848;-1.57673,0.0800311,-1.57427
0.482195,-0.253943,0.0291475;-1.58376,0.103155,-1.57452
0.484232,-0.25042,0.0291512;-1.57613,0.100625,-1.578
0.485471,-0.251842,0.0303212;-1.56381,0.0272141,-1.60241
0.482827,-0.259598,0.0304607;-1.56516,0.0247376,-1.60451
0.481687,-0.260789,0.0300576;-1.56907,-0.0163684,-1.59988
0.482538,-0.26219,0.0293676;-1.56646,0.0837415,-1.58278
0.482113,-0.257617,0.0299221;-1.5572,0.141294,-1.56718
0.481906,-0.249967,0.0300681;-1.56854,0.163984,-1.55898
0.484589,-0.248424,0.0288805;-1.56897,0.0344944,-1.58406
0.483512,-0.249482,0.0288585;-1.56729,-0.021474,-1.58045
0.482112,-0.251813,0.0289203;-1.56342,-0.058302,-1.57917
0.483355,-0.252956,0.0287871;-1.56022,0.0209124,-1.5702
0.484454,-0.248528,0.0294479;-1.56055,0.085016,-1.55914
0.483459,-0.243361,0.0306981;-1.56851,0.154332,-1.53948
0.484666,-0.245231,0.028729;-1.56412,0.0323532,-1.57166
0.483128,-0.244617,0.0289402;-1.55906,-0.0494275,-1.57561
0.482089,-0.243988,0.028769;-1.56815,-0.095572,-1.57713
0.481639,-0.244504,0.0286582;-1.56946,-0.0219121,-1.5733
0.480805,-0.243365,0.0285836;-1.57033,0.00414098,-1.57061
0.47919,-0.242255,0.0287692;-1.57998,0.0450748,-1.57058
0.479428,-0.242939,0.0286388;-1.56923,-0.0342299,-1.57201
0.478278,-0.242862,0.0288844;-1.56207,-0.0962631,-1.57573
0.477834,-0.242652,0.028703;-1.57037,-0.126907,-1.57629
0.478121,-0.24363,0.0287435;-1.56995,-0.0706658,-1.57773
0.478505,-0.243562,0.0287297;-1.56539,-0.0347026,-1.56747
0.478299,-0.242465,0.0290123;-1.56954,-0.012772,-1.56061
0.478586,-0.242417,0.0287227;-1.56588,-0.0156989,-1.56827
0.477709,-0.242524,0.0286974;-1.5705,-0.0871199,-1.5763
0.477307,-0.242529,0.0286819;-1.57036,-0.118728,-1.57555
0.477333,-0.243802,0.0287435;-1.57056,-0.0870049,-1.57851
0.477997,-0.244719,0.0286322;-1.57059,-0.0266039,-1.57328
0.478166,-0.24478,0.0286389;-1.57125,0.00519248,-1.5678
0.478341,-0.243517,0.0289555;-1.56559,0.0479781,-1.56417
0.478097,-0.244759,0.0286745;-1.56693,0.00378651,-1.57167
0.477183,-0.24438,0.028816;-1.56381,-0.0434541,-1.57485
0.476458,-0.246559,0.0288685;-1.56417,-0.0586858,-1.57754
0.476836,-0.248579,0.0288477;-1.56207,0.00298334,-1.57491
0.477038,-0.249056,0.0286548;-1.56701,0.0517881,-1.57068
0.475387,-0.247272,0.0287151;-1.57751,0.109956,-1.57026
0.475691,-0.249131,0.0287325;-1.56598,0.0824965,-1.56867
0.474898,-0.250051,0.0289792;-1.55493,0.0356599,-1.57518
0.473801,-0.253335,0.0289313;-1.55975,0.0168868,-1.57666
0.474272,-0.255239,0.0289908;-1.55921,0.0727983,-1.57979
0.473498,-0.255422,0.0287564;-1.57082,0.118468,-1.5793
0.470936,-0.254723,0.0288919;-1.58222,0.197921,-1.57279
0.471239,-0.255879,0.0287079;-1.57394,0.190393,-1.57365
0.470734,-0.257173,0.0290973;-1.55825,0.164552,-1.58513
0.469312,-0.260141,0.0290773;-1.56266,0.113178,-1.58737
0.468863,-0.262156,0.0291312;-1.55993,0.12842,-1.58765
0.468742,-0.262898,0.0292969;-1.55023,0.162385,-1.58816
0.466001,-0.259806,0.0288674;-1.57222,0.243274,-1.56718
0.466459,-0.260503,0.0290669;-1.56132,0.243026,-1.56899
0.465495,-0.26276,0.0296264;-1.54042,0.215499,-1.57908
0.463543,-0.265542,0.0291186;-1.54719,0.161907,-1.57687
0.462613,-0.267481,0.0292016;-1.54503,0.139315,-1.57634
0.46364,-0.267484,0.0288668;-1.55818,0.171565,-1.57408
0.46364,-0.267484,0.0288668;-1.55818,0.171565,-1.57408
0.463374,-0.266792,0.0286303;-1.56871,0.205712,-1.57156
0.463374,-0.266792,0.0286303;-1.56871,0.205712,-1.57156
