-0.125,0.125,0.06;-1.57,-2.98023e-08,-1.57
-0.125,0.125,0.06;-1.57,-2.98023e-08,-1.57
-0.125,0.125,0.06;-1.57,-2.98023e-08,-1.57
-0.125687,0.121562,0.0286444;-1.57046,-0.162646,-1.57417
-0.125488,0.121574,0.0288848;-1.5694,-0.114261,-1.58487
-0.123813,0.132954,0.0324762;-1.51025,-0.0445865,-1.57205
-0.123774,0.162825,0.0361139;-1.71029,0.0333255,-1.57561
-0.122711,0.154924,0.0288639;-1.57112,-0.0330978,-1.58534
-0.122857,0.154349,0.0286176;-1.57088,-0.0324131,-1.57272
-0.123125,0.154485,0.0287363;-1.5783,-0.0130643,-1.57093
-0.123338,0.154466,0.0290311;-1.56631,0.0596005,-1.5888
-0.118648,0.164903,0.0329884;-1.50962,0.139766,-1.59368
-0.113289,0.187071,0.0401656;-1.57154,0.239383,-1.57218
-0.109857,0.19363,0.0330874;-1.65592,0.202784,-1.56094
-0.111455,0.183754,0.0289467;-1.5654,0.138487,-1.5868
-0.111626,0.183244,0.0287406;-1.57468,0.122186,-1.57477
-0.112285,0.182873,0.0289362;-1.57036,0.177427,-1.58797
-0.107925,0.190549,0.0312657;-1.53718,0.245912,-1.59292
-0.100739,0.214401,0.0377912;-1.61551,0.347706,-1.56114
-0.098083,0.22873,0.0375996;-1.7484,0.360092,-1.5194
-0.0972894,0.225816,0.0343117;-1.68769,0.322506,-1.54382
-0.100283,0.218877,0.0288971;-1.57061,0.298566,-1.58728
-0.100876,0.217557,0.0288551;-1.57499,0.303924,-1.57856
-0.100557,0.217408,0.0290627;-1.56619,0.351119,-1.59041
-0.0918999,0.229774,0.0332368;-1.50298,0.430966,-1.61129
-0.0825138,0.250223,0.036312;-1.66945,0.497882,-1.52984
-0.0798774,0.251284,0.0330566;-1.6678,0.458359,-1.53607
-0.0835672,0.245875,0.0286348;-1.57185,0.434073,-1.5727
-0.0839439,0.246049,0.0287852;-1.58072,0.465754,-1.56741
-0.0845711,0.245989,0.0288853;-1.57073,0.507091,-1.58539
-0.0653425,0.264564,0.0365152;-1.50532,0.653174,-1.61687
-0.0539163,0.283024,0.0410133;-1.68695,0.723058,-1.4976
-0.0499925,0.286014,0.0367878;-1.7719,0.677882,-1.45348
-0.0598166,0.275418,0.0287706;-1.57071,0.623082,-1.58028
-0.0603798,0.27507,0.0286585;-1.57472,0.632303,-1.5696
-0.0611806,0.275105,0.0287511;-1.57721,0.687054,-1.56988
-0.0505146,0.281057,0.0327654;-1.49088,0.787398,-1.64178
-0.0316346,0.29794,0.0396231;-1.63382,0.889183,-1.52411
-0.0199587,0.309252,0.036917;-1.83728,0.897667,-1.37258
-0.0293297,0.300861,0.0288911;-1.56837,0.841492,-1.58876
-0.0298379,0.300488,0.02871;-1.5738,0.836423,-1.57257
-0.0302476,0.300497,0.0287165;-1.57951,0.857646,-1.56509
-0.0274847,0.300966,0.0299674;-1.54594,0.942576,-1.60764
-0.00924506,0.309418,0.0359966;-1.44068,1.03926,-1.6898
0.00957885,0.321582,0.042003;-1.75242,1.11081,-1.412
0.00558836,0.317353,0.0298723;-1.61424,1.03495,-1.54692
0.00314445,0.316571,0.0287834;-1.57218,1.01524,-1.5787
0.00260602,0.316508,0.0286956;-1.58078,1.02443,-1.56329
0.00275551,0.316845,0.0291136;-1.55704,1.11831,-1.60081
0.0182915,0.32099,0.0335574;-1.4061,1.20153,-1.73565
0.0408251,0.330848,0.0400515;-1.89885,1.27911,-1.26363
0.0412104,0.330027,0.030427;-1.67434,1.23166,-1.48677
0.0380522,0.329686,0.0288091;-1.57157,1.20935,-1.581
0.037571,0.329642,0.0286506;-1.58004,1.2152,-1.56351
0.0373226,0.330326,0.0291339;-1.55239,1.30582,-1.60604
0.0514977,0.331775,0.0330341;-1.2901,1.38245,-1.85897
0.0742602,0.337204,0.0402135;-2.34114,1.44557,-0.812808
0.0764064,0.336215,0.0314091;-1.94619,1.41555,-1.20756
0.0717118,0.335977,0.0289299;-1.57737,1.39781,-1.57965
0.0710087,0.33589,0.0286424;-1.57272,1.39626,-1.5719
0.0706323,0.33665,0.0289472;-1.55722,1.46222,-1.60141
0.0805657,0.334936,0.0321147;-0.776444,1.50688,-2.37844
0.104881,0.334762,0.0390676;2.23866,1.50154,0.900205
0.117043,0.335038,0.03513;2.66561,1.433,0.470178
0.112656,0.334211,0.0306194;2.52353,1.5245,0.606634
0.110018,0.33454,0.0287878;1.55362,1.5664,1.57748
0.10922,0.334927,0.0288993;1.88412,1.55799,1.24569
0.109508,0.334295,0.0291974;1.44088,1.50932,1.68233
0.125934,0.328862,0.0342767;1.12971,1.40221,1.99486
0.162386,0.326252,0.0383332;2.17124,1.25517,0.979025
0.161495,0.324569,0.0358846;2.11293,1.30908,1.03055
0.153451,0.326846,0.0288264;1.52895,1.36687,1.59697
0.152492,0.327927,0.0286961;1.59031,1.36364,1.55013
0.15233,0.328831,0.0288687;1.56797,1.29218,1.55954
0.15656,0.325249,0.0304002;1.50427,1.24495,1.6186
0.200608,0.307898,0.0413711;1.83304,1.04775,1.3305
0.206748,0.303572,0.0381906;1.9508,1.07188,1.21879
0.199371,0.305937,0.0319748;1.71916,1.13004,1.42411
0.19397,0.310001,0.0286372;1.57347,1.14539,1.56675
0.193815,0.311257,0.0288408;1.5709,1.0712,1.55824
0.195591,0.309147,0.0294607;1.55453,1.04082,1.56753
0.232523,0.284879,0.0399051;1.77998,0.846024,1.39703
0.238686,0.278083,0.0385161;1.85556,0.876551,1.33232
0.23226,0.282988,0.0318318;1.67705,0.917859,1.47071
0.228694,0.287654,0.0286594;1.57518,0.937057,1.56551
0.228621,0.288802,0.0288146;1.57044,0.859804,1.55966
0.229631,0.286982,0.029368;1.56564,0.843583,1.55706
0.258222,0.256907,0.0401287;1.74962,0.661079,1.44622
0.263493,0.249398,0.0388878;1.82028,0.689863,1.39308
0.25902,0.25468,0.0319641;1.65465,0.714387,1.50459
0.256594,0.258418,0.0286351;1.57088,0.741357,1.56824
0.256704,0.259324,0.0288312;1.57059,0.681127,1.55904
0.256811,0.258987,0.0290063;1.56569,0.668763,1.55686
0.272244,0.229338,0.0407251;1.62205,0.506077,1.54281
0.280287,0.216209,0.0368999;1.75696,0.488477,1.46944
0.278618,0.2193,0.0337285;1.68292,0.492565,1.50865
0.27518,0.224045,0.0287304;1.57071,0.547457,1.56366
0.275433,0.224901,0.0287829;1.58006,0.496756,1.5648
0.27552,0.225081,0.0289325;1.56846,0.467214,1.55607
0.275916,0.217377,0.0313463;1.53333,0.405517,1.56981
0.29041,0.175332,0.0399035;1.67966,0.237199,1.53862
0.289591,0.171013,0.0357722;1.71427,0.278404,1.52073
0.28698,0.182057,0.0288947;1.56563,0.314198,1.55755
0.28707,0.183324,0.0286124;1.57195,0.311159,1.5694
0.287859,0.184268,0.0288412;1.57221,0.242665,1.55959
0.287135,0.181645,0.0294533;1.56042,0.215133,1.55601
0.291309,0.13842,0.0410012;1.67059,0.0330706,1.55972
0.290651,0.129926,0.0372013;1.73388,0.064538,1.54746
0.289804,0.138121,0.0307342;1.60767,0.100087,1.55189
0.290393,0.143093,0.0286492;1.57242,0.112912,1.56895
0.290963,0.143568,0.0287476;1.57015,0.0534886,1.56248
0.290348,0.142332,0.0292968;1.56374,0.0208233,1.55264
0.286308,0.0998471,0.0400633;1.67994,-0.162359,1.57868
0.285051,0.0873025,0.0372691;1.73786,-0.154089,1.58338
0.286078,0.093885,0.0306773;1.60873,-0.134265,1.56156
0.286849,0.0967743,0.0286341;1.57139,-0.114605,1.56887
0.287637,0.0975526,0.0287061;1.57286,-0.166765,1.56726
0.287456,0.0974433,0.0290382;1.56589,-0.201657,1.55158
0.272501,0.0616079,0.0402383;1.62137,-0.378675,1.58641
0.268354,0.0443016,0.0369178;1.75056,-0.408695,1.62962
0.268632,0.0468765,0.0339002;1.67646,-0.392443,1.59855
0.270762,0.0523317,0.0286797;1.57081,-0.350601,1.56621
0.27109,0.0526718,0.0286219;1.57143,-0.375699,1.56902
0.271928,0.0530455,0.0288876;1.57152,-0.415019,1.55725
0.256379,0.0359163,0.0362458;1.48667,-0.550299,1.51867
0.245469,0.0160851,0.0422344;1.66462,-0.630919,1.62376
0.239255,0.00588019,0.0362457;1.75304,-0.637767,1.67018
0.243342,0.0121876,0.0288105;1.57094,-0.589845,1.55984
0.243733,0.0125281,0.0286275;1.57163,-0.593535,1.5693
0.244418,0.0125631,0.0287899;1.57953,-0.640114,1.5722
0.234218,0.00616263,0.0323613;1.50269,-0.75234,1.50983
0.215914,-0.0111845,0.0389754;1.62524,-0.855873,1.60854
0.203748,-0.0252349,0.0373007;1.80721,-0.887177,1.74257
0.209347,-0.0193044,0.028915;1.57036,-0.839436,1.55397
0.209737,-0.0189302,0.0286792;1.5707,-0.827823,1.56597
0.21026,-0.0187819,0.0286605;1.57543,-0.849025,1.57307
0.207367,-0.0197298,0.0298471;1.54276,-0.950804,1.53156
0.188984,-0.0294054,0.0355685;1.46462,-1.04923,1.47204
0.169435,-0.0429047,0.0413274;1.80344,-1.12034,1.77431
0.169759,-0.0415492,0.0303724;1.63489,-1.06759,1.61129
0.172585,-0.0409265,0.0287927;1.57035,-1.04669,1.56036
0.173111,-0.0408092,0.0286441;1.57569,-1.05699,1.57302
0.17308,-0.040811,0.0292618;1.5523,-1.15669,1.53555
0.155536,-0.0439234,0.0342721;1.35272,-1.23405,1.35287
0.131404,-0.0528697,0.0403925;1.99568,-1.31917,1.97606
0.125132,-0.0550378,0.0303441;1.69135,-1.31778,1.67206
0.12737,-0.0549174,0.0287848;1.57051,-1.29209,1.56064
0.127844,-0.0548213,0.0286533;1.57608,-1.29482,1.5738
0.128214,-0.0551961,0.0291189;1.54344,-1.37305,1.52565
0.115743,-0.0540428,0.0338091;1.06787,-1.42483,1.05723
0.092159,-0.056185,0.0409501;2.67071,-1.5118,2.66727
0.0791775,-0.058109,0.0326922;2.98864,-1.49924,2.97466
0.0826095,-0.0583278,0.0288896;1.56233,-1.53801,1.54734
0.0829771,-0.0582725,0.0286597;1.5723,-1.52208,1.56863
0.0836312,-0.0588534,0.0289093;0,-1.56817,-0.0154669
0.0799593,-0.0565796,0.0307631;-1.10988,-1.51322,-1.1278
0.0602701,-0.0515415,0.0375842;-1.16141,-1.40647,-1.1718
0.0300631,-0.0480501,0.0355107;-2.10879,-1.30699,-2.10468
0.0358279,-0.0492299,0.029382;-1.64521,-1.37101,-1.65723
0.0371216,-0.0496154,0.0287622;-1.5701,-1.39554,-1.57889
0.0380195,-0.0502881,0.0287449;-1.57485,-1.33859,-1.58144
0.0375869,-0.0495848,0.02908;-1.54739,-1.30661,-1.56689
0.0246725,-0.0413615,0.0333567;-1.38364,-1.21351,-1.40835
-0.0147417,-0.0269699,0.0370658;-1.91046,-1.06536,-1.88413
-0.0113869,-0.0271371,0.0337947;-1.79852,-1.11569,-1.78936
-0.00642452,-0.0298631,0.0289547;-1.57423,-1.14458,-1.59047
-0.00562181,-0.0307524,0.0286792;-1.57956,-1.12886,-1.58028
-0.00553047,-0.0315126,0.0288585;-1.56929,-1.07473,-1.58319
-0.00874522,-0.0270418,0.0303916;-1.52613,-1.02612,-1.54893
-0.0451502,-0.00109144,0.0410411;-1.73063,-0.844305,-1.697
-0.0497467,0.0042673,0.0367065;-1.80756,-0.863829,-1.76484
-0.0441641,-0.00072571,0.029619;-1.59732,-0.898168,-1.60634
-0.0429079,-0.00224807,0.0286351;-1.57175,-0.901207,-1.57356
-0.0429236,-0.00319836,0.0287853;-1.5716,-0.845192,-1.5803
-0.0429943,-0.0017001,0.0292664;-1.55982,-0.811682,-1.58042
-0.0684548,0.0320868,0.041035;-1.67802,-0.62522,-1.6396
-0.077305,0.0430455,0.0370391;-1.76528,-0.613259,-1.69929
-0.0734399,0.0380378,0.0304198;-1.60932,-0.642247,-1.61062
-0.0723978,0.0359477,0.0286382;-1.57178,-0.659192,-1.57357
-0.0725635,0.0346331,0.028728;-1.57068,-0.601951,-1.57765
-0.0726032,0.0351427,0.0291396;-1.56444,-0.580823,-1.58577
-0.0726032,0.0351427,0.0291396;-1.56444,-0.580823,-1.58577
-0.0763851,0.0475239,0.0339537;-1.49191,-0.510731,-1.54771
-0.0763851,0.0475239,0.0339537;-1.49191,-0.510731,-1.54771
