-0.125,0.125,0.06;-1.57,-2.98023e-08,-1.57
-0.125,0.125,0.06;-1.57,-2.98023e-08,-1.57
-0.125,0.125,0.06;-1.57,-2.98023e-08,-1.57
-0.125569,0.121507,0.0286434;-1.5712,-0.163732,-1.57368
-0.125265,0.121839,0.0288555;-1.57025,-0.115193,-1.58421
-0.123369,0.132609,0.0320774;-1.51774,-0.0501478,-1.57255
-0.124323,0.166098,0.0351732;-1.69227,0.0568432,-1.57194
-0.122114,0.161035,0.0288183;-1.57079,-0.0110063,-1.58256
-0.122127,0.160501,0.0286999;-1.57435,-0.0143759,-1.57302
-0.122422,0.160012,0.0286224;-1.5716,-0.00276357,-1.5721
-0.122833,0.159929,0.0288634;-1.56979,0.0431196,-1.58379
-0.119484,0.166587,0.0322629;-1.51698,0.106439,-1.58729
-0.114193,0.185674,0.0394899;-1.49273,0.208752,-1.58568
-0.107917,0.204749,0.0311346;-1.62201,0.267865,-1.56311
-0.107803,0.202926,0.0287683;-1.56978,0.240921,-1.58095
-0.107725,0.202305,0.0286535;-1.57085,0.221744,-1.57443
-0.108037,0.202089,0.0288203;-1.57059,0.217614,-1.58231
-0.107574,0.202278,0.0296582;-1.56098,0.244737,-1.58191
-0.105785,0.207722,0.0359925;-1.50069,0.290552,-1.59693
-0.100354,0.225891,0.0395764;-1.56938,0.377272,-1.56683
-0.0961861,0.232327,0.0316448;-1.64922,0.380108,-1.55052
-0.0976015,0.230213,0.0288759;-1.57052,0.386181,-1.58499
-0.0976891,0.229924,0.0287051;-1.57066,0.355757,-1.57677
-0.0980415,0.229789,0.028794;-1.57066,0.376881,-1.58104
-0.0976596,0.230687,0.0304304;-1.54858,0.38191,-1.58466
-0.0948958,0.236495,0.0363442;-1.50841,0.436402,-1.59731
-0.0911736,0.240714,0.0298234;-1.60559,0.428705,-1.56075
-0.0914764,0.23971,0.028656;-1.5707,0.424163,-1.57442
-0.0915973,0.239653,0.0286358;-1.57075,0.406542,-1.57348
-0.0920902,0.239511,0.028777;-1.57064,0.423815,-1.58017
-0.0907522,0.240881,0.0338345;-1.50769,0.444605,-1.60434
-0.0882411,0.246817,0.0424062;-1.52017,0.487994,-1.59001
-0.0857924,0.249208,0.039143;-1.56537,0.483958,-1.57638
-0.0864806,0.246901,0.0287256;-1.57079,0.458378,-1.57777
-0.0864578,0.246667,0.0286591;-1.5708,0.454682,-1.57447
-0.0864636,0.246564,0.0286311;-1.57079,0.459844,-1.5732
-0.085847,0.247179,0.0298256;-1.56106,0.475199,-1.5821
-0.0829316,0.250981,0.0383588;-1.55632,0.506985,-1.57697
-0.0824487,0.252467,0.0418451;-1.56483,0.505488,-1.56899
-0.0852398,0.247402,0.0288764;-1.57057,0.459396,-1.585
-0.0851806,0.247214,0.0286437;-1.57145,0.456416,-1.57311
-0.0851841,0.247143,0.0286262;-1.57075,0.457958,-1.57299
-0.0851462,0.247502,0.0288722;-1.56583,0.504814,-1.58181
-0.0815032,0.25217,0.0329797;-1.54628,0.525269,-1.58696
-0.0773187,0.257301,0.0434387;-1.58117,0.543112,-1.55867
-0.0861118,0.247862,0.0288722;-1.57085,0.441599,-1.58487
-0.0860528,0.247357,0.028647;-1.57077,0.440328,-1.57397
-0.0861557,0.247406,0.0286551;-1.57424,0.450261,-1.57025
-0.0862674,0.247686,0.028875;-1.56761,0.527688,-1.5844
-0.0812175,0.254086,0.0310883;-1.54356,0.550376,-1.59191
-0.0755146,0.259621,0.0408439;-1.59702,0.575402,-1.55333
-0.0825896,0.249367,0.0288491;-1.57178,0.462783,-1.58322
-0.0827077,0.248937,0.0286534;-1.57066,0.443777,-1.57437
-0.0829272,0.248848,0.0287367;-1.57916,0.454886,-1.56723
-0.0830983,0.249215,0.0289643;-1.5624,0.551602,-1.58761
-0.0726102,0.260714,0.0328303;-1.50072,0.633195,-1.61674
-0.0598762,0.276467,0.0400052;-1.63692,0.707395,-1.52842
-0.0590475,0.271645,0.0297555;-1.60511,0.615135,-1.55659
-0.0621034,0.267496,0.028808;-1.57008,0.562335,-1.58314
-0.0623287,0.267282,0.0287527;-1.58014,0.562513,-1.56657
-0.0636332,0.267254,0.0288469;-1.57047,0.672777,-1.58368
-0.0557582,0.273805,0.0313479;-1.51438,0.735233,-1.61339
-0.0395748,0.291996,0.0374637;-1.64041,0.835438,-1.51811
-0.0343017,0.296683,0.0345089;-1.72053,0.798147,-1.46586
-0.038609,0.288399,0.0295881;-1.60791,0.732618,-1.55089
-0.0406501,0.286553,0.0286936;-1.57028,0.695615,-1.57661
-0.0412366,0.286141,0.0287409;-1.57093,0.714503,-1.57846
-0.0408103,0.285703,0.0290349;-1.55804,0.769125,-1.59328
-0.0287769,0.292587,0.0337977;-1.45053,0.847765,-1.66841
0.000218713,0.318049,0.0382408;-1.75915,0.981708,-1.4169
0.00339052,0.318265,0.034717;-1.77506,0.955787,-1.41139
-0.00244544,0.313693,0.0287852;-1.57149,0.927508,-1.58231
-0.00336589,0.313477,0.0286914;-1.57841,0.923801,-1.56583
-0.00447201,0.313729,0.0288079;-1.56993,0.992139,-1.58254
-0.00177897,0.314036,0.0297708;-1.53739,1.0139,-1.60814
0.0315436,0.328926,0.0440193;-1.64565,1.1846,-1.49325
0.0440823,0.333526,0.0393914;-1.85546,1.18679,-1.31558
0.0425701,0.334013,0.030202;-1.66665,1.2175,-1.49019
0.0406558,0.333834,0.028655;-1.57144,1.17939,-1.57349
0.0401148,0.334136,0.0287298;-1.57234,1.21742,-1.57647
0.040341,0.334419,0.0287882;-1.57282,1.20567,-1.57877
0.0603569,0.341562,0.0420996;-1.77763,1.32753,-1.36693
0.0703325,0.343061,0.0395368;-2.03643,1.29816,-1.13078
0.0676861,0.342771,0.0298155;-1.67308,1.33461,-1.48269
0.0661709,0.342457,0.0286629;-1.57124,1.31512,-1.57423
0.065833,0.342546,0.0287095;-1.57046,1.33894,-1.57721
0.0660068,0.342472,0.0288098;-1.57318,1.33551,-1.57884
0.075439,0.344959,0.0416481;-1.67583,1.38961,-1.46582
0.0804544,0.345616,0.041233;-1.91837,1.37456,-1.2374
0.0808605,0.344918,0.0294893;-1.68955,1.379,-1.46056
0.0795744,0.344795,0.0286571;-1.57075,1.3824,-1.57453
0.0795537,0.344916,0.0287466;-1.57015,1.37969,-1.57928
0.0795118,0.344891,0.0287841;-1.56979,1.36199,-1.58151
0.081883,0.344903,0.0400926;-1.38851,1.40355,-1.74862
0.0836671,0.344744,0.0403008;-1.60663,1.39626,-1.53653
0.0822122,0.344687,0.0301817;-1.49752,1.39527,-1.64895
0.0806621,0.344251,0.0286491;-1.57182,1.37539,-1.57317
0.0804989,0.34419,0.0286382;-1.57048,1.37868,-1.57384
0.0804036,0.344322,0.0287877;-1.57011,1.38039,-1.58131
0.0808448,0.343899,0.0291955;-1.54582,1.38291,-1.60271
0.0904735,0.34401,0.0420613;-1.08134,1.44833,-2.05563
0.0890528,0.344275,0.0368892;-1.52558,1.4206,-1.62289
0.0858889,0.344045,0.0288626;-1.572,1.39786,-1.58349
0.0855913,0.343807,0.0286182;-1.57085,1.39406,-1.57254
0.0850748,0.343958,0.0287471;-1.5724,1.42896,-1.57711
0.085517,0.344013,0.028834;-1.54495,1.44773,-1.60719
0.0980098,0.342434,0.0425279;-1.73194,1.48796,-1.40567
0.0973611,0.342719,0.0409137;-1.92783,1.45609,-1.21696
0.0875506,0.34428,0.028802;-1.57805,1.3922,-1.57678
0.0870837,0.344355,0.0287414;-1.61431,1.39857,-1.52832
0.0863903,0.344624,0.0286573;-1.57133,1.44043,-1.57381
0.0871507,0.344516,0.0289074;-1.51536,1.48865,-1.63778
0.111544,0.341824,0.0410432;3.11946,1.528,0.0250096
0.112105,0.340746,0.0403902;-2.69218,1.48898,-0.448675
0.100625,0.341652,0.0288327;-1.54441,1.46829,-1.6082
0.0991132,0.342159,0.0287597;-1.64023,1.44534,-1.50197
0.0984654,0.342694,0.0285774;-1.56207,1.50275,-1.57995
0.0985582,0.342697,0.0289304;-1.42984,1.54217,-1.72507
0.132916,0.337808,0.0395729;1.63424,1.42553,1.512
0.14302,0.336511,0.039187;2.18598,1.39939,0.962418
0.135713,0.335178,0.0327997;2.46155,1.46502,0.67722
0.124799,0.336213,0.0286914;-2.33959,1.56477,-0.803889
0.124558,0.336844,0.0287248;1.80397,1.54067,1.33769
0.124459,0.337361,0.0288009;1.56924,1.49629,1.56191
0.148607,0.329302,0.035314;1.28593,1.32808,1.84877
0.171818,0.326185,0.0408309;1.81565,1.25012,1.33832
0.179493,0.323027,0.0361351;2.0413,1.25065,1.11197
0.166666,0.324766,0.0286798;1.55761,1.36942,1.57609
0.166237,0.325104,0.0287225;1.59745,1.36165,1.54342
0.165867,0.32561,0.0286357;1.58019,1.33347,1.56118
0.173269,0.318492,0.0323563;1.40883,1.20791,1.71262
0.193658,0.306956,0.0391527;1.45479,1.10252,1.67917
0.211141,0.299258,0.0400567;1.6858,1.04262,1.4727
0.21104,0.297862,0.0288043;1.56595,1.08629,1.5624
0.210774,0.298114,0.0286306;1.5706,1.10945,1.56856
0.210558,0.298587,0.0286164;1.57155,1.09625,1.56858
0.210898,0.298446,0.0291572;1.55083,1.05074,1.57843
0.217693,0.291159,0.0347101;1.41394,0.969737,1.69196
0.232328,0.280212,0.0432154;1.52493,0.88967,1.61446
0.240613,0.273195,0.0288293;1.56538,0.87233,1.56483
0.240648,0.273231,0.0287007;1.57052,0.89564,1.5654
0.240453,0.27354,0.0286422;1.57114,0.902089,1.56764
0.24062,0.274057,0.0287974;1.56953,0.877427,1.56183
0.24213,0.27171,0.0315792;1.51331,0.853142,1.60574
0.24992,0.265066,0.0405756;1.50712,0.774195,1.61712
0.254386,0.257077,0.0288069;1.5687,0.784115,1.56179
0.25423,0.257355,0.0287311;1.57056,0.782319,1.56384
0.253823,0.257613,0.0286482;1.57075,0.798896,1.56758
0.253701,0.257874,0.0288038;1.57053,0.785647,1.56034
0.253844,0.256565,0.031036;1.53124,0.7773,1.59051
0.256347,0.25229,0.0395671;1.46923,0.72091,1.63368
0.262242,0.242035,0.0296924;1.58781,0.696009,1.55009
0.261817,0.242452,0.0288572;1.57059,0.698335,1.5578
0.26156,0.242486,0.0286565;1.5708,0.702359,1.56717
0.261698,0.242827,0.0287848;1.57061,0.699422,1.56126
0.261665,0.242198,0.0289639;1.56796,0.695844,1.56466
0.262339,0.23934,0.0350666;1.48862,0.664165,1.61449
0.267565,0.231377,0.038676;1.56525,0.635017,1.57114
0.265307,0.234652,0.0288534;1.57054,0.665024,1.55798
0.265076,0.234818,0.0287163;1.57138,0.665813,1.56454
0.264921,0.235325,0.0286512;1.5708,0.646612,1.56748
0.26509,0.235359,0.028793;1.57063,0.644032,1.56076
0.265215,0.233974,0.0303528;1.54967,0.636385,1.57604
0.269764,0.22554,0.0419918;1.53287,0.581394,1.59335
0.267905,0.230105,0.0311712;1.57222,0.637936,1.55852
0.267179,0.231191,0.0288713;1.57059,0.647527,1.55703
0.26689,0.231301,0.0286234;1.57087,0.640765,1.56879
0.266998,0.231762,0.0287867;1.57086,0.605584,1.56098
0.267726,0.230457,0.0290778;1.56099,0.582645,1.56824
0.273219,0.216482,0.0435427;1.59801,0.538219,1.56494
0.27165,0.222395,0.039075;1.6164,0.591778,1.54559
0.267814,0.233912,0.0288546;1.57087,0.667589,1.5575
0.267543,0.234527,0.0286809;1.57604,0.654664,1.56687
0.267497,0.235217,0.0286924;1.57095,0.617392,1.56552
0.267993,0.234085,0.0289345;1.56332,0.570495,1.56363
0.2771,0.211556,0.0409904;1.62647,0.48569,1.54953
0.275974,0.210614,0.0399873;1.67305,0.525778,1.51884
0.270126,0.222231,0.0288276;1.56715,0.607901,1.55988
0.269824,0.223982,0.0287759;1.58236,0.619064,1.56399
0.270044,0.224806,0.0286109;1.57057,0.560418,1.56917
0.269965,0.223922,0.029051;1.55858,0.517171,1.56352
0.269965,0.223922,0.029051;1.55858,0.517171,1.56352
0.274547,0.208512,0.033459;1.49302,0.42493,1.59766
0.274547,0.208512,0.033459;1.49302,0.42493,1.59766
