-0.125,0.125,0.06;-1.57,-2.98023e-08,-1.57
-0.125,0.125,0.06;-1.57,-2.98023e-08,-1.57
-0.125,0.125,0.06;-1.57,-2.98023e-08,-1.57
-0.126146,0.118449,0.0286779;-1.57078,-0.108291,-1.57547
-0.125862,0.117916,0.0289729;-1.56562,-0.04461,-1.58476
-0.123718,0.127107,0.0331404;-1.49556,0.0212026,-1.57541
-0.122668,0.158066,0.0361093;-1.71223,0.0890799,-1.57094
-0.121504,0.148885,0.0288351;-1.57045,0.0207831,-1.58509
-0.121615,0.14835,0.0286407;-1.57108,0.0208771,-1.57369
-0.121745,0.148185,0.0286767;-1.5754,0.0377338,-1.57069
-0.122037,0.147904,0.0291013;-1.56439,0.106828,-1.59081
-0.117676,0.156659,0.0331566;-1.50426,0.184292,-1.59683
-0.113449,0.177566,0.040284;-1.53017,0.285036,-1.58376
-0.109596,0.183313,0.0329055;-1.64229,0.240325,-1.56779
-0.111718,0.17158,0.0289934;-1.56847,0.169518,-1.59018
-0.112151,0.170975,0.0287016;-1.57372,0.150811,-1.57461
-0.112873,0.170512,0.0290049;-1.56789,0.214173,-1.58899
-0.108884,0.178247,0.0317384;-1.52902,0.283166,-1.59779
-0.102445,0.201565,0.037662;-1.57948,0.387924,-1.57511
-0.0986643,0.215746,0.0382255;-1.75252,0.387106,-1.51999
-0.0989948,0.210319,0.0349001;-1.69063,0.342241,-1.54742
-0.102697,0.201073,0.0289666;-1.56949,0.304945,-1.58861
-0.103109,0.199997,0.0288256;-1.57397,0.312199,-1.57832
-0.102614,0.199676,0.0291609;-1.56168,0.356346,-1.59433
-0.0945303,0.212076,0.0338497;-1.48626,0.451897,-1.61982
-0.0858404,0.231945,0.0368787;-1.64258,0.506453,-1.54563
-0.0836882,0.233184,0.03355;-1.66849,0.457368,-1.54116
-0.0873697,0.225334,0.0286607;-1.57218,0.417872,-1.57322
-0.087628,0.225253,0.0287085;-1.5773,0.456881,-1.57006
-0.088105,0.224807,0.0288927;-1.57055,0.492088,-1.58579
-0.071502,0.243819,0.0367793;-1.46655,0.643958,-1.63879
-0.0599556,0.262543,0.0418349;-1.6773,0.701696,-1.5097
-0.0561423,0.265506,0.0371293;-1.76965,0.656375,-1.46283
-0.0667862,0.252003,0.0287817;-1.57132,0.588054,-1.58039
-0.0670755,0.251634,0.0286457;-1.57295,0.595847,-1.57129
-0.0677329,0.251735,0.0287049;-1.57393,0.65168,-1.57234
-0.0591179,0.257619,0.033127;-1.48443,0.7419,-1.64351
-0.0428216,0.275732,0.0394872;-1.57733,0.845959,-1.56908
-0.0321159,0.286851,0.0388109;-1.79176,0.844059,-1.42083
-0.0421995,0.276565,0.0289588;-1.56966,0.774333,-1.58916
-0.0428014,0.276272,0.0286773;-1.57094,0.763947,-1.57541
-0.0430144,0.275942,0.0286156;-1.57089,0.78209,-1.57246
-0.0404213,0.276742,0.0301357;-1.54376,0.865995,-1.60912
-0.0245485,0.287396,0.0362699;-1.41823,0.964827,-1.70269
-0.00733239,0.301889,0.0422317;-1.71237,1.03445,-1.45589
-0.0131593,0.29572,0.0295128;-1.58595,0.944224,-1.57725
-0.015438,0.294836,0.0287742;-1.57184,0.921484,-1.57896
-0.0160452,0.294764,0.0286597;-1.57402,0.932389,-1.57006
-0.0155009,0.295071,0.0292662;-1.55306,1.02339,-1.60555
-0.00201013,0.300828,0.034036;-1.39979,1.10513,-1.73602
0.0188405,0.314331,0.0405462;-1.76603,1.19417,-1.39824
0.0187505,0.312911,0.0302721;-1.62013,1.12596,-1.54457
0.0153077,0.312158,0.0288126;-1.57438,1.10496,-1.57872
0.014786,0.312036,0.0286607;-1.5761,1.11022,-1.56781
0.015222,0.31209,0.0292796;-1.55011,1.20475,-1.60992
0.0303088,0.315044,0.0339998;-1.29634,1.2889,-1.84708
0.0534287,0.32319,0.0402846;-1.95447,1.37654,-1.20451
0.0533763,0.322195,0.031447;-1.76528,1.31439,-1.39617
0.0443135,0.319655,0.0288821;-1.57064,1.26695,-1.58639
0.0437186,0.31953,0.028657;-1.57357,1.26212,-1.57163
0.0431721,0.319897,0.0290614;-1.55054,1.34196,-1.60929
0.0535505,0.319536,0.0323845;-1.25126,1.40543,-1.90012
0.0784728,0.324506,0.0386816;-2.08963,1.5026,-1.06122
0.0860125,0.324152,0.0358494;-2.52382,1.41414,-0.637588
0.0756051,0.321521,0.0305451;-1.75781,1.41837,-1.40234
0.0721114,0.321597,0.0287921;-1.57079,1.39348,-1.58105
0.0711172,0.321483,0.0289001;-1.59285,1.40649,-1.56072
0.0714458,0.320836,0.0292552;-1.47003,1.45349,-1.6912
0.0867541,0.319638,0.0344446;-0.255649,1.4845,-2.89562
0.121155,0.323358,0.0388287;2.86754,1.38302,0.25985
0.119115,0.320879,0.0368114;3.02102,1.42868,0.102404
0.10707,0.320381,0.0289359;-1.53382,1.54204,-1.62491
0.105315,0.320991,0.0286289;-1.6087,1.54935,-1.53456
0.104848,0.321679,0.0288896;1.53754,1.5394,1.58963
0.109078,0.319452,0.0305284;1.23968,1.49178,1.88438
0.153266,0.31685,0.0426152;1.99688,1.29488,1.14584
0.161036,0.314551,0.0393137;2.31458,1.28575,0.826637
0.15085,0.316624,0.0319788;1.85168,1.37977,1.27582
0.143912,0.319236,0.0286371;1.57065,1.41682,1.56828
0.143251,0.320279,0.0288386;1.57363,1.346,1.5561
0.145279,0.318727,0.0296925;1.52794,1.31722,1.59287
0.187421,0.306754,0.0407208;1.8613,1.1126,1.2898
0.195875,0.302196,0.0396125;2.03147,1.12782,1.12473
0.185963,0.305563,0.0320203;1.71345,1.19716,1.41809
0.179361,0.309076,0.0286374;1.5713,1.23551,1.56754
0.178804,0.310046,0.0287986;1.56991,1.15875,1.561
0.180288,0.308242,0.0295356;1.55296,1.12833,1.56713
0.219944,0.288524,0.0396665;1.82179,0.928162,1.34328
0.22581,0.283078,0.039618;1.90368,0.956082,1.26858
0.217194,0.288476,0.0319643;1.67677,1.00836,1.46554
0.211011,0.293267,0.0286412;1.57113,1.0544,1.56753
0.210729,0.294156,0.0288136;1.56954,0.986588,1.56017
0.211099,0.293521,0.0291334;1.55721,0.969986,1.56253
0.240832,0.271364,0.0397289;1.67556,0.790158,1.48482
0.248509,0.264074,0.0381899;1.83116,0.816506,1.36387
0.24323,0.26858,0.035107;1.74473,0.83964,1.42803
0.232261,0.27742,0.0287587;1.57477,0.930343,1.56118
0.231934,0.278299,0.0286979;1.57695,0.87632,1.56417
0.23179,0.278425,0.0289534;1.56847,0.859675,1.55597
0.233903,0.272938,0.0315169;1.5157,0.798424,1.59411
0.262201,0.242747,0.04094;1.69522,0.647468,1.48536
0.262036,0.240091,0.0365211;1.75852,0.694419,1.43449
0.25369,0.250369,0.0289521;1.56246,0.743623,1.55769
0.253112,0.251552,0.0285966;1.57105,0.747675,1.56987
0.253225,0.252114,0.0288239;1.57173,0.685092,1.55919
0.253474,0.249968,0.0295457;1.55236,0.658437,1.56344
0.276177,0.216376,0.041993;1.65221,0.475116,1.52568
0.279766,0.207901,0.038561;1.77983,0.514119,1.44907
0.27413,0.217146,0.0306713;1.6041,0.557275,1.53382
0.272473,0.221967,0.0286414;1.57195,0.573855,1.568
0.27274,0.22303,0.0287549;1.57092,0.502076,1.56259
0.272793,0.221373,0.0293389;1.56247,0.477553,1.55513
0.288927,0.184496,0.0405895;1.66152,0.293204,1.5313
0.29182,0.174235,0.0385253;1.76182,0.331789,1.49082
0.288336,0.184315,0.0308721;1.6071,0.362848,1.54064
0.2877,0.189371,0.0286385;1.57184,0.389913,1.5686
0.287867,0.190194,0.0286926;1.57205,0.331424,1.5663
0.287612,0.189826,0.0291333;1.56408,0.306904,1.5533
0.294617,0.15387,0.0400688;1.59995,0.122399,1.56127
0.297632,0.139288,0.0383782;1.74852,0.121807,1.53027
0.295724,0.144471,0.0350526;1.68692,0.167379,1.5375
0.294694,0.157366,0.0286792;1.57077,0.220856,1.56613
0.294853,0.157743,0.0286497;1.57349,0.198163,1.56906
0.295203,0.158343,0.028873;1.57043,0.155602,1.55681
0.294067,0.135198,0.0360735;1.49064,0.0115481,1.5651
0.296926,0.112693,0.0419198;1.65791,-0.0529345,1.56732
0.296189,0.105862,0.0379001;1.74523,-0.0179534,1.5593
0.296733,0.123557,0.0288259;1.57054,0.0587342,1.55913
0.296675,0.12427,0.0286172;1.57129,0.05719,1.56902
0.297093,0.124633,0.0287724;1.57636,0.0126434,1.56708
0.293678,0.114934,0.0327143;1.51366,-0.0831317,1.55151
0.291914,0.0908957,0.0393921;1.56927,-0.18515,1.56672
0.290582,0.0746325,0.0396019;1.71213,-0.200433,1.58404
0.292255,0.087824,0.0289133;1.56764,-0.124466,1.55194
0.292694,0.0883196,0.0287062;1.57227,-0.112662,1.56661
0.292893,0.0887659,0.0286288;1.57245,-0.13225,1.56939
0.291283,0.0866717,0.0300053;1.55343,-0.226014,1.54897
0.284567,0.0684038,0.0358504;1.47805,-0.331536,1.53426
0.279531,0.0453651,0.0422534;1.66475,-0.40323,1.59904
0.27924,0.0492749,0.0304132;1.59657,-0.326211,1.56012
0.281569,0.0529819,0.0287912;1.571,-0.300367,1.56026
0.281861,0.0533968,0.0286443;1.57211,-0.307821,1.56946
0.281714,0.0530634,0.029358;1.55994,-0.400903,1.54707
0.273738,0.0395945,0.0342067;1.47972,-0.488645,1.51736
0.264034,0.0166969,0.0408451;1.67019,-0.580635,1.61345
0.263021,0.0183114,0.0308264;1.60796,-0.502752,1.57069
0.265853,0.0216578,0.0288145;1.57063,-0.478757,1.55956
0.266217,0.0220822,0.0286403;1.57203,-0.484437,1.56942
0.266188,0.0219212,0.0292224;1.56255,-0.572951,1.5471
0.256914,0.0122349,0.0338315;1.47811,-0.657917,1.501
0.243048,-0.0082729,0.0404122;1.65556,-0.753264,1.61912
0.239599,-0.0108859,0.0336143;1.687,-0.688165,1.63025
0.246055,-0.00441717,0.0289073;1.57038,-0.658164,1.55469
0.246576,-0.00394998,0.0286438;1.57089,-0.655061,1.5678
0.247044,-0.00386546,0.0289209;1.5703,-0.719734,1.55404
0.242412,-0.00575178,0.0310089;1.52675,-0.772082,1.5229
0.226208,-0.0204207,0.0374019;1.47003,-0.878228,1.48965
0.208175,-0.0360032,0.0371527;1.81548,-0.867628,1.74536
0.218986,-0.0270341,0.029354;1.57803,-0.837602,1.55851
0.221041,-0.0259711,0.0287608;1.57128,-0.817175,1.56213
0.222151,-0.0258392,0.0287334;1.57165,-0.884912,1.56487
0.221512,-0.0256943,0.029106;1.55985,-0.904486,1.54262
0.209686,-0.0308182,0.0335991;1.44022,-0.984829,1.44892
0.177784,-0.0522932,0.0383131;1.93711,-1.05678,1.87378
0.181693,-0.0478898,0.034824;1.79217,-1.02103,1.74466
0.191565,-0.0430386,0.0289176;1.56663,-1.00114,1.55035
0.192591,-0.0429413,0.028657;1.57537,-1.01817,1.57338
0.193099,-0.043106,0.0288991;1.56944,-1.06016,1.55443
0.189241,-0.0430492,0.030687;1.51247,-1.10409,1.50122
0.150264,-0.0603822,0.0422277;1.84796,-1.26195,1.82814
0.145189,-0.0609808,0.0377795;2.03387,-1.18839,1.9888
0.157456,-0.0561904,0.0293696;1.57463,-1.18631,1.55517
0.160215,-0.055853,0.0286629;1.57698,-1.17136,1.57494
0.161194,-0.0562868,0.0287953;1.57334,-1.24166,1.56368
0.159852,-0.0558118,0.0293551;1.53464,-1.26346,1.51745
0.123195,-0.0647773,0.0410654;2.00873,-1.43066,1.99621
0.114111,-0.0650413,0.0383669;2.37696,-1.32159,2.343
0.124246,-0.0629975,0.0306014;1.70105,-1.35755,1.67868
0.129022,-0.0631066,0.0286387;1.57589,-1.34318,1.57408
0.129591,-0.0634445,0.0287592;1.57022,-1.40811,1.56171
0.128313,-0.062969,0.0293114;1.51621,-1.42962,1.49681
0.128313,-0.062969,0.0293114;1.51621,-1.42962,1.49681
0.112595,-0.0630958,0.0336731;0.650029,-1.4899,0.638402
0.112595,-0.0630958,0.0336731;0.650029,-1.4899,0.638402
