-0.125,0.125,0.06;-1.57,-2.98023e-08,-1.57
-0.125,0.125,0.06;-1.57,-2.98023e-08,-1.57
-0.125,0.125,0.06;-1.57,-2.98023e-08,-1.57
-0.125741,0.121552,0.0286729;-1.57173,-0.157408,-1.57455
-0.125367,0.121612,0.0288911;-1.56845,-0.10802,-1.58361
-0.123221,0.132859,0.0323756;-1.51133,-0.0349877,-1.57289
-0.123091,0.162282,0.0361975;-1.71224,0.0422103,-1.57511
-0.121841,0.154987,0.0289006;-1.57173,-0.0235294,-1.58532
-0.121984,0.154173,0.0286286;-1.57148,-0.0230994,-1.57287
-0.122239,0.154294,0.0287443;-1.57867,-0.00296754,-1.5709
-0.122329,0.15405,0.0290169;-1.56703,0.0595896,-1.58858
-0.117892,0.163598,0.0325426;-1.51767,0.138222,-1.59303
-0.113005,0.18612,0.0396614;-1.57754,0.234801,-1.57248
-0.109642,0.192615,0.0330446;-1.65672,0.199789,-1.56132
-0.110925,0.182788,0.0289073;-1.56308,0.135966,-1.58982
-0.111301,0.18197,0.0287511;-1.57456,0.124659,-1.57472
-0.111985,0.18165,0.0289389;-1.57021,0.186537,-1.588
-0.107855,0.189501,0.0309435;-1.5431,0.25532,-1.59243
-0.101325,0.213619,0.0367531;-1.63746,0.35584,-1.55793
-0.0990902,0.225369,0.0376323;-1.74547,0.355718,-1.52353
-0.0985488,0.222365,0.034255;-1.6838,0.318025,-1.54747
-0.101475,0.215799,0.0288522;-1.56974,0.293059,-1.58739
-0.102149,0.214648,0.0288106;-1.57405,0.306151,-1.57753
-0.101936,0.214712,0.0290222;-1.56651,0.350083,-1.5912
-0.0932824,0.227508,0.0330629;-1.50668,0.437964,-1.61141
-0.0839265,0.247123,0.0356488;-1.67321,0.494381,-1.53108
-0.0816359,0.247186,0.0328969;-1.6618,0.452292,-1.54109
-0.0849594,0.242316,0.0286652;-1.57329,0.434325,-1.57169
-0.0856465,0.242161,0.0287617;-1.57965,0.477772,-1.56781
-0.0858524,0.241881,0.0288844;-1.57026,0.50524,-1.58547
-0.0669302,0.26259,0.0358376;-1.52835,0.656722,-1.60354
-0.0555211,0.280542,0.0395928;-1.7331,0.70774,-1.47432
-0.0518496,0.282594,0.0367425;-1.7675,0.672162,-1.45727
-0.0613368,0.27301,0.0287814;-1.57154,0.630233,-1.5798
-0.0618806,0.272805,0.0286625;-1.57509,0.638607,-1.56947
-0.0624573,0.272954,0.0287651;-1.57772,0.699566,-1.56983
-0.0521501,0.279304,0.0322673;-1.50286,0.792178,-1.63357
-0.0340246,0.296237,0.0388739;-1.65935,0.889563,-1.50938
-0.0237167,0.306024,0.0374641;-1.83963,0.881165,-1.37449
-0.0347381,0.296593,0.0289024;-1.57086,0.826122,-1.58709
-0.0350942,0.296358,0.0287133;-1.57445,0.82063,-1.57188
-0.0355483,0.296466,0.0287142;-1.57908,0.8484,-1.56557
-0.0332384,0.297231,0.0298386;-1.54922,0.920901,-1.60509
-0.0153602,0.307335,0.0352402;-1.48184,1.02078,-1.65481
0.00238373,0.321566,0.0406757;-1.80144,1.07659,-1.3751
-0.00169308,0.318304,0.0296762;-1.60553,1.02098,-1.55738
-0.00326111,0.31782,0.0287776;-1.57367,1.00973,-1.5774
-0.00380199,0.317894,0.0286881;-1.57847,1.0202,-1.56564
-0.00338666,0.318436,0.0291546;-1.55454,1.10799,-1.60452
0.0115469,0.322312,0.033357;-1.41202,1.19021,-1.7313
0.0338815,0.331672,0.0402392;-1.85032,1.27501,-1.31117
0.0335514,0.330578,0.0302817;-1.67135,1.205,-1.49293
0.0300656,0.330088,0.028795;-1.57074,1.18953,-1.58125
0.0294592,0.330148,0.0286879;-1.58207,1.19867,-1.56137
0.0296474,0.330904,0.0291765;-1.55242,1.28972,-1.60754
0.0450643,0.332417,0.0330535;-1.30093,1.37307,-1.84946
0.0684852,0.338311,0.0396656;-2.31778,1.4345,-0.838959
0.0686966,0.337769,0.0314268;-1.90112,1.39716,-1.25424
0.0615938,0.337199,0.0289165;-1.57677,1.3675,-1.58035
0.060775,0.337309,0.0286823;-1.58517,1.36943,-1.55874
0.0602156,0.338073,0.0290003;-1.54855,1.45258,-1.61044
0.0709731,0.336681,0.0317542;-0.887145,1.50888,-2.26813
0.095998,0.337653,0.0377826;2.5016,1.48405,0.632766
0.103483,0.337068,0.0354428;2.90853,1.4398,0.225696
0.0962924,0.33617,0.0305009;-2.60849,1.5264,-0.545567
0.0931138,0.336658,0.0287917;-1.56714,1.52737,-1.58496
0.0922225,0.336882,0.0288971;-1.70106,1.54191,-1.45177
0.0925779,0.336458,0.0291898;1.28355,1.55332,1.83939
0.109759,0.332849,0.0335014;1.10001,1.44411,2.02788
0.141106,0.332099,0.0384361;2.32317,1.31111,0.818895
0.139839,0.329826,0.0359972;2.30235,1.36533,0.837104
0.131201,0.332183,0.0289328;1.56514,1.43771,1.55889
0.129976,0.333217,0.0287043;1.60099,1.41546,1.53964
0.129834,0.333898,0.0288753;1.5687,1.36028,1.55856
0.134061,0.330901,0.0301332;1.50156,1.31712,1.62115
0.176884,0.317957,0.041538;1.86311,1.12849,1.29361
0.182551,0.314095,0.0382657;2.02651,1.14837,1.13497
0.174567,0.317672,0.0317209;1.72993,1.20743,1.40617
0.16992,0.32087,0.0286615;1.57861,1.22475,1.56219
0.169735,0.321749,0.028832;1.57241,1.15653,1.5581
0.171053,0.320215,0.0294778;1.55316,1.133,1.56741
0.209538,0.29855,0.0398438;1.79851,0.933506,1.37073
0.216117,0.292933,0.038631;1.89157,0.962683,1.28621
0.208739,0.297823,0.0319179;1.67641,1.01018,1.46476
0.203934,0.302671,0.028683;1.5771,1.03582,1.56368
0.203605,0.303784,0.0287735;1.5695,0.959797,1.56204
0.204762,0.301812,0.0293219;1.56425,0.934774,1.55686
0.239229,0.273589,0.0389648;1.785,0.74221,1.40377
0.243043,0.267871,0.0386442;1.82493,0.781172,1.36878
0.236735,0.273847,0.0319108;1.66509,0.822971,1.49023
0.232996,0.279029,0.0286276;1.57197,0.844072,1.56758
0.233404,0.280398,0.0288535;1.57141,0.765427,1.55742
0.233666,0.279766,0.0290564;1.5639,0.752836,1.55707
0.257673,0.249152,0.0388498;1.68979,0.573219,1.49466
0.262698,0.240703,0.037303;1.77263,0.60261,1.44526
0.259537,0.244435,0.0344508;1.70808,0.61764,1.48337
0.25284,0.253189,0.0287507;1.57537,0.690375,1.56263
0.253361,0.254401,0.0287814;1.58102,0.617134,1.56275
0.253285,0.254494,0.0289122;1.57003,0.600504,1.55569
0.254716,0.247242,0.0308808;1.54001,0.540747,1.57074
0.274333,0.210123,0.0386167;1.72441,0.39648,1.50093
0.272696,0.208868,0.0362769;1.72961,0.438757,1.4916
0.269311,0.219142,0.0289256;1.56716,0.469354,1.55477
0.269353,0.220278,0.0286628;1.57524,0.462642,1.56803
0.269956,0.221244,0.028817;1.57203,0.403861,1.56003
0.269824,0.218975,0.0293522;1.56301,0.380813,1.55513
0.280813,0.178478,0.0410692;1.65941,0.194893,1.54505
0.281806,0.171462,0.0374894;1.74767,0.243754,1.51501
0.279738,0.180817,0.0305853;1.60666,0.277744,1.54457
0.279912,0.185242,0.0286824;1.57465,0.285273,1.56856
0.280435,0.186014,0.0287612;1.57018,0.21729,1.56232
0.280165,0.185005,0.0292268;1.56483,0.198309,1.55318
0.28455,0.142541,0.0397205;1.68257,0.0160242,1.5562
0.284336,0.132593,0.0376469;1.74141,0.052166,1.54975
0.284627,0.142009,0.0308781;1.61244,0.0746866,1.5543
0.285497,0.146193,0.0286568;1.57369,0.0868344,1.56913
0.286415,0.146736,0.0287533;1.57467,0.0207407,1.56643
0.2862,0.146267,0.0290569;1.5655,0.0055145,1.55253
0.281866,0.108176,0.0389867;1.64909,-0.169704,1.57505
0.28069,0.0955641,0.0379057;1.74777,-0.167011,1.58845
0.2807,0.101459,0.0343842;1.68443,-0.125105,1.5754
0.283299,0.11139,0.0287121;1.57345,-0.0871342,1.56706
0.283686,0.111512,0.0287225;1.57672,-0.114416,1.57047
0.284294,0.111742,0.028881;1.57144,-0.155479,1.55681
0.275535,0.0887189,0.0356188;1.52561,-0.29779,1.54977
0.270676,0.0666267,0.040457;1.69306,-0.359242,1.60499
0.268119,0.0611385,0.0374354;1.74648,-0.331106,1.61697
0.273684,0.0734508,0.0288109;1.57062,-0.277536,1.5595
0.273932,0.0739439,0.0286193;1.57148,-0.280772,1.56941
0.274717,0.0739979,0.028827;1.57939,-0.336989,1.56988
0.2682,0.0654828,0.0320272;1.52336,-0.426776,1.53616
0.257829,0.0428779,0.0385024;1.62168,-0.52768,1.59007
0.251255,0.0286669,0.0375221;1.76658,-0.533785,1.65975
0.25734,0.0400307,0.0288833;1.56691,-0.476527,1.55129
0.257614,0.0403644,0.0287677;1.57551,-0.462357,1.56821
0.258176,0.0406297,0.0287047;1.57677,-0.487548,1.57284
0.256708,0.0396757,0.0297083;1.5575,-0.572152,1.54621
0.243605,0.0247556,0.0351323;1.49932,-0.669819,1.51786
0.230597,0.00617586,0.0414582;1.7045,-0.741732,1.65363
0.23209,0.00912987,0.0303669;1.60968,-0.672818,1.57886
0.234616,0.0109287,0.0288026;1.57058,-0.657129,1.56011
0.235113,0.0111911,0.0286975;1.57718,-0.666886,1.57359
0.235527,0.0106466,0.0292509;1.56371,-0.754751,1.54759
0.222399,0.00129243,0.0334554;1.48458,-0.839211,1.49391
0.205048,-0.015053,0.0403716;1.71237,-0.926202,1.6752
0.205249,-0.0154764,0.0305749;1.62401,-0.866128,1.59628
0.208009,-0.0142977,0.0287889;1.5705,-0.848852,1.56038
0.208649,-0.0141092,0.0286881;1.57724,-0.857922,1.57469
0.208728,-0.0144473,0.029132;1.56222,-0.948919,1.54524
0.194573,-0.0206178,0.0330911;1.463,-1.02724,1.46413
0.173509,-0.0336182,0.0395645;1.77974,-1.11699,1.74886
0.169683,-0.0356011,0.0331098;1.75107,-1.05947,1.71867
0.176298,-0.0332829,0.0289333;1.57328,-1.04099,1.55756
0.177004,-0.0329847,0.0286539;1.57466,-1.03857,1.57159
0.177985,-0.0331841,0.0289048;1.57039,-1.10789,1.55501
0.171994,-0.0334501,0.0305;1.52156,-1.15762,1.50907
0.150092,-0.04115,0.0366904;1.53643,-1.26318,1.53217
0.129182,-0.0484338,0.0367045;2.05396,-1.23705,2.02064
0.139941,-0.0461692,0.0295552;1.61721,-1.23866,1.60071
0.14165,-0.0460579,0.0287649;1.5721,-1.22286,1.56377
0.142968,-0.0465606,0.0287695;1.58078,-1.29858,1.57419
0.142392,-0.0461874,0.0290818;1.5471,-1.31847,1.52912
0.128906,-0.0462053,0.0330276;1.24174,-1.38648,1.23272
0.0905343,-0.0519157,0.0377096;2.72718,-1.38224,2.7086
0.0965759,-0.0501055,0.0342304;2.29118,-1.40446,2.27374
0.105587,-0.0504253,0.028878;1.56383,-1.42079,1.54793
0.106312,-0.0509152,0.0287242;1.62128,-1.45085,1.62005
0.106848,-0.0512706,0.0288698;1.56694,-1.48661,1.55301
0.102872,-0.0495377,0.0299785;1.21836,-1.5264,1.20141
0.059277,-0.0486184,0.0404525;-2.35308,-1.40299,-2.35433
0.0550874,-0.0468056,0.0370041;-2.70698,-1.39624,-2.712
0.0653957,-0.048968,0.0295402;-1.86978,-1.51395,-1.88523
0.0677445,-0.050062,0.0286829;-1.64384,-1.5199,-1.645
0.0681088,-0.0507712,0.02879;-1.57806,-1.45248,-1.58682
0.0667634,-0.0497055,0.0291863;-1.52966,-1.43291,-1.54799
0.0272339,-0.0393625,0.0404142;-1.84283,-1.23799,-1.83751
0.0190565,-0.035748,0.0374685;-2.11669,-1.24289,-2.10495
0.0281133,-0.0385605,0.0306974;-1.71064,-1.31536,-1.72213
0.0319105,-0.0410052,0.0286833;-1.58656,-1.32559,-1.5872
0.0321322,-0.041971,0.0287567;-1.57106,-1.25734,-1.57923
0.030889,-0.0408837,0.0291823;-1.55164,-1.23901,-1.57184
0.030889,-0.0408837,0.0291823;-1.55164,-1.23901,-1.57184
0.0162169,-0.0322427,0.0330766;-1.45278,-1.14363,-1.4769
0.0162169,-0.0322427,0.0330766;-1.45278,-1.14363,-1.4769
