-0.125,0.125,0.06;-1.57,-2.98023e-08,-1.57
-0.125,0.125,0.06;-1.57,-2.98023e-08,-1.57
-0.125,0.125,0.06;-1.57,-2.98023e-08,-1.57
-0.125928,0.121766,0.0286559;-1.5707,-0.153278,-1.57451
-0.125658,0.121983,0.0288906;-1.56866,-0.10607,-1.58407
-0.124019,0.133507,0.0325683;-1.50681,-0.0384422,-1.57238
-0.124765,0.163955,0.0354635;-1.69814,0.0514332,-1.57355
-0.122723,0.15532,0.0288139;-1.57074,-0.0432989,-1.58292
-0.122865,0.154949,0.0287296;-1.5767,-0.0438009,-1.57236
-0.123452,0.154767,0.0287204;-1.57751,-0.0147454,-1.57094
-0.123806,0.15487,0.0289027;-1.56862,0.0622549,-1.5845
-0.119958,0.163653,0.0320958;-1.51704,0.134997,-1.58572
-0.116111,0.187353,0.0388073;-1.56313,0.234492,-1.56941
-0.112741,0.194306,0.0322246;-1.64132,0.195986,-1.56324
-0.113565,0.185558,0.0287585;-1.57138,0.126012,-1.58338
-0.113541,0.185014,0.0286144;-1.57084,0.107913,-1.57246
-0.114262,0.184804,0.028879;-1.57061,0.177001,-1.58505
-0.111442,0.190582,0.03048;-1.54323,0.236809,-1.58498
-0.105422,0.212953,0.0369009;-1.57387,0.338618,-1.57036
-0.102356,0.229727,0.0366717;-1.73,0.360571,-1.52553
-0.100989,0.22579,0.0331558;-1.66533,0.315963,-1.54862
-0.103336,0.219425,0.0288349;-1.5721,0.276211,-1.5848
-0.103776,0.218122,0.0286715;-1.5717,0.29318,-1.57474
-0.103572,0.21801,0.0289191;-1.56813,0.352564,-1.58682
-0.0958833,0.229453,0.0324578;-1.50718,0.431045,-1.60347
-0.0858429,0.249649,0.0354682;-1.60937,0.504951,-1.55274
-0.0829274,0.251426,0.0313725;-1.63807,0.470785,-1.54653
-0.0846749,0.248192,0.0287039;-1.5764,0.435939,-1.56989
-0.0853327,0.248331,0.0287046;-1.5776,0.47575,-1.56766
-0.0861194,0.24819,0.0288187;-1.57091,0.522119,-1.58213
-0.0682679,0.267452,0.0354535;-1.48285,0.672625,-1.6254
-0.0561835,0.286674,0.0395052;-1.68807,0.735906,-1.49373
-0.0518157,0.290447,0.0355309;-1.74532,0.714481,-1.46495
-0.0578883,0.282212,0.0286729;-1.56839,0.644974,-1.57831
-0.0582115,0.282136,0.0286631;-1.57556,0.651839,-1.56812
-0.058948,0.282315,0.0286427;-1.57476,0.708206,-1.56821
-0.0501851,0.287861,0.0318733;-1.49676,0.815455,-1.6311
-0.0322933,0.304897,0.0379133;-1.60661,0.920387,-1.53996
-0.0197712,0.316742,0.0361173;-1.80884,0.933688,-1.3896
-0.0264492,0.30964,0.02882;-1.57228,0.871922,-1.58417
-0.0270411,0.309272,0.0286307;-1.57237,0.86801,-1.57089
-0.0276147,0.309434,0.028662;-1.57709,0.893792,-1.56587
-0.025379,0.310511,0.0294865;-1.54284,0.996978,-1.60377
-0.007824,0.319056,0.034915;-1.40398,1.08971,-1.71901
0.01162,0.331165,0.040278;-1.75742,1.16285,-1.39757
0.00773642,0.326766,0.0289086;-1.55981,1.07628,-1.59124
0.00668969,0.326455,0.0286818;-1.57037,1.04678,-1.57614
0.00610254,0.326543,0.0286788;-1.58052,1.06336,-1.56233
0.00601988,0.327182,0.0288943;-1.56008,1.19234,-1.59313
0.020177,0.330642,0.0327352;-1.36262,1.26224,-1.77246
0.0435312,0.339465,0.0384987;-1.94716,1.3447,-1.20638
0.041933,0.336366,0.0287234;-1.56014,1.27807,-1.59059
0.0405291,0.336341,0.0287041;-1.57009,1.24805,-1.57744
0.0400865,0.33644,0.0286864;-1.5874,1.26015,-1.55505
0.039714,0.337426,0.0288246;-1.56851,1.37654,-1.5848
0.0530146,0.33801,0.0321119;-1.16321,1.44024,-1.9789
0.0771124,0.342966,0.0380689;-2.85641,1.46933,-0.291622
0.0805196,0.342119,0.0294156;-1.89684,1.50082,-1.25094
0.0789498,0.342074,0.0288043;-1.57859,1.46314,-1.57515
0.0783086,0.34198,0.0286664;-1.59767,1.46466,-1.54542
0.0780257,0.34283,0.0288123;-1.56748,1.52299,-1.58514
0.0836085,0.341612,0.030604;0.377677,1.53801,2.75858
0.104094,0.340319,0.0375195;1.46513,1.45781,1.6796
0.120308,0.339814,0.0338085;2.16827,1.39669,0.97153
0.11634,0.338774,0.0288955;1.65856,1.46539,1.47787
0.114784,0.3391,0.0287152;1.56784,1.49134,1.56718
0.114213,0.33922,0.0287298;1.56976,1.47833,1.56476
0.114285,0.338672,0.0289189;1.54009,1.42055,1.58813
0.12673,0.333426,0.0330029;1.28117,1.32951,1.8482
0.166324,0.324342,0.0359349;1.933,1.17608,1.22141
0.166459,0.322561,0.0342896;1.89005,1.21085,1.26312
0.160951,0.324457,0.0286818;1.57796,1.25629,1.55213
0.160203,0.325194,0.0286388;1.57979,1.25495,1.56223
0.160081,0.326272,0.0287418;1.571,1.18111,1.56285
0.162198,0.323689,0.0296978;1.52202,1.13588,1.60953
0.203413,0.304341,0.0399898;1.77664,0.951058,1.39766
0.209233,0.300149,0.0371474;1.86432,0.980333,1.31291
0.199768,0.304629,0.0296279;1.6249,1.04616,1.51713
0.197369,0.307275,0.0286962;1.58239,1.07105,1.56058
0.197208,0.308321,0.0286735;1.57105,0.982859,1.56625
0.198059,0.306979,0.028961;1.55396,0.951116,1.57532
0.231888,0.281897,0.0381829;1.75473,0.769002,1.43304
0.237083,0.275442,0.0370064;1.80243,0.808329,1.39094
0.229489,0.280279,0.0297676;1.61384,0.860875,1.52965
0.227691,0.282795,0.0286866;1.57855,0.876926,1.56456
0.22747,0.284099,0.0286618;1.57054,0.783808,1.56709
0.227847,0.283484,0.0288189;1.56897,0.763243,1.56056
0.253848,0.255261,0.0389485;1.70405,0.596369,1.49003
0.259844,0.247078,0.0369311;1.76296,0.615507,1.44661
0.256445,0.25153,0.0295148;1.60112,0.627453,1.54708
0.255382,0.25334,0.0286375;1.5736,0.661842,1.56795
0.2554,0.254006,0.028659;1.5709,0.611124,1.56697
0.255699,0.253656,0.0287579;1.57046,0.610586,1.56246
0.267738,0.230242,0.0389646;1.5561,0.450852,1.58408
0.276452,0.21444,0.0341402;1.6974,0.416179,1.50956
0.277064,0.215202,0.0320905;1.6444,0.403387,1.53491
0.275001,0.217237,0.0286017;1.57064,0.463731,1.56972
0.275519,0.217718,0.0287097;1.57678,0.427914,1.56905
0.275814,0.218099,0.0287169;1.57069,0.384996,1.56422
0.275869,0.213502,0.030171;1.54141,0.338506,1.57739
0.289658,0.173458,0.0378042;1.66145,0.180151,1.5548
0.289366,0.170328,0.0342079;1.68085,0.21377,1.53945
0.287234,0.177682,0.0286744;1.57216,0.263475,1.55983
0.287357,0.178821,0.0285798;1.57083,0.255044,1.57082
0.288277,0.178361,0.0286621;1.57072,0.185229,1.56578
0.287907,0.177237,0.0288841;1.56226,0.151074,1.56573
0.293542,0.136672,0.0378973;1.68517,-0.0231653,1.56955
0.294006,0.127924,0.0359053;1.70875,-0.00870024,1.56096
0.293126,0.134048,0.0287897;1.57086,0.0226301,1.56109
0.293541,0.135502,0.0286455;1.57401,0.0298527,1.57081
0.29402,0.135808,0.0285816;1.57077,-0.0183048,1.57075
0.293703,0.135266,0.028819;1.56762,-0.0593861,1.56098
0.289173,0.0968758,0.0377686;1.66757,-0.231802,1.59027
0.289096,0.0827823,0.0355081;1.70668,-0.255187,1.59396
0.290001,0.0875813,0.0287435;1.57275,-0.241589,1.56573
0.290405,0.088911,0.0285936;1.57128,-0.214274,1.57056
0.290621,0.0890385,0.0285725;1.57064,-0.241532,1.57095
0.29062,0.0888744,0.0287405;1.57035,-0.277191,1.563
0.278399,0.0601174,0.0383374;1.56721,-0.445405,1.57637
0.272544,0.04177,0.0350334;1.71567,-0.47491,1.63041
0.273112,0.0417748,0.0317007;1.64216,-0.486506,1.59777
0.274521,0.0445543,0.0285939;1.57082,-0.439689,1.57009
0.274755,0.0447787,0.0285839;1.57108,-0.452957,1.57087
0.275036,0.0448066,0.0286537;1.57092,-0.46855,1.56742
0.263708,0.0309848,0.0344163;1.47645,-0.608472,1.52111
0.252636,0.0111012,0.0393687;1.67455,-0.678723,1.63961
0.246155,-0.00065278,0.0346879;1.72299,-0.716631,1.66133
0.248647,0.00315868,0.0286635;1.5699,-0.669809,1.56675
0.249002,0.00355749,0.0285929;1.57127,-0.673377,1.57033
0.249229,0.00348561,0.02863;1.57351,-0.7011,1.57345
0.242542,-0.000612206,0.0308718;1.51647,-0.814727,1.52982
0.22546,-0.0176525,0.0365665;1.58901,-0.909061,1.59111
0.213151,-0.0326212,0.0355403;1.79242,-0.945177,1.74094
0.216472,-0.0274051,0.0286955;1.57255,-0.889,1.56308
0.217228,-0.0267221,0.0285852;1.57085,-0.888003,1.57058
0.217617,-0.0268273,0.0285868;1.57126,-0.905017,1.5712
0.21627,-0.0275729,0.0290179;1.54665,-1.01054,1.5465
0.200565,-0.0359466,0.0335466;1.44485,-1.09966,1.46527
0.181056,-0.0509438,0.0371913;1.91616,-1.15857,1.88309
0.17978,-0.0515745,0.0287722;1.55944,-1.1432,1.55312
0.180597,-0.051383,0.028613;1.57097,-1.11988,1.56907
0.181107,-0.0513292,0.0285824;1.57165,-1.13276,1.57162
0.180916,-0.0513792,0.0287582;1.56298,-1.21555,1.55705
0.168759,-0.053642,0.0323699;1.36024,-1.28778,1.36877
0.145679,-0.0622722,0.0384397;1.89294,-1.37279,1.89039
0.135195,-0.0669446,0.028598;1.53594,-1.39777,1.52983
0.135828,-0.0670132,0.0285655;1.57483,-1.36251,1.57432
0.136386,-0.0670516,0.0285862;1.57329,-1.37092,1.57315
0.136563,-0.0670684,0.0286978;1.57032,-1.42041,1.56484
0.128826,-0.0665878,0.0314793;1.06379,-1.47837,1.06443
0.107807,-0.0692189,0.0382145;-2.56301,-1.54559,-2.55592
0.0910485,-0.0725299,0.0301407;-2.10316,-1.50149,-2.10763
0.0926938,-0.0726209,0.028695;-1.60341,-1.53612,-1.61032
0.093403,-0.0725978,0.0285797;-1.5671,-1.54891,-1.56715
0.0936071,-0.0726829,0.0285899;-1.57322,-1.53068,-1.57365
0.0923198,-0.0717459,0.0291644;-1.41725,-1.47777,-1.42176
0.0752894,-0.0683108,0.0351186;-1.22617,-1.36858,-1.22544
0.0427163,-0.0659484,0.0335845;-1.9103,-1.27328,-1.90544
0.0465091,-0.0670104,0.02865;-1.56351,-1.30658,-1.56907
0.0468458,-0.0670281,0.0285821;-1.56996,-1.33357,-1.57025
0.0470737,-0.0674053,0.0285789;-1.57052,-1.311,-1.57052
0.0472966,-0.0670387,0.0286893;-1.5652,-1.26432,-1.56999
0.0382721,-0.0614503,0.0316567;-1.44189,-1.18387,-1.45132
-0.00224148,-0.0497006,0.035328;-1.81818,-1.04102,-1.79575
0.000357638,-0.049217,0.0314932;-1.69604,-1.07772,-1.68777
0.00328785,-0.0502901,0.0287365;-1.57023,-1.11891,-1.57766
0.00401512,-0.0507836,0.0285854;-1.57166,-1.10749,-1.5715
0.00365009,-0.051061,0.028612;-1.57074,-1.05873,-1.57237
0.00252892,-0.0493247,0.0292996;-1.54324,-1.01161,-1.54918
-0.0343532,-0.0272942,0.0366414;-1.7759,-0.836566,-1.72729
-0.0392578,-0.0241339,0.0346926;-1.74484,-0.835404,-1.71048
-0.0352535,-0.0268964,0.0286458;-1.56696,-0.870341,-1.57351
-0.034642,-0.0277229,0.0285797;-1.57088,-0.887332,-1.57092
-0.0351017,-0.0277899,0.0285858;-1.56988,-0.853563,-1.57115
-0.0351505,-0.0274325,0.0286758;-1.56788,-0.815435,-1.57174
-0.0589845,-0.00164168,0.0383979;-1.63809,-0.645674,-1.6051
-0.0712745,0.0105713,0.0344015;-1.70874,-0.606444,-1.66133
-0.0687937,0.00725844,0.0287149;-1.56899,-0.620226,-1.57602
-0.0686787,0.00656014,0.0285797;-1.5708,-0.657329,-1.5708
-0.0687541,0.00630246,0.0285801;-1.57078,-0.629856,-1.57081
-0.0687019,0.00612204,0.028652;-1.57048,-0.612596,-1.57415
-0.0687019,0.00612204,0.028652;-1.57048,-0.612596,-1.57415
-0.0711468,0.012176,0.0315599;-1.51861,-0.54359,-1.54404
-0.0711468,0.012176,0.0315599;-1.51861,-0.54359,-1.54404
