-0.125,0.125,0.06;-1.57,-2.98023e-08,-1.57
-0.125,0.125,0.06;-1.57,-2.98023e-08,-1.57
-0.125,0.125,0.06;-1.57,-2.98023e-08,-1.57
-0.12557,0.121512,0.0286435;-1.5712,-0.163832,-1.57368
-0.125225,0.121741,0.0288685;-1.5693,-0.115309,-1.58358
-0.122975,0.133351,0.0323035;-1.5132,-0.0413832,-1.57249
-0.122929,0.162252,0.0357748;-1.70358,0.0330314,-1.57572
-0.121373,0.156126,0.0288192;-1.57086,-0.0378402,-1.58404
-0.121453,0.155501,0.0286124;-1.5715,-0.0372876,-1.57234
-0.121808,0.155508,0.0287154;-1.57732,-0.0163469,-1.57096
-0.12216,0.155651,0.0289736;-1.56792,0.0491847,-1.58758
-0.117961,0.165008,0.0323637;-1.51844,0.125988,-1.59014
-0.11334,0.187056,0.0396568;-1.56351,0.224356,-1.57382
-0.11018,0.193067,0.0326827;-1.64941,0.178454,-1.5637
-0.111676,0.183707,0.0288354;-1.56251,0.117688,-1.58656
-0.111824,0.183121,0.028647;-1.57093,0.102838,-1.57403
-0.112829,0.183038,0.0289123;-1.57057,0.170751,-1.58664
-0.108945,0.190775,0.0308005;-1.54321,0.237814,-1.58949
-0.102254,0.214821,0.0366265;-1.62304,0.338095,-1.56029
-0.100039,0.226959,0.0371771;-1.74071,0.339808,-1.52444
-0.0990473,0.223336,0.0337469;-1.67875,0.297963,-1.54752
-0.102036,0.216523,0.0288798;-1.57065,0.273012,-1.58652
-0.102663,0.215461,0.0287498;-1.57232,0.286874,-1.57679
-0.102534,0.215446,0.0290558;-1.5647,0.338126,-1.59053
-0.094121,0.229425,0.0322818;-1.51907,0.42881,-1.6028
-0.0856965,0.248631,0.0350976;-1.67151,0.481978,-1.52957
-0.0843043,0.246829,0.0325197;-1.65787,0.433342,-1.54066
-0.0879398,0.241219,0.0286615;-1.57344,0.405348,-1.57136
-0.088488,0.241264,0.0287502;-1.5802,0.442657,-1.56711
-0.0893232,0.24095,0.0288702;-1.57061,0.480901,-1.5847
-0.0721792,0.260302,0.0357888;-1.51487,0.633397,-1.60905
-0.0612324,0.278038,0.0403409;-1.69279,0.685621,-1.49733
-0.0579156,0.279851,0.0362889;-1.75323,0.642494,-1.4696
-0.0667642,0.268326,0.0287369;-1.57047,0.579198,-1.57864
-0.0671197,0.268115,0.0287141;-1.57792,0.589702,-1.56775
-0.0678402,0.268317,0.0287035;-1.57513,0.650516,-1.57059
-0.0585354,0.274781,0.0320958;-1.5074,0.745801,-1.62641
-0.0414009,0.292064,0.0386476;-1.63803,0.845403,-1.52405
-0.0317204,0.302031,0.0368385;-1.81239,0.841161,-1.39941
-0.0424262,0.29079,0.0288129;-1.56898,0.768411,-1.58699
-0.0429869,0.290514,0.0286957;-1.57513,0.764072,-1.57018
-0.0433358,0.290432,0.0287108;-1.57918,0.78854,-1.56529
-0.0410149,0.290892,0.0296911;-1.55231,0.874353,-1.60007
-0.0236314,0.3012,0.0350273;-1.4741,0.971305,-1.65678
-0.00651345,0.314743,0.0411522;-1.74321,1.03432,-1.42618
-0.0128841,0.309235,0.0291542;-1.58932,0.951167,-1.56931
-0.0142035,0.308901,0.0287433;-1.57059,0.930246,-1.57873
-0.0147323,0.309031,0.0287205;-1.58166,0.944453,-1.56241
-0.0148499,0.30933,0.0290547;-1.559,1.0429,-1.59861
4.356e-05,0.314101,0.0331632;-1.43666,1.12507,-1.7028
0.021951,0.325241,0.0398988;-1.80643,1.21389,-1.35582
0.0217772,0.323618,0.0298166;-1.62597,1.15505,-1.53291
0.0190212,0.323022,0.0287865;-1.57221,1.13544,-1.57929
0.0184901,0.32304,0.0287279;-1.58579,1.14351,-1.55805
0.0183906,0.323651,0.0290687;-1.55633,1.24014,-1.60197
0.0342806,0.325844,0.0328986;-1.35778,1.3228,-1.78866
0.0588418,0.332538,0.03931;-2.14933,1.39494,-1.00941
0.0582353,0.331523,0.0311912;-1.81885,1.34479,-1.33569
0.0510642,0.330911,0.0288665;-1.5737,1.31477,-1.58228
0.0503724,0.330732,0.0286218;-1.57209,1.31378,-1.57112
0.0502511,0.331576,0.0289477;-1.5654,1.39956,-1.59337
0.0621641,0.330694,0.031507;-1.22769,1.46342,-1.92399
0.0874597,0.3336,0.0372732;-3.1201,1.49589,-0.0288651
0.0933206,0.333043,0.0350961;-2.8077,1.4417,-0.344786
0.085491,0.331262,0.0302108;-1.89,1.46529,-1.2626
0.0822768,0.331399,0.0287672;-1.56866,1.44306,-1.58209
0.0813506,0.331539,0.0288439;-1.59559,1.46238,-1.55585
0.0821649,0.330922,0.0290395;-1.4781,1.51581,-1.68027
0.100346,0.32842,0.0331356;0.630077,1.50554,2.50251
0.130893,0.329893,0.0379671;2.55496,1.36569,0.582936
0.129702,0.32788,0.035385;2.63999,1.41929,0.496226
0.121076,0.329322,0.0289362;1.56488,1.52449,1.55955
0.119771,0.329962,0.0287019;1.66688,1.51243,1.47393
0.119216,0.330825,0.0288725;1.56759,1.45429,1.56007
0.123388,0.328621,0.0300271;1.46192,1.41557,1.66352
0.167178,0.31903,0.0412075;1.92537,1.21864,1.22753
0.172802,0.31523,0.0379159;2.13676,1.23549,1.0173
0.16324,0.318293,0.0311874;1.75894,1.31138,1.37504
0.158334,0.321256,0.0286806;1.5867,1.34168,1.55409
0.157654,0.322523,0.0288117;1.57333,1.26402,1.55824
0.159169,0.320945,0.0293062;1.54281,1.23275,1.58073
0.201543,0.303719,0.039056;1.84137,1.02875,1.32095
0.208913,0.298464,0.0380379;1.9369,1.06242,1.23163
0.201643,0.302288,0.0312149;1.67521,1.11167,1.4623
0.197134,0.306516,0.0286427;1.57466,1.13514,1.56583
0.197014,0.30764,0.0287683;1.57072,1.05575,1.56197
0.198169,0.305845,0.0292226;1.55893,1.03057,1.56431
0.235576,0.28088,0.0381157;1.81359,0.836557,1.36818
0.239124,0.275698,0.0381316;1.84125,0.879707,1.34206
0.232796,0.280636,0.0314659;1.6662,0.922731,1.48621
0.228856,0.285143,0.0286208;1.57139,0.947655,1.56866
0.22894,0.286359,0.0288184;1.57134,0.86494,1.55918
0.229146,0.285865,0.0289592;1.56662,0.850629,1.55771
0.256376,0.257386,0.0384018;1.70405,0.675545,1.47789
0.261305,0.250753,0.0371034;1.7835,0.704795,1.42186
0.256967,0.254422,0.0341785;1.71365,0.729218,1.46796
0.248849,0.262483,0.0286805;1.57096,0.807118,1.56589
0.249214,0.263471,0.0287275;1.58036,0.736174,1.56403
0.249152,0.263733,0.028892;1.57045,0.715518,1.55584
0.251049,0.257047,0.0306398;1.53943,0.65463,1.57643
0.274342,0.222191,0.0387684;1.71395,0.510997,1.4941
0.272218,0.221188,0.0358068;1.7337,0.559334,1.47501
0.266581,0.231682,0.0289841;1.56654,0.603654,1.55619
0.266392,0.232509,0.0287096;1.57815,0.600071,1.56638
0.266626,0.233721,0.0287854;1.57076,0.533558,1.56089
0.266542,0.231632,0.0292939;1.5593,0.50646,1.55961
0.282282,0.193548,0.0408266;1.65921,0.32772,1.5371
0.283186,0.186323,0.0371741;1.74711,0.369026,1.49606
0.27938,0.196357,0.0301415;1.60162,0.410748,1.54532
0.279078,0.200261,0.0287368;1.57809,0.424912,1.56685
0.279709,0.201517,0.0287225;1.57032,0.347715,1.564
0.279723,0.200302,0.0290895;1.56347,0.325678,1.55546
0.289162,0.15999,0.0390922;1.68192,0.144898,1.54449
0.290089,0.150964,0.0372946;1.73949,0.183821,1.52991
0.288201,0.161541,0.0303434;1.60589,0.217738,1.55281
0.288231,0.165393,0.0287175;1.57689,0.235829,1.56828
0.288929,0.166076,0.028689;1.57305,0.169801,1.56746
0.289007,0.165852,0.0289979;1.56715,0.146085,1.55407
0.289417,0.127878,0.0388029;1.63626,-0.0283738,1.56701
0.290045,0.115251,0.0373963;1.73745,-0.0266112,1.56441
0.288238,0.121872,0.0339737;1.67624,0.025321,1.56059
0.289109,0.132239,0.028659;1.57198,0.0660015,1.56823
0.289469,0.132335,0.0287049;1.57643,0.0401496,1.57018
0.289993,0.132786,0.0288434;1.57082,0.000768364,1.55825
0.284261,0.109676,0.0352233;1.51978,-0.141818,1.55741
0.283185,0.0875365,0.0405914;1.6704,-0.20546,1.58601
0.281182,0.0826241,0.036921;1.73159,-0.17076,1.58841
0.284189,0.0980973,0.0287716;1.57059,-0.0977872,1.56094
0.284416,0.0986642,0.0286931;1.57501,-0.106617,1.57001
0.285014,0.0986505,0.0287721;1.57776,-0.161874,1.56955
0.280284,0.0896543,0.0318198;1.52689,-0.255746,1.5469
0.273274,0.0663468,0.0383422;1.60686,-0.357455,1.58079
0.269584,0.0518611,0.0373887;1.73532,-0.370427,1.62072
0.272979,0.0652126,0.0288969;1.5687,-0.285673,1.55301
0.273363,0.0657069,0.0286943;1.57331,-0.276415,1.56844
0.273763,0.0657281,0.0286918;1.57618,-0.297082,1.57213
0.272356,0.0640467,0.0295365;1.5572,-0.379657,1.55044
0.262135,0.0471079,0.0351053;1.50367,-0.47639,1.5334
0.252375,0.0264822,0.0410035;1.67957,-0.550389,1.62327
0.25378,0.0321395,0.0298324;1.6006,-0.469274,1.57139
0.25547,0.0339009,0.0287634;1.57048,-0.44384,1.56167
0.256069,0.0341942,0.0287297;1.57777,-0.45679,1.57289
0.256231,0.0338518,0.0290619;1.56471,-0.559528,1.55068
0.245233,0.0218596,0.0332458;1.50084,-0.643701,1.51835
0.231279,0.00180741,0.0396285;1.6983,-0.734052,1.64797
0.231814,0.00345229,0.0302024;1.60755,-0.66295,1.58091
0.233929,0.00514636,0.0287772;1.57054,-0.639641,1.56116
0.2344,0.00532255,0.0287211;1.57843,-0.648506,1.57428
0.235294,0.00521265,0.0290259;1.56456,-0.748713,1.54898
0.223081,-0.00323269,0.0328453;1.49176,-0.827317,1.501
0.204994,-0.0205735,0.0390701;1.72446,-0.91831,1.68551
0.202623,-0.0211086,0.0326647;1.69715,-0.851656,1.659
0.209043,-0.0171925,0.028817;1.5712,-0.825419,1.55751
0.20938,-0.0167695,0.0286322;1.57157,-0.824644,1.56942
0.210222,-0.0169391,0.0288864;1.5702,-0.897654,1.55554
0.204842,-0.0180223,0.0303399;1.53564,-0.948872,1.52807
0.184313,-0.0297714,0.0363908;1.52812,-1.05311,1.53044
0.166567,-0.0399687,0.0363307;1.86223,-1.03615,1.81447
0.177777,-0.0334145,0.0290563;1.58946,-1.00228,1.57389
0.179473,-0.0328,0.0287691;1.57448,-0.980926,1.5665
0.180642,-0.0333084,0.0287301;1.57501,-1.05126,1.56946
0.180224,-0.0332382,0.0290174;1.56208,-1.07488,1.54548
0.167549,-0.0367055,0.0327947;1.4308,-1.15122,1.4305
0.132902,-0.0512946,0.0371172;2.06179,-1.21292,2.02458
0.139187,-0.0474629,0.0338285;1.84816,-1.18567,1.81967
0.147981,-0.0453726,0.0288849;1.57101,-1.16623,1.55546
0.148994,-0.045508,0.0287146;1.58686,-1.19247,1.58515
0.149702,-0.0459299,0.0288697;1.57002,-1.23334,1.55636
0.145548,-0.0454235,0.0300249;1.51484,-1.27505,1.50258
0.103863,-0.0544789,0.0407959;2.21004,-1.407,2.19927
0.100811,-0.0530993,0.0364288;2.26706,-1.33131,2.24307
0.11355,-0.050794,0.0290615;1.61126,-1.34014,1.59643
0.115672,-0.051267,0.0287142;1.5959,-1.33207,1.59462
0.116525,-0.0521394,0.0287657;1.57364,-1.40539,1.56538
0.115336,-0.0517331,0.0291513;1.52541,-1.4266,1.50922
0.0756185,-0.053015,0.0401663;-2.76097,-1.48088,-2.76545
0.0676709,-0.0520114,0.0371108;3.06369,-1.4054,3.05025
0.0785703,-0.0517155,0.0300391;2.04719,-1.51053,2.03283
0.0820222,-0.0526568,0.0287311;1.66055,-1.50253,1.65917
0.0827468,-0.0537255,0.0286999;-1.48524,-1.56484,-1.49136
0.0817677,-0.0534271,0.0290999;-1.40589,-1.54237,-1.42407
0.0817677,-0.0534271,0.0290999;-1.40589,-1.54237,-1.42407
0.0661443,-0.0501339,0.0329216;-1.15192,-1.4472,-1.16661
0.0661443,-0.0501339,0.0329216;-1.15192,-1.4472,-1.16661
