-0.125,0.125,0.06;-1.57,-2.98023e-08,-1.57
-0.125,0.125,0.06;-1.57,-2.98023e-08,-1.57
-0.125,0.125,0.06;-1.57,-2.98023e-08,-1.57
-0.126063,0.1187,0.0286084;-1.57095,-0.176789,-1.56945
-0.125649,0.119093,0.0286266;-1.57042,-0.132126,-1.57386
-0.123688,0.126582,0.0307663;-1.55245,-0.0649231,-1.58656
-0.123876,0.152079,0.0351881;-1.67665,-0.00314209,-1.59355
-0.123057,0.145275,0.0285564;-1.56964,-0.100669,-1.57087
-0.122923,0.144579,0.0286883;-1.57212,-0.125305,-1.56711
-0.122795,0.144093,0.0286764;-1.57099,-0.147725,-1.56619
-0.122892,0.145561,0.0286275;-1.5712,-0.0689645,-1.5734
-0.12011,0.15155,0.0304603;-1.56084,-0.00338513,-1.59112
-0.116555,0.177542,0.036395;-1.64653,0.105864,-1.5977
-0.115779,0.184673,0.0321293;-1.64083,0.0625934,-1.57744
-0.116227,0.177407,0.0284986;-1.57453,-0.00953787,-1.57224
-0.116313,0.176925,0.0286397;-1.57073,-0.0250355,-1.56789
-0.116201,0.177209,0.0285841;-1.57065,0.00541946,-1.57132
-0.114127,0.180188,0.0296942;-1.56449,0.0717909,-1.58762
-0.109652,0.203331,0.0349351;-1.61251,0.175526,-1.59451
-0.109299,0.21628,0.0372313;-1.70621,0.184752,-1.57697
-0.107971,0.213139,0.0324979;-1.65035,0.1218,-1.56975
-0.108704,0.2071,0.0285392;-1.57023,0.0720048,-1.56992
-0.109092,0.206433,0.028584;-1.57071,0.0610393,-1.57067
-0.108583,0.206533,0.0286926;-1.56946,0.116447,-1.57767
-0.104382,0.215018,0.0309219;-1.55433,0.18882,-1.59488
-0.0988489,0.23726,0.0337934;-1.65868,0.23629,-1.57079
-0.0978982,0.237587,0.030636;-1.61769,0.195579,-1.56856
-0.0989835,0.232923,0.0286938;-1.57339,0.108003,-1.56683
-0.0989011,0.232876,0.0287153;-1.57463,0.09642,-1.56628
-0.0988147,0.233707,0.02858;-1.57083,0.146959,-1.57071
-0.0895708,0.252057,0.0335574;-1.55327,0.282903,-1.60261
-0.0842021,0.274883,0.039048;-1.74073,0.333771,-1.55132
-0.0821846,0.276329,0.0359734;-1.71457,0.291109,-1.54593
-0.0854993,0.263687,0.0285813;-1.57088,0.203301,-1.57066
-0.0854839,0.262673,0.0286608;-1.57097,0.175364,-1.56689
-0.0853583,0.263335,0.0286588;-1.57101,0.192328,-1.56681
-0.0803703,0.2685,0.0304489;-1.5606,0.293058,-1.59428
-0.0706005,0.294025,0.0358256;-1.66275,0.401156,-1.56959
-0.0671898,0.305205,0.0384454;-1.74906,0.387518,-1.5321
-0.0698251,0.295117,0.0285321;-1.57035,0.294863,-1.5699
-0.070169,0.294365,0.0287097;-1.57292,0.285569,-1.56602
-0.0702474,0.294036,0.02867;-1.57099,0.273908,-1.56644
-0.0682765,0.296209,0.0289054;-1.56687,0.363317,-1.58527
-0.0585065,0.310616,0.0330271;-1.54896,0.453288,-1.60663
-0.0487612,0.333918,0.0392335;-1.75857,0.517213,-1.51538
-0.0508907,0.32647,0.0286949;-1.55822,0.420164,-1.58158
-0.0517782,0.325666,0.0285754;-1.57189,0.398885,-1.56925
-0.0521324,0.324745,0.0286627;-1.57085,0.375821,-1.5668
-0.0510241,0.326152,0.0287297;-1.57066,0.460829,-1.57826
-0.04309,0.33343,0.0314494;-1.54735,0.528932,-1.60558
-0.0282214,0.35718,0.0375734;-1.73369,0.62644,-1.51214
-0.0276369,0.356915,0.0287825;-1.56084,0.561734,-1.58151
-0.0287083,0.356195,0.0285668;-1.56988,0.539176,-1.57115
-0.0291524,0.355319,0.0286867;-1.57253,0.509056,-1.56582
-0.0278563,0.356632,0.0287339;-1.57057,0.586887,-1.57857
-0.0191497,0.363152,0.0314651;-1.5447,0.656108,-1.61008
-0.00184649,0.384903,0.0378581;-1.75255,0.748793,-1.48489
-0.000799787,0.38667,0.0289518;-1.58141,0.694805,-1.57364
-0.00223867,0.385194,0.0285789;-1.57053,0.640672,-1.57094
-0.00265492,0.384446,0.0286992;-1.57299,0.613639,-1.56559
-0.00217515,0.385096,0.0286175;-1.57095,0.635147,-1.57255
0.00209545,0.387144,0.030263;-1.55802,0.705618,-1.59821
0.0204488,0.404843,0.0359052;-1.6686,0.811882,-1.53299
0.0257517,0.411272,0.0341983;-1.70676,0.788588,-1.4916
0.0211865,0.405189,0.028782;-1.56235,0.723203,-1.58133
0.020077,0.404686,0.028578;-1.57049,0.691994,-1.571
0.0198158,0.40446,0.0285795;-1.57076,0.692094,-1.57084
0.01998,0.403988,0.0287661;-1.57015,0.750435,-1.58034
0.0292447,0.409291,0.031652;-1.53631,0.82522,-1.61917
0.0517841,0.430502,0.038554;-1.81443,0.894985,-1.41618
0.052123,0.428528,0.034382;-1.73548,0.845781,-1.45927
0.0467407,0.423037,0.028521;-1.57369,0.798134,-1.5695
0.0457181,0.422091,0.0286665;-1.57126,0.757265,-1.56636
0.0465269,0.423071,0.0285762;-1.57104,0.814245,-1.5707
0.0486761,0.423136,0.0291076;-1.56614,0.857736,-1.58753
0.0844028,0.448955,0.0405499;-1.89521,1.00095,-1.34207
0.0886227,0.451003,0.0383108;-1.85673,0.959143,-1.36055
0.0829629,0.446657,0.0291314;-1.60562,0.949295,-1.54894
0.0802051,0.445217,0.0286591;-1.57108,0.894318,-1.56694
0.0811098,0.446129,0.028567;-1.57082,0.941435,-1.57143
0.0819165,0.445852,0.028812;-1.57018,0.979449,-1.58279
0.118146,0.464154,0.0393991;-1.94414,1.12472,-1.27503
0.125437,0.467584,0.038448;-1.9305,1.08582,-1.276
0.11894,0.46364,0.029356;-1.61779,1.07833,-1.53532
0.115892,0.462658,0.0286761;-1.57174,1.0229,-1.56586
0.116589,0.4633,0.028556;-1.57043,1.05815,-1.57227
0.117044,0.463174,0.0288147;-1.5696,1.08023,-1.5834
0.154915,0.477143,0.0393576;-2.04094,1.22819,-1.16893
0.163026,0.480142,0.0383074;-2.0317,1.18192,-1.16647
0.156747,0.477177,0.0293405;-1.63076,1.18922,-1.52201
0.153635,0.476719,0.0287027;-1.57553,1.15557,-1.56246
0.153938,0.476953,0.0285785;-1.57113,1.17133,-1.57033
0.154045,0.476986,0.0287201;-1.57018,1.18145,-1.57815
0.187739,0.483941,0.0368843;-2.08792,1.33664,-1.10356
0.197107,0.486259,0.0367425;-2.10536,1.28527,-1.0723
0.193415,0.484752,0.0328959;-1.88047,1.30076,-1.28367
0.186231,0.483282,0.0286227;-1.57172,1.25067,-1.56756
0.185513,0.482809,0.0287225;-1.57685,1.2229,-1.56012
0.186086,0.482862,0.028578;-1.57109,1.26633,-1.57039
0.189391,0.481702,0.0294662;-1.55536,1.31517,-1.60073
0.231206,0.489282,0.0390124;-2.48866,1.36266,-0.696891
0.230789,0.48833,0.0347573;-2.17319,1.37302,-0.991174
0.224715,0.488134,0.028616;-1.56437,1.37988,-1.57976
0.223678,0.487804,0.0286617;-1.57178,1.32686,-1.56583
0.224523,0.488089,0.0285782;-1.57111,1.35275,-1.57035
0.224811,0.487534,0.0288225;-1.56032,1.40158,-1.59271
0.26744,0.489439,0.0389716;3.12216,1.41901,-0.0210426
0.274087,0.489557,0.0373501;-2.88406,1.4091,-0.283901
0.266876,0.48952,0.028751;-1.53054,1.50615,-1.61653
0.264867,0.489701,0.0286561;-1.57196,1.4438,-1.56593
0.265262,0.48982,0.0285799;-1.57042,1.45339,-1.571
0.265571,0.489529,0.0287567;-1.56567,1.49027,-1.58464
0.305506,0.487068,0.0385209;2.55672,1.39806,0.551535
0.313565,0.486428,0.0375687;2.79823,1.40755,0.325076
0.306163,0.486297,0.0286374;1.39516,1.55052,1.74037
0.304178,0.486617,0.0286466;-1.57329,1.53543,-1.56517
0.304347,0.486547,0.0286344;-1.57416,1.53242,-1.56475
0.30453,0.486461,0.0286534;-1.59584,1.55788,-1.54974
0.337761,0.481071,0.0362793;2.17135,1.37693,0.939761
0.34768,0.48082,0.0385951;2.4228,1.35315,0.701264
0.343796,0.480194,0.0322225;2.16883,1.44166,0.96881
0.339103,0.48133,0.0286699;1.59677,1.50393,1.54871
0.338436,0.481282,0.0286617;1.59074,1.52899,1.55459
0.338891,0.481206,0.0285756;1.57198,1.51237,1.56966
0.357431,0.474193,0.0329464;1.49349,1.3713,1.62093
0.38208,0.471232,0.0392402;2.13359,1.26313,0.990611
0.384304,0.469486,0.0367155;2.14787,1.30541,0.989543
0.37614,0.471589,0.028574;1.56974,1.39719,1.57196
0.374756,0.471807,0.0286507;1.57235,1.42546,1.57265
0.374893,0.471722,0.0286808;1.57639,1.42719,1.57012
0.379051,0.468578,0.0300974;1.53353,1.33923,1.58793
0.403299,0.460374,0.0356809;1.78709,1.22251,1.33247
0.41513,0.458045,0.0388175;2.02989,1.19617,1.10729
0.40864,0.459397,0.0284986;1.57539,1.29701,1.56625
0.408008,0.459678,0.0286515;1.57035,1.31301,1.57472
0.407313,0.459684,0.0286593;1.57164,1.33872,1.57381
0.408084,0.458867,0.0289128;1.56473,1.28423,1.56373
0.423245,0.450347,0.0326943;1.51339,1.19065,1.59845
0.447944,0.442108,0.0394724;1.92391,1.08451,1.21449
0.444689,0.441754,0.0286892;1.53883,1.18971,1.59552
0.443896,0.442648,0.0285758;1.56954,1.20667,1.57234
0.442736,0.442861,0.0286491;1.57113,1.23931,1.57373
0.443225,0.442499,0.0287342;1.57011,1.21193,1.56394
0.451682,0.436323,0.031126;1.54418,1.12892,1.57199
0.475919,0.425195,0.0384269;1.84703,1.02015,1.29329
0.475701,0.424107,0.0286037;1.54876,1.11554,1.58474
0.475061,0.425101,0.0285745;1.57175,1.12703,1.57047
0.473933,0.42539,0.0286514;1.5713,1.15558,1.57359
0.474223,0.425165,0.0286882;1.57096,1.12476,1.56539
0.479765,0.419221,0.0310959;1.5406,1.06162,1.57465
0.503213,0.405491,0.0372431;1.78776,0.948784,1.35546
0.505894,0.403152,0.0305192;1.65125,1.01676,1.49572
0.504054,0.404853,0.0285794;1.57042,1.03793,1.57105
0.503232,0.405315,0.0286688;1.57234,1.06115,1.57321
0.503252,0.405266,0.028578;1.57133,1.05405,1.57026
0.503497,0.403895,0.0292223;1.57254,1.01626,1.55535
0.516944,0.391432,0.0340498;1.57285,0.925023,1.54171
0.535809,0.37852,0.0356239;1.78343,0.905922,1.38586
0.530015,0.383112,0.0287267;1.55532,0.948664,1.57905
0.52993,0.383914,0.0285796;1.57026,0.96097,1.57143
0.529307,0.384153,0.028619;1.57111,0.985984,1.57243
0.529282,0.383909,0.0286788;1.57082,0.968989,1.56594
0.532708,0.377815,0.0307424;1.55075,0.905089,1.565
0.562132,0.352227,0.0386395;1.8054,0.791114,1.37293
0.558662,0.354406,0.0318434;1.66833,0.834158,1.49066
0.556355,0.357534,0.0285683;1.57046,0.860609,1.57144
0.55538,0.358323,0.0286501;1.5709,0.899398,1.57409
0.555586,0.358175,0.0285756;1.57064,0.890113,1.57073
0.55558,0.357159,0.0290668;1.57419,0.853148,1.5554
0.583833,0.326424,0.0394706;1.78424,0.684461,1.39471
0.584597,0.323563,0.0362921;1.7573,0.734294,1.42717
0.579581,0.329057,0.0287313;1.5605,0.775236,1.57303
0.578355,0.330606,0.0286369;1.57091,0.827731,1.57341
0.578688,0.330301,0.0285826;1.5713,0.817268,1.57073
0.578617,0.33009,0.0287423;1.57035,0.794828,1.56318
0.600654,0.303021,0.0381432;1.74188,0.625075,1.43061
0.605422,0.296581,0.0374015;1.77146,0.66429,1.4236
0.600511,0.302113,0.0287172;1.56525,0.70344,1.56795
0.599279,0.304071,0.0286517;1.57097,0.741389,1.57412
0.599751,0.303681,0.0285686;1.57106,0.721115,1.57021
0.599657,0.303444,0.0287338;1.57045,0.698387,1.56349
0.599657,0.303444,0.0287338;1.57045,0.698387,1.56349
0.602275,0.295679,0.0311908;1.55287,0.649068,1.55804
0.602275,0.295679,0.0311908;1.55287,0.649068,1.55804
