-0.125,0.125,0.06;-1.57,-2.98023e-08,-1.57
-0.125,0.125,0.06;-1.57,-2.98023e-08,-1.57
-0.125,0.125,0.06;-1.57,-2.98023e-08,-1.57
-0.125725,0.121102,0.028594;-1.57075,-0.0985634,-1.57007
-0.125521,0.121335,0.0286157;-1.57085,-0.0602505,-1.57265
-0.123871,0.126237,0.030544;-1.55695,-0.00572676,-1.58863
-0.123036,0.149776,0.0349268;-1.67155,0.0480777,-1.58874
-0.122553,0.144603,0.0285746;-1.5702,-0.029997,-1.57055
-0.122188,0.143492,0.0286684;-1.57087,-0.0591118,-1.56655
-0.122078,0.14282,0.0286581;-1.57088,-0.0958254,-1.56703
-0.121748,0.143959,0.0285876;-1.57097,-0.0394263,-1.57155
-0.119354,0.150189,0.0301682;-1.55858,0.0242401,-1.58637
-0.117291,0.177109,0.035108;-1.65646,0.120609,-1.59711
-0.116125,0.177952,0.0310234;-1.61771,0.0670868,-1.57862
-0.116593,0.17343,0.0285218;-1.5715,0.0165609,-1.57007
-0.116657,0.17302,0.0286618;-1.57256,0.00657507,-1.56848
-0.116572,0.173786,0.0285735;-1.57073,0.0363893,-1.57115
-0.115138,0.176553,0.0293959;-1.56728,0.0876711,-1.58391
-0.111419,0.196346,0.0342921;-1.59574,0.175382,-1.59739
-0.110497,0.206278,0.0369942;-1.69994,0.174289,-1.57974
-0.109348,0.203635,0.0318869;-1.63843,0.124175,-1.57073
-0.11005,0.198414,0.0285545;-1.56989,0.0766467,-1.56919
-0.110207,0.197847,0.0286187;-1.57082,0.07001,-1.56897
-0.109947,0.197835,0.0286118;-1.57097,0.104361,-1.57272
-0.107449,0.203106,0.0303972;-1.55971,0.164362,-1.59009
-0.103654,0.221502,0.0329405;-1.64087,0.207204,-1.57841
-0.102636,0.221489,0.0299684;-1.60591,0.164914,-1.57144
-0.103203,0.216855,0.0286614;-1.57088,0.0891963,-1.56689
-0.10317,0.216742,0.0286666;-1.57176,0.0783232,-1.56703
-0.103067,0.21741,0.028576;-1.57073,0.110688,-1.57108
-0.0960267,0.237146,0.0330908;-1.54317,0.246717,-1.60048
-0.0923254,0.256254,0.0388384;-1.73354,0.280283,-1.56244
-0.0912261,0.256057,0.0355959;-1.70306,0.242177,-1.55643
-0.0929334,0.245536,0.0285822;-1.57038,0.175618,-1.57078
-0.0926872,0.244561,0.0286585;-1.57082,0.14904,-1.56697
-0.0926689,0.244986,0.0286703;-1.57099,0.157177,-1.56643
-0.0886549,0.251537,0.0303166;-1.55635,0.259476,-1.59007
-0.080799,0.277326,0.0351988;-1.65981,0.350237,-1.57713
-0.0791128,0.284743,0.038489;-1.73619,0.329238,-1.54825
-0.0814292,0.274446,0.0285461;-1.56969,0.241156,-1.56939
-0.0815859,0.273747,0.0287244;-1.57423,0.230674,-1.56645
-0.0816541,0.273081,0.0286577;-1.57095,0.212663,-1.56709
-0.0801752,0.274316,0.0288449;-1.56735,0.293131,-1.5819
-0.0722397,0.290162,0.0325929;-1.54075,0.372494,-1.60449
-0.065189,0.310372,0.0392706;-1.74531,0.414588,-1.53967
-0.0655827,0.302109,0.028656;-1.56263,0.318018,-1.57674
-0.0662582,0.301297,0.0285776;-1.57063,0.302084,-1.57091
-0.0662276,0.300285,0.0286609;-1.57088,0.274955,-1.56686
-0.065357,0.30113,0.0286409;-1.57057,0.332262,-1.57415
-0.0592178,0.310382,0.0311099;-1.54745,0.402077,-1.59813
-0.0492577,0.334458,0.0371817;-1.70921,0.475918,-1.54492
-0.0481534,0.329982,0.0287573;-1.55887,0.380196,-1.57708
-0.0491049,0.328937,0.0285797;-1.57047,0.363583,-1.57073
-0.0490559,0.328059,0.0286655;-1.5709,0.340242,-1.56667
-0.0483992,0.328796,0.0286714;-1.57059,0.397784,-1.57582
-0.0417663,0.337728,0.0313539;-1.54347,0.465602,-1.60245
-0.030317,0.360457,0.0373487;-1.71644,0.541231,-1.53411
-0.0291939,0.356985,0.028748;-1.57203,0.454777,-1.57709
-0.0307019,0.354754,0.0285791;-1.57047,0.424441,-1.57081
-0.0308983,0.354118,0.0286999;-1.57285,0.415611,-1.56594
-0.0305083,0.354854,0.0285769;-1.571,0.451857,-1.57071
-0.0268982,0.358321,0.0299878;-1.55783,0.508759,-1.5918
-0.0137029,0.378661,0.035017;-1.63954,0.595996,-1.5663
-0.0116047,0.382871,0.0334934;-1.66472,0.561495,-1.53895
-0.0146021,0.376897,0.0287181;-1.5646,0.508718,-1.57679
-0.0153775,0.376273,0.0285827;-1.57054,0.480778,-1.57052
-0.0154016,0.376208,0.0285848;-1.57074,0.484714,-1.57049
-0.015099,0.376043,0.0286818;-1.56987,0.524793,-1.57658
-0.00927053,0.381885,0.0310794;-1.54863,0.587794,-1.60261
0.00595877,0.403779,0.0386058;-1.75949,0.644275,-1.49311
0.00598077,0.401223,0.0341702;-1.69421,0.603086,-1.5136
0.00232192,0.394932,0.028457;-1.57435,0.550202,-1.56956
0.00149965,0.393448,0.0286642;-1.57105,0.502351,-1.56664
0.00191041,0.394056,0.0285759;-1.5711,0.534786,-1.57074
0.00381187,0.394832,0.0290066;-1.56218,0.586241,-1.58571
0.0289578,0.42659,0.0406692;-1.80192,0.720038,-1.46525
0.0320928,0.428886,0.0381793;-1.77579,0.674423,-1.46769
0.0276037,0.420215,0.0288764;-1.58244,0.628237,-1.5687
0.0250806,0.417504,0.0286649;-1.57095,0.58226,-1.56675
0.025498,0.418028,0.0285662;-1.57096,0.600717,-1.57125
0.0265014,0.418153,0.0288261;-1.56149,0.646441,-1.5856
0.0527264,0.446093,0.0392786;-1.78179,0.784695,-1.46647
0.057703,0.450629,0.0382771;-1.79453,0.73797,-1.44605
0.0536049,0.440428,0.0292081;-1.59581,0.67346,-1.56069
0.0506152,0.436996,0.0286671;-1.57092,0.630006,-1.5665
0.0507684,0.437347,0.0285801;-1.57114,0.646432,-1.57032
0.0518981,0.437369,0.0287974;-1.56754,0.692728,-1.58163
0.079528,0.464133,0.0392736;-1.80086,0.829734,-1.44373
0.0841784,0.468133,0.0383703;-1.80882,0.784074,-1.4285
0.0781566,0.459464,0.0289552;-1.58646,0.742282,-1.56664
0.0756774,0.457274,0.0286656;-1.57095,0.700236,-1.56669
0.0759918,0.457629,0.02858;-1.57096,0.715702,-1.57065
0.0763727,0.457506,0.0286347;-1.57093,0.743514,-1.57343
0.101955,0.478705,0.0363051;-1.74843,0.883623,-1.47026
0.107126,0.482322,0.0366011;-1.78482,0.834985,-1.43068
0.103487,0.477703,0.0319226;-1.66077,0.832281,-1.51687
0.0981971,0.473115,0.0286303;-1.5709,0.759388,-1.56838
0.0977935,0.472314,0.0287376;-1.57493,0.726179,-1.56347
0.0983719,0.472849,0.0285743;-1.57083,0.764345,-1.57105
0.101405,0.473309,0.0293379;-1.55691,0.820802,-1.59313
0.130798,0.497113,0.0388361;-1.82568,0.910262,-1.40457
0.130804,0.495264,0.0345571;-1.73903,0.873937,-1.45527
0.125016,0.490165,0.0285663;-1.57019,0.825599,-1.57088
0.12406,0.489197,0.0286577;-1.57092,0.792108,-1.56696
0.124384,0.489681,0.0285802;-1.57083,0.814837,-1.57074
0.125229,0.489434,0.0287412;-1.56794,0.866764,-1.58063
0.158235,0.512205,0.0386059;-1.83883,0.997883,-1.38461
0.162751,0.514815,0.0374693;-1.83967,0.951461,-1.37178
0.155286,0.507889,0.0287999;-1.55282,0.911822,-1.58817
0.153067,0.506513,0.0286623;-1.57107,0.846016,-1.56681
0.153584,0.506976,0.0286104;-1.57095,0.856435,-1.5691
0.154194,0.506762,0.0286716;-1.57045,0.901315,-1.57583
0.185578,0.525663,0.0379401;-1.8367,1.03366,-1.38069
0.19142,0.528822,0.0374777;-1.84678,0.98464,-1.36122
0.18384,0.522,0.0286792;-1.55198,0.942689,-1.59091
0.181794,0.520712,0.0286662;-1.57091,0.887935,-1.56658
0.181952,0.520935,0.0286446;-1.57115,0.892741,-1.56724
0.182436,0.520835,0.0286019;-1.56986,0.932177,-1.5725
0.212504,0.537353,0.0356326;-1.77815,1.0788,-1.4264
0.218523,0.541359,0.0387142;-1.89572,1.04482,-1.31878
0.214343,0.537589,0.0317399;-1.6963,1.01647,-1.47237
0.209142,0.534718,0.0287244;-1.57617,0.97233,-1.56247
0.209016,0.534493,0.0286645;-1.57098,0.965592,-1.56658
0.209482,0.534885,0.0285756;-1.57008,0.996673,-1.57105
0.227659,0.54109,0.0326006;-1.50833,1.12342,-1.65029
0.246431,0.551758,0.039131;-1.95986,1.15025,-1.25252
0.248517,0.551712,0.0367493;-1.90738,1.11843,-1.2878
0.23811,0.54591,0.0285788;-1.57048,1.06027,-1.57112
0.237434,0.545264,0.0286646;-1.57132,1.03947,-1.56633
0.237687,0.545412,0.0287164;-1.57616,1.04314,-1.56207
0.243943,0.545939,0.0300806;-1.53515,1.14001,-1.61824
0.267195,0.554744,0.0352444;-1.73957,1.22657,-1.44547
0.276234,0.559193,0.0387139;-2.01585,1.19153,-1.18789
0.267474,0.554218,0.0285677;-1.57207,1.13043,-1.56925
0.266829,0.553949,0.0287175;-1.57873,1.11991,-1.56059
0.266237,0.553522,0.0286545;-1.57084,1.09593,-1.56722
0.267587,0.553181,0.0288334;-1.56097,1.16409,-1.58962
0.28372,0.5567,0.0322706;-1.48819,1.23787,-1.67201
0.30511,0.565426,0.0393215;-2.09982,1.25958,-1.10577
0.300048,0.560676,0.0286535;-1.53646,1.19368,-1.60688
0.298596,0.560606,0.0285767;-1.57025,1.17408,-1.57127
0.297873,0.560045,0.0286642;-1.57112,1.15369,-1.56643
0.299127,0.559962,0.0286863;-1.56963,1.21564,-1.57734
0.311088,0.561067,0.0313807;-1.48568,1.28251,-1.67213
0.335089,0.567812,0.0377362;-2.14865,1.32381,-1.04662
0.332174,0.563958,0.0287652;-1.52652,1.25925,-1.6155
0.330566,0.564014,0.0285812;-1.57045,1.23814,-1.57099
0.329712,0.563444,0.0286666;-1.57108,1.21257,-1.56639
0.330789,0.563231,0.0286616;-1.5702,1.2659,-1.5754
0.341406,0.563575,0.0310334;-1.48441,1.33255,-1.67377
0.365736,0.568731,0.0368265;-2.22552,1.38203,-0.962803
0.364934,0.567303,0.0302782;-1.73919,1.33021,-1.41401
0.36071,0.566705,0.0285636;-1.56964,1.2993,-1.57155
0.360266,0.566459,0.0286919;-1.57646,1.29084,-1.56152
0.360887,0.566491,0.0285748;-1.56997,1.32057,-1.57158
0.3632,0.565598,0.0291658;-1.52454,1.37513,-1.62742
0.384663,0.56772,0.03334;-1.53381,1.46022,-1.63339
0.40121,0.570203,0.0354823;-2.32763,1.39534,-0.838872
0.392166,0.567753,0.0286942;-1.52537,1.38191,-1.61701
0.391131,0.567851,0.0285911;-1.57307,1.3656,-1.56749
0.390985,0.567856,0.0286381;-1.57146,1.36432,-1.56733
0.391417,0.567548,0.0286432;-1.56974,1.40469,-1.57512
0.399267,0.566225,0.0308205;-1.394,1.46477,-1.76459
0.432282,0.569459,0.0387443;-2.95148,1.4056,-0.223833
0.426396,0.567936,0.0316555;-2.24213,1.46712,-0.911026
0.420991,0.567294,0.0285451;-1.56746,1.44186,-1.57319
0.420149,0.567188,0.0286608;-1.57176,1.43154,-1.56602
0.421024,0.567285,0.0285739;-1.57096,1.4636,-1.5709
0.422226,0.566266,0.0289539;-1.43793,1.51435,-1.71394
0.460826,0.566326,0.0395733;2.71884,1.39179,0.387508
0.462161,0.56479,0.0362143;2.93642,1.4346,0.1881
0.453465,0.56445,0.028634;-1.25942,1.54762,-1.88678
0.451808,0.564467,0.0286609;-1.57399,1.51478,-1.56372
0.452529,0.564522,0.0286231;-1.57579,1.53641,-1.56363
0.452968,0.564037,0.0286918;1.46766,1.56187,1.6681
0.490754,0.559922,0.0377958;2.24356,1.36094,0.868941
0.497112,0.558178,0.0373289;2.50084,1.37839,0.6279
0.487031,0.557372,0.0288247;1.35886,1.51286,1.77935
0.484528,0.557748,0.0286645;1.58169,1.56391,1.56394
0.485288,0.557698,0.0286089;1.58132,1.54952,1.56176
0.485473,0.557072,0.0286766;1.56551,1.50567,1.57096
0.485473,0.557072,0.0286766;1.56551,1.50567,1.57096
0.496578,0.553232,0.0313023;1.40172,1.43468,1.7187
0.496578,0.553232,0.0313023;1.40172,1.43468,1.7187
