-0.125,0.125,0.06;-1.57,-2.98023e-08,-1.57
-0.125,0.125,0.06;-1.57,-2.98023e-08,-1.57
-0.125,0.125,0.06;-1.57,-2.98023e-08,-1.57
-0.126216,0.117237,0.0286116;-1.57082,-0.127142,-1.56927
-0.12575,0.117819,0.0286345;-1.57065,-0.0727425,-1.5738
-0.123176,0.125743,0.0310186;-1.54475,-0.00249398,-1.5873
-0.121894,0.152217,0.035319;-1.67709,0.0603609,-1.58964
-0.12197,0.145389,0.0285699;-1.57022,-0.0436054,-1.5709
-0.121362,0.143757,0.0286827;-1.57185,-0.0991832,-1.56678
-0.12116,0.143154,0.0286711;-1.57101,-0.12348,-1.5663
-0.12108,0.145256,0.028595;-1.57026,-0.0490484,-1.57284
-0.11832,0.151544,0.0305899;-1.55129,0.0106653,-1.58674
-0.114996,0.178877,0.0362013;-1.60732,0.114408,-1.59956
-0.114204,0.184527,0.0311812;-1.62015,0.0814298,-1.57895
-0.114952,0.177412,0.0285193;-1.57161,0.00812104,-1.57028
-0.115056,0.176267,0.0286867;-1.573,-0.0257176,-1.56796
-0.115029,0.177198,0.0285786;-1.57082,0.0126327,-1.57072
-0.113321,0.180259,0.029777;-1.55925,0.0665694,-1.58495
-0.108645,0.203472,0.0356916;-1.54766,0.172237,-1.60149
-0.107572,0.217951,0.0372948;-1.70534,0.189588,-1.57868
-0.106544,0.213606,0.0321435;-1.64311,0.129088,-1.57008
-0.107881,0.206332,0.0285386;-1.57177,0.060617,-1.57101
-0.108112,0.205182,0.0286196;-1.57088,0.0165548,-1.56902
-0.107889,0.205354,0.0285713;-1.57132,0.05626,-1.57452
-0.105116,0.211285,0.0309536;-1.54877,0.119064,-1.59001
-0.101877,0.232448,0.0334005;-1.6177,0.176186,-1.58854
-0.100936,0.233714,0.0302838;-1.612,0.138537,-1.57141
-0.102043,0.227533,0.0287102;-1.57342,0.00430308,-1.56677
-0.101802,0.227701,0.0287107;-1.57321,-0.00255221,-1.56639
-0.101557,0.228854,0.0285774;-1.57085,0.0445357,-1.57088
-0.0943815,0.248428,0.0339556;-1.51916,0.184546,-1.60289
-0.0915145,0.271924,0.0392797;-1.74011,0.236583,-1.56867
-0.0903895,0.272605,0.0363339;-1.70991,0.202145,-1.56236
-0.093018,0.259005,0.0285967;-1.5707,0.0722724,-1.56994
-0.0924458,0.257448,0.0286679;-1.57121,0.0161719,-1.56644
-0.0923647,0.258008,0.028662;-1.571,0.0208333,-1.56675
-0.0887213,0.265179,0.0305811;-1.54909,0.121312,-1.5895
-0.0826121,0.291805,0.0364505;-1.60645,0.226926,-1.59548
-0.0812589,0.304359,0.0390975;-1.74405,0.219843,-1.56534
-0.0822516,0.290135,0.0285532;-1.56988,0.102369,-1.56908
-0.082292,0.288813,0.0287608;-1.57536,0.0756984,-1.56639
-0.0821903,0.288561,0.0286665;-1.57091,0.0686906,-1.56664
-0.0806032,0.290885,0.0289762;-1.56244,0.161688,-1.58335
-0.0738361,0.308177,0.0336025;-1.51743,0.247974,-1.60672
-0.068655,0.333951,0.0391547;-1.74324,0.319199,-1.55799
-0.0689831,0.32464,0.0286459;-1.56252,0.213759,-1.57593
-0.0700454,0.322826,0.0285193;-1.57387,0.175596,-1.5698
-0.0697527,0.321273,0.0286713;-1.57082,0.136791,-1.56628
-0.0690138,0.32276,0.0286821;-1.57056,0.210618,-1.57595
-0.0639527,0.331676,0.0319002;-1.53534,0.275064,-1.59992
-0.0560988,0.358717,0.0371817;-1.68486,0.384362,-1.57153
-0.0559893,0.357315,0.0288937;-1.5564,0.292316,-1.57648
-0.0569941,0.356127,0.0285896;-1.57052,0.255633,-1.57027
-0.0569498,0.355054,0.0286788;-1.57095,0.222356,-1.5661
-0.0560509,0.356769,0.0286951;-1.57045,0.303895,-1.57683
-0.0496472,0.366086,0.0318227;-1.53599,0.369321,-1.60277
-0.0387729,0.393403,0.03713;-1.70673,0.474878,-1.55374
-0.0386051,0.392688,0.0287304;-1.56206,0.412296,-1.57925
-0.0400068,0.390502,0.0285654;-1.5706,0.357588,-1.57068
-0.040211,0.38855,0.0286926;-1.57219,0.312439,-1.56631
-0.0393168,0.390101,0.028581;-1.57072,0.361667,-1.57112
-0.0351539,0.394705,0.0304201;-1.5508,0.419581,-1.59456
-0.0221043,0.417799,0.0363423;-1.58859,0.529755,-1.59164
-0.018491,0.425135,0.0338578;-1.66866,0.511828,-1.54187
-0.0219061,0.417571,0.0287944;-1.55736,0.446601,-1.57808
-0.0231006,0.415848,0.0285758;-1.5707,0.394405,-1.57102
-0.0231084,0.415819,0.0285829;-1.57065,0.397406,-1.57053
-0.0225053,0.415634,0.0286869;-1.57057,0.437264,-1.57624
-0.0161492,0.421999,0.0317193;-1.53582,0.506211,-1.60648
-0.000178655,0.449595,0.0391508;-1.7601,0.583922,-1.50536
-0.000244586,0.446791,0.0343891;-1.69067,0.536915,-1.52398
-0.00437856,0.438697,0.0284738;-1.57311,0.469345,-1.57061
-0.00558583,0.436027,0.0286698;-1.57121,0.359701,-1.56621
-0.00523516,0.43688,0.0285788;-1.57079,0.398618,-1.57088
-0.00334047,0.437851,0.0290746;-1.55709,0.448623,-1.58806
0.0188562,0.477903,0.040873;-1.78368,0.610067,-1.4991
0.0223557,0.480469,0.0388876;-1.77471,0.552348,-1.48957
0.0192411,0.469525,0.0289607;-1.58583,0.492246,-1.56995
0.016271,0.465324,0.0286739;-1.57095,0.412561,-1.56622
0.016627,0.466359,0.0285825;-1.57102,0.447614,-1.57036
0.0172971,0.466257,0.0288638;-1.56455,0.487025,-1.58237
0.0415864,0.502169,0.039245;-1.76569,0.649886,-1.49757
0.0459475,0.506604,0.0391949;-1.78627,0.59653,-1.47613
0.0415382,0.497035,0.0288573;-1.57948,0.555366,-1.57198
0.0388453,0.493698,0.0287031;-1.57285,0.483326,-1.56501
0.0393139,0.494557,0.0286046;-1.57118,0.520781,-1.56922
0.0401143,0.494512,0.0288487;-1.56436,0.564624,-1.58246
0.0670986,0.528293,0.0394325;-1.7833,0.724234,-1.47447
0.0714616,0.53279,0.0389221;-1.79767,0.684047,-1.45549
0.0666213,0.525785,0.0287633;-1.57325,0.662732,-1.57587
0.0632432,0.522203,0.0287092;-1.57285,0.564263,-1.56521
0.063838,0.523073,0.0285941;-1.57104,0.596497,-1.56975
0.0644495,0.523268,0.0285796;-1.57123,0.62468,-1.57073
0.090637,0.549437,0.0369672;-1.69677,0.790943,-1.52098
0.0967757,0.55608,0.0375922;-1.7819,0.745455,-1.44876
0.0937201,0.551208,0.0321524;-1.65797,0.744745,-1.5253
0.0866632,0.543402,0.0286415;-1.57254,0.621463,-1.56778
0.0867562,0.542259,0.028744;-1.57434,0.581139,-1.56369
0.0876819,0.543245,0.0285764;-1.57076,0.629548,-1.57114
0.0906999,0.544256,0.0294996;-1.55623,0.678834,-1.5924
0.120565,0.575888,0.0394076;-1.81466,0.793079,-1.43185
0.120515,0.574028,0.0350851;-1.73101,0.760334,-1.47515
0.114399,0.567222,0.0284711;-1.57258,0.701412,-1.56888
0.11335,0.565578,0.0286706;-1.57103,0.652394,-1.56624
0.113907,0.566396,0.028589;-1.57103,0.681342,-1.57011
0.115319,0.566469,0.028757;-1.56902,0.734384,-1.57969
0.147939,0.593898,0.0384818;-1.80021,0.885703,-1.43618
0.152767,0.597714,0.0380967;-1.81468,0.841666,-1.41133
0.144884,0.58895,0.0288404;-1.54858,0.792622,-1.58885
0.141899,0.586335,0.0286721;-1.57085,0.71275,-1.56619
0.142543,0.587165,0.0286304;-1.57105,0.742855,-1.56805
0.143473,0.587241,0.0286879;-1.56999,0.785559,-1.57682
0.175429,0.612565,0.0374132;-1.79619,0.945829,-1.43395
0.181229,0.61758,0.038296;-1.83497,0.89239,-1.38803
0.175039,0.612302,0.0286832;-1.5504,0.874588,-1.59132
0.172505,0.610548,0.0286766;-1.57098,0.807996,-1.56598
0.173152,0.611208,0.0286563;-1.57111,0.836147,-1.56688
0.173763,0.611223,0.0286125;-1.57096,0.876341,-1.57245
0.204236,0.628269,0.0365595;-1.68976,1.0462,-1.50236
0.212824,0.634642,0.0391328;-1.89935,1.01703,-1.32053
0.208702,0.632474,0.0320827;-1.69829,1.00182,-1.47166
0.201548,0.628408,0.0287261;-1.57668,0.904453,-1.56282
0.201557,0.628217,0.0286747;-1.57191,0.893014,-1.56544
0.202405,0.628997,0.0285675;-1.57102,0.934719,-1.57116
0.220878,0.635226,0.0336561;-1.46176,1.0648,-1.68846
0.243749,0.648927,0.0391963;-1.94149,1.11257,-1.27691
0.246616,0.649524,0.0373827;-1.90204,1.08172,-1.30034
0.234196,0.641765,0.0285738;-1.5702,0.983039,-1.57137
0.233297,0.640489,0.028678;-1.57128,0.93571,-1.56593
0.233723,0.640804,0.0287295;-1.57613,0.942524,-1.56196
0.240607,0.641556,0.0302761;-1.53381,1.04357,-1.61791
0.265062,0.652324,0.0361853;-1.61565,1.14858,-1.56062
0.276399,0.658692,0.0395389;-1.9751,1.12227,-1.2393
0.266281,0.652476,0.0285649;-1.57223,1.04589,-1.56928
0.264871,0.65179,0.0286731;-1.57494,1.01376,-1.56501
0.264663,0.651435,0.0286659;-1.57098,0.997077,-1.56653
0.266414,0.651386,0.0289338;-1.55387,1.08052,-1.59547
0.283213,0.655973,0.033159;-1.45654,1.15457,-1.69787
0.307446,0.667986,0.0394251;-2.02539,1.20518,-1.1862
0.301335,0.663724,0.0289048;-1.53671,1.13186,-1.60325
0.298967,0.663449,0.0285867;-1.56999,1.08741,-1.57101
0.298078,0.662258,0.0286612;-1.56991,1.03805,-1.56699
0.300408,0.662603,0.0286644;-1.56999,1.10983,-1.5759
0.312429,0.665081,0.0318425;-1.48622,1.17631,-1.66802
0.338512,0.675456,0.0374246;-1.97997,1.25022,-1.22148
0.336753,0.67452,0.028643;-1.52535,1.19854,-1.61757
0.33502,0.674599,0.0285769;-1.56999,1.16234,-1.57128
0.334219,0.673784,0.0286811;-1.57157,1.1269,-1.56529
0.335823,0.674132,0.0286405;-1.57087,1.2074,-1.57407
0.346628,0.674736,0.0315952;-1.46693,1.2702,-1.68827
0.374999,0.682272,0.0371934;-2.06538,1.35265,-1.12853
0.377047,0.683192,0.029868;-1.69889,1.31888,-1.45416
0.373397,0.682999,0.0285587;-1.57058,1.2644,-1.57131
0.372131,0.682372,0.0287108;-1.57686,1.22441,-1.56077
0.373307,0.682551,0.028576;-1.57041,1.26956,-1.57156
0.37594,0.681436,0.0293623;-1.5332,1.31814,-1.61886
0.398121,0.683463,0.0346255;-1.30271,1.40737,-1.85882
0.419468,0.687748,0.0360622;-2.29213,1.37702,-0.878934
0.408979,0.685596,0.0286451;-1.52117,1.35841,-1.62198
0.406903,0.685574,0.0285806;-1.56972,1.31284,-1.57174
0.406829,0.685224,0.0286434;-1.57159,1.29705,-1.56688
0.407547,0.684737,0.028609;-1.57058,1.33894,-1.57261
0.41614,0.683595,0.0312224;-1.42031,1.39608,-1.73666
0.454879,0.688529,0.0392143;-2.73107,1.38437,-0.449833
0.449395,0.686753,0.032025;-2.0891,1.43118,-1.0647
0.442349,0.686542,0.0285448;-1.57543,1.38994,-1.56711
0.440438,0.685899,0.0286735;-1.5724,1.33951,-1.5648
0.44145,0.685962,0.0285667;-1.57123,1.38388,-1.57098
0.443258,0.68474,0.0290792;-1.47798,1.43253,-1.67386
0.48787,0.68571,0.0397066;3.08864,1.40223,0.0113073
0.489093,0.684365,0.0366168;-2.90486,1.42632,-0.259002
0.478117,0.684064,0.0287937;-1.43118,1.47905,-1.71114
0.474656,0.683873,0.028669;-1.57088,1.37626,-1.56626
0.475832,0.684006,0.0286366;-1.57265,1.39955,-1.56611
0.476653,0.683466,0.0287038;-1.5649,1.44393,-1.58223
0.518804,0.682737,0.0372835;2.74835,1.43639,0.353619
0.525908,0.682158,0.0379702;3.07255,1.40985,0.0470591
0.516623,0.682628,0.0288847;-1.20262,1.53794,-1.94149
0.514038,0.683041,0.0286778;-1.57225,1.44894,-1.56461
0.515143,0.683266,0.0286449;-1.57422,1.48371,-1.56404
0.51562,0.682851,0.0286881;-1.54642,1.527,-1.59986
0.51562,0.682851,0.0286881;-1.54642,1.527,-1.59986
0.527284,0.680442,0.0320941;0.531044,1.52746,2.59022
0.527284,0.680442,0.0320941;0.531044,1.52746,2.59022
