-0.125,0.125,0.06;-1.57,-2.98023e-08,-1.57
-0.125,0.125,0.06;-1.57,-2.98023e-08,-1.57
-0.125,0.125,0.06;-1.57,-2.98023e-08,-1.57
-0.125789,0.118706,0.0284653;-1.56698,-0.190573,-1.56896
-0.125433,0.11922,0.0286082;-1.57098,-0.154479,-1.57233
-0.123772,0.123703,0.0302938;-1.5599,-0.107505,-1.58745
-0.122889,0.139931,0.0327585;-1.63115,-0.0872021,-1.59556
-0.123165,0.135838,0.0285778;-1.57097,-0.156508,-1.57044
-0.122871,0.134288,0.0286955;-1.57245,-0.195807,-1.56719
-0.122824,0.134127,0.0286516;-1.57069,-0.200454,-1.56715
-0.122985,0.135898,0.0285843;-1.57082,-0.13096,-1.57103
-0.120965,0.140392,0.0302907;-1.55729,-0.0748147,-1.58642
-0.118823,0.161716,0.0362203;-1.59833,0.00548598,-1.59785
-0.118958,0.166953,0.0300676;-1.60031,-0.0376998,-1.58017
-0.119263,0.163491,0.0285525;-1.57048,-0.0977986,-1.56982
-0.11927,0.163075,0.028628;-1.5714,-0.108713,-1.56913
-0.119157,0.163919,0.0285778;-1.57094,-0.0632212,-1.57077
-0.118378,0.166609,0.0292295;-1.56873,-0.00572676,-1.58142
-0.119148,0.18736,0.0332628;-1.63188,0.0758986,-1.59291
-0.11901,0.195933,0.0359;-1.68481,0.0625566,-1.59061
-0.117043,0.191657,0.0311236;-1.62263,-0.0121691,-1.57812
-0.116814,0.187434,0.0285515;-1.57044,-0.0529116,-1.57032
-0.116975,0.187116,0.028583;-1.57061,-0.054963,-1.57045
-0.116867,0.187268,0.0285788;-1.57087,-0.0147071,-1.5707
-0.116103,0.190456,0.0297076;-1.57988,0.0339351,-1.58579
-0.114912,0.199973,0.0326413;-1.63195,0.0333771,-1.58653
-0.114465,0.2003,0.028797;-1.57568,-0.00624598,-1.57616
-0.114775,0.198189,0.028661;-1.57143,-0.0629778,-1.56754
-0.114696,0.198155,0.0286596;-1.57183,-0.078041,-1.56759
-0.114529,0.198779,0.0285718;-1.57088,-0.0435788,-1.57039
-0.107609,0.212704,0.0328953;-1.53635,0.068392,-1.60021
-0.104178,0.230006,0.0382685;-1.65217,0.102098,-1.59063
-0.104,0.233925,0.0340341;-1.67337,0.0526128,-1.57456
-0.105137,0.226503,0.0285811;-1.57047,-0.000462085,-1.57065
-0.105092,0.225181,0.0286483;-1.57098,-0.0368258,-1.56757
-0.104977,0.225987,0.0286622;-1.57212,-0.0260498,-1.56795
-0.101457,0.230976,0.0301998;-1.55839,0.071824,-1.58775
-0.0952561,0.251849,0.0365167;-1.60101,0.162481,-1.5916
-0.0937452,0.266664,0.0365306;-1.7162,0.147503,-1.56438
-0.0950046,0.256427,0.0285789;-1.57071,0.0650605,-1.5708
-0.0950677,0.255926,0.0286754;-1.57322,0.0556355,-1.56814
-0.0950741,0.255703,0.0286186;-1.57085,0.0478657,-1.56901
-0.094695,0.256034,0.0287176;-1.57048,0.120699,-1.5777
-0.0920482,0.268736,0.0309098;-1.5909,0.196815,-1.58836
-0.090146,0.285926,0.0376451;-1.70382,0.224272,-1.578
-0.0883113,0.284183,0.0285269;-1.56841,0.134291,-1.57074
-0.0887234,0.283516,0.0285765;-1.5708,0.116564,-1.57066
-0.0887264,0.282927,0.0286186;-1.57085,0.103301,-1.569
-0.0886548,0.283104,0.0286103;-1.57086,0.136389,-1.57219
-0.0874484,0.286419,0.0298104;-1.58176,0.192487,-1.58465
-0.084735,0.302389,0.036506;-1.68642,0.253219,-1.57475
-0.0842071,0.305237,0.0286156;-1.57023,0.177283,-1.57312
-0.0844415,0.304958,0.0285817;-1.57039,0.168793,-1.57072
-0.0848841,0.3041,0.0286313;-1.57094,0.153009,-1.56845
-0.0844404,0.304777,0.0286423;-1.56985,0.205127,-1.57657
-0.0809596,0.308755,0.031047;-1.55065,0.260427,-1.59785
-0.0723524,0.324814,0.038348;-1.57448,0.343354,-1.60054
-0.0716548,0.329785,0.0287135;-1.57096,0.272364,-1.57731
-0.0719693,0.329299,0.028579;-1.57048,0.233834,-1.57061
-0.0721129,0.32771,0.0286377;-1.57104,0.186545,-1.56826
-0.0717238,0.327986,0.0285524;-1.5708,0.209148,-1.57213
-0.0685704,0.330502,0.0301092;-1.55707,0.266969,-1.59128
-0.0579258,0.346633,0.0367395;-1.54549,0.363146,-1.60672
-0.0517481,0.363539,0.0322809;-1.64455,0.377532,-1.55434
-0.0523001,0.359454,0.0286216;-1.56804,0.318755,-1.57274
-0.0526117,0.359096,0.028584;-1.57062,0.294605,-1.57069
-0.0526173,0.35909,0.0285816;-1.57057,0.304873,-1.57061
-0.0525208,0.359161,0.0286267;-1.57068,0.349661,-1.57326
-0.0494011,0.364977,0.0300096;-1.56946,0.425431,-1.58735
-0.0414478,0.387437,0.0368929;-1.70793,0.475782,-1.54064
-0.0393812,0.386576,0.0326482;-1.65706,0.417922,-1.5444
-0.0406965,0.380013,0.0285062;-1.57138,0.348227,-1.57229
-0.0413738,0.378263,0.028622;-1.57088,0.299383,-1.56876
-0.0413253,0.378635,0.028574;-1.57088,0.316746,-1.57096
-0.0403922,0.379195,0.0287678;-1.5703,0.372546,-1.58046
-0.0285626,0.406779,0.0388753;-1.74028,0.467055,-1.53276
-0.026468,0.409939,0.0364526;-1.72987,0.392701,-1.52118
-0.0309923,0.397515,0.028458;-1.55775,0.332308,-1.58127
-0.0325432,0.39503,0.0286404;-1.57086,0.283002,-1.56789
-0.0322715,0.395554,0.0285638;-1.57094,0.297208,-1.57141
-0.0313465,0.395584,0.0287888;-1.56939,0.345816,-1.58047
-0.0125071,0.421383,0.0392141;-1.65713,0.480201,-1.56427
-0.00952567,0.428788,0.0369071;-1.74292,0.396485,-1.51317
-0.0150952,0.415121,0.028819;-1.55932,0.331512,-1.58064
-0.0163002,0.413474,0.028682;-1.57209,0.306006,-1.56677
-0.0161784,0.413777,0.0285783;-1.57097,0.324353,-1.57062
-0.0152911,0.413648,0.0287743;-1.56814,0.373647,-1.58011
0.00602203,0.44449,0.0391306;-1.69558,0.544389,-1.54292
0.0119496,0.454404,0.037082;-1.7495,0.461693,-1.50232
0.00811264,0.440836,0.0286607;-1.5678,0.393734,-1.57788
0.00670833,0.438881,0.0286313;-1.57087,0.365873,-1.56833
0.0068152,0.43906,0.0285783;-1.57097,0.379269,-1.57071
0.00715143,0.439053,0.0286075;-1.57124,0.415378,-1.57238
0.0211958,0.465951,0.035916;-1.68964,0.55888,-1.54293
0.024697,0.472005,0.0347259;-1.6927,0.501962,-1.52785
0.0234376,0.468598,0.031627;-1.63883,0.490707,-1.54824
0.0209002,0.462844,0.0286276;-1.57143,0.407808,-1.56882
0.0208164,0.462475,0.028641;-1.57091,0.395938,-1.56777
0.021306,0.463264,0.028578;-1.57094,0.43929,-1.57064
0.0236809,0.464635,0.0291433;-1.56763,0.500569,-1.58198
0.040749,0.492774,0.0378909;-1.74797,0.572133,-1.50192
0.0392811,0.489405,0.0337524;-1.68328,0.499117,-1.52469
0.0342628,0.48149,0.028565;-1.57012,0.44352,-1.57071
0.033498,0.480448,0.0286604;-1.57099,0.412091,-1.56698
0.0336928,0.481033,0.0285804;-1.57094,0.437858,-1.57059
0.0348823,0.480987,0.0287358;-1.57032,0.489824,-1.57867
0.0570304,0.502739,0.0387755;-1.64706,0.621944,-1.55929
0.0623214,0.510665,0.0367376;-1.75564,0.564514,-1.48164
0.054779,0.498237,0.0289047;-1.55802,0.495322,-1.58194
0.0534105,0.496662,0.0286741;-1.57144,0.446419,-1.5662
0.0536402,0.497244,0.0286073;-1.57103,0.470419,-1.56921
0.0543941,0.497303,0.0286816;-1.57008,0.520674,-1.57565
0.0795296,0.526167,0.0378593;-1.70896,0.683737,-1.51893
0.0860941,0.536734,0.0369318;-1.76017,0.644226,-1.4722
0.0824152,0.528594,0.0285838;-1.55425,0.601316,-1.58389
0.0806522,0.526825,0.0286462;-1.57096,0.543302,-1.56749
0.0809679,0.527459,0.0286266;-1.57077,0.564957,-1.56855
0.0817961,0.527809,0.0285841;-1.57071,0.611437,-1.57134
0.103028,0.551828,0.0357482;-1.70405,0.761526,-1.51323
0.107634,0.558109,0.0373277;-1.75436,0.747066,-1.47627
0.105919,0.554868,0.0310826;-1.64134,0.717701,-1.53168
0.102209,0.551152,0.0286974;-1.57393,0.651717,-1.56575
0.102046,0.550905,0.0286558;-1.57091,0.642489,-1.56709
0.102643,0.551554,0.028573;-1.57028,0.682573,-1.57101
0.115657,0.560347,0.0315062;-1.56447,0.789284,-1.59757
0.129366,0.573053,0.0387009;-1.79592,0.805965,-1.44035
0.131427,0.576733,0.0365825;-1.77882,0.775292,-1.43707
0.122431,0.570233,0.0285817;-1.57015,0.710218,-1.57095
0.121725,0.569113,0.0286763;-1.57109,0.680276,-1.56587
0.122543,0.569821,0.0287236;-1.574,0.698474,-1.56416
0.127218,0.571164,0.0301456;-1.54727,0.788937,-1.60516
0.14246,0.579347,0.0362157;-1.50292,0.858208,-1.65434
0.151594,0.586534,0.0380428;-1.76396,0.843099,-1.45138
0.145573,0.581387,0.0285695;-1.57036,0.782092,-1.57071
0.145083,0.580992,0.0287368;-1.57581,0.771218,-1.56325
0.145029,0.580979,0.0286757;-1.57112,0.776023,-1.56599
0.146916,0.581244,0.0287735;-1.56941,0.863203,-1.58186
0.160981,0.588454,0.0326013;-1.51537,0.940929,-1.63774
0.178554,0.601652,0.0395012;-1.86902,0.969279,-1.35978
0.175582,0.59901,0.0287014;-1.54803,0.933114,-1.59365
0.174885,0.59887,0.0285742;-1.57035,0.896549,-1.57119
0.174737,0.598643,0.0286465;-1.57102,0.889053,-1.56723
0.17538,0.598827,0.0286532;-1.57064,0.93712,-1.57451
0.182103,0.602017,0.0305687;-1.55556,1.00582,-1.60555
0.198669,0.612107,0.0376408;-1.8145,1.04864,-1.40198
0.198689,0.612141,0.0287637;-1.55835,1.01188,-1.58511
0.198012,0.61199,0.0285809;-1.57026,0.98274,-1.57102
0.197647,0.611434,0.0286577;-1.57093,0.960674,-1.56697
0.197649,0.611464,0.0286469;-1.57082,0.984607,-1.57408
0.202374,0.612526,0.0306106;-1.54211,1.03549,-1.61438
0.220332,0.623163,0.0367192;-1.77644,1.10797,-1.42411
0.220039,0.624921,0.0300575;-1.63961,1.06704,-1.51641
0.217434,0.624581,0.028566;-1.56989,1.03464,-1.571
0.216259,0.623664,0.0287125;-1.57483,1.00094,-1.56321
0.216674,0.623924,0.028576;-1.57106,1.01588,-1.57062
0.218649,0.623065,0.029564;-1.53897,1.06793,-1.61344
0.234396,0.625588,0.0357178;-1.35921,1.13392,-1.79467
0.257143,0.633369,0.0362531;-1.91957,1.13487,-1.2637
0.248737,0.630473,0.0288321;-1.54921,1.12507,-1.59287
0.247556,0.630447,0.0285882;-1.5697,1.07197,-1.57085
0.24726,0.62974,0.028648;-1.57119,1.03627,-1.56704
0.248031,0.629584,0.0286084;-1.57129,1.08513,-1.57213
0.25727,0.630624,0.0312249;-1.50664,1.14545,-1.64707
0.293049,0.644016,0.0390254;-2.0608,1.20341,-1.14024
0.288711,0.641906,0.0316995;-1.7405,1.21421,-1.42125
0.284124,0.640553,0.0285595;-1.56977,1.17036,-1.57105
0.2828,0.640005,0.0286422;-1.57088,1.12101,-1.56774
0.283256,0.640223,0.0285766;-1.57093,1.13788,-1.57077
0.284527,0.639993,0.0288937;-1.55817,1.19451,-1.59264
0.31498,0.651626,0.0394351;-2.08784,1.25968,-1.12054
0.316351,0.651309,0.0360316;-1.95152,1.24104,-1.23241
0.308215,0.648185,0.0286493;-1.54819,1.20613,-1.59515
0.306127,0.647351,0.0286493;-1.57094,1.13078,-1.5673
0.306321,0.647536,0.0286079;-1.57134,1.13463,-1.5688
0.306803,0.647187,0.0286742;-1.57016,1.17733,-1.57654
0.338012,0.657376,0.0382272;-2.05564,1.25193,-1.14372
0.34282,0.658434,0.038258;-2.07485,1.1949,-1.11254
0.329831,0.653769,0.028857;-1.52027,1.17133,-1.61985
0.326503,0.653034,0.0286547;-1.56924,1.11724,-1.56787
0.326908,0.653053,0.0285274;-1.57348,1.11917,-1.56484
0.327739,0.652455,0.0287125;-1.57029,1.1662,-1.57809
0.327739,0.652455,0.0287125;-1.57029,1.1662,-1.57809
0.338003,0.652282,0.0326253;-1.43716,1.22039,-1.72057
0.338003,0.652282,0.0326253;-1.43716,1.22039,-1.72057
