0.5,-0.3,0.06;-1.57,-2.98023e-08,-1.57
0.5,-0.3,0.06;-1.57,-2.98023e-08,-1.57
0.5,-0.3,0.06;-1.57,-2.98023e-08,-1.57
0.499295,-0.292135,0.0291589;-1.57181,-0.285216,-1.58637
0.500196,-0.28921,0.028892;-1.56926,-0.276205,-1.58529
0.500457,-0.276653,0.0298121;-1.57422,-0.200173,-1.55606
0.493353,-0.268498,0.0335691;-1.64315,-0.0138073,-1.55282
0.493998,-0.29033,0.0290128;-1.56745,-0.0357923,-1.5867
0.493824,-0.290809,0.0292925;-1.57103,-0.104574,-1.586
0.492935,-0.288296,0.0288879;-1.57087,-0.188717,-1.58358
0.494732,-0.279271,0.0287881;-1.56779,-0.316798,-1.57782
0.495509,-0.275299,0.0295909;-1.56611,-0.269504,-1.55472
0.492264,-0.265266,0.0325192;-1.59131,-0.155981,-1.52344
0.494212,-0.262273,0.0298242;-1.5751,-0.157474,-1.55375
0.496053,-0.267386,0.0289095;-1.56207,-0.209678,-1.57652
0.495362,-0.270302,0.0288991;-1.57578,-0.193499,-1.5825
0.496032,-0.271571,0.0291743;-1.55069,-0.164536,-1.57603
0.496387,-0.265311,0.0300949;-1.54213,-0.17098,-1.56289
0.495454,-0.248118,0.0326819;-1.52895,-0.142178,-1.53136
0.496748,-0.244198,0.033981;-1.53968,-0.120702,-1.53329
0.499533,-0.247389,0.0310366;-1.55015,-0.160943,-1.55013
0.499945,-0.250952,0.0287958;-1.56196,-0.209404,-1.57075
0.498154,-0.256052,0.0287211;-1.57076,-0.0437054,-1.57739
0.49882,-0.257954,0.0290703;-1.5525,0.0291562,-1.5745
0.500172,-0.255618,0.0314082;-1.54003,0.104957,-1.5545
0.500525,-0.252098,0.032176;-1.54075,0.110959,-1.54261
0.503787,-0.247659,0.0308929;-1.54475,0.0447524,-1.55403
0.506566,-0.247278,0.0287916;-1.5681,-0.165954,-1.57777
0.506545,-0.248259,0.028724;-1.57061,-0.178895,-1.57738
0.506819,-0.248635,0.0287279;-1.57006,-0.143435,-1.5775
0.507294,-0.243108,0.0310691;-1.58245,0.0325192,-1.53754
0.503914,-0.244012,0.032785;-1.60287,0.0938164,-1.52385
0.503759,-0.245765,0.0314597;-1.58895,0.0990006,-1.53991
0.505455,-0.250649,0.0287862;-1.5688,-0.042372,-1.57863
0.506207,-0.25077,0.028801;-1.56998,-0.104553,-1.58104
0.507939,-0.250525,0.028862;-1.56706,-0.183496,-1.58049
0.507873,-0.242824,0.0300101;-1.57116,-0.0854427,-1.54933
0.503852,-0.239312,0.0324537;-1.60449,0.0414765,-1.53109
0.502192,-0.241599,0.0330634;-1.61196,0.124128,-1.52588
0.505448,-0.253367,0.0286667;-1.56967,0.0160552,-1.57506
0.505654,-0.253074,0.0288372;-1.57766,-0.0356214,-1.57658
0.505733,-0.253273,0.0287408;-1.5703,-0.105447,-1.57791
0.507091,-0.253759,0.0291679;-1.55646,-0.0777424,-1.5714
0.50711,-0.248006,0.0308842;-1.55012,-0.0200303,-1.54606
0.505151,-0.240056,0.0330034;-1.57309,0.0346355,-1.51979
0.512185,-0.239831,0.028981;-1.55942,-0.0572325,-1.57338
0.512079,-0.241245,0.0290259;-1.5656,-0.0748225,-1.58047
0.511848,-0.242495,0.0288612;-1.57916,-0.0853401,-1.57664
0.510697,-0.246886,0.0286069;-1.57062,-0.0662515,-1.57199
0.509739,-0.245211,0.0299568;-1.57038,-0.0265611,-1.54996
0.50605,-0.244097,0.0320925;-1.58704,0.0471054,-1.52793
0.505749,-0.247272,0.0291234;-1.56767,0.0908637,-1.56159
0.50533,-0.247956,0.0287082;-1.57025,0.060743,-1.57678
0.505202,-0.249393,0.0287293;-1.57221,0.0392405,-1.57645
0.505649,-0.249084,0.0286984;-1.56592,7.56979e-06,-1.57185
0.505644,-0.245981,0.0303894;-1.56338,-0.0243774,-1.54951
0.505849,-0.237401,0.0323688;-1.5704,-0.0457313,-1.52288
0.509968,-0.241786,0.0292455;-1.57164,-0.0887571,-1.5626
0.511152,-0.245685,0.0286789;-1.5707,-0.126529,-1.57545
0.510991,-0.248918,0.0287562;-1.57194,-0.131846,-1.57912
0.510286,-0.250692,0.0286548;-1.56896,-0.0652282,-1.57239
0.509442,-0.246911,0.0297834;-1.56928,0.00919817,-1.55152
0.506762,-0.24351,0.0312773;-1.58698,0.0841123,-1.53317
0.506261,-0.243712,0.0313011;-1.59415,0.151801,-1.53726
0.506557,-0.248992,0.0292504;-1.58962,0.121612,-1.57209
0.506686,-0.250661,0.0288568;-1.57215,0.060084,-1.58283
0.507968,-0.251495,0.0289212;-1.575,0.0177852,-1.58309
0.508085,-0.251991,0.0286908;-1.57043,0.0368395,-1.57623
0.507695,-0.251243,0.0295463;-1.56866,0.0906473,-1.55597
0.504838,-0.241084,0.0321847;-1.60369,0.140852,-1.53542
0.50895,-0.238078,0.0309346;-1.59877,0.067001,-1.55564
0.512318,-0.23785,0.0288371;-1.57346,-0.0130503,-1.5802
0.518485,-0.245955,0.0297433;-1.57623,-0.166792,-1.59149
0.52018,-0.24707,0.0296372;-1.57038,-0.20326,-1.59209
0.520896,-0.246784,0.0296407;-1.56215,-0.20116,-1.57638
0.511431,-0.244833,0.0351422;-1.6391,0.0530887,-1.52136
0.510888,-0.241886,0.0335987;-1.63137,0.116451,-1.53876
0.506934,-0.246506,0.0302384;-1.60466,0.184082,-1.57381
0.502387,-0.263723,0.0308699;-1.57205,0.208641,-1.60615
0.502595,-0.268089,0.0303906;-1.5623,0.143621,-1.60164
0.502916,-0.26721,0.0302233;-1.55024,0.078349,-1.58552
0.503168,-0.255245,0.0346071;-1.64056,0.115517,-1.52394
0.502786,-0.255509,0.0352339;-1.62631,0.150367,-1.54372
0.502779,-0.257055,0.0303362;-1.60519,0.148524,-1.5742
0.500652,-0.268146,0.0315341;-1.58383,0.174498,-1.6057
0.500355,-0.267734,0.0303866;-1.56974,0.181986,-1.6025
0.501707,-0.26441,0.0292234;-1.57185,0.128641,-1.58519
0.503602,-0.252201,0.0348434;-1.65658,0.10534,-1.52845
0.506743,-0.250929,0.0346524;-1.66199,0.0804174,-1.53794
0.509052,-0.253066,0.0315898;-1.63497,0.0384716,-1.57199
0.499878,-0.271007,0.0327827;-1.5913,0.105889,-1.6173
0.490651,-0.28589,0.0321729;-1.5674,0.249647,-1.62607
0.485164,-0.298028,0.0314318;-1.55324,0.310468,-1.61507
0.483636,-0.293222,0.0371183;-1.43358,0.426901,-1.61878
0.490153,-0.283062,0.0397062;-1.42775,0.357318,-1.64404
0.498285,-0.267737,0.0382404;-1.47509,0.321738,-1.61913
0.5116,-0.258079,0.0317645;-1.58141,0.100867,-1.61271
0.517818,-0.256591,0.0321041;-1.59761,-0.00330949,-1.60728
0.51604,-0.259542,0.0315706;-1.59987,0.0178834,-1.59726
0.513893,-0.260053,0.0324082;-1.63955,0.0788792,-1.56476
0.509499,-0.255036,0.0357039;-1.67758,0.230453,-1.52661
0.510323,-0.252588,0.0339572;-1.68052,0.261132,-1.55179
0.510981,-0.253128,0.0320817;-1.62883,0.256431,-1.57688
0.509428,-0.259532,0.0332347;-1.58982,0.197609,-1.62333
0.510002,-0.263493,0.0328111;-1.5787,0.164581,-1.62657
0.510615,-0.265511,0.0328618;-1.62308,0.124794,-1.58977
0.497601,-0.275358,0.0397501;-1.67443,0.300411,-1.53659
0.496414,-0.276211,0.0378259;-1.65422,0.38282,-1.56691
0.492281,-0.279279,0.0334824;-1.59945,0.459309,-1.60955
0.493703,-0.28309,0.0340391;-1.58097,0.382988,-1.63708
0.501402,-0.275606,0.0331478;-1.57487,0.26765,-1.63315
0.50809,-0.268025,0.0323468;-1.6048,0.17604,-1.59784
0.518825,-0.259121,0.0358864;-1.68671,0.0563516,-1.53917
0.522037,-0.258115,0.0350283;-1.68451,0.0421493,-1.55405
0.521096,-0.25881,0.0331603;-1.66412,0.0518088,-1.57105
0.512887,-0.267466,0.0343852;-1.59075,0.133913,-1.63549
0.508089,-0.27191,0.0343408;-1.59268,0.197946,-1.63358
0.499594,-0.281311,0.0336863;-1.60507,0.306924,-1.60985
0.498616,-0.272723,0.037839;-1.68057,0.331722,-1.53963
0.502506,-0.264947,0.0360883;-1.70482,0.317227,-1.53142
0.507356,-0.26233,0.0341861;-1.6643,0.262523,-1.56603
0.51058,-0.263547,0.0343808;-1.58979,0.212629,-1.63593
0.509776,-0.264899,0.0341029;-1.58588,0.216486,-1.63567
0.510151,-0.264915,0.032575;-1.57019,0.214518,-1.63039
0.506867,-0.263775,0.0353367;-1.70746,0.279269,-1.53691
0.502234,-0.263545,0.0371647;-1.74205,0.35308,-1.51498
0.504637,-0.262117,0.0362936;-1.72011,0.346993,-1.53581
0.514873,-0.257505,0.0317385;-1.58091,0.192325,-1.61879
0.51955,-0.255766,0.0325641;-1.5918,0.111134,-1.6163
0.523754,-0.253194,0.0318338;-1.59413,0.0517238,-1.60862
0.517734,-0.256273,0.0336145;-1.67599,0.143329,-1.55665
0.512777,-0.254901,0.0354368;-1.69739,0.221066,-1.53413
0.510145,-0.25482,0.0371541;-1.73898,0.275918,-1.52188
0.4996,-0.265707,0.0316875;-1.56466,0.417187,-1.62504
0.49919,-0.267965,0.0333264;-1.57903,0.419778,-1.63064
0.498627,-0.275035,0.0331484;-1.57465,0.370025,-1.63239
0.510512,-0.266386,0.0306493;-1.58305,0.153217,-1.59472
0.513709,-0.263853,0.0323803;-1.63359,0.0902127,-1.55523
0.515053,-0.261712,0.0352561;-1.66647,0.0666782,-1.53491
0.519188,-0.256425,0.0316366;-1.63775,0.0892588,-1.56828
0.518499,-0.25736,0.0305682;-1.57966,0.101744,-1.6014
0.513958,-0.26211,0.0319625;-1.58759,0.160878,-1.60933
0.508569,-0.266735,0.0301974;-1.58204,0.239266,-1.59116
0.511582,-0.265218,0.0330285;-1.64855,0.182304,-1.55487
0.511923,-0.268745,0.0349298;-1.65757,0.139042,-1.52996
0.511487,-0.272587,0.0306005;-1.61342,0.151182,-1.5717
0.504129,-0.280428,0.0310308;-1.56994,0.246123,-1.61048
0.49753,-0.287041,0.0312074;-1.57088,0.347831,-1.61048
0.496874,-0.288276,0.0298199;-1.56564,0.337914,-1.59804
0.497826,-0.282152,0.0293503;-1.58624,0.319844,-1.56765
0.500308,-0.272133,0.0339451;-1.64494,0.295706,-1.52717
0.510943,-0.265685,0.030028;-1.60157,0.184291,-1.57222
0.515667,-0.264327,0.0289899;-1.57522,0.0882395,-1.58868
0.517267,-0.262846,0.0295299;-1.58075,0.0601393,-1.58649
0.516831,-0.261282,0.0289822;-1.58459,0.0700065,-1.57835
0.515532,-0.259804,0.0294781;-1.59304,0.101988,-1.56268
0.513368,-0.257104,0.0322091;-1.61259,0.146263,-1.53504
0.507769,-0.2574,0.0327419;-1.6376,0.222043,-1.5316
0.50271,-0.259139,0.0289445;-1.58264,0.282429,-1.57364
0.501876,-0.261308,0.0290881;-1.58025,0.299571,-1.58279
0.500778,-0.266684,0.0292353;-1.5755,0.313531,-1.58441
0.501054,-0.266856,0.0287016;-1.5724,0.287343,-1.5754
0.50146,-0.267719,0.0296479;-1.57418,0.249224,-1.55499
0.503765,-0.26756,0.0331194;-1.62557,0.204213,-1.52758
0.506548,-0.268264,0.0297234;-1.58911,0.167544,-1.55755
0.506786,-0.268352,0.028785;-1.57068,0.155174,-1.58058
0.507991,-0.267069,0.0289068;-1.57562,0.120836,-1.5809
0.509198,-0.266123,0.0287702;-1.57078,0.0728177,-1.58001
0.509643,-0.266486,0.0287193;-1.57193,0.0572929,-1.56313
0.505813,-0.267466,0.032639;-1.5901,0.0975137,-1.51567
0.505789,-0.266893,0.0305184;-1.57741,0.1118,-1.54012
0.505503,-0.266241,0.0285965;-1.57075,0.121682,-1.57166
0.505185,-0.266933,0.02878;-1.57068,0.167244,-1.58035
0.505302,-0.266942,0.0287693;-1.5707,0.17273,-1.57984
0.505742,-0.266406,0.0286511;-1.57215,0.15113,-1.56792
0.504207,-0.272946,0.0332618;-1.6029,0.105369,-1.5169
0.505423,-0.277335,0.0318219;-1.59404,0.0707449,-1.53603
0.505856,-0.27922,0.0286281;-1.56966,0.0944655,-1.56976
0.505464,-0.279845,0.0288087;-1.5691,0.148476,-1.58036
0.505536,-0.278995,0.0287871;-1.57067,0.138548,-1.58064
0.505746,-0.278489,0.0286292;-1.57237,0.139041,-1.57141
0.505746,-0.278489,0.0286292;-1.57237,0.139041,-1.57141
0.505928,-0.276878,0.0303095;-1.58272,0.152294,-1.54477
0.505928,-0.276878,0.0303095;-1.58272,0.152294,-1.54477
