0.5,-0.3,0.06;-1.57,-2.98023e-08,-1.57
0.5,-0.3,0.06;-1.57,-2.98023e-08,-1.57
0.5,-0.3,0.06;-1.57,-2.98023e-08,-1.57
0.49834,-0.29566,0.0287931;-1.57168,-0.298634,-1.58261
0.49955,-0.295288,0.0286295;-1.56962,-0.223325,-1.57212
0.500123,-0.28758,0.0300905;-1.57107,-0.0662889,-1.54802
0.4974,-0.281593,0.031449;-1.59016,0.0293808,-1.5385
0.49887,-0.289354,0.0287515;-1.56678,-0.239824,-1.574
0.498799,-0.286473,0.0287418;-1.57352,-0.376875,-1.57691
0.50009,-0.283431,0.0287225;-1.57086,-0.503043,-1.57781
0.500746,-0.286428,0.0286368;-1.57055,-0.296407,-1.5737
0.501127,-0.279987,0.0299778;-1.57514,-0.131267,-1.55126
0.494545,-0.271565,0.0330402;-1.61327,0.0243017,-1.52655
0.497738,-0.278947,0.0298873;-1.57122,-0.049682,-1.55106
0.498827,-0.284803,0.0286676;-1.56642,-0.188195,-1.56999
0.4964,-0.282746,0.0286772;-1.56977,-0.357969,-1.5768
0.496594,-0.281009,0.0285816;-1.57071,-0.399485,-1.57081
0.496811,-0.273882,0.0294677;-1.57221,-0.262635,-1.55628
0.49034,-0.264522,0.0326842;-1.60688,-0.0969239,-1.53221
0.487123,-0.266445,0.0327981;-1.61152,-0.0135767,-1.5327
0.492528,-0.274121,0.0295469;-1.57344,-0.139143,-1.5571
0.492098,-0.279015,0.0288694;-1.56011,-0.285565,-1.57129
0.490594,-0.276014,0.028746;-1.5707,-0.458485,-1.57889
0.490602,-0.276637,0.0286077;-1.57054,-0.352265,-1.57244
0.489631,-0.270099,0.0299831;-1.57436,-0.205607,-1.54783
0.484355,-0.265194,0.0327949;-1.62878,-0.0796023,-1.55189
0.484696,-0.272509,0.0301146;-1.60115,-0.0809656,-1.57766
0.48638,-0.277017,0.0297126;-1.57897,-0.240599,-1.5914
0.488174,-0.270495,0.0296779;-1.57806,-0.33079,-1.59284
0.488788,-0.270141,0.0297203;-1.57008,-0.333332,-1.59495
0.484295,-0.268162,0.0330213;-1.55372,-0.0471103,-1.56486
0.478961,-0.25908,0.0352969;-1.69992,0.0831965,-1.56862
0.481432,-0.261857,0.0367444;-1.6996,0.0689923,-1.58769
0.485204,-0.281115,0.0315862;-1.56896,-0.0899131,-1.61756
0.486292,-0.283014,0.0323399;-1.5692,-0.194553,-1.62567
0.487454,-0.280321,0.0326422;-1.56582,-0.229414,-1.62626
0.490152,-0.28323,0.0350052;-1.49312,-0.0361817,-1.60081
0.489088,-0.270604,0.037467;-1.5358,0.137892,-1.57548
0.488379,-0.260646,0.0380793;-1.68377,0.171242,-1.58282
0.492894,-0.276706,0.0328291;-1.53695,0.0183637,-1.61833
0.492291,-0.280475,0.0334067;-1.57241,-0.0760069,-1.63417
0.493193,-0.281753,0.0331365;-1.56545,-0.17569,-1.63546
0.495541,-0.27531,0.0334944;-1.52677,-0.144464,-1.61406
0.496861,-0.257405,0.0361144;-1.5433,0.00911776,-1.58579
0.492311,-0.242233,0.0379905;-1.72686,0.117308,-1.56541
0.497643,-0.249291,0.0333901;-1.60849,0.0119406,-1.61352
0.498032,-0.258974,0.0321663;-1.56906,-0.085478,-1.62482
0.498918,-0.262087,0.0322844;-1.57061,-0.18745,-1.62565
0.500389,-0.255101,0.0306909;-1.56135,-0.231791,-1.60697
0.498706,-0.241855,0.0323183;-1.56091,-0.101301,-1.57867
0.493912,-0.239383,0.0352048;-1.65389,-0.00288216,-1.54777
0.493203,-0.246334,0.0304454;-1.58804,0.013369,-1.59168
0.49226,-0.249446,0.0298163;-1.57061,-0.0416315,-1.59536
0.492998,-0.247335,0.0298499;-1.57613,-0.116896,-1.59393
0.494595,-0.246504,0.0290548;-1.56503,-0.15941,-1.58546
0.494175,-0.244887,0.0291537;-1.56689,-0.112645,-1.55762
0.491225,-0.239844,0.0322304;-1.59986,-0.00823862,-1.53095
0.490509,-0.246619,0.0286399;-1.57095,0.0326979,-1.56721
0.490138,-0.248019,0.0287274;-1.57051,-0.0238604,-1.57778
0.49093,-0.246429,0.0288255;-1.57403,-0.111221,-1.57975
0.491722,-0.246276,0.0287615;-1.56191,-0.152281,-1.56921
0.491999,-0.243954,0.0300198;-1.54335,-0.105108,-1.56041
0.49077,-0.237902,0.0310638;-1.58481,-0.0141747,-1.53695
0.4864,-0.244872,0.0304524;-1.5818,0.0769842,-1.54336
0.48603,-0.250154,0.0286541;-1.56927,0.0247513,-1.56871
0.485319,-0.249934,0.028695;-1.57031,-0.0502259,-1.57617
0.485253,-0.247462,0.0287049;-1.5706,-0.162575,-1.57662
0.485643,-0.246916,0.0286516;-1.5672,-0.148413,-1.57027
0.486687,-0.240982,0.029769;-1.57105,-0.048117,-1.54999
0.482997,-0.239908,0.0314322;-1.59119,0.0541307,-1.53608
0.483244,-0.242644,0.0298675;-1.58196,0.0585229,-1.55155
0.483607,-0.247502,0.0285935;-1.56985,0.00623779,-1.57107
0.484098,-0.245955,0.028695;-1.57077,-0.113958,-1.57618
0.484297,-0.2453,0.0286745;-1.57081,-0.133232,-1.57529
0.484606,-0.244333,0.0289095;-1.55836,-0.124151,-1.56526
0.478794,-0.239616,0.0326054;-1.5994,0.0364051,-1.52028
0.47871,-0.241369,0.0312183;-1.59215,0.0697448,-1.53662
0.479181,-0.247584,0.0286236;-1.57099,0.0423554,-1.56814
0.479047,-0.248663,0.0289148;-1.57562,-0.00714067,-1.58243
0.479403,-0.247754,0.0288902;-1.57133,-0.0392856,-1.58472
0.479744,-0.246772,0.0287027;-1.57057,-0.0349504,-1.57663
0.474009,-0.244519,0.0315404;-1.59809,0.0892008,-1.54433
0.473801,-0.249446,0.0334969;-1.64471,0.131339,-1.54953
0.474222,-0.260969,0.0288522;-1.56432,0.120654,-1.58547
0.472369,-0.271619,0.0305579;-1.56996,0.121823,-1.60465
0.472747,-0.270668,0.0306221;-1.56181,0.100395,-1.60837
0.474948,-0.264303,0.0311246;-1.5459,0.0794239,-1.60456
0.475702,-0.245545,0.0334098;-1.58779,0.140402,-1.55204
0.478331,-0.244614,0.0356487;-1.64495,0.107949,-1.55629
0.475524,-0.25696,0.0338453;-1.60133,0.100525,-1.59256
0.473121,-0.265119,0.0321778;-1.57688,0.0778142,-1.6203
0.473802,-0.264264,0.0321596;-1.56163,0.0614065,-1.62807
0.475204,-0.261596,0.03192;-1.55395,0.0635759,-1.62512
0.477035,-0.246394,0.0340319;-1.54856,0.103923,-1.57838
0.479834,-0.242461,0.035721;-1.61524,0.0706615,-1.56568
0.478221,-0.246591,0.0341483;-1.5904,0.0814508,-1.58148
0.476958,-0.252992,0.0321368;-1.57439,0.0605248,-1.62252
0.473051,-0.256415,0.0325;-1.57915,-0.00424139,-1.62353
0.474196,-0.254529,0.0319107;-1.56275,0.00496995,-1.62329
0.476442,-0.249254,0.0317377;-1.54789,0.0282625,-1.60781
0.480319,-0.237475,0.032443;-1.63152,0.028653,-1.55277
0.481746,-0.239857,0.0320551;-1.64714,0.0115124,-1.57044
0.480222,-0.24723,0.0293962;-1.56152,0.0072783,-1.59765
0.475687,-0.253407,0.0300833;-1.57261,-0.0155216,-1.59789
0.476235,-0.252007,0.0298032;-1.57319,-0.0299481,-1.59575
0.476895,-0.251679,0.0291421;-1.56927,0.00306806,-1.58647
0.478494,-0.241687,0.030694;-1.59313,0.0734687,-1.55023
0.480484,-0.242926,0.0303808;-1.59932,0.046622,-1.55363
0.480707,-0.245832,0.0286871;-1.57229,0.0187103,-1.57598
0.476009,-0.251885,0.0287652;-1.57133,-0.00357122,-1.57946
0.475687,-0.251437,0.0287953;-1.57074,-0.0222452,-1.58105
0.476394,-0.251381,0.0286464;-1.56838,0.0176017,-1.57187
0.476749,-0.244243,0.030249;-1.57678,0.126751,-1.54503
0.478696,-0.245023,0.0299355;-1.57485,0.0952484,-1.55004
0.478871,-0.247772,0.0285907;-1.57096,0.0474489,-1.57004
0.473208,-0.255528,0.0286279;-1.57073,0.0309146,-1.57313
0.472773,-0.255391,0.0286554;-1.57079,0.0207704,-1.57431
0.473179,-0.254857,0.0286319;-1.56899,0.0403071,-1.57163
0.475798,-0.245534,0.0306952;-1.57573,0.143762,-1.53923
0.476197,-0.245874,0.0306563;-1.57897,0.144565,-1.5397
0.476982,-0.248634,0.0287894;-1.56817,0.0941671,-1.56348
0.474722,-0.253137,0.0286756;-1.57117,0.0521209,-1.57529
0.473774,-0.254258,0.0286678;-1.57074,0.0274692,-1.57497
0.473872,-0.254346,0.0286168;-1.57076,0.0345257,-1.5725
0.474317,-0.24915,0.0296122;-1.56899,0.169065,-1.55422
0.472478,-0.248715,0.0302608;-1.57677,0.199548,-1.54707
0.472827,-0.251031,0.0298568;-1.56896,0.190721,-1.55145
0.471957,-0.254639,0.0287684;-1.57036,0.1148,-1.57993
0.471813,-0.255463,0.0287192;-1.57081,0.0575182,-1.57768
0.471546,-0.256284,0.0287356;-1.57208,0.0594245,-1.57687
0.472131,-0.257081,0.0290506;-1.55372,0.175342,-1.56666
0.471252,-0.251625,0.0299504;-1.56903,0.208765,-1.54921
0.471206,-0.251364,0.0300591;-1.56908,0.212016,-1.54895
0.471615,-0.252913,0.0289542;-1.56838,0.133626,-1.58703
0.468906,-0.260276,0.0291667;-1.57662,0.142939,-1.58678
0.465389,-0.264566,0.0292015;-1.57111,0.125302,-1.58757
0.465759,-0.267443,0.029524;-1.55122,0.195964,-1.59136
0.466841,-0.260076,0.030781;-1.53215,0.251662,-1.57871
0.467187,-0.25402,0.0311456;-1.53268,0.245325,-1.57088
0.47424,-0.248826,0.0292557;-1.57037,0.0896189,-1.58993
0.473201,-0.251396,0.0306023;-1.57134,0.0796078,-1.60636
0.467992,-0.261151,0.0308135;-1.57349,0.0368482,-1.60711
0.469386,-0.261018,0.0310027;-1.55814,0.0884313,-1.61127
0.471263,-0.255928,0.0323286;-1.53812,0.168569,-1.60563
0.470907,-0.249883,0.0318432;-1.54348,0.20883,-1.58715
0.479727,-0.243033,0.0299048;-1.56854,0.0469269,-1.59886
0.479961,-0.243188,0.0309234;-1.57128,-0.0018642,-1.61025
0.473505,-0.253861,0.0316187;-1.58549,-0.0359943,-1.61121
0.472491,-0.255364,0.0320366;-1.55942,0.0383943,-1.6231
0.472759,-0.253675,0.0327183;-1.53861,0.148746,-1.6118
0.469062,-0.253106,0.0319573;-1.54239,0.234771,-1.58957
0.474472,-0.246725,0.0305638;-1.56861,0.104199,-1.60463
0.476146,-0.245272,0.0302351;-1.56815,0.0358649,-1.60266
0.474806,-0.249489,0.030777;-1.57997,-0.0310204,-1.60403
0.47261,-0.253182,0.0303694;-1.56907,-0.0217749,-1.6044
0.474607,-0.248185,0.0300953;-1.56496,0.0418413,-1.59241
0.473122,-0.246861,0.0301339;-1.55964,0.145331,-1.57106
0.476112,-0.246023,0.029945;-1.55109,0.127556,-1.57423
0.477822,-0.244012,0.0288229;-1.56966,0.0239401,-1.58169
0.47659,-0.242312,0.0289242;-1.57398,-0.078307,-1.58466
0.473121,-0.248364,0.0289764;-1.5779,-0.0637128,-1.58302
0.473593,-0.248869,0.0287884;-1.56856,-0.0121402,-1.58038
0.474693,-0.246057,0.0288503;-1.56312,0.0922059,-1.5652
0.473231,-0.246681,0.0305274;-1.57308,0.187956,-1.54156
0.475485,-0.249492,0.0287362;-1.56767,0.112446,-1.56691
0.473508,-0.25132,0.0286392;-1.56741,-0.012092,-1.57091
0.472466,-0.252006,0.0286329;-1.57087,-0.057081,-1.57335
0.472605,-0.252224,0.0286099;-1.57038,-0.0227194,-1.57177
0.474037,-0.249771,0.0288124;-1.56287,0.0457755,-1.56755
0.472523,-0.24568,0.0317365;-1.57907,0.198907,-1.52467
0.475212,-0.248602,0.0298606;-1.57302,0.156248,-1.55
0.474987,-0.252903,0.0286661;-1.56796,0.0683739,-1.56946
0.47318,-0.252476,0.0286105;-1.57078,-0.0685702,-1.57228
0.473014,-0.252196,0.0286357;-1.57075,-0.0755182,-1.57344
0.473627,-0.251343,0.028722;-1.56648,-0.0293984,-1.56813
0.472897,-0.242302,0.0308184;-1.57915,0.152326,-1.53755
0.474024,-0.244673,0.0300041;-1.57237,0.135808,-1.54911
0.474447,-0.250795,0.0287215;-1.56654,0.0473991,-1.56835
0.47249,-0.252969,0.0286288;-1.57079,-0.043464,-1.5731
0.47212,-0.253328,0.0286646;-1.57066,-0.0430349,-1.57475
0.472259,-0.253955,0.0287181;-1.56403,-0.0181334,-1.57059
0.472259,-0.253955,0.0287181;-1.56403,-0.0181334,-1.57059
0.472924,-0.249426,0.0292252;-1.56693,0.0809614,-1.56257
0.472924,-0.249426,0.0292252;-1.56693,0.0809614,-1.56257
