0.5,-0.3,0.06;-1.57,-2.98023e-08,-1.57
0.5,-0.3,0.06;-1.57,-2.98023e-08,-1.57
0.5,-0.3,0.06;-1.57,-2.98023e-08,-1.57
0.500944,-0.291157,0.029466;-1.57279,-0.255628,-1.59032
0.501668,-0.288654,0.0289496;-1.57006,-0.237538,-1.58864
0.500733,-0.278501,0.0296363;-1.58143,-0.113814,-1.56726
0.496057,-0.272383,0.0315139;-1.61318,0.00511982,-1.56055
0.498724,-0.282962,0.0290744;-1.57188,-0.102764,-1.58841
0.498978,-0.281323,0.0297199;-1.57672,-0.14541,-1.59285
0.500627,-0.276509,0.0290937;-1.57821,-0.210199,-1.58938
0.500192,-0.277714,0.0289699;-1.57111,-0.165324,-1.5888
0.50105,-0.273864,0.0287336;-1.57351,-0.0526583,-1.57542
0.499627,-0.257532,0.0314623;-1.60508,0.085612,-1.55209
0.501615,-0.261681,0.0288264;-1.57766,0.0485591,-1.57535
0.502427,-0.260578,0.0289305;-1.56952,-0.0733128,-1.58669
0.50165,-0.259934,0.0292135;-1.57624,-0.125457,-1.58655
0.501906,-0.258452,0.0290761;-1.56479,-0.148766,-1.58803
0.503698,-0.25304,0.0287079;-1.56658,-0.0853006,-1.57085
0.50461,-0.239005,0.0298921;-1.57531,0.0307974,-1.55417
0.502947,-0.238098,0.0301844;-1.58043,0.0935976,-1.54974
0.502919,-0.243564,0.0288073;-1.56822,0.076612,-1.5731
0.502535,-0.250075,0.0291004;-1.56224,0.0308482,-1.5874
0.502105,-0.248804,0.0288415;-1.57122,-0.104302,-1.58346
0.502787,-0.248969,0.0287696;-1.56942,-0.0617436,-1.57907
0.503385,-0.24508,0.0292288;-1.56399,0.0210408,-1.56513
0.503521,-0.241266,0.0299395;-1.57356,0.0740142,-1.55253
0.504228,-0.244442,0.0286766;-1.56768,0.0518299,-1.57284
0.502631,-0.251903,0.0288388;-1.57137,-0.0105788,-1.5832
0.501807,-0.256071,0.0288756;-1.56973,-0.0566787,-1.58386
0.501568,-0.25626,0.0291117;-1.56159,-0.0696593,-1.5864
0.504927,-0.23669,0.0293195;-1.57246,-0.0091577,-1.56291
0.503813,-0.232684,0.0302617;-1.58193,0.0266225,-1.55236
0.505229,-0.233812,0.0293436;-1.57749,0.0154982,-1.56336
0.504501,-0.240513,0.028894;-1.56953,-0.0277424,-1.5846
0.502527,-0.25007,0.0288741;-1.5714,-0.0428512,-1.58488
0.502037,-0.252796,0.0288479;-1.5708,-0.0583162,-1.58365
0.50352,-0.245694,0.0287677;-1.56286,-0.0106186,-1.5692
0.503516,-0.23715,0.0300987;-1.5763,0.0570086,-1.54821
0.504005,-0.235506,0.0304313;-1.58065,0.0614262,-1.54865
0.506422,-0.239629,0.0288145;-1.56802,-0.0429862,-1.57942
0.505751,-0.242448,0.0289121;-1.57512,-0.0746536,-1.58259
0.505184,-0.246341,0.0288496;-1.57147,-0.0950124,-1.58372
0.506067,-0.250519,0.029107;-1.55712,0.0292928,-1.58278
0.507381,-0.241662,0.029635;-1.55792,0.0837471,-1.56332
0.508289,-0.235723,0.0304309;-1.5749,0.071605,-1.54377
0.515219,-0.23677,0.0288323;-1.56678,-0.0503047,-1.57882
0.514446,-0.238479,0.0288648;-1.57266,-0.0639294,-1.58246
0.51251,-0.246968,0.0288101;-1.57085,-0.105078,-1.58176
0.512881,-0.250818,0.0290842;-1.5523,-0.0108488,-1.57608
0.513697,-0.244494,0.0305758;-1.54391,0.0622911,-1.56002
0.512805,-0.238916,0.0321202;-1.58082,0.112474,-1.52487
0.518109,-0.240783,0.0287035;-1.5686,-0.00724027,-1.56714
0.517374,-0.241825,0.0286706;-1.56889,-0.0869283,-1.57436
0.517543,-0.243279,0.0287448;-1.56652,-0.130596,-1.57488
0.518061,-0.244412,0.0291152;-1.5527,-0.0771704,-1.56946
0.518011,-0.241423,0.0306052;-1.55045,0.00809964,-1.5529
0.515411,-0.239149,0.032427;-1.57519,0.109884,-1.51899
0.520961,-0.235858,0.0312389;-1.52959,0.0368994,-1.55781
0.522016,-0.237322,0.0290638;-1.54876,-0.0483337,-1.57217
0.522965,-0.240657,0.0298837;-1.54603,-0.0995687,-1.57394
0.521279,-0.246141,0.0290931;-1.5484,-0.139529,-1.56478
0.51984,-0.244969,0.0319512;-1.52283,-0.0531318,-1.5502
0.51729,-0.243785,0.0337096;-1.54574,0.0471349,-1.51827
0.516513,-0.245653,0.0335046;-1.54478,0.128244,-1.52333
0.51808,-0.24956,0.0310288;-1.5471,0.0345791,-1.5472
0.517555,-0.256121,0.0299085;-1.53436,-0.0536056,-1.56687
0.515627,-0.259602,0.0291196;-1.54717,-0.159516,-1.56382
0.51632,-0.258352,0.0322406;-1.48993,-0.123857,-1.55509
0.517513,-0.249308,0.0364476;-1.44864,-0.0187969,-1.53651
0.515145,-0.238914,0.0362932;-1.53141,0.100007,-1.49426
0.517942,-0.243818,0.0337665;-1.53835,0.029497,-1.51613
0.517749,-0.254008,0.0324274;-1.49573,-0.0538284,-1.5518
0.51499,-0.258355,0.0300703;-1.52585,-0.139297,-1.56107
0.515386,-0.255381,0.0307188;-1.51351,-0.123305,-1.55809
0.517121,-0.248757,0.0339322;-1.47362,-0.0520594,-1.54567
0.50916,-0.242249,0.0363116;-1.60971,0.157658,-1.47505
0.507654,-0.250947,0.0372781;-1.60342,0.17529,-1.49839
0.505005,-0.273333,0.0338119;-1.48583,0.158227,-1.55445
0.501149,-0.278028,0.0332414;-1.46963,0.0620121,-1.57277
0.501766,-0.273702,0.0331133;-1.47493,0.0350483,-1.5753
0.502362,-0.27147,0.0360513;-1.42409,0.0206433,-1.56948
0.510213,-0.233727,0.0386714;-1.55944,0.035998,-1.46506
0.514986,-0.235988,0.0385528;-1.57799,-0.0244567,-1.49205
0.515453,-0.241649,0.031951;-1.57449,-0.0479986,-1.51462
0.513031,-0.262554,0.029697;-1.54746,-0.136055,-1.56483
0.514464,-0.261461,0.0297666;-1.54115,-0.114823,-1.56696
0.516164,-0.256843,0.0317783;-1.53424,-0.117813,-1.5372
0.511774,-0.238344,0.0366487;-1.61349,0.0416212,-1.4772
0.510124,-0.238543,0.0364759;-1.62728,0.0661076,-1.48877
0.504623,-0.24241,0.0340592;-1.60164,0.114706,-1.51684
0.490054,-0.274005,0.0306732;-1.55903,0.217303,-1.58136
0.487017,-0.287766,0.0340191;-1.47622,0.212171,-1.60297
0.485697,-0.290108,0.034122;-1.46372,0.18152,-1.59704
0.494607,-0.265623,0.0401756;-1.44036,0.203912,-1.559
0.50172,-0.253397,0.0406498;-1.50731,0.14289,-1.53771
0.503045,-0.250853,0.0394761;-1.53979,0.127506,-1.52738
0.501375,-0.265057,0.0291798;-1.58135,0.0113901,-1.57839
0.497478,-0.275327,0.0296874;-1.59099,0.000528425,-1.57911
0.497818,-0.275465,0.0291848;-1.56499,0.0609849,-1.58325
0.501876,-0.262757,0.0308305;-1.59019,0.133971,-1.55122
0.504183,-0.245912,0.0364636;-1.68342,0.209067,-1.50812
0.504071,-0.247447,0.0356411;-1.68403,0.21115,-1.51937
0.502387,-0.252521,0.0332353;-1.67062,0.212316,-1.55253
0.487834,-0.290818,0.0315519;-1.58301,0.246107,-1.60355
0.484928,-0.302143,0.031367;-1.55375,0.250549,-1.60927
0.48713,-0.29858,0.0326004;-1.51016,0.286295,-1.6095
0.501114,-0.25498,0.0379164;-1.70276,0.352276,-1.48646
0.50669,-0.251531,0.0360079;-1.71687,0.288926,-1.51834
0.510801,-0.252657,0.0334261;-1.67656,0.221602,-1.55397
0.51723,-0.255466,0.031595;-1.61427,0.102534,-1.59269
0.518955,-0.257979,0.0310762;-1.61238,0.0668009,-1.5875
0.518743,-0.257976,0.0325084;-1.654,0.0761541,-1.56658
0.514726,-0.248898,0.0357971;-1.69461,0.211855,-1.5249
0.515134,-0.24749,0.0355167;-1.7155,0.22389,-1.53846
0.514079,-0.249375,0.0336436;-1.67503,0.227277,-1.55581
0.508826,-0.259897,0.0331043;-1.60874,0.237226,-1.61055
0.502146,-0.275421,0.0334927;-1.59866,0.276676,-1.62068
0.494032,-0.292244,0.0314835;-1.56801,0.317448,-1.6192
0.498091,-0.271945,0.035754;-1.67905,0.409962,-1.54198
0.502778,-0.260566,0.0376039;-1.74734,0.364305,-1.52423
0.507059,-0.256137,0.0355215;-1.69722,0.303662,-1.55701
0.514906,-0.254629,0.032546;-1.60251,0.140726,-1.61516
0.519001,-0.253599,0.0324044;-1.60323,0.0523289,-1.61334
0.520998,-0.254712,0.032464;-1.63347,0.019251,-1.59362
0.517967,-0.250938,0.0348932;-1.70256,0.12769,-1.55574
0.515721,-0.244867,0.0361064;-1.73059,0.20107,-1.54189
0.516239,-0.245112,0.0356641;-1.71952,0.19655,-1.54674
0.515861,-0.251356,0.0328199;-1.61857,0.163603,-1.60085
0.513521,-0.256412,0.0332489;-1.60708,0.163477,-1.61577
0.511038,-0.263033,0.033358;-1.6034,0.16225,-1.62013
0.501374,-0.27767,0.0330255;-1.62512,0.330067,-1.58488
0.501636,-0.272008,0.0358906;-1.73296,0.386535,-1.51366
0.501646,-0.269667,0.0373096;-1.75852,0.408925,-1.50558
0.508126,-0.269544,0.0330321;-1.61723,0.291117,-1.59905
0.513415,-0.2668,0.0326785;-1.59131,0.186619,-1.61813
0.51924,-0.263393,0.0323545;-1.6073,0.100893,-1.60766
0.525291,-0.256889,0.0328087;-1.66443,0.030888,-1.56952
0.522087,-0.250524,0.0340981;-1.68268,0.123371,-1.5539
0.519224,-0.244517,0.0353375;-1.70935,0.196299,-1.54192
0.520705,-0.247465,0.0334631;-1.67233,0.184841,-1.56091
0.519417,-0.251241,0.0316313;-1.60334,0.175491,-1.59887
0.518568,-0.253383,0.0320874;-1.59942,0.168061,-1.60693
0.516089,-0.25864,0.031882;-1.63121,0.178111,-1.57667
0.514172,-0.257552,0.0332795;-1.67437,0.225018,-1.54987
0.511215,-0.252555,0.0346481;-1.70759,0.297385,-1.52983
0.50771,-0.257815,0.0331641;-1.63973,0.342103,-1.57617
0.506595,-0.262513,0.0317045;-1.57442,0.341711,-1.61921
0.507007,-0.264847,0.0324958;-1.58863,0.309509,-1.61665
0.518126,-0.258212,0.0301876;-1.60877,0.122642,-1.57714
0.520038,-0.254293,0.0321124;-1.64975,0.124665,-1.56154
0.518024,-0.247098,0.0338799;-1.6681,0.20277,-1.53859
0.518763,-0.24761,0.0317594;-1.64856,0.208889,-1.55915
0.520599,-0.24966,0.0299989;-1.60358,0.177579,-1.5778
0.518672,-0.252915,0.0310274;-1.59527,0.192831,-1.59533
0.511808,-0.26423,0.0300406;-1.58587,0.243557,-1.59063
0.509882,-0.264568,0.0305278;-1.62078,0.271158,-1.56197
0.50745,-0.262244,0.0329148;-1.66914,0.331189,-1.53811
0.507283,-0.257594,0.0328258;-1.67059,0.387417,-1.53485
0.506506,-0.259414,0.0308292;-1.61904,0.394093,-1.56428
0.504698,-0.262281,0.0302257;-1.57558,0.401394,-1.59836
0.509479,-0.26417,0.0295896;-1.58313,0.279651,-1.5873
0.512011,-0.263049,0.029236;-1.5992,0.219153,-1.56886
0.512593,-0.261044,0.0302402;-1.61373,0.233765,-1.55851
0.514406,-0.251454,0.0329977;-1.64187,0.28876,-1.52771
0.516312,-0.253086,0.0307723;-1.61991,0.261398,-1.5514
0.516213,-0.254799,0.0290972;-1.59443,0.259544,-1.56769
0.514915,-0.25714,0.029114;-1.59121,0.261158,-1.57406
0.512635,-0.260379,0.0289735;-1.58382,0.291346,-1.57651
0.510853,-0.262261,0.029222;-1.59996,0.327815,-1.55791
0.506959,-0.257601,0.0339775;-1.647,0.405716,-1.50556
0.508464,-0.257729,0.0328488;-1.63324,0.390793,-1.51868
0.509936,-0.260627,0.0291419;-1.59649,0.36718,-1.55984
0.50913,-0.265657,0.0286842;-1.57174,0.323828,-1.57511
0.5096,-0.266408,0.0285847;-1.57109,0.267744,-1.56988
0.510255,-0.268612,0.0293277;-1.57412,0.220596,-1.54854
0.505342,-0.261933,0.0332943;-1.59479,0.327538,-1.50021
0.50544,-0.26273,0.032472;-1.59261,0.322475,-1.51353
0.504835,-0.264952,0.030138;-1.5757,0.309016,-1.53768
0.503171,-0.26901,0.0291664;-1.54868,0.240213,-1.569
0.502856,-0.269611,0.0292448;-1.54397,0.254883,-1.571
0.501552,-0.273129,0.0299685;-1.56455,0.238159,-1.54129
0.501552,-0.273129,0.0299685;-1.56455,0.238159,-1.54129
0.500812,-0.270155,0.031655;-1.57274,0.3053,-1.51566
0.500812,-0.270155,0.031655;-1.57274,0.3053,-1.51566
