0.5,-0.3,0.06;-1.57,-2.98023e-08,-1.57
0.5,-0.3,0.06;-1.57,-2.98023e-08,-1.57
0.5,-0.3,0.06;-1.57,-2.98023e-08,-1.57
0.500859,-0.292985,0.0294139;-1.5735,-0.253103,-1.58928
0.500416,-0.294172,0.0289279;-1.57096,-0.178428,-1.5871
0.499665,-0.289427,0.0292651;-1.57286,-0.0227962,-1.56474
0.497718,-0.284729,0.0322003;-1.62064,0.0714632,-1.55373
0.499034,-0.292941,0.02904;-1.56599,-0.149005,-1.58823
0.50025,-0.287104,0.0290794;-1.57916,-0.247504,-1.58374
0.501974,-0.283191,0.0290094;-1.57863,-0.374954,-1.58674
0.501496,-0.28602,0.0289813;-1.56576,-0.257337,-1.58392
0.503509,-0.280495,0.0295109;-1.57136,-0.103696,-1.56023
0.498402,-0.270462,0.0329196;-1.62044,0.042126,-1.5362
0.501094,-0.286448,0.0296764;-1.56978,0.00370062,-1.55534
0.500419,-0.291557,0.0288914;-1.56181,-0.0906088,-1.57585
0.498302,-0.289327,0.0289021;-1.57579,-0.20663,-1.58223
0.497924,-0.285405,0.0286498;-1.57059,-0.316926,-1.57403
0.499003,-0.278337,0.0294611;-1.56916,-0.205808,-1.56148
0.494578,-0.266945,0.0329733;-1.61335,-0.0566385,-1.53409
0.49167,-0.267665,0.0327432;-1.61417,0.0245832,-1.53502
0.496188,-0.276209,0.0297858;-1.5787,-0.0938964,-1.55996
0.495898,-0.281119,0.0287557;-1.56854,-0.206503,-1.57651
0.495102,-0.277454,0.0288265;-1.57204,-0.369487,-1.58204
0.496257,-0.276856,0.0287819;-1.56658,-0.3003,-1.57628
0.496775,-0.262885,0.0299635;-1.57438,-0.195323,-1.5518
0.493533,-0.253246,0.0325068;-1.61182,-0.101155,-1.54021
0.494693,-0.262184,0.0297024;-1.5877,-0.121824,-1.56323
0.494931,-0.278647,0.0288563;-1.57738,-0.198584,-1.57873
0.495642,-0.277021,0.0287888;-1.57165,-0.270146,-1.58032
0.49611,-0.274599,0.0287619;-1.56995,-0.314427,-1.57966
0.494963,-0.255975,0.032048;-1.59876,-0.154311,-1.53787
0.489638,-0.248789,0.0341279;-1.6312,-0.0566514,-1.53039
0.491302,-0.253436,0.0323826;-1.61856,-0.0757951,-1.54695
0.493539,-0.280166,0.0287736;-1.57077,-0.177817,-1.57995
0.493819,-0.279432,0.028754;-1.57093,-0.222397,-1.57885
0.494302,-0.277029,0.0288998;-1.57726,-0.28899,-1.58167
0.496631,-0.259981,0.0297467;-1.57242,-0.268184,-1.55414
0.491073,-0.247233,0.0335583;-1.61377,-0.124694,-1.52744
0.48966,-0.244543,0.0336496;-1.62548,-0.0869959,-1.53439
0.492784,-0.273107,0.0286202;-1.56857,-0.187934,-1.57666
0.492324,-0.273562,0.0288619;-1.57678,-0.236018,-1.58014
0.493184,-0.271396,0.0288562;-1.57456,-0.311727,-1.58144
0.49573,-0.261675,0.0288139;-1.56352,-0.362059,-1.57094
0.493395,-0.250925,0.0315914;-1.57007,-0.237379,-1.53823
0.487266,-0.24406,0.0340664;-1.60838,-0.122658,-1.52523
0.491214,-0.261266,0.0286621;-1.57409,-0.221683,-1.57333
0.489499,-0.272106,0.0288886;-1.57476,-0.218515,-1.58264
0.488941,-0.273616,0.0289607;-1.57752,-0.228644,-1.58384
0.491609,-0.263967,0.0286099;-1.57107,-0.310609,-1.57261
0.493202,-0.252561,0.0300585;-1.56575,-0.271278,-1.55144
0.488034,-0.246515,0.033886;-1.57927,-0.167815,-1.52431
0.491445,-0.256075,0.0286428;-1.57462,-0.237578,-1.57328
0.489576,-0.263665,0.0289635;-1.57785,-0.239765,-1.58588
0.485398,-0.273029,0.0296623;-1.58955,-0.148631,-1.58539
0.489227,-0.262307,0.028882;-1.56819,-0.19813,-1.58296
0.493457,-0.244415,0.0295837;-1.57165,-0.145715,-1.55871
0.490339,-0.239092,0.0340676;-1.59425,-0.0654325,-1.53399
0.492308,-0.245677,0.0303581;-1.60629,-0.0904217,-1.56928
0.49021,-0.255788,0.0292245;-1.57329,-0.103416,-1.58895
0.483282,-0.267043,0.0308255;-1.59428,-0.00540304,-1.59564
0.483337,-0.267754,0.0296309;-1.56801,0.00981466,-1.59478
0.488586,-0.25442,0.030094;-1.55843,0.0279103,-1.5787
0.495094,-0.235188,0.0335818;-1.63369,0.0221328,-1.53878
0.499874,-0.235162,0.0328142;-1.64039,-0.00948366,-1.55632
0.50098,-0.238394,0.0316542;-1.63974,-0.0340191,-1.57487
0.495737,-0.2473,0.0306741;-1.57557,0.00568739,-1.60407
0.481367,-0.277359,0.0314707;-1.56884,0.0976917,-1.61623
0.483347,-0.272955,0.0314198;-1.54995,0.095435,-1.61013
0.49249,-0.25017,0.0326658;-1.54953,0.0871176,-1.58139
0.503507,-0.232344,0.0347544;-1.64584,0.0177369,-1.54366
0.506378,-0.235113,0.0340271;-1.6854,-0.00492411,-1.57162
0.504188,-0.240813,0.0324061;-1.64908,0.00957358,-1.57727
0.482304,-0.283527,0.0328929;-1.57996,0.0732245,-1.62535
0.482365,-0.283472,0.0326525;-1.55611,0.0552175,-1.62849
0.489411,-0.267425,0.0333998;-1.52561,0.0710742,-1.61675
0.50346,-0.23328,0.0365206;-1.68272,0.0388616,-1.53399
0.506474,-0.2348,0.0359716;-1.70928,0.00718463,-1.5639
0.508324,-0.240863,0.0337849;-1.67933,-0.0429125,-1.57877
0.493822,-0.265332,0.033502;-1.59266,0.012389,-1.62812
0.488035,-0.277119,0.0330771;-1.56329,0.112788,-1.63671
0.489499,-0.27778,0.0343797;-1.5078,0.192179,-1.63135
0.498523,-0.243962,0.0400024;-1.61103,0.189034,-1.54864
0.50837,-0.23689,0.0354704;-1.71362,0.0635136,-1.56101
0.512631,-0.240522,0.0334666;-1.67388,-0.0193827,-1.5763
0.499555,-0.262996,0.0339145;-1.59273,0.00493183,-1.63167
0.492081,-0.278335,0.0333357;-1.56231,0.109201,-1.63854
0.492903,-0.284207,0.0340967;-1.51208,0.212989,-1.62872
0.497874,-0.261811,0.0431958;-1.32974,0.356229,-1.627
0.504983,-0.254799,0.0461504;-1.39975,0.232608,-1.62389
0.510324,-0.250546,0.0363549;-1.53734,0.123547,-1.62394
0.502914,-0.274078,0.0339595;-1.58782,0.0716427,-1.63351
0.497547,-0.292257,0.0334746;-1.55325,0.144973,-1.63658
0.499651,-0.300972,0.0337925;-1.51426,0.232596,-1.62748
0.508209,-0.30032,0.0388704;-1.3977,0.484672,-1.61575
0.509355,-0.292641,0.0381932;-1.37934,0.434852,-1.63591
0.509248,-0.284724,0.0391323;-1.36385,0.344622,-1.64346
0.510127,-0.275482,0.0329504;-1.57781,0.157318,-1.62808
0.502315,-0.299407,0.0329867;-1.56746,0.11882,-1.62978
0.503942,-0.307741,0.0327498;-1.5447,0.234728,-1.62703
0.50948,-0.317698,0.0339465;-1.46069,0.395714,-1.61996
0.515556,-0.300567,0.0395642;-1.40119,0.540973,-1.61111
0.515881,-0.293288,0.0371443;-1.38552,0.416814,-1.64099
0.514231,-0.285659,0.0344847;-1.49849,0.284361,-1.63178
0.510626,-0.296379,0.0324204;-1.56774,0.117758,-1.6264
0.510335,-0.305226,0.032292;-1.56341,0.205555,-1.62779
0.513656,-0.315751,0.0328661;-1.50179,0.325671,-1.61714
0.524071,-0.310979,0.0379562;-1.43474,0.593544,-1.59648
0.522952,-0.308589,0.0366952;-1.42536,0.519453,-1.61591
0.518202,-0.305948,0.0350057;-1.43671,0.371514,-1.62907
0.515398,-0.292834,0.0325231;-1.57668,0.09081,-1.62314
0.515826,-0.292965,0.0320166;-1.56631,0.0933619,-1.62391
0.517081,-0.293907,0.0318918;-1.54159,0.170205,-1.61506
0.520301,-0.286495,0.0361739;-1.46286,0.497887,-1.5827
0.521843,-0.286491,0.0348733;-1.50807,0.48977,-1.59258
0.520731,-0.288958,0.0333495;-1.47343,0.385894,-1.61763
0.520193,-0.286527,0.0315354;-1.57267,0.109083,-1.61374
0.520612,-0.286635,0.0311059;-1.57216,0.0553997,-1.60968
0.521938,-0.284555,0.0303521;-1.56305,0.06378,-1.60424
0.525325,-0.257257,0.0347259;-1.68195,0.333118,-1.52259
0.524483,-0.256758,0.0354438;-1.71105,0.380976,-1.51993
0.526175,-0.258887,0.0324131;-1.63983,0.34306,-1.56213
0.530723,-0.263626,0.0308236;-1.57732,0.103749,-1.60295
0.533378,-0.268432,0.0300484;-1.57469,-0.0451264,-1.59622
0.53484,-0.26629,0.0291652;-1.5729,-0.0727215,-1.58766
0.532573,-0.256831,0.0316218;-1.60557,0.164349,-1.54524
0.528969,-0.25045,0.0351225;-1.67455,0.282514,-1.5175
0.529038,-0.253064,0.0335696;-1.67726,0.311535,-1.54334
0.531354,-0.259793,0.0291953;-1.57068,0.149209,-1.5888
0.535226,-0.258769,0.0293918;-1.57783,0.00348163,-1.58651
0.537393,-0.2577,0.0291133;-1.58271,-0.0718494,-1.58533
0.536086,-0.254189,0.0293096;-1.57315,0.0493324,-1.562
0.532828,-0.243742,0.033131;-1.62373,0.18701,-1.52579
0.529987,-0.248886,0.0338791;-1.6306,0.253404,-1.51922
0.533448,-0.257506,0.028862;-1.57042,0.0954343,-1.58454
0.536005,-0.254653,0.0291623;-1.58808,-0.0180996,-1.58217
0.538807,-0.25297,0.0289969;-1.57968,-0.13772,-1.58331
0.537682,-0.252285,0.0286136;-1.56917,-0.0385774,-1.5715
0.535998,-0.24241,0.0310513;-1.58653,0.0923965,-1.54007
0.531291,-0.243197,0.0330335;-1.61955,0.179509,-1.52649
0.532987,-0.255656,0.0287959;-1.57429,0.125107,-1.57714
0.534121,-0.25468,0.0289329;-1.57429,-0.00274214,-1.58486
0.537052,-0.252183,0.0290651;-1.58357,-0.128553,-1.58315
0.538775,-0.249986,0.0286442;-1.57267,-0.149041,-1.5722
0.536162,-0.242021,0.030674;-1.58933,-0.0191347,-1.5434
0.530318,-0.237131,0.0330531;-1.61916,0.0957959,-1.52873
0.530197,-0.247486,0.0290846;-1.58635,0.068758,-1.57583
0.530933,-0.248577,0.0289579;-1.57377,-0.0193373,-1.58596
0.533846,-0.245864,0.0291061;-1.58254,-0.123402,-1.58619
0.535998,-0.245399,0.0289832;-1.56829,-0.16516,-1.5847
0.532804,-0.239872,0.0321117;-1.55436,-0.0620445,-1.5623
0.527273,-0.23378,0.035035;-1.60501,0.0487675,-1.52689
0.523497,-0.242429,0.0307913;-1.61972,0.113692,-1.57074
0.523228,-0.247042,0.0292621;-1.57139,0.0801606,-1.5895
0.525841,-0.247691,0.0300119;-1.5814,-0.0303929,-1.59308
0.530957,-0.244667,0.0289227;-1.57397,-0.169035,-1.58436
0.531231,-0.242806,0.0296703;-1.56726,-0.137951,-1.58345
0.527629,-0.235901,0.0348157;-1.57741,-0.0310743,-1.55624
0.519449,-0.238617,0.0355895;-1.61725,0.104168,-1.54451
0.516625,-0.246515,0.0304934;-1.60808,0.11537,-1.58119
0.51551,-0.251167,0.0308724;-1.57575,0.0904382,-1.60589
0.520848,-0.254902,0.0305299;-1.57805,-0.130078,-1.6021
0.523949,-0.249256,0.0294148;-1.57496,-0.156641,-1.58964
0.52603,-0.239882,0.0304273;-1.58933,-0.105082,-1.57621
0.519053,-0.234621,0.0354096;-1.65895,0.0589789,-1.53594
0.517374,-0.239812,0.0332283;-1.66493,0.0748775,-1.57003
0.513818,-0.250108,0.031583;-1.5838,0.0899338,-1.60974
0.512664,-0.264725,0.0319687;-1.57759,-0.0639752,-1.61864
0.515039,-0.260854,0.0312968;-1.57076,-0.098109,-1.61574
0.520365,-0.248831,0.0305461;-1.57342,-0.081861,-1.60069
0.519131,-0.234584,0.0350187;-1.67608,0.068029,-1.54899
0.519202,-0.237972,0.0351606;-1.68836,0.0770328,-1.55902
0.517844,-0.246101,0.0338131;-1.65531,0.0775832,-1.58763
0.51212,-0.269221,0.0332157;-1.58378,-0.027232,-1.62966
0.512725,-0.270048,0.0327878;-1.5724,-0.064329,-1.632
0.516434,-0.261663,0.0322269;-1.56227,-0.0474149,-1.625
0.522615,-0.233264,0.0348434;-1.68942,0.049289,-1.56315
0.523118,-0.235455,0.0359167;-1.70711,0.064355,-1.56408
0.523011,-0.240226,0.0345299;-1.68195,0.0567519,-1.58203
0.509092,-0.276704,0.0342565;-1.58421,0.0240222,-1.63982
0.505571,-0.289025,0.0334554;-1.56616,0.0168804,-1.64218
0.506737,-0.288101,0.0335983;-1.54494,0.0345384,-1.6362
0.506737,-0.288101,0.0335983;-1.54494,0.0345384,-1.6362
0.510281,-0.277209,0.035685;-1.4983,0.138652,-1.6238
0.510281,-0.277209,0.035685;-1.4983,0.138652,-1.6238
