0.5,-0.3,0.06;-1.57,-2.98023e-08,-1.57
0.5,-0.3,0.06;-1.57,-2.98023e-08,-1.57
0.5,-0.3,0.06;-1.57,-2.98023e-08,-1.57
0.500574,-0.291914,0.029723;-1.57295,-0.277992,-1.59303
0.501575,-0.287362,0.029129;-1.56845,-0.255239,-1.58559
0.501375,-0.271636,0.0307739;-1.59809,-0.132639,-1.56365
0.499104,-0.263168,0.0338426;-1.65458,-0.0665153,-1.55935
0.504849,-0.27337,0.0290717;-1.57223,-0.232168,-1.58674
0.504976,-0.274022,0.0300005;-1.59438,-0.261267,-1.59123
0.505357,-0.274487,0.0292441;-1.58285,-0.292173,-1.5865
0.501902,-0.284195,0.0300188;-1.56133,-0.129188,-1.59541
0.503625,-0.277469,0.0316344;-1.52496,0.0114906,-1.5741
0.501258,-0.262192,0.0330163;-1.64426,0.153962,-1.54314
0.504856,-0.265004,0.0311805;-1.61471,0.072343,-1.56637
0.505925,-0.271412,0.0291463;-1.56777,-0.0418921,-1.58973
0.506139,-0.270348,0.0301427;-1.57856,-0.133927,-1.59475
0.509631,-0.260355,0.0289036;-1.57065,-0.239312,-1.58616
0.511053,-0.248863,0.0295688;-1.5812,-0.153023,-1.56583
0.506439,-0.235769,0.0347105;-1.65734,-0.0151157,-1.54096
0.50487,-0.232567,0.0348068;-1.67046,0.0204853,-1.54602
0.509912,-0.240351,0.0320484;-1.63162,-0.0928838,-1.56862
0.513103,-0.247215,0.0289296;-1.57249,-0.191163,-1.58655
0.513396,-0.249689,0.0298665;-1.57664,-0.231949,-1.59354
0.511492,-0.250887,0.0290064;-1.5837,-0.144408,-1.58007
0.508036,-0.245828,0.0310984;-1.60347,-0.0197148,-1.55655
0.504451,-0.238414,0.0343975;-1.67125,0.0920237,-1.54528
0.504913,-0.243801,0.0324504;-1.65082,0.0755663,-1.56921
0.504942,-0.261068,0.03001;-1.5787,-0.096644,-1.59343
0.506478,-0.257981,0.0294931;-1.5786,-0.154128,-1.58833
0.507301,-0.256647,0.0292684;-1.57048,-0.166866,-1.58893
0.5068,-0.243398,0.0314882;-1.60942,0.0254271,-1.5516
0.504621,-0.237936,0.0338517;-1.65744,0.0760465,-1.54425
0.506344,-0.238305,0.0340671;-1.66929,0.0474562,-1.55472
0.510599,-0.247958,0.0290671;-1.57891,-0.136828,-1.58572
0.512403,-0.247597,0.0295462;-1.58593,-0.19598,-1.58694
0.513439,-0.248281,0.0295522;-1.58252,-0.216966,-1.5878
0.512885,-0.242882,0.0299386;-1.57995,-0.0886809,-1.55724
0.508387,-0.235557,0.0339027;-1.64351,0.0381857,-1.53624
0.507321,-0.235839,0.0350228;-1.66458,0.0671762,-1.53633
0.50627,-0.254602,0.029169;-1.56823,0.00989391,-1.58838
0.505043,-0.261299,0.0299815;-1.57994,-0.0503617,-1.59237
0.505629,-0.259553,0.0294632;-1.57515,-0.113115,-1.58871
0.507302,-0.255025,0.0288355;-1.56631,-0.123787,-1.57808
0.506314,-0.245717,0.0313547;-1.5984,0.00457291,-1.54672
0.502289,-0.239455,0.0348879;-1.66507,0.113275,-1.53279
0.507135,-0.250085,0.0298321;-1.59614,0.00834528,-1.57942
0.507302,-0.254725,0.0293071;-1.57356,-0.0960326,-1.58785
0.509694,-0.251423,0.0294902;-1.58118,-0.1997,-1.58787
0.511493,-0.250273,0.0287913;-1.5675,-0.244437,-1.57769
0.510504,-0.24622,0.0312474;-1.54359,-0.167465,-1.55752
0.506876,-0.239088,0.0363958;-1.57563,-0.0547203,-1.53728
0.510942,-0.244942,0.0297817;-1.60024,-0.121543,-1.57869
0.5092,-0.252357,0.0292477;-1.57637,-0.150077,-1.58729
0.506627,-0.256885,0.0299398;-1.59016,-0.126161,-1.58758
0.507285,-0.25629,0.0288534;-1.57036,-0.143924,-1.58388
0.506911,-0.251005,0.0300032;-1.57863,-0.0479173,-1.55442
0.503649,-0.245839,0.0334499;-1.62775,0.0533459,-1.53142
0.504892,-0.255017,0.0306673;-1.61606,0.0626852,-1.57188
0.50356,-0.269037,0.029025;-1.56877,0.0205369,-1.5879
0.502615,-0.272734,0.0299328;-1.57793,0.00834481,-1.59188
0.50329,-0.266295,0.0290507;-1.56464,-0.0961789,-1.58746
0.50776,-0.249957,0.0290532;-1.57458,-0.098219,-1.56367
0.508163,-0.239394,0.0316386;-1.60036,-0.058363,-1.54371
0.510288,-0.238069,0.0324133;-1.62471,-0.0392984,-1.54906
0.51235,-0.242827,0.0301805;-1.60602,-0.0908417,-1.57552
0.511726,-0.246037,0.0290537;-1.58119,-0.1046,-1.58438
0.512078,-0.245917,0.0290381;-1.57873,-0.132659,-1.58572
0.51219,-0.245473,0.0288389;-1.58181,-0.119476,-1.57361
0.510625,-0.240118,0.0302957;-1.58683,-0.0532989,-1.55175
0.505423,-0.237646,0.0338058;-1.64112,0.0636293,-1.5359
0.505152,-0.240082,0.0328567;-1.65128,0.078922,-1.55119
0.506135,-0.24954,0.0288568;-1.57122,0.0329734,-1.58355
0.505856,-0.254493,0.0291689;-1.57694,-0.0863989,-1.58448
0.506591,-0.253179,0.0288974;-1.5705,-0.119208,-1.58594
0.507481,-0.250966,0.0286593;-1.57434,-0.122401,-1.57145
0.501922,-0.242539,0.0341648;-1.63273,0.0428836,-1.52509
0.504148,-0.240548,0.0341611;-1.65367,0.0361624,-1.54091
0.508944,-0.245916,0.0299892;-1.60308,-0.0474417,-1.57457
0.510194,-0.250752,0.0293738;-1.59108,-0.159247,-1.58298
0.511309,-0.249291,0.0289561;-1.57489,-0.194677,-1.58527
0.511977,-0.248638,0.0289477;-1.56207,-0.197252,-1.5751
0.507854,-0.240288,0.0362449;-1.57144,-0.062833,-1.53073
0.508038,-0.238666,0.0365783;-1.60721,-0.0346887,-1.54756
0.508953,-0.243886,0.0301031;-1.60107,-0.0641083,-1.57068
0.503177,-0.261559,0.0297928;-1.58546,0.00967321,-1.5867
0.50238,-0.265224,0.0290353;-1.56935,0.00678369,-1.58536
0.503112,-0.262956,0.0290118;-1.55774,0.00764696,-1.57913
0.5015,-0.247424,0.0333867;-1.6264,0.102624,-1.52908
0.502256,-0.249211,0.0335065;-1.63514,0.103658,-1.53468
0.503585,-0.257004,0.0302152;-1.60126,0.0530625,-1.56749
0.499436,-0.275236,0.0295519;-1.57808,0.0897957,-1.58682
0.4998,-0.273055,0.0289761;-1.56657,0.0375797,-1.58595
0.501907,-0.266924,0.0290579;-1.55809,-0.0212661,-1.58159
0.51159,-0.241227,0.0326202;-1.61082,-0.0742937,-1.53693
0.51325,-0.243136,0.0326575;-1.61797,-0.100755,-1.54456
0.513511,-0.245091,0.0313957;-1.60606,-0.114983,-1.55236
0.508996,-0.256045,0.029155;-1.58707,-0.0411176,-1.58225
0.503121,-0.270863,0.0293465;-1.57794,0.0216723,-1.58522
0.503147,-0.271381,0.0290037;-1.56613,0.0137418,-1.58667
0.504242,-0.268266,0.0289281;-1.5639,0.0190757,-1.5723
0.504378,-0.252514,0.0331266;-1.61963,0.112136,-1.52778
0.505769,-0.255132,0.0319988;-1.61907,0.0881481,-1.54151
0.505199,-0.265336,0.0288132;-1.56464,0.0452555,-1.57873
0.497826,-0.282359,0.0292792;-1.56683,0.120509,-1.58458
0.496988,-0.284837,0.0290762;-1.56486,0.108765,-1.58485
0.497996,-0.282631,0.0293368;-1.55196,0.0941409,-1.5771
0.507994,-0.251959,0.0333654;-1.60721,0.0895545,-1.5173
0.511287,-0.25101,0.0332359;-1.63047,0.0463102,-1.53777
0.513399,-0.258696,0.0287029;-1.57606,-0.0333717,-1.5719
0.511644,-0.263026,0.0294502;-1.58974,-0.0369586,-1.58152
0.511003,-0.265035,0.0289731;-1.57519,-0.0183305,-1.58508
0.511471,-0.264374,0.0288727;-1.56508,-0.00737218,-1.5794
0.51088,-0.248282,0.0327858;-1.61626,0.0991661,-1.53091
0.512831,-0.249873,0.0326932;-1.6231,0.074399,-1.53908
0.514449,-0.256706,0.0290369;-1.5805,0.0139819,-1.56907
0.510314,-0.265964,0.0292079;-1.58569,0.0537283,-1.57952
0.506437,-0.275223,0.0290837;-1.57823,0.136697,-1.58218
0.505783,-0.279239,0.0290745;-1.55954,0.194162,-1.58561
0.511311,-0.254778,0.0311753;-1.58177,0.25207,-1.53309
0.515371,-0.248123,0.0326867;-1.61785,0.208363,-1.52973
0.519147,-0.25102,0.0306109;-1.60307,0.131026,-1.55772
0.51774,-0.260765,0.0291104;-1.59063,0.09978,-1.5779
0.516814,-0.266312,0.0289045;-1.57913,0.0732,-1.58198
0.516744,-0.266721,0.0288655;-1.57086,0.0729404,-1.58462
0.522709,-0.246935,0.030192;-1.57461,0.0687152,-1.54507
0.525239,-0.23646,0.0334146;-1.61663,0.073447,-1.52537
0.529367,-0.237754,0.0323009;-1.61674,0.0204335,-1.5422
0.529934,-0.249007,0.0289126;-1.57509,-0.0469262,-1.58288
0.526128,-0.256317,0.0290841;-1.58714,0.00653608,-1.57872
0.522403,-0.266465,0.0290083;-1.58022,0.0850564,-1.58237
0.522691,-0.267105,0.0294941;-1.56273,0.186676,-1.56693
0.525352,-0.24864,0.0311949;-1.57563,0.228233,-1.52941
0.529185,-0.243001,0.032383;-1.59876,0.164294,-1.52381
0.534083,-0.247935,0.028724;-1.57164,0.0332293,-1.578
0.532438,-0.251543,0.0291441;-1.58767,0.049875,-1.5808
0.530076,-0.261992,0.0289739;-1.57715,0.0570096,-1.58326
0.530738,-0.261398,0.0288534;-1.56072,0.122713,-1.57545
0.534812,-0.242464,0.0302287;-1.57498,0.132216,-1.54447
0.538023,-0.237151,0.0329876;-1.62514,0.0839071,-1.53462
0.544924,-0.248965,0.0287488;-1.57782,-0.0576616,-1.5698
0.543689,-0.251664,0.0289246;-1.57609,-0.0388345,-1.58254
0.539404,-0.260974,0.0291449;-1.58839,0.0180094,-1.58053
0.537769,-0.275104,0.0289737;-1.55669,0.245587,-1.57933
0.539267,-0.268089,0.0304066;-1.56017,0.304096,-1.55481
0.540112,-0.254121,0.0330312;-1.55468,0.334223,-1.52769
0.549496,-0.250275,0.0286194;-1.57032,0.125932,-1.57288
0.549492,-0.250881,0.0288728;-1.57341,0.0832433,-1.58303
0.547419,-0.260298,0.0290559;-1.58211,0.0779827,-1.58192
0.5466,-0.268183,0.0288002;-1.5654,0.164456,-1.57686
0.5487,-0.258704,0.0297907;-1.5709,0.233538,-1.55336
0.549945,-0.248504,0.0314625;-1.59029,0.245994,-1.53183
0.5588,-0.246162,0.0292932;-1.5831,0.0561408,-1.5664
0.559607,-0.247744,0.0288072;-1.57108,-0.0259923,-1.58195
0.559876,-0.24792,0.0290767;-1.58727,-0.0445601,-1.57926
0.559108,-0.249649,0.0288229;-1.57066,-0.0278845,-1.5822
0.557979,-0.248457,0.0287589;-1.57555,0.0797564,-1.56679
0.556519,-0.243296,0.0311237;-1.59331,0.17487,-1.53931
0.556899,-0.247218,0.0320555;-1.62082,0.167152,-1.5427
0.55824,-0.252707,0.0286274;-1.57112,0.07862,-1.57313
0.557833,-0.253789,0.0289142;-1.5756,0.0422446,-1.5823
0.554856,-0.265785,0.0289084;-1.57533,0.108832,-1.58164
0.555246,-0.269295,0.0287424;-1.56853,0.19017,-1.57683
0.558051,-0.268839,0.0295698;-1.56967,0.326725,-1.55607
0.559731,-0.257032,0.0315212;-1.563,0.349988,-1.5354
0.562967,-0.256709,0.0290837;-1.57426,0.242158,-1.56447
0.564869,-0.258606,0.0288032;-1.57071,0.14367,-1.58175
0.565947,-0.258899,0.028834;-1.57253,0.0643998,-1.58262
0.566126,-0.25881,0.028837;-1.57034,0.0556083,-1.58308
0.567179,-0.255001,0.0286656;-1.5708,0.0998896,-1.56989
0.568595,-0.243458,0.0316823;-1.60489,0.179472,-1.53247
0.571174,-0.244315,0.0325596;-1.62873,0.141758,-1.54092
0.5726,-0.250908,0.0286128;-1.57127,0.0600443,-1.57235
0.570433,-0.258079,0.0288631;-1.57402,0.0681659,-1.58096
0.568955,-0.263894,0.0287867;-1.57117,0.144222,-1.58041
0.570394,-0.267295,0.0286953;-1.56667,0.280372,-1.57373
0.571496,-0.262796,0.0313779;-1.57957,0.499146,-1.5265
0.572502,-0.269977,0.0307508;-1.56357,0.456823,-1.54406
0.570502,-0.27607,0.028664;-1.56627,0.339225,-1.57245
0.570017,-0.271914,0.0288131;-1.57175,0.137251,-1.58126
0.570245,-0.272746,0.0288036;-1.57076,0.148553,-1.5814
0.571403,-0.273266,0.0290356;-1.55294,0.210467,-1.57911
0.571403,-0.273266,0.0290356;-1.55294,0.210467,-1.57911
0.573987,-0.259482,0.0299017;-1.57128,0.278155,-1.54974
0.573987,-0.259482,0.0299017;-1.57128,0.278155,-1.54974
