0.5,-0.3,0.06;-1.57,-2.98023e-08,-1.57
0.5,-0.3,0.06;-1.57,-2.98023e-08,-1.57
0.5,-0.3,0.06;-1.57,-2.98023e-08,-1.57
0.497545,-0.296118,0.0288204;-1.56931,-0.301867,-1.58099
0.498773,-0.29611,0.0289339;-1.55908,-0.221588,-1.57366
0.499759,-0.289972,0.0298001;-1.55968,-0.0626405,-1.55084
0.497798,-0.285258,0.030637;-1.57792,0.017967,-1.53873
0.498132,-0.293375,0.0290023;-1.55683,-0.229904,-1.57429
0.498391,-0.290688,0.0286813;-1.57086,-0.348368,-1.57572
0.499394,-0.288301,0.028683;-1.57071,-0.449161,-1.57576
0.500313,-0.28895,0.0285874;-1.56971,-0.32106,-1.56912
0.500059,-0.281979,0.0300158;-1.5748,-0.15702,-1.54523
0.493389,-0.273286,0.0323448;-1.59381,-0.0106591,-1.52553
0.496382,-0.283615,0.0299395;-1.57359,-0.0761322,-1.54425
0.496506,-0.288743,0.0290543;-1.54841,-0.202679,-1.56498
0.494763,-0.287733,0.0286256;-1.57428,-0.33535,-1.5721
0.495251,-0.286263,0.0285811;-1.57082,-0.347795,-1.57069
0.495342,-0.279059,0.0296503;-1.57249,-0.221182,-1.54572
0.490137,-0.268694,0.0319466;-1.57726,-0.0819264,-1.51964
0.487263,-0.269257,0.0325606;-1.59654,-0.000139207,-1.52554
0.490565,-0.279301,0.0296004;-1.56661,-0.0862689,-1.54644
0.489971,-0.286505,0.0289121;-1.55666,-0.220882,-1.56535
0.487319,-0.286587,0.0285781;-1.57079,-0.419764,-1.5708
0.488322,-0.284029,0.0289088;-1.56334,-0.345035,-1.55951
0.487812,-0.273018,0.0302932;-1.56984,-0.215931,-1.53708
0.484373,-0.265816,0.0314352;-1.57294,-0.119976,-1.52353
0.485254,-0.271871,0.0293639;-1.57023,-0.164502,-1.54899
0.484293,-0.278816,0.0286806;-1.57158,-0.332992,-1.56615
0.484223,-0.280081,0.0286366;-1.57085,-0.377143,-1.56806
0.484569,-0.278671,0.028684;-1.56702,-0.323466,-1.56805
0.484238,-0.261086,0.0315335;-1.57093,-0.0893684,-1.52127
0.480383,-0.254177,0.0328996;-1.58013,0.0048381,-1.50808
0.48184,-0.259256,0.0310865;-1.57341,-0.0254942,-1.52614
0.480988,-0.273751,0.0286745;-1.56595,-0.266742,-1.56984
0.481107,-0.27581,0.0286911;-1.57071,-0.364802,-1.56533
0.481041,-0.275971,0.0286597;-1.57066,-0.363879,-1.56699
0.483246,-0.262309,0.0302219;-1.56679,-0.150335,-1.5372
0.480198,-0.252938,0.0325175;-1.57208,-0.0354082,-1.50905
0.479193,-0.251443,0.0323953;-1.57123,-0.0143077,-1.51116
0.479796,-0.265292,0.0289711;-1.56609,-0.188371,-1.55422
0.478275,-0.268177,0.0287428;-1.57087,-0.303321,-1.563
0.478333,-0.269976,0.0287205;-1.57077,-0.369408,-1.56391
0.480713,-0.26238,0.0292901;-1.56158,-0.160824,-1.54848
0.480672,-0.251703,0.0315429;-1.56734,-0.0373752,-1.52164
0.479048,-0.243913,0.0331895;-1.57147,0.0436136,-1.50171
0.48041,-0.255976,0.0291841;-1.56563,-0.0977553,-1.55207
0.478637,-0.260098,0.0288519;-1.56279,-0.210778,-1.56063
0.477468,-0.26289,0.0287702;-1.56884,-0.339558,-1.56115
0.480164,-0.257591,0.0291669;-1.55539,-0.164222,-1.55247
0.481653,-0.246349,0.0310585;-1.56472,-0.0514233,-1.52923
0.480498,-0.237213,0.0330424;-1.56929,0.0561209,-1.50214
0.483009,-0.248048,0.0295863;-1.55849,-0.12927,-1.54873
0.481116,-0.25293,0.0290796;-1.55123,-0.240208,-1.56076
0.48075,-0.255734,0.0291804;-1.54285,-0.276535,-1.56054
0.483216,-0.249906,0.0292997;-1.54993,-0.133851,-1.55349
0.485921,-0.238247,0.031177;-1.55784,-0.00655557,-1.52974
0.48426,-0.234874,0.0329082;-1.56961,0.0575953,-1.50744
0.484801,-0.241865,0.0300995;-1.5597,-0.0457709,-1.54034
0.483519,-0.246887,0.0291007;-1.55829,-0.143378,-1.55628
0.482978,-0.250296,0.0290884;-1.55098,-0.201461,-1.56156
0.483484,-0.250344,0.0292282;-1.55327,-0.196932,-1.55316
0.484319,-0.242989,0.0310784;-1.54881,-0.0941575,-1.53077
0.481942,-0.23607,0.0334715;-1.56383,0.0312565,-1.50239
0.482589,-0.236457,0.0329754;-1.55467,0.0223591,-1.51135
0.483835,-0.24149,0.0298065;-1.55585,-0.0727241,-1.54963
0.483206,-0.246523,0.0292334;-1.54299,-0.138412,-1.56249
0.482536,-0.249097,0.0292063;-1.54465,-0.177063,-1.56135
0.484325,-0.244558,0.0293411;-1.55213,-0.106352,-1.55358
0.484369,-0.23701,0.0321085;-1.54766,-0.00945019,-1.52385
0.479848,-0.239532,0.0335792;-1.56859,0.111915,-1.50094
0.481798,-0.240892,0.0314867;-1.56954,0.0530242,-1.52437
0.480971,-0.248608,0.0289762;-1.56324,-0.0490153,-1.55685
0.477324,-0.254167,0.0289361;-1.55813,-0.269385,-1.55959
0.478537,-0.252603,0.0291079;-1.55048,-0.179945,-1.5584
0.481628,-0.242958,0.0299371;-1.558,-0.0760754,-1.54494
0.481703,-0.234054,0.0332436;-1.57291,0.0450516,-1.5032
0.482866,-0.236806,0.0327584;-1.56934,0.0394181,-1.5088
0.483416,-0.24461,0.0303893;-1.56537,-0.0431605,-1.53956
0.479689,-0.256232,0.0291222;-1.54747,-0.297031,-1.55975
0.480249,-0.254729,0.0291195;-1.54974,-0.251172,-1.55968
0.4825,-0.247778,0.0295615;-1.55169,-0.151117,-1.55027
0.480418,-0.234212,0.033871;-1.57101,0.0458357,-1.49477
0.482117,-0.236174,0.0328859;-1.56894,0.0260483,-1.50688
0.483378,-0.243867,0.0304161;-1.56648,-0.0570003,-1.53834
0.479988,-0.256236,0.0290631;-1.55254,-0.303614,-1.55927
0.480281,-0.255857,0.0291988;-1.54327,-0.285274,-1.55908
0.480726,-0.252995,0.0303914;-1.5291,-0.240231,-1.54931
0.474216,-0.236226,0.034048;-1.57403,0.022381,-1.49329
0.476495,-0.241208,0.0329002;-1.56949,-0.00864001,-1.50624
0.478141,-0.248533,0.0305049;-1.56633,-0.0815426,-1.53679
0.47514,-0.258309,0.0288267;-1.56677,-0.253043,-1.55925
0.475118,-0.258378,0.0289774;-1.55825,-0.277003,-1.5578
0.475602,-0.257869,0.0292656;-1.54131,-0.270534,-1.55602
0.475631,-0.237948,0.0335352;-1.57132,0.0202239,-1.49856
0.476672,-0.240566,0.03236;-1.56788,0.0188646,-1.51389
0.476936,-0.241548,0.0316029;-1.56812,0.0100435,-1.52317
0.474946,-0.253219,0.028885;-1.56388,-0.160125,-1.56034
0.473018,-0.257678,0.028842;-1.56591,-0.320341,-1.55924
0.473961,-0.255626,0.0291352;-1.55044,-0.270511,-1.55609
0.475303,-0.248131,0.0308435;-1.54394,-0.170345,-1.5386
0.471229,-0.240916,0.0339236;-1.568,0.0562812,-1.49743
0.474464,-0.249773,0.031757;-1.57051,0.0300271,-1.52159
0.475637,-0.26095,0.0291407;-1.56795,-0.0731623,-1.55459
0.473872,-0.267066,0.0288024;-1.56773,-0.277998,-1.56027
0.474095,-0.266126,0.0289168;-1.56173,-0.264978,-1.55904
0.477134,-0.258453,0.0294205;-1.55212,-0.167715,-1.55357
0.475905,-0.239823,0.0337933;-1.57616,0.0651073,-1.49742
0.477512,-0.24528,0.0324699;-1.57204,0.0549573,-1.51293
0.479144,-0.259588,0.0300723;-1.56773,-0.0437125,-1.54298
0.477121,-0.268869,0.028764;-1.56804,-0.279382,-1.56043
0.477231,-0.268144,0.0288123;-1.56555,-0.271392,-1.55988
0.479248,-0.260991,0.0293886;-1.55185,-0.184406,-1.55211
0.478458,-0.238864,0.0337294;-1.57377,0.0594701,-1.49695
0.479443,-0.241587,0.0324486;-1.5729,0.0546636,-1.51171
0.479849,-0.25164,0.030142;-1.56724,-0.018151,-1.54248
0.478474,-0.260956,0.0287845;-1.57071,-0.210703,-1.56073
0.478489,-0.261624,0.0287426;-1.56849,-0.24275,-1.56109
0.479626,-0.258654,0.0291004;-1.55831,-0.19538,-1.55292
0.480178,-0.236895,0.0332897;-1.56907,0.0332362,-1.50406
0.480772,-0.23616,0.0334022;-1.56681,0.038159,-1.50496
0.482583,-0.236927,0.0310679;-1.56873,0.0027414,-1.53108
0.480536,-0.246317,0.0287768;-1.57106,-0.151238,-1.56049
0.480739,-0.249816,0.028933;-1.56048,-0.199875,-1.56191
0.480813,-0.249949,0.0290727;-1.55597,-0.201054,-1.55857
0.478371,-0.23683,0.0336573;-1.55082,-0.0135902,-1.50847
0.477114,-0.236526,0.034415;-1.56125,0.0316642,-1.49589
0.478923,-0.234972,0.0339454;-1.55603,0.0194486,-1.50277
0.479586,-0.245498,0.0288596;-1.56403,-0.120204,-1.55959
0.479297,-0.249053,0.0288498;-1.56168,-0.189309,-1.56227
0.479371,-0.251371,0.0290515;-1.55217,-0.219041,-1.56175
0.475816,-0.242969,0.0312453;-1.56119,-0.10048,-1.52968
0.471957,-0.236701,0.0342263;-1.56177,0.000388741,-1.49972
0.471767,-0.238904,0.0344995;-1.55712,0.0394273,-1.49638
0.474975,-0.245078,0.0290275;-1.56048,-0.107756,-1.55712
0.473342,-0.248516,0.0289511;-1.5598,-0.173727,-1.56105
0.473084,-0.251356,0.0289855;-1.55578,-0.219194,-1.56195
0.474461,-0.243156,0.0296911;-1.56266,-0.0990205,-1.54777
0.46947,-0.236975,0.0326394;-1.56793,-0.00514888,-1.51275
0.468436,-0.239366,0.0333595;-1.5742,0.032477,-1.50562
0.47242,-0.246918,0.0298679;-1.56852,-0.0751077,-1.54622
0.470846,-0.253152,0.0290215;-1.55581,-0.206903,-1.56107
0.469685,-0.255499,0.0288656;-1.56594,-0.257011,-1.56052
0.471255,-0.248756,0.029369;-1.55315,-0.165049,-1.55281
0.470405,-0.239047,0.0318558;-1.56324,-0.0366446,-1.5225
0.466825,-0.240236,0.03326;-1.58172,0.0359084,-1.50671
0.470049,-0.246609,0.0300557;-1.56867,-0.0519027,-1.54375
0.469124,-0.253206,0.0288939;-1.5661,-0.192596,-1.55927
0.467722,-0.255683,0.0288245;-1.56811,-0.287143,-1.56089
0.468597,-0.251823,0.0292485;-1.55269,-0.226408,-1.55167
0.467968,-0.242658,0.032196;-1.55734,-0.095957,-1.52063
0.463462,-0.239092,0.0340701;-1.57817,0.00269226,-1.49679
0.464094,-0.247152,0.030546;-1.57253,0.0353217,-1.53714
0.464518,-0.255114,0.0288357;-1.57057,-0.0743305,-1.55854
0.464914,-0.25785,0.0287808;-1.57091,-0.195337,-1.5611
0.465688,-0.259406,0.0289619;-1.56448,-0.285202,-1.5568
0.467403,-0.250691,0.029993;-1.56376,-0.185246,-1.54318
0.464787,-0.238764,0.03275;-1.57385,-0.0294916,-1.50899
0.462612,-0.24293,0.0324798;-1.57323,0.0442308,-1.51027
0.464007,-0.252038,0.0294377;-1.57298,-0.0197578,-1.55104
0.463962,-0.257201,0.0287603;-1.57085,-0.152891,-1.56204
0.464623,-0.26037,0.0287299;-1.57012,-0.331728,-1.56412
0.466052,-0.256858,0.0291723;-1.55139,-0.267718,-1.55556
0.466632,-0.2451,0.0312946;-1.56163,-0.134079,-1.53023
0.460146,-0.24219,0.0340929;-1.58009,0.0387725,-1.49756
0.461094,-0.248996,0.0308077;-1.57857,0.0277423,-1.53403
0.461731,-0.259022,0.0288319;-1.57112,-0.0655819,-1.55873
0.463156,-0.263125,0.0287462;-1.57085,-0.281219,-1.56271
0.463455,-0.262362,0.0288591;-1.56726,-0.28038,-1.55974
0.466522,-0.252529,0.0295901;-1.55698,-0.183261,-1.55092
0.460407,-0.24283,0.0335699;-1.58671,0.0515763,-1.50364
0.460739,-0.247624,0.0323021;-1.58744,0.0730252,-1.51843
0.462633,-0.261516,0.02916;-1.57436,-0.00544247,-1.55408
0.463211,-0.268814,0.028716;-1.57083,-0.258711,-1.56413
0.463275,-0.269141,0.0287425;-1.56919,-0.298795,-1.56405
0.464633,-0.265246,0.029253;-1.54729,-0.261061,-1.5546
0.459696,-0.241876,0.0338752;-1.58678,0.00915859,-1.49995
0.459368,-0.245658,0.0324097;-1.58577,0.0164878,-1.51726
0.460629,-0.259094,0.0293988;-1.57296,-0.0387146,-1.5518
0.459577,-0.266709,0.0287159;-1.57089,-0.158469,-1.56421
0.459651,-0.267418,0.028667;-1.56958,-0.226786,-1.56552
0.460145,-0.265245,0.0291421;-1.55234,-0.216767,-1.55727
0.460145,-0.265245,0.0291421;-1.55234,-0.216767,-1.55727
0.463586,-0.247551,0.0311936;-1.57211,-0.0921171,-1.53013
0.463586,-0.247551,0.0311936;-1.57211,-0.0921171,-1.53013
