0.5,-0.3,0.06;-1.57,-2.98023e-08,-1.57
0.5,-0.3,0.06;-1.57,-2.98023e-08,-1.57
0.5,-0.3,0.06;-1.57,-2.98023e-08,-1.57
0.498613,-0.29612,0.0288029;-1.57075,-0.269804,-1.58172
0.498834,-0.295954,0.0289898;-1.56702,-0.238012,-1.58621
0.498587,-0.28604,0.0291298;-1.57718,-0.105899,-1.57048
0.495059,-0.274268,0.0353839;-1.66329,-0.0333617,-1.53961
0.499092,-0.287952,0.0296552;-1.55612,-0.224502,-1.55915
0.499592,-0.29074,0.0294352;-1.56419,-0.319726,-1.56847
0.500615,-0.290397,0.0287119;-1.57015,-0.414209,-1.5709
0.500521,-0.292532,0.0289281;-1.57173,-0.315418,-1.58686
0.499897,-0.292944,0.0290336;-1.57787,-0.238795,-1.58476
0.498683,-0.286262,0.0299673;-1.60058,-0.137623,-1.57897
0.500191,-0.281171,0.0299291;-1.59057,-0.1472,-1.57024
0.50092,-0.286187,0.0287841;-1.56415,-0.23479,-1.56592
0.49945,-0.288331,0.0294266;-1.56099,-0.32987,-1.56512
0.499399,-0.285181,0.0293125;-1.55781,-0.285892,-1.55742
0.500885,-0.279165,0.0298594;-1.58059,-0.173512,-1.55904
0.498293,-0.268003,0.033605;-1.65664,-0.0466634,-1.56556
0.496548,-0.266922,0.0321017;-1.64469,-0.000357002,-1.57707
0.498842,-0.268913,0.0290621;-1.57235,-0.0443587,-1.58532
0.499724,-0.267985,0.0289207;-1.57027,-0.112458,-1.58717
0.499295,-0.267478,0.0285901;-1.57076,-0.172011,-1.57113
0.499918,-0.266115,0.030084;-1.53495,-0.0948879,-1.56633
0.4997,-0.259465,0.0347967;-1.49428,0.0286779,-1.54122
0.501296,-0.252709,0.0362675;-1.57601,0.106553,-1.54019
0.504005,-0.255642,0.0313031;-1.62204,0.0465916,-1.5679
0.503352,-0.258258,0.0288177;-1.57347,-0.138402,-1.58014
0.503421,-0.258376,0.028775;-1.57157,-0.1533,-1.57951
0.502694,-0.259759,0.0288557;-1.57082,-0.101865,-1.5837
0.501842,-0.259305,0.0289091;-1.58029,0.0605935,-1.57634
0.500713,-0.247393,0.0322423;-1.63145,0.137427,-1.55228
0.501315,-0.246682,0.0346906;-1.65034,0.0918396,-1.53718
0.50267,-0.253998,0.0286297;-1.56807,-0.120868,-1.57016
0.503041,-0.253661,0.0286889;-1.57066,-0.195261,-1.57587
0.502923,-0.253685,0.0287721;-1.57418,-0.190952,-1.57737
0.502182,-0.253916,0.0289504;-1.57648,-0.0997404,-1.58315
0.500654,-0.251892,0.0293404;-1.58846,-0.0353507,-1.57826
0.500647,-0.246912,0.0306257;-1.61607,-0.0152922,-1.57401
0.505268,-0.250231,0.0287413;-1.57582,-0.210395,-1.56869
0.505128,-0.253202,0.0293425;-1.56846,-0.290647,-1.56594
0.505855,-0.255645,0.029432;-1.55846,-0.333495,-1.56723
0.506669,-0.255297,0.0287415;-1.57067,-0.213791,-1.57844
0.505838,-0.25148,0.0291967;-1.58943,-0.115832,-1.5774
0.50364,-0.247784,0.0307657;-1.61645,-0.0503393,-1.57275
0.508474,-0.245605,0.0288672;-1.57223,-0.171821,-1.58305
0.508031,-0.247273,0.0292187;-1.56205,-0.198382,-1.58334
0.50785,-0.249333,0.0291025;-1.55866,-0.226298,-1.57956
0.508051,-0.244103,0.0292971;-1.57229,-0.0724697,-1.55824
0.50735,-0.240531,0.0303624;-1.59405,0.00806001,-1.55521
0.50498,-0.236277,0.0331308;-1.65563,0.0857585,-1.55253
0.508346,-0.237776,0.0288467;-1.57139,-0.0164777,-1.58276
0.507892,-0.239092,0.0291015;-1.55946,-0.0798919,-1.58344
0.508521,-0.242496,0.0296268;-1.55474,-0.127676,-1.58592
0.508256,-0.244966,0.0289327;-1.57285,-0.0459926,-1.58559
0.5065,-0.246478,0.029023;-1.58811,0.0674442,-1.57359
0.503701,-0.241751,0.0313445;-1.6214,0.14758,-1.55397
0.504671,-0.250065,0.0295706;-1.56606,0.0772896,-1.55151
0.504273,-0.255105,0.0285962;-1.5707,-0.0156897,-1.5701
0.50434,-0.254977,0.0286723;-1.571,-0.102247,-1.57501
0.503871,-0.255951,0.0289612;-1.57528,-0.0755639,-1.58464
0.502888,-0.256972,0.0289922;-1.57967,0.00251735,-1.58163
0.501803,-0.256753,0.0290311;-1.58363,0.0928042,-1.57837
0.501304,-0.256308,0.0293735;-1.57635,0.120172,-1.55757
0.500304,-0.26121,0.0287293;-1.57202,0.0269587,-1.56387
0.499028,-0.26378,0.0289769;-1.57251,-0.0678486,-1.56162
0.498998,-0.265917,0.0285871;-1.57093,-0.172646,-1.57144
0.49947,-0.266483,0.0287511;-1.57046,-0.122986,-1.57928
0.500351,-0.263936,0.0289486;-1.57233,-0.0381238,-1.57709
0.499363,-0.249838,0.0299444;-1.60544,0.0552837,-1.57048
0.502236,-0.248676,0.028826;-1.57574,-0.0306817,-1.57771
0.50286,-0.247414,0.028868;-1.57043,-0.119288,-1.58437
0.501547,-0.250158,0.0289337;-1.55749,-0.24318,-1.5713
0.501599,-0.248469,0.0288996;-1.564,-0.205594,-1.56074
0.501588,-0.244086,0.0294436;-1.57709,-0.123612,-1.55465
0.497249,-0.235136,0.0323746;-1.65306,0.016919,-1.56762
0.500668,-0.23726,0.0299051;-1.61273,-0.0457435,-1.5755
0.501756,-0.238863,0.0288905;-1.58573,-0.0849595,-1.57234
0.501151,-0.245059,0.028882;-1.56747,-0.160263,-1.58146
0.501232,-0.245559,0.0287643;-1.57062,-0.128678,-1.57948
0.500289,-0.246688,0.0288656;-1.57989,-0.0532587,-1.57611
0.495062,-0.238458,0.0341281;-1.66482,0.106125,-1.54157
0.498042,-0.238343,0.0342907;-1.64965,0.0589619,-1.53575
0.500183,-0.243766,0.0285836;-1.57113,-0.0181963,-1.57111
0.498504,-0.245298,0.0289249;-1.56567,-0.174541,-1.58132
0.498447,-0.246108,0.0287382;-1.57073,-0.129107,-1.57829
0.497931,-0.247644,0.0287335;-1.57124,-0.0613736,-1.57788
0.494329,-0.248762,0.0302885;-1.61635,0.100617,-1.56726
0.495571,-0.250011,0.0324799;-1.65141,0.0707347,-1.5616
0.496068,-0.256057,0.0287847;-1.57115,0.025734,-1.56091
0.496591,-0.261776,0.0288698;-1.57663,-0.144625,-1.56313
0.496693,-0.261942,0.0286231;-1.57078,-0.127955,-1.5688
0.496927,-0.261797,0.02858;-1.5708,-0.102972,-1.5708
0.496901,-0.255404,0.0289804;-1.59001,0.0935838,-1.56925
0.496175,-0.255656,0.0287675;-1.57679,0.120469,-1.56673
0.495884,-0.256305,0.0286352;-1.57342,0.119408,-1.57067
0.49447,-0.257115,0.0286063;-1.57133,-0.0591056,-1.57002
0.495096,-0.259432,0.0288469;-1.57375,-0.166267,-1.5608
0.495943,-0.258286,0.0287015;-1.57085,-0.086749,-1.56497
0.496138,-0.256803,0.0285996;-1.57094,0.00356442,-1.57001
0.494912,-0.2511,0.0289091;-1.5862,0.147472,-1.56829
0.495803,-0.251378,0.028771;-1.5742,0.0768008,-1.57633
0.496294,-0.249674,0.0287916;-1.56985,-0.0175781,-1.58054
0.496409,-0.24704,0.0286331;-1.57076,-0.180698,-1.57333
0.496468,-0.247463,0.0285794;-1.57085,-0.1364,-1.57083
0.496101,-0.24714,0.0285888;-1.57123,-0.0562493,-1.5702
0.493257,-0.236679,0.032686;-1.63904,0.0908746,-1.5435
0.496234,-0.234578,0.0321095;-1.60882,0.0354337,-1.54131
0.497934,-0.23638,0.0286548;-1.57102,-0.0409486,-1.57484
0.498282,-0.242923,0.0293768;-1.55804,-0.129793,-1.58523
0.498349,-0.243427,0.0287319;-1.57064,-0.131994,-1.57798
0.497643,-0.244397,0.0288873;-1.57738,-0.0689856,-1.57931
0.495047,-0.24337,0.0310549;-1.63312,0.00774779,-1.57021
0.494985,-0.242838,0.0318531;-1.64577,0.00606761,-1.56942
0.497923,-0.249305,0.0288888;-1.5729,-0.0809938,-1.55793
0.498462,-0.255886,0.0286194;-1.5708,-0.330268,-1.5688
0.49832,-0.256614,0.0286732;-1.56791,-0.356899,-1.57161
0.498155,-0.257447,0.028579;-1.57084,-0.299,-1.57083
0.494517,-0.25102,0.0294936;-1.59158,-0.0901559,-1.56117
0.492571,-0.245004,0.0307368;-1.61746,-0.0250769,-1.56477
0.49426,-0.247835,0.0286339;-1.57258,-0.0710949,-1.57012
0.494655,-0.250516,0.0286608;-1.57113,-0.245297,-1.56707
0.494554,-0.253138,0.0291482;-1.56249,-0.290812,-1.56458
0.494697,-0.252427,0.0288371;-1.57099,-0.270142,-1.55844
0.495694,-0.246108,0.0288543;-1.58123,-0.0758918,-1.56885
0.493878,-0.2446,0.0292399;-1.59968,-0.00490781,-1.56719
0.493734,-0.245209,0.0288083;-1.57812,0.0178176,-1.56718
0.493827,-0.246083,0.0286397;-1.57062,-0.0766806,-1.57349
0.49456,-0.24503,0.0286231;-1.57126,-0.136671,-1.57299
0.494412,-0.245433,0.0286107;-1.56966,-0.165749,-1.57122
0.492701,-0.245651,0.0289574;-1.57892,-0.0189717,-1.56083
0.492906,-0.241993,0.0302519;-1.58242,0.0654132,-1.54634
0.492059,-0.241579,0.0301118;-1.58361,0.122502,-1.54365
0.492062,-0.242719,0.0287181;-1.57033,-0.0138045,-1.57696
0.491737,-0.241505,0.028606;-1.57128,-0.0864888,-1.57152
0.491565,-0.243032,0.0288295;-1.56599,-0.126547,-1.57736
0.491109,-0.243816,0.0287188;-1.57167,-0.0582227,-1.57665
0.490404,-0.242591,0.0290892;-1.59334,-0.00348744,-1.56882
0.488215,-0.237585,0.0299009;-1.60566,0.0530407,-1.56443
0.49126,-0.241626,0.0287759;-1.57097,-0.104139,-1.56141
0.492184,-0.245742,0.0290051;-1.55406,-0.170912,-1.5716
0.493088,-0.248669,0.0292916;-1.5529,-0.21182,-1.57611
0.492732,-0.248671,0.028581;-1.57135,-0.107882,-1.57084
0.492095,-0.24813,0.0291091;-1.59584,-0.0747984,-1.57229
0.490492,-0.246714,0.0294345;-1.60229,-0.0315189,-1.57039
0.493175,-0.245725,0.0285795;-1.57076,-0.126843,-1.5709
0.493407,-0.248112,0.0288376;-1.55817,-0.20821,-1.56788
0.493488,-0.251638,0.0288088;-1.56946,-0.268088,-1.56302
0.493789,-0.251414,0.0288281;-1.57103,-0.233057,-1.55876
0.492899,-0.24771,0.0290475;-1.57959,-0.141819,-1.55839
0.490613,-0.244708,0.0293653;-1.60189,-0.0702557,-1.56919
0.490825,-0.245322,0.0285968;-1.57088,-0.0793816,-1.56998
0.490522,-0.245194,0.0286224;-1.57029,-0.131691,-1.57277
0.490181,-0.245316,0.0286422;-1.5708,-0.165608,-1.57382
0.489935,-0.2462,0.0285821;-1.57086,-0.171044,-1.57064
0.488822,-0.244869,0.0289707;-1.57767,-0.100575,-1.55932
0.488398,-0.240464,0.0301464;-1.58988,-0.02148,-1.55167
0.485928,-0.239738,0.0295736;-1.58426,0.0572942,-1.55515
0.486228,-0.241318,0.0285798;-1.57066,-0.00837765,-1.57075
0.485507,-0.240679,0.0285834;-1.57036,-0.0907908,-1.57063
0.484097,-0.241899,0.0287698;-1.56588,-0.117916,-1.5747
0.483197,-0.242625,0.0285778;-1.57079,-0.0515974,-1.57067
0.480963,-0.242934,0.0287602;-1.57958,0.0244438,-1.57104
0.476464,-0.243655,0.0293446;-1.6052,0.110108,-1.56342
0.477046,-0.246785,0.0295369;-1.57547,0.0895464,-1.5515
0.47672,-0.249856,0.0286695;-1.5707,-0.0225173,-1.56592
0.476954,-0.252508,0.028614;-1.57147,-0.189326,-1.56942
0.476351,-0.251778,0.0285792;-1.57099,-0.0851193,-1.57068
0.476443,-0.251105,0.0285824;-1.57003,-0.0147904,-1.5708
0.474642,-0.2492,0.0290261;-1.59241,0.0744935,-1.56945
0.475567,-0.250534,0.0289583;-1.58196,0.0381667,-1.56297
0.476877,-0.253766,0.0286761;-1.57066,-0.0877838,-1.56571
0.479287,-0.258689,0.0288831;-1.57477,-0.288331,-1.56095
0.479522,-0.258965,0.0287114;-1.57089,-0.282915,-1.56442
0.480236,-0.256654,0.0286428;-1.57093,-0.198811,-1.56775
0.479356,-0.250736,0.0290275;-1.58679,-0.0580581,-1.56555
0.480229,-0.249052,0.0289639;-1.58575,-0.0581549,-1.56749
0.481468,-0.249805,0.0285827;-1.57075,-0.144904,-1.57114
0.48063,-0.251084,0.0288297;-1.56196,-0.259906,-1.57184
0.480796,-0.251521,0.0288641;-1.55664,-0.256247,-1.567
0.481157,-0.248303,0.0292491;-1.56499,-0.201879,-1.55208
0.481157,-0.248303,0.0292491;-1.56499,-0.201879,-1.55208
0.480467,-0.243634,0.0311317;-1.5684,-0.132283,-1.53229
0.480467,-0.243634,0.0311317;-1.5684,-0.132283,-1.53229
