0.5,-0.3,0.06;-1.57,-2.98023e-08,-1.57
0.5,-0.3,0.06;-1.57,-2.98023e-08,-1.57
0.5,-0.3,0.06;-1.57,-2.98023e-08,-1.57
0.498837,-0.298192,0.0285719;-1.56967,-0.28298,-1.5715
0.498862,-0.297804,0.0285768;-1.57082,-0.243876,-1.57098
0.498307,-0.296632,0.0286741;-1.57399,-0.170588,-1.57012
0.496627,-0.291029,0.0302217;-1.58625,-0.0951229,-1.54909
0.497658,-0.303846,0.0288166;-1.57125,-0.251963,-1.55947
0.498411,-0.306877,0.0289158;-1.57672,-0.332352,-1.5619
0.499882,-0.308329,0.028689;-1.5708,-0.408843,-1.56534
0.500118,-0.307687,0.0285802;-1.57095,-0.382048,-1.57078
0.500185,-0.306504,0.0286085;-1.57259,-0.320044,-1.57169
0.498541,-0.300106,0.0291222;-1.58531,-0.212578,-1.5659
0.498081,-0.298276,0.0286329;-1.57334,-0.176533,-1.57115
0.498336,-0.298509,0.028598;-1.57118,-0.230287,-1.57254
0.498167,-0.298739,0.0286069;-1.57211,-0.235991,-1.57111
0.498161,-0.298049,0.0286069;-1.57083,-0.214978,-1.56946
0.499302,-0.288798,0.0300723;-1.57469,-0.137277,-1.54425
0.498067,-0.272103,0.0338963;-1.61995,-0.0406441,-1.52653
0.497052,-0.267991,0.0333114;-1.63907,0.000850797,-1.54482
0.499221,-0.27495,0.0285969;-1.5714,-0.0626449,-1.57099
0.498837,-0.276102,0.0286962;-1.57048,-0.0903166,-1.57648
0.498972,-0.276359,0.0285795;-1.5708,-0.0855893,-1.57088
0.499291,-0.275762,0.0285812;-1.57108,-0.0797932,-1.57098
0.499712,-0.274422,0.0286562;-1.57437,-0.0776022,-1.57058
0.499776,-0.272007,0.0289609;-1.58333,-0.0344495,-1.56299
0.499913,-0.27317,0.0286893;-1.57106,-0.0432554,-1.56571
0.497685,-0.279279,0.0289314;-1.5767,-0.171458,-1.5602
0.497483,-0.27992,0.0287577;-1.57199,-0.172492,-1.5636
0.498103,-0.278814,0.028639;-1.57012,-0.119382,-1.56854
0.501546,-0.266506,0.028862;-1.57924,-0.00420211,-1.56668
0.502851,-0.258753,0.0293727;-1.59507,0.0242441,-1.56384
0.503649,-0.258989,0.0289763;-1.58704,0.0168179,-1.56795
0.503139,-0.26117,0.0286392;-1.57047,0.00400112,-1.57378
0.502575,-0.261753,0.0285806;-1.57042,-0.0404278,-1.57091
0.502077,-0.262202,0.0286056;-1.57082,-0.0569582,-1.56961
0.501712,-0.255301,0.0298744;-1.57812,0.0637331,-1.54781
0.503929,-0.243638,0.0327336;-1.61848,0.11232,-1.5335
0.505614,-0.241085,0.033715;-1.6403,0.0905849,-1.53447
0.507002,-0.247193,0.028643;-1.5701,0.00554567,-1.57383
0.506371,-0.248279,0.0286516;-1.57099,-0.0644602,-1.57417
0.506022,-0.247712,0.0285804;-1.57057,-0.152339,-1.57085
0.505355,-0.248285,0.0285823;-1.57103,-0.0607366,-1.57084
0.505213,-0.246086,0.028863;-1.57915,-0.0308632,-1.566
0.504378,-0.239459,0.0306173;-1.6116,0.00184217,-1.56005
0.508342,-0.24715,0.0289819;-1.57667,-0.142727,-1.55743
0.506852,-0.25301,0.0289355;-1.57587,-0.196451,-1.55896
0.505226,-0.258828,0.0289089;-1.57561,-0.235174,-1.56039
0.506305,-0.256063,0.0286251;-1.57079,-0.110828,-1.56865
0.506295,-0.252156,0.0287402;-1.57581,-0.0176618,-1.56833
0.504737,-0.248159,0.0293209;-1.59955,0.0450492,-1.56769
0.508884,-0.245393,0.0286691;-1.57091,-0.107602,-1.5752
0.508605,-0.245426,0.0288527;-1.56314,-0.16109,-1.57512
0.508246,-0.246993,0.0289658;-1.56198,-0.185953,-1.57888
0.508663,-0.24594,0.0286925;-1.57105,-0.067245,-1.56517
0.50709,-0.241803,0.0293668;-1.58327,0.00544792,-1.55739
0.505211,-0.235863,0.0327853;-1.62959,0.0769133,-1.5413
0.508734,-0.242859,0.0289841;-1.57705,-0.00202856,-1.55708
0.508359,-0.244847,0.0285835;-1.57071,-0.11211,-1.57106
0.507843,-0.246257,0.0288383;-1.56589,-0.16952,-1.57744
0.508075,-0.246064,0.0286811;-1.57135,-0.160608,-1.57549
0.507358,-0.246518,0.0287172;-1.57749,-0.0926271,-1.57203
0.505618,-0.245274,0.0291735;-1.59767,-0.0255109,-1.57016
0.505215,-0.245316,0.0297558;-1.58088,-0.0202208,-1.55026
0.506022,-0.250934,0.0289366;-1.57348,-0.100116,-1.55604
0.505004,-0.254863,0.0288785;-1.57423,-0.167861,-1.55985
0.505033,-0.257232,0.0287194;-1.57089,-0.25136,-1.56407
0.505707,-0.254906,0.0287951;-1.57106,-0.178541,-1.56057
0.506015,-0.247769,0.029024;-1.58105,-0.078306,-1.56063
0.503656,-0.24331,0.0295717;-1.60374,-0.00442727,-1.56777
0.504894,-0.245013,0.0288337;-1.5829,-0.038062,-1.57143
0.505168,-0.245292,0.0286887;-1.57053,-0.0730877,-1.57602
0.504633,-0.245648,0.0287568;-1.56615,-0.163224,-1.57402
0.50503,-0.245338,0.0288461;-1.55795,-0.151939,-1.56835
0.505309,-0.242256,0.028923;-1.57578,-0.112537,-1.56008
0.501277,-0.232657,0.0339634;-1.63897,0.0297317,-1.53476
0.501916,-0.23409,0.034009;-1.63509,0.0187107,-1.53688
0.503133,-0.239518,0.0285869;-1.57091,-0.0466443,-1.57105
0.502039,-0.244477,0.0287191;-1.56929,-0.131095,-1.57582
0.502144,-0.244352,0.0286856;-1.57077,-0.135006,-1.57577
0.502449,-0.243574,0.0286558;-1.57072,-0.126039,-1.57439
0.50036,-0.237368,0.0309009;-1.57798,-0.0436705,-1.56838
0.501596,-0.239764,0.0311125;-1.62832,-0.0741694,-1.5624
0.503,-0.245709,0.0288781;-1.57611,-0.138995,-1.56245
0.500426,-0.258156,0.0289635;-1.57766,-0.271012,-1.56017
0.500753,-0.257928,0.0287938;-1.571,-0.244084,-1.56045
0.501546,-0.255084,0.0287855;-1.57095,-0.160247,-1.56099
0.501135,-0.240283,0.0292529;-1.59838,-0.0682202,-1.57
0.502699,-0.241794,0.0290481;-1.59333,-0.0977553,-1.57326
0.503015,-0.242654,0.0288078;-1.58173,-0.116285,-1.57218
0.50222,-0.245132,0.0286399;-1.56974,-0.144688,-1.57289
0.502385,-0.245691,0.0285796;-1.57084,-0.121449,-1.57097
0.502141,-0.246053,0.02858;-1.57068,-0.084732,-1.57067
0.500539,-0.234854,0.0316881;-1.60513,0.0288986,-1.54122
0.503076,-0.235134,0.0327246;-1.61514,-0.017331,-1.53648
0.504226,-0.237409,0.030533;-1.5834,-0.0487516,-1.54029
0.504086,-0.243058,0.0286906;-1.56686,-0.11589,-1.57199
0.503011,-0.247037,0.0286538;-1.57067,-0.168932,-1.57434
0.502748,-0.24778,0.0286027;-1.57182,-0.111186,-1.57187
0.502068,-0.247826,0.0290128;-1.58873,-0.0662697,-1.57512
0.501664,-0.23971,0.0306923;-1.61342,-0.0323867,-1.56153
0.504149,-0.243128,0.0301285;-1.59825,-0.105565,-1.55745
0.505095,-0.248654,0.0289022;-1.57407,-0.189588,-1.55866
0.501392,-0.258832,0.0290975;-1.5756,-0.269572,-1.55822
0.501547,-0.259126,0.0287858;-1.57008,-0.24824,-1.56077
0.503005,-0.255618,0.0288498;-1.57086,-0.156655,-1.55789
0.500546,-0.245779,0.0292214;-1.59772,-0.01589,-1.56746
0.502453,-0.24691,0.0290609;-1.59416,-0.0771278,-1.57281
0.503769,-0.246063,0.0287103;-1.57105,-0.162929,-1.57712
0.503037,-0.248341,0.0289213;-1.56244,-0.204955,-1.57724
0.50363,-0.24777,0.0285827;-1.57058,-0.166488,-1.57074
0.503254,-0.246769,0.0287041;-1.57131,-0.0867593,-1.56455
0.49808,-0.236008,0.0333883;-1.63051,0.0698523,-1.53317
0.499281,-0.238278,0.0349726;-1.63903,0.0417492,-1.5249
0.501379,-0.245033,0.0288608;-1.57145,-0.0376298,-1.55749
0.499556,-0.250254,0.0286834;-1.56719,-0.233689,-1.5715
0.499745,-0.249944,0.0286046;-1.57066,-0.228587,-1.57184
0.499309,-0.250112,0.0287078;-1.57284,-0.195046,-1.57686
0.496536,-0.249427,0.0291197;-1.59538,-0.0640725,-1.571
0.496153,-0.248686,0.0293237;-1.59406,-0.0521059,-1.56621
0.497381,-0.251953,0.029077;-1.5812,-0.101687,-1.55773
0.496282,-0.262126,0.0289876;-1.57779,-0.268792,-1.55935
0.496628,-0.263436,0.0289839;-1.5768,-0.301508,-1.55872
0.497716,-0.261794,0.0289194;-1.56866,-0.30103,-1.55555
0.498896,-0.243106,0.0301464;-1.5825,-0.11061,-1.54818
0.495452,-0.239378,0.03043;-1.6016,-0.048843,-1.55723
0.495851,-0.241351,0.0291088;-1.5902,-0.0666418,-1.56622
0.496093,-0.243877,0.0285945;-1.57066,-0.116741,-1.57128
0.49562,-0.245998,0.0288589;-1.565,-0.157884,-1.57746
0.49543,-0.246778,0.0289894;-1.55814,-0.176694,-1.57553
0.495322,-0.242872,0.030884;-1.53268,-0.115613,-1.56149
0.492909,-0.236876,0.0339607;-1.57714,-0.0324627,-1.52845
0.491151,-0.234008,0.0352955;-1.63028,0.00588331,-1.50996
0.49215,-0.243766,0.0287624;-1.57074,-0.104613,-1.56204
0.49112,-0.246087,0.0286006;-1.56986,-0.153114,-1.57054
0.490706,-0.247037,0.0286046;-1.5706,-0.17091,-1.57212
0.491312,-0.245978,0.0285793;-1.57091,-0.161729,-1.5706
0.491648,-0.244352,0.0293048;-1.56746,-0.143072,-1.56914
0.489753,-0.240327,0.0313936;-1.56922,-0.0833392,-1.56234
0.492102,-0.24912,0.0289289;-1.57568,-0.182456,-1.55952
0.490912,-0.255145,0.0289361;-1.57552,-0.261208,-1.55853
0.489033,-0.261902,0.0291294;-1.57524,-0.316934,-1.55778
0.490263,-0.257348,0.0291814;-1.56249,-0.250217,-1.55235
0.492149,-0.245904,0.0298751;-1.57632,-0.162792,-1.55048
0.490344,-0.242006,0.0303411;-1.574,-0.108843,-1.55681
0.492911,-0.24647,0.0286507;-1.57082,-0.173812,-1.57433
0.492602,-0.247514,0.0285801;-1.57073,-0.174233,-1.57088
0.492118,-0.248495,0.0285789;-1.57066,-0.180735,-1.5709
0.491564,-0.249372,0.0285803;-1.57116,-0.0955706,-1.57023
0.490948,-0.246869,0.0290404;-1.58397,-0.0506126,-1.56261
0.48985,-0.237976,0.032156;-1.60905,0.00219765,-1.53897
0.493027,-0.240885,0.0306732;-1.57658,-0.0947841,-1.53738
0.492338,-0.246769,0.0287759;-1.57044,-0.175212,-1.56136
0.491196,-0.250264,0.0286591;-1.56883,-0.223048,-1.5684
0.49065,-0.250839,0.0286434;-1.57235,-0.163574,-1.57318
0.489917,-0.251252,0.0286547;-1.57182,-0.12991,-1.57342
0.489136,-0.250494,0.029042;-1.59287,-0.0804566,-1.57265
0.491,-0.247999,0.0291029;-1.58329,-0.109976,-1.5591
0.493109,-0.250862,0.0287946;-1.571,-0.225183,-1.56062
0.49217,-0.254567,0.0288579;-1.57391,-0.300337,-1.56034
0.490114,-0.257411,0.0290953;-1.57312,-0.295927,-1.55736
0.491488,-0.252391,0.0291505;-1.56224,-0.224696,-1.55172
0.491841,-0.245592,0.0298372;-1.56936,-0.141309,-1.55535
0.489521,-0.241042,0.0293795;-1.58395,-0.0721028,-1.55837
0.490782,-0.243869,0.0286712;-1.57388,-0.129638,-1.56981
0.490787,-0.245254,0.0287064;-1.5705,-0.161671,-1.57674
0.490223,-0.247637,0.028792;-1.5654,-0.190939,-1.57469
0.490175,-0.247661,0.0285806;-1.57081,-0.142588,-1.57074
0.489696,-0.247136,0.0287783;-1.57309,-0.0647441,-1.56315
0.485657,-0.237808,0.0338398;-1.6348,0.0717324,-1.52921
0.487984,-0.239878,0.0340622;-1.61576,0.0319449,-1.52198
0.489358,-0.24486,0.0287983;-1.571,-0.0621542,-1.56039
0.487204,-0.250299,0.0287435;-1.56433,-0.237357,-1.57105
0.487234,-0.249704,0.0285791;-1.57101,-0.198631,-1.57113
0.487149,-0.249828,0.0285794;-1.5709,-0.158232,-1.57083
0.484325,-0.245526,0.0292476;-1.59819,-0.00953435,-1.56828
0.485758,-0.247035,0.0291137;-1.58931,-0.0402769,-1.56448
0.486845,-0.249985,0.0286497;-1.57096,-0.120513,-1.56759
0.485701,-0.256777,0.0290185;-1.57655,-0.273203,-1.55961
0.486174,-0.255746,0.0290584;-1.56913,-0.273727,-1.55712
0.487731,-0.249928,0.0296847;-1.56456,-0.224452,-1.54754
0.487731,-0.249928,0.0296847;-1.56456,-0.224452,-1.54754
0.486885,-0.244609,0.0311939;-1.5596,-0.141843,-1.54127
0.486885,-0.244609,0.0311939;-1.5596,-0.141843,-1.54127
