0.5,-0.3,0.06;-1.57,-2.98023e-08,-1.57
0.5,-0.3,0.06;-1.57,-2.98023e-08,-1.57
0.5,-0.3,0.06;-1.57,-2.98023e-08,-1.57
0.500792,-0.295704,0.0286435;-1.57152,-0.308541,-1.57554
0.501646,-0.293351,0.0286586;-1.57097,-0.348533,-1.57464
0.502062,-0.291651,0.0286823;-1.57521,-0.368969,-1.57322
0.500869,-0.287574,0.0291187;-1.5922,-0.304991,-1.57217
0.502268,-0.291711,0.0286616;-1.57025,-0.418227,-1.57469
0.50158,-0.295871,0.0289026;-1.56686,-0.468989,-1.56859
0.501419,-0.297861,0.0288434;-1.55906,-0.482232,-1.56291
0.503187,-0.295099,0.0290176;-1.55148,-0.362744,-1.56068
0.503762,-0.283956,0.0291759;-1.56515,-0.294064,-1.56143
0.500065,-0.266501,0.0307023;-1.6106,-0.213404,-1.5685
0.503917,-0.263779,0.0290973;-1.59517,-0.303732,-1.5767
0.505245,-0.263636,0.0287191;-1.57067,-0.407163,-1.57792
0.505092,-0.263168,0.0286633;-1.57147,-0.451873,-1.57447
0.504918,-0.262455,0.0286746;-1.57092,-0.416784,-1.57548
0.50331,-0.261549,0.0289244;-1.58718,-0.342846,-1.57513
0.499077,-0.255963,0.0297236;-1.60212,-0.240244,-1.57143
0.494575,-0.251873,0.0340478;-1.64791,-0.168456,-1.55503
0.498682,-0.258869,0.0320449;-1.61342,-0.248149,-1.55588
0.500465,-0.269804,0.0289355;-1.56167,-0.336077,-1.55938
0.500207,-0.273856,0.0287262;-1.56355,-0.366746,-1.56838
0.500481,-0.272607,0.0286092;-1.57022,-0.341371,-1.57203
0.499375,-0.267561,0.0288749;-1.58169,-0.26857,-1.57038
0.49857,-0.262138,0.0291325;-1.59157,-0.239169,-1.56974
0.500429,-0.262533,0.0286187;-1.57279,-0.310751,-1.57184
0.499948,-0.262005,0.0287256;-1.57614,-0.378916,-1.57569
0.499723,-0.262408,0.0287381;-1.57834,-0.3509,-1.57488
0.498762,-0.263904,0.0286924;-1.57076,-0.272344,-1.576
0.496147,-0.256085,0.031872;-1.61051,-0.0287568,-1.5477
0.491759,-0.247358,0.036181;-1.67327,0.0724322,-1.5288
0.493877,-0.252421,0.0353368;-1.65551,0.0144592,-1.53573
0.495245,-0.270312,0.0287839;-1.56295,-0.148477,-1.5676
0.494952,-0.273399,0.0286063;-1.57075,-0.221503,-1.5721
0.495298,-0.272704,0.028624;-1.57087,-0.224824,-1.57296
0.495658,-0.270874,0.0286772;-1.57321,-0.213833,-1.57377
0.495779,-0.265097,0.0291169;-1.58558,-0.141589,-1.56839
0.496045,-0.256769,0.0302279;-1.60995,-0.0893948,-1.56953
0.498122,-0.257126,0.0287451;-1.57067,-0.202448,-1.57885
0.497626,-0.258097,0.0287025;-1.5749,-0.179102,-1.57351
0.496764,-0.260104,0.0286291;-1.57074,-0.131777,-1.57317
0.49589,-0.262025,0.0289068;-1.5733,0.0473022,-1.56851
0.496967,-0.254584,0.0303106;-1.58029,0.143685,-1.54989
0.49626,-0.249366,0.0337121;-1.63552,0.203664,-1.53306
0.498208,-0.256241,0.0286456;-1.57086,0.0841743,-1.57414
0.497361,-0.256272,0.0286318;-1.57068,0.00568411,-1.57335
0.497928,-0.255496,0.0286627;-1.57056,-0.102855,-1.57475
0.497662,-0.256434,0.0286502;-1.57082,-0.0255477,-1.57407
0.498202,-0.254695,0.0287018;-1.57566,0.00385303,-1.57173
0.498782,-0.249243,0.029038;-1.59169,0.0585386,-1.57092
0.500546,-0.248835,0.0286086;-1.57104,-0.0414779,-1.5724
0.499855,-0.250031,0.0288103;-1.55939,-0.068196,-1.57014
0.498201,-0.254539,0.028755;-1.56498,-0.131779,-1.56703
0.500588,-0.250418,0.0297501;-1.54671,-0.00302548,-1.5628
0.501679,-0.24533,0.0299908;-1.57333,0.0514726,-1.54828
0.501627,-0.238711,0.0318455;-1.59776,0.108962,-1.53826
0.505193,-0.238207,0.0286371;-1.57224,-0.016798,-1.57246
0.504937,-0.238893,0.0288364;-1.56975,-0.0653319,-1.58202
0.5049,-0.243109,0.0290693;-1.56206,-0.11487,-1.58448
0.505209,-0.243458,0.0288335;-1.57248,-0.125675,-1.58135
0.505165,-0.243078,0.0287008;-1.57456,-0.0896693,-1.57342
0.505486,-0.238755,0.0291179;-1.59145,-0.0634624,-1.57529
0.506031,-0.238538,0.0290378;-1.59074,-0.067452,-1.57457
0.506673,-0.242027,0.0286543;-1.57094,-0.106163,-1.57451
0.506095,-0.244801,0.0287545;-1.56336,-0.141848,-1.57058
0.504292,-0.248926,0.0290808;-1.55974,-0.169583,-1.56545
0.505167,-0.248053,0.0287627;-1.56337,-0.109011,-1.57167
0.506156,-0.243483,0.0291242;-1.56829,-0.0289031,-1.56981
0.506909,-0.232396,0.0307313;-1.61967,3.2872e-05,-1.5756
0.51035,-0.237131,0.0288579;-1.57877,-0.0585931,-1.57656
0.511174,-0.23908,0.0287837;-1.57099,-0.0861484,-1.58094
0.511573,-0.244277,0.0289651;-1.56416,-0.143241,-1.58163
0.511876,-0.243982,0.0286756;-1.57087,-0.132617,-1.57544
0.511622,-0.243354,0.0286787;-1.57531,-0.101354,-1.57106
0.506678,-0.23654,0.0320136;-1.64961,0.019931,-1.56104
0.508552,-0.238902,0.0331747;-1.65137,-0.0103786,-1.55858
0.510854,-0.248626,0.0290469;-1.59212,-0.0951742,-1.57164
0.50834,-0.261792,0.0291251;-1.56912,-0.210862,-1.56715
0.508693,-0.261802,0.0287152;-1.56591,-0.191181,-1.5717
0.509301,-0.260195,0.0286235;-1.57022,-0.141983,-1.57313
0.508012,-0.244236,0.0306583;-1.62283,-0.020791,-1.56857
0.512915,-0.244387,0.0300238;-1.61204,-0.0994315,-1.57472
0.514782,-0.244019,0.0290527;-1.59261,-0.154247,-1.57576
0.514696,-0.246867,0.0287266;-1.57339,-0.187077,-1.57574
0.515018,-0.24692,0.0286201;-1.57033,-0.163529,-1.57251
0.513929,-0.247194,0.028972;-1.58806,-0.0969971,-1.57437
0.507987,-0.237305,0.0331412;-1.6609,0.0910131,-1.55374
0.509004,-0.239825,0.0345024;-1.6455,0.0686252,-1.53242
0.509972,-0.248224,0.0305999;-1.5927,-0.000619412,-1.55035
0.507154,-0.260674,0.0289082;-1.57324,-0.120545,-1.56886
0.507461,-0.260417,0.0286277;-1.57083,-0.100785,-1.57298
0.507457,-0.260373,0.0286449;-1.57089,-0.0821957,-1.57387
0.505612,-0.250397,0.0303977;-1.60674,0.0322823,-1.55868
0.508144,-0.247557,0.0306176;-1.60895,0.0176662,-1.55834
0.508885,-0.247834,0.0292232;-1.59873,0.00989715,-1.56768
0.508333,-0.251194,0.0287091;-1.56467,-0.0555183,-1.57039
0.505782,-0.254229,0.0286182;-1.57084,-0.155326,-1.56898
0.505193,-0.255716,0.0286504;-1.5714,-0.0628656,-1.57405
0.503432,-0.256027,0.0287289;-1.57481,0.0547157,-1.57049
0.501399,-0.246764,0.0342995;-1.65237,0.189268,-1.53241
0.502604,-0.248695,0.0328053;-1.63557,0.158621,-1.54691
0.503221,-0.254926,0.0286148;-1.57131,0.087004,-1.57271
0.50182,-0.252826,0.0286726;-1.57077,-0.140269,-1.57558
0.502302,-0.251902,0.0286813;-1.57087,-0.159729,-1.57566
0.502534,-0.251261,0.028663;-1.57095,-0.152742,-1.57485
0.500927,-0.241863,0.0303427;-1.61708,-0.0338574,-1.57055
0.502763,-0.242999,0.030449;-1.61951,-0.0654382,-1.57516
0.503815,-0.243619,0.0288555;-1.57567,-0.115922,-1.57959
0.502803,-0.246614,0.0286179;-1.5709,-0.142121,-1.57278
0.502911,-0.247296,0.0286406;-1.56767,-0.113932,-1.57029
0.503247,-0.24633,0.0290456;-1.56855,-0.0260895,-1.56562
0.503545,-0.238801,0.0323676;-1.61852,0.117069,-1.54574
0.505428,-0.239049,0.0334993;-1.63795,0.0907431,-1.54668
0.506438,-0.241575,0.0286314;-1.57092,0.0219939,-1.57341
0.505777,-0.244572,0.028851;-1.56709,-0.137472,-1.57954
0.505633,-0.245795,0.0288634;-1.56544,-0.152694,-1.57822
0.505427,-0.246138,0.0287128;-1.57184,-0.102404,-1.57621
0.505908,-0.240011,0.0290345;-1.59136,-0.037689,-1.57312
0.505739,-0.238514,0.0297242;-1.60311,-0.0344754,-1.5723
0.507103,-0.239602,0.0287419;-1.57805,-0.0723426,-1.57192
0.506348,-0.243567,0.0286522;-1.57424,-0.0926757,-1.57129
0.504871,-0.248941,0.0287707;-1.56521,-0.124559,-1.5665
0.504814,-0.249526,0.0287671;-1.56675,-0.102991,-1.56553
0.506356,-0.241097,0.0298337;-1.57298,0.013631,-1.55791
0.506384,-0.232677,0.0304851;-1.5974,0.0292131,-1.55978
0.50748,-0.234789,0.0289976;-1.5896,-0.000378758,-1.56971
0.507838,-0.239608,0.0288295;-1.56595,-0.0732641,-1.57772
0.50786,-0.242741,0.028988;-1.56353,-0.113886,-1.58225
0.507938,-0.244351,0.0290803;-1.55863,-0.13294,-1.58113
0.508268,-0.241833,0.0289116;-1.57283,-0.101537,-1.57594
0.507449,-0.23851,0.0297495;-1.57689,-0.0609038,-1.57727
0.506867,-0.23598,0.0312194;-1.60187,-0.0309606,-1.57706
0.507585,-0.248062,0.0288734;-1.5826,-0.133888,-1.56975
0.506565,-0.255132,0.0290644;-1.57412,-0.187828,-1.56604
0.50579,-0.261515,0.0290299;-1.5719,-0.237204,-1.56624
0.506608,-0.258875,0.0287716;-1.56131,-0.133945,-1.56927
0.508465,-0.244878,0.0290358;-1.59229,-0.0781563,-1.5722
0.50826,-0.239071,0.0299467;-1.61026,-0.0741235,-1.57232
0.511795,-0.243331,0.0290237;-1.59022,-0.149077,-1.5761
0.51194,-0.245169,0.0286711;-1.57104,-0.171159,-1.57529
0.512021,-0.246265,0.0287328;-1.57361,-0.184796,-1.57573
0.511925,-0.245908,0.0289207;-1.58202,-0.150845,-1.57785
0.510663,-0.24381,0.0292233;-1.59597,-0.0933635,-1.56754
0.506086,-0.23706,0.0325015;-1.64902,-0.00497465,-1.5611
0.508837,-0.247648,0.0299171;-1.60387,-0.104147,-1.56511
0.508959,-0.256162,0.0290448;-1.55958,-0.166477,-1.56673
0.507553,-0.263131,0.0290281;-1.57547,-0.204842,-1.57042
0.507539,-0.264929,0.0288868;-1.57118,-0.138171,-1.58515
0.508039,-0.262198,0.0290972;-1.59013,-0.123592,-1.57698
0.509803,-0.25393,0.0302738;-1.60853,-0.111965,-1.56872
0.516428,-0.24849,0.0291137;-1.59349,-0.174845,-1.57844
0.517135,-0.249054,0.0289046;-1.57212,-0.207776,-1.58502
0.516772,-0.249837,0.028911;-1.57704,-0.20804,-1.5817
0.515874,-0.251826,0.0288865;-1.57184,-0.156714,-1.58512
0.514657,-0.251458,0.0290399;-1.59055,-0.0664947,-1.57466
0.512444,-0.244271,0.0321959;-1.64291,0.0365736,-1.56074
0.511565,-0.240386,0.0344358;-1.656,0.084857,-1.5379
0.513396,-0.247494,0.0291316;-1.58992,0.0211191,-1.5728
0.512807,-0.251735,0.0288882;-1.56461,-0.0169427,-1.57908
0.511355,-0.254146,0.0288659;-1.57121,-0.119559,-1.58414
0.511411,-0.253615,0.0289638;-1.57419,-0.118259,-1.58587
0.512025,-0.250871,0.029106;-1.58899,-0.111142,-1.57892
0.510018,-0.241218,0.0324905;-1.64576,-0.020802,-1.5658
0.512477,-0.244134,0.0296881;-1.60119,-0.0629594,-1.58281
0.511974,-0.246933,0.0291799;-1.57611,-0.0714118,-1.58717
0.509117,-0.251372,0.0288429;-1.57063,-0.0898277,-1.58332
0.508473,-0.252369,0.0290468;-1.57962,-0.0477725,-1.58478
0.506623,-0.251089,0.0296538;-1.59229,0.0307944,-1.5757
0.503253,-0.242525,0.0351416;-1.69135,0.162906,-1.54378
0.505775,-0.242152,0.033792;-1.66521,0.127849,-1.55267
0.507277,-0.246994,0.0290062;-1.56947,0.0661329,-1.59007
0.508276,-0.247697,0.0289329;-1.57364,-0.115712,-1.58514
0.509123,-0.246239,0.0289549;-1.57405,-0.136805,-1.58553
0.509461,-0.245381,0.0290693;-1.57776,-0.126511,-1.58774
0.50716,-0.238425,0.0326666;-1.65279,-0.0471308,-1.58025
0.509166,-0.239114,0.032318;-1.64344,-0.0660537,-1.58486
0.509989,-0.241992,0.0297542;-1.57973,-0.0881582,-1.59297
0.506054,-0.251795,0.0288496;-1.57577,-0.0981335,-1.57926
0.503685,-0.257081,0.0294776;-1.55931,-0.0635446,-1.58167
0.503255,-0.256959,0.0299417;-1.58656,0.000394851,-1.58695
0.503255,-0.256959,0.0299417;-1.58656,0.000394851,-1.58695
0.503866,-0.251273,0.0304218;-1.57891,0.0761931,-1.58632
0.503866,-0.251273,0.0304218;-1.57891,0.0761931,-1.58632
