0.5,-0.3,0.06;-1.57,-2.98023e-08,-1.57
0.5,-0.3,0.06;-1.57,-2.98023e-08,-1.57
0.5,-0.3,0.06;-1.57,-2.98023e-08,-1.57
0.497589,-0.298723,0.0285923;-1.56996,-0.272482,-1.57049
0.498082,-0.298987,0.0285839;-1.57126,-0.225,-1.57146
0.499481,-0.291676,0.0291711;-1.57204,-0.112786,-1.56385
0.497612,-0.279811,0.0316828;-1.63078,-0.023778,-1.563
0.499282,-0.287976,0.0285789;-1.57151,-0.156986,-1.57294
0.499155,-0.288544,0.0285808;-1.57017,-0.209501,-1.57149
0.499412,-0.288492,0.0285797;-1.57081,-0.276556,-1.57084
0.499787,-0.287901,0.02858;-1.57078,-0.223897,-1.5709
0.500766,-0.285263,0.0286301;-1.57185,-0.144124,-1.56838
0.50035,-0.271914,0.0300432;-1.59144,-0.0186266,-1.55554
0.500118,-0.272649,0.0288132;-1.57628,-0.0185872,-1.56441
0.5005,-0.274066,0.0285835;-1.57102,-0.111032,-1.57125
0.500473,-0.27442,0.0285826;-1.5716,-0.148292,-1.57091
0.500614,-0.273584,0.028581;-1.57082,-0.152029,-1.57084
0.500735,-0.272246,0.0285904;-1.5711,-0.117465,-1.57071
0.501397,-0.264719,0.0292009;-1.58511,-0.063283,-1.56297
0.500479,-0.256276,0.0300366;-1.59812,0.0150095,-1.55847
0.502186,-0.259235,0.0285963;-1.57067,-0.0499489,-1.57155
0.502162,-0.259542,0.0286835;-1.57056,-0.081279,-1.57574
0.502116,-0.259962,0.0285816;-1.57066,-0.0811912,-1.57095
0.502081,-0.259924,0.0285795;-1.57108,-0.0610541,-1.57067
0.502156,-0.258815,0.0286852;-1.57421,-0.04157,-1.5695
0.502382,-0.256117,0.028966;-1.58195,-0.0123711,-1.56377
0.502818,-0.25694,0.0285801;-1.57045,-0.0382861,-1.57103
0.502116,-0.258955,0.0286157;-1.57064,-0.0588765,-1.57255
0.502108,-0.258735,0.0285806;-1.57079,-0.101797,-1.57074
0.502151,-0.258631,0.0285809;-1.57087,-0.0949259,-1.57085
0.501448,-0.255916,0.0288402;-1.58334,-0.00411959,-1.57085
0.501644,-0.25019,0.0292434;-1.59565,0.0256215,-1.56884
0.503362,-0.248735,0.0289522;-1.58853,-0.00014627,-1.57093
0.503514,-0.24946,0.0286083;-1.5695,-0.0687807,-1.57107
0.502992,-0.25063,0.0285823;-1.57025,-0.154118,-1.57062
0.50284,-0.250787,0.0285806;-1.57071,-0.165193,-1.57087
0.502147,-0.250894,0.0286663;-1.57486,-0.0758827,-1.57135
0.501451,-0.246582,0.0293305;-1.59687,-0.0221777,-1.57147
0.501015,-0.244843,0.0302399;-1.61571,0.000879705,-1.56896
0.502194,-0.246521,0.0288165;-1.57052,-0.0609825,-1.58191
0.502432,-0.245984,0.0287248;-1.57112,-0.122414,-1.5773
0.502432,-0.246042,0.0286922;-1.57073,-0.167178,-1.57628
0.50146,-0.246595,0.0290569;-1.58466,-0.093825,-1.58143
0.500751,-0.245806,0.0291123;-1.59374,-0.0416288,-1.5746
0.499904,-0.243733,0.031692;-1.64338,-0.0092413,-1.57188
0.500369,-0.248503,0.0289043;-1.57166,-0.0306625,-1.5854
0.500118,-0.249585,0.0288149;-1.57079,-0.0369057,-1.58215
0.500054,-0.25001,0.0288207;-1.57085,-0.119887,-1.58276
0.500276,-0.249194,0.0288945;-1.5708,-0.117956,-1.58567
0.500917,-0.24545,0.0289992;-1.58095,-0.0846716,-1.58143
0.500161,-0.239443,0.0316468;-1.64086,-0.0534626,-1.57485
0.5001,-0.24821,0.0289594;-1.57218,-0.0908674,-1.58771
0.499359,-0.250918,0.0289059;-1.57267,-0.0953224,-1.5849
0.498536,-0.252944,0.0288346;-1.57185,-0.113445,-1.583
0.499086,-0.251931,0.0289671;-1.56961,-0.102429,-1.5894
0.500469,-0.245942,0.0291866;-1.58733,-0.09834,-1.58221
0.499304,-0.239121,0.0327662;-1.66222,-0.0708792,-1.57766
0.502629,-0.244182,0.0290608;-1.59193,-0.151573,-1.57647
0.502548,-0.248827,0.028886;-1.57266,-0.186186,-1.58585
0.500204,-0.255111,0.0288545;-1.57446,-0.182917,-1.58094
0.499168,-0.258806,0.0289673;-1.57111,-0.0586298,-1.58926
0.500827,-0.253147,0.02958;-1.57293,-0.0253211,-1.58983
0.503125,-0.239416,0.0321876;-1.65183,-0.00713456,-1.57189
0.504516,-0.237697,0.0322494;-1.65183,-0.0546929,-1.57465
0.506148,-0.241818,0.0296265;-1.60139,-0.100489,-1.57725
0.505627,-0.246231,0.0288045;-1.56961,-0.156686,-1.5801
0.5044,-0.250815,0.0289475;-1.57665,-0.127276,-1.58337
0.503811,-0.252475,0.0291232;-1.57832,-0.0570532,-1.58542
0.50458,-0.247032,0.0293428;-1.57926,0.0143913,-1.58007
0.505821,-0.235538,0.0341603;-1.68803,0.0150677,-1.5697
0.508433,-0.236351,0.0322718;-1.65585,-0.0450318,-1.57303
0.510364,-0.242388,0.0287879;-1.57097,-0.126186,-1.58085
0.507292,-0.254181,0.0290382;-1.56985,-0.169181,-1.57556
0.507059,-0.255821,0.0289713;-1.55968,-0.0879229,-1.57739
0.509324,-0.25424,0.0299356;-1.54428,-0.00350416,-1.57103
0.510257,-0.235998,0.035102;-1.68828,0.0821389,-1.5513
0.511839,-0.235116,0.0352969;-1.6743,0.0263251,-1.55091
0.514545,-0.242299,0.0293804;-1.59673,-0.0637413,-1.57473
0.512552,-0.25586,0.0289522;-1.57412,-0.153003,-1.57152
0.512865,-0.25687,0.0288149;-1.56208,-0.106247,-1.57233
0.514308,-0.255569,0.0293233;-1.55179,-0.0485146,-1.57034
0.514804,-0.236134,0.0338232;-1.66383,0.0863163,-1.55141
0.516231,-0.235215,0.034764;-1.66396,0.0389125,-1.54364
0.517975,-0.24311,0.0287987;-1.58082,-0.035518,-1.57235
0.516885,-0.250313,0.0287049;-1.57386,-0.157051,-1.56826
0.517017,-0.250051,0.0287892;-1.56115,-0.132968,-1.5689
0.516905,-0.247973,0.0286889;-1.57355,-0.0818987,-1.56844
0.514845,-0.233568,0.0318971;-1.63542,0.0504206,-1.55951
0.516296,-0.233824,0.0329834;-1.63797,0.00887093,-1.55079
0.518496,-0.240153,0.028826;-1.57162,-0.0743375,-1.55958
0.517588,-0.247173,0.0286913;-1.57089,-0.174065,-1.56549
0.51769,-0.246738,0.0286182;-1.57096,-0.143401,-1.56887
0.517529,-0.246043,0.0286687;-1.57091,-0.112969,-1.56658
0.516829,-0.232605,0.0308217;-1.57835,0.0195973,-1.5587
0.517619,-0.234577,0.031146;-1.57827,-0.0153068,-1.54787
0.518,-0.237178,0.0303942;-1.56673,-0.048594,-1.54741
0.517649,-0.245505,0.0286325;-1.56685,-0.164072,-1.5682
0.516807,-0.24943,0.0287087;-1.56707,-0.223865,-1.56727
0.517443,-0.247313,0.0286677;-1.57065,-0.142656,-1.56657
0.517981,-0.242896,0.0288693;-1.57549,-0.056014,-1.56183
0.5175,-0.232406,0.0309199;-1.60807,0.0233917,-1.552
0.519318,-0.235051,0.0294918;-1.5894,-0.0225836,-1.55834
0.519842,-0.240021,0.0288994;-1.55564,-0.089381,-1.57003
0.518592,-0.246,0.0287342;-1.56383,-0.173677,-1.57008
0.518936,-0.245305,0.0285797;-1.57093,-0.143811,-1.57062
0.51859,-0.244779,0.0285808;-1.57092,-0.0776788,-1.57052
0.515484,-0.236155,0.0304276;-1.60975,0.081715,-1.55911
0.517381,-0.238089,0.0301018;-1.59986,0.0345081,-1.55897
0.518308,-0.241343,0.0285793;-1.57074,-0.0654634,-1.57089
0.516444,-0.247018,0.0287899;-1.56225,-0.190285,-1.57119
0.516667,-0.246716,0.0286458;-1.56804,-0.179428,-1.56972
0.516485,-0.245983,0.0285928;-1.57194,-0.124487,-1.57074
0.513015,-0.237872,0.0296365;-1.60568,0.0469382,-1.56732
0.513355,-0.240067,0.0304479;-1.60846,0.0352,-1.56036
0.513846,-0.245054,0.0286522;-1.57094,-0.0278659,-1.56762
0.512294,-0.250764,0.0286626;-1.5671,-0.24609,-1.56928
0.512531,-0.250409,0.0286482;-1.56908,-0.238549,-1.56869
0.512783,-0.249187,0.028579;-1.57078,-0.188251,-1.57073
0.510182,-0.237885,0.0294544;-1.60184,-0.0475971,-1.57021
0.509167,-0.237584,0.0306481;-1.62496,-0.0371373,-1.57042
0.510256,-0.242431,0.0286885;-1.57114,-0.0701343,-1.56623
0.509483,-0.246036,0.028594;-1.57135,-0.155291,-1.57022
0.509034,-0.247042,0.0286743;-1.56736,-0.182871,-1.57161
0.509071,-0.246952,0.0286524;-1.57106,-0.183547,-1.57459
0.508271,-0.241966,0.0309187;-1.5434,-0.108134,-1.56769
0.505893,-0.238361,0.0325144;-1.56958,-0.0608056,-1.57218
0.506514,-0.239558,0.0330795;-1.57131,-0.0742603,-1.56736
0.507342,-0.245569,0.0286043;-1.57033,-0.152033,-1.57181
0.506995,-0.246842,0.0286536;-1.56891,-0.184068,-1.57249
0.506854,-0.247347,0.028683;-1.56852,-0.191113,-1.57327
0.507475,-0.243661,0.0288182;-1.57575,-0.135515,-1.57792
0.505686,-0.238629,0.0304749;-1.58289,-0.070407,-1.58237
0.504593,-0.237225,0.0313667;-1.61714,-0.0554736,-1.57965
0.507151,-0.244463,0.0287446;-1.57008,-0.144845,-1.57826
0.506546,-0.247286,0.0286607;-1.57275,-0.190426,-1.57385
0.506403,-0.248332,0.0286473;-1.57076,-0.196472,-1.57396
0.507264,-0.24569,0.0286898;-1.57033,-0.12704,-1.57597
0.506471,-0.238777,0.029125;-1.58462,-0.0727247,-1.57761
0.50463,-0.234515,0.0324192;-1.64005,-0.0189557,-1.57367
0.508571,-0.242191,0.0288177;-1.57082,-0.121777,-1.57689
0.50808,-0.246618,0.0288716;-1.56292,-0.180193,-1.57536
0.506822,-0.250817,0.0287674;-1.57861,-0.213331,-1.57393
0.508241,-0.245797,0.0289775;-1.57008,-0.132245,-1.57337
0.508771,-0.239394,0.029473;-1.59714,-0.0593118,-1.57186
0.507218,-0.231808,0.0334482;-1.65322,0.0213233,-1.5696
0.511187,-0.240169,0.0290481;-1.59248,-0.085572,-1.57415
0.510029,-0.248151,0.0290429;-1.55672,-0.134386,-1.5703
0.508723,-0.253698,0.0291151;-1.57518,-0.178067,-1.57055
0.50973,-0.248072,0.0292139;-1.59256,-0.137008,-1.57378
0.510513,-0.240833,0.0302525;-1.60768,-0.0515757,-1.56701
0.509604,-0.231747,0.0338003;-1.66832,0.017275,-1.56063
0.511458,-0.237481,0.0332335;-1.65236,-0.0433635,-1.55743
0.510641,-0.25009,0.0294402;-1.54639,-0.0992269,-1.56778
0.508434,-0.257259,0.0292264;-1.57429,-0.128856,-1.56674
0.509087,-0.255457,0.0294092;-1.55054,-0.134613,-1.56275
0.511119,-0.244263,0.0298877;-1.58206,-0.0804365,-1.55444
0.51136,-0.23471,0.0325349;-1.6143,-0.021305,-1.54799
0.511235,-0.233903,0.0361328;-1.65345,-0.0109081,-1.53076
0.511875,-0.242045,0.0308016;-1.59874,-0.0650758,-1.55067
0.509132,-0.252783,0.02925;-1.56741,-0.1047,-1.56326
0.506779,-0.258697,0.0292372;-1.56916,-0.11645,-1.56114
0.507416,-0.254548,0.0297678;-1.55584,-0.0830152,-1.55418
0.51027,-0.242051,0.0308878;-1.5871,-0.0501618,-1.54097
0.509631,-0.233475,0.0363374;-1.66325,-0.0099556,-1.52114
0.51126,-0.238273,0.0341115;-1.62732,-0.0656347,-1.53058
0.510734,-0.248152,0.0293991;-1.56975,-0.139938,-1.55138
0.508026,-0.256719,0.029325;-1.57446,-0.172054,-1.55566
0.508163,-0.254281,0.0294279;-1.56582,-0.116341,-1.54904
0.50889,-0.247371,0.030781;-1.57269,-0.0472183,-1.53271
0.510056,-0.232052,0.0362777;-1.65872,0.0118302,-1.51905
0.51159,-0.236029,0.0359624;-1.62858,-0.0388621,-1.51333
0.513052,-0.244997,0.0305802;-1.56644,-0.13629,-1.53677
0.509816,-0.258595,0.0292888;-1.57513,-0.252876,-1.55427
0.510421,-0.254631,0.0297578;-1.56796,-0.195172,-1.54899
0.511643,-0.246857,0.0312446;-1.57132,-0.107517,-1.52985
0.509165,-0.234189,0.0351688;-1.63205,-0.00340039,-1.51356
0.510609,-0.23698,0.0353892;-1.62525,-0.0448184,-1.50906
0.512176,-0.245132,0.0310845;-1.56895,-0.14738,-1.53197
0.508979,-0.258085,0.0295265;-1.56935,-0.284951,-1.55507
0.509779,-0.256,0.0298955;-1.56365,-0.242782,-1.55003
0.512305,-0.24777,0.0321186;-1.54766,-0.142741,-1.52241
0.512305,-0.24777,0.0321186;-1.54766,-0.142741,-1.52241
0.512432,-0.23795,0.0343728;-1.60304,-0.040494,-1.50871
0.512432,-0.23795,0.0343728;-1.60304,-0.040494,-1.50871
