0.5,-0.3,0.06;-1.57,-2.98023e-08,-1.57
0.5,-0.3,0.06;-1.57,-2.98023e-08,-1.57
0.5,-0.3,0.06;-1.57,-2.98023e-08,-1.57
0.498269,-0.300192,0.028609;-1.56936,-0.278192,-1.56983
0.498449,-0.298592,0.0286281;-1.57027,-0.265561,-1.56872
0.499542,-0.285635,0.0297974;-1.58458,-0.188026,-1.55498
0.498454,-0.26995,0.0326234;-1.6309,-0.112205,-1.5553
0.501528,-0.280159,0.0285776;-1.57099,-0.227584,-1.57109
0.500519,-0.284335,0.0286893;-1.57495,-0.244347,-1.57029
0.500254,-0.285579,0.028587;-1.57042,-0.247468,-1.57055
0.502779,-0.285959,0.0288193;-1.55927,-0.108725,-1.56943
0.505652,-0.273805,0.0297784;-1.55861,-0.0354205,-1.5606
0.505658,-0.24771,0.0331513;-1.64589,0.0638518,-1.54775
0.509371,-0.249497,0.0297706;-1.59097,-0.046073,-1.55804
0.510466,-0.253606,0.0285788;-1.57077,-0.157455,-1.57086
0.509571,-0.25479,0.028647;-1.57303,-0.26823,-1.5691
0.509645,-0.254619,0.0285794;-1.57091,-0.23376,-1.57061
0.510276,-0.24817,0.0292941;-1.58079,-0.157887,-1.55754
0.507657,-0.236881,0.0321091;-1.61316,-0.05366,-1.55142
0.506343,-0.235261,0.0330158;-1.64371,-0.0269611,-1.55234
0.508489,-0.240399,0.0306984;-1.6164,-0.0772585,-1.56518
0.509102,-0.244902,0.0286049;-1.57113,-0.136191,-1.57234
0.50876,-0.247287,0.0286037;-1.56998,-0.120033,-1.57184
0.509304,-0.247873,0.0285794;-1.57138,-0.0558255,-1.57042
0.509424,-0.244725,0.0289377;-1.58286,0.0111256,-1.5658
0.510217,-0.239395,0.0293555;-1.59459,0.0196837,-1.56389
0.512162,-0.237325,0.0288768;-1.56668,-0.0505974,-1.56605
0.512272,-0.244337,0.0290304;-1.56063,-0.146988,-1.58071
0.5124,-0.245904,0.029445;-1.55533,-0.171083,-1.57998
0.512896,-0.245914,0.0289738;-1.56421,-0.165401,-1.58311
0.512038,-0.239967,0.0298015;-1.60879,-0.0707842,-1.57207
0.510414,-0.234715,0.0318791;-1.64309,-0.0147438,-1.56789
0.511704,-0.237072,0.0317369;-1.6291,-0.0487104,-1.56098
0.512717,-0.242912,0.0286946;-1.56583,-0.130638,-1.57118
0.51168,-0.246362,0.0286477;-1.57026,-0.153513,-1.57369
0.511694,-0.247853,0.0286712;-1.57022,-0.137164,-1.57479
0.512074,-0.246769,0.0288954;-1.58236,0.0138548,-1.56665
0.51163,-0.238069,0.0306559;-1.62225,0.0658207,-1.56465
0.51231,-0.235645,0.032233;-1.64803,0.0398058,-1.56288
0.516291,-0.240499,0.0288956;-1.5641,-0.10069,-1.58228
0.51634,-0.244026,0.0289972;-1.56214,-0.144004,-1.5793
0.516494,-0.246295,0.0290775;-1.56002,-0.180099,-1.5786
0.516526,-0.244135,0.0289232;-1.58744,-0.120024,-1.57287
0.515684,-0.239644,0.0295033;-1.60321,-0.067099,-1.57041
0.513623,-0.234162,0.0318728;-1.64652,-0.00666939,-1.56923
0.516225,-0.2399,0.0286872;-1.57601,-0.0868828,-1.57127
0.515377,-0.242645,0.0286871;-1.5688,-0.124923,-1.57525
0.514658,-0.245702,0.0287384;-1.56713,-0.153385,-1.57617
0.515568,-0.248473,0.02865;-1.57067,-0.0154214,-1.57423
0.515994,-0.244036,0.0290937;-1.58984,0.0412954,-1.56472
0.515175,-0.236519,0.0316362;-1.63485,0.0862782,-1.55893
0.519473,-0.237126,0.0286141;-1.56918,-0.0550304,-1.57114
0.519613,-0.240832,0.0290955;-1.55576,-0.10272,-1.58054
0.520262,-0.244532,0.0292171;-1.55861,-0.149994,-1.58108
0.52109,-0.24315,0.0285877;-1.57167,-0.115076,-1.56989
0.520013,-0.238928,0.0292786;-1.60031,-0.0663267,-1.57012
0.516413,-0.233525,0.0315899;-1.63809,3.24845e-05,-1.56595
0.520386,-0.240488,0.0291037;-1.58776,-0.0943556,-1.56412
0.520211,-0.242648,0.028652;-1.5715,-0.127624,-1.57572
0.519585,-0.244569,0.0287011;-1.57213,-0.147115,-1.57537
0.519412,-0.246872,0.0287615;-1.57196,-0.0762689,-1.58275
0.519274,-0.245457,0.0288207;-1.57937,0.00773166,-1.56783
0.517684,-0.237865,0.030587;-1.62055,0.0824343,-1.56393
0.519963,-0.239236,0.0298404;-1.59814,0.0197823,-1.56084
0.521708,-0.240879,0.0285774;-1.57067,-0.0779843,-1.5707
0.52094,-0.242206,0.0289887;-1.56007,-0.126714,-1.5788
0.520883,-0.243848,0.029014;-1.56346,-0.145237,-1.5838
0.521183,-0.242711,0.0285829;-1.57137,-0.115207,-1.57003
0.520043,-0.238644,0.0292502;-1.59959,-0.0586892,-1.56939
0.517987,-0.232218,0.0319973;-1.64144,0.0153904,-1.56134
0.520236,-0.235457,0.0303154;-1.61522,-0.0254869,-1.56859
0.521133,-0.238806,0.0286618;-1.57135,-0.0776553,-1.57582
0.519624,-0.243929,0.0287334;-1.56939,-0.137382,-1.57747
0.519978,-0.245395,0.0287717;-1.5718,-0.0829809,-1.58307
0.519556,-0.245923,0.0287723;-1.57734,-0.00951856,-1.57509
0.517688,-0.237772,0.0326605;-1.66144,0.064944,-1.56477
0.520918,-0.23674,0.0310486;-1.63093,-0.00897631,-1.57235
0.523108,-0.238683,0.0287775;-1.58065,-0.07843,-1.57223
0.523767,-0.24514,0.0290074;-1.5632,-0.160209,-1.58248
0.524455,-0.244756,0.0288856;-1.57094,-0.154929,-1.58594
0.524445,-0.243833,0.0287464;-1.57897,-0.116014,-1.57153
0.522495,-0.236884,0.0322282;-1.65449,-0.0289381,-1.57222
0.524497,-0.238484,0.0313111;-1.63639,-0.0613976,-1.57537
0.525856,-0.240758,0.0290467;-1.59329,-0.100588,-1.57344
0.525045,-0.244255,0.0287395;-1.5702,-0.145269,-1.5781
0.52558,-0.2455,0.0288021;-1.57018,-0.084959,-1.58112
0.525525,-0.246762,0.0288277;-1.57349,-0.00232792,-1.58008
0.522848,-0.240121,0.0322045;-1.65319,0.0991238,-1.56296
0.526024,-0.237894,0.0310542;-1.63092,0.0332984,-1.5696
0.528378,-0.239668,0.0288221;-1.5824,-0.0376982,-1.57144
0.52778,-0.243393,0.0293561;-1.55728,-0.136258,-1.58443
0.528434,-0.243426,0.0295317;-1.56391,-0.141104,-1.58954
0.528467,-0.243455,0.0294285;-1.56719,-0.133333,-1.5911
0.524306,-0.234094,0.032334;-1.61074,-0.00275618,-1.58064
0.525725,-0.235979,0.0321436;-1.60333,-0.0397159,-1.57286
0.526325,-0.238383,0.0293195;-1.59195,-0.0606836,-1.5644
0.526439,-0.242077,0.0287346;-1.56926,-0.119883,-1.57651
0.524344,-0.246748,0.0287846;-1.5725,-0.173791,-1.58104
0.524958,-0.248679,0.028842;-1.57158,-0.0783908,-1.58373
0.524772,-0.249188,0.028584;-1.571,0.00297451,-1.57044
0.523895,-0.240159,0.0316286;-1.64218,0.0767644,-1.56448
0.527821,-0.238086,0.0290287;-1.59252,-5.06639e-06,-1.57113
0.528304,-0.239026,0.0290116;-1.56331,-0.0635951,-1.58341
0.528176,-0.244714,0.0297571;-1.55328,-0.153517,-1.58752
0.528922,-0.244791,0.0296978;-1.56031,-0.152099,-1.58897
0.529211,-0.244294,0.030002;-1.55921,-0.129164,-1.59019
0.524086,-0.233316,0.0334202;-1.61206,0.00523885,-1.58077
0.526165,-0.235647,0.032662;-1.60043,-0.0337211,-1.58548
0.527154,-0.238379,0.0289006;-1.57829,-0.0698135,-1.57909
0.525552,-0.243101,0.0287755;-1.57051,-0.136908,-1.57999
0.525781,-0.244243,0.0287846;-1.57066,-0.113337,-1.58052
0.525227,-0.245972,0.0288693;-1.57244,-0.0150956,-1.58326
0.522966,-0.24056,0.0314115;-1.63879,0.0949682,-1.56415
0.525697,-0.240037,0.0308725;-1.6269,0.0364603,-1.56806
0.527667,-0.241572,0.0287057;-1.57093,-0.0395363,-1.57694
0.526973,-0.244164,0.0297345;-1.55345,-0.147616,-1.58528
0.527818,-0.245567,0.0297731;-1.55439,-0.169708,-1.58584
0.528384,-0.245272,0.0298291;-1.55946,-0.152488,-1.59192
0.524647,-0.236238,0.0330263;-1.58532,-0.0312458,-1.57909
0.525161,-0.234831,0.033498;-1.59527,-0.026423,-1.57622
0.527386,-0.239605,0.029254;-1.60314,-0.0802181,-1.57438
0.527008,-0.242795,0.0287407;-1.57378,-0.125536,-1.57697
0.526399,-0.244113,0.0288458;-1.56811,-0.148146,-1.58048
0.526479,-0.245377,0.0288672;-1.57131,-0.126817,-1.58456
0.524545,-0.244772,0.0291829;-1.5972,0.0455899,-1.56739
0.523823,-0.23983,0.0314196;-1.63782,0.0897346,-1.56379
0.526135,-0.240395,0.0304399;-1.6185,0.0449847,-1.56712
0.527387,-0.241325,0.0290613;-1.5637,-0.0909254,-1.58628
0.527335,-0.243771,0.0295687;-1.55704,-0.143796,-1.58801
0.527966,-0.245076,0.0297026;-1.55323,-0.161341,-1.5846
0.528185,-0.242694,0.0306556;-1.55527,-0.107267,-1.58409
0.525365,-0.237003,0.0324429;-1.57986,-0.0363598,-1.5745
0.524825,-0.234234,0.0331263;-1.59678,-0.0177937,-1.57206
0.527445,-0.240563,0.028916;-1.56938,-0.0894763,-1.5859
0.526965,-0.241881,0.0287539;-1.57343,-0.110347,-1.57708
0.5261,-0.244118,0.0288666;-1.56741,-0.149491,-1.58086
0.525921,-0.246777,0.028742;-1.57282,-0.023795,-1.57696
0.525012,-0.24485,0.0291814;-1.5974,0.0397888,-1.56773
0.524355,-0.240345,0.0313878;-1.63751,0.0816408,-1.56464
0.527968,-0.240127,0.0287972;-1.57058,-0.0468168,-1.58108
0.527431,-0.241293,0.0291306;-1.56048,-0.086937,-1.58593
0.527656,-0.243795,0.029741;-1.55207,-0.140304,-1.58561
0.528489,-0.243508,0.029983;-1.55954,-0.124988,-1.59324
0.527625,-0.24039,0.0310234;-1.5548,-0.0779463,-1.58529
0.523911,-0.233991,0.0331037;-1.5958,-0.00231323,-1.58077
0.527428,-0.239758,0.0289008;-1.5738,-0.0781201,-1.58323
0.527211,-0.240831,0.028775;-1.56923,-0.0868833,-1.57913
0.52613,-0.242996,0.0287478;-1.57049,-0.120835,-1.57864
0.525602,-0.245015,0.0289009;-1.57537,-0.064101,-1.58237
0.524233,-0.245215,0.029142;-1.5969,0.0127719,-1.57182
0.523377,-0.243611,0.0304675;-1.62209,0.0473268,-1.56785
0.526408,-0.244113,0.0286998;-1.5746,-0.0212975,-1.57266
0.526252,-0.243907,0.0288444;-1.56961,-0.0735678,-1.58242
0.52604,-0.24395,0.0288608;-1.56825,-0.147478,-1.58139
0.526498,-0.245442,0.0289832;-1.56764,-0.168324,-1.58664
0.526703,-0.24411,0.0294713;-1.56803,-0.14498,-1.583
0.525174,-0.240159,0.030589;-1.56534,-0.0889311,-1.57496
0.525913,-0.239302,0.0307755;-1.57363,-0.0827085,-1.58391
0.526716,-0.241589,0.0288311;-1.5716,-0.111853,-1.58316
0.52635,-0.242332,0.0287243;-1.57075,-0.118794,-1.57758
0.525442,-0.245481,0.0287563;-1.57223,-0.151271,-1.57927
0.524912,-0.247219,0.0287347;-1.57209,-0.0720088,-1.57827
0.523896,-0.247503,0.0289127;-1.58572,0.00114524,-1.57226
0.523637,-0.242652,0.0306409;-1.6216,0.0476135,-1.56627
0.52579,-0.242473,0.0288168;-1.57832,-0.00702554,-1.57458
0.525915,-0.242246,0.0287853;-1.56929,-0.0674696,-1.57937
0.525878,-0.245214,0.0290771;-1.56045,-0.169666,-1.58063
0.526308,-0.245166,0.0291533;-1.56467,-0.163646,-1.58399
0.526281,-0.243681,0.0295652;-1.56626,-0.139592,-1.58324
0.52281,-0.235907,0.0321141;-1.59438,-0.0368868,-1.58261
0.52579,-0.239449,0.0306119;-1.57943,-0.0859979,-1.59429
0.526578,-0.241324,0.0288722;-1.57503,-0.112123,-1.58149
0.525537,-0.244639,0.0287431;-1.56947,-0.157558,-1.57726
0.525578,-0.245674,0.0287236;-1.57085,-0.11986,-1.57764
0.524906,-0.247111,0.0287176;-1.57152,-0.0422586,-1.57715
0.522807,-0.244192,0.0304497;-1.62008,0.077622,-1.56643
0.524484,-0.243968,0.029726;-1.60544,0.0378836,-1.56992
0.524903,-0.245188,0.0285953;-1.56975,-0.00953686,-1.57084
0.522993,-0.248338,0.0287186;-1.56376,-0.172181,-1.56976
0.522631,-0.248228,0.0287676;-1.5671,-0.204219,-1.5753
0.522704,-0.24771,0.0287325;-1.57233,-0.189785,-1.57912
0.522704,-0.24771,0.0287325;-1.57233,-0.189785,-1.57912
0.522473,-0.246525,0.0289755;-1.59052,-0.165916,-1.57386
0.522473,-0.246525,0.0289755;-1.59052,-0.165916,-1.57386
