0.5,-0.3,0.06;-1.57,-2.98023e-08,-1.57
0.5,-0.3,0.06;-1.57,-2.98023e-08,-1.57
0.5,-0.3,0.06;-1.57,-2.98023e-08,-1.57
0.499409,-0.295942,0.0300516;-1.57375,-0.198388,-1.59769
0.499491,-0.297444,0.0290805;-1.56447,-0.147962,-1.58772
0.500496,-0.289735,0.030575;-1.53385,-0.032704,-1.55936
0.499349,-0.271733,0.031932;-1.58693,0.0597033,-1.53098
0.502666,-0.274883,0.0290195;-1.5669,-0.0969678,-1.58786
0.503105,-0.27256,0.0289349;-1.57459,-0.1616,-1.58441
0.503268,-0.27203,0.0289472;-1.57481,-0.182461,-1.58493
0.50365,-0.274191,0.029142;-1.55408,-0.0849217,-1.57957
0.504474,-0.271292,0.0308535;-1.52881,0.0317557,-1.567
0.503311,-0.262699,0.0333977;-1.54928,0.169711,-1.53129
0.504897,-0.25784,0.0318443;-1.53941,0.140401,-1.54938
0.507389,-0.259234,0.0288806;-1.55978,0.0624031,-1.57469
0.506875,-0.257159,0.0288603;-1.57129,-0.0311867,-1.58366
0.50617,-0.257636,0.0289621;-1.56749,-0.0638146,-1.58629
0.506434,-0.258199,0.0289658;-1.55802,0.0231813,-1.57187
0.504488,-0.252942,0.0308453;-1.56866,0.146161,-1.54452
0.503885,-0.248798,0.0329089;-1.55178,0.233084,-1.535
0.507463,-0.250954,0.0336059;-1.4902,0.175282,-1.57736
0.508039,-0.249088,0.028883;-1.57006,0.0603336,-1.5848
0.506955,-0.248524,0.0288127;-1.57058,-0.103879,-1.58198
0.507322,-0.250063,0.0290733;-1.55805,-0.0585321,-1.58095
0.505859,-0.250634,0.0292966;-1.55949,0.0225889,-1.56703
0.504954,-0.24882,0.0304612;-1.55727,0.0997472,-1.55495
0.505554,-0.248226,0.0292798;-1.55456,0.10039,-1.57022
0.507544,-0.25039,0.029763;-1.54379,-0.0589159,-1.57548
0.506859,-0.252476,0.0290655;-1.55323,-0.123218,-1.57415
0.506695,-0.254001,0.0292231;-1.54615,-0.105369,-1.57414
0.505193,-0.252534,0.0297423;-1.55725,0.0502756,-1.55829
0.503212,-0.24819,0.031205;-1.57718,0.13264,-1.53398
0.505335,-0.245103,0.0310148;-1.54475,0.130514,-1.55118
0.507564,-0.247007,0.034719;-1.46332,0.0435042,-1.59263
0.508765,-0.252471,0.0313021;-1.53179,-0.060698,-1.58481
0.50651,-0.258814,0.03107;-1.54274,-0.0862072,-1.58774
0.503766,-0.265465,0.0297397;-1.56204,0.00741882,-1.57927
0.502557,-0.262423,0.0357076;-1.46065,0.105179,-1.56505
0.504943,-0.25079,0.0365896;-1.51996,0.132393,-1.55276
0.508947,-0.24592,0.0374138;-1.42395,0.0815104,-1.60602
0.50984,-0.25312,0.0345;-1.53484,-0.037904,-1.62025
0.507688,-0.261416,0.0319435;-1.57582,-0.112747,-1.61969
0.504782,-0.268769,0.0309724;-1.56198,-0.0300578,-1.6098
0.503802,-0.266118,0.0349395;-1.50248,0.0543334,-1.58751
0.502848,-0.255021,0.0403434;-1.57865,0.125083,-1.5501
0.507943,-0.247372,0.0371956;-1.56601,0.04961,-1.60281
0.507782,-0.250855,0.0329752;-1.55778,-0.0191487,-1.62378
0.505312,-0.26269,0.0339749;-1.58315,-0.1314,-1.64022
0.50301,-0.269697,0.0330824;-1.58431,-0.0602524,-1.62825
0.501938,-0.269353,0.0347718;-1.6287,-0.019585,-1.59428
0.500959,-0.259728,0.040533;-1.698,0.0389837,-1.55691
0.504806,-0.246617,0.0357557;-1.69619,-0.0152027,-1.58994
0.506701,-0.248516,0.0337648;-1.58908,-0.0462713,-1.6354
0.506593,-0.25163,0.0350059;-1.59406,-0.0529975,-1.65272
0.505103,-0.257742,0.0346056;-1.61289,-0.0141808,-1.63146
0.504218,-0.257124,0.0367105;-1.70284,0.0146935,-1.5916
0.503432,-0.251606,0.0404478;-1.79988,0.04602,-1.5579
0.504985,-0.249796,0.0373491;-1.72782,0.0103822,-1.59095
0.506448,-0.24928,0.035056;-1.62467,-0.0173846,-1.62984
0.505965,-0.251777,0.0348338;-1.59262,-0.0265727,-1.64811
0.502374,-0.263063,0.0342735;-1.59869,-0.0429252,-1.63439
0.501024,-0.265301,0.0347082;-1.64471,-0.0149411,-1.60857
0.500374,-0.26135,0.0371462;-1.73237,0.0227155,-1.56703
0.499783,-0.253938,0.0367632;-1.72935,0.0507429,-1.56577
0.502217,-0.251778,0.0353179;-1.68136,0.00513663,-1.5908
0.503531,-0.253229,0.0320008;-1.57188,-0.030891,-1.62293
0.500221,-0.261798,0.0325178;-1.57257,-0.0804725,-1.62925
0.499439,-0.264426,0.0318841;-1.57706,-0.0595911,-1.61923
0.497813,-0.266831,0.0323089;-1.62553,-0.00983382,-1.58594
0.496094,-0.260403,0.0359687;-1.68871,0.0669093,-1.54193
0.497837,-0.257427,0.0339914;-1.65517,0.027105,-1.56024
0.499819,-0.256334,0.0291399;-1.56367,-7.04527e-05,-1.58919
0.496916,-0.263053,0.0307374;-1.57007,-0.0936645,-1.60455
0.496174,-0.266508,0.0302356;-1.5705,-0.0797358,-1.60239
0.494742,-0.270165,0.0295766;-1.57505,-0.0189255,-1.58903
0.490806,-0.267475,0.0350839;-1.61556,0.0744014,-1.52242
0.491699,-0.267084,0.0334402;-1.57077,0.00786244,-1.53244
0.491565,-0.272511,0.0340533;-1.45835,-0.0381168,-1.56557
0.492658,-0.267734,0.0289363;-1.57453,-0.0966137,-1.58524
0.4926,-0.268518,0.0290275;-1.57522,-0.0698279,-1.58905
0.491875,-0.269961,0.0288573;-1.57175,-0.0148506,-1.58357
0.488229,-0.267979,0.0326118;-1.58711,0.0992213,-1.51743
0.488501,-0.26676,0.0325301;-1.55942,0.066299,-1.53337
0.487791,-0.270776,0.0326866;-1.48974,0.00826577,-1.56548
0.489421,-0.267448,0.0288178;-1.56895,-0.0758977,-1.58097
0.489399,-0.268158,0.028891;-1.56978,-0.0566309,-1.58476
0.489212,-0.26934,0.0287362;-1.57072,0.0104572,-1.57823
0.485098,-0.271429,0.0323771;-1.58859,0.107218,-1.52363
0.485326,-0.271327,0.0330137;-1.53911,0.0814573,-1.5398
0.485048,-0.272482,0.0327135;-1.49587,0.0521085,-1.56448
0.484524,-0.267256,0.0288633;-1.56505,-0.0883704,-1.57798
0.484628,-0.26744,0.0288816;-1.57052,-0.0686053,-1.58513
0.484715,-0.268371,0.0289689;-1.56243,-0.0284842,-1.58073
0.479908,-0.265625,0.0304994;-1.58171,0.143169,-1.54568
0.481583,-0.264582,0.0301062;-1.56908,0.130714,-1.55171
0.481755,-0.264618,0.0313106;-1.54949,0.117836,-1.54705
0.47945,-0.27117,0.0293395;-1.54575,-0.0349297,-1.57335
0.479299,-0.269216,0.0288468;-1.5718,-0.0885158,-1.58281
0.479325,-0.270398,0.028923;-1.56933,-0.0412644,-1.5865
0.479073,-0.268598,0.0289772;-1.56098,0.0919245,-1.57146
0.476253,-0.267801,0.0322773;-1.57842,0.187311,-1.52391
0.476329,-0.26867,0.0323488;-1.53362,0.158387,-1.54531
0.473926,-0.275837,0.0336143;-1.463,0.0783821,-1.57659
0.474192,-0.271163,0.0288548;-1.57051,-0.013519,-1.58421
0.473951,-0.271947,0.0293424;-1.57302,0.00662806,-1.59025
0.473461,-0.273391,0.0289257;-1.56869,0.0706458,-1.58544
0.46878,-0.26452,0.0321732;-1.61689,0.25381,-1.53897
0.471183,-0.265557,0.0328532;-1.64352,0.203871,-1.54835
0.471916,-0.26926,0.0293082;-1.55491,0.122472,-1.5694
0.471422,-0.275001,0.0298325;-1.57294,0.015266,-1.59309
0.470694,-0.277935,0.0307988;-1.5727,0.0534016,-1.60795
0.469502,-0.280462,0.0302602;-1.57035,0.0967432,-1.60352
0.465865,-0.263717,0.035407;-1.6996,0.300283,-1.52792
0.467947,-0.263032,0.0352459;-1.70855,0.26367,-1.54198
0.470716,-0.262741,0.0326871;-1.64886,0.211546,-1.56883
0.471835,-0.268446,0.0320507;-1.59187,0.0991391,-1.6044
0.470001,-0.272841,0.0324455;-1.58443,0.133899,-1.6196
0.468407,-0.275909,0.0318827;-1.56979,0.155696,-1.62342
0.468018,-0.264055,0.0365848;-1.73845,0.309167,-1.52476
0.468928,-0.262863,0.0368762;-1.73841,0.310525,-1.53066
0.470426,-0.261975,0.036072;-1.71024,0.264136,-1.55736
0.47344,-0.265307,0.0329624;-1.60185,0.142362,-1.60831
0.473857,-0.267784,0.0339861;-1.61003,0.145562,-1.62274
0.471961,-0.272196,0.0334943;-1.58217,0.145914,-1.63472
0.469449,-0.269558,0.0352293;-1.68434,0.2806,-1.5587
0.47065,-0.263473,0.0393602;-1.79939,0.320561,-1.50476
0.470761,-0.263021,0.037675;-1.74464,0.31962,-1.54182
0.475082,-0.261748,0.0349595;-1.65336,0.188002,-1.59079
0.47551,-0.263751,0.0344585;-1.62076,0.17944,-1.61597
0.474564,-0.267984,0.0343961;-1.60015,0.165856,-1.63054
0.469488,-0.273633,0.0343012;-1.63549,0.248574,-1.59314
0.469446,-0.269046,0.0374984;-1.75735,0.296879,-1.52289
0.469383,-0.267488,0.0383009;-1.76891,0.317118,-1.52077
0.472609,-0.264808,0.034692;-1.65427,0.217934,-1.58389
0.473393,-0.266997,0.0325871;-1.58911,0.149169,-1.61277
0.47307,-0.269772,0.0332135;-1.59358,0.143284,-1.61892
0.468442,-0.277425,0.0319211;-1.56845,0.189491,-1.62411
0.465775,-0.276294,0.0326109;-1.61343,0.25118,-1.57451
0.466998,-0.264702,0.037005;-1.72699,0.313143,-1.50789
0.469227,-0.257664,0.032143;-1.62767,0.284867,-1.57352
0.47252,-0.256771,0.0307848;-1.5853,0.205054,-1.59575
0.472516,-0.259998,0.0312568;-1.58972,0.164563,-1.59664
0.466556,-0.27085,0.0299757;-1.57003,0.181924,-1.59911
0.461377,-0.27584,0.0298532;-1.56949,0.242836,-1.58286
0.460678,-0.270234,0.0347203;-1.50013,0.32864,-1.56806
0.462627,-0.259871,0.0340268;-1.47206,0.306031,-1.59376
0.463538,-0.258579,0.0319298;-1.4984,0.239487,-1.59167
0.464169,-0.256496,0.030078;-1.5364,0.179283,-1.57705
0.461209,-0.264067,0.0286919;-1.57121,0.189807,-1.57636
0.459126,-0.266233,0.0290958;-1.56743,0.226008,-1.57296
0.457492,-0.265646,0.0311716;-1.53323,0.286991,-1.56395
0.460609,-0.262871,0.0304754;-1.52823,0.307888,-1.5781
0.460755,-0.261276,0.0297046;-1.53435,0.289693,-1.58072
0.461088,-0.261275,0.0303379;-1.52718,0.226897,-1.57928
0.46188,-0.26281,0.0289602;-1.55581,0.178423,-1.57677
0.461082,-0.264011,0.0286447;-1.57043,0.196916,-1.57343
0.457179,-0.267556,0.0299713;-1.56279,0.238239,-1.55822
0.455952,-0.267923,0.0327178;-1.50917,0.334341,-1.57187
0.456295,-0.265614,0.0314058;-1.50782,0.337448,-1.58743
0.456121,-0.264782,0.0317774;-1.49756,0.30258,-1.59246
0.458352,-0.269731,0.0314972;-1.51202,0.155087,-1.58235
0.458852,-0.268944,0.0287953;-1.56083,0.166795,-1.57263
0.457369,-0.270729,0.0289956;-1.56551,0.195449,-1.57029
0.453141,-0.273841,0.0366659;-1.43193,0.305568,-1.58527
0.456458,-0.268378,0.0350114;-1.45204,0.31885,-1.59237
0.457063,-0.265292,0.0343566;-1.44543,0.313093,-1.60595
0.460924,-0.270671,0.0344345;-1.4552,0.109671,-1.58425
0.46201,-0.271028,0.0305887;-1.52406,0.117848,-1.57802
0.461404,-0.27202,0.0287703;-1.56592,0.127394,-1.56714
0.453221,-0.279734,0.0347788;-1.50795,0.234487,-1.54472
0.454216,-0.280502,0.0358759;-1.43221,0.234057,-1.59076
0.455726,-0.274877,0.0351343;-1.43316,0.245301,-1.5996
0.455141,-0.265769,0.0348887;-1.44059,0.100374,-1.58076
0.456104,-0.271991,0.0345952;-1.45228,0.0724329,-1.58263
0.456704,-0.271764,0.0288957;-1.55864,0.0887613,-1.56882
0.455901,-0.271675,0.0320047;-1.54044,0.157467,-1.54562
0.456851,-0.270166,0.0331953;-1.48305,0.166074,-1.57426
0.45797,-0.267428,0.0322803;-1.49059,0.157367,-1.58127
0.458536,-0.259565,0.0315488;-1.50469,0.0911078,-1.57799
0.457659,-0.261526,0.0316233;-1.51736,0.097574,-1.58638
0.457739,-0.262022,0.0287409;-1.5738,0.110526,-1.57541
0.457739,-0.262022,0.0287409;-1.5738,0.110526,-1.57541
0.45527,-0.26783,0.0299831;-1.59911,0.129844,-1.57107
0.45527,-0.26783,0.0299831;-1.59911,0.129844,-1.57107
