0.5,-0.3,0.06;-1.57,-2.98023e-08,-1.57
0.5,-0.3,0.06;-1.57,-2.98023e-08,-1.57
0.5,-0.3,0.06;-1.57,-2.98023e-08,-1.57
0.502047,-0.289822,0.0301384;-1.57566,-0.272416,-1.5997
0.502758,-0.285963,0.0289832;-1.57248,-0.275456,-1.58854
0.500961,-0.274144,0.0300715;-1.58205,-0.173821,-1.55649
0.49378,-0.260195,0.0335966;-1.62679,-0.0334323,-1.53216
0.501792,-0.266467,0.0289176;-1.57309,-0.187167,-1.58552
0.502574,-0.265588,0.029092;-1.58484,-0.231181,-1.58751
0.503057,-0.264875,0.0290765;-1.58852,-0.250008,-1.58526
0.50213,-0.266337,0.0287546;-1.57213,-0.194498,-1.57815
0.501185,-0.261875,0.0291909;-1.57492,-0.105828,-1.55831
0.498377,-0.254725,0.0319612;-1.58818,-0.00245592,-1.52361
0.499878,-0.253873,0.0314223;-1.58239,-0.019327,-1.52758
0.504366,-0.2604,0.0286141;-1.57105,-0.133163,-1.56924
0.504574,-0.260125,0.0289242;-1.57803,-0.196669,-1.58204
0.504676,-0.259618,0.0286035;-1.57081,-0.183301,-1.57189
0.503774,-0.252898,0.0301762;-1.57605,-0.0911122,-1.54498
0.501357,-0.2486,0.0323331;-1.58601,-0.031487,-1.51916
0.496894,-0.243609,0.0338881;-1.60285,0.0453131,-1.50499
0.503221,-0.246867,0.0313112;-1.5877,-0.0293172,-1.53498
0.505337,-0.250802,0.0285815;-1.57087,-0.0889594,-1.57106
0.505648,-0.250221,0.0288526;-1.57607,-0.147154,-1.57942
0.50444,-0.24986,0.0286962;-1.57128,-0.09162,-1.56468
0.502741,-0.245699,0.0297051;-1.57969,-0.033771,-1.55066
0.500035,-0.240486,0.0315231;-1.5888,0.0432367,-1.53056
0.501583,-0.241476,0.0303632;-1.58036,0.0302109,-1.54211
0.502968,-0.244125,0.0287767;-1.57271,-0.0609303,-1.57835
0.503677,-0.244173,0.0288447;-1.57514,-0.115841,-1.57957
0.504007,-0.244039,0.0289228;-1.57923,-0.132818,-1.57992
0.499736,-0.239799,0.0299402;-1.58714,-0.0208334,-1.55037
0.496081,-0.237957,0.0320638;-1.59244,0.032527,-1.52669
0.495637,-0.239055,0.0319988;-1.59282,0.0262025,-1.5282
0.499096,-0.242537,0.0287486;-1.57142,-0.0676723,-1.57833
0.499488,-0.242912,0.0287385;-1.57129,-0.103152,-1.57843
0.499524,-0.24288,0.0290511;-1.58384,-0.111659,-1.5819
0.497847,-0.241698,0.0290865;-1.58485,-0.0456344,-1.56101
0.494291,-0.238719,0.0312478;-1.59464,0.0186678,-1.53067
0.492133,-0.239205,0.0323802;-1.59308,0.0365282,-1.52077
0.495549,-0.24223,0.028612;-1.57071,-0.0325204,-1.57227
0.495141,-0.243208,0.0287427;-1.57181,-0.049262,-1.57763
0.495033,-0.243666,0.0287918;-1.57336,-0.0662357,-1.57862
0.495056,-0.243056,0.0289793;-1.58447,-0.040419,-1.56594
0.492183,-0.241208,0.029816;-1.58559,0.0221878,-1.54855
0.487881,-0.240102,0.032268;-1.60789,0.0765195,-1.52033
0.491639,-0.246244,0.028738;-1.57666,-0.00662403,-1.56917
0.491193,-0.247272,0.0289197;-1.5751,-0.0195088,-1.5827
0.48945,-0.250107,0.0290156;-1.57939,-0.0111818,-1.58298
0.489133,-0.249556,0.0290971;-1.59582,0.0115631,-1.57088
0.486949,-0.247787,0.0293743;-1.58739,0.0734576,-1.55381
0.483138,-0.245306,0.0319146;-1.61081,0.124752,-1.52755
0.485692,-0.249742,0.0290789;-1.59367,0.081119,-1.5679
0.485426,-0.251162,0.0290104;-1.57685,0.0761149,-1.58485
0.483231,-0.255838,0.0292879;-1.57823,0.0729645,-1.58665
0.483106,-0.256354,0.0293177;-1.60411,0.0892363,-1.57098
0.483038,-0.25535,0.0295048;-1.60691,0.104526,-1.56431
0.482343,-0.251663,0.03182;-1.63175,0.148476,-1.53984
0.481422,-0.25711,0.0309234;-1.61352,0.138585,-1.55382
0.481112,-0.261664,0.0289887;-1.5743,0.126447,-1.58712
0.476569,-0.270363,0.0302964;-1.57585,0.101519,-1.59667
0.47414,-0.27572,0.0290797;-1.56781,0.152852,-1.58878
0.475315,-0.270521,0.0296225;-1.59756,0.190191,-1.56878
0.475213,-0.262464,0.0316318;-1.61169,0.231538,-1.5381
0.474059,-0.262909,0.0329019;-1.64768,0.249654,-1.53943
0.475711,-0.267178,0.0312248;-1.62292,0.233473,-1.5685
0.475461,-0.271295,0.030703;-1.57225,0.207846,-1.6069
0.473404,-0.276819,0.0311211;-1.57155,0.218112,-1.61181
0.474103,-0.275861,0.0298819;-1.57067,0.216299,-1.59949
0.475239,-0.269123,0.0301647;-1.6138,0.23154,-1.56049
0.475296,-0.260787,0.0343923;-1.67385,0.291518,-1.52793
0.478149,-0.263798,0.0335128;-1.67647,0.266359,-1.54732
0.478113,-0.270131,0.0312242;-1.58611,0.242355,-1.60542
0.470508,-0.287182,0.0321989;-1.57563,0.219061,-1.62188
0.471244,-0.285474,0.0314583;-1.57014,0.201099,-1.61904
0.471892,-0.28136,0.0302137;-1.57179,0.226135,-1.59921
0.475733,-0.261115,0.0348382;-1.68637,0.318617,-1.52104
0.480262,-0.262655,0.0357193;-1.68534,0.282628,-1.52565
0.481138,-0.267234,0.032937;-1.64774,0.260532,-1.56862
0.474089,-0.284497,0.0329354;-1.58464,0.192736,-1.62542
0.472701,-0.287313,0.0317902;-1.57443,0.229857,-1.62332
0.47206,-0.28651,0.0302765;-1.56985,0.263884,-1.60281
0.475858,-0.262777,0.0353443;-1.69724,0.3387,-1.51968
0.480618,-0.261939,0.0353397;-1.68868,0.308887,-1.52379
0.482489,-0.263653,0.0324988;-1.65334,0.284093,-1.55504
0.473393,-0.28574,0.0324834;-1.58358,0.168698,-1.61963
0.470088,-0.290009,0.0317481;-1.56898,0.204642,-1.62131
0.47049,-0.288204,0.0303371;-1.56568,0.243952,-1.60147
0.475006,-0.266091,0.0349801;-1.6736,0.31518,-1.51736
0.478361,-0.262195,0.034474;-1.66708,0.297572,-1.52348
0.481429,-0.26393,0.0317436;-1.64543,0.253253,-1.55162
0.479823,-0.273963,0.0313175;-1.58332,0.167391,-1.60321
0.474705,-0.280198,0.030507;-1.57249,0.171951,-1.60408
0.474592,-0.280748,0.0295557;-1.58752,0.160137,-1.58088
0.470536,-0.269622,0.0341088;-1.64958,0.315676,-1.52029
0.47231,-0.264933,0.0334253;-1.63972,0.327205,-1.52448
0.473795,-0.26472,0.0326513;-1.63441,0.305843,-1.5322
0.478111,-0.269578,0.0295295;-1.58058,0.231598,-1.5865
0.472859,-0.277484,0.030161;-1.58317,0.184711,-1.59251
0.471939,-0.278568,0.0291734;-1.58376,0.189004,-1.58395
0.471282,-0.278867,0.0298788;-1.6083,0.214994,-1.56483
0.46943,-0.265483,0.0334098;-1.62973,0.339206,-1.51773
0.474382,-0.26458,0.0321758;-1.61799,0.308453,-1.53129
0.477789,-0.266898,0.0290339;-1.59308,0.265126,-1.56597
0.476412,-0.270542,0.0290311;-1.58401,0.202573,-1.58175
0.476028,-0.271226,0.0290739;-1.58615,0.198405,-1.58187
0.475073,-0.271149,0.0289618;-1.59108,0.219297,-1.57229
0.471669,-0.265404,0.0320058;-1.64224,0.293691,-1.53131
0.472755,-0.26455,0.0317973;-1.6164,0.295463,-1.53475
0.476209,-0.268056,0.029137;-1.58843,0.250223,-1.56165
0.475067,-0.270582,0.0289074;-1.57621,0.213503,-1.58131
0.473937,-0.271725,0.0290231;-1.58079,0.200799,-1.5835
0.473332,-0.272043,0.0289472;-1.58478,0.214338,-1.57637
0.470238,-0.265207,0.032535;-1.61009,0.305266,-1.52392
0.47231,-0.265144,0.0323362;-1.58841,0.290289,-1.52268
0.472411,-0.269025,0.0299469;-1.56543,0.256939,-1.54879
0.470991,-0.271557,0.0288188;-1.57058,0.209481,-1.58203
0.470552,-0.271935,0.0288967;-1.57478,0.200874,-1.58255
0.469539,-0.272317,0.0289486;-1.58034,0.200324,-1.58009
0.467091,-0.268631,0.0307616;-1.60412,0.272777,-1.54694
0.467398,-0.266845,0.0317881;-1.60753,0.29706,-1.53622
0.469331,-0.268336,0.0310404;-1.5792,0.27391,-1.54182
0.469008,-0.27412,0.0287968;-1.57042,0.188984,-1.58087
0.467859,-0.275414,0.0288456;-1.57252,0.176453,-1.58166
0.467142,-0.276024,0.0287836;-1.57013,0.181225,-1.5811
0.466087,-0.273778,0.0295067;-1.57411,0.275901,-1.5506
0.464815,-0.270149,0.0321224;-1.57819,0.322295,-1.51767
0.465573,-0.269693,0.0321708;-1.57607,0.312696,-1.5153
0.467131,-0.273648,0.0286138;-1.56775,0.194269,-1.57256
0.466268,-0.273697,0.0286854;-1.56867,0.159916,-1.57438
0.465713,-0.27407,0.028691;-1.57083,0.155478,-1.57605
0.465037,-0.273269,0.0290074;-1.56773,0.267112,-1.55795
0.463288,-0.270933,0.0309432;-1.57943,0.302793,-1.53283
0.462347,-0.269304,0.031987;-1.58049,0.334609,-1.51855
0.464388,-0.273217,0.0287956;-1.56862,0.260072,-1.5631
0.462963,-0.273156,0.0286899;-1.56863,0.197651,-1.57455
0.461932,-0.272857,0.0286649;-1.57032,0.163497,-1.5747
0.460317,-0.271555,0.0290219;-1.56142,0.260238,-1.56037
0.458347,-0.267599,0.0298948;-1.57036,0.32918,-1.54606
0.456425,-0.265242,0.0306366;-1.58903,0.378602,-1.53516
0.455606,-0.269182,0.0294676;-1.56392,0.350054,-1.55329
0.453706,-0.270491,0.028762;-1.56134,0.273888,-1.57352
0.452762,-0.269909,0.0286945;-1.56697,0.213352,-1.5735
0.452529,-0.270445,0.028582;-1.57054,0.251397,-1.57051
0.452252,-0.269552,0.0288494;-1.57129,0.309938,-1.55737
0.45039,-0.267541,0.0304825;-1.5859,0.364639,-1.53822
0.44813,-0.270876,0.0302777;-1.5576,0.37052,-1.54405
0.445024,-0.274275,0.0288576;-1.56046,0.278655,-1.57011
0.443923,-0.274924,0.0285822;-1.5702,0.211989,-1.57106
0.444377,-0.274685,0.0289769;-1.56462,0.198639,-1.55903
0.446785,-0.268323,0.0308501;-1.56009,0.285164,-1.53444
0.443676,-0.266438,0.0324826;-1.57323,0.337438,-1.51027
0.438153,-0.270532,0.0316574;-1.5585,0.428101,-1.52364
0.436392,-0.273327,0.0290423;-1.56283,0.376325,-1.55889
0.43375,-0.275163,0.0285744;-1.57046,0.272529,-1.57143
0.4344,-0.27323,0.0285777;-1.57081,0.198411,-1.57066
0.436263,-0.270782,0.0292496;-1.56267,0.276899,-1.55379
0.434437,-0.267809,0.0311418;-1.56725,0.355119,-1.52756
0.426582,-0.273243,0.0311555;-1.56473,0.477285,-1.52742
0.426519,-0.275192,0.0313118;-1.54091,0.492921,-1.55012
0.425266,-0.275047,0.0286785;-1.57025,0.417646,-1.57649
0.426253,-0.273556,0.0288524;-1.57544,0.331234,-1.57949
0.426801,-0.272969,0.0287099;-1.56474,0.323419,-1.57329
0.428148,-0.270871,0.0296066;-1.55839,0.352559,-1.56064
0.420758,-0.274374,0.0316679;-1.57762,0.466372,-1.52666
0.41879,-0.278001,0.0318593;-1.53986,0.504458,-1.54764
0.418909,-0.279695,0.0287775;-1.56646,0.502621,-1.57848
0.419889,-0.277727,0.0289048;-1.57454,0.419097,-1.58186
0.42061,-0.276681,0.0287944;-1.57025,0.390901,-1.58154
0.421617,-0.275053,0.0294887;-1.54613,0.386893,-1.57489
0.416441,-0.274548,0.0328893;-1.57999,0.483764,-1.51879
0.413644,-0.278229,0.0324879;-1.53398,0.527358,-1.54486
0.411922,-0.280628,0.0335031;-1.46515,0.538785,-1.60936
0.414594,-0.274976,0.0296672;-1.57266,0.453202,-1.59238
0.415506,-0.273402,0.0290809;-1.57319,0.425436,-1.58426
0.416222,-0.272008,0.0291288;-1.56011,0.391723,-1.58397
0.41375,-0.268974,0.0321512;-1.59224,0.449931,-1.5273
0.410877,-0.270891,0.0324411;-1.57524,0.479281,-1.53376
0.407762,-0.275587,0.0312082;-1.49665,0.513684,-1.60508
0.408542,-0.277165,0.0301722;-1.5732,0.499286,-1.59812
0.409461,-0.275948,0.030556;-1.5718,0.473171,-1.60456
0.411572,-0.273476,0.0291949;-1.5708,0.433369,-1.58682
0.411572,-0.273476,0.0291949;-1.5708,0.433369,-1.58682
0.413458,-0.269445,0.0309957;-1.58205,0.433037,-1.55324
0.413458,-0.269445,0.0309957;-1.58205,0.433037,-1.55324
