0.5,-0.3,0.06;-1.57,-2.98023e-08,-1.57
0.5,-0.3,0.06;-1.57,-2.98023e-08,-1.57
0.5,-0.3,0.06;-1.57,-2.98023e-08,-1.57
0.49972,-0.295165,0.02912;-1.57091,-0.240551,-1.58743
0.500712,-0.295089,0.0291118;-1.56094,-0.202145,-1.5845
0.502245,-0.295767,0.0295559;-1.56057,-0.0704108,-1.57523
0.500392,-0.280739,0.0294953;-1.57465,0.103133,-1.56268
0.500619,-0.281405,0.0292314;-1.54789,-0.0383664,-1.57834
0.499073,-0.279728,0.0289902;-1.55675,-0.140777,-1.57445
0.497393,-0.278686,0.0290985;-1.55397,-0.235298,-1.5752
0.497683,-0.28027,0.0291401;-1.55633,-0.189764,-1.58035
0.499851,-0.28221,0.02947;-1.55723,-0.0923189,-1.57904
0.501413,-0.279332,0.0299206;-1.55594,0.056749,-1.56473
0.504881,-0.271878,0.0289629;-1.568,0.119312,-1.57215
0.504771,-0.271277,0.0291555;-1.56347,0.0705661,-1.59192
0.504143,-0.268427,0.0298917;-1.5713,0.019892,-1.59661
0.504517,-0.266376,0.0298746;-1.57374,-0.0428886,-1.59647
0.501556,-0.269225,0.0310478;-1.61746,0.000352293,-1.58093
0.49865,-0.269938,0.0321241;-1.63638,0.034514,-1.5684
0.496981,-0.266808,0.0360655;-1.70302,0.140054,-1.54055
0.498437,-0.261901,0.0346006;-1.69047,0.169118,-1.55457
0.500405,-0.259832,0.0325664;-1.64165,0.115605,-1.57395
0.501271,-0.263795,0.0327095;-1.62245,0.0655621,-1.59727
0.497256,-0.268091,0.0343615;-1.66403,0.120327,-1.57951
0.493304,-0.271495,0.0345375;-1.68835,0.157353,-1.55523
0.490377,-0.273017,0.0364903;-1.7158,0.206198,-1.53311
0.489546,-0.277625,0.0357282;-1.69501,0.223125,-1.56299
0.489386,-0.280233,0.032671;-1.5837,0.167007,-1.62416
0.490519,-0.28023,0.0316451;-1.5842,0.129979,-1.61353
0.489866,-0.281522,0.0306265;-1.57001,0.132989,-1.60577
0.485298,-0.283689,0.0309469;-1.54645,0.243282,-1.56338
0.481745,-0.286711,0.0329662;-1.53045,0.284758,-1.55892
0.478512,-0.29697,0.0291786;-1.56161,0.259038,-1.57544
0.47858,-0.294979,0.0289807;-1.56781,0.194534,-1.58793
0.479467,-0.292918,0.0288882;-1.57302,0.110653,-1.58294
0.479095,-0.291293,0.0287167;-1.5692,0.0235527,-1.57582
0.478981,-0.290572,0.031015;-1.53602,0.0520834,-1.55666
0.476977,-0.28753,0.0354397;-1.52743,0.152425,-1.52008
0.472909,-0.294263,0.0378258;-1.48389,0.198805,-1.52817
0.468813,-0.307659,0.0362429;-1.41269,0.107869,-1.5854
0.469776,-0.305578,0.0337457;-1.46261,0.0699181,-1.58237
0.469714,-0.3011,0.0318558;-1.49491,0.0282079,-1.57185
0.46864,-0.298569,0.0325902;-1.48754,-0.0584275,-1.56092
0.467531,-0.299974,0.0350845;-1.48064,-0.0302485,-1.54223
0.463145,-0.30154,0.0383517;-1.4886,0.0532502,-1.51792
0.461281,-0.316495,0.0353114;-1.43671,0.0206022,-1.57282
0.461504,-0.315738,0.0353024;-1.44245,0.000894815,-1.57717
0.462611,-0.313053,0.0344611;-1.4539,-0.0236369,-1.57693
0.466501,-0.305468,0.0307467;-1.52439,-0.0449729,-1.56808
0.467597,-0.301147,0.0301304;-1.57695,0.0029583,-1.5467
0.464657,-0.297654,0.0319011;-1.59453,0.073722,-1.5258
0.46273,-0.302978,0.0287391;-1.56525,0.0309988,-1.57291
0.461435,-0.302895,0.0290339;-1.56311,-0.0216892,-1.5847
0.460751,-0.302506,0.0288584;-1.57076,-0.0498477,-1.58398
0.46281,-0.298557,0.0289466;-1.56181,-0.0195507,-1.57964
0.464566,-0.29,0.029881;-1.57991,0.11351,-1.55378
0.4637,-0.278172,0.034317;-1.62668,0.216351,-1.50769
0.463612,-0.286661,0.0331485;-1.60696,0.168191,-1.51441
0.459108,-0.29884,0.0311561;-1.53146,0.121227,-1.55123
0.454205,-0.310003,0.0309055;-1.5194,0.047046,-1.5621
0.453182,-0.310042,0.0342988;-1.44983,0.0444151,-1.56981
0.453985,-0.303542,0.038346;-1.39458,0.105273,-1.568
0.455982,-0.285284,0.0398771;-1.55196,0.175174,-1.48757
0.455063,-0.276157,0.0385206;-1.6531,0.256141,-1.46024
0.452993,-0.285449,0.0351867;-1.62165,0.283275,-1.48963
0.449091,-0.30402,0.031196;-1.514,0.220797,-1.57344
0.444109,-0.311883,0.0292137;-1.54307,0.103734,-1.57008
0.44753,-0.308104,0.0298217;-1.53669,0.128029,-1.57228
0.45422,-0.295279,0.0302778;-1.57252,0.218324,-1.54284
0.454718,-0.278515,0.032297;-1.60107,0.374704,-1.51699
0.455333,-0.277236,0.0301815;-1.59322,0.400853,-1.54147
0.455093,-0.278797,0.0286441;-1.57332,0.408641,-1.56895
0.455168,-0.278319,0.0286068;-1.57072,0.312163,-1.572
0.455299,-0.278487,0.0285786;-1.57082,0.311971,-1.57071
0.455538,-0.2775,0.0290228;-1.57318,0.325782,-1.55783
0.45416,-0.271689,0.0315023;-1.59371,0.403877,-1.52549
0.454942,-0.271678,0.0311083;-1.60248,0.411355,-1.5344
0.454044,-0.274426,0.0286369;-1.56791,0.446668,-1.57198
0.452666,-0.274428,0.0290909;-1.57019,0.395312,-1.58744
0.453798,-0.27353,0.0292597;-1.57007,0.366758,-1.59059
0.454991,-0.271836,0.0289906;-1.5772,0.362111,-1.58182
0.455796,-0.266702,0.0348861;-1.6981,0.377772,-1.51416
0.456743,-0.267329,0.0357796;-1.73197,0.37829,-1.51283
0.45407,-0.27489,0.0324513;-1.66234,0.388867,-1.5402
0.44896,-0.285831,0.0298878;-1.57321,0.355699,-1.59536
0.448333,-0.284518,0.0295347;-1.56939,0.315832,-1.59412
0.448932,-0.282886,0.0289388;-1.57277,0.292665,-1.58502
0.448061,-0.281457,0.0329302;-1.64959,0.253107,-1.53764
0.447879,-0.284364,0.0354617;-1.70581,0.223436,-1.53367
0.444831,-0.295971,0.0304504;-1.61739,0.173728,-1.56477
0.442233,-0.305495,0.0297672;-1.57361,0.195768,-1.59455
0.442614,-0.305039,0.0301153;-1.56975,0.182764,-1.60125
0.443602,-0.303046,0.0297187;-1.56788,0.162529,-1.59748
0.444571,-0.293935,0.0306486;-1.5877,0.175325,-1.54531
0.445471,-0.290525,0.0360248;-1.6611,0.155111,-1.5137
0.444634,-0.290217,0.0352774;-1.63348,0.137211,-1.5104
0.438179,-0.307961,0.0345201;-1.45308,0.1601,-1.58777
0.435732,-0.311584,0.0334238;-1.46954,0.158703,-1.58225
0.435169,-0.312365,0.035756;-1.42109,0.149816,-1.58748
0.434387,-0.311384,0.0377459;-1.37924,0.142178,-1.58767
0.433947,-0.305276,0.0421618;-1.35235,0.165217,-1.55705
0.432159,-0.308875,0.0414637;-1.33385,0.115186,-1.57162
0.431234,-0.310046,0.0396218;-1.34574,0.102836,-1.58392
0.432392,-0.309355,0.0364622;-1.40989,0.131253,-1.58298
0.433818,-0.31036,0.038828;-1.36527,0.134053,-1.59049
0.435147,-0.307691,0.038579;-1.39413,0.127803,-1.57372
0.436697,-0.300068,0.0347542;-1.55573,0.108495,-1.49748
0.439149,-0.302122,0.031841;-1.58219,0.0505464,-1.52394
0.438704,-0.308246,0.0286411;-1.57062,-0.0189678,-1.56757
0.437264,-0.311517,0.02865;-1.57084,0.0711232,-1.57409
0.437562,-0.312437,0.0286905;-1.56545,0.110693,-1.57127
0.438929,-0.309007,0.0297442;-1.53835,0.150805,-1.56925
0.441722,-0.288541,0.0343245;-1.57404,0.211821,-1.48435
0.440459,-0.289258,0.0351627;-1.55865,0.178051,-1.48394
0.439415,-0.298046,0.0368197;-1.46353,0.125741,-1.53483
0.433587,-0.309374,0.0327133;-1.48076,0.0310011,-1.56684
0.43538,-0.310846,0.0327975;-1.47538,0.052726,-1.57382
0.437285,-0.308474,0.0321114;-1.49118,0.0838652,-1.5757
0.444011,-0.281324,0.0367043;-1.5314,0.191428,-1.50469
0.447087,-0.266684,0.0357689;-1.59361,0.187081,-1.47473
0.447496,-0.26873,0.0354301;-1.58437,0.13679,-1.47644
0.445571,-0.287136,0.0293368;-1.55553,0.0972168,-1.56153
0.442843,-0.295282,0.0291353;-1.54963,0.0496413,-1.56603
0.442916,-0.295385,0.0287967;-1.56698,0.0575759,-1.56447
0.44799,-0.273885,0.03202;-1.5755,0.149154,-1.51377
0.44902,-0.257066,0.0349174;-1.58951,0.192794,-1.48352
0.448703,-0.255389,0.0357872;-1.59107,0.186526,-1.47309
0.447226,-0.275552,0.0304519;-1.56047,0.108516,-1.54349
0.442622,-0.288586,0.0298038;-1.54706,0.0251853,-1.56104
0.441792,-0.291294,0.0289511;-1.55615,-0.00172994,-1.56746
0.442475,-0.289042,0.0288733;-1.57291,0.0235156,-1.55872
0.441107,-0.281704,0.0298076;-1.58804,0.0853056,-1.55234
0.437774,-0.276922,0.0307443;-1.59549,0.134331,-1.54223
0.440838,-0.275141,0.0286696;-1.56935,0.111326,-1.56646
0.440022,-0.276247,0.0289446;-1.55608,0.104563,-1.56932
0.4406,-0.27569,0.0290018;-1.55322,0.146059,-1.57024
0.441882,-0.274513,0.0297692;-1.54648,0.16906,-1.56182
0.441582,-0.275833,0.0321223;-1.56282,0.116812,-1.52076
0.442304,-0.279012,0.0339986;-1.5752,0.0231385,-1.49217
0.44476,-0.28551,0.0315459;-1.54338,-0.0876449,-1.53386
0.441545,-0.289357,0.0307791;-1.51473,-0.108153,-1.55993
0.439285,-0.290087,0.0300515;-1.52824,-0.0902879,-1.56451
0.442269,-0.290279,0.0291555;-1.54821,-0.0377329,-1.57055
0.443495,-0.289944,0.029669;-1.57059,-0.0422737,-1.55143
0.444917,-0.287286,0.0326783;-1.58285,-0.0469906,-1.51602
0.447387,-0.283857,0.031685;-1.5648,-0.0323535,-1.52772
0.444172,-0.288223,0.0322597;-1.50325,0.0206647,-1.57631
0.439667,-0.292278,0.0317452;-1.52611,0.105139,-1.58464
0.436996,-0.298539,0.0328052;-1.5075,0.177364,-1.60637
0.438301,-0.306219,0.0336321;-1.55698,0.125402,-1.59519
0.438416,-0.312096,0.0359395;-1.62547,0.0339727,-1.56965
0.438623,-0.308222,0.0393764;-1.54578,-0.0878727,-1.57356
0.438477,-0.308889,0.0353184;-1.50381,-0.132844,-1.6135
0.437584,-0.307504,0.0349591;-1.54163,-0.117069,-1.62416
0.439899,-0.308057,0.0332635;-1.5722,-0.0254908,-1.63737
0.442793,-0.30618,0.033703;-1.60059,-0.0482425,-1.62623
0.447604,-0.299993,0.034623;-1.6728,-0.087553,-1.59403
0.453448,-0.300222,0.0378441;-1.69973,-0.22275,-1.56385
0.455219,-0.299027,0.0360547;-1.68296,-0.289311,-1.57643
0.450068,-0.305772,0.0324373;-1.6145,-0.303083,-1.61218
0.439506,-0.316613,0.03498;-1.53349,-0.143037,-1.62247
0.441156,-0.315174,0.0343173;-1.51917,-0.122081,-1.61161
0.443438,-0.310695,0.0354643;-1.49191,-0.0968739,-1.58939
0.452534,-0.296828,0.0400064;-1.65428,-0.0988166,-1.53416
0.457992,-0.290255,0.0367806;-1.68043,-0.156211,-1.55155
0.459657,-0.294333,0.0314736;-1.63944,-0.23707,-1.58997
0.45536,-0.298898,0.0323522;-1.64984,-0.136418,-1.5828
0.456112,-0.299165,0.0328091;-1.65319,-0.106032,-1.58531
0.45677,-0.294875,0.0320336;-1.6431,-0.070505,-1.57674
0.459445,-0.271439,0.0384567;-1.68324,0.0626778,-1.50617
0.460629,-0.270746,0.0387998;-1.68675,0.0306584,-1.50673
0.462462,-0.273656,0.0373583;-1.66533,-0.0290356,-1.51657
0.45812,-0.278676,0.0408396;-1.70774,-0.0236341,-1.5017
0.457642,-0.276423,0.0427694;-1.72249,0.0166279,-1.48265
0.458194,-0.272748,0.0416332;-1.72765,0.0598344,-1.49396
0.459381,-0.266748,0.0387264;-1.7256,0.117882,-1.52156
0.460699,-0.267376,0.0381793;-1.7068,0.0814138,-1.52259
0.461166,-0.268503,0.0361475;-1.66921,0.0551113,-1.52628
0.461491,-0.273167,0.0291558;-1.5942,0.0472003,-1.57545
0.461565,-0.273918,0.0291721;-1.59059,0.0451267,-1.58014
0.461383,-0.273893,0.0292352;-1.59966,0.0580495,-1.57457
0.461383,-0.273893,0.0292352;-1.59966,0.0580495,-1.57457
0.461184,-0.273877,0.0292192;-1.59819,0.0594464,-1.5723
0.461184,-0.273877,0.0292192;-1.59819,0.0594464,-1.5723
