0.5,-0.3,0.06;-1.57,-2.98023e-08,-1.57
0.5,-0.3,0.06;-1.57,-2.98023e-08,-1.57
0.5,-0.3,0.06;-1.57,-2.98023e-08,-1.57
0.498659,-0.296867,0.0289133;-1.57018,-0.241223,-1.58522
0.499198,-0.296953,0.0288831;-1.56586,-0.195387,-1.57971
0.499984,-0.289415,0.0303461;-1.54662,-0.0837503,-1.5548
0.496915,-0.277111,0.0313023;-1.5759,0.0312082,-1.53032
0.498023,-0.281474,0.0288625;-1.57046,-0.142193,-1.58413
0.497882,-0.280179,0.0287587;-1.57103,-0.214826,-1.57978
0.498203,-0.279358,0.0287286;-1.57083,-0.253777,-1.578
0.497962,-0.280838,0.0287518;-1.56946,-0.177245,-1.57803
0.50042,-0.278564,0.0289687;-1.55885,-0.0604921,-1.56268
0.501839,-0.269844,0.0314293;-1.57606,0.0688539,-1.52678
0.50332,-0.269877,0.0302559;-1.57027,0.0761767,-1.54458
0.503324,-0.272857,0.0287159;-1.56588,-0.00178093,-1.57239
0.502456,-0.27154,0.0286947;-1.57141,-0.0730807,-1.57684
0.502459,-0.270265,0.0286432;-1.56908,-0.137505,-1.57232
0.503308,-0.266833,0.0293876;-1.55689,-0.0728502,-1.55733
0.503603,-0.254812,0.0324695;-1.58206,0.0551506,-1.51372
0.50193,-0.252031,0.0325746;-1.58278,0.120581,-1.51076
0.50441,-0.253004,0.029785;-1.56986,0.0855231,-1.55082
0.503897,-0.255375,0.0286367;-1.57059,-0.0115025,-1.5733
0.502143,-0.253577,0.0286836;-1.57046,-0.142779,-1.57551
0.502139,-0.254035,0.0286281;-1.56959,-0.12196,-1.5718
0.502918,-0.252171,0.0290141;-1.56196,-0.0654267,-1.56221
0.503215,-0.245827,0.0307517;-1.57126,0.0102135,-1.53826
0.503101,-0.247191,0.0304175;-1.5537,0.026446,-1.55168
0.502172,-0.247363,0.0286575;-1.57067,-0.0280191,-1.57438
0.501418,-0.246455,0.0286842;-1.57062,-0.10736,-1.57571
0.50121,-0.246116,0.0287018;-1.57041,-0.125123,-1.57657
0.500858,-0.243153,0.0298146;-1.57036,-0.0520852,-1.55053
0.499045,-0.239635,0.0317268;-1.58202,0.0177021,-1.52468
0.498348,-0.241437,0.0311411;-1.57215,0.0335974,-1.53393
0.498069,-0.244975,0.0287916;-1.56472,-0.0446335,-1.57478
0.49784,-0.244526,0.0286744;-1.57048,-0.0837745,-1.57515
0.49738,-0.244074,0.0287546;-1.56824,-0.13844,-1.57636
0.497523,-0.243806,0.028718;-1.56851,-0.0655639,-1.56557
0.496541,-0.239486,0.0308197;-1.57659,-0.0108955,-1.53692
0.495661,-0.238483,0.0315507;-1.58076,0.0223205,-1.52669
0.496466,-0.243795,0.0286399;-1.57012,-0.0414163,-1.57327
0.495862,-0.243369,0.0286464;-1.57099,-0.101591,-1.57404
0.495356,-0.243781,0.0288196;-1.56578,-0.140235,-1.57658
0.496288,-0.243436,0.0288135;-1.56044,-0.0729469,-1.56862
0.496633,-0.238939,0.0297848;-1.57043,-0.0111274,-1.55103
0.495434,-0.237088,0.0318056;-1.57762,0.0256668,-1.52192
0.496041,-0.242496,0.0286123;-1.56918,-0.0133517,-1.57113
0.495193,-0.243291,0.0287196;-1.56818,-0.0529675,-1.57485
0.494651,-0.243778,0.0287835;-1.56659,-0.12415,-1.57605
0.494783,-0.243863,0.0286625;-1.57112,-0.122071,-1.57488
0.494527,-0.242131,0.0290328;-1.56545,-0.0555665,-1.56216
0.492543,-0.236813,0.0313762;-1.57942,0.0106452,-1.52906
0.492258,-0.239734,0.0298123;-1.55068,0.0171025,-1.55955
0.491372,-0.240822,0.0288767;-1.56205,-0.0256788,-1.57615
0.490895,-0.241482,0.0286473;-1.57059,-0.0614389,-1.57392
0.490274,-0.243061,0.0289175;-1.55948,-0.123895,-1.57414
0.490548,-0.241804,0.0297379;-1.55075,-0.0947475,-1.56156
0.487887,-0.237453,0.0316123;-1.55839,-0.0348492,-1.53647
0.488408,-0.233937,0.0309386;-1.55139,0.025068,-1.54497
0.488175,-0.235602,0.0286407;-1.56848,-0.000402838,-1.57195
0.487472,-0.237491,0.0288035;-1.56375,-0.0222934,-1.57433
0.486624,-0.240269,0.0291241;-1.5519,-0.0789051,-1.57642
0.486402,-0.240503,0.0293853;-1.55685,-0.08319,-1.57082
0.485663,-0.238785,0.0293309;-1.57269,-0.0567918,-1.55689
0.482176,-0.233825,0.0306835;-1.57857,0.0276133,-1.53825
0.483317,-0.236142,0.0286917;-1.56922,0.0148554,-1.56564
0.482571,-0.237038,0.0287648;-1.5676,-0.014795,-1.57756
0.481541,-0.239384,0.0289581;-1.5611,-0.0515109,-1.57868
0.481519,-0.239454,0.0287225;-1.57093,-0.0575861,-1.57752
0.482302,-0.238682,0.0287227;-1.56918,-0.0524884,-1.56682
0.481828,-0.236062,0.0303004;-1.58011,-0.00139886,-1.54394
0.483008,-0.236342,0.0313677;-1.56612,0.00813177,-1.53409
0.482895,-0.235981,0.0286463;-1.56924,0.0188669,-1.57375
0.481776,-0.239356,0.0287078;-1.57024,-0.0438058,-1.57637
0.481499,-0.239839,0.0288232;-1.56662,-0.0680827,-1.57801
0.481681,-0.239785,0.0286865;-1.57089,-0.0707962,-1.57584
0.482504,-0.236272,0.0313326;-1.57212,-0.0210927,-1.53349
0.483444,-0.235651,0.0321465;-1.56734,-0.0055097,-1.5253
0.483207,-0.235542,0.0285747;-1.57047,0.006608,-1.57146
0.482654,-0.237213,0.0288012;-1.56989,-0.00696483,-1.58053
0.482252,-0.238387,0.0288423;-1.56766,-0.0405845,-1.58028
0.481865,-0.239175,0.0288033;-1.57073,-0.0525275,-1.58158
0.481495,-0.237436,0.0305385;-1.5777,-0.0376167,-1.54009
0.482996,-0.237053,0.0323073;-1.56313,-0.0261348,-1.5343
0.482133,-0.239516,0.030473;-1.55489,-0.0278338,-1.55653
0.481076,-0.241365,0.028838;-1.57069,-0.027855,-1.583
0.48089,-0.241846,0.0289296;-1.56818,-0.00967446,-1.5852
0.48084,-0.241944,0.0286227;-1.56953,-0.00859134,-1.56928
0.481978,-0.236863,0.0311298;-1.58169,-0.00552431,-1.53132
0.483557,-0.236528,0.0316109;-1.57459,-0.0133732,-1.52316
0.483651,-0.237512,0.031199;-1.54484,-0.0186196,-1.54653
0.481812,-0.24266,0.029444;-1.57373,-0.0350312,-1.58994
0.481437,-0.243427,0.029207;-1.57254,-0.0119956,-1.58898
0.481369,-0.243469,0.0288805;-1.57052,-0.0171208,-1.58512
0.481715,-0.237211,0.0303668;-1.59206,0.00522613,-1.55214
0.483177,-0.236281,0.0301047;-1.59056,-0.0147278,-1.55439
0.48278,-0.235876,0.029972;-1.59151,-0.0123226,-1.55688
0.482523,-0.240923,0.0306388;-1.57667,-0.0329491,-1.60365
0.477327,-0.249259,0.031082;-1.581,-0.0306464,-1.60672
0.477469,-0.249442,0.0301992;-1.57102,-0.0166316,-1.60216
0.47758,-0.24785,0.0291573;-1.58146,0.0097313,-1.58114
0.479403,-0.240006,0.031037;-1.62776,0.0353262,-1.56816
0.4832,-0.238472,0.031667;-1.61934,0.00102055,-1.55992
0.482795,-0.240346,0.0299661;-1.59384,-0.0115918,-1.58236
0.47491,-0.252606,0.0327298;-1.58295,-0.0197471,-1.62529
0.473751,-0.253674,0.0321029;-1.57071,-0.0184928,-1.62558
0.473797,-0.252873,0.0308764;-1.56826,-0.00201497,-1.60963
0.475524,-0.244085,0.0328907;-1.64509,0.0306985,-1.55494
0.481582,-0.23823,0.0334923;-1.64159,0.00609175,-1.54593
0.483989,-0.237259,0.0326751;-1.62628,-0.0138804,-1.57681
0.475502,-0.25093,0.0346512;-1.58836,-0.0203942,-1.6425
0.472124,-0.254522,0.0337558;-1.57633,-0.00762771,-1.64299
0.471943,-0.254465,0.0322541;-1.58649,-0.0114913,-1.61908
0.469206,-0.249244,0.034146;-1.67263,0.0477145,-1.55649
0.473566,-0.24482,0.0336089;-1.65982,0.0177833,-1.55826
0.479048,-0.240332,0.0322375;-1.63969,-0.0186071,-1.58406
0.474951,-0.249096,0.036241;-1.58407,-0.00575063,-1.65828
0.469981,-0.255374,0.0352269;-1.58482,-0.00476577,-1.65452
0.469293,-0.256428,0.0338062;-1.59766,-0.00567862,-1.63169
0.466771,-0.254502,0.0350562;-1.69583,0.0128582,-1.5664
0.469353,-0.249661,0.033959;-1.68244,0.0238279,-1.56948
0.474507,-0.245294,0.0331652;-1.66001,-0.00283057,-1.57931
0.475998,-0.247549,0.0361129;-1.58612,-0.0185383,-1.65991
0.47242,-0.25217,0.0365007;-1.59449,0.000517964,-1.66145
0.470535,-0.255655,0.0352009;-1.59255,-0.000854641,-1.65329
0.469603,-0.25192,0.0366223;-1.71308,0.0104823,-1.55941
0.468307,-0.249268,0.0378567;-1.7207,0.0267954,-1.54281
0.47256,-0.245601,0.0359415;-1.68114,0.000867486,-1.55529
0.479278,-0.241819,0.0348613;-1.61049,-0.0113335,-1.64546
0.476475,-0.245581,0.0375217;-1.58852,-0.00188857,-1.67089
0.471637,-0.248124,0.0369157;-1.58733,0.0285129,-1.66747
0.471704,-0.245838,0.0363653;-1.7285,0.00647248,-1.57341
0.469634,-0.244771,0.0379066;-1.73419,0.0269919,-1.5515
0.469282,-0.241884,0.0383175;-1.73372,0.0486263,-1.54472
0.479187,-0.239044,0.0350374;-1.64199,-0.0229288,-1.62161
0.477825,-0.242119,0.0367777;-1.58935,-0.0210353,-1.66595
0.472361,-0.246481,0.0373236;-1.59809,0.00656335,-1.66862
0.470703,-0.245846,0.0363653;-1.6921,0.0275793,-1.59565
0.470057,-0.244749,0.0367797;-1.73637,0.0287611,-1.5673
0.467552,-0.242708,0.0384304;-1.74638,0.0653677,-1.5478
0.477856,-0.239355,0.0349953;-1.66575,-0.0153872,-1.60674
0.479118,-0.241335,0.0358176;-1.60408,-0.0412323,-1.65272
0.476693,-0.246472,0.0374504;-1.60069,-0.0514989,-1.67049
0.472025,-0.247077,0.0359966;-1.67388,0.00121674,-1.60589
0.471206,-0.245156,0.0364157;-1.72555,0.0141992,-1.56886
0.468176,-0.243593,0.0377927;-1.7323,0.0460563,-1.55087
0.47538,-0.241345,0.0346766;-1.67327,0.000745505,-1.59326
0.477044,-0.242644,0.0350254;-1.5963,-0.0274084,-1.65081
0.47689,-0.244606,0.036962;-1.59209,-0.051093,-1.66742
0.474981,-0.247494,0.0355246;-1.67635,-0.0424119,-1.60346
0.473669,-0.24678,0.0358086;-1.70957,-0.0318859,-1.57356
0.47133,-0.245363,0.0378187;-1.72389,-0.0039343,-1.55163
0.475161,-0.243387,0.0358431;-1.6626,-0.00540954,-1.57786
0.478002,-0.242756,0.0336871;-1.61423,-0.035248,-1.62453
0.478813,-0.242942,0.035764;-1.59308,-0.0576547,-1.65572
0.474443,-0.249014,0.0346821;-1.62434,-0.0826268,-1.62853
0.473302,-0.247926,0.0341772;-1.68583,-0.0640063,-1.58099
0.471222,-0.246739,0.0354206;-1.68906,-0.0402821,-1.56307
0.472403,-0.242975,0.0351757;-1.6639,-0.00474052,-1.55516
0.474725,-0.242357,0.0352338;-1.61758,-0.0190721,-1.60009
0.476376,-0.242862,0.0330289;-1.58377,-0.0546916,-1.63659
0.475975,-0.246805,0.0339239;-1.58993,-0.116197,-1.63812
0.474395,-0.247518,0.0326636;-1.64615,-0.109751,-1.59569
0.472453,-0.24791,0.0329551;-1.66464,-0.0974443,-1.58152
0.468417,-0.245822,0.0338991;-1.66882,-0.0216447,-1.56494
0.471711,-0.244044,0.0334905;-1.62505,-0.0178958,-1.57018
0.473599,-0.242869,0.031433;-1.59404,-0.0256074,-1.61497
0.476338,-0.24369,0.0324157;-1.58543,-0.108792,-1.62315
0.475611,-0.244402,0.0317176;-1.58991,-0.106444,-1.61324
0.473675,-0.245346,0.031221;-1.63309,-0.0950176,-1.5803
0.468734,-0.245113,0.0341796;-1.6529,-0.0568034,-1.55092
0.472011,-0.243293,0.0335853;-1.63126,-0.0556344,-1.54563
0.473618,-0.241303,0.030129;-1.60387,-0.0405482,-1.58363
0.475851,-0.239818,0.0312566;-1.57582,-0.0642437,-1.61204
0.476504,-0.24204,0.0314718;-1.57232,-0.0929304,-1.61654
0.475997,-0.242701,0.029481;-1.59634,-0.0928493,-1.57844
0.471299,-0.243034,0.0356777;-1.6259,-0.0696894,-1.51138
0.473634,-0.245161,0.0334565;-1.61478,-0.0982385,-1.53495
0.474596,-0.244858,0.0290909;-1.59125,-0.0866185,-1.57707
0.47451,-0.244429,0.0296726;-1.57462,-0.08275,-1.59276
0.475601,-0.243459,0.0293431;-1.57513,-0.110453,-1.58886
0.475688,-0.244581,0.0288177;-1.5708,-0.127085,-1.58208
0.475688,-0.244581,0.0288177;-1.5708,-0.127085,-1.58208
0.474084,-0.245955,0.0306695;-1.58565,-0.127697,-1.54103
0.474084,-0.245955,0.0306695;-1.58565,-0.127697,-1.54103
