0.5,-0.3,0.06;-1.57,-2.98023e-08,-1.57
0.5,-0.3,0.06;-1.57,-2.98023e-08,-1.57
0.5,-0.3,0.06;-1.57,-2.98023e-08,-1.57
0.501501,-0.289685,0.0302152;-1.57704,-0.273706,-1.5999
0.501653,-0.289362,0.0289785;-1.57271,-0.224902,-1.58857
0.500417,-0.286409,0.0293332;-1.57222,-0.0494412,-1.56324
0.497469,-0.277142,0.033356;-1.64553,0.0572332,-1.54673
0.501792,-0.27967,0.0293418;-1.57114,-0.170092,-1.59215
0.503839,-0.271828,0.0295968;-1.58871,-0.29134,-1.59063
0.506629,-0.267153,0.0292442;-1.59298,-0.366403,-1.59051
0.504477,-0.2707,0.0288827;-1.56999,-0.244158,-1.58556
0.504126,-0.266918,0.0297767;-1.57145,-0.0798411,-1.55405
0.500115,-0.259067,0.0329347;-1.60804,0.0645395,-1.52351
0.50176,-0.26807,0.0297723;-1.56968,0.0562665,-1.55317
0.502018,-0.273717,0.0289018;-1.56961,-0.0380759,-1.58623
0.500863,-0.271184,0.0292018;-1.57544,-0.116456,-1.58587
0.500945,-0.270853,0.0289238;-1.57055,-0.111851,-1.58723
0.502596,-0.27236,0.0288298;-1.56788,0.0326039,-1.57015
0.502169,-0.26905,0.0306393;-1.57285,0.146671,-1.54217
0.50023,-0.265979,0.0325724;-1.59457,0.2675,-1.52117
0.502897,-0.273591,0.0293142;-1.56602,0.17027,-1.56474
0.501972,-0.27363,0.0289912;-1.56816,0.0855651,-1.58824
0.500876,-0.268237,0.0288817;-1.56981,-0.0580051,-1.585
0.500992,-0.267691,0.0288676;-1.57148,-0.063288,-1.5841
0.5015,-0.264534,0.0290849;-1.5699,-0.0452332,-1.56539
0.501466,-0.255374,0.0305329;-1.57891,0.0314282,-1.5457
0.50357,-0.254132,0.0286248;-1.56887,0.00538197,-1.57129
0.503898,-0.252621,0.0290213;-1.58003,-0.10221,-1.58361
0.505273,-0.249965,0.0290453;-1.58112,-0.188128,-1.58487
0.505625,-0.249932,0.0288157;-1.57111,-0.199506,-1.58153
0.503833,-0.244716,0.0300149;-1.57691,-0.107042,-1.5503
0.50002,-0.238937,0.032336;-1.60601,2.30074e-05,-1.5307
0.500038,-0.240896,0.032018;-1.60205,0.0248092,-1.5352
0.501405,-0.245619,0.0288446;-1.5709,-0.0710583,-1.58353
0.502118,-0.245163,0.0288687;-1.57242,-0.132509,-1.58305
0.502214,-0.245929,0.0288495;-1.57236,-0.14392,-1.58252
0.502211,-0.245455,0.028769;-1.57978,-0.123609,-1.57174
0.499581,-0.240392,0.0311494;-1.59056,-0.0316044,-1.53917
0.497792,-0.240522,0.0321181;-1.60629,0.026609,-1.53038
0.500115,-0.244234,0.0288802;-1.56806,-0.0502327,-1.58246
0.499293,-0.245101,0.0290342;-1.58169,-0.065865,-1.58258
0.498938,-0.247457,0.0289434;-1.57534,-0.0834566,-1.58388
0.498215,-0.250245,0.028799;-1.57494,-0.0408762,-1.57745
0.496418,-0.248372,0.0293777;-1.57129,0.0364459,-1.55975
0.492826,-0.248115,0.032181;-1.59108,0.136894,-1.52789
0.494701,-0.253174,0.0288706;-1.56575,0.142172,-1.58046
0.493978,-0.255786,0.0289668;-1.56674,0.124776,-1.5858
0.493721,-0.256673,0.0289207;-1.57332,0.0663078,-1.58451
0.493784,-0.25649,0.0288863;-1.57262,0.0585336,-1.58422
0.495553,-0.251433,0.029021;-1.57018,0.0361659,-1.56629
0.493586,-0.246899,0.0313034;-1.59241,0.0883012,-1.54013
0.498627,-0.247121,0.0286548;-1.57115,-0.0184265,-1.57487
0.497894,-0.245601,0.0288604;-1.5699,-0.0997125,-1.5833
0.498251,-0.245173,0.028925;-1.5747,-0.132155,-1.58384
0.497825,-0.247192,0.0286655;-1.57108,-0.0215204,-1.57455
0.497832,-0.244242,0.0293172;-1.57269,0.0134496,-1.55676
0.497276,-0.240111,0.0315631;-1.5833,0.0401021,-1.52826
0.503117,-0.239821,0.0289486;-1.57153,-0.0501156,-1.56519
0.503215,-0.240835,0.0288867;-1.57089,-0.0666823,-1.5858
0.503279,-0.243177,0.0292395;-1.57891,-0.0956526,-1.58563
0.502492,-0.245436,0.0290475;-1.57371,-0.0614451,-1.59005
0.502023,-0.245094,0.0288996;-1.58125,-0.0373122,-1.57603
0.501405,-0.241082,0.0297479;-1.57661,0.00111491,-1.55263
0.504773,-0.237499,0.0301316;-1.58185,-0.0203012,-1.55031
0.507116,-0.239172,0.0287565;-1.57873,-0.053952,-1.57239
0.507235,-0.240864,0.0289552;-1.57576,-0.0888136,-1.58426
0.505708,-0.246294,0.0297857;-1.57367,-0.0558204,-1.59496
0.504069,-0.252329,0.0290605;-1.57618,0.0180226,-1.58852
0.502695,-0.253263,0.028965;-1.57436,0.111952,-1.57219
0.499589,-0.250113,0.0321279;-1.60929,0.216658,-1.54055
0.501955,-0.253658,0.0319902;-1.59913,0.193653,-1.57134
0.502927,-0.255369,0.029682;-1.56568,0.128991,-1.59853
0.501197,-0.265147,0.030905;-1.5727,0.0417668,-1.60902
0.500449,-0.269285,0.0307058;-1.56958,0.0811682,-1.60925
0.50029,-0.272448,0.030161;-1.5589,0.178314,-1.59486
0.501649,-0.252994,0.0324977;-1.62107,0.264818,-1.53692
0.508501,-0.245294,0.0358525;-1.55686,0.158449,-1.56771
0.514966,-0.242241,0.0294548;-1.57693,0.0253341,-1.5885
0.517273,-0.243569,0.0315413;-1.59015,-0.0909129,-1.611
0.516226,-0.246347,0.0313075;-1.57164,-0.0596736,-1.61614
0.512062,-0.252779,0.0301931;-1.5686,0.0644425,-1.60028
0.505834,-0.248341,0.0345799;-1.69271,0.255752,-1.53999
0.511185,-0.24363,0.0336072;-1.66117,0.167114,-1.55381
0.517628,-0.240336,0.0309568;-1.6116,0.0424636,-1.58816
0.519579,-0.247697,0.0325076;-1.59112,-0.110467,-1.62151
0.517291,-0.251552,0.0320825;-1.57015,-0.0499382,-1.62544
0.513122,-0.257956,0.0310714;-1.56422,0.0743409,-1.6136
0.504922,-0.253268,0.0360371;-1.7259,0.336895,-1.52654
0.509523,-0.2522,0.037161;-1.63176,0.261551,-1.57261
0.51583,-0.248067,0.0327205;-1.62643,0.158661,-1.58899
0.521301,-0.251962,0.0331121;-1.5895,-0.0588372,-1.62806
0.5184,-0.25909,0.0326978;-1.57032,0.0177426,-1.63459
0.516968,-0.263135,0.0318978;-1.56525,0.0665341,-1.62392
0.51418,-0.267919,0.0416459;-1.34073,0.3229,-1.61386
0.516511,-0.269042,0.0415878;-1.30239,0.320398,-1.64203
0.517714,-0.263482,0.0396222;-1.36285,0.30101,-1.63536
0.526354,-0.255146,0.0349949;-1.52726,0.0926958,-1.63676
0.528538,-0.261181,0.0326668;-1.57298,-0.0660294,-1.62544
0.52971,-0.262108,0.0321329;-1.56888,-0.023252,-1.62631
0.531878,-0.259741,0.0322248;-1.54955,0.0992582,-1.61886
0.525945,-0.252708,0.0387886;-1.66219,0.320794,-1.54538
0.530443,-0.250318,0.0359808;-1.59233,0.262708,-1.59845
0.537322,-0.244918,0.0320568;-1.5634,0.129653,-1.63015
0.544774,-0.254513,0.0346615;-1.5749,-0.14763,-1.64745
0.544428,-0.256676,0.0332712;-1.57215,-0.116022,-1.63994
0.541319,-0.257802,0.0323858;-1.55857,0.0144663,-1.62457
0.530955,-0.249972,0.03774;-1.75089,0.287081,-1.52387
0.534575,-0.248535,0.0360112;-1.70239,0.245509,-1.56524
0.541031,-0.246126,0.0327941;-1.59825,0.133879,-1.6125
0.546323,-0.251686,0.0344238;-1.57497,-0.104484,-1.64301
0.548705,-0.253848,0.0340261;-1.57262,-0.13446,-1.64606
0.547315,-0.253219,0.0319115;-1.56501,-0.047171,-1.62255
0.539665,-0.24484,0.036243;-1.71489,0.209826,-1.53181
0.538068,-0.249355,0.03708;-1.67574,0.256674,-1.55295
0.542168,-0.250838,0.0336692;-1.62432,0.211689,-1.59794
0.546649,-0.253314,0.0337761;-1.56015,-0.00890249,-1.63359
0.549142,-0.255552,0.0326556;-1.58034,-0.0803281,-1.62739
0.548692,-0.25658,0.0315205;-1.56861,-0.0621103,-1.61772
0.539313,-0.26063,0.0387981;-1.49047,0.242531,-1.57683
0.538812,-0.2577,0.0407658;-1.48095,0.358424,-1.57625
0.541533,-0.263153,0.03619;-1.42103,0.339311,-1.62474
0.54798,-0.254808,0.0324431;-1.57299,0.134903,-1.62653
0.554181,-0.254161,0.0326065;-1.56337,-0.0264275,-1.62284
0.55592,-0.253736,0.0311486;-1.57254,-0.0560979,-1.6143
0.548319,-0.252358,0.032581;-1.56794,0.122012,-1.56947
0.544636,-0.246612,0.0359642;-1.61613,0.227103,-1.53576
0.542592,-0.251673,0.036054;-1.54289,0.2806,-1.56601
0.549,-0.247752,0.0308226;-1.56962,0.113854,-1.61048
0.550401,-0.247508,0.031604;-1.5619,-0.0170234,-1.61206
0.552024,-0.250017,0.0321072;-1.56732,-0.0839845,-1.62166
0.552533,-0.246131,0.0330787;-1.51871,-0.0256534,-1.58737
0.547699,-0.237931,0.033008;-1.62563,0.0991891,-1.53302
0.542655,-0.244093,0.0337726;-1.63174,0.189812,-1.52333
0.547389,-0.245169,0.0291263;-1.56911,0.0942328,-1.59216
0.547867,-0.245385,0.0304568;-1.57023,0.0217018,-1.59961
0.549644,-0.24957,0.0314895;-1.56047,-0.0752837,-1.60936
0.550171,-0.247739,0.0315387;-1.53497,-0.0464348,-1.59179
0.54732,-0.240325,0.0325748;-1.534,0.05095,-1.55015
0.54151,-0.24078,0.0349851;-1.60958,0.135938,-1.50322
0.543969,-0.245707,0.0288485;-1.57112,0.0877985,-1.58393
0.543503,-0.244735,0.0289952;-1.57094,0.0150034,-1.58622
0.544245,-0.247549,0.029798;-1.56558,-0.0446459,-1.59096
0.544732,-0.247506,0.0287204;-1.57037,-0.022228,-1.57757
0.543436,-0.24274,0.0297577;-1.57043,0.0779918,-1.54864
0.537423,-0.243502,0.0317901;-1.59277,0.175736,-1.52531
0.534967,-0.251993,0.0288151;-1.56463,0.196294,-1.5669
0.534349,-0.251559,0.0289109;-1.57117,0.144996,-1.58585
0.53349,-0.254336,0.0291387;-1.56378,0.114669,-1.58259
0.533953,-0.255379,0.0289608;-1.55479,0.0843993,-1.57422
0.533925,-0.251247,0.0294693;-1.56526,0.134079,-1.55346
0.532256,-0.244984,0.0321309;-1.58255,0.196738,-1.51742
0.532847,-0.248812,0.0302371;-1.56612,0.17234,-1.54386
0.53169,-0.249303,0.0287243;-1.57043,0.100062,-1.57751
0.532169,-0.24761,0.0287709;-1.57012,0.0108685,-1.57975
0.533601,-0.248073,0.0287139;-1.57067,-0.0346163,-1.57712
0.534136,-0.246384,0.0290268;-1.55696,-0.00205434,-1.5635
0.53339,-0.236508,0.0309611;-1.5814,0.0700189,-1.53382
0.53389,-0.237827,0.0315501;-1.57856,0.0843447,-1.52501
0.535231,-0.239879,0.0287301;-1.5696,0.0562918,-1.56488
0.534534,-0.240722,0.0288212;-1.5708,0.019633,-1.58243
0.534682,-0.241305,0.0288014;-1.57069,-0.0427271,-1.58132
0.534605,-0.243254,0.0286498;-1.56714,0.00466381,-1.57053
0.533955,-0.24015,0.0290478;-1.56816,0.0636774,-1.55837
0.53483,-0.237807,0.0314354;-1.58555,0.0964958,-1.5282
0.537777,-0.241172,0.0305523;-1.56317,0.0464216,-1.54196
0.537922,-0.244609,0.0287922;-1.56917,-0.00707602,-1.57954
0.536985,-0.24547,0.0288079;-1.56554,-0.0673386,-1.57604
0.536849,-0.24733,0.0286846;-1.57063,0.00338516,-1.57585
0.53621,-0.246909,0.0288337;-1.56664,0.104785,-1.56258
0.532615,-0.243235,0.0326942;-1.58958,0.175026,-1.51178
0.535138,-0.244896,0.0313787;-1.58329,0.152645,-1.52935
0.536283,-0.251612,0.0285868;-1.57011,0.0616982,-1.57124
0.534051,-0.256859,0.0289866;-1.56049,0.0352436,-1.58016
0.533714,-0.260096,0.0288146;-1.56832,0.0805273,-1.58075
0.534626,-0.261306,0.0287573;-1.5621,0.157415,-1.56988
0.535456,-0.246747,0.0325579;-1.58897,0.224306,-1.51099
0.539225,-0.246099,0.0325661;-1.55534,0.197942,-1.52301
0.543608,-0.247362,0.0286774;-1.56899,0.117351,-1.56822
0.541873,-0.246763,0.0290191;-1.55598,-0.0401119,-1.57635
0.541919,-0.246976,0.0289045;-1.56731,-0.0455761,-1.58284
0.542411,-0.247072,0.0287078;-1.56743,-0.00232849,-1.56754
0.542411,-0.247072,0.0287078;-1.56743,-0.00232849,-1.56754
0.540901,-0.241641,0.0304235;-1.57282,0.106233,-1.54023
0.540901,-0.241641,0.0304235;-1.57282,0.106233,-1.54023
