0.5,-0.3,0.06;-1.57,-2.98023e-08,-1.57
0.5,-0.3,0.06;-1.57,-2.98023e-08,-1.57
0.5,-0.3,0.06;-1.57,-2.98023e-08,-1.57
0.500903,-0.296313,0.0289558;-1.57518,-0.254668,-1.58537
0.501593,-0.296912,0.0286711;-1.5688,-0.184065,-1.57344
0.501835,-0.28892,0.0304153;-1.56268,-0.0519313,-1.54478
0.499219,-0.284881,0.0313822;-1.57985,0.0540442,-1.52686
0.500852,-0.291191,0.0287543;-1.57366,-0.140491,-1.5813
0.501523,-0.289119,0.0287086;-1.57337,-0.241305,-1.57501
0.503139,-0.285892,0.0287467;-1.5774,-0.350726,-1.57484
0.504028,-0.284683,0.0286136;-1.56948,-0.302832,-1.57139
0.503796,-0.277458,0.0305254;-1.56839,-0.138464,-1.54087
0.498847,-0.269017,0.0331475;-1.57998,0.0226423,-1.50686
0.502095,-0.283397,0.0304945;-1.56824,0.0130003,-1.54083
0.50177,-0.288438,0.028619;-1.56888,-0.0978208,-1.57059
0.500967,-0.287247,0.0286919;-1.57432,-0.197458,-1.57336
0.501003,-0.285421,0.0285792;-1.57085,-0.237344,-1.57074
0.502691,-0.278277,0.0299141;-1.55971,-0.146737,-1.54944
0.500932,-0.262044,0.0332162;-1.57384,0.0081555,-1.51148
0.499835,-0.265594,0.0332598;-1.5697,0.141386,-1.51291
0.502789,-0.277683,0.0297372;-1.56315,0.0773184,-1.55391
0.500761,-0.280433,0.0286537;-1.57035,-0.0751051,-1.57424
0.501184,-0.276498,0.0286748;-1.57182,-0.251464,-1.57449
0.502041,-0.277109,0.0286731;-1.56623,-0.148227,-1.56994
0.504798,-0.267524,0.0304486;-1.5528,-0.0179163,-1.54196
0.506247,-0.250172,0.0310931;-1.57116,0.0577216,-1.53288
0.509314,-0.250956,0.0294868;-1.5998,0.00803554,-1.57208
0.512684,-0.248308,0.0294838;-1.59029,-0.14093,-1.58659
0.51308,-0.249483,0.0294423;-1.59052,-0.15372,-1.58673
0.512784,-0.250591,0.0292428;-1.58926,-0.140191,-1.58703
0.507371,-0.246572,0.0323761;-1.64468,0.0615865,-1.55999
0.50496,-0.243006,0.0351096;-1.68493,0.156895,-1.54126
0.506596,-0.244818,0.035552;-1.69881,0.16168,-1.54612
0.510594,-0.247993,0.0315353;-1.57742,0.0483135,-1.61436
0.514985,-0.245615,0.0327348;-1.59577,-0.101282,-1.62265
0.517434,-0.245327,0.0325927;-1.59265,-0.15792,-1.62434
0.516643,-0.24292,0.0330361;-1.66956,-0.0744375,-1.57675
0.512399,-0.236573,0.0348827;-1.68773,0.0402323,-1.55781
0.509805,-0.237911,0.0371108;-1.73017,0.102296,-1.54656
0.50409,-0.260132,0.030952;-1.56286,0.200793,-1.61811
0.503907,-0.264746,0.0333384;-1.59123,0.108477,-1.6275
0.506162,-0.263901,0.0326979;-1.59255,-0.0244,-1.62325
0.514633,-0.245272,0.0304014;-1.61681,-0.138154,-1.57774
0.512323,-0.23748,0.0323388;-1.63898,-0.0615842,-1.56214
0.507388,-0.232806,0.0349346;-1.66721,0.0265681,-1.54273
0.507206,-0.244708,0.0297391;-1.6077,0.0524305,-1.57725
0.503848,-0.255581,0.0291417;-1.58171,0.111321,-1.58604
0.501638,-0.265655,0.0290577;-1.57909,0.0539984,-1.58485
0.502286,-0.262409,0.028693;-1.56996,-0.0267299,-1.57553
0.503702,-0.250934,0.0298593;-1.56012,-0.00719279,-1.55056
0.50255,-0.239575,0.0318595;-1.57553,0.035216,-1.52049
0.503841,-0.243707,0.02898;-1.55675,0.00182891,-1.56555
0.503366,-0.245275,0.0288739;-1.5601,0.0140341,-1.57457
0.502621,-0.24928,0.0287127;-1.56793,-0.0052489,-1.57437
0.501628,-0.249384,0.0288569;-1.56202,-0.092706,-1.56525
0.501372,-0.244024,0.0298158;-1.56707,-0.0685864,-1.55025
0.499654,-0.237108,0.0322874;-1.57393,-0.0147098,-1.51652
0.50134,-0.237686,0.0315525;-1.5467,-0.0192818,-1.5383
0.501112,-0.240874,0.0287035;-1.57019,-0.0324707,-1.57641
0.50085,-0.24304,0.0287221;-1.57075,-0.0257066,-1.57758
0.500215,-0.244048,0.0286469;-1.57018,-0.0962607,-1.57334
0.500232,-0.242808,0.0287822;-1.56406,-0.066415,-1.56662
0.499254,-0.237265,0.0309071;-1.57085,-0.0214835,-1.53483
0.499065,-0.234482,0.0307424;-1.5743,0.00727985,-1.53706
0.500027,-0.23846,0.0286682;-1.57089,-0.0372752,-1.56664
0.499565,-0.239888,0.0288545;-1.56467,-0.05765,-1.57755
0.499243,-0.243261,0.0288557;-1.5668,-0.0552953,-1.57985
0.499389,-0.243289,0.0286429;-1.56905,-0.0354433,-1.57294
0.499287,-0.239089,0.0292224;-1.565,-0.00456058,-1.55968
0.497264,-0.234127,0.0312963;-1.5754,0.0479196,-1.52784
0.49848,-0.236658,0.0310026;-1.5756,0.0507017,-1.53482
0.498607,-0.240516,0.028713;-1.57069,0.0300446,-1.57705
0.49807,-0.247855,0.0290279;-1.57756,-0.0593182,-1.586
0.498681,-0.24475,0.028971;-1.57154,-0.0929582,-1.58837
0.498911,-0.24103,0.028835;-1.56344,-0.077736,-1.57554
0.494025,-0.23196,0.0334443;-1.62732,0.00397662,-1.52957
0.495881,-0.233606,0.0351438;-1.6574,-0.00915033,-1.53582
0.495432,-0.23765,0.031202;-1.63362,-0.0180222,-1.57566
0.48404,-0.266084,0.0325193;-1.59508,0.103255,-1.61508
0.482174,-0.271974,0.0319304;-1.57055,0.12864,-1.62391
0.48193,-0.272367,0.0310041;-1.56952,0.141348,-1.61405
0.487765,-0.24755,0.0360087;-1.70346,0.0976931,-1.54271
0.495729,-0.237425,0.035891;-1.71408,0.00150791,-1.5657
0.500428,-0.237059,0.0335521;-1.67796,-0.0666072,-1.58893
0.49379,-0.252134,0.0348978;-1.61191,-0.00195849,-1.63627
0.491076,-0.259851,0.0337848;-1.58356,0.044494,-1.63985
0.487665,-0.267272,0.0332946;-1.59865,0.101675,-1.62321
0.488422,-0.25343,0.0367843;-1.71938,0.149198,-1.55184
0.494542,-0.243521,0.0384808;-1.77164,0.0880256,-1.55769
0.49657,-0.242627,0.0360599;-1.68579,0.0518146,-1.59608
0.497058,-0.253159,0.0353825;-1.59518,-0.0395033,-1.64972
0.498373,-0.252158,0.0337221;-1.59666,-0.0596897,-1.63966
0.498628,-0.254341,0.0343402;-1.63964,-0.0603778,-1.61614
0.495053,-0.250328,0.0341783;-1.66857,0.0946783,-1.56262
0.496986,-0.245001,0.0354105;-1.67352,0.101436,-1.57309
0.497362,-0.243756,0.0341479;-1.65819,0.109744,-1.5815
0.501256,-0.246077,0.0331076;-1.5701,-0.014199,-1.63167
0.498856,-0.256241,0.0328329;-1.58081,-0.082188,-1.6274
0.499821,-0.257088,0.0316013;-1.5684,-0.0579712,-1.6196
0.500512,-0.257536,0.0306217;-1.56244,0.0295921,-1.60127
0.499091,-0.242168,0.0347431;-1.53083,0.141236,-1.55781
0.502554,-0.241562,0.0350005;-1.45446,0.104805,-1.58545
0.503996,-0.242353,0.0360489;-1.43745,0.080725,-1.59778
0.503051,-0.249124,0.0353604;-1.46641,0.069409,-1.60221
0.503302,-0.252416,0.0341618;-1.4786,0.0494461,-1.59586
0.502946,-0.255813,0.0345214;-1.45874,0.0728951,-1.58972
0.498725,-0.250336,0.037351;-1.47545,0.178325,-1.55693
0.502294,-0.247613,0.0410385;-1.38351,0.141859,-1.58816
0.505625,-0.24371,0.0402041;-1.35592,0.0801865,-1.60358
0.506735,-0.241657,0.0382192;-1.41618,0.00967431,-1.59792
0.505624,-0.247774,0.0381693;-1.41021,0.0307704,-1.59976
0.504992,-0.25578,0.0381082;-1.39565,0.0496709,-1.59681
0.500638,-0.251697,0.038243;-1.43884,0.156033,-1.56108
0.503623,-0.250496,0.0417477;-1.34456,0.152401,-1.59683
0.506976,-0.24675,0.0419611;-1.31709,0.0935146,-1.61013
0.509305,-0.242793,0.0430316;-1.35817,-0.0113873,-1.61707
0.509123,-0.246712,0.0425092;-1.36883,-0.0137551,-1.61793
0.508946,-0.252227,0.0403175;-1.37621,-0.0164746,-1.60227
0.508406,-0.25549,0.042823;-1.30866,0.163162,-1.59176
0.510214,-0.251238,0.0452993;-1.27681,0.207926,-1.59315
0.510688,-0.251303,0.0452983;-1.2343,0.183559,-1.61649
0.513963,-0.238372,0.0467172;-1.27145,0.00438215,-1.61578
0.514844,-0.238894,0.0481546;-1.32103,-0.0459704,-1.65117
0.515628,-0.24089,0.0480157;-1.34,-0.0664184,-1.66118
0.509424,-0.246798,0.042305;-1.37466,0.0895034,-1.61041
0.504675,-0.249261,0.0447597;-1.40782,0.2045,-1.58846
0.504693,-0.253061,0.0453356;-1.34862,0.245383,-1.61937
0.506198,-0.253664,0.0454156;-1.27536,0.201957,-1.66901
0.507554,-0.248744,0.0450173;-1.34451,0.136897,-1.67194
0.510421,-0.247012,0.0441842;-1.39399,0.0428436,-1.6652
0.510753,-0.24766,0.0446178;-1.36315,0.0245612,-1.64816
0.508262,-0.242929,0.0457391;-1.4608,0.0645847,-1.60054
0.508654,-0.239522,0.0494215;-1.51402,0.107599,-1.58439
0.509535,-0.24532,0.0455084;-1.43582,0.0953305,-1.64683
0.507732,-0.252409,0.0366524;-1.57418,0.0579673,-1.67125
0.506258,-0.258692,0.0375383;-1.56568,0.0304802,-1.67688
0.507612,-0.251884,0.0344538;-1.56122,0.00981272,-1.65545
0.50862,-0.244103,0.0356392;-1.64665,0.03672,-1.60936
0.507656,-0.236459,0.0374721;-1.7311,0.0744004,-1.57185
0.510145,-0.238187,0.0356833;-1.63578,0.0645311,-1.62181
0.510494,-0.243102,0.0341319;-1.56428,0.0242901,-1.64702
0.508508,-0.25318,0.0356637;-1.57303,0.00801956,-1.65673
0.507478,-0.25575,0.0324333;-1.56462,0.0168607,-1.63219
0.50355,-0.258111,0.0313458;-1.56752,0.107103,-1.60187
0.500571,-0.253284,0.033757;-1.61497,0.183148,-1.56507
0.506491,-0.24735,0.0329599;-1.51255,0.134804,-1.61097
0.508054,-0.246017,0.0336372;-1.5172,0.0814421,-1.61756
0.508851,-0.245823,0.0340567;-1.52155,0.0257266,-1.61905
0.508917,-0.245345,0.0321939;-1.52127,-0.0332644,-1.59449
0.506322,-0.245074,0.0299467;-1.55277,0.01611,-1.56267
0.502434,-0.245228,0.0314548;-1.57057,0.106796,-1.53522
0.500616,-0.251727,0.0353859;-1.44008,0.214029,-1.59472
0.500223,-0.253139,0.0357661;-1.42177,0.201569,-1.60403
0.501203,-0.25114,0.0359842;-1.43498,0.168228,-1.60483
0.504061,-0.248234,0.0350406;-1.45239,0.0499917,-1.59276
0.504299,-0.246741,0.0350108;-1.4593,0.0212769,-1.58146
0.502027,-0.245422,0.0345161;-1.52845,0.037546,-1.53266
0.496119,-0.247598,0.036478;-1.48926,0.157507,-1.54575
0.4935,-0.254765,0.0372412;-1.39195,0.175139,-1.60098
0.493416,-0.254779,0.0362819;-1.41699,0.166507,-1.59364
0.492937,-0.246917,0.0290267;-1.56292,0.0410967,-1.58512
0.492968,-0.245146,0.0286737;-1.57054,-0.00425298,-1.57493
0.493711,-0.242939,0.0299541;-1.57557,-0.0169192,-1.55121
0.489944,-0.240756,0.0319004;-1.59117,0.0943976,-1.52535
0.487103,-0.246199,0.0325485;-1.53271,0.143924,-1.5535
0.484063,-0.253907,0.0317572;-1.50009,0.180037,-1.58494
0.483731,-0.254374,0.0289884;-1.56009,0.122212,-1.58094
0.483647,-0.254281,0.0290088;-1.55753,0.0864739,-1.57906
0.484149,-0.253681,0.0286405;-1.57334,0.0475319,-1.57006
0.483141,-0.246836,0.0316769;-1.58623,0.0678123,-1.52318
0.485276,-0.244817,0.0313317;-1.57519,0.0629519,-1.52557
0.48396,-0.247774,0.028792;-1.56289,0.0696462,-1.57412
0.480694,-0.258144,0.028984;-1.57225,0.132065,-1.5835
0.480515,-0.258471,0.0291811;-1.57265,0.135194,-1.58658
0.481008,-0.25734,0.0289432;-1.5765,0.104969,-1.58215
0.4788,-0.254382,0.032122;-1.62892,0.142237,-1.54605
0.482382,-0.249137,0.0331565;-1.64672,0.126138,-1.54885
0.484527,-0.247066,0.0301553;-1.60075,0.091477,-1.58122
0.486903,-0.246388,0.0311457;-1.57968,-0.00166732,-1.60878
0.490441,-0.240666,0.0306156;-1.58758,-0.0755488,-1.60245
0.490225,-0.241328,0.0301427;-1.61171,-0.0780988,-1.582
0.490225,-0.241328,0.0301427;-1.61171,-0.0780988,-1.582
0.489292,-0.240017,0.0331442;-1.67029,-0.0681711,-1.57587
0.489292,-0.240017,0.0331442;-1.67029,-0.0681711,-1.57587
