0.5,-0.3,0.06;-1.57,-2.98023e-08,-1.57
0.5,-0.3,0.06;-1.57,-2.98023e-08,-1.57
0.5,-0.3,0.06;-1.57,-2.98023e-08,-1.57
0.499263,-0.296209,0.02885;-1.57086,-0.234346,-1.58471
0.499176,-0.296259,0.0289424;-1.57001,-0.205487,-1.58848
0.499375,-0.286356,0.0295494;-1.56931,-0.0761926,-1.56348
0.495645,-0.271624,0.0345537;-1.68352,0.0765049,-1.56749
0.50283,-0.276216,0.0315485;-1.56811,-0.0614638,-1.61987
0.500722,-0.278378,0.0317912;-1.57775,-0.143741,-1.61438
0.499451,-0.278288,0.029931;-1.57678,-0.194941,-1.59613
0.500265,-0.276975,0.0287915;-1.5679,-0.179007,-1.57856
0.503563,-0.269375,0.0299797;-1.55934,-0.0824266,-1.55581
0.503852,-0.259004,0.0318864;-1.57585,0.0336955,-1.52132
0.508143,-0.247451,0.0333595;-1.553,0.043501,-1.56304
0.511716,-0.249933,0.0306944;-1.565,-0.023857,-1.60996
0.512409,-0.247251,0.0329351;-1.57264,-0.109967,-1.63387
0.512725,-0.249519,0.029859;-1.56863,-0.126096,-1.59796
0.513034,-0.249904,0.0290136;-1.56111,-0.0481029,-1.57038
0.512565,-0.244126,0.0308449;-1.57374,0.0238748,-1.54043
0.513125,-0.233838,0.032247;-1.59496,0.0457645,-1.52871
0.516698,-0.233395,0.0299515;-1.56727,0.00122955,-1.55188
0.518386,-0.235168,0.0287313;-1.57122,-0.038574,-1.582
0.519327,-0.247275,0.032234;-1.5733,-0.160494,-1.62534
0.516776,-0.251716,0.0305532;-1.56583,-0.118965,-1.60618
0.510818,-0.256877,0.0295404;-1.55413,-0.0194513,-1.56501
0.509463,-0.254693,0.0310865;-1.55361,0.0890284,-1.54336
0.51045,-0.253475,0.0309729;-1.5388,0.102206,-1.55606
0.510286,-0.255314,0.029236;-1.55253,-0.00396274,-1.57302
0.50937,-0.262658,0.0288813;-1.57336,-0.139286,-1.58327
0.509477,-0.263022,0.0300486;-1.57192,-0.14827,-1.60076
0.504385,-0.270995,0.03261;-1.55354,-0.0310971,-1.56178
0.500241,-0.26913,0.0371885;-1.53352,0.0970128,-1.52764
0.502727,-0.261103,0.0328312;-1.54036,0.125535,-1.52749
0.50093,-0.263423,0.0331339;-1.47276,0.128916,-1.58323
0.498385,-0.269924,0.0301637;-1.53022,0.0515881,-1.56892
0.495992,-0.276054,0.0314298;-1.50949,0.00214651,-1.57167
0.496285,-0.277617,0.0291524;-1.56132,0.0933134,-1.57052
0.495629,-0.27677,0.0351612;-1.4785,0.116767,-1.56618
0.497736,-0.2677,0.0390291;-1.46636,0.141696,-1.56504
0.503305,-0.260644,0.0329578;-1.47636,0.0241221,-1.5693
0.501973,-0.261665,0.0302283;-1.52663,-0.0135754,-1.56508
0.498343,-0.26831,0.030873;-1.51427,-0.0360901,-1.56629
0.497459,-0.270908,0.0287832;-1.56495,0.0472919,-1.56628
0.496844,-0.269101,0.0303351;-1.57041,0.104464,-1.54137
0.493474,-0.270281,0.0337502;-1.54972,0.189579,-1.52303
0.499419,-0.266064,0.0316771;-1.54261,0.0798068,-1.60687
0.500398,-0.258809,0.0297996;-1.5685,-0.00803253,-1.59626
0.501241,-0.255286,0.0287694;-1.57031,-0.17636,-1.57997
0.501688,-0.254193,0.0286438;-1.56837,-0.217516,-1.56925
0.500495,-0.251298,0.0303999;-1.57468,-0.156557,-1.54286
0.49726,-0.250573,0.0330492;-1.59465,-0.0775009,-1.51482
0.498001,-0.256043,0.0291191;-1.54777,-0.123351,-1.56677
0.498134,-0.253527,0.0296237;-1.57159,-0.17769,-1.59374
0.498903,-0.254012,0.0313726;-1.57652,-0.179546,-1.6136
0.498996,-0.254789,0.028799;-1.5705,-0.146555,-1.58107
0.498641,-0.252585,0.0298676;-1.56745,-0.111401,-1.54675
0.497383,-0.248534,0.0332541;-1.5982,-0.0792528,-1.51595
0.500956,-0.244237,0.0308195;-1.55271,-0.130676,-1.53827
0.501398,-0.245076,0.0287815;-1.56142,-0.151402,-1.57017
0.501212,-0.245249,0.0289733;-1.57724,-0.157263,-1.58417
0.49969,-0.252708,0.0301987;-1.56707,-0.0884162,-1.60329
0.496209,-0.255139,0.0289895;-1.5834,-0.00845281,-1.57786
0.492109,-0.254008,0.0295031;-1.58132,0.0873145,-1.55679
0.492621,-0.249283,0.0315699;-1.57122,0.0649951,-1.52667
0.494288,-0.252881,0.0288638;-1.56462,-0.039414,-1.56317
0.492795,-0.252325,0.028787;-1.57066,-0.174204,-1.58065
0.492723,-0.251276,0.0288561;-1.57154,-0.230147,-1.58348
0.491176,-0.253665,0.02902;-1.57561,-0.138654,-1.58757
0.488499,-0.255198,0.0294117;-1.59028,-0.0331216,-1.57896
0.482716,-0.255158,0.0315304;-1.60302,0.0848556,-1.54051
0.484963,-0.260343,0.0292598;-1.56645,0.0353656,-1.55401
0.485068,-0.263124,0.0286258;-1.56963,-0.0377024,-1.57215
0.485144,-0.260862,0.0287284;-1.57076,-0.154675,-1.57787
0.485205,-0.260592,0.0286926;-1.57076,-0.126999,-1.57607
0.486047,-0.258813,0.0288097;-1.56469,-0.0612956,-1.56498
0.480288,-0.250203,0.0325846;-1.60316,0.131721,-1.52626
0.482438,-0.249249,0.0323706;-1.59316,0.100231,-1.53723
0.487251,-0.25374,0.0287484;-1.5652,-0.0109923,-1.56842
0.487103,-0.253584,0.028757;-1.57074,-0.136212,-1.5791
0.486224,-0.255629,0.0288152;-1.57072,-0.0709766,-1.58174
0.4866,-0.256244,0.0285797;-1.57076,-0.0383475,-1.57081
0.482114,-0.246472,0.0314326;-1.58468,0.121535,-1.5277
0.485578,-0.242821,0.0316517;-1.58624,0.07665,-1.53041
0.490338,-0.235956,0.0299253;-1.56929,0.0319014,-1.5603
0.493561,-0.239846,0.0299951;-1.56765,-0.0933809,-1.59469
0.49258,-0.242226,0.0288242;-1.56967,-0.103228,-1.58183
0.492085,-0.243392,0.0287284;-1.56686,-0.108803,-1.56691
0.488849,-0.239094,0.0315003;-1.58077,0.0342208,-1.52779
0.488143,-0.237203,0.0316948;-1.56866,0.0842301,-1.52673
0.487112,-0.238396,0.031508;-1.54917,0.0971927,-1.53816
0.488826,-0.236511,0.0292039;-1.57575,-0.0335397,-1.58797
0.488576,-0.239153,0.0297567;-1.5687,-0.073312,-1.59515
0.487423,-0.24422,0.0292731;-1.56843,-0.142199,-1.58956
0.484328,-0.241911,0.0312363;-1.57122,-0.0264678,-1.52862
0.481703,-0.238355,0.0313506;-1.56789,0.0336605,-1.53056
0.479592,-0.237627,0.030884;-1.57492,0.0555046,-1.53282
0.479005,-0.238736,0.0287478;-1.57056,0.0155502,-1.57871
0.478054,-0.243301,0.0294799;-1.57372,-0.0374588,-1.59061
0.477107,-0.248627,0.0291302;-1.57103,-0.00576899,-1.59043
0.476438,-0.24933,0.0289765;-1.57958,0.0225418,-1.58075
0.472977,-0.245362,0.0305305;-1.5776,0.109403,-1.53836
0.473943,-0.245142,0.030546;-1.57485,0.105273,-1.53832
0.475684,-0.24534,0.0304177;-1.54565,0.0878266,-1.55344
0.475037,-0.245679,0.0287773;-1.57029,0.0066969,-1.57982
0.47451,-0.246609,0.0288514;-1.57054,0.00686359,-1.58375
0.474585,-0.247354,0.0289054;-1.57755,0.00966233,-1.57944
0.470174,-0.249386,0.0311778;-1.60329,0.143108,-1.54543
0.470018,-0.248465,0.0301931;-1.58192,0.156517,-1.54798
0.470563,-0.24812,0.0291476;-1.56902,0.144195,-1.5564
0.470242,-0.247836,0.0287443;-1.56586,0.0438109,-1.57388
0.469611,-0.247335,0.0287321;-1.57025,-0.0157871,-1.57798
0.469444,-0.247712,0.02872;-1.56858,-0.0698422,-1.56579
0.468359,-0.243784,0.032621;-1.57969,-0.0036471,-1.50852
0.466307,-0.244109,0.0314749;-1.57205,0.0456611,-1.52694
0.465995,-0.244289,0.031109;-1.51706,0.0679236,-1.56659
0.466714,-0.241746,0.0304271;-1.51999,0.0180884,-1.56891
0.466033,-0.243565,0.0312364;-1.51176,-0.00501489,-1.56885
0.464995,-0.244744,0.0286124;-1.5713,-0.0439545,-1.5692
0.465658,-0.243217,0.0309486;-1.5828,-0.0332811,-1.53636
0.46549,-0.243237,0.0316716;-1.57574,-0.0242986,-1.52164
0.465416,-0.242339,0.030981;-1.56625,-0.0126818,-1.53313
0.469559,-0.23871,0.029529;-1.55799,-0.040692,-1.58477
0.46877,-0.23904,0.0307216;-1.53676,-0.0673372,-1.5812
0.466847,-0.241827,0.0293795;-1.54185,-0.0911454,-1.56762
0.467052,-0.241935,0.0292489;-1.57439,-0.0711603,-1.55651
0.466438,-0.241814,0.0318753;-1.58663,-0.0488961,-1.52406
0.4651,-0.241889,0.0316431;-1.56901,-0.0342018,-1.52446
0.466743,-0.240349,0.0290361;-1.54976,-0.066156,-1.56802
0.466679,-0.240013,0.0289376;-1.56433,-0.083513,-1.58095
0.467033,-0.240913,0.0293182;-1.57294,-0.0931354,-1.58753
0.466429,-0.242512,0.0286078;-1.57099,-0.0409537,-1.5692
0.465618,-0.242965,0.029597;-1.57759,-0.0177938,-1.55345
0.465657,-0.242792,0.0315053;-1.58237,-0.00143927,-1.52603
0.464965,-0.245759,0.0299879;-1.54595,-0.0360879,-1.55596
0.465068,-0.245794,0.0286711;-1.56637,-0.0492094,-1.57072
0.464857,-0.245523,0.0286537;-1.57069,-0.0625131,-1.57419
0.464403,-0.245544,0.0287389;-1.56838,-0.025395,-1.57608
0.461648,-0.245427,0.0294111;-1.57791,0.0350398,-1.56082
0.460505,-0.24557,0.0311033;-1.58458,0.0460266,-1.53259
0.461152,-0.244348,0.0323679;-1.53537,0.0272267,-1.53362
0.461764,-0.245313,0.0292196;-1.54672,0.010025,-1.56891
0.461871,-0.24486,0.0288055;-1.56313,0.00762559,-1.57381
0.461855,-0.24518,0.0286075;-1.57088,0.0163875,-1.5696
0.460772,-0.245327,0.0288434;-1.57478,0.0596876,-1.56122
0.457232,-0.247913,0.0302236;-1.58771,0.114456,-1.54974
0.459594,-0.246333,0.0297239;-1.56416,0.0618907,-1.55236
0.46006,-0.248383,0.0290835;-1.54858,-0.00850583,-1.56821
0.459849,-0.247985,0.0288994;-1.55866,-0.0534965,-1.57312
0.459661,-0.247772,0.028583;-1.57037,-0.0456697,-1.57059
0.458484,-0.245092,0.0291677;-1.5719,0.0204001,-1.55766
0.455102,-0.245485,0.029984;-1.57966,0.0666997,-1.54639
0.452896,-0.247647,0.0293089;-1.57224,0.0999218,-1.55947
0.455883,-0.249261,0.0291915;-1.54762,0.0408706,-1.5735
0.455982,-0.248113,0.028913;-1.55932,0.00070703,-1.57515
0.45604,-0.245761,0.0286573;-1.56693,-0.102686,-1.57031
0.45632,-0.243595,0.0290136;-1.56104,-0.0567246,-1.56151
0.45447,-0.24118,0.0301584;-1.5752,-0.000675798,-1.54444
0.448257,-0.244472,0.0313038;-1.56867,0.0678019,-1.53134
0.447454,-0.245525,0.0313891;-1.54112,0.0542758,-1.54689
0.451681,-0.2453,0.0302676;-1.52665,-0.0151774,-1.57201
0.453803,-0.242249,0.0289401;-1.57521,-0.0841527,-1.58381
0.45377,-0.243228,0.0285688;-1.57062,-0.0548969,-1.57023
0.4529,-0.240618,0.0299944;-1.57257,0.00366352,-1.54626
0.450284,-0.242127,0.0310198;-1.5853,0.0430068,-1.53395
0.449288,-0.242658,0.0309747;-1.57183,0.0428657,-1.53415
0.451908,-0.242177,0.0312349;-1.52976,0.000131518,-1.55173
0.455014,-0.241988,0.0288358;-1.57096,-0.0583995,-1.58305
0.454826,-0.242762,0.0289499;-1.57138,-0.0523781,-1.58755
0.45389,-0.244253,0.02875;-1.57737,-0.0520687,-1.57326
0.447846,-0.243789,0.0315995;-1.58354,0.0635426,-1.52448
0.446883,-0.245703,0.0316025;-1.57728,0.0887987,-1.52506
0.445874,-0.245698,0.0317924;-1.55763,0.0771339,-1.52959
0.448214,-0.246824,0.0288342;-1.55981,0.000772715,-1.57191
0.448164,-0.246607,0.0287535;-1.57039,-0.00694668,-1.57886
0.447936,-0.24639,0.0286912;-1.57078,-0.0540668,-1.57631
0.441008,-0.245263,0.0331481;-1.5898,0.0796266,-1.51216
0.437029,-0.249947,0.0330989;-1.5603,0.14088,-1.52735
0.434322,-0.251132,0.0332342;-1.5233,0.153235,-1.54073
0.436067,-0.250017,0.0288106;-1.55941,0.137027,-1.57228
0.436174,-0.249773,0.0286265;-1.57036,0.126409,-1.57313
0.435775,-0.251187,0.0286435;-1.57116,0.0974809,-1.56784
0.435775,-0.251187,0.0286435;-1.57116,0.0974809,-1.56784
0.435727,-0.252991,0.0299136;-1.57539,0.0658954,-1.54653
0.435727,-0.252991,0.0299136;-1.57539,0.0658954,-1.54653
