0.5,-0.3,0.06;-1.57,-2.98023e-08,-1.57
0.5,-0.3,0.06;-1.57,-2.98023e-08,-1.57
0.5,-0.3,0.06;-1.57,-2.98023e-08,-1.57
0.500464,-0.291938,0.0296292;-1.57493,-0.258992,-1.59291
0.500684,-0.290899,0.028945;-1.57247,-0.252468,-1.58672
0.500107,-0.285164,0.0296166;-1.56304,-0.189043,-1.55588
0.495301,-0.266818,0.0323967;-1.61293,-0.0302675,-1.5387
0.497926,-0.271958,0.0289881;-1.57452,-0.0969407,-1.58718
0.498064,-0.271723,0.0290223;-1.57889,-0.120935,-1.58498
0.499083,-0.270187,0.0289683;-1.57777,-0.180405,-1.58384
0.500717,-0.267673,0.0285791;-1.57078,-0.223133,-1.57073
0.501054,-0.262583,0.0301364;-1.56774,-0.154561,-1.54124
0.4991,-0.251408,0.0334896;-1.57719,-0.0494467,-1.49995
0.499157,-0.246431,0.0327167;-1.55393,0.00844,-1.51492
0.499692,-0.249111,0.0285922;-1.57018,-0.0410741,-1.57147
0.499078,-0.249289,0.0287535;-1.57107,-0.0785459,-1.57937
0.498988,-0.249258,0.0286121;-1.57008,-0.141353,-1.57216
0.499173,-0.248228,0.0291121;-1.55372,-0.12743,-1.55958
0.50056,-0.24157,0.0309476;-1.55698,-0.0796567,-1.53497
0.501876,-0.234895,0.0338741;-1.54065,-0.00646032,-1.51264
0.502561,-0.236832,0.0329424;-1.54312,-0.0267336,-1.52256
0.501366,-0.238788,0.0286526;-1.57043,-0.0663311,-1.57417
0.500335,-0.243431,0.0288991;-1.56728,-0.106892,-1.58197
0.500394,-0.243989,0.0286458;-1.57079,-0.0973377,-1.57389
0.500553,-0.243895,0.0287844;-1.56836,-0.0637294,-1.56256
0.501253,-0.240078,0.0299219;-1.56832,-0.0396442,-1.54686
0.502507,-0.235885,0.0295819;-1.55584,-0.00974286,-1.55583
0.502319,-0.235599,0.0288879;-1.56239,-0.0233,-1.57689
0.501936,-0.237078,0.028894;-1.56458,-0.035213,-1.5793
0.501151,-0.238332,0.0288394;-1.56792,-0.0533221,-1.58048
0.499368,-0.239599,0.0298829;-1.56973,-0.0367203,-1.54726
0.498561,-0.237609,0.0316269;-1.57115,0.00633944,-1.52569
0.498774,-0.235218,0.0324492;-1.55725,0.0574513,-1.52302
0.498086,-0.235922,0.0288276;-1.56488,-0.020671,-1.57715
0.498249,-0.237659,0.0288444;-1.56597,-0.0533618,-1.57841
0.498188,-0.240788,0.0290025;-1.56258,-0.0896118,-1.58201
0.496346,-0.24272,0.0296584;-1.57063,-0.106815,-1.54726
0.493596,-0.239027,0.0324344;-1.57567,-0.0426679,-1.51341
0.49125,-0.236057,0.0324389;-1.57512,0.0157056,-1.51242
0.487949,-0.238415,0.0321258;-1.49457,0.0702952,-1.57419
0.487384,-0.238936,0.0290069;-1.5547,0.0458065,-1.57569
0.487118,-0.239381,0.0289383;-1.55832,0.00376726,-1.57537
0.486749,-0.246262,0.0290821;-1.55785,-0.156439,-1.56493
0.485423,-0.24634,0.0312304;-1.56698,-0.157072,-1.52974
0.483868,-0.243135,0.0341109;-1.56038,-0.103967,-1.50124
0.48009,-0.239989,0.0352282;-1.47772,0.0137415,-1.55534
0.47826,-0.24053,0.0288264;-1.57061,0.029199,-1.58094
0.478012,-0.240937,0.0289205;-1.56563,0.0321145,-1.58212
0.477542,-0.242686,0.0286433;-1.5695,0.0104109,-1.57237
0.475886,-0.245519,0.030554;-1.57072,-0.026444,-1.54168
0.475313,-0.241966,0.0337451;-1.5824,-0.0255403,-1.50129
0.477754,-0.240172,0.0347043;-1.45886,0.00129616,-1.5783
0.476116,-0.243593,0.0353186;-1.45068,0.0235468,-1.59017
0.472968,-0.247748,0.0352444;-1.45048,0.041897,-1.59219
0.469902,-0.25411,0.0288329;-1.56376,0.0152122,-1.57576
0.465242,-0.26462,0.0303385;-1.56298,-0.0126376,-1.55304
0.457946,-0.279059,0.0346132;-1.5092,-0.0313483,-1.53486
0.466143,-0.266603,0.0314885;-1.52043,0.0232444,-1.57793
0.470095,-0.251642,0.0291066;-1.56486,0.0900157,-1.59141
0.469621,-0.248417,0.0302799;-1.55477,0.0851606,-1.59565
0.470803,-0.246094,0.028885;-1.5709,-0.0443263,-1.58557
0.468217,-0.259669,0.0304969;-1.57105,-0.118659,-1.55721
0.455674,-0.291059,0.0342354;-1.49709,-0.170914,-1.53808
0.457441,-0.302592,0.0358019;-1.43644,-0.0511016,-1.56382
0.459058,-0.296114,0.032619;-1.50106,-0.0211651,-1.58835
0.458898,-0.288507,0.0302865;-1.56133,-0.0368435,-1.60151
0.459122,-0.278984,0.0299494;-1.56681,-0.144412,-1.59743
0.459452,-0.276842,0.0289982;-1.56372,-0.204721,-1.5826
0.459372,-0.284028,0.0302284;-1.56238,-0.316629,-1.55754
0.45293,-0.303331,0.0375511;-1.39839,-0.236138,-1.53269
0.455949,-0.306718,0.038714;-1.38895,-0.124782,-1.56472
0.458837,-0.304965,0.0334954;-1.50339,-0.0268656,-1.60141
0.457629,-0.297185,0.0312138;-1.55514,-0.0654483,-1.60609
0.457569,-0.293314,0.0293625;-1.56515,-0.145071,-1.59193
0.457284,-0.294193,0.029331;-1.56102,-0.275001,-1.5731
0.453273,-0.316309,0.036931;-1.43868,-0.418545,-1.50194
0.456223,-0.320703,0.0378436;-1.40113,-0.37471,-1.52506
0.45888,-0.314205,0.0326812;-1.5041,-0.286291,-1.56988
0.458385,-0.314149,0.0309766;-1.5546,-0.13579,-1.59868
0.458472,-0.313752,0.029593;-1.56803,-0.15645,-1.59385
0.458537,-0.314018,0.0290883;-1.56107,-0.172951,-1.57726
0.455723,-0.33569,0.0347707;-1.50269,-0.400878,-1.50325
0.456997,-0.341227,0.0340204;-1.45872,-0.466561,-1.51801
0.456113,-0.33702,0.0288627;-1.56257,-0.477529,-1.57407
0.45475,-0.333928,0.0295903;-1.57609,-0.456475,-1.59123
0.455027,-0.332264,0.0288961;-1.57037,-0.42784,-1.58578
0.454748,-0.331239,0.0291965;-1.56988,-0.374091,-1.57347
0.45482,-0.342904,0.0336604;-1.58505,-0.438409,-1.50964
0.458186,-0.349224,0.030172;-1.55414,-0.519166,-1.53925
0.458951,-0.350529,0.0287518;-1.56159,-0.560067,-1.56703
0.458207,-0.343673,0.0290543;-1.58233,-0.565961,-1.58994
0.458335,-0.341987,0.0288945;-1.57098,-0.564111,-1.58549
0.45795,-0.339351,0.0286689;-1.56966,-0.528032,-1.5738
0.455774,-0.34026,0.0339011;-1.59199,-0.508942,-1.51122
0.458303,-0.348772,0.0300794;-1.56456,-0.570074,-1.53903
0.459036,-0.355406,0.0293492;-1.56526,-0.608287,-1.55161
0.459147,-0.356105,0.0288376;-1.57362,-0.57167,-1.58274
0.459277,-0.343761,0.028939;-1.57703,-0.532063,-1.58558
0.459554,-0.342252,0.028674;-1.57614,-0.515728,-1.57337
0.458706,-0.339971,0.0296325;-1.58164,-0.493595,-1.55504
0.460854,-0.350585,0.033838;-1.58554,-0.588501,-1.50482
0.465329,-0.359753,0.0298713;-1.57198,-0.669,-1.54544
0.466186,-0.361821,0.0286196;-1.57384,-0.683744,-1.57331
0.465554,-0.36133,0.0291965;-1.60432,-0.643065,-1.59429
0.465625,-0.35993,0.0290225;-1.59626,-0.63561,-1.58709
0.465626,-0.353887,0.0290803;-1.57884,-0.577729,-1.56336
0.465665,-0.345737,0.0339949;-1.57349,-0.566422,-1.49558
0.47018,-0.352282,0.0310828;-1.57326,-0.664792,-1.53314
0.47177,-0.355652,0.0286954;-1.57669,-0.702504,-1.57367
0.471129,-0.356933,0.0291042;-1.5963,-0.622309,-1.59041
0.471447,-0.356487,0.0291295;-1.59941,-0.59199,-1.58989
0.470881,-0.353228,0.0291921;-1.59459,-0.549422,-1.57778
0.466076,-0.344837,0.0381919;-1.64198,-0.532387,-1.51316
0.470005,-0.34676,0.035726;-1.63709,-0.603123,-1.5407
0.474751,-0.3521,0.0287429;-1.58007,-0.693997,-1.57621
0.474495,-0.352565,0.029187;-1.60437,-0.683946,-1.59575
0.474425,-0.354078,0.0291671;-1.60049,-0.638238,-1.59333
0.47418,-0.352815,0.0290899;-1.59998,-0.60003,-1.58814
0.466506,-0.334107,0.0375256;-1.67071,-0.411487,-1.54793
0.469697,-0.335839,0.0369032;-1.6731,-0.446241,-1.56
0.477901,-0.343028,0.0322158;-1.63195,-0.546971,-1.58047
0.481603,-0.347523,0.0293901;-1.60727,-0.622574,-1.59519
0.481143,-0.347982,0.0292572;-1.60552,-0.609914,-1.59539
0.480911,-0.348411,0.0292335;-1.60434,-0.60092,-1.59408
0.47609,-0.3384,0.0352661;-1.63266,-0.470149,-1.54044
0.472548,-0.335596,0.0386449;-1.67044,-0.431821,-1.53273
0.47697,-0.338655,0.0353935;-1.66645,-0.479598,-1.57409
0.483019,-0.346506,0.0304168;-1.62963,-0.567093,-1.60445
0.482144,-0.345895,0.0306888;-1.63518,-0.553117,-1.6082
0.481717,-0.346746,0.029766;-1.61411,-0.535095,-1.59628
0.477395,-0.345691,0.0309935;-1.61782,-0.462163,-1.57623
0.472362,-0.342795,0.0346289;-1.65282,-0.41322,-1.55569
0.472047,-0.342365,0.036316;-1.67966,-0.420283,-1.56503
0.481146,-0.350304,0.0309581;-1.63435,-0.537317,-1.61069
0.481146,-0.354852,0.0315555;-1.62179,-0.506514,-1.61924
0.480613,-0.357032,0.0324713;-1.6297,-0.481357,-1.62791
0.479627,-0.357966,0.0303037;-1.60089,-0.413986,-1.5946
0.474915,-0.345857,0.0315817;-1.61435,-0.317463,-1.57159
0.467402,-0.334501,0.0358952;-1.66399,-0.286151,-1.55645
0.476674,-0.336847,0.0341341;-1.65535,-0.397023,-1.63411
0.476848,-0.347162,0.0331367;-1.57289,-0.361095,-1.63695
0.476608,-0.35272,0.0344288;-1.58917,-0.313369,-1.64781
0.476771,-0.353017,0.0331021;-1.56743,-0.307186,-1.63594
0.475601,-0.345277,0.0347162;-1.51206,-0.246775,-1.59122
0.471739,-0.330409,0.0422374;-1.54856,-0.143656,-1.557
0.47937,-0.321971,0.0359748;-1.61775,-0.180744,-1.65183
0.480588,-0.326521,0.0350534;-1.55975,-0.220373,-1.65569
0.480795,-0.329386,0.0368466;-1.57428,-0.197449,-1.66808
0.482137,-0.327511,0.0353376;-1.55025,-0.147397,-1.65199
0.483576,-0.32696,0.037732;-1.44853,-0.0573133,-1.61005
0.482439,-0.324441,0.0405141;-1.39464,0.0319482,-1.56949
0.4875,-0.304243,0.0420641;-1.55908,0.0711966,-1.64363
0.490296,-0.30585,0.0355796;-1.55961,0.0146182,-1.67496
0.489885,-0.314046,0.0383168;-1.564,-0.0364418,-1.6835
0.489816,-0.314133,0.0370674;-1.55021,-0.0506199,-1.68053
0.488842,-0.314353,0.0387203;-1.49438,-0.0512729,-1.65385
0.48823,-0.31454,0.040408;-1.3981,0.00215423,-1.6168
0.495562,-0.306612,0.0415049;-1.33207,0.196516,-1.62509
0.497598,-0.303338,0.0395728;-1.40432,0.220738,-1.655
0.495503,-0.295943,0.0372009;-1.55941,0.157387,-1.68757
0.493499,-0.30174,0.0375386;-1.54479,0.0899656,-1.68993
0.492511,-0.299549,0.038333;-1.50699,0.0663817,-1.67139
0.491031,-0.29936,0.0399552;-1.44184,0.0630209,-1.64656
0.49391,-0.300372,0.041722;-1.33175,0.181705,-1.62199
0.497422,-0.296546,0.0410496;-1.36871,0.20526,-1.64686
0.497933,-0.294269,0.03921;-1.42236,0.206221,-1.6631
0.496449,-0.294626,0.0379506;-1.5525,0.195467,-1.68395
0.496405,-0.291059,0.0364878;-1.54873,0.194674,-1.67652
0.496148,-0.291191,0.0378215;-1.46912,0.213472,-1.65244
0.493835,-0.287947,0.0418346;-1.32282,0.235128,-1.63005
0.498975,-0.285031,0.0414256;-1.3373,0.279571,-1.65455
0.502271,-0.280042,0.0400839;-1.3809,0.293109,-1.66482
0.502487,-0.277231,0.0382183;-1.46364,0.232587,-1.65802
0.50193,-0.279984,0.0369614;-1.48753,0.240517,-1.65321
0.501156,-0.282739,0.0372913;-1.45271,0.262718,-1.64362
0.497059,-0.28341,0.0376181;-1.42723,0.241185,-1.59884
0.501672,-0.282469,0.0383473;-1.39254,0.287067,-1.63511
0.505971,-0.276185,0.0365157;-1.45094,0.326418,-1.65017
0.509479,-0.262494,0.0351003;-1.55914,0.227631,-1.65096
0.509821,-0.271994,0.0331977;-1.56752,0.180211,-1.64089
0.509493,-0.272324,0.0310577;-1.56337,0.162646,-1.61491
0.509493,-0.272324,0.0310577;-1.56337,0.162646,-1.61491
0.506782,-0.276,0.0301434;-1.55705,0.185755,-1.5815
0.506782,-0.276,0.0301434;-1.55705,0.185755,-1.5815
