0.5,-0.3,0.06;-1.57,-2.98023e-08,-1.57
0.5,-0.3,0.06;-1.57,-2.98023e-08,-1.57
0.5,-0.3,0.06;-1.57,-2.98023e-08,-1.57
0.499279,-0.295304,0.0291765;-1.57128,-0.230769,-1.58731
0.499852,-0.295534,0.0290683;-1.56072,-0.210694,-1.58203
0.499338,-0.299388,0.0316722;-1.51216,-0.135228,-1.56405
0.497373,-0.301044,0.035073;-1.46457,0.0117646,-1.55786
0.497564,-0.294123,0.0290532;-1.56626,-0.0786485,-1.58922
0.496585,-0.29069,0.0289143;-1.56738,-0.155177,-1.583
0.495845,-0.289796,0.0288351;-1.57057,-0.200703,-1.58301
0.496847,-0.291782,0.0289928;-1.56467,-0.120783,-1.58372
0.497281,-0.291233,0.0293257;-1.55659,-0.0924321,-1.56331
0.495715,-0.288206,0.033314;-1.56277,-0.0310445,-1.52376
0.498141,-0.298941,0.0311313;-1.52103,-0.0325144,-1.56481
0.497569,-0.301609,0.0291544;-1.55583,-0.136218,-1.58147
0.49595,-0.300562,0.029461;-1.56206,-0.192632,-1.58611
0.495336,-0.298587,0.0290924;-1.56404,-0.219413,-1.58729
0.495566,-0.299228,0.0305089;-1.53303,-0.179655,-1.57179
0.493764,-0.299461,0.0349702;-1.45826,-0.103838,-1.55916
0.493599,-0.296572,0.0356565;-1.46578,0.102659,-1.55601
0.49433,-0.296436,0.0323039;-1.4953,0.0855875,-1.57453
0.493937,-0.291743,0.0290816;-1.56594,0.0446553,-1.59081
0.493852,-0.285772,0.0298329;-1.57134,-0.0324452,-1.59529
0.494143,-0.285362,0.0295432;-1.56718,-0.0246116,-1.59404
0.493843,-0.281588,0.0296712;-1.55616,0.01272,-1.57206
0.495359,-0.274227,0.0330227;-1.60414,0.033966,-1.56228
0.498459,-0.273743,0.0314823;-1.60924,0.0171361,-1.59023
0.500591,-0.273243,0.0333548;-1.6014,-0.0902267,-1.62554
0.504157,-0.26952,0.0329105;-1.60443,-0.156003,-1.62477
0.506644,-0.266238,0.0316503;-1.57941,-0.204315,-1.62031
0.508212,-0.259004,0.0328907;-1.63381,-0.161634,-1.57315
0.507636,-0.256908,0.0375801;-1.67292,-0.0928477,-1.54755
0.510399,-0.257108,0.0397272;-1.68011,-0.0319099,-1.56575
0.508922,-0.26968,0.0336488;-1.58784,0.0292419,-1.63529
0.505722,-0.273438,0.0340956;-1.59333,0.0241509,-1.63516
0.504392,-0.275833,0.0340198;-1.58767,0.0268404,-1.64006
0.50268,-0.273602,0.0331235;-1.62525,0.10817,-1.59333
0.502429,-0.266045,0.0366682;-1.7195,0.140202,-1.54647
0.502542,-0.263752,0.0386281;-1.75322,0.145107,-1.53353
0.507877,-0.268607,0.0319789;-1.57252,0.0178721,-1.6239
0.507525,-0.269947,0.0330424;-1.59679,-0.048071,-1.6227
0.510146,-0.268081,0.0321304;-1.59573,-0.135221,-1.61728
0.512636,-0.262607,0.02928;-1.57352,-0.18862,-1.58825
0.513932,-0.256712,0.0291962;-1.56067,-0.1678,-1.56287
0.513361,-0.253511,0.0321275;-1.58129,-0.120046,-1.53516
0.513181,-0.265626,0.0294792;-1.56884,-0.0611861,-1.59369
0.511168,-0.271005,0.0298057;-1.56553,-0.0470939,-1.59213
0.509457,-0.273095,0.0298853;-1.56084,-0.0537264,-1.59095
0.509014,-0.270757,0.0287896;-1.56856,-0.116693,-1.57839
0.509314,-0.263414,0.030293;-1.54733,-0.0897202,-1.55783
0.509944,-0.254051,0.0321432;-1.57985,-0.0518169,-1.52215
0.514058,-0.257164,0.028719;-1.57053,-0.0928764,-1.57736
0.513107,-0.258651,0.0289858;-1.56489,-0.118736,-1.58351
0.51086,-0.265455,0.0292043;-1.56565,-0.0928207,-1.58434
0.509263,-0.263337,0.0291239;-1.55985,-0.159331,-1.58427
0.508899,-0.259193,0.031551;-1.50696,-0.170794,-1.56409
0.50912,-0.25038,0.035955;-1.43782,-0.156552,-1.54652
0.512126,-0.249361,0.0337153;-1.48042,-0.119987,-1.57727
0.511187,-0.251438,0.0294206;-1.55004,-0.11289,-1.57825
0.50944,-0.256765,0.0294805;-1.55412,-0.119741,-1.57875
0.509962,-0.262831,0.0292074;-1.5518,-0.0709077,-1.58047
0.510434,-0.261129,0.0289477;-1.55712,-0.0565216,-1.569
0.510422,-0.251433,0.0310807;-1.55639,-0.0370212,-1.54317
0.51375,-0.23702,0.0304998;-1.57129,-0.0453006,-1.54104
0.515084,-0.240504,0.0287614;-1.57119,-0.0666528,-1.57959
0.514666,-0.244812,0.0295681;-1.57096,-0.0470137,-1.59281
0.514063,-0.249356,0.0302109;-1.57068,-0.0564122,-1.60144
0.514484,-0.246714,0.0294116;-1.57015,-0.101381,-1.59241
0.515175,-0.244559,0.0299969;-1.56036,-0.130044,-1.5825
0.516201,-0.242473,0.0346668;-1.57132,-0.142556,-1.53906
0.518439,-0.249227,0.034181;-1.61558,-0.170436,-1.58227
0.51879,-0.255198,0.0306619;-1.60613,-0.194169,-1.60197
0.513636,-0.265894,0.0333646;-1.60828,-0.135853,-1.62396
0.512592,-0.269442,0.0317854;-1.57584,-0.0979516,-1.62213
0.511177,-0.271498,0.031009;-1.571,-0.0472679,-1.61175
0.51464,-0.248495,0.037441;-1.70737,0.022202,-1.5413
0.517567,-0.245828,0.0378557;-1.74341,0.0125766,-1.56368
0.519367,-0.247865,0.0348176;-1.68509,-0.0179618,-1.58801
0.513783,-0.264321,0.0340576;-1.59426,-0.0628243,-1.63707
0.515821,-0.262774,0.0327767;-1.58025,-0.110859,-1.63157
0.516128,-0.261704,0.0322824;-1.60101,-0.117576,-1.61167
0.518487,-0.253444,0.0335427;-1.63175,-0.187604,-1.55614
0.522693,-0.252029,0.0344183;-1.66015,-0.229984,-1.57381
0.524551,-0.255493,0.0311472;-1.62647,-0.241605,-1.59638
0.52004,-0.264767,0.0324962;-1.60639,-0.200982,-1.61425
0.519105,-0.268376,0.0307291;-1.57591,-0.176294,-1.60939
0.517795,-0.273145,0.030284;-1.56735,-0.105543,-1.60099
0.516902,-0.26644,0.033912;-1.50063,0.0561266,-1.54331
0.521679,-0.258421,0.0317647;-1.51601,-0.00336838,-1.56208
0.522558,-0.256255,0.0287933;-1.56637,-0.0396619,-1.57692
0.521596,-0.252975,0.029044;-1.57425,-0.136381,-1.58498
0.521313,-0.253299,0.0289318;-1.5692,-0.160227,-1.58595
0.521687,-0.254757,0.0290404;-1.56418,-0.123858,-1.58598
0.517665,-0.261438,0.0335505;-1.48904,-0.0282619,-1.55131
0.519084,-0.263601,0.0339971;-1.46649,-0.0553017,-1.567
0.518746,-0.26135,0.0325669;-1.48779,-0.0920853,-1.56538
0.517184,-0.255443,0.0291763;-1.56666,-0.242304,-1.58431
0.516132,-0.258358,0.0288852;-1.5649,-0.222236,-1.58037
0.516344,-0.260317,0.0288621;-1.56854,-0.180941,-1.58402
0.517423,-0.261551,0.028917;-1.55762,-0.117951,-1.57312
0.519111,-0.247162,0.0316879;-1.57092,0.00367097,-1.52939
0.522852,-0.234641,0.0307127;-1.54872,-0.00816754,-1.55905
0.522494,-0.235094,0.0293269;-1.55967,-0.00377716,-1.58721
0.522335,-0.23962,0.0289656;-1.56621,-0.0684137,-1.58512
0.522354,-0.24188,0.0288421;-1.57093,-0.0487352,-1.58453
0.521898,-0.243689,0.0287031;-1.57092,-0.00290159,-1.57765
0.520453,-0.248773,0.0325446;-1.57759,-0.0127582,-1.51186
0.523903,-0.255666,0.0295515;-1.5613,-0.114018,-1.55234
0.524054,-0.256709,0.0288714;-1.57119,-0.205399,-1.58536
0.523808,-0.257857,0.0303877;-1.57467,-0.270832,-1.60198
0.523416,-0.260697,0.0302066;-1.57375,-0.240842,-1.6008
0.522925,-0.263594,0.0293253;-1.56689,-0.19605,-1.59116
0.522264,-0.255864,0.0359879;-1.58959,0.0617491,-1.54155
0.523845,-0.254885,0.038679;-1.57732,0.0885043,-1.56251
0.523704,-0.26067,0.0325706;-1.51194,0.0737118,-1.59667
0.523199,-0.256695,0.034042;-1.56202,-0.0360292,-1.63543
0.525266,-0.2531,0.0335314;-1.57736,-0.0925272,-1.63819
0.526228,-0.250741,0.0322367;-1.57953,-0.120842,-1.62339
0.526154,-0.247568,0.0368605;-1.7005,-0.13082,-1.56386
0.527743,-0.246773,0.038505;-1.7284,-0.152577,-1.56474
0.531212,-0.252191,0.0356424;-1.70777,-0.195276,-1.60083
0.535101,-0.254617,0.0324308;-1.63997,-0.271486,-1.6111
0.535803,-0.255082,0.0325905;-1.64834,-0.279585,-1.61389
0.536043,-0.255692,0.0327353;-1.64364,-0.266655,-1.61072
0.533144,-0.257543,0.032301;-1.62406,-0.206084,-1.57056
0.532263,-0.255869,0.037361;-1.65733,-0.126783,-1.53424
0.532318,-0.256136,0.0385244;-1.63433,-0.0511143,-1.55428
0.530984,-0.258625,0.0310583;-1.57411,-0.000741333,-1.61241
0.530934,-0.257164,0.0319135;-1.58255,-0.0465766,-1.61375
0.531791,-0.256114,0.0313057;-1.58434,-0.0667799,-1.60964
0.533476,-0.252383,0.0289071;-1.57162,-0.113164,-1.57107
0.532817,-0.25168,0.0309929;-1.57192,-0.105502,-1.53316
0.531506,-0.256172,0.0322557;-1.5749,-0.0909683,-1.51949
0.532153,-0.267922,0.028977;-1.56924,-0.137365,-1.58826
0.531586,-0.267746,0.0289093;-1.56745,-0.164629,-1.58278
0.530723,-0.266641,0.0289798;-1.5642,-0.202279,-1.58212
0.531838,-0.264718,0.0291922;-1.54709,-0.185425,-1.57095
0.53343,-0.257287,0.032404;-1.51134,-0.0886635,-1.55105
0.530115,-0.250917,0.0339879;-1.5731,0.0253503,-1.50341
0.52851,-0.257277,0.0336582;-1.47318,0.070643,-1.57045
0.528225,-0.25608,0.0304438;-1.52383,0.0611689,-1.57487
0.528686,-0.256795,0.0299664;-1.53425,0.0382944,-1.57363
0.530982,-0.252998,0.0304954;-1.52656,0.0251507,-1.5684
0.532782,-0.252376,0.0311716;-1.56942,-0.0312195,-1.53315
0.532747,-0.251521,0.0340656;-1.57114,-0.0766794,-1.50068
0.535155,-0.267037,0.0288831;-1.56226,-0.182854,-1.5752
0.534755,-0.268771,0.0289741;-1.5656,-0.169791,-1.58352
0.533492,-0.271685,0.0292516;-1.56164,-0.152215,-1.58096
0.533352,-0.269827,0.0291172;-1.55318,-0.186974,-1.57612
0.536143,-0.263116,0.0315018;-1.51321,-0.120321,-1.55923
0.538379,-0.24887,0.0358699;-1.5059,-0.00976739,-1.5207
0.537816,-0.247739,0.0331951;-1.49375,0.0803306,-1.56431
0.537324,-0.24709,0.0290054;-1.56633,0.113337,-1.58741
0.536715,-0.24862,0.028902;-1.57089,0.114903,-1.58616
0.536865,-0.247449,0.0290606;-1.56586,0.0705853,-1.58939
0.536844,-0.246605,0.0288499;-1.5776,0.0680673,-1.57621
0.535946,-0.244173,0.0309202;-1.5922,0.089151,-1.55057
0.54011,-0.245288,0.0333996;-1.65165,0.00198439,-1.56504
0.542631,-0.250806,0.0297283;-1.56876,-0.0258073,-1.59924
0.542182,-0.25504,0.0315343;-1.56947,-0.0205011,-1.61505
0.542229,-0.25793,0.0320292;-1.57624,-0.0767194,-1.62302
0.542482,-0.255593,0.0310228;-1.56639,-0.0786157,-1.61257
0.543276,-0.241899,0.0315775;-1.56658,-0.00488796,-1.58559
0.542116,-0.236906,0.0389576;-1.65653,0.067083,-1.5574
0.544794,-0.237554,0.0345116;-1.68966,0.0841237,-1.58108
0.544517,-0.244364,0.0310833;-1.56579,0.11621,-1.61746
0.542535,-0.25574,0.0326648;-1.55408,0.152169,-1.62479
0.543014,-0.254378,0.0313058;-1.56773,0.143954,-1.61731
0.54247,-0.250494,0.0298863;-1.57188,0.133057,-1.59431
0.543474,-0.242567,0.0373803;-1.71773,0.0752846,-1.53982
0.548153,-0.245147,0.0351122;-1.69406,-0.00331811,-1.56996
0.55041,-0.249979,0.0300647;-1.58182,-0.0355792,-1.59537
0.548104,-0.258405,0.0304087;-1.57387,-0.0511905,-1.60099
0.547969,-0.260897,0.0298296;-1.57517,-0.028797,-1.59623
0.548082,-0.260509,0.0289889;-1.56546,-0.0165231,-1.58516
0.549014,-0.238437,0.0325735;-1.58251,0.103756,-1.5121
0.55051,-0.239729,0.0330677;-1.53009,0.0909334,-1.53639
0.550706,-0.24018,0.0287141;-1.56497,0.0662288,-1.5705
0.549379,-0.242053,0.0289459;-1.56322,0.0788386,-1.58121
0.549821,-0.24358,0.0288657;-1.5677,0.109378,-1.58216
0.549959,-0.245253,0.0286452;-1.5679,0.164701,-1.57008
0.549959,-0.245253,0.0286452;-1.5679,0.164701,-1.57008
0.548681,-0.24442,0.0293591;-1.57672,0.182947,-1.56132
0.548681,-0.24442,0.0293591;-1.57672,0.182947,-1.56132
