0.5,-0.3,0.06;-1.57,-2.98023e-08,-1.57
0.5,-0.3,0.06;-1.57,-2.98023e-08,-1.57
0.5,-0.3,0.06;-1.57,-2.98023e-08,-1.57
0.500902,-0.293864,0.0304733;-1.57497,-0.225271,-1.60332
0.500683,-0.294769,0.0294537;-1.56726,-0.18082,-1.59234
0.500661,-0.285756,0.030051;-1.55347,-0.0682152,-1.5654
0.498453,-0.269781,0.0328681;-1.62968,0.0417062,-1.55047
0.502913,-0.270374,0.0296134;-1.57146,-0.0805935,-1.59531
0.501548,-0.273419,0.03026;-1.57905,-0.133348,-1.59867
0.500971,-0.274642,0.0300135;-1.57969,-0.137224,-1.59586
0.499509,-0.278311,0.0290424;-1.56931,-0.0614646,-1.5874
0.501912,-0.276292,0.0307508;-1.5291,0.027478,-1.57252
0.505044,-0.264901,0.0353953;-1.47274,0.132507,-1.55473
0.510669,-0.251043,0.034471;-1.47402,0.147822,-1.56785
0.510764,-0.254615,0.034095;-1.45868,0.0845306,-1.58366
0.510943,-0.254159,0.0300082;-1.53701,0.00811818,-1.57343
0.510212,-0.255803,0.0291837;-1.5443,-0.000388622,-1.56786
0.508887,-0.258384,0.0302629;-1.54174,0.00949489,-1.55437
0.504665,-0.265642,0.0330701;-1.51207,0.0293334,-1.5382
0.508799,-0.257952,0.0359414;-1.46084,0.129985,-1.55043
0.510814,-0.255995,0.0368691;-1.40987,0.108746,-1.58053
0.510604,-0.254849,0.0347701;-1.44392,0.067504,-1.57911
0.509868,-0.256096,0.0303006;-1.52521,-0.0195358,-1.56647
0.511068,-0.252814,0.0297741;-1.54268,0.0214829,-1.56007
0.509419,-0.255457,0.0343032;-1.48175,0.0338764,-1.54214
0.511172,-0.255405,0.0402395;-1.36755,0.100327,-1.55733
0.513495,-0.251008,0.0358787;-1.43087,0.109418,-1.56789
0.512621,-0.249351,0.0298551;-1.53436,0.0147862,-1.56662
0.511067,-0.251569,0.0298012;-1.53768,-0.0185682,-1.56592
0.511448,-0.251471,0.0303948;-1.52213,0.00456502,-1.5673
0.513057,-0.247068,0.0355898;-1.47569,0.0962181,-1.53756
0.512148,-0.247129,0.0363324;-1.51418,0.093697,-1.50041
0.512594,-0.248527,0.03522;-1.48605,0.0830791,-1.53542
0.512295,-0.247306,0.029079;-1.54956,0.0165904,-1.56798
0.509742,-0.250282,0.0299424;-1.53662,-0.0336037,-1.56599
0.508591,-0.251797,0.0299467;-1.53366,-0.0429355,-1.56641
0.508209,-0.255,0.0357455;-1.46051,-0.0316396,-1.53364
0.508631,-0.252038,0.0402756;-1.40957,0.0579791,-1.51964
0.511654,-0.245216,0.0368231;-1.48761,0.100549,-1.51752
0.509147,-0.251643,0.0301338;-1.52724,-0.0205864,-1.56699
0.508699,-0.251373,0.0290212;-1.55617,-0.0523064,-1.5632
0.507165,-0.25362,0.0297747;-1.54038,-0.0804394,-1.56609
0.507597,-0.251696,0.0337556;-1.4855,-0.0303309,-1.54454
0.50945,-0.247795,0.0369854;-1.48391,0.037851,-1.51089
0.50991,-0.240653,0.0378801;-1.52357,0.125297,-1.48815
0.509955,-0.247566,0.0300243;-1.56122,-0.0142237,-1.54579
0.505376,-0.255415,0.0295326;-1.54124,-0.105129,-1.56437
0.50478,-0.256373,0.0291998;-1.54893,-0.130114,-1.5647
0.504609,-0.25699,0.0348678;-1.4492,-0.084366,-1.54572
0.505648,-0.252255,0.0387848;-1.43725,-0.00686827,-1.51591
0.505258,-0.244755,0.0399219;-1.49988,0.0892887,-1.47614
0.509942,-0.240173,0.0307829;-1.56775,0.0289897,-1.5333
0.50517,-0.250555,0.0298122;-1.53428,-0.0901468,-1.5606
0.501198,-0.257535,0.0289229;-1.56373,-0.191649,-1.55992
0.50218,-0.259464,0.0355494;-1.42368,-0.140389,-1.5443
0.506403,-0.251145,0.0401978;-1.37376,-0.0071286,-1.5299
0.506352,-0.238787,0.0394334;-1.53443,0.105682,-1.463
0.508925,-0.238869,0.0308279;-1.56665,0.0597376,-1.53444
0.507557,-0.243036,0.0291959;-1.54654,-0.00406997,-1.56503
0.505616,-0.24556,0.0289848;-1.55982,-0.10063,-1.56111
0.506786,-0.243121,0.0298768;-1.5578,-0.0695905,-1.54971
0.507641,-0.239535,0.0325916;-1.54979,-0.0152786,-1.52056
0.506521,-0.235462,0.0345843;-1.55862,0.0521188,-1.49501
0.507086,-0.238104,0.0355442;-1.51343,0.0880228,-1.51488
0.507892,-0.237809,0.0288987;-1.56782,0.046015,-1.55894
0.505636,-0.241484,0.0290965;-1.54952,-0.0589832,-1.56549
0.504759,-0.242814,0.0290825;-1.5489,-0.101953,-1.56579
0.506145,-0.239582,0.0305828;-1.54177,-0.0574476,-1.54934
0.505661,-0.235478,0.0331336;-1.55688,0.0076652,-1.51177
0.501997,-0.23764,0.0361992;-1.5309,0.0908024,-1.49571
0.504061,-0.237707,0.0357873;-1.50375,0.0696999,-1.51799
0.504528,-0.236125,0.0289027;-1.56627,0.034223,-1.55953
0.500786,-0.243892,0.0297434;-1.54071,-0.108323,-1.56304
0.500496,-0.244044,0.0300508;-1.52879,-0.102734,-1.56084
0.501046,-0.241107,0.0326963;-1.52799,-0.0595883,-1.52827
0.49553,-0.238965,0.0395482;-1.5006,0.0298156,-1.47033
0.500096,-0.23515,0.0387664;-1.47071,0.024236,-1.50068
0.500664,-0.236975,0.0324155;-1.52992,-0.0240315,-1.5355
0.496988,-0.244157,0.0294205;-1.54506,-0.124998,-1.56448
0.496748,-0.244949,0.0317658;-1.49754,-0.115885,-1.5559
0.497112,-0.245661,0.0361672;-1.41893,-0.0929901,-1.54235
0.494747,-0.238096,0.0397472;-1.53188,0.00601027,-1.44523
0.498902,-0.238624,0.0395072;-1.47328,-0.0196802,-1.48855
0.500231,-0.238831,0.0354392;-1.45229,-0.0246206,-1.54425
0.499626,-0.241191,0.0342735;-1.46204,-0.0667797,-1.56965
0.499072,-0.242121,0.0334013;-1.46686,-0.0785275,-1.55601
0.499672,-0.240053,0.0357611;-1.44499,-0.0435732,-1.54122
0.498053,-0.237997,0.0376787;-1.52749,-0.00146255,-1.46884
0.501567,-0.237669,0.0369144;-1.50503,-0.0027456,-1.50095
0.503306,-0.235601,0.0317158;-1.55171,0.00420244,-1.53233
0.502236,-0.238563,0.0299755;-1.53734,-0.0490542,-1.56421
0.501058,-0.239814,0.0303072;-1.52348,-0.0595988,-1.56438
0.501673,-0.236739,0.0325091;-1.50002,-0.0142553,-1.55243
0.500653,-0.236786,0.0355276;-1.56251,0.0032869,-1.48231
0.500715,-0.238208,0.0341498;-1.53506,0.0142458,-1.5111
0.501673,-0.235949,0.0321399;-1.56411,0.0307776,-1.5195
0.501009,-0.2377,0.0290241;-1.55137,-0.0380285,-1.56792
0.498329,-0.241762,0.0301177;-1.53408,-0.0949777,-1.56375
0.498668,-0.241118,0.0304611;-1.52084,-0.0805468,-1.56033
0.49936,-0.239797,0.0339203;-1.51192,-0.0537015,-1.52254
0.500128,-0.234146,0.0377674;-1.52438,0.0346889,-1.47938
0.502486,-0.237147,0.0348796;-1.50873,-0.0122556,-1.51772
0.49821,-0.24559,0.0314885;-1.52924,-0.125558,-1.54113
0.494994,-0.249585,0.0296022;-1.53981,-0.185596,-1.56353
0.494942,-0.248929,0.029461;-1.53979,-0.177933,-1.56221
0.495573,-0.247606,0.0334377;-1.48043,-0.131627,-1.54018
0.496572,-0.236492,0.0389086;-1.51134,0.00141412,-1.47124
0.497956,-0.236664,0.0371302;-1.49172,0.00221345,-1.50549
0.497569,-0.241008,0.0316489;-1.53897,-0.0698008,-1.53702
0.490541,-0.253055,0.0290233;-1.56202,-0.235375,-1.55938
0.490214,-0.253766,0.0300362;-1.52682,-0.231588,-1.55801
0.49242,-0.25101,0.0338068;-1.45721,-0.174107,-1.54326
0.494829,-0.237731,0.0418763;-1.43937,0.00710627,-1.48184
0.495727,-0.236647,0.0397493;-1.42969,0.0244673,-1.51305
0.49736,-0.239569,0.0355704;-1.42303,-0.0162068,-1.56262
0.49691,-0.241847,0.0351614;-1.46107,-0.0674777,-1.5813
0.49396,-0.242362,0.0293857;-1.54156,-0.101946,-1.56474
0.493887,-0.242851,0.0317613;-1.49501,-0.0895075,-1.55728
0.493825,-0.242177,0.0366265;-1.44954,-0.0538386,-1.52125
0.496359,-0.235857,0.0397432;-1.42067,0.0357285,-1.51275
0.497178,-0.237077,0.0396685;-1.38063,0.0389985,-1.54223
0.497313,-0.237957,0.0371557;-1.42183,-0.0106419,-1.58806
0.497037,-0.239406,0.0374505;-1.42889,-0.0319358,-1.59147
0.496944,-0.240008,0.0370667;-1.42164,-0.0351411,-1.58172
0.497571,-0.238991,0.0341984;-1.49055,-0.0123008,-1.5314
0.49856,-0.235881,0.0348534;-1.53442,0.0113494,-1.49788
0.4998,-0.234595,0.0355749;-1.51261,0.041046,-1.50666
0.499543,-0.235448,0.029196;-1.54391,-0.00937175,-1.56722
0.49879,-0.237788,0.0299363;-1.53215,-0.0396906,-1.56641
0.498254,-0.238001,0.0297665;-1.53735,-0.0411598,-1.56761
0.496151,-0.240617,0.0315394;-1.52312,-0.0425385,-1.54286
0.495014,-0.240907,0.0340456;-1.5124,-0.0309694,-1.51222
0.495699,-0.240144,0.0349632;-1.50965,-0.0182152,-1.50605
0.498648,-0.235994,0.0320585;-1.49736,-0.000707835,-1.55536
0.49679,-0.238827,0.0329433;-1.47753,-0.0380248,-1.56419
0.49615,-0.239659,0.0324126;-1.48546,-0.0530565,-1.56402
0.495217,-0.238811,0.0314011;-1.52955,-0.0286091,-1.54001
0.493566,-0.241174,0.0359272;-1.47853,-0.0227112,-1.50942
0.492958,-0.239611,0.0380314;-1.53049,-0.0179542,-1.45955
0.499406,-0.237699,0.0326461;-1.50734,-0.023688,-1.54029
0.499866,-0.237596,0.0312771;-1.51519,-0.0304618,-1.57043
0.498446,-0.238272,0.0315803;-1.5166,-0.0402665,-1.57741
0.497943,-0.237939,0.0312553;-1.53091,-0.0221975,-1.54563
0.497378,-0.237263,0.0342606;-1.51313,0.00398482,-1.51331
0.495597,-0.23932,0.0363693;-1.53099,-0.0117239,-1.47791
0.501191,-0.239094,0.0323469;-1.56303,-0.0429044,-1.52495
0.502709,-0.238879,0.02889;-1.56132,-0.0504723,-1.56779
0.501385,-0.239732,0.0299421;-1.54357,-0.0634301,-1.56735
0.501398,-0.238602,0.030589;-1.54826,-0.0208374,-1.5481
0.502186,-0.235126,0.032966;-1.5578,0.0249725,-1.50998
0.500362,-0.234449,0.0345556;-1.586,0.0443966,-1.49004
0.502491,-0.240588,0.0315033;-1.57454,-0.0189585,-1.52447
0.501515,-0.24548,0.0287595;-1.57091,-0.0779487,-1.56215
0.501351,-0.246371,0.0292531;-1.58331,-0.124994,-1.56603
0.501134,-0.245283,0.0292264;-1.5556,-0.0575776,-1.56914
0.504404,-0.237779,0.0307179;-1.5714,0.0413716,-1.53418
0.505039,-0.236491,0.0338926;-1.5998,0.0420852,-1.50436
0.504933,-0.244112,0.0344796;-1.59358,-0.0272121,-1.49814
0.506319,-0.246743,0.0299825;-1.57799,-0.0744701,-1.54464
0.504542,-0.251104,0.0287094;-1.57367,-0.141752,-1.56755
0.502576,-0.252794,0.0288887;-1.57129,-0.11147,-1.56845
0.505206,-0.247941,0.0294785;-1.57726,-0.030481,-1.55369
0.507424,-0.237463,0.032692;-1.59428,0.0809951,-1.5155
0.506814,-0.238988,0.0352674;-1.61236,0.0754853,-1.49612
0.509945,-0.242233,0.0318251;-1.59823,0.0186183,-1.53316
0.511331,-0.245203,0.0287657;-1.57725,-0.0417693,-1.56869
0.510544,-0.248018,0.0294487;-1.58858,-0.0996816,-1.56626
0.509134,-0.247447,0.0290865;-1.58014,-0.0451461,-1.56131
0.508326,-0.24145,0.0312681;-1.58772,0.0399945,-1.53351
0.506528,-0.238068,0.0341501;-1.61318,0.105811,-1.50536
0.509269,-0.239458,0.0347782;-1.63215,0.0783719,-1.51548
0.511729,-0.245503,0.0297629;-1.59198,-0.00179383,-1.55766
0.511366,-0.250587,0.0298374;-1.60249,-0.114986,-1.57379
0.509657,-0.252322,0.0288304;-1.57891,-0.0930128,-1.5674
0.509136,-0.25249,0.0298556;-1.57997,-0.0741037,-1.54934
0.512548,-0.248779,0.0346842;-1.59526,-0.00300605,-1.49561
0.516272,-0.242658,0.0332941;-1.61364,0.048018,-1.52519
0.517421,-0.241796,0.0298236;-1.60848,0.0429322,-1.5681
0.515072,-0.24483,0.0297017;-1.60385,-0.0740235,-1.57718
0.511013,-0.248664,0.029107;-1.59321,-0.0727906,-1.57572
0.509694,-0.248881,0.0308606;-1.58521,-0.03918,-1.53787
0.509694,-0.248881,0.0308606;-1.58521,-0.03918,-1.53787
0.51057,-0.241144,0.0359537;-1.62232,0.0449167,-1.4971
0.51057,-0.241144,0.0359537;-1.62232,0.0449167,-1.4971
