0.5,-0.3,0.06;-1.57,-2.98023e-08,-1.57
0.5,-0.3,0.06;-1.57,-2.98023e-08,-1.57
0.5,-0.3,0.06;-1.57,-2.98023e-08,-1.57
0.498844,-0.297375,0.0287806;-1.57077,-0.257454,-1.58074
0.499256,-0.296394,0.0287431;-1.57029,-0.242763,-1.57835
0.500281,-0.290646,0.029642;-1.55493,-0.162672,-1.551
0.496806,-0.275159,0.0328463;-1.61147,-0.0132992,-1.5388
0.502692,-0.298018,0.0316727;-1.56386,-0.0445791,-1.62115
0.500723,-0.303471,0.0315847;-1.56085,-0.0786703,-1.61188
0.499151,-0.304273,0.02888;-1.56882,-0.113793,-1.583
0.500187,-0.302889,0.0293212;-1.54594,-0.108154,-1.57119
0.504515,-0.297547,0.0321174;-1.49766,-0.0270522,-1.56191
0.508415,-0.285161,0.0369551;-1.46679,0.0873749,-1.53294
0.515725,-0.268917,0.0310797;-1.56836,0.180415,-1.53282
0.515532,-0.274364,0.0289448;-1.55743,0.135999,-1.57661
0.51293,-0.278491,0.0291728;-1.57261,0.12747,-1.58541
0.508258,-0.285555,0.0291752;-1.56225,0.123575,-1.58779
0.505597,-0.287623,0.0295822;-1.54971,0.15662,-1.57591
0.504001,-0.286427,0.0341246;-1.48431,0.202792,-1.56498
0.512415,-0.2627,0.0357892;-1.52807,0.276644,-1.50829
0.513024,-0.260994,0.0362919;-1.4728,0.284203,-1.5518
0.513095,-0.265657,0.0352073;-1.42742,0.24182,-1.59985
0.50686,-0.280872,0.0319094;-1.50803,0.143192,-1.58265
0.506834,-0.281076,0.0308325;-1.5195,0.19685,-1.57755
0.502001,-0.285869,0.0361178;-1.45294,0.231128,-1.59017
0.496383,-0.288964,0.0398843;-1.3496,0.268218,-1.62833
0.496944,-0.290671,0.0380987;-1.3747,0.3214,-1.63193
0.498524,-0.286742,0.0293453;-1.5524,0.344059,-1.56921
0.490751,-0.290824,0.0293215;-1.54351,0.251245,-1.56935
0.488517,-0.29155,0.0296129;-1.53552,0.20513,-1.57321
0.493108,-0.286762,0.0394927;-1.36849,0.281092,-1.60654
0.494453,-0.284145,0.0405367;-1.38989,0.303477,-1.58156
0.498064,-0.285085,0.0364351;-1.44773,0.266296,-1.58208
0.499137,-0.283381,0.0285575;-1.57188,0.292418,-1.5705
0.494451,-0.287959,0.0296671;-1.54535,0.2751,-1.57178
0.488542,-0.291725,0.0294382;-1.54439,0.224303,-1.57113
0.490474,-0.290818,0.0343624;-1.5061,0.26422,-1.53786
0.49633,-0.280864,0.0367174;-1.51612,0.330856,-1.50459
0.501278,-0.27326,0.0349123;-1.59027,0.281698,-1.4783
0.508639,-0.273558,0.0289604;-1.55309,0.1977,-1.57621
0.508848,-0.274004,0.0292587;-1.56648,0.178292,-1.57684
0.505654,-0.277118,0.0301695;-1.54285,0.14484,-1.57987
0.503029,-0.277178,0.0332443;-1.48949,0.187387,-1.56714
0.505835,-0.272175,0.0355486;-1.51614,0.248159,-1.51529
0.509687,-0.261749,0.0361625;-1.56122,0.328104,-1.47847
0.515736,-0.25482,0.0296679;-1.57045,0.335095,-1.54844
0.515248,-0.255659,0.0286468;-1.56858,0.287489,-1.57263
0.514134,-0.254752,0.0286389;-1.57114,0.18047,-1.57385
0.515497,-0.253327,0.0302488;-1.57307,0.122193,-1.56088
0.517773,-0.2468,0.0326613;-1.60129,0.144652,-1.52075
0.517227,-0.243208,0.0346585;-1.61973,0.166699,-1.50182
0.518665,-0.243599,0.0294498;-1.57791,0.162506,-1.55099
0.518421,-0.24478,0.0286086;-1.57089,0.113604,-1.57236
0.518401,-0.24647,0.0288476;-1.57745,0.0437179,-1.56367
0.518699,-0.247357,0.029869;-1.57156,0.0197069,-1.54289
0.521951,-0.242121,0.0314928;-1.57811,0.0461927,-1.52256
0.524927,-0.236048,0.0346205;-1.62086,0.0781476,-1.51077
0.534878,-0.233058,0.0335362;-1.65007,0.0276401,-1.55849
0.535321,-0.23471,0.0314348;-1.63704,0.0130035,-1.57741
0.534145,-0.237995,0.0302565;-1.60611,-0.0190668,-1.57925
0.525284,-0.250594,0.0305808;-1.58069,-0.0690857,-1.53976
0.5236,-0.249898,0.0332397;-1.5851,-0.00716821,-1.50795
0.526557,-0.241797,0.035481;-1.60367,0.07628,-1.48639
0.527248,-0.240854,0.0352826;-1.62032,0.139578,-1.50406
0.530897,-0.242211,0.0319116;-1.64767,0.102326,-1.56433
0.53303,-0.243049,0.0318341;-1.60342,0.0782155,-1.60299
0.53531,-0.240969,0.0312803;-1.63651,-0.0207927,-1.57563
0.534561,-0.238559,0.0326447;-1.64589,0.00480424,-1.55846
0.534078,-0.23896,0.0339489;-1.61893,-0.000875563,-1.51616
0.529475,-0.23789,0.0386512;-1.64273,0.0962581,-1.47148
0.525851,-0.243624,0.0382283;-1.58577,0.171967,-1.51311
0.521907,-0.247726,0.0336541;-1.60781,0.226566,-1.56382
0.521191,-0.253312,0.0333293;-1.59805,0.218417,-1.61887
0.521189,-0.255191,0.0322855;-1.57589,0.189358,-1.62294
0.515748,-0.262105,0.0352089;-1.66276,0.140363,-1.56081
0.516183,-0.250092,0.0398799;-1.69215,0.100189,-1.48357
0.517932,-0.249192,0.0382715;-1.68374,0.0991833,-1.50161
0.517667,-0.247526,0.0305797;-1.61628,0.140384,-1.56101
0.510852,-0.258067,0.0318245;-1.59324,0.197998,-1.59847
0.499138,-0.275267,0.0308806;-1.54641,0.180762,-1.59595
0.49364,-0.283345,0.0328101;-1.49691,0.147928,-1.59308
0.4927,-0.294498,0.0453527;-1.2312,0.215089,-1.64715
0.492956,-0.295896,0.0433164;-1.27711,0.203302,-1.63487
0.496776,-0.291261,0.0383429;-1.38378,0.23968,-1.62135
0.502068,-0.275888,0.0306313;-1.55657,0.204988,-1.58833
0.502009,-0.273925,0.0292254;-1.56376,0.118971,-1.58202
0.499719,-0.276033,0.0297318;-1.57625,0.0665061,-1.56234
0.494442,-0.281522,0.0368946;-1.47104,0.116225,-1.54325
0.494802,-0.285269,0.034925;-1.47089,0.126872,-1.57636
0.492623,-0.290892,0.0354701;-1.4493,0.102915,-1.59644
0.497717,-0.282627,0.0326066;-1.5688,0.141527,-1.60906
0.500407,-0.275133,0.0295538;-1.58227,0.107473,-1.5837
0.500468,-0.274623,0.0288569;-1.58388,0.0960313,-1.56865
0.500239,-0.273262,0.0345857;-1.60965,0.0777087,-1.50374
0.503364,-0.270549,0.0328695;-1.59788,0.0342983,-1.51987
0.504542,-0.270745,0.0327441;-1.59463,0.00952902,-1.52047
0.50649,-0.271292,0.0288296;-1.58019,0.00111619,-1.57502
0.508028,-0.269455,0.0311038;-1.59146,-0.0153709,-1.59841
0.508711,-0.268353,0.0289058;-1.58946,-0.0438841,-1.5736
0.507813,-0.266748,0.030461;-1.58074,-0.030202,-1.54023
0.50777,-0.264754,0.0355385;-1.5911,-0.020602,-1.48141
0.511155,-0.269623,0.0336101;-1.58254,-0.095413,-1.50098
0.512615,-0.272649,0.0311229;-1.5743,-0.12682,-1.52826
0.512955,-0.272248,0.0288349;-1.56709,-0.13166,-1.56153
0.512735,-0.272396,0.0287963;-1.56435,-0.131611,-1.566
0.512873,-0.27147,0.0296843;-1.56673,-0.109472,-1.54416
0.508117,-0.263138,0.0354683;-1.60534,0.0216811,-1.4916
0.509008,-0.26265,0.0327518;-1.57869,0.0263724,-1.50834
0.506764,-0.262143,0.031824;-1.57979,0.0480016,-1.51567
0.507666,-0.255606,0.0302699;-1.57539,0.130003,-1.54
0.507939,-0.254387,0.0288391;-1.56955,0.143628,-1.55992
0.507017,-0.257079,0.0315906;-1.57133,0.106508,-1.52201
0.50653,-0.255423,0.0392647;-1.48723,0.117124,-1.49048
0.512922,-0.243327,0.0348875;-1.58309,0.166746,-1.48048
0.51221,-0.244265,0.0331046;-1.59263,0.167418,-1.51106
0.511701,-0.247,0.0337072;-1.55547,0.21505,-1.53875
0.510172,-0.247418,0.0292044;-1.58197,0.221563,-1.55438
0.507872,-0.251099,0.029525;-1.56805,0.161155,-1.54919
0.500415,-0.260191,0.0374541;-1.49985,0.13987,-1.49685
0.506596,-0.248709,0.0361817;-1.57016,0.249706,-1.47605
0.507122,-0.249957,0.0365104;-1.55505,0.254422,-1.48877
0.514532,-0.24617,0.0372232;-1.49978,0.186293,-1.52796
0.514279,-0.248025,0.0366206;-1.47293,0.197963,-1.55877
0.514029,-0.248143,0.029107;-1.5709,0.216564,-1.57703
0.498141,-0.263902,0.0354197;-1.53717,0.225806,-1.5027
0.49256,-0.269317,0.0388526;-1.42336,0.256965,-1.55495
0.498493,-0.260706,0.0355178;-1.56059,0.321042,-1.49058
0.497014,-0.257791,0.0327981;-1.54923,0.39175,-1.52933
0.496969,-0.258634,0.032906;-1.52389,0.395235,-1.55641
0.501142,-0.258842,0.029166;-1.59085,0.360688,-1.55532
0.499773,-0.269361,0.0310768;-1.54829,0.173544,-1.55669
0.495886,-0.277655,0.0393016;-1.38458,0.144381,-1.57824
0.491056,-0.28426,0.0430989;-1.27818,0.106133,-1.59859
0.490249,-0.275644,0.0325173;-1.52603,0.149015,-1.54757
0.489579,-0.267248,0.028681;-1.57071,0.275157,-1.56609
0.490249,-0.266443,0.0288601;-1.55861,0.314983,-1.57178
0.487598,-0.270743,0.0295637;-1.56799,0.188503,-1.55184
0.485788,-0.271349,0.0337698;-1.54732,0.171219,-1.51995
0.484306,-0.273096,0.0400331;-1.46837,0.181627,-1.52493
0.493351,-0.277579,0.0442322;-1.26942,0.138886,-1.61979
0.493865,-0.268222,0.0406148;-1.37584,0.119854,-1.62675
0.494253,-0.258225,0.0306873;-1.51959,0.0766823,-1.57312
0.492024,-0.264098,0.0286862;-1.57109,-0.000471205,-1.56598
0.490048,-0.272083,0.0305266;-1.57432,-0.0759699,-1.53885
0.486558,-0.276997,0.033596;-1.57292,-0.108167,-1.49859
0.487655,-0.27316,0.0312949;-1.53973,-0.0724505,-1.53839
0.488378,-0.272465,0.0314478;-1.49982,-0.0582924,-1.56467
0.490661,-0.271258,0.0304167;-1.53546,-0.0433722,-1.57991
0.492574,-0.269567,0.028883;-1.57164,-0.1113,-1.58497
0.494024,-0.270305,0.0291549;-1.58386,-0.18402,-1.56133
0.493661,-0.274116,0.0319676;-1.57712,-0.227002,-1.51918
0.492877,-0.275287,0.0320825;-1.56334,-0.184508,-1.51821
0.492462,-0.274658,0.0304356;-1.54452,-0.163322,-1.5436
0.492283,-0.276668,0.0294174;-1.54061,-0.179993,-1.56011
0.493142,-0.275512,0.0289374;-1.57407,-0.159377,-1.58509
0.49324,-0.275599,0.0293759;-1.59437,-0.146,-1.58332
0.49253,-0.275867,0.0311146;-1.62133,-0.145774,-1.57252
0.489905,-0.275872,0.0330278;-1.606,-0.156998,-1.52594
0.489606,-0.276347,0.0306582;-1.57269,-0.169504,-1.53756
0.489478,-0.276465,0.0291303;-1.56473,-0.182605,-1.55828
0.489085,-0.277704,0.0289612;-1.5841,-0.13653,-1.57782
0.487536,-0.279497,0.0292331;-1.5989,-0.078651,-1.57682
0.486387,-0.279676,0.0298572;-1.6096,-0.053431,-1.57098
0.483468,-0.273643,0.0364291;-1.68865,0.0128001,-1.54165
0.483321,-0.272708,0.0351216;-1.68452,0.0267024,-1.55326
0.481397,-0.275578,0.0309771;-1.62715,0.0326624,-1.5668
0.480233,-0.27831,0.0291418;-1.58823,0.0570333,-1.57943
0.480994,-0.278179,0.0291424;-1.58399,0.0380796,-1.58427
0.480391,-0.279905,0.0303782;-1.6181,0.0402593,-1.57275
0.475959,-0.277099,0.0373725;-1.7027,0.0908197,-1.52094
0.475594,-0.274424,0.0372454;-1.72384,0.124538,-1.53567
0.47418,-0.277837,0.0347687;-1.69001,0.151724,-1.56305
0.47328,-0.295601,0.0341916;-1.559,0.187086,-1.62943
0.472735,-0.303036,0.0320726;-1.56914,0.171596,-1.62462
0.472313,-0.303939,0.0305304;-1.5685,0.151855,-1.60778
0.468693,-0.300438,0.0355272;-1.66131,0.150658,-1.52043
0.471231,-0.290259,0.0380524;-1.73857,0.183926,-1.5234
0.472847,-0.280573,0.0354409;-1.69669,0.211688,-1.55744
0.473545,-0.288091,0.035125;-1.56418,0.18775,-1.63476
0.477306,-0.297615,0.0351785;-1.58072,0.1902,-1.65248
0.478101,-0.300553,0.0354185;-1.58162,0.151466,-1.65639
0.478101,-0.300553,0.0354185;-1.58162,0.151466,-1.65639
0.47339,-0.305141,0.0381205;-1.6809,0.101499,-1.61435
0.47339,-0.305141,0.0381205;-1.6809,0.101499,-1.61435
