0.5,-0.3,0.06;-1.57,-2.98023e-08,-1.57
0.5,-0.3,0.06;-1.57,-2.98023e-08,-1.57
0.5,-0.3,0.06;-1.57,-2.98023e-08,-1.57
0.50171,-0.295714,0.0288529;-1.57998,-0.29501,-1.57777
0.501742,-0.29494,0.028916;-1.58308,-0.257913,-1.57822
0.502317,-0.285933,0.0294158;-1.57495,-0.14694,-1.5655
0.498787,-0.269151,0.0331447;-1.64029,-0.0180961,-1.56436
0.502178,-0.27024,0.0291069;-1.59502,-0.13522,-1.57714
0.504309,-0.269576,0.0289565;-1.58731,-0.262385,-1.57746
0.506216,-0.268011,0.0288133;-1.5821,-0.372025,-1.57563
0.505932,-0.268131,0.0290436;-1.59148,-0.362528,-1.57514
0.504224,-0.265419,0.0295854;-1.57602,-0.276625,-1.56269
0.50248,-0.255827,0.0337732;-1.62107,-0.137682,-1.55112
0.503201,-0.24741,0.031553;-1.61884,-0.0893801,-1.56724
0.505268,-0.248524,0.0290765;-1.59212,-0.135234,-1.57676
0.505741,-0.248838,0.0289076;-1.58331,-0.153606,-1.57624
0.508518,-0.249963,0.0288611;-1.58058,-0.262174,-1.57765
0.507198,-0.250851,0.0293955;-1.58517,-0.234803,-1.56098
0.504295,-0.248118,0.0334963;-1.61807,-0.150065,-1.54955
0.502304,-0.241171,0.0343682;-1.64097,-0.0396587,-1.54782
0.503861,-0.24195,0.0314616;-1.62226,-0.0628702,-1.57016
0.503752,-0.243237,0.029129;-1.5924,-0.0530665,-1.5769
0.505606,-0.242246,0.028936;-1.58213,-0.133637,-1.57812
0.50602,-0.242344,0.0290416;-1.59175,-0.140446,-1.57218
0.506815,-0.243389,0.0300579;-1.58672,-0.145573,-1.55741
0.50507,-0.242961,0.0325909;-1.60959,-0.120513,-1.54701
0.504784,-0.246442,0.0298942;-1.59724,-0.145104,-1.57226
0.503296,-0.249182,0.0290584;-1.5915,-0.120862,-1.57603
0.50303,-0.249683,0.0290348;-1.59025,-0.106581,-1.57566
0.502762,-0.24971,0.0291816;-1.5982,-0.092422,-1.57547
0.504118,-0.243404,0.0305609;-1.59847,-0.0538237,-1.57133
0.502786,-0.242287,0.0332079;-1.6391,-0.0314335,-1.56614
0.502159,-0.244373,0.0327905;-1.62884,-0.0385981,-1.55655
0.500878,-0.253289,0.0287989;-1.57886,-0.119954,-1.57429
0.498919,-0.255636,0.0290254;-1.5893,-0.0746495,-1.5753
0.497638,-0.25782,0.0289257;-1.58202,-0.011435,-1.57638
0.499609,-0.252582,0.0291764;-1.59065,0.0296503,-1.57824
0.499685,-0.247844,0.0317727;-1.6237,0.0702064,-1.57
0.499248,-0.247002,0.0329876;-1.6401,0.0808956,-1.56019
0.496813,-0.261863,0.0290131;-1.58519,-0.0123285,-1.57755
0.49196,-0.271933,0.0289887;-1.58536,-0.0208991,-1.57803
0.490438,-0.276067,0.0289005;-1.57871,0.0256707,-1.57805
0.492198,-0.272917,0.0289757;-1.57577,0.105808,-1.585
0.495757,-0.261202,0.0293732;-1.58165,0.149498,-1.57661
0.496093,-0.250973,0.0332652;-1.64726,0.226627,-1.5556
0.495275,-0.26041,0.0291637;-1.59187,0.168946,-1.57146
0.489558,-0.275518,0.0288451;-1.57551,0.126595,-1.57866
0.484417,-0.286365,0.0288756;-1.57565,0.123986,-1.57949
0.483291,-0.289945,0.0290226;-1.57423,0.14927,-1.58807
0.485359,-0.286523,0.0296139;-1.57248,0.184223,-1.58801
0.490275,-0.269619,0.0306467;-1.58521,0.244901,-1.57646
0.493993,-0.258629,0.0288963;-1.58079,0.206188,-1.57413
0.492792,-0.262583,0.0289398;-1.5792,0.199852,-1.57818
0.490165,-0.270109,0.0290037;-1.58412,0.196045,-1.57653
0.486373,-0.279874,0.0289539;-1.57391,0.207118,-1.5852
0.487162,-0.279236,0.0293568;-1.57946,0.214252,-1.58423
0.488189,-0.275479,0.030195;-1.57785,0.211246,-1.58439
0.493753,-0.2588,0.0288489;-1.57095,0.2095,-1.57041
0.493341,-0.260186,0.0295499;-1.54533,0.223741,-1.57868
0.493289,-0.261154,0.0289729;-1.56119,0.215468,-1.57098
0.49051,-0.270841,0.0287736;-1.57381,0.200243,-1.57763
0.488697,-0.27628,0.0291317;-1.56395,0.208316,-1.57478
0.488828,-0.280097,0.0346413;-1.45887,0.234363,-1.58705
0.490003,-0.272955,0.0349216;-1.45686,0.206128,-1.59098
0.489672,-0.272532,0.0347493;-1.44972,0.15654,-1.59216
0.490077,-0.270561,0.0326197;-1.48955,0.13199,-1.57771
0.489494,-0.271395,0.0287308;-1.57072,0.161648,-1.57784
0.488727,-0.273482,0.0288;-1.56857,0.206779,-1.57976
0.489172,-0.275012,0.0300294;-1.54948,0.224644,-1.57448
0.488917,-0.273353,0.0353049;-1.45577,0.202357,-1.58725
0.488111,-0.273822,0.0367314;-1.41965,0.137553,-1.59171
0.486993,-0.26867,0.0287526;-1.5763,0.070322,-1.58199
0.488068,-0.266806,0.029027;-1.58581,0.02848,-1.57821
0.487374,-0.267645,0.029006;-1.57976,0.0936175,-1.58126
0.48645,-0.268584,0.0289907;-1.57907,0.157081,-1.58088
0.486099,-0.262812,0.0334391;-1.65634,0.239513,-1.56062
0.486878,-0.265603,0.0331955;-1.60294,0.13851,-1.57641
0.486548,-0.26663,0.0290983;-1.57035,0.0647701,-1.58343
0.487577,-0.261393,0.0290664;-1.58801,-0.0805323,-1.57854
0.487342,-0.261763,0.0289522;-1.57952,-0.0410156,-1.58018
0.486931,-0.262529,0.0290512;-1.58214,-0.00498684,-1.58195
0.48411,-0.25832,0.0313585;-1.6194,0.121359,-1.57629
0.486292,-0.252465,0.0326361;-1.64911,0.0836449,-1.57278
0.487598,-0.253622,0.0293263;-1.59627,0.044182,-1.57637
0.48982,-0.252035,0.0288939;-1.5801,-0.169743,-1.57828
0.490661,-0.251007,0.0288738;-1.5789,-0.206058,-1.57854
0.490595,-0.250593,0.0292058;-1.5973,-0.201294,-1.58071
0.489267,-0.24427,0.0311617;-1.59983,-0.029467,-1.57286
0.48995,-0.235948,0.0319444;-1.61567,0.0105354,-1.56336
0.489542,-0.233267,0.0297906;-1.60015,0.0321802,-1.57177
0.490917,-0.239956,0.0289876;-1.58107,-0.0831202,-1.58113
0.491816,-0.243225,0.0293848;-1.57378,-0.142271,-1.58904
0.492778,-0.24674,0.0294191;-1.56447,-0.197504,-1.5863
0.492338,-0.242414,0.0302461;-1.56889,-0.085873,-1.57289
0.492703,-0.238347,0.0315229;-1.57988,-0.00617517,-1.56151
0.489521,-0.235851,0.0301887;-1.58693,0.0689967,-1.55998
0.490423,-0.236877,0.0286113;-1.57122,-0.00759338,-1.57238
0.490778,-0.240799,0.0289869;-1.58234,-0.0910404,-1.57996
0.491579,-0.242012,0.0289129;-1.58208,-0.128275,-1.57701
0.492139,-0.242577,0.0289452;-1.58841,-0.133676,-1.57361
0.488457,-0.240297,0.0315171;-1.60829,-0.0194632,-1.56962
0.488738,-0.236616,0.0318709;-1.57824,0.0154019,-1.56222
0.488476,-0.234436,0.0291491;-1.58927,0.0289111,-1.5793
0.488736,-0.235372,0.0289042;-1.57937,0.00846578,-1.57755
0.489571,-0.236134,0.0289936;-1.58279,-0.0386776,-1.57915
0.489976,-0.23666,0.0292481;-1.59801,-0.0543889,-1.57813
0.489455,-0.238244,0.0337417;-1.62715,-0.0611317,-1.55045
0.489191,-0.236836,0.0335894;-1.58573,-0.0355001,-1.55669
0.488892,-0.235661,0.0293539;-1.5742,-0.0265248,-1.59351
0.488013,-0.236864,0.0289985;-1.58376,0.00407512,-1.5779
0.487772,-0.237601,0.028832;-1.57508,0.00682192,-1.57842
0.487635,-0.237837,0.0292633;-1.599,0.00876846,-1.57613
0.488761,-0.23645,0.0336664;-1.63346,-0.0288051,-1.55909
0.488452,-0.235334,0.0322186;-1.62247,-0.0125129,-1.56179
0.487823,-0.237929,0.0294542;-1.59716,-0.00720036,-1.57492
0.485871,-0.241787,0.0288494;-1.57625,0.0518117,-1.57775
0.484661,-0.244237,0.0286836;-1.57083,0.105601,-1.57572
0.484282,-0.245087,0.0290458;-1.58158,0.121322,-1.58101
0.484301,-0.243741,0.0318209;-1.62966,0.123634,-1.57205
0.484909,-0.242332,0.0326254;-1.64832,0.113968,-1.57023
0.485418,-0.244064,0.0303166;-1.61036,0.106458,-1.57231
0.483012,-0.253029,0.0288974;-1.57616,0.0898155,-1.58014
0.481793,-0.256408,0.0289113;-1.57645,0.123415,-1.58023
0.481112,-0.258854,0.028865;-1.5715,0.164735,-1.58392
0.480899,-0.259297,0.0292423;-1.57985,0.237402,-1.57784
0.481537,-0.250507,0.031153;-1.61008,0.264584,-1.56573
0.483177,-0.247546,0.0312204;-1.60242,0.228601,-1.56421
0.484683,-0.251749,0.0288001;-1.57118,0.142125,-1.58112
0.480842,-0.26352,0.0288815;-1.57592,0.147368,-1.57925
0.477753,-0.272181,0.0287957;-1.57429,0.149933,-1.57802
0.478372,-0.275268,0.0292053;-1.55957,0.22179,-1.58344
0.480454,-0.266152,0.0316647;-1.52781,0.289163,-1.58287
0.482394,-0.253382,0.0324696;-1.53298,0.31268,-1.57471
0.48483,-0.249846,0.029004;-1.57658,0.223791,-1.58471
0.4846,-0.252932,0.0288449;-1.57446,0.189694,-1.57926
0.48195,-0.263828,0.028924;-1.57671,0.172635,-1.58025
0.479537,-0.273424,0.0290011;-1.57591,0.167667,-1.58617
0.479828,-0.274118,0.0294907;-1.56889,0.219294,-1.58065
0.481096,-0.269329,0.0322264;-1.52518,0.271666,-1.58704
0.482663,-0.252805,0.034232;-1.45927,0.276127,-1.6035
0.48331,-0.248171,0.0287851;-1.57127,0.21745,-1.58087
0.484744,-0.248616,0.0288132;-1.57357,0.155464,-1.57866
0.480457,-0.264684,0.0289295;-1.57385,0.153302,-1.58507
0.480104,-0.268198,0.0292331;-1.57855,0.168615,-1.58084
0.480242,-0.270772,0.0318151;-1.53202,0.204942,-1.58122
0.481055,-0.261594,0.0336652;-1.47073,0.227039,-1.5916
0.481098,-0.25303,0.0289405;-1.56136,0.18594,-1.58052
0.481199,-0.25143,0.0288027;-1.57144,0.152048,-1.58152
0.481708,-0.253678,0.0292395;-1.58988,0.111319,-1.58209
0.47926,-0.263625,0.0290449;-1.586,0.12596,-1.57696
0.478618,-0.272034,0.0340888;-1.48415,0.164084,-1.58172
0.478798,-0.270348,0.0353084;-1.43766,0.164315,-1.58534
0.477757,-0.265085,0.029079;-1.55524,0.139729,-1.58131
0.4778,-0.261125,0.028866;-1.56665,0.115083,-1.58127
0.478905,-0.256099,0.0289114;-1.57239,-0.0155554,-1.58476
0.478243,-0.25665,0.0288339;-1.57565,0.0248427,-1.57783
0.477415,-0.259171,0.0293627;-1.57862,0.0619523,-1.57523
0.476589,-0.260154,0.0345857;-1.4693,0.0845853,-1.58199
0.475564,-0.258978,0.0307233;-1.53462,0.0688106,-1.58251
0.475596,-0.256926,0.0288134;-1.57173,0.0521977,-1.5811
0.477183,-0.252861,0.0288902;-1.57671,-0.0361147,-1.57978
0.477839,-0.250933,0.0288515;-1.57116,-0.0709168,-1.58312
0.477032,-0.249235,0.0288969;-1.57665,-0.0256011,-1.57751
0.474743,-0.2467,0.0305619;-1.60356,0.0506994,-1.57567
0.474547,-0.246841,0.0289846;-1.58348,0.0506736,-1.57687
0.474389,-0.247005,0.0288963;-1.57105,0.0129458,-1.58601
0.474899,-0.246024,0.0288332;-1.57537,-0.0255676,-1.57891
0.476336,-0.24398,0.0289142;-1.57442,-0.084567,-1.58327
0.477372,-0.242389,0.0289357;-1.57632,-0.104649,-1.58275
0.474193,-0.241448,0.030938;-1.60726,0.0244182,-1.57874
0.47313,-0.24211,0.0319911;-1.56746,0.0523866,-1.57234
0.473538,-0.241814,0.0291105;-1.58405,0.0168903,-1.5827
0.474902,-0.24127,0.0288565;-1.57527,-0.0993199,-1.57976
0.474737,-0.242032,0.028949;-1.5775,-0.112055,-1.58246
0.474948,-0.242093,0.0287801;-1.57455,-0.11816,-1.57693
0.475179,-0.236977,0.0302882;-1.59311,-0.0310893,-1.57634
0.473402,-0.238195,0.0320557;-1.57731,0.0145408,-1.57
0.470514,-0.241876,0.0309656;-1.52682,0.0498078,-1.57475
0.472272,-0.240127,0.0288308;-1.57463,-0.0493873,-1.579
0.472879,-0.240867,0.0289275;-1.57614,-0.0951193,-1.58257
0.473187,-0.244114,0.0289124;-1.57391,-0.145286,-1.58408
0.473187,-0.244114,0.0289124;-1.57391,-0.145286,-1.58408
0.473463,-0.245004,0.0293022;-1.57376,-0.158781,-1.57558
0.473463,-0.245004,0.0293022;-1.57376,-0.158781,-1.57558
