0.5,-0.3,0.06;-1.57,-2.98023e-08,-1.57
0.5,-0.3,0.06;-1.57,-2.98023e-08,-1.57
0.5,-0.3,0.06;-1.57,-2.98023e-08,-1.57
0.501485,-0.295776,0.0287067;-1.57474,-0.301938,-1.57423
0.500907,-0.298032,0.0288718;-1.56999,-0.264568,-1.57315
0.500614,-0.302906,0.0299929;-1.54827,-0.199541,-1.5616
0.50106,-0.305288,0.0335784;-1.48512,-0.11992,-1.55634
0.500275,-0.301325,0.0287195;-1.57234,-0.207963,-1.57764
0.500361,-0.298116,0.0288524;-1.57398,-0.268092,-1.57328
0.500164,-0.296898,0.0287605;-1.57754,-0.347605,-1.57544
0.499682,-0.30087,0.0287901;-1.56435,-0.19911,-1.57317
0.500484,-0.30083,0.0301606;-1.54197,-0.138461,-1.56281
0.500605,-0.296664,0.0343979;-1.47027,-0.0659276,-1.55189
0.502497,-0.270683,0.0303942;-1.59372,-0.0684673,-1.56222
0.504224,-0.268405,0.0287681;-1.57782,-0.137435,-1.57502
0.505899,-0.265696,0.0287379;-1.57266,-0.2514,-1.57349
0.504424,-0.265129,0.0289083;-1.58689,-0.173805,-1.57456
0.502659,-0.266469,0.0300967;-1.5943,-0.114749,-1.564
0.499829,-0.277136,0.0330571;-1.61766,-0.0543678,-1.55182
0.497827,-0.293891,0.0340832;-1.4706,-0.054495,-1.55357
0.496086,-0.290603,0.0308138;-1.52645,-0.134204,-1.56386
0.494528,-0.285708,0.0287152;-1.57158,-0.244445,-1.57791
0.494658,-0.282136,0.0286622;-1.57081,-0.330992,-1.57483
0.49574,-0.282406,0.0287803;-1.56466,-0.249581,-1.57343
0.497312,-0.278017,0.0297621;-1.55033,-0.156775,-1.55805
0.496993,-0.275488,0.0307054;-1.5801,-0.0976604,-1.54851
0.497081,-0.277878,0.0287649;-1.56197,-0.18183,-1.5693
0.494963,-0.277858,0.0287454;-1.56727,-0.30899,-1.57424
0.494852,-0.277871,0.0286977;-1.5693,-0.305316,-1.57459
0.49503,-0.278545,0.0287007;-1.57078,-0.256248,-1.57671
0.499085,-0.283947,0.0324934;-1.50083,-0.00182697,-1.55999
0.500644,-0.278797,0.0374425;-1.42094,0.0699861,-1.56222
0.50297,-0.260701,0.032442;-1.50081,-0.0129956,-1.5607
0.505778,-0.252496,0.0286361;-1.57088,-0.217433,-1.57318
0.506177,-0.252525,0.028862;-1.57031,-0.273794,-1.57442
0.506031,-0.253882,0.0286448;-1.57201,-0.280361,-1.57305
0.50291,-0.25861,0.0295034;-1.56013,-0.127707,-1.55978
0.499794,-0.265826,0.0326161;-1.59242,-0.0354981,-1.5472
0.497676,-0.278077,0.0336276;-1.47948,-0.0259038,-1.55628
0.496427,-0.273536,0.0286681;-1.57033,-0.128356,-1.57522
0.495306,-0.271507,0.0287772;-1.56503,-0.210137,-1.57372
0.494578,-0.269611,0.0286688;-1.56977,-0.274002,-1.57414
0.494167,-0.272825,0.0289029;-1.55619,-0.188144,-1.56646
0.49366,-0.275307,0.0305469;-1.5361,-0.127815,-1.55436
0.492455,-0.277965,0.0340184;-1.48518,-0.0926148,-1.54649
0.487317,-0.283122,0.0286598;-1.5715,-0.26072,-1.57539
0.487202,-0.281954,0.0287221;-1.5676,-0.291471,-1.57349
0.48876,-0.281675,0.0287189;-1.56784,-0.236076,-1.57407
0.492756,-0.286195,0.0291036;-1.54755,0.0587332,-1.56985
0.4957,-0.284168,0.0318349;-1.50834,0.166258,-1.57008
0.498251,-0.281579,0.0358933;-1.46094,0.243446,-1.5672
0.49491,-0.279202,0.0286321;-1.57145,-0.0212347,-1.57424
0.492955,-0.27628,0.0287019;-1.56739,-0.154557,-1.57258
0.492137,-0.274173,0.0286841;-1.56872,-0.225554,-1.57355
0.493056,-0.276845,0.0288446;-1.55996,-0.0678923,-1.57162
0.494027,-0.277419,0.030373;-1.53765,0.0232489,-1.56217
0.494503,-0.27705,0.0345885;-1.47867,0.113667,-1.56091
0.491651,-0.280088,0.0291764;-1.5538,0.00484802,-1.56675
0.490095,-0.279158,0.0286639;-1.57073,-0.0884928,-1.57475
0.488261,-0.279234,0.0287263;-1.56645,-0.185048,-1.5727
0.487417,-0.280497,0.0287823;-1.56873,-0.182161,-1.57879
0.488492,-0.283108,0.0288265;-1.56575,-0.109243,-1.57688
0.489689,-0.286011,0.0298599;-1.55985,-0.0467331,-1.5721
0.491636,-0.284559,0.032097;-1.50444,0.02556,-1.56538
0.490718,-0.281528,0.0288316;-1.55962,-0.00786637,-1.57151
0.490254,-0.279981,0.0287082;-1.5672,-0.0476912,-1.57311
0.490819,-0.280253,0.0286651;-1.57076,-0.007701,-1.57481
0.491706,-0.281745,0.0290702;-1.54761,0.0398627,-1.57185
0.493579,-0.282049,0.0316531;-1.51147,0.0850672,-1.56748
0.495317,-0.279629,0.0350924;-1.45991,0.157949,-1.56896
0.49438,-0.277804,0.0332942;-1.47753,0.134392,-1.57535
0.492941,-0.273357,0.0286903;-1.568,0.0965419,-1.57391
0.491456,-0.270778,0.0286517;-1.56889,-0.0191375,-1.57228
0.49185,-0.272028,0.028685;-1.56776,0.0386516,-1.57291
0.492201,-0.273577,0.0288151;-1.56227,0.103063,-1.57286
0.492845,-0.277084,0.0319256;-1.52056,0.133152,-1.56566
0.491014,-0.279912,0.0313742;-1.51691,0.09257,-1.5687
0.48774,-0.28106,0.0288213;-1.56209,0.00927769,-1.57364
0.486668,-0.281169,0.0286889;-1.5672,-0.0483872,-1.5722
0.488399,-0.283132,0.0287628;-1.5645,0.036769,-1.57338
0.488949,-0.284057,0.0287228;-1.56827,0.076768,-1.57534
0.491274,-0.28419,0.0317539;-1.51763,0.150956,-1.57154
0.488161,-0.281675,0.0313743;-1.52065,0.0536329,-1.56925
0.48546,-0.277765,0.0287391;-1.56783,-0.0361346,-1.57545
0.483428,-0.27563,0.0286403;-1.57014,-0.15294,-1.57297
0.485061,-0.277109,0.0287216;-1.56603,-0.0668424,-1.57244
0.487449,-0.27948,0.0291599;-1.54959,0.0311278,-1.57327
0.49136,-0.278861,0.0322983;-1.50758,0.161886,-1.57058
0.491052,-0.278212,0.0336377;-1.48029,0.168794,-1.57562
0.489711,-0.278383,0.0319213;-1.49967,0.146284,-1.57261
0.488348,-0.276507,0.0285799;-1.57072,0.0573968,-1.57082
0.488761,-0.277272,0.0285808;-1.57054,0.0894261,-1.57117
0.488722,-0.277945,0.0289865;-1.55267,0.0901789,-1.57055
0.490557,-0.27596,0.0344599;-1.47974,0.156762,-1.56387
0.490332,-0.276519,0.0322783;-1.51006,0.14112,-1.56659
0.490335,-0.27727,0.0305447;-1.53001,0.145455,-1.56836
0.487008,-0.2762,0.028644;-1.5682,-0.00329313,-1.57023
0.487611,-0.277131,0.028657;-1.56723,0.0292334,-1.57088
0.487719,-0.27772,0.0286487;-1.57054,0.0455285,-1.5741
0.487842,-0.278568,0.029349;-1.55167,0.049671,-1.56839
0.487809,-0.281255,0.0316424;-1.51937,0.071411,-1.56532
0.483206,-0.286298,0.0317594;-1.50911,-0.0120341,-1.56234
0.480599,-0.283577,0.0286315;-1.57222,-0.0827935,-1.57484
0.479847,-0.281347,0.0286396;-1.56797,-0.143915,-1.57041
0.481642,-0.281939,0.0286804;-1.56763,-0.0388634,-1.57369
0.484281,-0.27911,0.0291798;-1.54574,0.0689627,-1.57312
0.48595,-0.264773,0.0305202;-1.55045,0.258482,-1.56075
0.485909,-0.272058,0.0314554;-1.52647,0.195224,-1.56738
0.484567,-0.272928,0.0286471;-1.57082,0.10902,-1.57413
0.481816,-0.273936,0.0286007;-1.56966,-0.0716004,-1.57082
0.481916,-0.274234,0.0285938;-1.56994,-0.0661541,-1.57082
0.48178,-0.274737,0.0286778;-1.57089,-0.0392614,-1.57546
0.482868,-0.279682,0.0301131;-1.54939,0.0985838,-1.56609
0.4818,-0.281115,0.0306096;-1.53264,0.0877335,-1.56722
0.480204,-0.280166,0.0287583;-1.56372,8.28505e-05,-1.57258
0.477912,-0.278775,0.0286093;-1.56942,-0.149393,-1.57056
0.477801,-0.279108,0.0286698;-1.5669,-0.168209,-1.56941
0.477729,-0.279687,0.0288771;-1.55697,-0.168789,-1.56933
0.479295,-0.277864,0.033165;-1.4969,-0.0345462,-1.55617
0.479615,-0.279338,0.0334402;-1.49368,0.0196278,-1.56013
0.478662,-0.280214,0.0299525;-1.53912,0.0114458,-1.56805
0.47704,-0.276776,0.0286855;-1.56548,-0.101439,-1.57018
0.476697,-0.275389,0.0285881;-1.57036,-0.132383,-1.57068
0.47656,-0.274842,0.0286205;-1.569,-0.147383,-1.57167
0.478253,-0.268757,0.0303023;-1.5506,-0.0119604,-1.55673
0.477522,-0.271134,0.0341305;-1.50082,0.095566,-1.55137
0.478127,-0.272814,0.0320885;-1.52001,0.138973,-1.56283
0.477469,-0.272749,0.0286817;-1.56701,0.0794682,-1.57225
0.47779,-0.272753,0.02866;-1.56775,0.0941475,-1.57189
0.477896,-0.27308,0.0287015;-1.56573,0.102134,-1.57211
0.478907,-0.274371,0.0289894;-1.56152,0.190013,-1.57096
0.479505,-0.274643,0.0305504;-1.53932,0.208734,-1.5684
0.478999,-0.27564,0.0316517;-1.52139,0.200816,-1.5693
0.474216,-0.272972,0.0286654;-1.57072,-0.0264032,-1.57476
0.47158,-0.270845,0.0286492;-1.56834,-0.158299,-1.57139
0.471038,-0.270914,0.0286652;-1.56824,-0.174266,-1.57189
0.472259,-0.272815,0.0289161;-1.55519,-0.0827465,-1.57011
0.473945,-0.271758,0.0314125;-1.52286,0.0105722,-1.56401
0.473417,-0.276256,0.0327372;-1.50543,0.117401,-1.56684
0.470158,-0.280101,0.0299258;-1.5353,0.0762547,-1.57111
0.468766,-0.278503,0.0286024;-1.57099,0.0184467,-1.57218
0.468283,-0.277775,0.0286157;-1.56966,-0.0133462,-1.57132
0.469907,-0.279636,0.0289291;-1.55418,0.0889566,-1.57237
0.472308,-0.276202,0.0310622;-1.52429,0.155501,-1.56986
0.474156,-0.27386,0.0329211;-1.5026,0.226138,-1.5711
0.472971,-0.27633,0.0324324;-1.50469,0.196127,-1.56883
0.471946,-0.273716,0.02862;-1.56997,0.100373,-1.5735
0.472029,-0.273413,0.0286006;-1.57081,0.0876481,-1.57187
0.472222,-0.274179,0.0287431;-1.56318,0.107583,-1.57183
0.472755,-0.274251,0.0301132;-1.54197,0.123044,-1.56651
0.473476,-0.274173,0.0335032;-1.4972,0.174438,-1.56617
0.467657,-0.283757,0.0326;-1.49454,0.0804545,-1.56697
0.46506,-0.281646,0.0285748;-1.57507,0.00679588,-1.57492
0.4641,-0.279121,0.0286312;-1.57051,-0.0891867,-1.57298
0.464215,-0.277723,0.0286313;-1.57077,-0.115464,-1.57327
0.465449,-0.279946,0.0287884;-1.56266,-0.0178646,-1.57217
0.466771,-0.284505,0.0295849;-1.55811,0.10053,-1.56896
0.465864,-0.290392,0.0322859;-1.50445,0.186529,-1.57327
0.464055,-0.290555,0.0287286;-1.56557,0.144753,-1.57355
0.462926,-0.288616,0.0286231;-1.56993,0.054528,-1.57235
0.464876,-0.288353,0.0285999;-1.5698,0.141401,-1.57098
0.466792,-0.288647,0.0288108;-1.55936,0.23849,-1.5734
0.467866,-0.288138,0.0292472;-1.5527,0.277124,-1.57373
0.468954,-0.278662,0.0312437;-1.52693,0.35727,-1.57284
0.467862,-0.276879,0.030306;-1.53132,0.281682,-1.57757
0.468098,-0.27312,0.0286682;-1.57107,0.147709,-1.57581
0.466395,-0.270391,0.0286185;-1.5694,-0.0256525,-1.57124
0.466159,-0.270909,0.0286314;-1.57062,-0.0367364,-1.57332
0.466122,-0.271918,0.0286734;-1.56897,-0.0268108,-1.57331
0.462966,-0.28341,0.0314187;-1.52434,0.181521,-1.56974
0.462972,-0.283421,0.0304389;-1.53232,0.195195,-1.57479
0.462681,-0.28148,0.0286895;-1.57089,0.152061,-1.57613
0.460249,-0.277705,0.0286195;-1.57052,-0.00662716,-1.57241
0.460059,-0.27778,0.0285952;-1.57086,-0.0296497,-1.57145
0.460029,-0.278225,0.0286898;-1.56629,-0.0278959,-1.57147
0.459943,-0.28388,0.0330487;-1.51023,0.153211,-1.56147
0.458608,-0.287817,0.0302027;-1.53841,0.15747,-1.57223
0.458462,-0.288184,0.0286639;-1.57126,0.146761,-1.57514
0.458198,-0.285782,0.0286047;-1.57084,0.0826831,-1.57194
0.45854,-0.286453,0.0286247;-1.56852,0.13088,-1.57138
0.459542,-0.287826,0.028816;-1.5599,0.206895,-1.57354
0.459542,-0.287826,0.028816;-1.5599,0.206895,-1.57354
0.459949,-0.287962,0.0287583;-1.57463,0.21162,-1.57453
0.459949,-0.287962,0.0287583;-1.57463,0.21162,-1.57453
