0.5,-0.3,0.06;-1.57,-2.98023e-08,-1.57
0.5,-0.3,0.06;-1.57,-2.98023e-08,-1.57
0.5,-0.3,0.06;-1.57,-2.98023e-08,-1.57
0.501616,-0.295178,0.0287785;-1.57951,-0.313063,-1.57477
0.501767,-0.29476,0.0287082;-1.57593,-0.320354,-1.57119
0.501206,-0.293569,0.0298722;-1.57548,-0.290225,-1.55616
0.500989,-0.290501,0.0312297;-1.5862,-0.282926,-1.54407
0.502802,-0.293973,0.0286801;-1.57443,-0.398821,-1.57365
0.50284,-0.293992,0.0286806;-1.57513,-0.443814,-1.57174
0.503078,-0.293749,0.0286714;-1.57478,-0.462705,-1.5718
0.501894,-0.293348,0.0286838;-1.57518,-0.376137,-1.57163
0.502753,-0.292109,0.0305046;-1.57045,-0.233657,-1.54695
0.501505,-0.289473,0.0340453;-1.61745,-0.146544,-1.5311
0.502256,-0.292855,0.0315044;-1.56994,-0.131219,-1.55141
0.50196,-0.297728,0.0305208;-1.53207,-0.170999,-1.57316
0.502306,-0.298468,0.0294894;-1.56751,-0.161921,-1.58214
0.503081,-0.290369,0.0286791;-1.57248,-0.128055,-1.57406
0.504365,-0.280233,0.0298281;-1.56729,-0.0614024,-1.55952
0.501599,-0.26154,0.0313725;-1.57071,-0.0275822,-1.53895
0.499252,-0.251119,0.0336962;-1.6042,-0.0115164,-1.52697
0.50067,-0.251849,0.0313655;-1.59615,-0.0263938,-1.55853
0.502457,-0.254357,0.0290507;-1.57874,-0.057813,-1.57891
0.503201,-0.250999,0.0287307;-1.5776,-0.184255,-1.57109
0.502743,-0.249461,0.0288443;-1.58052,-0.15654,-1.56921
0.499861,-0.24175,0.030046;-1.58633,-0.0654602,-1.55353
0.495132,-0.241205,0.0314339;-1.59983,-0.00171259,-1.55339
0.494892,-0.246599,0.0305788;-1.59168,-0.0126978,-1.5492
0.493973,-0.254006,0.0288464;-1.58366,0.0271281,-1.5708
0.494145,-0.255778,0.0287596;-1.57878,0.00965402,-1.57019
0.494802,-0.257195,0.0289068;-1.58435,-0.0246844,-1.56907
0.493703,-0.255799,0.0303693;-1.58851,0.0277106,-1.54947
0.49299,-0.255571,0.0326145;-1.60364,0.0794546,-1.52958
0.491933,-0.263424,0.0326778;-1.60341,0.0782064,-1.52743
0.489021,-0.28752,0.0286986;-1.57642,0.0288482,-1.57047
0.488963,-0.288534,0.0287868;-1.57796,0.01533,-1.56814
0.488844,-0.288774,0.0287123;-1.57567,0.00127551,-1.56938
0.488588,-0.283879,0.0301622;-1.54374,-0.0505939,-1.56568
0.490136,-0.276866,0.0329537;-1.50135,-0.0635279,-1.55655
0.490113,-0.273801,0.0330873;-1.50518,-0.0739183,-1.54581
0.487565,-0.280786,0.0286172;-1.57208,-0.167167,-1.57185
0.487469,-0.280951,0.0287682;-1.57755,-0.179537,-1.56862
0.486889,-0.280551,0.0287442;-1.5776,-0.141272,-1.57024
0.487253,-0.279074,0.0287333;-1.56704,-0.0887525,-1.57475
0.492804,-0.266002,0.0307179;-1.53984,-0.0759512,-1.56357
0.498545,-0.253699,0.0315299;-1.58829,-0.0754763,-1.55343
0.492103,-0.264195,0.0290378;-1.57678,-0.0495403,-1.56247
0.489026,-0.271996,0.029143;-1.55934,0.0297692,-1.5724
0.486975,-0.278905,0.0288678;-1.56697,0.105296,-1.57209
0.487971,-0.281008,0.0292276;-1.553,0.254306,-1.58422
0.49204,-0.267212,0.0295186;-1.57279,0.307666,-1.57625
0.494319,-0.254564,0.0342523;-1.68292,0.319886,-1.54453
0.498402,-0.253638,0.0314506;-1.63916,0.233218,-1.55545
0.498298,-0.255379,0.0290914;-1.59212,0.241167,-1.56989
0.495293,-0.260471,0.0293755;-1.58489,0.293401,-1.57717
0.495321,-0.260885,0.0299292;-1.5885,0.295609,-1.58048
0.498665,-0.254552,0.0322738;-1.64734,0.26558,-1.55874
0.50137,-0.248639,0.0351874;-1.70641,0.250965,-1.54345
0.510553,-0.251381,0.0334844;-1.65861,0.0799081,-1.55089
0.512878,-0.255309,0.0312468;-1.6344,0.0391043,-1.56783
0.513796,-0.257392,0.029686;-1.59879,0.026189,-1.57996
0.512727,-0.259893,0.0317296;-1.64354,0.0315055,-1.5707
0.509813,-0.261195,0.0343115;-1.6909,0.0881556,-1.56248
0.506788,-0.259122,0.0359456;-1.72068,0.159539,-1.54915
0.50569,-0.265424,0.0364421;-1.70035,0.0839314,-1.53723
0.504122,-0.275703,0.0340451;-1.68234,0.0226948,-1.56644
0.498019,-0.290191,0.0310431;-1.57161,0.0139252,-1.61279
0.486692,-0.312098,0.0319181;-1.56364,0.132664,-1.61866
0.486253,-0.318437,0.0326634;-1.54997,0.197039,-1.62821
0.487828,-0.323017,0.035804;-1.48257,0.253441,-1.6385
0.486944,-0.318543,0.0394284;-1.41825,0.240899,-1.64076
0.484526,-0.317641,0.038141;-1.44355,0.142446,-1.63646
0.482795,-0.310703,0.0345569;-1.50614,0.0232439,-1.61799
0.488187,-0.298736,0.0325199;-1.59417,-0.0430513,-1.61351
0.49063,-0.29733,0.0314504;-1.57224,-0.00123459,-1.61846
0.493724,-0.292948,0.0327482;-1.54636,0.0504139,-1.62195
0.497991,-0.276544,0.0398688;-1.55065,0.1909,-1.59658
0.499483,-0.273899,0.0418638;-1.54972,0.123675,-1.5945
0.503059,-0.268632,0.0352319;-1.58887,0.0486041,-1.58187
0.509855,-0.263488,0.0312196;-1.61177,-0.0260054,-1.59588
0.508626,-0.263179,0.0322913;-1.65309,0.0361168,-1.57169
0.505872,-0.263942,0.0331448;-1.64618,0.109118,-1.58129
0.497086,-0.258689,0.0364857;-1.67781,0.296189,-1.5791
0.495629,-0.25814,0.0367058;-1.69464,0.286132,-1.56784
0.495269,-0.259766,0.0359836;-1.70125,0.264954,-1.56039
0.494019,-0.265259,0.030606;-1.58917,0.2701,-1.5938
0.493069,-0.267654,0.0307505;-1.5776,0.284392,-1.6028
0.492141,-0.270658,0.0313858;-1.5887,0.300683,-1.59799
0.488537,-0.267312,0.0350294;-1.66641,0.407473,-1.56321
0.492138,-0.2625,0.0353145;-1.687,0.310566,-1.5563
0.494701,-0.26143,0.0341013;-1.69279,0.255289,-1.54556
0.500102,-0.260061,0.0295984;-1.59109,0.0759499,-1.58173
0.502574,-0.256442,0.0291047;-1.59063,-0.0142977,-1.57653
0.505493,-0.252683,0.0294369;-1.59884,-0.0666396,-1.57503
0.505191,-0.244595,0.034174;-1.67081,0.0108389,-1.55729
0.506556,-0.247787,0.0341505;-1.65513,-0.056946,-1.55125
0.50677,-0.250315,0.0324857;-1.61777,-0.0852621,-1.5428
0.507793,-0.258462,0.0287026;-1.57569,-0.217733,-1.57034
0.506349,-0.260119,0.0289133;-1.5868,-0.20093,-1.57488
0.50582,-0.260629,0.0288632;-1.58457,-0.176461,-1.57351
0.504717,-0.26039,0.0288323;-1.58097,-0.128754,-1.57009
0.495574,-0.270392,0.0325031;-1.61734,0.00441919,-1.55122
0.48756,-0.284352,0.0304841;-1.57313,0.017126,-1.54551
0.482378,-0.295114,0.031321;-1.51164,-0.0178475,-1.57104
0.484232,-0.297453,0.0285925;-1.57166,0.0280645,-1.56924
0.484467,-0.296487,0.0286378;-1.57349,0.0384444,-1.57082
0.485479,-0.293889,0.0285887;-1.57076,0.0363541,-1.57056
0.493408,-0.271146,0.0318663;-1.59533,0.142681,-1.5424
0.492718,-0.271722,0.0318546;-1.59498,0.117399,-1.53686
0.489814,-0.276689,0.0306674;-1.55891,0.119153,-1.54736
0.490984,-0.279235,0.029975;-1.55028,0.145662,-1.55874
0.492012,-0.277264,0.0299312;-1.55828,0.170493,-1.55803
0.493063,-0.272718,0.0286527;-1.57465,0.211679,-1.57083
0.490683,-0.259978,0.0305298;-1.597,0.34214,-1.56384
0.488866,-0.262079,0.0308559;-1.59757,0.345892,-1.54888
0.488944,-0.2654,0.0305813;-1.59123,0.316965,-1.53965
0.487786,-0.267282,0.0288449;-1.57719,0.352543,-1.56186
0.486187,-0.269964,0.0290308;-1.57487,0.367822,-1.56185
0.48501,-0.272515,0.0288826;-1.58098,0.383306,-1.56179
0.483536,-0.267753,0.0307786;-1.57584,0.419672,-1.55297
0.485356,-0.268357,0.0319909;-1.59788,0.345022,-1.53523
0.485713,-0.272311,0.0319423;-1.60084,0.291556,-1.52515
0.481942,-0.290022,0.0292521;-1.57812,0.255608,-1.55673
0.481771,-0.293317,0.0288417;-1.57841,0.227585,-1.56397
0.481737,-0.294161,0.0286878;-1.5758,0.228333,-1.56913
0.482769,-0.285307,0.0310925;-1.54761,0.215083,-1.55916
0.483643,-0.27164,0.0340757;-1.50703,0.174538,-1.55426
0.484045,-0.264366,0.0326974;-1.53343,0.0720906,-1.53817
0.477198,-0.277546,0.0307925;-1.53333,-0.0981572,-1.55363
0.475298,-0.282002,0.0291934;-1.56357,-0.147719,-1.56321
0.475962,-0.281632,0.0286831;-1.57486,-0.111853,-1.57043
0.476798,-0.28067,0.0288646;-1.57008,-0.0630423,-1.57291
0.479554,-0.272769,0.0306246;-1.55559,-0.0345774,-1.55549
0.483026,-0.260885,0.0310562;-1.57035,-0.0729305,-1.54095
0.482024,-0.261373,0.0306719;-1.54379,-0.216683,-1.54464
0.482179,-0.264892,0.0292875;-1.55546,-0.177151,-1.5563
0.483514,-0.265859,0.0293601;-1.55489,-0.0904079,-1.56294
0.48325,-0.26778,0.0287274;-1.5734,0.112722,-1.57526
0.482547,-0.268805,0.0293374;-1.57145,0.204965,-1.57021
0.482797,-0.266145,0.0301469;-1.56191,0.246453,-1.56808
0.484768,-0.259828,0.0293725;-1.57708,0.109749,-1.55392
0.485464,-0.259249,0.0291289;-1.57349,0.071296,-1.5589
0.485621,-0.26093,0.0287097;-1.57596,0.0679341,-1.56942
0.484771,-0.261156,0.0294813;-1.56346,0.20204,-1.58615
0.484927,-0.254725,0.0300088;-1.60273,0.25735,-1.57139
0.485529,-0.25144,0.0333997;-1.66615,0.266239,-1.55671
0.494455,-0.243804,0.0315813;-1.64062,0.0890954,-1.56389
0.498345,-0.248155,0.0300818;-1.60128,-0.00791871,-1.56093
0.502247,-0.250096,0.029152;-1.59628,-0.0980713,-1.57129
0.50025,-0.251099,0.0307351;-1.62293,-0.0501099,-1.57564
0.496791,-0.248115,0.033097;-1.66282,0.053474,-1.572
0.492991,-0.245777,0.0352897;-1.69955,0.138326,-1.56225
0.49512,-0.252803,0.0349525;-1.68991,0.0446337,-1.5562
0.49548,-0.261932,0.0332361;-1.64383,-0.0263119,-1.5539
0.495526,-0.27269,0.0297615;-1.59457,-0.109607,-1.57049
0.493471,-0.283586,0.0314348;-1.60474,-0.0616565,-1.5972
0.491643,-0.291632,0.0316679;-1.56015,0.0264418,-1.61908
0.492534,-0.295947,0.0354894;-1.49992,0.110313,-1.61698
0.492984,-0.306465,0.0372924;-1.4117,0.167324,-1.59865
0.488655,-0.30696,0.0357762;-1.42496,0.0807557,-1.58438
0.485066,-0.304135,0.0362702;-1.43619,0.0102755,-1.58638
0.481723,-0.293206,0.0355031;-1.52107,-0.123558,-1.63032
0.482597,-0.294524,0.0370289;-1.51097,-0.111567,-1.651
0.484039,-0.294771,0.0388039;-1.4768,-0.076994,-1.65507
0.48392,-0.289908,0.0410508;-1.41486,-0.00894922,-1.62798
0.482208,-0.289822,0.039917;-1.41733,-0.0419695,-1.62209
0.48093,-0.288497,0.0395833;-1.42811,-0.0635153,-1.61415
0.483475,-0.280096,0.0371881;-1.50542,-0.123083,-1.63982
0.485309,-0.274456,0.0375573;-1.52062,-0.129861,-1.65905
0.486972,-0.271482,0.0390785;-1.50111,-0.0848504,-1.67084
0.493131,-0.245968,0.0371548;-1.66496,0.104819,-1.58729
0.49169,-0.247895,0.037124;-1.69562,0.082308,-1.57178
0.488403,-0.250676,0.0347449;-1.6949,0.0897347,-1.56373
0.483756,-0.265021,0.0309538;-1.58136,0.185151,-1.59847
0.484576,-0.263039,0.0317535;-1.57566,0.174681,-1.61555
0.485181,-0.25716,0.0317307;-1.5661,0.203867,-1.61576
0.480753,-0.254144,0.0356656;-1.66293,0.3305,-1.58576
0.482151,-0.253212,0.0361066;-1.68308,0.296799,-1.57524
0.4844,-0.251242,0.0347258;-1.67455,0.234579,-1.56913
0.484007,-0.255144,0.0297468;-1.58995,0.209825,-1.579
0.487574,-0.249777,0.0301455;-1.584,0.131083,-1.58997
0.49043,-0.242918,0.0309963;-1.60742,0.0697236,-1.58672
0.49043,-0.242918,0.0309963;-1.60742,0.0697236,-1.58672
0.493423,-0.235252,0.0326751;-1.65679,0.02111,-1.57456
0.493423,-0.235252,0.0326751;-1.65679,0.02111,-1.57456
