0.5,-0.3,0.06;-1.57,-2.98023e-08,-1.57
0.5,-0.3,0.06;-1.57,-2.98023e-08,-1.57
0.5,-0.3,0.06;-1.57,-2.98023e-08,-1.57
0.500922,-0.29595,0.0289325;-1.58323,-0.292649,-1.57945
0.500914,-0.294732,0.0290079;-1.58581,-0.262259,-1.58076
0.501344,-0.284705,0.0297704;-1.58433,-0.139333,-1.5677
0.498617,-0.269033,0.0337707;-1.65626,-0.0307982,-1.56606
0.504995,-0.274551,0.0290806;-1.59143,-0.233279,-1.57982
0.507448,-0.272752,0.0291204;-1.5965,-0.36309,-1.58272
0.509185,-0.273048,0.0289516;-1.58903,-0.427147,-1.57986
0.506351,-0.274398,0.0289903;-1.59092,-0.262898,-1.57701
0.505678,-0.263627,0.0300039;-1.58254,-0.143219,-1.56383
0.502042,-0.249618,0.0340481;-1.64311,-0.0119328,-1.55847
0.503841,-0.248087,0.0321221;-1.63156,-0.0638541,-1.57017
0.508125,-0.251421,0.0295266;-1.60377,-0.163254,-1.5791
0.511026,-0.253694,0.029285;-1.58508,-0.259055,-1.58286
0.510092,-0.258544,0.0291706;-1.59806,-0.252476,-1.58014
0.508595,-0.256649,0.0297057;-1.58574,-0.183325,-1.56947
0.507028,-0.246945,0.0339044;-1.63416,-0.050548,-1.5552
0.50425,-0.236503,0.0340971;-1.65361,0.0411802,-1.55604
0.5091,-0.238279,0.0321282;-1.64235,-0.0623463,-1.57811
0.513442,-0.244667,0.0297741;-1.58037,-0.159547,-1.59099
0.513742,-0.260542,0.0290325;-1.58908,-0.256516,-1.58059
0.512451,-0.260608,0.0290657;-1.59291,-0.195965,-1.57703
0.511949,-0.253375,0.0300875;-1.58354,-0.0835319,-1.56495
0.511039,-0.243923,0.0326497;-1.631,0.00774031,-1.56026
0.511934,-0.241399,0.0313539;-1.59111,-0.0117301,-1.5557
0.514571,-0.24379,0.0291904;-1.59597,-0.136837,-1.57951
0.514415,-0.247226,0.0292245;-1.59443,-0.156589,-1.58104
0.51341,-0.249918,0.0292134;-1.60072,-0.142175,-1.57669
0.509238,-0.25241,0.0306345;-1.60316,0.0465798,-1.57565
0.508365,-0.242748,0.0329666;-1.63898,0.140232,-1.5639
0.508585,-0.239357,0.0324383;-1.63862,0.114387,-1.5625
0.510782,-0.24128,0.0290635;-1.58817,-0.0240258,-1.57735
0.512099,-0.243836,0.0290978;-1.58988,-0.119099,-1.57945
0.511716,-0.248008,0.0291034;-1.58737,-0.135093,-1.58214
0.511682,-0.251431,0.0311505;-1.53477,0.0440313,-1.57702
0.511789,-0.246564,0.0329279;-1.52578,0.149181,-1.5732
0.512182,-0.243332,0.0355515;-1.55227,0.164432,-1.56823
0.513168,-0.244766,0.0334889;-1.48604,0.067811,-1.57491
0.513897,-0.241856,0.0291533;-1.58146,-0.0464936,-1.57766
0.514631,-0.245178,0.0290791;-1.58781,-0.104208,-1.58008
0.513304,-0.251449,0.0289262;-1.57076,0.0045595,-1.5763
0.514225,-0.25205,0.0327313;-1.50247,0.113732,-1.57273
0.514415,-0.248601,0.0365199;-1.44797,0.204621,-1.57169
0.515708,-0.245518,0.0377412;-1.42082,0.129623,-1.57113
0.515251,-0.241412,0.0290795;-1.56766,-0.0120838,-1.57878
0.516562,-0.244024,0.028986;-1.584,-0.0871125,-1.57847
0.515419,-0.249506,0.028876;-1.57811,-0.0277749,-1.57778
0.514813,-0.251016,0.029836;-1.5614,0.0497398,-1.5752
0.514099,-0.248324,0.0325581;-1.52847,0.134042,-1.57509
0.515347,-0.238132,0.0342661;-1.47078,0.0461147,-1.57321
0.515528,-0.236048,0.0289695;-1.58103,-0.0421599,-1.5822
0.516275,-0.240016,0.029408;-1.57788,-0.08358,-1.58351
0.515257,-0.244031,0.0290279;-1.58855,-0.0530939,-1.57595
0.513998,-0.242854,0.0293031;-1.57932,0.0181456,-1.5733
0.512941,-0.239215,0.0331621;-1.60911,0.0726873,-1.56649
0.515413,-0.233185,0.0316445;-1.52799,0.0146058,-1.56666
0.515701,-0.235316,0.0317736;-1.51191,-0.0180172,-1.57132
0.5166,-0.238032,0.0318578;-1.56091,-0.0694303,-1.61045
0.517467,-0.246031,0.0298224;-1.5671,-0.13565,-1.59068
0.516467,-0.246453,0.0291794;-1.58839,-0.115341,-1.57023
0.515697,-0.243366,0.0330054;-1.61621,-0.0406793,-1.55963
0.515244,-0.236287,0.032182;-1.6161,0.017178,-1.55613
0.516955,-0.234132,0.0313967;-1.55632,-0.0130612,-1.57149
0.517799,-0.236704,0.0311214;-1.54427,-0.0472819,-1.58584
0.520917,-0.24814,0.0303631;-1.56981,-0.180351,-1.59735
0.519871,-0.250313,0.0291539;-1.59752,-0.159809,-1.57321
0.518701,-0.250338,0.02941;-1.57531,-0.129622,-1.56891
0.517976,-0.235166,0.0339875;-1.63292,0.0330441,-1.54764
0.519542,-0.233132,0.0342552;-1.5751,0.00338868,-1.55462
0.521542,-0.236926,0.0305795;-1.55264,-0.0512354,-1.59959
0.526097,-0.246198,0.0316048;-1.56897,-0.164093,-1.60596
0.525379,-0.246082,0.0291142;-1.59489,-0.130077,-1.57646
0.524194,-0.245714,0.0295007;-1.59243,-0.101323,-1.57119
0.517714,-0.235909,0.0350063;-1.6599,0.0659208,-1.55341
0.520179,-0.232803,0.0347597;-1.59645,0.00942667,-1.55501
0.521035,-0.235531,0.0343694;-1.53723,-0.0194689,-1.56755
0.523231,-0.241552,0.0330318;-1.56455,-0.110054,-1.61628
0.522946,-0.242554,0.0291162;-1.59641,-0.0927902,-1.574
0.5215,-0.243555,0.0293113;-1.59694,-0.0694812,-1.57313
0.517086,-0.23944,0.0353443;-1.65617,0.0367721,-1.54759
0.518181,-0.237152,0.0337942;-1.63688,0.016394,-1.54988
0.51746,-0.238417,0.0307862;-1.59726,0.0181921,-1.55349
0.518239,-0.238211,0.0290562;-1.59015,-0.0595455,-1.5759
0.517687,-0.2391,0.0291918;-1.59855,-0.0463298,-1.57458
0.516237,-0.24191,0.0298268;-1.6048,-0.0323172,-1.57433
0.510406,-0.25076,0.0354748;-1.62234,0.0978419,-1.55308
0.511435,-0.247644,0.0358918;-1.59379,0.0722015,-1.55927
0.511424,-0.244708,0.0316586;-1.55465,0.0841485,-1.56063
0.511302,-0.242553,0.0290134;-1.5786,0.02466,-1.57376
0.511463,-0.242756,0.0291528;-1.59301,0.00348369,-1.57654
0.511268,-0.24389,0.0292326;-1.59605,0.00448205,-1.5777
0.506938,-0.258333,0.0341992;-1.59152,0.105716,-1.56491
0.505617,-0.263673,0.0363021;-1.4293,0.118517,-1.57909
0.506502,-0.261036,0.0347065;-1.47092,0.136071,-1.57014
0.507402,-0.254889,0.0322567;-1.50177,0.0977675,-1.57322
0.5076,-0.252502,0.0288881;-1.57465,0.0277484,-1.5748
0.507121,-0.254402,0.0290149;-1.58599,0.0674089,-1.57563
0.505889,-0.256248,0.0291172;-1.5827,0.119088,-1.57124
0.503638,-0.261963,0.0349412;-1.51823,0.220567,-1.5662
0.503284,-0.262907,0.0343734;-1.46798,0.161452,-1.58259
0.503115,-0.260142,0.0325241;-1.49443,0.122929,-1.58062
0.503175,-0.257482,0.0289581;-1.5839,0.0169504,-1.57569
0.502408,-0.259024,0.0288908;-1.57723,0.074507,-1.57871
0.501674,-0.260269,0.0288491;-1.58101,0.130714,-1.57229
0.499682,-0.261209,0.0337365;-1.56691,0.207702,-1.56855
0.500444,-0.26169,0.0353655;-1.45517,0.132824,-1.578
0.500283,-0.260834,0.0345082;-1.45851,0.0937785,-1.58267
0.50021,-0.255009,0.0291093;-1.58224,-0.012522,-1.57671
0.499994,-0.255069,0.0290216;-1.58527,-0.00713298,-1.5774
0.498846,-0.256305,0.029213;-1.59598,0.0546528,-1.57521
0.497335,-0.25212,0.0339186;-1.6621,0.121881,-1.56581
0.496593,-0.253627,0.0344159;-1.65228,0.0427863,-1.55096
0.495694,-0.260235,0.0291067;-1.56014,-0.0314876,-1.5701
0.497161,-0.251471,0.0288591;-1.58083,-0.113599,-1.57534
0.498247,-0.249187,0.028897;-1.58106,-0.173702,-1.57764
0.497791,-0.248307,0.0291043;-1.59289,-0.11775,-1.57692
0.49505,-0.245527,0.0323285;-1.62748,-0.0405997,-1.57465
0.494994,-0.244251,0.0333514;-1.64003,-0.0310099,-1.56412
0.493595,-0.248532,0.0309973;-1.59537,-0.0969421,-1.55233
0.496253,-0.246161,0.0290154;-1.58622,-0.189118,-1.57977
0.49697,-0.245822,0.028975;-1.58192,-0.190808,-1.57843
0.496783,-0.245701,0.0289977;-1.59028,-0.173889,-1.57329
0.493077,-0.244903,0.0308544;-1.61555,-0.0727989,-1.58154
0.491216,-0.243895,0.0334447;-1.65207,-0.0424263,-1.57782
0.489759,-0.244069,0.0331725;-1.63065,-0.0514953,-1.55477
0.493827,-0.246823,0.0289249;-1.58341,-0.197373,-1.57744
0.49428,-0.246622,0.0290558;-1.586,-0.200606,-1.57918
0.494306,-0.247106,0.0290418;-1.58777,-0.204479,-1.57993
0.489688,-0.245393,0.0297915;-1.5995,-0.0691982,-1.5772
0.486798,-0.244779,0.0319995;-1.62969,-0.027636,-1.57839
0.485338,-0.244397,0.0333258;-1.64457,-0.0188503,-1.56826
0.489031,-0.250659,0.0288767;-1.58431,-0.175851,-1.57441
0.490273,-0.249138,0.0287917;-1.5788,-0.210831,-1.57394
0.490559,-0.248381,0.0289174;-1.58687,-0.216657,-1.5749
0.486957,-0.246615,0.029143;-1.59566,-0.0703453,-1.57453
0.485104,-0.246266,0.0305091;-1.60617,-0.0299164,-1.5767
0.484301,-0.245633,0.0334385;-1.64285,-0.00643222,-1.56862
0.483343,-0.256851,0.0286766;-1.57465,-0.149675,-1.57221
0.483694,-0.25627,0.0289291;-1.58332,-0.172415,-1.57736
0.484561,-0.254011,0.0289444;-1.58739,-0.181018,-1.57515
0.482736,-0.252458,0.0289632;-1.58666,-0.0277095,-1.57394
0.481272,-0.251973,0.0294623;-1.58655,0.0370929,-1.574
0.479534,-0.251478,0.0327078;-1.62583,0.0958628,-1.56167
0.476304,-0.267307,0.0292249;-1.58158,-0.0541448,-1.56439
0.475771,-0.269736,0.0287611;-1.57647,-0.0964965,-1.57517
0.476001,-0.267997,0.0288075;-1.57898,-0.106297,-1.57616
0.475072,-0.268141,0.0289577;-1.58754,0.00245908,-1.57749
0.475398,-0.264369,0.0293801;-1.56744,0.108431,-1.57549
0.473938,-0.260584,0.031738;-1.62448,0.171381,-1.57168
0.472377,-0.26537,0.0312775;-1.57206,0.0975194,-1.5572
0.470447,-0.275817,0.0289206;-1.55977,-0.00405843,-1.57582
0.470102,-0.274033,0.0288633;-1.57622,-0.0527897,-1.57908
0.470392,-0.272981,0.0287815;-1.57246,0.012507,-1.57514
0.470097,-0.272948,0.028996;-1.56871,0.0859909,-1.57763
0.470977,-0.264867,0.030936;-1.55677,0.187478,-1.57297
0.468638,-0.263844,0.0322339;-1.58712,0.178205,-1.55481
0.467181,-0.275614,0.0295646;-1.55048,0.068028,-1.57414
0.4658,-0.276095,0.0287709;-1.57267,-0.0181137,-1.57805
0.466372,-0.272599,0.0287827;-1.57757,-0.0281315,-1.5745
0.466645,-0.272308,0.0288703;-1.57561,0.0545497,-1.57912
0.467874,-0.264536,0.0297875;-1.55671,0.160872,-1.57368
0.467229,-0.254876,0.0322319;-1.62022,0.208215,-1.56132
0.467709,-0.258535,0.0312805;-1.56729,0.110563,-1.56896
0.466212,-0.262715,0.0287723;-1.57103,0.00317139,-1.57949
0.46687,-0.257997,0.0289519;-1.58312,-0.091437,-1.57755
0.46638,-0.259231,0.0288823;-1.57847,-0.00928195,-1.57768
0.467121,-0.256508,0.0290193;-1.56699,0.0789821,-1.57669
0.465149,-0.254414,0.0310999;-1.61303,0.171712,-1.57407
0.466463,-0.252266,0.0310104;-1.58348,0.0969279,-1.56329
0.468139,-0.252175,0.0288356;-1.58166,0.0112203,-1.57243
0.470402,-0.247662,0.0288717;-1.58293,-0.197864,-1.57539
0.469985,-0.248123,0.0288916;-1.58285,-0.156723,-1.57575
0.469195,-0.246897,0.0288185;-1.57798,-0.0708944,-1.57543
0.46606,-0.243431,0.0309957;-1.61363,0.0523697,-1.58076
0.465954,-0.243977,0.0308091;-1.61354,0.0413559,-1.57489
0.468094,-0.2452,0.0296878;-1.59008,-0.0418903,-1.56319
0.471495,-0.249821,0.0292676;-1.57692,-0.236543,-1.5803
0.47167,-0.249714,0.0292947;-1.57884,-0.238446,-1.58122
0.471102,-0.247422,0.0290677;-1.59125,-0.189079,-1.57819
0.471102,-0.247422,0.0290677;-1.59125,-0.189079,-1.57819
0.469975,-0.239525,0.0298511;-1.58172,-0.0706487,-1.57159
0.469975,-0.239525,0.0298511;-1.58172,-0.0706487,-1.57159
