0.5,-0.3,0.06;-1.57,-2.98023e-08,-1.57
0.5,-0.3,0.06;-1.57,-2.98023e-08,-1.57
0.5,-0.3,0.06;-1.57,-2.98023e-08,-1.57
0.501091,-0.294613,0.0289762;-1.58492,-0.246134,-1.57952
0.500529,-0.294146,0.0291049;-1.59343,-0.209917,-1.57885
0.500202,-0.28924,0.0300628;-1.58894,-0.130415,-1.57113
0.499216,-0.281732,0.0338437;-1.64748,-0.0877431,-1.56353
0.502506,-0.285625,0.0291125;-1.58873,-0.231682,-1.58312
0.503288,-0.283755,0.0291262;-1.59428,-0.297734,-1.58183
0.504409,-0.28177,0.0290183;-1.59016,-0.375333,-1.58105
0.502671,-0.284658,0.029112;-1.59494,-0.252148,-1.57945
0.501989,-0.283302,0.0293286;-1.57891,-0.174458,-1.57308
0.501941,-0.274865,0.0336609;-1.62612,-0.0984993,-1.55979
0.502673,-0.273542,0.0315142;-1.61359,-0.132679,-1.5679
0.503612,-0.276991,0.0288947;-1.5785,-0.207766,-1.57985
0.504274,-0.275201,0.0289388;-1.58115,-0.26816,-1.5792
0.503928,-0.275422,0.0291336;-1.59026,-0.240406,-1.58327
0.503223,-0.275403,0.0291018;-1.58239,-0.175035,-1.57841
0.503367,-0.268089,0.0325917;-1.61493,-0.101694,-1.56355
0.502629,-0.263122,0.0349338;-1.65136,-0.108535,-1.55261
0.504579,-0.266293,0.0309714;-1.61426,-0.208311,-1.57633
0.505526,-0.266922,0.0290497;-1.58708,-0.282417,-1.58302
0.505543,-0.266812,0.0289669;-1.5862,-0.301583,-1.57982
0.504673,-0.268256,0.0290675;-1.58743,-0.2478,-1.58289
0.503873,-0.268788,0.0293984;-1.57523,-0.169087,-1.57473
0.504518,-0.262566,0.0324731;-1.59228,-0.135782,-1.56093
0.505416,-0.262366,0.0299319;-1.59863,-0.185468,-1.57491
0.506062,-0.26175,0.0289874;-1.58961,-0.319839,-1.58071
0.506436,-0.261253,0.0290544;-1.59323,-0.329888,-1.58168
0.505851,-0.262227,0.0289963;-1.58845,-0.290122,-1.58263
0.505567,-0.258895,0.0309991;-1.56037,-0.154125,-1.56937
0.506386,-0.251091,0.0355556;-1.61577,-0.119836,-1.55408
0.507674,-0.249356,0.032858;-1.62542,-0.164845,-1.55852
0.509143,-0.255631,0.0297815;-1.57461,-0.319591,-1.59389
0.50873,-0.258188,0.0297646;-1.57751,-0.341279,-1.59239
0.508626,-0.25821,0.0305873;-1.571,-0.310834,-1.59529
0.507267,-0.259779,0.0293789;-1.56846,-0.192574,-1.57713
0.507765,-0.25325,0.0335983;-1.57614,-0.129501,-1.56699
0.506711,-0.25188,0.0326997;-1.60255,-0.158299,-1.56145
0.508102,-0.254296,0.0297175;-1.5662,-0.299842,-1.59194
0.508213,-0.255981,0.0301773;-1.57462,-0.337138,-1.59859
0.508291,-0.256547,0.0301994;-1.57425,-0.327006,-1.5973
0.507125,-0.258824,0.0289821;-1.58096,-0.225394,-1.58249
0.507425,-0.256086,0.0304829;-1.56612,-0.159996,-1.57604
0.506089,-0.254609,0.0330507;-1.58328,-0.129643,-1.57142
0.505629,-0.25468,0.0289991;-1.58326,-0.272032,-1.58223
0.506062,-0.254779,0.0294905;-1.57364,-0.320461,-1.58904
0.506302,-0.255329,0.0296912;-1.57937,-0.334864,-1.59258
0.50508,-0.256892,0.0290674;-1.58911,-0.242251,-1.58096
0.504879,-0.255591,0.0293997;-1.57453,-0.168597,-1.57406
0.503643,-0.254921,0.0314376;-1.59186,-0.112293,-1.57251
0.503793,-0.255297,0.0288452;-1.57878,-0.212688,-1.57731
0.504471,-0.254351,0.0289985;-1.58342,-0.278705,-1.5822
0.504975,-0.253617,0.029069;-1.59141,-0.310813,-1.58126
0.503646,-0.255881,0.0290238;-1.58434,-0.220995,-1.58202
0.503754,-0.254745,0.0293251;-1.57509,-0.150064,-1.5794
0.503305,-0.252729,0.0311849;-1.59124,-0.0985671,-1.57356
0.50261,-0.254092,0.028986;-1.57187,-0.157654,-1.56755
0.503026,-0.254855,0.0287431;-1.57497,-0.235947,-1.57557
0.503764,-0.253169,0.0290709;-1.58906,-0.294521,-1.58248
0.502983,-0.254307,0.0290995;-1.58734,-0.233812,-1.58355
0.502527,-0.252787,0.0291283;-1.58254,-0.166047,-1.57936
0.502021,-0.24732,0.0318487;-1.61097,-0.0988753,-1.56931
0.501594,-0.248297,0.031343;-1.61276,-0.118205,-1.56972
0.503521,-0.249762,0.028792;-1.57753,-0.211557,-1.57583
0.504278,-0.250352,0.0290323;-1.58186,-0.255518,-1.58355
0.504086,-0.2509,0.029129;-1.57955,-0.249362,-1.58041
0.503435,-0.250791,0.0291379;-1.59396,-0.194186,-1.57955
0.502856,-0.24771,0.0299248;-1.58615,-0.110645,-1.57142
0.500949,-0.242826,0.0334526;-1.63336,-0.0576001,-1.55935
0.503016,-0.243408,0.0313215;-1.61757,-0.133821,-1.57369
0.504219,-0.245805,0.029124;-1.58802,-0.182593,-1.5838
0.505152,-0.249339,0.0297528;-1.58131,-0.230209,-1.58906
0.505175,-0.24754,0.029083;-1.59487,-0.189007,-1.57521
0.503677,-0.24632,0.0291122;-1.58692,-0.121836,-1.5759
0.50137,-0.240165,0.0345333;-1.65278,-0.0150672,-1.55998
0.503612,-0.239671,0.0332227;-1.64215,-0.0810277,-1.56739
0.505262,-0.242931,0.0294647;-1.59533,-0.131207,-1.57775
0.506629,-0.246583,0.0295957;-1.5869,-0.191943,-1.58558
0.50662,-0.245929,0.0290525;-1.59379,-0.161763,-1.57528
0.504801,-0.243925,0.029188;-1.58968,-0.0910202,-1.57227
0.501984,-0.237751,0.0342599;-1.65332,0.0268002,-1.55878
0.503936,-0.237717,0.0345257;-1.65585,-0.0231451,-1.55183
0.505197,-0.240903,0.0314924;-1.62409,-0.0657774,-1.56581
0.507946,-0.24451,0.0292904;-1.5897,-0.160241,-1.58042
0.507951,-0.244374,0.0291185;-1.59555,-0.139931,-1.576
0.506047,-0.241968,0.0293307;-1.59618,-0.0716039,-1.57421
0.502364,-0.239516,0.0333575;-1.65519,0.0286617,-1.57296
0.50369,-0.24046,0.0341483;-1.67789,-0.00820247,-1.57343
0.504441,-0.243745,0.0320426;-1.62477,-0.0451255,-1.55594
0.508326,-0.24514,0.0291565;-1.59347,-0.170413,-1.58098
0.507892,-0.24502,0.0291011;-1.59504,-0.145286,-1.57569
0.506909,-0.243868,0.0294217;-1.59984,-0.109828,-1.57455
0.503122,-0.24037,0.0327588;-1.65157,0.0104305,-1.5778
0.503962,-0.241137,0.0331485;-1.66352,-0.0219868,-1.57681
0.503981,-0.241947,0.0325623;-1.65615,-0.0264593,-1.57497
0.508736,-0.243888,0.029091;-1.59275,-0.155505,-1.5774
0.509505,-0.24637,0.0291058;-1.59139,-0.182004,-1.57988
0.507962,-0.245873,0.0291934;-1.59994,-0.12608,-1.57366
0.504927,-0.241652,0.0303066;-1.61192,-0.0394473,-1.57369
0.501351,-0.240883,0.0337622;-1.66951,0.0253068,-1.57564
0.502979,-0.242398,0.0338439;-1.65843,-0.0184978,-1.55904
0.50614,-0.245911,0.0295751;-1.60295,-0.0870526,-1.57349
0.508444,-0.246075,0.0291426;-1.5921,-0.177165,-1.58133
0.507179,-0.246051,0.0291734;-1.59813,-0.127094,-1.57607
0.504154,-0.242655,0.0295018;-1.60406,-0.0483074,-1.57048
0.498383,-0.241652,0.0338769;-1.67288,0.0359944,-1.57464
0.499671,-0.24278,0.0347501;-1.666,-0.0146118,-1.55103
0.502493,-0.245823,0.0314056;-1.62674,-0.067617,-1.56625
0.506381,-0.246589,0.0291339;-1.59257,-0.187396,-1.58083
0.506262,-0.24696,0.029106;-1.59471,-0.17701,-1.57727
0.5038,-0.244705,0.0294219;-1.60225,-0.117955,-1.57272
0.497328,-0.241162,0.0331466;-1.659,0.00984941,-1.57739
0.498797,-0.241898,0.033512;-1.66654,-0.0294896,-1.5746
0.501413,-0.245404,0.0317573;-1.6194,-0.0874344,-1.55486
0.506,-0.248503,0.0291811;-1.59389,-0.217784,-1.58269
0.505979,-0.249357,0.0290662;-1.58928,-0.221153,-1.58035
0.503989,-0.248187,0.0296238;-1.60487,-0.172834,-1.57759
0.497065,-0.243016,0.0328327;-1.65074,-0.0206246,-1.58086
0.497497,-0.242305,0.033507;-1.66853,-0.0265178,-1.5783
0.499914,-0.245499,0.032903;-1.63525,-0.0947336,-1.5566
0.504639,-0.248595,0.0291152;-1.59016,-0.216765,-1.58198
0.50506,-0.249844,0.0293356;-1.58993,-0.234345,-1.58274
0.504668,-0.249863,0.0291441;-1.59764,-0.22135,-1.57796
0.497215,-0.242221,0.0319281;-1.63799,-0.0429386,-1.57897
0.495339,-0.241641,0.0337436;-1.66777,-0.0191552,-1.58135
0.496565,-0.242154,0.0340732;-1.65719,-0.0597989,-1.56136
0.502235,-0.246424,0.0290854;-1.59466,-0.174595,-1.57611
0.503272,-0.247516,0.0291547;-1.58981,-0.20668,-1.58166
0.503652,-0.248758,0.029084;-1.5891,-0.217307,-1.58135
0.498321,-0.24561,0.0305868;-1.61873,-0.0889974,-1.57768
0.495082,-0.245086,0.0324764;-1.64413,-0.0380697,-1.58203
0.495184,-0.244391,0.0340385;-1.65837,-0.0392314,-1.56713
0.501728,-0.250965,0.0290449;-1.59302,-0.182686,-1.57469
0.502905,-0.250444,0.0290957;-1.58905,-0.23394,-1.58205
0.503692,-0.251574,0.0293197;-1.58982,-0.262734,-1.58346
0.499151,-0.24927,0.0296228;-1.60161,-0.133987,-1.57587
0.496002,-0.246352,0.0314564;-1.62541,-0.05968,-1.57726
0.49539,-0.246075,0.0337897;-1.66022,-0.0423236,-1.57526
0.500748,-0.251015,0.0307444;-1.60958,-0.180104,-1.56581
0.503323,-0.252586,0.0289274;-1.58803,-0.261413,-1.57552
0.504433,-0.253561,0.0291989;-1.59358,-0.296189,-1.58475
0.501812,-0.252179,0.0295876;-1.60496,-0.209936,-1.57743
0.497703,-0.248305,0.0312853;-1.62254,-0.115386,-1.57737
0.494869,-0.245796,0.0338507;-1.65422,-0.0587809,-1.5708
0.49978,-0.250658,0.0314143;-1.60859,-0.193446,-1.55449
0.503687,-0.254745,0.0286796;-1.57449,-0.281916,-1.57065
0.504691,-0.254786,0.0291187;-1.59307,-0.319496,-1.58298
0.502592,-0.25357,0.0294193;-1.60397,-0.259541,-1.57882
0.499281,-0.250954,0.0311525;-1.62686,-0.183691,-1.58384
0.495341,-0.24706,0.0335827;-1.65758,-0.100392,-1.57736
0.499885,-0.251701,0.0327079;-1.62357,-0.219184,-1.55144
0.503623,-0.256355,0.0288297;-1.57902,-0.290772,-1.56923
0.504724,-0.256258,0.0290522;-1.59198,-0.344273,-1.58103
0.504369,-0.256949,0.0291673;-1.59984,-0.331823,-1.57972
0.501952,-0.255252,0.0300538;-1.6114,-0.272492,-1.58405
0.498013,-0.250504,0.0328041;-1.6422,-0.179166,-1.57856
0.498948,-0.251091,0.0343161;-1.65084,-0.214778,-1.55889
0.502191,-0.255913,0.0307112;-1.60841,-0.277755,-1.56695
0.504541,-0.258205,0.0288578;-1.5849,-0.350457,-1.57617
0.505343,-0.259004,0.0290124;-1.59187,-0.391936,-1.58126
0.503786,-0.257989,0.0291627;-1.59879,-0.345625,-1.57966
0.500552,-0.253739,0.0312633;-1.61803,-0.260665,-1.5752
0.496525,-0.248699,0.035031;-1.65984,-0.185435,-1.56037
0.499174,-0.25243,0.0331492;-1.63262,-0.262146,-1.55637
0.502289,-0.257458,0.0287538;-1.5756,-0.327388,-1.56855
0.503827,-0.259424,0.0293309;-1.58395,-0.399423,-1.58279
0.503329,-0.259222,0.0291324;-1.59918,-0.368645,-1.58141
0.501583,-0.256622,0.0295421;-1.59528,-0.304154,-1.57486
0.495961,-0.247247,0.035337;-1.66106,-0.15599,-1.55815
0.496946,-0.249271,0.0351339;-1.63894,-0.213701,-1.54808
0.499134,-0.253736,0.0301029;-1.59122,-0.273983,-1.55825
0.501261,-0.257092,0.0291645;-1.59238,-0.363319,-1.58749
0.50122,-0.256996,0.0290028;-1.59137,-0.343147,-1.57892
0.500177,-0.256895,0.0291617;-1.5973,-0.299585,-1.58154
0.494728,-0.247923,0.035111;-1.66418,-0.149625,-1.56458
0.495392,-0.250179,0.0351403;-1.6619,-0.218998,-1.55712
0.496951,-0.255878,0.0313606;-1.59879,-0.286494,-1.54901
0.500115,-0.259494,0.0290095;-1.59135,-0.408715,-1.58282
0.500194,-0.25986,0.0289003;-1.5867,-0.40227,-1.57863
0.499047,-0.258941,0.0290469;-1.59252,-0.344319,-1.58093
0.499047,-0.258941,0.0290469;-1.59252,-0.344319,-1.58093
0.4974,-0.256802,0.0302309;-1.59907,-0.284185,-1.579
0.4974,-0.256802,0.0302309;-1.59907,-0.284185,-1.579
