0.5,-0.3,0.06;-1.57,-2.98023e-08,-1.57
0.5,-0.3,0.06;-1.57,-2.98023e-08,-1.57
0.5,-0.3,0.06;-1.57,-2.98023e-08,-1.57
0.500697,-0.29553,0.0289709;-1.57745,-0.276839,-1.58474
0.500628,-0.295739,0.0289622;-1.57318,-0.252647,-1.58711
0.500328,-0.293711,0.0290793;-1.57646,-0.171153,-1.58487
0.499665,-0.275549,0.0296793;-1.59102,-0.071668,-1.58013
0.502618,-0.272155,0.0289452;-1.5739,-0.225128,-1.58569
0.504188,-0.269733,0.0289891;-1.58319,-0.308915,-1.58236
0.505454,-0.268411,0.0290182;-1.58586,-0.369925,-1.58322
0.503748,-0.27076,0.0288981;-1.57598,-0.254584,-1.58205
0.502754,-0.270279,0.0287918;-1.57228,-0.180785,-1.5795
0.502271,-0.26223,0.0299318;-1.56189,-0.0864527,-1.57093
0.503427,-0.256072,0.0287152;-1.57398,-0.0811212,-1.57428
0.504521,-0.254534,0.0287765;-1.57062,-0.179418,-1.58014
0.504925,-0.254209,0.0288507;-1.57091,-0.241152,-1.58388
0.504819,-0.255166,0.028735;-1.57076,-0.23493,-1.57822
0.503387,-0.256534,0.0286809;-1.57181,-0.141712,-1.57453
0.502332,-0.2544,0.0295553;-1.56539,-0.0708582,-1.56614
0.501726,-0.242436,0.0292899;-1.56551,0.0413558,-1.56594
0.504778,-0.241046,0.0286263;-1.57098,-0.04416,-1.57331
0.505144,-0.241438,0.0291176;-1.5629,-0.103171,-1.58795
0.505096,-0.244564,0.0289731;-1.56716,-0.134891,-1.58554
0.505662,-0.245184,0.0285812;-1.5723,-0.0908084,-1.57065
0.505603,-0.245077,0.0288585;-1.56646,-0.0331075,-1.56656
0.504345,-0.245167,0.0297829;-1.56909,0.0258286,-1.55569
0.503645,-0.246068,0.0311496;-1.53272,0.0469722,-1.56051
0.503629,-0.247082,0.0290906;-1.5681,0.00511973,-1.56103
0.503215,-0.250603,0.0290516;-1.57041,-0.0460725,-1.56554
0.501516,-0.254237,0.0290669;-1.57467,-0.0675286,-1.5629
0.49946,-0.252382,0.0337521;-1.5421,0.0415061,-1.53605
0.497949,-0.24944,0.0353725;-1.55394,0.124861,-1.52127
0.496552,-0.253456,0.0377333;-1.46591,0.169626,-1.54096
0.496124,-0.253107,0.0359371;-1.48335,0.139359,-1.53628
0.495418,-0.256993,0.0295276;-1.56628,0.0829865,-1.55843
0.494296,-0.263546,0.0296112;-1.56484,0.0211714,-1.55791
0.491752,-0.269906,0.0354113;-1.47811,0.097246,-1.54972
0.493215,-0.269217,0.0414928;-1.3769,0.172045,-1.55896
0.495947,-0.263695,0.0434066;-1.37001,0.23096,-1.55264
0.495768,-0.261353,0.0425901;-1.35229,0.217099,-1.56433
0.496819,-0.260672,0.040021;-1.42219,0.188028,-1.53237
0.496208,-0.26301,0.0299469;-1.56345,0.124096,-1.55228
0.496455,-0.264715,0.0318212;-1.53782,0.161446,-1.55112
0.496099,-0.267411,0.0330801;-1.52751,0.177729,-1.54623
0.496485,-0.267242,0.0361103;-1.48758,0.228137,-1.54635
0.496227,-0.266817,0.0360353;-1.45925,0.187403,-1.56031
0.496856,-0.263851,0.0333023;-1.49913,0.19158,-1.55882
0.496629,-0.263549,0.0289278;-1.56336,0.160404,-1.5675
0.496023,-0.26501,0.0289802;-1.55272,0.131888,-1.57148
0.496488,-0.264902,0.0301376;-1.5421,0.141462,-1.56775
0.497078,-0.265729,0.0329445;-1.49986,0.160037,-1.56997
0.497372,-0.261976,0.0319623;-1.49923,0.17187,-1.57562
0.496678,-0.260251,0.0294363;-1.54274,0.152659,-1.57032
0.496116,-0.259035,0.0286901;-1.57071,0.115638,-1.57592
0.495305,-0.258432,0.0288037;-1.56853,0.0593787,-1.58011
0.495436,-0.259382,0.0289764;-1.56398,0.0906659,-1.57369
0.496596,-0.25687,0.0295376;-1.56574,0.0927382,-1.56857
0.49639,-0.25448,0.0298408;-1.54126,0.0786087,-1.5715
0.495292,-0.254991,0.0289278;-1.55416,0.0487008,-1.57106
0.494126,-0.253803,0.0286899;-1.56989,-0.0229005,-1.57542
0.493523,-0.252223,0.0287418;-1.56976,-0.0897492,-1.57834
0.493794,-0.252518,0.0288248;-1.56269,-0.0567532,-1.57377
0.494094,-0.249587,0.0293619;-1.56431,-0.0311895,-1.56614
0.49358,-0.247576,0.0295105;-1.55553,-0.016301,-1.56566
0.49283,-0.250158,0.0299053;-1.53799,-0.0562411,-1.56867
0.491952,-0.250968,0.0291075;-1.5472,-0.0841,-1.5664
0.490916,-0.248848,0.0287477;-1.57063,-0.188681,-1.57866
0.491,-0.248978,0.028637;-1.57049,-0.164726,-1.57359
0.491098,-0.248607,0.0288101;-1.56619,-0.142495,-1.56922
0.487796,-0.245394,0.030045;-1.56693,-0.0415722,-1.55623
0.487156,-0.248495,0.0317067;-1.51494,-0.0549037,-1.56248
0.486346,-0.248927,0.0286246;-1.57308,-0.0953484,-1.56877
0.486074,-0.248951,0.0285809;-1.57086,-0.17556,-1.57088
0.485937,-0.247586,0.0286235;-1.57146,-0.139178,-1.56845
0.485355,-0.246484,0.028735;-1.57767,-0.117301,-1.57081
0.481244,-0.246392,0.0337947;-1.57551,-0.0364564,-1.53208
0.480565,-0.250451,0.0320716;-1.59459,-0.106161,-1.53855
0.480189,-0.253507,0.029001;-1.56434,-0.142173,-1.56448
0.480081,-0.251842,0.0291934;-1.56455,-0.163285,-1.55883
0.480629,-0.246709,0.0293146;-1.57612,-0.121226,-1.55832
0.481685,-0.241869,0.0306251;-1.57777,-0.0911858,-1.53862
0.477205,-0.238882,0.0351405;-1.6255,0.0088149,-1.52563
0.475622,-0.242855,0.0370368;-1.61855,-0.00414405,-1.52225
0.474112,-0.251717,0.0313131;-1.59103,-0.0818101,-1.54004
0.47192,-0.257225,0.0297131;-1.56126,-0.0709468,-1.55435
0.472819,-0.252033,0.030597;-1.58688,-0.0283425,-1.54703
0.473753,-0.250287,0.0312596;-1.58847,-0.0399233,-1.5369
0.470176,-0.247249,0.035068;-1.65114,0.100311,-1.54092
0.468579,-0.251179,0.0376495;-1.63068,0.117296,-1.53322
0.46648,-0.258439,0.0332364;-1.63789,0.107724,-1.5375
0.465666,-0.277568,0.0294658;-1.56629,-0.0221574,-1.56581
0.466489,-0.277227,0.0294146;-1.58633,-0.000484347,-1.56601
0.467956,-0.272634,0.0295094;-1.56496,-0.000114053,-1.56175
0.471332,-0.251865,0.0349792;-1.63989,0.154941,-1.54217
0.470677,-0.255728,0.0365859;-1.60512,0.180989,-1.55449
0.468179,-0.261651,0.0344635;-1.5821,0.214031,-1.55768
0.464763,-0.282726,0.0290388;-1.56964,0.110058,-1.57813
0.463825,-0.282021,0.0288642;-1.5745,0.0544959,-1.57945
0.465266,-0.278506,0.0291094;-1.57094,0.0636718,-1.58854
0.46632,-0.275702,0.0297443;-1.56972,0.107007,-1.59385
0.465777,-0.271566,0.0312812;-1.56056,0.251493,-1.59204
0.465532,-0.276091,0.0337856;-1.49425,0.276553,-1.60973
0.464294,-0.278674,0.0319557;-1.50393,0.29631,-1.60043
0.460195,-0.279908,0.0311858;-1.5243,0.188765,-1.58996
0.460448,-0.274269,0.0304523;-1.57323,0.154538,-1.60362
0.461562,-0.269013,0.0306048;-1.57017,0.100862,-1.60483
0.463393,-0.260999,0.0334924;-1.56796,0.261659,-1.60263
0.462686,-0.265995,0.0350843;-1.48319,0.280481,-1.62655
0.461663,-0.268042,0.0337093;-1.48506,0.312496,-1.61672
0.459551,-0.271394,0.0314995;-1.52554,0.234323,-1.59607
0.458458,-0.27001,0.032867;-1.5334,0.184768,-1.61645
0.459247,-0.264445,0.0314616;-1.57528,0.144768,-1.61329
0.459474,-0.26015,0.0331771;-1.60307,0.175123,-1.61135
0.459706,-0.258679,0.0331445;-1.58734,0.208318,-1.61402
0.458515,-0.263669,0.0324922;-1.53016,0.225114,-1.62176
0.458364,-0.271231,0.0308891;-1.5722,0.183332,-1.60862
0.457685,-0.270325,0.0317315;-1.57233,0.129622,-1.61856
0.458291,-0.267275,0.0315198;-1.56635,0.0803828,-1.62037
0.462568,-0.256256,0.0342538;-1.63337,0.0840459,-1.59729
0.463301,-0.254882,0.0351698;-1.666,0.100277,-1.5892
0.460873,-0.257836,0.0351387;-1.59132,0.148883,-1.59933
0.461279,-0.261045,0.031476;-1.59597,0.0585122,-1.6003
0.460534,-0.262377,0.0322127;-1.60922,0.000712305,-1.60194
0.462531,-0.258814,0.0330694;-1.67033,-0.0618693,-1.58196
0.466775,-0.249809,0.0358976;-1.66767,-0.0657565,-1.56843
0.466224,-0.24813,0.038598;-1.71939,-0.0210984,-1.56085
0.464183,-0.251796,0.039282;-1.67228,0.0504347,-1.57089
0.458999,-0.259067,0.0358501;-1.61991,0.0877866,-1.56979
0.456536,-0.262106,0.0344866;-1.67996,0.0601472,-1.56244
0.457397,-0.261381,0.0386979;-1.75501,0.0333341,-1.55617
0.460752,-0.262285,0.0380742;-1.7134,-0.0906617,-1.54845
0.4636,-0.254378,0.0418773;-1.70504,-0.0085447,-1.54113
0.461579,-0.254865,0.0435788;-1.70665,0.0464843,-1.54259
0.457373,-0.261959,0.0432388;-1.5868,0.0987209,-1.56096
0.455626,-0.26486,0.0405642;-1.61028,0.0861694,-1.54545
0.45405,-0.265424,0.0402888;-1.76079,0.0655081,-1.52451
0.457074,-0.266283,0.0384262;-1.72803,-0.0516923,-1.55003
0.461889,-0.259223,0.0390216;-1.72107,-0.0422828,-1.53719
0.462649,-0.256224,0.0414828;-1.73263,0.0237399,-1.53736
0.460275,-0.258998,0.0419465;-1.61647,0.104578,-1.56598
0.459221,-0.260866,0.0386819;-1.59182,0.103807,-1.56586
0.456033,-0.264923,0.0390757;-1.62521,0.132008,-1.55527
0.460228,-0.265331,0.0364043;-1.73142,0.0329479,-1.56674
0.461654,-0.267281,0.0373267;-1.72412,-0.0098582,-1.56267
0.462268,-0.265257,0.0392517;-1.73,0.0225157,-1.55103
0.459689,-0.264906,0.0355109;-1.67372,0.160768,-1.58612
0.456396,-0.27125,0.0322162;-1.58794,0.215398,-1.61281
0.452749,-0.276033,0.0322856;-1.58355,0.255357,-1.61704
0.454479,-0.276434,0.0333355;-1.5999,0.163281,-1.61796
0.455296,-0.275669,0.0350581;-1.6413,0.136024,-1.60289
0.456053,-0.27339,0.0354576;-1.62199,0.147114,-1.60137
0.457178,-0.269774,0.0366989;-1.58012,0.270582,-1.61464
0.452534,-0.277314,0.0339112;-1.51172,0.338845,-1.63415
0.449707,-0.282124,0.0333218;-1.54671,0.351297,-1.62957
0.446098,-0.288016,0.0322834;-1.56827,0.295225,-1.62901
0.444297,-0.290231,0.032969;-1.57666,0.236344,-1.62681
0.440815,-0.292762,0.0344519;-1.52732,0.204698,-1.63847
0.449788,-0.276951,0.0354159;-1.64868,0.2934,-1.5935
0.449185,-0.277268,0.0333799;-1.56881,0.349583,-1.62223
0.447083,-0.280672,0.0321611;-1.5499,0.392018,-1.61851
0.443294,-0.286467,0.0327535;-1.56296,0.369966,-1.62992
0.44329,-0.285893,0.0315068;-1.56384,0.338022,-1.61954
0.440695,-0.288872,0.0328299;-1.54769,0.269293,-1.62768
0.44273,-0.279598,0.0358508;-1.5165,0.27088,-1.63041
0.447255,-0.272617,0.0348326;-1.57942,0.317969,-1.6075
0.444544,-0.276687,0.0324622;-1.52303,0.375765,-1.6205
0.442849,-0.283425,0.0304273;-1.57297,0.41048,-1.60218
0.443094,-0.281371,0.0305272;-1.5704,0.398457,-1.60579
0.442705,-0.281154,0.0310586;-1.57695,0.341351,-1.60293
0.439283,-0.279657,0.0404417;-1.54083,0.241598,-1.58618
0.439945,-0.276447,0.038504;-1.61347,0.245113,-1.57295
0.438133,-0.277648,0.0306793;-1.5801,0.283064,-1.59852
0.437998,-0.282291,0.0301029;-1.55658,0.357891,-1.58637
0.439378,-0.278559,0.0307076;-1.54713,0.377979,-1.59594
0.441029,-0.2743,0.0309418;-1.56812,0.356448,-1.58352
0.444115,-0.26491,0.0387622;-1.72931,0.247096,-1.50953
0.444219,-0.264761,0.0393575;-1.72209,0.23108,-1.50511
0.436473,-0.276089,0.033509;-1.6638,0.189762,-1.54764
0.43101,-0.288837,0.0302473;-1.55675,0.259447,-1.57207
0.435554,-0.285749,0.030539;-1.55405,0.35319,-1.56931
0.439253,-0.28025,0.0317082;-1.59967,0.371534,-1.5488
0.439253,-0.28025,0.0317082;-1.59967,0.371534,-1.5488
0.440776,-0.277437,0.0350058;-1.68295,0.341681,-1.52435
0.440776,-0.277437,0.0350058;-1.68295,0.341681,-1.52435
