-0.125,0.125,0.06;-1.57,-2.98023e-08,-1.57
-0.125,0.125,0.06;-1.57,-2.98023e-08,-1.57
-0.125,0.125,0.06;-1.57,-2.98023e-08,-1.57
-0.125833,0.120422,0.0285831;-1.57091,-0.167452,-1.57011
-0.12432,0.120567,0.0285868;-1.5705,-0.0818878,-1.57093
-0.12158,0.130093,0.0303479;-1.55922,0.026182,-1.55662
-0.118183,0.158203,0.0392429;-1.76679,0.0234181,-1.58132
-0.116472,0.151491,0.0286605;-1.57168,-0.0784374,-1.58204
-0.11657,0.150894,0.0286201;-1.57297,-0.0710346,-1.57076
-0.11668,0.151023,0.0286203;-1.57098,-0.057837,-1.56871
-0.116177,0.151531,0.0288709;-1.56883,0.0768919,-1.58361
-0.109342,0.162617,0.0313999;-1.53402,0.164787,-1.58434
-0.101594,0.191694,0.0401984;-1.67432,0.26459,-1.55331
-0.0971256,0.203266,0.0369167;-1.72558,0.190097,-1.55367
-0.0985347,0.194352,0.0299653;-1.60132,0.107042,-1.57745
-0.099716,0.192063,0.0286318;-1.57103,0.0919194,-1.57372
-0.100064,0.190594,0.0288839;-1.5706,0.187914,-1.58524
-0.094502,0.195838,0.0301291;-1.55204,0.274637,-1.58258
-0.0833035,0.222475,0.0374469;-1.69713,0.365084,-1.54027
-0.0791498,0.238008,0.0413075;-1.80857,0.336028,-1.5153
-0.0779773,0.236541,0.0375689;-1.74315,0.273927,-1.53885
-0.0797406,0.229537,0.0288157;-1.56434,0.239401,-1.58643
-0.08057,0.227749,0.0287233;-1.57097,0.275697,-1.57754
-0.0794439,0.226467,0.0288476;-1.57024,0.365914,-1.58451
-0.0693245,0.237286,0.0318382;-1.52681,0.458488,-1.59578
-0.0578036,0.260316,0.0373279;-1.76549,0.493939,-1.49257
-0.053676,0.26328,0.0363496;-1.72592,0.41402,-1.52184
-0.0568855,0.257309,0.0286454;-1.57413,0.378244,-1.56957
-0.0570872,0.2582,0.028632;-1.57286,0.432761,-1.56896
-0.0577271,0.257407,0.0287969;-1.57075,0.50718,-1.58101
-0.0363737,0.274192,0.0359264;-1.53367,0.692943,-1.60025
-0.017992,0.296797,0.0415798;-1.88126,0.72548,-1.38728
-0.0135359,0.298599,0.0404912;-1.83871,0.667294,-1.42644
-0.0214137,0.288999,0.0287239;-1.57098,0.585407,-1.57825
-0.0222388,0.288939,0.0286119;-1.57259,0.611768,-1.56978
-0.0220672,0.289223,0.0286002;-1.57107,0.684655,-1.57159
-0.0107763,0.29239,0.0314066;-1.51534,0.840876,-1.61938
0.0134577,0.310551,0.0399463;-1.7775,0.927392,-1.41747
0.025299,0.320128,0.04231;-1.95692,0.901461,-1.2912
0.0181855,0.311688,0.0289046;-1.56925,0.781362,-1.58693
0.0166821,0.311117,0.0285813;-1.57179,0.7962,-1.57011
0.0165839,0.311701,0.0285953;-1.57094,0.835973,-1.56957
0.0190373,0.310064,0.0293236;-1.55119,0.992759,-1.59809
0.0421796,0.31803,0.034956;-1.55438,1.09638,-1.59089
0.069225,0.331656,0.0419267;-2.1061,1.10971,-1.11114
0.0734333,0.328556,0.0324572;-1.71073,1.01651,-1.46379
0.0688221,0.32738,0.0287308;-1.57116,1.01741,-1.57791
0.0679395,0.327475,0.0286709;-1.57805,1.03787,-1.56379
0.0682797,0.325292,0.0289636;-1.55658,1.20562,-1.59815
0.0862834,0.326372,0.0322543;-1.44005,1.29957,-1.70194
0.11628,0.334586,0.0409093;-2.4524,1.28888,-0.732419
0.119129,0.328977,0.0331627;-1.8367,1.23635,-1.3355
0.113902,0.328686,0.0287609;-1.57076,1.21188,-1.57975
0.112923,0.329391,0.0286817;-1.58488,1.24401,-1.55722
0.113268,0.328701,0.0289591;-1.54188,1.41007,-1.6136
0.128283,0.325787,0.0323988;-0.888064,1.49542,-2.25744
0.158489,0.328317,0.0398855;3.02999,1.36631,0.0899374
0.16329,0.323315,0.0343894;-2.2954,1.41194,-0.867542
0.154587,0.323449,0.0288439;-1.5555,1.38934,-1.60119
0.153494,0.323759,0.0285912;-1.57906,1.407,-1.56179
0.15257,0.324485,0.0289356;-1.51241,1.53561,-1.64444
0.160274,0.319368,0.0307277;1.13093,1.50711,2.00341
0.186339,0.316038,0.0380928;2.25693,1.37387,0.88034
0.19577,0.313581,0.0389245;2.64383,1.36645,0.485579
0.190682,0.313639,0.0331483;2.95006,1.48307,0.175633
0.186901,0.313664,0.0287751;-1.55091,1.55918,-1.6
0.185728,0.314136,0.0287636;1.56956,1.53856,1.56344
0.184661,0.31308,0.0288908;1.54121,1.44783,1.58664
0.199831,0.305551,0.0325585;1.39005,1.35576,1.74197
0.23775,0.298351,0.042108;2.28177,1.21065,0.862195
0.238241,0.296652,0.0393381;2.32264,1.29076,0.816787
0.231439,0.29636,0.0297156;1.77293,1.41214,1.35711
0.229088,0.298088,0.0285832;1.57266,1.37772,1.5697
0.227471,0.29911,0.0287934;1.56951,1.23769,1.56159
0.230688,0.294865,0.0296038;1.53353,1.18051,1.59571
0.276645,0.268805,0.0428265;2.00772,0.958587,1.17437
0.281398,0.262943,0.0424488;2.04448,1.02976,1.12386
0.275454,0.263243,0.0349341;1.83297,1.11971,1.31649
0.270845,0.268284,0.0286688;1.58079,1.13538,1.56169
0.270534,0.268689,0.0287577;1.57092,1.02153,1.56208
0.270508,0.266127,0.0290986;1.55656,0.953614,1.5704
0.305473,0.233795,0.042091;1.90352,0.752974,1.31322
0.30958,0.226754,0.0425889;1.91375,0.811959,1.28032
0.304701,0.226914,0.0348189;1.74583,0.909237,1.41242
0.300374,0.233493,0.0286916;1.57975,0.924677,1.56367
0.299778,0.234814,0.0287058;1.57105,0.816371,1.56468
0.299095,0.233303,0.0291671;1.55649,0.749629,1.56651
0.324226,0.196041,0.0420381;1.85699,0.560451,1.39224
0.325424,0.189338,0.0420243;1.86155,0.620643,1.36584
0.320031,0.192214,0.0348808;1.71739,0.688333,1.45982
0.317399,0.199369,0.0286662;1.57635,0.712316,1.56697
0.317592,0.201178,0.0287295;1.57089,0.598173,1.56367
0.316978,0.2007,0.0289419;1.56567,0.551102,1.56024
0.328732,0.162674,0.0394938;1.77395,0.358229,1.47794
0.3306,0.15279,0.0415965;1.82673,0.415027,1.43977
0.327638,0.154947,0.0374572;1.74336,0.444253,1.47818
0.323315,0.163389,0.0286791;1.57102,0.548088,1.56556
0.324351,0.163571,0.0286949;1.57484,0.465997,1.5715
0.324057,0.164021,0.0288177;1.57063,0.408667,1.5594
0.32212,0.157838,0.0303682;1.54605,0.326911,1.57021
0.333468,0.106792,0.0416537;1.80359,0.168264,1.50462
0.330225,0.10604,0.039687;1.7585,0.229007,1.49826
0.326013,0.114084,0.0304379;1.60666,0.322286,1.54213
0.327014,0.118388,0.0286687;1.57513,0.302257,1.56958
0.327935,0.119609,0.0287522;1.57067,0.204142,1.56267
0.325912,0.119259,0.0290802;1.56043,0.128557,1.56033
0.323466,0.0742651,0.0423048;1.7483,-0.0457457,1.5599
0.320695,0.0616293,0.0420399;1.79618,0.00974283,1.53488
0.317567,0.0671694,0.0333425;1.6534,0.0774383,1.54505
0.320419,0.0732897,0.0287418;1.57822,0.0740562,1.57044
0.32191,0.0749494,0.0286847;1.57025,-0.0372486,1.56544
0.3209,0.074875,0.0289273;1.56742,-0.103924,1.55662
0.3082,0.0344104,0.0409739;1.75658,-0.279989,1.60113
0.303664,0.0229861,0.0418837;1.80104,-0.215408,1.58961
0.301722,0.0296059,0.033495;1.66187,-0.153208,1.56544
0.304481,0.0349481,0.0287071;1.57692,-0.131537,1.57154
0.30558,0.0356035,0.028635;1.5709,-0.206562,1.56833
0.305242,0.0360467,0.0288654;1.56894,-0.26673,1.55746
0.286495,0.00487996,0.0411869;1.64322,-0.456031,1.59107
0.278903,-0.0134618,0.0417544;1.82832,-0.427233,1.65388
0.27762,-0.00895616,0.0375583;1.73987,-0.373283,1.61058
0.282049,0.000502576,0.028699;1.5743,-0.311924,1.56951
0.282665,0.000613685,0.0287082;1.57738,-0.348261,1.57304
0.283581,0.00113177,0.0287976;1.57093,-0.414799,1.56063
0.267652,-0.0111283,0.0357458;1.46352,-0.592415,1.50647
0.253399,-0.0347259,0.043727;1.7704,-0.645755,1.67578
0.245895,-0.0426851,0.0414098;1.84014,-0.59537,1.69727
0.251021,-0.0307758,0.0288528;1.57227,-0.502374,1.55998
0.252179,-0.0305255,0.0287097;1.5779,-0.508121,1.57413
0.253274,-0.030167,0.028676;1.57559,-0.576411,1.57278
0.244632,-0.0329935,0.0314485;1.51764,-0.724478,1.52799
0.227333,-0.0470691,0.0399395;1.59166,-0.835433,1.57963
0.211576,-0.0636828,0.0410135;1.89792,-0.806731,1.79014
0.214703,-0.054622,0.0290255;1.57558,-0.723566,1.55655
0.216488,-0.054727,0.0287842;1.5765,-0.690605,1.56896
0.217602,-0.0548566,0.0286841;1.57726,-0.730266,1.57526
0.21699,-0.0541074,0.029212;1.55377,-0.881021,1.5466
0.202046,-0.0603998,0.0346382;1.43646,-0.995181,1.45492
0.179109,-0.0780289,0.0434628;1.90513,-1.02597,1.84221
0.172166,-0.0758036,0.0328472;1.70713,-0.922732,1.66016
0.175832,-0.0749133,0.0287833;1.57084,-0.886453,1.56086
0.177288,-0.0752047,0.0287273;1.58218,-0.916547,1.57982
0.17869,-0.0748018,0.0289273;1.56163,-1.09494,1.54945
0.165325,-0.0758037,0.0330276;1.40573,-1.18843,1.41286
0.139318,-0.0868845,0.0412203;2.10505,-1.23133,2.06007
0.131448,-0.0842766,0.0330663;1.76384,-1.1359,1.72827
0.136204,-0.0831218,0.0287784;1.57194,-1.1115,1.56181
0.137109,-0.0836079,0.0287299;1.58708,-1.11476,1.58536
0.138504,-0.0838635,0.0288707;1.56815,-1.26778,1.55419
0.123295,-0.0825589,0.0323456;1.34062,-1.3528,1.33895
0.0984915,-0.0860009,0.0405991;2.50031,-1.39781,2.47775
0.0886345,-0.0841294,0.0358013;2.14979,-1.32774,2.11943
0.0967081,-0.0813042,0.0289319;1.57697,-1.32163,1.56162
0.0977822,-0.0818505,0.02868;1.58786,-1.3052,1.58688
0.0988376,-0.0825672,0.0288339;1.5697,-1.39475,1.55768
0.0935482,-0.0793561,0.0297319;1.43924,-1.469,1.43018
0.0693753,-0.0758825,0.037244;-0.344804,-1.53903,-0.34974
0.0400119,-0.0742347,0.0401049;3.09913,-1.36719,3.07629
0.0476235,-0.0697883,0.032294;2.20921,-1.45824,2.18987
0.0519715,-0.0694513,0.0288143;1.5856,-1.4602,1.57606
0.0540708,-0.0715116,0.0286954;1.59109,-1.54815,1.58616
0.0544095,-0.0712119,0.0288864;-1.52869,-1.53511,-1.5426
0.0403815,-0.0646615,0.0321723;-1.20712,-1.43319,-1.2183
0.000635231,-0.0571138,0.0417315;-2.40852,-1.25127,-2.40629
0.00410911,-0.0541862,0.0372525;-2.35752,-1.35309,-2.36604
0.0141997,-0.0551194,0.0289048;-1.5476,-1.4569,-1.56456
0.0148226,-0.0573258,0.0287185;-1.62461,-1.44632,-1.62364
0.0159152,-0.0582988,0.028807;-1.57023,-1.36367,-1.58106
0.0139865,-0.0547929,0.0296452;-1.51777,-1.29344,-1.52901
-0.0270841,-0.0359926,0.0429137;-1.97051,-1.08842,-1.94573
-0.0355635,-0.0296412,0.0408512;-2.10202,-1.13776,-2.08789
-0.0286382,-0.0295068,0.0323127;-1.77746,-1.25036,-1.78463
-0.0252116,-0.0331044,0.0287075;-1.59117,-1.26481,-1.5902
-0.0244751,-0.0345954,0.0287195;-1.56806,-1.16494,-1.57577
-0.0241894,-0.0338028,0.0288729;-1.56567,-1.10392,-1.57876
-0.057582,-0.00875817,0.0401895;-1.87119,-0.881215,-1.82294
-0.0643656,-0.000964322,0.0414802;-1.97311,-0.936996,-1.92548
-0.058488,-0.00147439,0.033425;-1.74126,-1.03634,-1.73546
-0.0543809,-0.00636822,0.0287633;-1.58827,-1.04434,-1.58595
-0.053932,-0.00816193,0.0287077;-1.56902,-0.96032,-1.57628
-0.0540282,-0.00735458,0.0288883;-1.57031,-0.89849,-1.58528
-0.0540282,-0.00735458,0.0288883;-1.57031,-0.89849,-1.58528
-0.064668,0.00810461,0.0320108;-1.53759,-0.806747,-1.55334
-0.064668,0.00810461,0.0320108;-1.53759,-0.806747,-1.55334
