-0.125,0.125,0.06;-1.57,-2.98023e-08,-1.57
-0.125,0.125,0.06;-1.57,-2.98023e-08,-1.57
-0.125,0.125,0.06;-1.57,-2.98023e-08,-1.57
-0.12596,0.121023,0.0285764;-1.57079,-0.167473,-1.57068
-0.124578,0.120745,0.0286387;-1.56785,-0.0889413,-1.57052
-0.121647,0.130488,0.030333;-1.56087,0.0241925,-1.55737
-0.117623,0.160089,0.0394284;-1.768,0.0250996,-1.58333
-0.116745,0.152743,0.0288861;-1.57192,-0.0438476,-1.5853
-0.117242,0.151338,0.0286044;-1.57067,-0.0356521,-1.57208
-0.117229,0.151567,0.0286058;-1.57105,-0.0341245,-1.56944
-0.116918,0.151322,0.0289532;-1.56919,0.0666291,-1.58847
-0.110282,0.163457,0.0314345;-1.54316,0.163874,-1.59003
-0.102265,0.19102,0.0401694;-1.70181,0.256479,-1.55417
-0.0968362,0.204223,0.037244;-1.73208,0.175965,-1.55599
-0.0984529,0.197196,0.0304605;-1.60531,0.126858,-1.57962
-0.100447,0.194244,0.0286838;-1.57089,0.128056,-1.57542
-0.10085,0.193093,0.0289375;-1.57057,0.21058,-1.58794
-0.0952404,0.200094,0.0299825;-1.56245,0.309475,-1.58711
-0.0859898,0.226293,0.0379783;-1.74526,0.384487,-1.52537
-0.0824045,0.238601,0.0410753;-1.80344,0.352984,-1.51506
-0.0810964,0.237352,0.0374658;-1.74717,0.303223,-1.53708
-0.084165,0.230001,0.0289081;-1.56051,0.282767,-1.59079
-0.0854983,0.228161,0.0287691;-1.57229,0.307191,-1.57805
-0.0848126,0.227295,0.0289895;-1.5674,0.384904,-1.59017
-0.0735629,0.241316,0.0314593;-1.56009,0.489916,-1.588
-0.061965,0.263372,0.0387573;-1.77519,0.498865,-1.49112
-0.0576954,0.266056,0.0359855;-1.72812,0.419272,-1.52046
-0.0617081,0.259631,0.028602;-1.57059,0.421361,-1.57205
-0.0619155,0.259452,0.0285854;-1.57147,0.461562,-1.57013
-0.0626438,0.25882,0.0288786;-1.57057,0.511042,-1.58519
-0.03945,0.279013,0.0355196;-1.63209,0.688128,-1.54581
-0.0217154,0.300471,0.041092;-1.85495,0.706142,-1.41081
-0.0163665,0.303877,0.0401954;-1.83132,0.636554,-1.43384
-0.0246248,0.29555,0.0288097;-1.5725,0.622978,-1.57923
-0.0252178,0.295094,0.0285763;-1.57133,0.637653,-1.5702
-0.0258062,0.295007,0.0286547;-1.57087,0.705624,-1.5743
-0.0124913,0.300591,0.0312329;-1.53763,0.844355,-1.61066
0.0116585,0.319655,0.0389465;-1.86934,0.917669,-1.35508
0.022661,0.328564,0.0414988;-1.93238,0.881858,-1.3128
0.0146006,0.322005,0.0290262;-1.56377,0.849308,-1.59483
0.0129676,0.321593,0.0286637;-1.57061,0.85974,-1.57495
0.0129496,0.321511,0.0285799;-1.57094,0.875752,-1.57062
0.0157041,0.320483,0.0296032;-1.55376,1.0076,-1.60222
0.0388824,0.329767,0.0350792;-1.64361,1.11176,-1.51816
0.0643913,0.341436,0.0414172;-2.07589,1.11393,-1.1396
0.0673355,0.338667,0.0328602;-1.74708,1.03385,-1.43491
0.0604606,0.337167,0.0287835;-1.57307,1.04387,-1.57841
0.059655,0.337162,0.028579;-1.57102,1.0586,-1.5704
0.0593265,0.336399,0.029051;-1.55563,1.19505,-1.6027
0.0784724,0.338595,0.0319276;-1.59721,1.29609,-1.55824
0.10654,0.345818,0.0411912;-2.40478,1.28718,-0.787685
0.112764,0.342631,0.0335703;-1.85451,1.22492,-1.31569
0.105825,0.342354,0.0287948;-1.57189,1.2371,-1.58019
0.104753,0.342405,0.0285853;-1.57223,1.26105,-1.56897
0.104746,0.341265,0.0290353;-1.55007,1.40823,-1.60879
0.123867,0.339958,0.0316644;-1.80993,1.50496,-1.34558
0.151917,0.34155,0.0413299;3.07677,1.36291,0.0331248
0.15682,0.338019,0.0350869;-2.43749,1.41077,-0.723872
0.149201,0.339973,0.0288577;-1.54538,1.45762,-1.61204
0.148083,0.340381,0.0286036;-1.56948,1.46637,-1.57334
0.146832,0.340555,0.0289587;1.54099,1.54476,1.58295
0.157078,0.335785,0.0305472;1.46035,1.44546,1.66764
0.185368,0.331838,0.039097;2.30686,1.29995,0.830127
0.193279,0.328953,0.039029;2.50617,1.3355,0.629963
0.189588,0.328429,0.0336575;2.36923,1.43772,0.76276
0.184081,0.330534,0.0288464;1.59193,1.48267,1.53901
0.182473,0.331249,0.0288271;1.58097,1.45345,1.55036
0.182124,0.329706,0.0290556;1.53992,1.38224,1.58337
0.200176,0.321517,0.032176;1.59657,1.27901,1.53405
0.232481,0.314137,0.0415591;2.18081,1.18275,0.965893
0.232517,0.311591,0.039396;2.19935,1.24724,0.943512
0.225288,0.313293,0.030446;1.72127,1.33436,1.41082
0.221375,0.315702,0.0286062;1.57135,1.30777,1.56898
0.220452,0.316378,0.0288794;1.56915,1.22774,1.55815
0.223102,0.312058,0.0299044;1.54387,1.15956,1.57914
0.270601,0.285824,0.0426019;1.98402,0.962123,1.19046
0.275432,0.279756,0.0420367;2.03489,1.03749,1.13144
0.270619,0.279735,0.0350838;1.85141,1.1189,1.30211
0.26354,0.286707,0.0285876;1.5704,1.11752,1.57068
0.262585,0.28789,0.0288005;1.57052,1.01381,1.56065
0.262805,0.285951,0.0293027;1.56655,0.962889,1.55631
0.29991,0.253368,0.0423425;1.88655,0.769404,1.31122
0.304929,0.246186,0.0420654;1.91627,0.842768,1.2734
0.300716,0.246919,0.0351118;1.77304,0.91272,1.39482
0.295056,0.255363,0.0285865;1.57087,0.903319,1.57041
0.294184,0.256403,0.0287972;1.57066,0.79861,1.56063
0.294118,0.254225,0.0292175;1.56792,0.752604,1.55544
0.323954,0.216028,0.0423646;1.83966,0.5725,1.38509
0.327117,0.208674,0.0418377;1.85217,0.649373,1.36301
0.323421,0.210901,0.0351239;1.72994,0.697454,1.45347
0.320725,0.219342,0.0285916;1.57086,0.692852,1.57029
0.320356,0.22147,0.0288288;1.57127,0.563616,1.5589
0.320356,0.220608,0.0290341;1.56441,0.54146,1.55603
0.336427,0.181642,0.0407603;1.78869,0.356861,1.46497
0.338158,0.172486,0.0410067;1.80908,0.427745,1.44365
0.335919,0.174977,0.0381756;1.76183,0.448054,1.46949
0.33282,0.182606,0.0287661;1.57336,0.50746,1.56302
0.332941,0.182673,0.0286443;1.57429,0.434584,1.56921
0.332613,0.183344,0.0289064;1.56991,0.397439,1.55567
0.331125,0.17568,0.0303233;1.55591,0.312534,1.55917
0.341206,0.125458,0.0411699;1.78879,0.178027,1.50313
0.340637,0.127792,0.0395343;1.76585,0.248714,1.49764
0.338833,0.134843,0.0306756;1.61157,0.288237,1.54352
0.339263,0.139723,0.0285786;1.57092,0.262926,1.57087
0.339611,0.140494,0.0287717;1.57014,0.188295,1.56142
0.338308,0.13896,0.0292405;1.56789,0.142494,1.55364
0.338781,0.0926277,0.0423994;1.79043,-0.0699937,1.54732
0.337642,0.0896928,0.0413062;1.78082,-0.0235411,1.54113
0.335872,0.0935102,0.0333452;1.65873,0.0446415,1.55132
0.337976,0.100114,0.0285862;1.57135,0.037186,1.57099
0.338094,0.100813,0.0287466;1.57066,-0.055642,1.56299
0.33696,0.100434,0.0290402;1.56586,-0.10758,1.55201
0.32518,0.0531697,0.0412513;1.78966,-0.274407,1.59862
0.321334,0.0448998,0.0411886;1.79652,-0.200392,1.58741
0.320986,0.0494389,0.0339048;1.67759,-0.154245,1.5712
0.32392,0.0561876,0.02858;1.57111,-0.182574,1.57138
0.324203,0.0566376,0.0286915;1.5708,-0.255191,1.56556
0.32369,0.0572107,0.0289795;1.5674,-0.307963,1.55297
0.301426,0.0169965,0.039446;1.78542,-0.476399,1.64675
0.296369,0.0067894,0.0419086;1.8228,-0.447442,1.65077
0.296195,0.00897606,0.0374814;1.74691,-0.389952,1.6195
0.30142,0.017028,0.0286333;1.57112,-0.386796,1.56848
0.301839,0.0174345,0.0285798;1.57087,-0.418568,1.57085
0.302658,0.0179487,0.0288545;1.57061,-0.474404,1.55777
0.282817,-0.00104976,0.0352035;1.60067,-0.645539,1.57509
0.265649,-0.0239014,0.0415144;1.85315,-0.680712,1.72218
0.260553,-0.0277474,0.0410251;1.83571,-0.616942,1.69782
0.267953,-0.0192942,0.0288027;1.57084,-0.586876,1.55892
0.268673,-0.0188501,0.0285795;1.57082,-0.606279,1.57084
0.269243,-0.0186025,0.0286727;1.57332,-0.662891,1.56974
0.25872,-0.0227382,0.0310026;1.53878,-0.801284,1.53263
0.236048,-0.041787,0.0388948;1.8168,-0.878456,1.74238
0.223106,-0.0530957,0.0415622;1.91141,-0.862248,1.80434
0.228007,-0.0468807,0.0295056;1.60486,-0.798331,1.58056
0.230616,-0.0458516,0.028647;1.57099,-0.813118,1.56764
0.230933,-0.0456127,0.028581;1.57094,-0.838831,1.57086
0.228713,-0.0446581,0.0294402;1.55947,-0.960787,1.54432
0.206084,-0.0540988,0.0344543;1.63935,-1.06961,1.61828
0.180828,-0.0672638,0.0418026;2.06155,-1.09103,1.98166
0.176559,-0.0646035,0.0337504;1.75152,-1.00349,1.70915
0.184459,-0.0629248,0.0287631;1.57141,-1.01636,1.56044
0.185466,-0.0628008,0.0285772;1.57125,-1.03248,1.57141
0.186253,-0.0622533,0.029073;1.56157,-1.17903,1.54431
0.166709,-0.0652731,0.0321315;1.64032,-1.27816,1.62418
0.139369,-0.0737573,0.0415519;2.36134,-1.27063,2.30509
0.134052,-0.0722175,0.0340759;1.86825,-1.21414,1.83473
0.14234,-0.0719183,0.0287541;1.57118,-1.22988,1.55998
0.143294,-0.0720833,0.0285885;1.57165,-1.25116,1.57222
0.143386,-0.0711865,0.0290227;1.55499,-1.37945,1.53701
0.12586,-0.0699706,0.0318316;1.48181,-1.4827,1.4684
0.0968624,-0.072549,0.0408504;3.08442,-1.36298,3.05566
0.0902713,-0.0707111,0.0365046;2.47088,-1.38876,2.44577
0.098454,-0.0710902,0.0289021;1.57169,-1.44868,1.5564
0.100027,-0.0716908,0.0285935;1.5702,-1.46693,1.56946
0.101089,-0.072331,0.0288907;1.56021,-1.5566,1.54529
0.0970421,-0.068766,0.0300609;-1.36417,-1.50741,-1.38184
0.0718926,-0.064241,0.0368429;-1.90943,-1.3969,-1.91905
0.0442152,-0.0591963,0.0401221;-2.56531,-1.33051,-2.57749
0.050242,-0.0602332,0.0327389;-2.26597,-1.45292,-2.27696
0.0557379,-0.0628272,0.0287502;-1.57483,-1.47126,-1.58365
0.056938,-0.0631297,0.0287308;-1.57302,-1.39767,-1.58005
0.0573855,-0.0624475,0.0290239;-1.55132,-1.35185,-1.56947
0.0443571,-0.0541453,0.0317803;-1.48975,-1.24933,-1.50777
0.00480096,-0.0396837,0.041997;-2.12176,-1.12771,-2.10919
0.00710746,-0.0389693,0.0373414;-2.03538,-1.22,-2.03008
0.0150017,-0.0426653,0.0289535;-1.55124,-1.26359,-1.56969
0.016823,-0.0445189,0.0285809;-1.5711,-1.22647,-1.57109
0.0175278,-0.0452382,0.0288731;-1.56958,-1.16244,-1.58373
0.0153441,-0.0407276,0.029838;-1.54982,-1.09572,-1.56899
-0.028921,-0.010286,0.0416061;-1.93226,-0.910703,-1.89138
-0.0327722,-0.00489405,0.0406168;-1.95854,-0.990962,-1.92652
-0.0271577,-0.00701719,0.0328414;-1.73815,-1.05872,-1.7315
-0.022598,-0.0122632,0.0285799;-1.57087,-1.03522,-1.57087
-0.0222148,-0.0127725,0.0287601;-1.57057,-0.945278,-1.57928
-0.0221915,-0.0113957,0.02909;-1.56118,-0.902505,-1.58124
-0.0553074,0.0255289,0.041347;-1.84523,-0.701105,-1.78277
-0.0603957,0.033916,0.041577;-1.8826,-0.773263,-1.82339
-0.0564619,0.031721,0.0340216;-1.7279,-0.845807,-1.70504
-0.0520994,0.0245565,0.0285805;-1.57126,-0.8197,-1.57087
-0.0516739,0.0246052,0.0287547;-1.57078,-0.736203,-1.57917
-0.0508728,0.025524,0.029075;-1.56626,-0.687214,-1.58556
-0.0508728,0.025524,0.029075;-1.56626,-0.687214,-1.58556
-0.0592623,0.0425236,0.0321323;-1.58037,-0.588149,-1.59022
-0.0592623,0.0425236,0.0321323;-1.58037,-0.588149,-1.59022
