-0.125,0.125,0.06;-1.57,-2.98023e-08,-1.57
-0.125,0.125,0.06;-1.57,-2.98023e-08,-1.57
-0.125,0.125,0.06;-1.57,-2.98023e-08,-1.57
-0.1259,0.122647,0.0285388;-1.56999,-0.21796,-1.5695
-0.124859,0.122868,0.0285828;-1.57035,-0.138168,-1.57106
-0.122911,0.13276,0.0302644;-1.5757,-0.0304552,-1.55819
-0.121266,0.156824,0.0377199;-1.73682,0.0068573,-1.58233
-0.119222,0.150322,0.0288574;-1.57197,-0.127448,-1.58448
-0.119459,0.149556,0.0286079;-1.57145,-0.122456,-1.57151
-0.119659,0.149524,0.0286026;-1.57117,-0.114419,-1.56985
-0.118872,0.149626,0.0288888;-1.56997,0.00503605,-1.58573
-0.11225,0.160673,0.0304546;-1.55713,0.0947042,-1.58193
-0.10514,0.189628,0.0386302;-1.71094,0.199031,-1.54844
-0.10127,0.201968,0.0358187;-1.70635,0.0895878,-1.56728
-0.102826,0.193855,0.0294383;-1.59099,0.0142211,-1.58094
-0.104032,0.191884,0.0286269;-1.57043,0.0149355,-1.57332
-0.104787,0.190776,0.0289113;-1.57055,0.0980572,-1.58666
-0.100315,0.19604,0.0296319;-1.57005,0.196128,-1.58078
-0.0916539,0.223097,0.0366237;-1.7197,0.296889,-1.54238
-0.0901261,0.239421,0.0394475;-1.77757,0.254011,-1.53356
-0.088487,0.237564,0.0361433;-1.71407,0.177525,-1.55702
-0.0899319,0.231149,0.0289125;-1.57074,0.130752,-1.58646
-0.091024,0.228837,0.0287656;-1.57383,0.189275,-1.57715
-0.0903905,0.227985,0.0289025;-1.56941,0.273096,-1.58623
-0.0804456,0.24115,0.0303418;-1.58517,0.365511,-1.57227
-0.071874,0.26646,0.0374557;-1.74914,0.39695,-1.51482
-0.0693455,0.269255,0.0344417;-1.68812,0.309037,-1.54402
-0.0724653,0.263594,0.0285941;-1.57123,0.290305,-1.57094
-0.0725696,0.263346,0.0285888;-1.57098,0.353243,-1.57012
-0.0731017,0.262804,0.0288349;-1.57023,0.41543,-1.58345
-0.0520169,0.28296,0.0342115;-1.64892,0.586714,-1.5305
-0.0381116,0.306499,0.0400482;-1.8096,0.622171,-1.44534
-0.0332394,0.310666,0.0383886;-1.78431,0.53044,-1.47363
-0.0403662,0.299845,0.0287395;-1.57079,0.44765,-1.57846
-0.0412652,0.299231,0.0285833;-1.57082,0.477598,-1.57092
-0.0418267,0.298254,0.028624;-1.571,0.561026,-1.57273
-0.0301733,0.303593,0.0302144;-1.56224,0.698544,-1.58502
-0.00853005,0.325214,0.0383797;-1.79303,0.792084,-1.42296
0.00174259,0.338106,0.0395338;-1.84821,0.749766,-1.39378
-0.00514808,0.328067,0.0289131;-1.57068,0.617752,-1.58685
-0.00661821,0.327476,0.028614;-1.57017,0.63505,-1.57326
-0.00681308,0.327368,0.0285783;-1.57083,0.680411,-1.57056
-0.00429547,0.326378,0.0291279;-1.56626,0.813352,-1.58756
0.0171003,0.337527,0.0333298;-1.66969,0.920826,-1.49441
0.038663,0.355441,0.0403661;-1.92301,0.960524,-1.29669
0.043428,0.354699,0.0314728;-1.65818,0.827365,-1.51604
0.039898,0.353294,0.0287583;-1.57216,0.822953,-1.57759
0.0388127,0.353012,0.02858;-1.57079,0.859597,-1.5708
0.0389943,0.351374,0.0289257;-1.56661,1.02948,-1.59109
0.0565249,0.354219,0.0310695;-1.59226,1.12365,-1.5583
0.0839492,0.368386,0.0392327;-2.07966,1.18218,-1.11209
0.0927326,0.367266,0.0315511;-1.69871,1.03024,-1.46902
0.0886353,0.365807,0.0287425;-1.5706,0.999754,-1.57888
0.0881184,0.365834,0.0285796;-1.57099,1.03055,-1.57055
0.0878495,0.364638,0.0288452;-1.56902,1.1941,-1.58545
0.103337,0.36554,0.0307053;-1.64051,1.28908,-1.50684
0.131705,0.373953,0.0392699;-2.3748,1.31346,-0.802167
0.138408,0.372041,0.0332813;-1.83823,1.20255,-1.32686
0.130567,0.371433,0.0289093;-1.57071,1.17931,-1.58625
0.129454,0.371437,0.028588;-1.57082,1.19678,-1.57123
0.127145,0.370894,0.0289176;-1.56861,1.36862,-1.5891
0.136661,0.368039,0.0299285;-1.56719,1.46594,-1.58183
0.164984,0.369031,0.0377394;3.11888,1.40654,0.00559502
0.175459,0.369085,0.0376001;-2.66497,1.3815,-0.495359
0.170731,0.36811,0.032449;-2.01209,1.39091,-1.1442
0.166814,0.368546,0.028781;-1.57035,1.39336,-1.58079
0.164891,0.368726,0.0287921;-1.57094,1.44905,-1.58089
0.164785,0.367319,0.0288651;-1.56555,1.52488,-1.59078
0.182827,0.361613,0.0308576;2.04125,1.51197,1.09654
0.219583,0.362765,0.0402235;2.69438,1.3353,0.440725
0.220184,0.360103,0.0374322;2.97591,1.40412,0.154732
0.213657,0.359962,0.0292185;-2.18318,1.5396,-0.968319
0.211138,0.361221,0.0285792;1.5774,1.5466,1.56438
0.209913,0.361575,0.0288407;1.56737,1.44907,1.56157
0.212762,0.357882,0.0292384;1.54,1.38181,1.58875
0.264282,0.341119,0.0408622;2.11761,1.14707,1.03905
0.270952,0.335793,0.0398285;2.23483,1.23713,0.913664
0.267924,0.333678,0.0337136;2.07903,1.36325,1.06003
0.261725,0.336812,0.0286195;1.57842,1.37633,1.56288
0.259588,0.336447,0.0287945;1.57052,1.2464,1.56107
0.259997,0.334398,0.0289748;1.56989,1.18038,1.55652
0.304387,0.309475,0.0407098;1.93438,0.95416,1.24344
0.312107,0.303253,0.0402377;1.98146,1.04043,1.186
0.30895,0.301105,0.0333593;1.79968,1.14917,1.34995
0.303872,0.305594,0.0285792;1.5708,1.14312,1.57091
0.302485,0.305824,0.0287458;1.5706,1.02043,1.56258
0.302507,0.304349,0.0289701;1.57113,0.965274,1.55577
0.338878,0.273417,0.0404951;1.85277,0.754701,1.3495
0.344593,0.265561,0.0398167;1.87169,0.847454,1.31882
0.340894,0.264578,0.033565;1.74174,0.947302,1.42328
0.336604,0.269557,0.0285828;1.57118,0.941944,1.57032
0.33471,0.270235,0.0287989;1.57057,0.812797,1.5606
0.334353,0.26975,0.0288893;1.56996,0.780417,1.55641
0.358965,0.234902,0.0389765;1.79087,0.576056,1.42938
0.366309,0.22392,0.0388073;1.81428,0.671125,1.40315
0.363578,0.225013,0.036796;1.77693,0.718817,1.42412
0.35849,0.232504,0.0286829;1.57179,0.797934,1.56569
0.357971,0.232934,0.0286071;1.57105,0.698411,1.57225
0.357644,0.233592,0.0288635;1.57044,0.647473,1.55721
0.357906,0.225974,0.0295818;1.56455,0.569294,1.56206
0.382497,0.18043,0.0395534;1.79202,0.425204,1.46293
0.381464,0.177011,0.0377095;1.76791,0.523807,1.45864
0.374985,0.184606,0.0296717;1.60654,0.627223,1.53914
0.374167,0.188859,0.0285784;1.57082,0.585739,1.57091
0.373463,0.189384,0.0287858;1.5708,0.493617,1.56097
0.372428,0.188216,0.0289464;1.56707,0.438576,1.55695
0.384676,0.139684,0.0404937;1.76841,0.243151,1.50348
0.386243,0.127712,0.0393088;1.77821,0.342921,1.48243
0.383233,0.128959,0.0325766;1.65693,0.423155,1.5246
0.382682,0.13538,0.028584;1.57082,0.403425,1.5706
0.382221,0.137245,0.0287265;1.57058,0.276398,1.56389
0.381103,0.13676,0.0289478;1.56789,0.215592,1.5556
0.38404,0.0884537,0.0398339;1.7668,0.022107,1.54269
0.384139,0.0766511,0.0392817;1.76935,0.123676,1.5299
0.381577,0.0798003,0.0327505;1.65758,0.208884,1.54308
0.38195,0.0847209,0.0286066;1.57181,0.193389,1.57035
0.381517,0.0855275,0.0286496;1.57115,0.098538,1.56719
0.380917,0.0857973,0.028893;1.56941,0.0449801,1.55697
0.372007,0.0424321,0.0389592;1.73862,-0.145655,1.58135
0.37124,0.0274629,0.0396672;1.77673,-0.0982191,1.57655
0.369787,0.0315589,0.0362057;1.71801,-0.00051555,1.5608
0.371719,0.0420413,0.0286227;1.57079,0.0370617,1.56877
0.371886,0.0427861,0.0285841;1.57108,-0.0145706,1.57084
0.372356,0.0438814,0.0288257;1.57078,-0.0966182,1.55915
0.358949,0.0192166,0.0334329;1.63617,-0.268374,1.58561
0.352952,-0.00848335,0.0400093;1.78557,-0.324623,1.621
0.350138,-0.0153214,0.0389649;1.77037,-0.235901,1.60512
0.352894,-0.00343952,0.0287921;1.5707,-0.137607,1.5607
0.353307,-0.00260369,0.0286112;1.57213,-0.163818,1.57074
0.353346,-0.00122943,0.0285767;1.57105,-0.255436,1.57098
0.343953,-0.00881615,0.0301897;1.55931,-0.409057,1.55622
0.327834,-0.0359014,0.0377404;1.73808,-0.508541,1.64233
0.321372,-0.0534743,0.0398258;1.80388,-0.47989,1.6645
0.323541,-0.0439551,0.0287497;1.56088,-0.345076,1.55062
0.324736,-0.0431582,0.0286578;1.5718,-0.35752,1.56824
0.325539,-0.0424916,0.0285777;1.57081,-0.404741,1.571
0.323869,-0.0417663,0.0290668;1.56688,-0.561938,1.55496
0.306205,-0.0571186,0.0330717;1.63229,-0.664481,1.60587
0.289001,-0.0812504,0.0404999;1.84098,-0.721816,1.73061
0.281361,-0.0834702,0.0323173;1.65814,-0.564241,1.60726
0.285013,-0.0806521,0.0287475;1.57122,-0.558844,1.56161
0.286153,-0.0799759,0.0285802;1.571,-0.592558,1.5709
0.28526,-0.0781629,0.0289374;1.56784,-0.758387,1.55241
0.269219,-0.0864151,0.0310683;1.60943,-0.854139,1.59416
0.246868,-0.106395,0.0396811;1.89968,-0.930843,1.81628
0.238606,-0.108095,0.0323143;1.67498,-0.77447,1.63443
0.242386,-0.106131,0.0287928;1.57065,-0.764207,1.56077
0.243232,-0.105777,0.028582;1.571,-0.794281,1.57087
0.244433,-0.104491,0.0289066;1.5693,-0.974073,1.55354
0.22817,-0.108589,0.0305889;1.60265,-1.07025,1.59283
0.201551,-0.124002,0.0390569;2.02796,-1.13654,1.97133
0.194164,-0.124451,0.0351156;1.80762,-0.989717,1.76015
0.201124,-0.1204,0.0289022;1.56982,-0.952041,1.55421
0.202522,-0.120058,0.028596;1.57114,-0.977288,1.57029
0.204527,-0.11945,0.0288631;1.57026,-1.12649,1.55684
0.198832,-0.118158,0.0294859;1.55697,-1.19548,1.54561
0.171502,-0.122796,0.0351445;1.92963,-1.28856,1.91329
0.143193,-0.131285,0.0382429;2.08853,-1.19795,2.04685
0.150749,-0.127882,0.0314238;1.71912,-1.15735,1.69833
0.154739,-0.12764,0.0287236;1.57133,-1.15569,1.56444
0.157335,-0.127091,0.0286917;1.57194,-1.29235,1.56683
0.157789,-0.126529,0.028903;1.56413,-1.35314,1.54903
0.143227,-0.123502,0.0307229;1.52008,-1.44371,1.51284
0.0975139,-0.127268,0.0397353;2.78777,-1.3513,2.76484
0.101092,-0.124734,0.0360601;2.25365,-1.34596,2.23088
0.10918,-0.124281,0.0288652;1.56303,-1.35131,1.54817
0.111372,-0.124833,0.0285781;1.57137,-1.42597,1.57145
0.112674,-0.125197,0.0288449;1.56708,-1.50803,1.55442
0.109539,-0.122299,0.0293027;-0.667266,-1.56502,-0.679956
0.0570496,-0.114546,0.040159;-2.46529,-1.3068,-2.46667
0.0509899,-0.111811,0.0386307;-2.78805,-1.37059,-2.79515
0.0561738,-0.111093,0.0315104;-3.09512,-1.51056,-3.10493
0.0610395,-0.112929,0.0285831;-1.57244,-1.53395,-1.57257
0.0626163,-0.112566,0.0287516;-1.57079,-1.42167,-1.57892
0.0627475,-0.111607,0.0289215;-1.55902,-1.35852,-1.57498
0.0178692,-0.09253,0.0398443;-2.02432,-1.12093,-2.00489
0.00751902,-0.0859459,0.039174;-2.13622,-1.20489,-2.12303
0.0114975,-0.0847771,0.0323182;-1.88911,-1.3274,-1.88986
0.0158592,-0.0874995,0.028583;-1.5716,-1.32166,-1.57132
0.0173928,-0.0879482,0.0287215;-1.57062,-1.19955,-1.57731
0.0176116,-0.0869994,0.028918;-1.57034,-1.13987,-1.58659
0.0176116,-0.0869994,0.028918;-1.57034,-1.13987,-1.58659
0.00372407,-0.0737905,0.0306856;-1.63557,-1.04014,-1.63152
0.00372407,-0.0737905,0.0306856;-1.63557,-1.04014,-1.63152
