-0.125,0.125,0.06;-1.57,-2.98023e-08,-1.57
-0.125,0.125,0.06;-1.57,-2.98023e-08,-1.57
-0.125,0.125,0.06;-1.57,-2.98023e-08,-1.57
-0.125932,0.120791,0.0285595;-1.57282,-0.159694,-1.56992
-0.124546,0.120747,0.0286294;-1.56769,-0.0798413,-1.5702
-0.122148,0.13097,0.030321;-1.56354,0.0260883,-1.55747
-0.118849,0.158555,0.0387949;-1.75471,0.0313718,-1.58159
-0.117157,0.153182,0.0288614;-1.57081,-0.0662077,-1.5844
-0.117493,0.152548,0.0286435;-1.57395,-0.0608461,-1.57075
-0.117781,0.153033,0.0286194;-1.571,-0.0355887,-1.56879
-0.117545,0.154517,0.0288542;-1.57034,0.102335,-1.58435
-0.110981,0.164432,0.0310068;-1.5414,0.19077,-1.58552
-0.101393,0.192986,0.0398766;-1.68453,0.29447,-1.54864
-0.0956271,0.204819,0.0364415;-1.71339,0.206333,-1.55555
-0.0982218,0.195031,0.0299054;-1.59713,0.122527,-1.57952
-0.0994748,0.19316,0.028646;-1.57078,0.11342,-1.5739
-0.0998009,0.191921,0.0288935;-1.57059,0.217221,-1.5858
-0.0951231,0.196702,0.0301505;-1.55043,0.298828,-1.58426
-0.0845347,0.2232,0.0369806;-1.69988,0.388031,-1.5365
-0.0802014,0.237457,0.0411424;-1.80144,0.364933,-1.5147
-0.0794123,0.234811,0.0372301;-1.73249,0.291553,-1.54107
-0.0814216,0.228125,0.0289055;-1.57061,0.252116,-1.58635
-0.0825764,0.226249,0.0286924;-1.57064,0.288756,-1.57614
-0.0816893,0.224416,0.0289096;-1.5671,0.396173,-1.58496
-0.0718426,0.235799,0.0315179;-1.53644,0.479408,-1.59301
-0.0592367,0.258707,0.0380633;-1.76264,0.507611,-1.4938
-0.0560751,0.259976,0.0355657;-1.70835,0.441933,-1.52681
-0.0587555,0.254914,0.0286811;-1.57634,0.395203,-1.56852
-0.0589925,0.255985,0.0286858;-1.57541,0.45471,-1.56777
-0.0595238,0.255316,0.0288216;-1.57067,0.540166,-1.58241
-0.0372146,0.272215,0.0355106;-1.54374,0.727157,-1.59504
-0.018121,0.294476,0.0412739;-1.88009,0.755356,-1.38107
-0.0138213,0.295913,0.0404559;-1.83722,0.697071,-1.42455
-0.0226954,0.286327,0.0287278;-1.57092,0.605912,-1.57826
-0.0237449,0.286332,0.0286494;-1.57493,0.635324,-1.56842
-0.024015,0.287292,0.0286138;-1.57306,0.717597,-1.56946
-0.0112128,0.291078,0.0311194;-1.52198,0.880493,-1.61663
0.015801,0.310131,0.0391004;-1.85275,0.95933,-1.35368
0.0259309,0.31767,0.0420704;-1.96263,0.940056,-1.28025
0.0173997,0.30849,0.0289086;-1.57171,0.806424,-1.58576
0.0159267,0.30813,0.0285762;-1.57109,0.822497,-1.57016
0.0155527,0.308913,0.0286043;-1.57256,0.867855,-1.56928
0.0164619,0.306419,0.0293215;-1.54132,1.05528,-1.60687
0.0398524,0.313049,0.0345074;-1.51493,1.15515,-1.62751
0.0679332,0.325686,0.0419008;-2.16573,1.15613,-1.04575
0.0697528,0.320466,0.0319312;-1.70536,1.05541,-1.47125
0.065972,0.319343,0.0287147;-1.572,1.05632,-1.57718
0.0649924,0.319867,0.0286655;-1.57955,1.09081,-1.56301
0.0653159,0.318773,0.0289386;-1.55904,1.26658,-1.5965
0.0809969,0.317921,0.0323554;-1.35881,1.35513,-1.78555
0.111783,0.324777,0.0402358;-2.57227,1.346,-0.600309
0.111402,0.320062,0.0323123;-1.83091,1.32328,-1.33511
0.107535,0.320381,0.0287527;-1.57048,1.27955,-1.58014
0.10679,0.320861,0.0287064;-1.59305,1.291,-1.54933
0.105814,0.320952,0.0289014;-1.54532,1.43928,-1.60894
0.116956,0.316874,0.0321622;-0.435605,1.51412,-2.70953
0.146273,0.319496,0.0394581;2.84132,1.38987,0.286129
0.149633,0.314203,0.0334159;-2.55059,1.46864,-0.608989
0.142577,0.3153,0.0289424;-1.57614,1.44464,-1.58217
0.141355,0.315889,0.0286605;-1.6028,1.45556,-1.53923
0.140281,0.316566,0.0289071;1.50041,1.55637,1.62649
0.14604,0.312213,0.0309812;1.26645,1.45773,1.86727
0.174226,0.308107,0.0385228;2.08392,1.35649,1.05414
0.184553,0.3045,0.0384819;2.48435,1.35238,0.649701
0.1775,0.305038,0.033309;2.62429,1.47571,0.504544
0.171702,0.306581,0.0287701;1.57199,1.53455,1.56044
0.170548,0.3066,0.0287417;1.57736,1.50906,1.5572
0.169415,0.305567,0.0288849;1.55872,1.41367,1.56888
0.185858,0.297941,0.0320618;1.45044,1.32541,1.68219
0.218492,0.290122,0.0417637;2.22327,1.18737,0.927467
0.216346,0.287779,0.0392419;2.18007,1.25476,0.958415
0.207519,0.289233,0.0295538;1.65639,1.35927,1.47048
0.206011,0.291243,0.0286914;1.59444,1.34236,1.54778
0.205172,0.292334,0.0288042;1.57032,1.24937,1.5606
0.205495,0.289031,0.0297332;1.51373,1.17213,1.61474
0.247446,0.263972,0.0422497;1.99255,0.960895,1.19422
0.252842,0.257358,0.042062;2.02257,1.02387,1.14531
0.246701,0.257223,0.0344096;1.80531,1.12359,1.33975
0.242379,0.262443,0.0287332;1.58836,1.1414,1.55469
0.241765,0.264048,0.0287615;1.57082,1.03497,1.56238
0.241051,0.262811,0.0290547;1.55264,0.961603,1.57226
0.272527,0.229608,0.0413502;1.8711,0.759356,1.33455
0.276984,0.221694,0.0423937;1.9102,0.812787,1.28235
0.27136,0.221592,0.0339334;1.73226,0.912699,1.42061
0.267512,0.228258,0.0287152;1.58212,0.935773,1.56181
0.267112,0.230046,0.028724;1.57065,0.822004,1.56429
0.266373,0.229084,0.0289964;1.56514,0.751391,1.56041
0.292861,0.191911,0.0409698;1.8539,0.573483,1.39513
0.294474,0.185398,0.042029;1.85306,0.61987,1.37084
0.28898,0.188004,0.0340823;1.70293,0.700263,1.46814
0.286068,0.194715,0.0286969;1.5777,0.713226,1.56583
0.286252,0.196115,0.0287787;1.57043,0.62923,1.56153
0.285524,0.196177,0.0288685;1.57003,0.571402,1.5572
0.30054,0.159665,0.0392824;1.74979,0.387241,1.48826
0.302884,0.151177,0.0405864;1.82332,0.431584,1.4476
0.299776,0.153612,0.036993;1.7423,0.464894,1.47907
0.293602,0.16547,0.0288561;1.57664,0.553139,1.55961
0.294561,0.166102,0.0287657;1.57983,0.506845,1.56738
0.294432,0.166167,0.0287967;1.57056,0.470384,1.56055
0.292753,0.160881,0.0299808;1.55134,0.39046,1.56898
0.302839,0.118366,0.0412771;1.77494,0.241747,1.50447
0.301394,0.111913,0.0394201;1.76537,0.308397,1.48678
0.29792,0.119275,0.0298262;1.59551,0.362207,1.54241
0.299552,0.122669,0.0286775;1.57574,0.35771,1.56906
0.300367,0.124109,0.0287294;1.56997,0.265946,1.56338
0.299057,0.123497,0.0289503;1.56511,0.20647,1.55885
0.299451,0.0833869,0.0428057;1.7037,0.0141037,1.55505
0.298058,0.0707057,0.0415796;1.79704,0.0695164,1.52675
0.294944,0.0755479,0.0328695;1.64546,0.142116,1.54187
0.296301,0.0800141,0.0287684;1.58018,0.159916,1.56966
0.297447,0.0815702,0.0286842;1.56908,0.0620813,1.56383
0.296765,0.0813691,0.0288989;1.56884,0.000135809,1.5562
0.288887,0.0385526,0.0397023;1.79026,-0.186177,1.59913
0.286057,0.0324038,0.0410016;1.79655,-0.12456,1.57852
0.284051,0.0383433,0.0329101;1.65005,-0.058985,1.55936
0.286618,0.0442991,0.028746;1.57875,-0.0542855,1.57107
0.287067,0.0446531,0.028749;1.57479,-0.107572,1.56727
0.287001,0.0451379,0.0288597;1.57022,-0.161939,1.55721
0.270415,0.0055323,0.0391456;1.72929,-0.346893,1.61539
0.267676,-0.00318909,0.0413626;1.82762,-0.334393,1.64107
0.265766,0.000116568,0.0368047;1.72889,-0.267964,1.59808
0.269712,0.0109276,0.0287111;1.5743,-0.221076,1.56857
0.270024,0.0106827,0.0287272;1.57807,-0.227646,1.57233
0.27098,0.0114553,0.0288264;1.57142,-0.294105,1.55935
0.254155,-0.00846744,0.0349454;1.53069,-0.474223,1.54666
0.243678,-0.0297653,0.0403316;1.83644,-0.542801,1.69608
0.239017,-0.0334335,0.0405888;1.81727,-0.476861,1.66675
0.24366,-0.0209691,0.0288547;1.57168,-0.401125,1.55906
0.244676,-0.0206483,0.0287507;1.57941,-0.396487,1.57359
0.245229,-0.0203331,0.0287837;1.58033,-0.446342,1.57349
0.236774,-0.0254167,0.0306168;1.5423,-0.581273,1.54681
0.219368,-0.0460967,0.0388506;1.67195,-0.688119,1.62838
0.210611,-0.0585429,0.040884;1.87103,-0.675889,1.7477
0.213152,-0.0491157,0.0289448;1.56704,-0.581863,1.55153
0.214518,-0.0487954,0.0288238;1.57836,-0.583162,1.56967
0.2151,-0.0489503,0.0287039;1.57807,-0.595203,1.5749
0.213818,-0.0484755,0.0290258;1.56298,-0.710324,1.55326
0.195626,-0.0601687,0.034272;1.51879,-0.813823,1.52681
0.175582,-0.0782344,0.0409694;1.9042,-0.867841,1.81627
0.173137,-0.0747343,0.032317;1.66559,-0.778608,1.62139
0.177377,-0.0726435,0.028787;1.57214,-0.770601,1.56223
0.178703,-0.0726569,0.0287493;1.58254,-0.802926,1.57923
0.178598,-0.0722948,0.0288971;1.56776,-0.914961,1.55437
0.161197,-0.0783039,0.0319464;1.51963,-1.01485,1.52019
0.134508,-0.093639,0.0396258;2.0269,-1.04863,1.96592
0.135918,-0.0898417,0.0321488;1.69139,-0.995037,1.65796
0.140048,-0.0884661,0.0287672;1.57076,-0.972392,1.56145
0.140973,-0.088521,0.0287327;1.58448,-0.994191,1.5823
0.141692,-0.0884291,0.0288707;1.56952,-1.09277,1.55547
0.126341,-0.0906321,0.0312031;1.50888,-1.18608,1.50672
0.0972753,-0.101226,0.0389982;2.18612,-1.20528,2.14813
0.0962589,-0.0986559,0.0353076;1.89576,-1.16939,1.85875
0.104711,-0.0952743,0.0289227;1.57358,-1.13637,1.55832
0.1059,-0.0952936,0.0286717;1.57891,-1.13803,1.57689
0.106479,-0.0957576,0.0288682;1.57213,-1.19757,1.55863
0.10232,-0.0942356,0.0294721;1.55395,-1.26903,1.54216
0.0760164,-0.096947,0.0360228;1.73554,-1.37791,1.72723
0.0510649,-0.100656,0.0388437;2.38514,-1.29803,2.35673
0.0620126,-0.0983483,0.031024;1.76642,-1.32442,1.748
0.0655071,-0.0987681,0.0287438;1.57216,-1.30779,1.56376
0.0667026,-0.0997824,0.0288394;1.60113,-1.37604,1.59399
0.0660981,-0.0993636,0.028898;1.56691,-1.39433,1.55141
0.053196,-0.0958375,0.0307281;1.39791,-1.49416,1.38967
0.0121045,-0.094768,0.0412623;3.12453,-1.31619,3.11671
0.0202576,-0.0944876,0.0362339;2.99145,-1.42329,2.97765
0.0299183,-0.0958084,0.0289069;1.57167,-1.50609,1.55622
0.0309793,-0.0964328,0.0287294;1.74923,-1.52976,1.74903
0.0310016,-0.09666,0.0288536;1.60615,-1.54767,1.59334
0.0290426,-0.0942196,0.0292015;-1.49579,-1.52682,-1.50774
-0.0191638,-0.0832842,0.0404379;-2.45299,-1.25981,-2.43666
-0.0191376,-0.082238,0.039565;-2.45174,-1.3014,-2.44772
-0.0119317,-0.08257,0.0309131;-1.91219,-1.44233,-1.92372
-0.00879299,-0.0849732,0.0287011;-1.6203,-1.45384,-1.61996
-0.00834223,-0.0857365,0.0288317;-1.58517,-1.3962,-1.59415
-0.00854057,-0.0851439,0.0288986;-1.56935,-1.36252,-1.58473
-0.0526414,-0.0645352,0.0398017;-2.08726,-1.11587,-2.054
-0.0581866,-0.0599371,0.0403175;-2.19053,-1.1615,-2.15956
-0.0501348,-0.0621945,0.0321221;-1.79407,-1.26122,-1.79588
-0.0459849,-0.0660641,0.0287359;-1.59495,-1.2595,-1.59373
-0.0453268,-0.067515,0.0287179;-1.57176,-1.16548,-1.57814
-0.0459786,-0.066679,0.0289874;-1.5782,-1.14715,-1.59329
-0.0459786,-0.066679,0.0289874;-1.5782,-1.14715,-1.59329
-0.0581136,-0.0559993,0.0309972;-1.59889,-1.05514,-1.60373
-0.0581136,-0.0559993,0.0309972;-1.59889,-1.05514,-1.60373
