-0.125,0.125,0.06;-1.57,-2.98023e-08,-1.57
-0.125,0.125,0.06;-1.57,-2.98023e-08,-1.57
-0.125,0.125,0.06;-1.57,-2.98023e-08,-1.57
-0.126139,0.121006,0.0285871;-1.57158,-0.181249,-1.56979
-0.125246,0.122893,0.028689;-1.57055,-0.100722,-1.56554
-0.123267,0.131896,0.0300805;-1.56768,0.000280172,-1.55164
-0.120383,0.158766,0.0373611;-1.73125,0.0180568,-1.58051
-0.114532,0.153794,0.0297282;-1.57228,-0.0889576,-1.59653
-0.118496,0.145991,0.028944;-1.57879,-0.0866975,-1.58086
-0.118758,0.144851,0.0286559;-1.57103,-0.059566,-1.5741
-0.11867,0.146014,0.0287286;-1.57083,0.0891072,-1.56378
-0.113595,0.155746,0.0304064;-1.57119,0.197451,-1.54508
-0.109044,0.17419,0.0338787;-1.62008,0.310339,-1.51541
-0.105014,0.173153,0.032073;-1.64344,0.230256,-1.55476
-0.104334,0.165956,0.0288986;-1.56824,0.158427,-1.58883
-0.10572,0.162944,0.0300184;-1.57974,0.153719,-1.59391
-0.107454,0.158481,0.0289194;-1.57063,0.227965,-1.58713
-0.104327,0.163023,0.0292663;-1.56522,0.327808,-1.5681
-0.0971512,0.185943,0.0333131;-1.62615,0.426112,-1.51647
-0.0931921,0.196971,0.035264;-1.66287,0.404907,-1.49604
-0.0923867,0.189237,0.0312634;-1.61625,0.320651,-1.54121
-0.0934068,0.183729,0.0286391;-1.57053,0.239849,-1.57552
-0.0936264,0.182619,0.0288976;-1.57314,0.240533,-1.58324
-0.0926539,0.181296,0.0293237;-1.5683,0.289449,-1.59268
-0.0839252,0.19404,0.0318318;-1.55247,0.384045,-1.58695
-0.0767105,0.217507,0.0370103;-1.72625,0.441448,-1.50558
-0.0750139,0.218006,0.0325696;-1.66085,0.355529,-1.54149
-0.0767924,0.211978,0.0287183;-1.57421,0.276197,-1.56653
-0.0765311,0.212448,0.0286676;-1.5711,0.289995,-1.56626
-0.0763548,0.213159,0.0285877;-1.5711,0.33376,-1.57123
-0.0617504,0.23131,0.0321593;-1.60474,0.502553,-1.54456
-0.0513314,0.254931,0.0389956;-1.76794,0.549562,-1.46774
-0.0482126,0.258253,0.0375632;-1.75578,0.470251,-1.49419
-0.0546916,0.241926,0.0285819;-1.57056,0.338595,-1.57106
-0.0547768,0.241855,0.0286648;-1.57235,0.337044,-1.56716
-0.0543532,0.243437,0.0286641;-1.5711,0.401901,-1.56635
-0.0454836,0.251368,0.0301394;-1.57375,0.587487,-1.54483
-0.0335038,0.269139,0.0341405;-1.65229,0.686981,-1.48999
-0.0257664,0.278123,0.0375628;-1.7638,0.670378,-1.44891
-0.0286587,0.262287,0.0290208;-1.5668,0.528614,-1.59275
-0.0311404,0.261339,0.0288093;-1.57774,0.543331,-1.5722
-0.0315689,0.261188,0.028592;-1.57114,0.571355,-1.56995
-0.0264977,0.264277,0.0289606;-1.56856,0.722784,-1.56265
-0.0134242,0.274113,0.0319279;-1.58992,0.851363,-1.5178
-0.00436512,0.286292,0.0360758;-1.69927,0.923007,-1.41827
-0.00629404,0.276277,0.0285484;-1.5679,0.724587,-1.57382
-0.0065309,0.275758,0.0287445;-1.57106,0.689476,-1.57844
-0.00666297,0.275356,0.0289318;-1.5772,0.689176,-1.57872
-0.00809188,0.274638,0.0286721;-1.56841,0.81201,-1.57561
0.00233059,0.279775,0.0304781;-1.5725,0.914178,-1.54491
0.0199837,0.295665,0.0353346;-1.70849,1.0082,-1.40887
0.0190688,0.288685,0.0286752;-1.57107,0.802788,-1.56618
0.0178539,0.287334,0.0285797;-1.57072,0.714114,-1.57087
0.0176767,0.286668,0.0286968;-1.57485,0.672718,-1.56586
0.0185355,0.286862,0.028743;-1.57009,0.769846,-1.57932
0.0278045,0.292147,0.0304476;-1.5685,0.876236,-1.56107
0.0469135,0.310311,0.0375702;-1.78503,0.956799,-1.38178
0.0473123,0.303729,0.0287162;-1.57251,0.809354,-1.56413
0.0453868,0.301593,0.0285723;-1.57077,0.718956,-1.57138
0.0453217,0.30116,0.0287367;-1.57625,0.670627,-1.56408
0.0483058,0.303791,0.0287116;-1.5712,0.788837,-1.56403
0.0562346,0.307388,0.0295974;-1.57502,0.881235,-1.55229
0.0745137,0.32199,0.0344806;-1.71283,0.964465,-1.43594
0.0827521,0.323397,0.0364454;-1.80175,0.900672,-1.39981
0.0763201,0.316831,0.0311664;-1.6484,0.816062,-1.52239
0.0730926,0.314507,0.0286637;-1.57053,0.776986,-1.57591
0.0727047,0.314154,0.0285792;-1.57079,0.80374,-1.57074
0.0757028,0.314775,0.0287751;-1.56875,0.892529,-1.56421
0.0876506,0.320351,0.0310724;-1.58291,1.00586,-1.52796
0.102123,0.331219,0.0371186;-1.83807,1.08933,-1.31418
0.0986471,0.325609,0.0358827;-1.80779,1.00031,-1.37272
0.091338,0.317407,0.0289493;-1.57007,0.941429,-1.5897
0.0893991,0.317018,0.0286009;-1.57279,0.95719,-1.56903
0.0888145,0.316572,0.0285813;-1.57138,1.05005,-1.56996
0.0947115,0.317175,0.0291937;-1.56994,1.12921,-1.55948
0.125275,0.33178,0.036675;-1.95631,1.31648,-1.14979
0.130665,0.331567,0.0366142;-1.94756,1.21777,-1.19548
0.121046,0.322595,0.028577;-1.56244,1.11108,-1.5744
0.120271,0.322006,0.028753;-1.57646,1.03272,-1.57122
0.118883,0.321523,0.0288069;-1.57067,1.13275,-1.5816
0.119584,0.320979,0.0287836;-1.56536,1.18461,-1.58425
0.159373,0.338081,0.037329;-2.11689,1.33863,-1.00722
0.167234,0.339543,0.0359761;-2.02168,1.25804,-1.12395
0.156234,0.329529,0.0286402;-1.57479,1.15771,-1.56596
0.153354,0.327429,0.0287167;-1.57801,1.01822,-1.56189
0.154678,0.328519,0.0285692;-1.57022,1.10625,-1.57152
0.155869,0.328456,0.0286852;-1.56792,1.13584,-1.57788
0.195702,0.344261,0.0389375;-2.20727,1.27144,-0.962126
0.205228,0.346046,0.0383153;-2.12009,1.21578,-1.0621
0.192868,0.336497,0.0300439;-1.67172,1.17103,-1.47803
0.187578,0.334727,0.0287259;-1.57933,1.05405,-1.56062
0.189216,0.335616,0.0285325;-1.5645,1.11744,-1.57529
0.19197,0.335499,0.0287352;-1.57146,1.19558,-1.56271
0.221082,0.343266,0.0345792;-1.99019,1.3662,-1.13373
0.228285,0.341475,0.0369632;-2.1918,1.29659,-0.976971
0.221459,0.336685,0.0346703;-1.96701,1.28354,-1.20029
0.212184,0.334244,0.0286707;-1.57146,1.19473,-1.57447
0.213826,0.335235,0.0287849;-1.58312,1.26652,-1.55277
0.21551,0.335337,0.028646;-1.57205,1.34219,-1.56589
0.223553,0.333656,0.0296404;-1.57753,1.44389,-1.54658
0.253714,0.335594,0.0367763;2.81813,1.45471,0.349268
0.252346,0.331282,0.0356737;-2.72274,1.4306,-0.425494
0.240702,0.327075,0.028892;-1.53588,1.43165,-1.62228
0.235728,0.328184,0.028942;-1.64913,1.46337,-1.50413
0.233136,0.329324,0.0288106;1.69226,1.56352,1.43906
0.233807,0.328405,0.0286761;1.47755,1.50848,1.66383
0.271835,0.32204,0.0360379;1.87153,1.28469,1.32828
0.272768,0.318645,0.035836;2.07009,1.32724,1.10082
0.25997,0.316138,0.0285897;1.57644,1.49392,1.56506
0.260061,0.31589,0.0288246;2.87645,1.56154,0.26239
0.2599,0.314957,0.0289432;1.62411,1.49607,1.50431
0.258768,0.312693,0.0296626;1.51445,1.44903,1.60266
0.305432,0.306702,0.0381456;2.01278,1.23212,1.16515
0.309121,0.302955,0.0366541;2.07575,1.266,1.08798
0.293507,0.301054,0.0285316;1.59898,1.43114,1.54587
0.291501,0.300876,0.0287536;1.98233,1.55717,1.16212
0.292895,0.300768,0.0286143;1.5766,1.51717,1.56678
0.292812,0.300082,0.0285945;1.5706,1.4675,1.56999
0.329203,0.288058,0.0371235;2.00051,1.25819,1.16145
0.343483,0.284378,0.0391855;2.19769,1.23581,0.955892
0.334128,0.283019,0.0351821;2.13349,1.34214,1.00948
0.32209,0.2856,0.028627;1.57538,1.47964,1.56803
0.322512,0.285528,0.0287333;1.60185,1.46314,1.54411
0.323763,0.285489,0.0285948;1.57043,1.40265,1.57238
0.342652,0.274273,0.0313043;1.6019,1.19203,1.57137
0.363768,0.268193,0.0381898;1.89589,1.10507,1.29011
0.3642,0.262037,0.0377757;1.98385,1.14406,1.177
0.345757,0.263203,0.0290912;1.5877,1.31004,1.53894
0.344302,0.265481,0.0287824;1.58864,1.28965,1.54892
0.34402,0.265808,0.0286402;1.57748,1.2409,1.56545
0.352348,0.257329,0.0302233;1.57375,1.06349,1.59201
0.368859,0.248447,0.0340181;1.64948,0.94646,1.55334
0.375066,0.244412,0.0362607;1.74525,0.923241,1.45808
0.358796,0.247695,0.0288206;1.57101,1.10755,1.55466
0.357739,0.248243,0.0290925;1.60174,1.1135,1.53182
0.356943,0.248754,0.0292267;1.58882,1.10435,1.54072
0.354683,0.249328,0.0287698;1.55631,0.972387,1.58126
0.366885,0.236614,0.0313211;1.57437,0.864872,1.60008
0.387221,0.224042,0.0365244;1.70131,0.779594,1.52241
0.372013,0.2248,0.0285701;1.57016,0.986186,1.57106
0.371295,0.225049,0.0285767;1.571,1.05059,1.57034
0.370905,0.224958,0.0287085;1.5836,1.07781,1.55932
0.369483,0.223622,0.0292828;1.55957,0.960185,1.55981
0.380877,0.211128,0.0319247;1.53763,0.873296,1.59573
0.405948,0.19595,0.0384436;1.78187,0.759512,1.43243
0.393649,0.195908,0.0284451;1.55998,0.926405,1.57956
0.392969,0.197083,0.0285737;1.57051,1.00227,1.57132
0.392103,0.197012,0.0287619;1.58239,1.05179,1.56366
0.394146,0.194507,0.0285985;1.57113,0.954976,1.57168
0.40039,0.184238,0.0301833;1.56186,0.849314,1.59228
0.421146,0.165463,0.0373398;1.75173,0.76539,1.45181
0.419583,0.157831,0.0348833;1.7462,0.882256,1.41768
0.41374,0.163851,0.0289724;1.576,0.964589,1.55084
0.413376,0.164687,0.0286692;1.57737,0.958915,1.56487
0.415574,0.16378,0.0286365;1.57136,0.839274,1.57346
0.41809,0.156172,0.0295331;1.56988,0.70928,1.58797
0.427651,0.141507,0.0317473;1.5879,0.613599,1.59902
0.430935,0.127983,0.0366974;1.75372,0.606392,1.4537
0.419583,0.134871,0.030112;1.6143,0.722318,1.52252
0.417181,0.138191,0.0297757;1.57833,0.730232,1.54332
0.417034,0.144018,0.0286538;1.57059,0.622623,1.56728
0.416291,0.14348,0.0286456;1.57006,0.544717,1.57414
0.418883,0.132597,0.0306986;1.57133,0.447045,1.59936
0.429623,0.109897,0.0357071;1.67232,0.330911,1.57155
0.421898,0.115718,0.0309877;1.62188,0.441561,1.55663
0.419054,0.118857,0.0287973;1.57052,0.528756,1.55984
0.418156,0.119076,0.0290459;1.5826,0.533009,1.55228
0.417719,0.12096,0.0289834;1.57296,0.483779,1.55241
0.416628,0.11926,0.02895;1.5607,0.408667,1.57131
0.433015,0.0784849,0.037433;1.68461,0.22898,1.5802
0.427283,0.0779107,0.0345495;1.673,0.296202,1.56109
0.419094,0.0880464,0.0286084;1.57082,0.436158,1.57215
0.417922,0.0894776,0.0286525;1.57491,0.543039,1.56855
0.417965,0.089336,0.0287185;1.57078,0.496477,1.56422
0.415995,0.0889687,0.0289481;1.56628,0.41473,1.5581
0.43299,0.0420844,0.0388937;1.75323,0.228221,1.52552
0.433888,0.0348733,0.038273;1.7553,0.263423,1.50843
0.42729,0.046483,0.0288401;1.5824,0.359921,1.56515
0.427635,0.0481982,0.0287483;1.57698,0.448098,1.57056
0.428475,0.0467568,0.0286389;1.57173,0.389646,1.5737
0.428724,0.0441345,0.0287071;1.56972,0.296426,1.57661
0.428724,0.0441345,0.0287071;1.56972,0.296426,1.57661
0.428478,0.0310018,0.0302285;1.57084,0.191264,1.58978
0.428478,0.0310018,0.0302285;1.57084,0.191264,1.58978
