-0.125,0.125,0.06;-1.57,-2.98023e-08,-1.57
-0.125,0.125,0.06;-1.57,-2.98023e-08,-1.57
-0.125,0.125,0.06;-1.57,-2.98023e-08,-1.57
-0.125779,0.120808,0.0285792;-1.57071,-0.156881,-1.57074
-0.124406,0.11975,0.0285863;-1.57066,-0.0695468,-1.57145
-0.12149,0.129766,0.0302282;-1.56591,0.0307391,-1.56017
-0.116632,0.159358,0.0407938;-1.79006,0.0265026,-1.58565
-0.11755,0.150006,0.0288548;-1.56966,-0.0170727,-1.5849
-0.118608,0.148467,0.0286524;-1.57211,-0.00373281,-1.57294
-0.118636,0.148654,0.0286124;-1.57108,0.00506248,-1.56905
-0.118365,0.14854,0.0291517;-1.56597,0.0778095,-1.59085
-0.110412,0.160101,0.0331306;-1.52869,0.172096,-1.60435
-0.100309,0.184904,0.0435827;-1.66958,0.278003,-1.56312
-0.0976477,0.198793,0.0390859;-1.76488,0.229836,-1.54274
-0.100891,0.191668,0.0333181;-1.65906,0.179405,-1.56819
-0.103392,0.187262,0.0290513;-1.58446,0.187323,-1.57754
-0.103791,0.186324,0.0289947;-1.5716,0.243643,-1.58917
-0.097162,0.19301,0.0311849;-1.55378,0.336315,-1.59751
-0.085387,0.218645,0.0397091;-1.77856,0.419854,-1.51182
-0.0814074,0.23195,0.0429365;-1.84153,0.392651,-1.49467
-0.0810194,0.231194,0.0403881;-1.79609,0.354265,-1.5145
-0.0858828,0.223489,0.0308299;-1.61001,0.353079,-1.57423
-0.0884291,0.219793,0.0290023;-1.57993,0.378195,-1.57951
-0.087686,0.219336,0.0291816;-1.5699,0.423954,-1.58995
-0.0753923,0.231858,0.0332807;-1.57211,0.522271,-1.59006
-0.0619889,0.253751,0.0411062;-1.82905,0.532901,-1.46057
-0.0592011,0.256249,0.0390044;-1.78875,0.477507,-1.48552
-0.0679413,0.247416,0.0286897;-1.57374,0.50003,-1.57196
-0.0684969,0.246927,0.028765;-1.57862,0.541882,-1.56908
-0.0686628,0.246633,0.028909;-1.57039,0.576479,-1.58674
-0.0434463,0.264648,0.0384872;-1.61785,0.739598,-1.55926
-0.024248,0.284739,0.0431384;-1.90163,0.7703,-1.36752
-0.0199127,0.288774,0.0424684;-1.90085,0.710733,-1.37652
-0.0321244,0.281082,0.0290418;-1.58129,0.736194,-1.57811
-0.0345828,0.28058,0.0286047;-1.57029,0.745972,-1.57269
-0.0346919,0.280593,0.0290451;-1.58908,0.80006,-1.56722
-0.0205546,0.28416,0.0327722;-1.52179,0.905059,-1.63364
0.0055077,0.299363,0.0421574;-1.89341,0.982357,-1.322
0.0193129,0.309388,0.0429858;-2.01444,0.9403,-1.23087
0.00805626,0.304644,0.0310098;-1.63977,0.953191,-1.53177
0.00375109,0.303885,0.0288202;-1.58274,0.963006,-1.56559
0.00293142,0.303756,0.028617;-1.57358,0.989368,-1.56984
0.00698168,0.302855,0.0302675;-1.54993,1.07912,-1.6147
0.0316519,0.307931,0.0375521;-1.62576,1.18634,-1.53901
0.0592325,0.317787,0.0433269;-2.22861,1.17795,-0.984152
0.0611953,0.316113,0.0358107;-1.89112,1.13595,-1.29515
0.0505964,0.315735,0.0288574;-1.57446,1.17108,-1.58019
0.0490116,0.316108,0.0285842;-1.57077,1.18712,-1.57105
0.0496327,0.315313,0.0295226;-1.55022,1.28495,-1.61348
0.0709117,0.314455,0.034366;-1.56175,1.38267,-1.60151
0.101523,0.31747,0.0426006;-2.79804,1.32094,-0.389786
0.105652,0.314632,0.0363985;-2.20418,1.32218,-0.966574
0.0956153,0.315929,0.0289367;-1.58898,1.39676,-1.56667
0.0931536,0.316913,0.0285759;-1.56866,1.40959,-1.57311
0.0932309,0.316193,0.029528;-1.49492,1.50384,-1.6698
0.111623,0.31089,0.0340896;1.44243,1.54307,1.67683
0.1429,0.307252,0.0425324;2.6408,1.31309,0.480098
0.149238,0.305921,0.0379617;2.94254,1.39275,0.188295
0.139634,0.309501,0.0289446;1.50867,1.52669,1.61456
0.138166,0.310707,0.0287439;1.66332,1.5212,1.47519
0.138496,0.310766,0.029145;1.52991,1.43012,1.59085
0.150675,0.30328,0.0317817;1.51351,1.33268,1.6068
0.178519,0.293878,0.0413236;2.16561,1.18283,0.980783
0.185236,0.29143,0.0413804;2.27349,1.2165,0.875241
0.182274,0.292102,0.0366452;2.166,1.29677,0.977154
0.174487,0.296072,0.0290209;1.59034,1.33335,1.53534
0.172968,0.296786,0.0289881;1.59319,1.31463,1.53547
0.17265,0.295643,0.0293593;1.5696,1.25778,1.55189
0.188131,0.284349,0.0342525;1.64458,1.15485,1.48412
0.217129,0.272324,0.0433534;2.10396,1.05465,1.06334
0.217565,0.271111,0.0419288;2.10621,1.10191,1.05471
0.21129,0.274692,0.0337147;1.82544,1.171,1.31971
0.205716,0.279921,0.0286533;1.57091,1.13394,1.56726
0.205337,0.280391,0.0289096;1.57042,1.07455,1.55524
0.208516,0.274251,0.0306572;1.54284,1.02525,1.57031
0.251314,0.237404,0.04378;1.94714,0.819641,1.25166
0.255164,0.232229,0.0440822;1.98949,0.879542,1.20118
0.250752,0.234267,0.0379461;1.86011,0.939613,1.31425
0.243984,0.246315,0.0286661;1.5744,0.923811,1.5654
0.243392,0.24716,0.0288997;1.57394,0.837532,1.55466
0.243914,0.244019,0.0299194;1.56235,0.811304,1.55204
0.27404,0.202368,0.043766;1.87065,0.593976,1.3588
0.277393,0.195134,0.0441253;1.90153,0.656714,1.32262
0.274251,0.197529,0.0378868;1.79543,0.713773,1.4029
0.270138,0.211575,0.028631;1.57219,0.690796,1.56856
0.269827,0.212858,0.0288998;1.57288,0.608853,1.55621
0.269551,0.209329,0.029851;1.56722,0.582533,1.54727
0.289642,0.160298,0.0436468;1.83592,0.382805,1.42943
0.291402,0.152691,0.0440599;1.86181,0.45035,1.40164
0.289437,0.156069,0.0380464;1.77288,0.490075,1.46031
0.287912,0.169037,0.0286114;1.56999,0.468364,1.569
0.287825,0.170255,0.0288904;1.57166,0.381679,1.55662
0.287845,0.167914,0.0294706;1.56661,0.377244,1.55013
0.293965,0.12234,0.0426693;1.80807,0.176688,1.49361
0.295473,0.112542,0.0433502;1.83743,0.236461,1.47654
0.294611,0.115614,0.0406913;1.79652,0.248433,1.49377
0.294139,0.127975,0.029078;1.58458,0.288318,1.55602
0.294722,0.129649,0.0290089;1.58637,0.221022,1.56191
0.294231,0.129941,0.0289311;1.56988,0.20147,1.55414
0.290925,0.121663,0.0314769;1.54736,0.131213,1.54743
0.2882,0.0693002,0.0424231;1.8067,-0.0206881,1.54549
0.287267,0.066062,0.0418186;1.80431,0.0405931,1.53469
0.288769,0.0734085,0.0342404;1.6755,0.0489532,1.55069
0.29217,0.0819502,0.0285979;1.57083,0.0151511,1.56989
0.292556,0.0825865,0.0288867;1.57293,-0.0488154,1.55856
0.290342,0.0806138,0.0297818;1.56472,-0.0800981,1.54615
0.274446,0.0300639,0.0433738;1.81547,-0.269853,1.60136
0.270359,0.0212045,0.0434478;1.83043,-0.197787,1.58816
0.271089,0.0259078,0.0369635;1.72685,-0.161759,1.57835
0.278181,0.0372138,0.0285661;1.56983,-0.201257,1.57035
0.278835,0.0378468,0.0289133;1.57427,-0.27747,1.55935
0.277111,0.0369595,0.0295985;1.5668,-0.293914,1.54653
0.251353,-0.00681585,0.0424251;1.83019,-0.473002,1.65591
0.246735,-0.0152463,0.0432362;1.85177,-0.402042,1.65393
0.249524,-0.0106928,0.0371954;1.74532,-0.390937,1.6235
0.258221,-0.0020887,0.0285828;1.57092,-0.432791,1.5707
0.258585,-0.00205312,0.0290146;1.5826,-0.495868,1.56603
0.257475,-0.00172029,0.0292434;1.5659,-0.517579,1.54803
0.223836,-0.0339729,0.042101;1.8355,-0.686918,1.71482
0.215122,-0.0460409,0.0432816;1.89991,-0.655615,1.7469
0.217219,-0.0438322,0.0400327;1.82693,-0.6207,1.70226
0.228361,-0.0358388,0.028859;1.58209,-0.654864,1.57315
0.229025,-0.0354061,0.0286683;1.57356,-0.682106,1.57045
0.229226,-0.0351186,0.0288931;1.57063,-0.724377,1.55567
0.20282,-0.0487259,0.0379276;1.61025,-0.878175,1.58127
0.179458,-0.0667592,0.0429106;1.96804,-0.907118,1.8547
0.173886,-0.0706591,0.0430498;1.96057,-0.844072,1.84042
0.187646,-0.0647271,0.0290088;1.57857,-0.881135,1.56127
0.19022,-0.0644801,0.0285948;1.56931,-0.891814,1.56803
0.19081,-0.064752,0.0290722;1.59704,-0.945558,1.58373
0.176936,-0.0662407,0.0324601;1.5083,-1.04821,1.49189
0.14829,-0.0778051,0.0417647;1.9568,-1.12348,1.89968
0.132147,-0.0866493,0.0429251;2.12687,-1.07995,2.04357
0.141479,-0.083342,0.0327968;1.73709,-1.09246,1.70315
0.14809,-0.0825517,0.0288908;1.59104,-1.11139,1.5824
0.149003,-0.0824869,0.0286163;1.57101,-1.13279,1.56936
0.145884,-0.081182,0.0301894;1.54193,-1.22538,1.5188
0.121481,-0.0824958,0.0370949;1.66561,-1.33272,1.64312
0.0922114,-0.0882366,0.0430346;2.56465,-1.28436,2.50978
0.0895161,-0.0861001,0.0366217;2.08485,-1.26509,2.04767
0.100551,-0.0871247,0.0289265;1.58557,-1.31951,1.5723
0.102101,-0.0878142,0.0285721;1.56961,-1.34144,1.56968
0.101175,-0.0865697,0.0295712;1.53512,-1.43559,1.51226
0.081703,-0.0824817,0.0344098;1.58805,-1.53181,1.56658
0.0507577,-0.0810476,0.0428092;-2.88296,-1.32677,-2.91264
0.0458832,-0.0795266,0.0369894;2.84335,-1.40663,2.82443
0.0560754,-0.0823651,0.0289603;1.6914,-1.54207,1.67671
0.0582812,-0.0837343,0.0285728;1.54511,-1.55577,1.54497
0.0580883,-0.0825577,0.0294481;-1.53086,-1.48772,-1.55302
0.0404793,-0.0740722,0.033793;-1.51505,-1.38581,-1.53901
0.00934341,-0.0668967,0.042195;-2.25441,-1.20911,-2.25578
0.00188568,-0.0656794,0.0390084;-2.32583,-1.29196,-2.32466
0.0114495,-0.0715547,0.0290054;-1.53535,-1.34729,-1.55722
0.0136746,-0.0733461,0.0287094;-1.58299,-1.33636,-1.58592
0.0143802,-0.0735296,0.0289292;-1.56913,-1.27359,-1.5864
0.00956923,-0.0674432,0.0310835;-1.51919,-1.21334,-1.5483
-0.0131965,-0.0524334,0.0396141;-1.72964,-1.09926,-1.73118
-0.0395692,-0.038024,0.0423254;-2.0936,-1.06495,-2.06334
-0.0344907,-0.042016,0.0359241;-1.88518,-1.1152,-1.86933
-0.0282306,-0.0483449,0.0290065;-1.58582,-1.11072,-1.59789
-0.0270867,-0.0504618,0.0289871;-1.58729,-1.0367,-1.59596
-0.0266412,-0.0494584,0.0291802;-1.56598,-1.0177,-1.58666
-0.0361126,-0.0359923,0.033441;-1.52754,-0.923488,-1.5587
-0.0696081,-0.00589054,0.0434372;-1.95457,-0.812189,-1.88592
-0.0671154,-0.00778988,0.0398635;-1.88525,-0.868277,-1.83608
-0.0614079,-0.0162427,0.030454;-1.62624,-0.885094,-1.63123
-0.0590215,-0.0207674,0.028624;-1.57123,-0.854251,-1.57309
-0.0586638,-0.0211951,0.0289107;-1.56987,-0.810527,-1.58566
-0.0597625,-0.0149684,0.0307227;-1.55252,-0.7563,-1.58403
-0.0890228,0.0299533,0.0431379;-1.86337,-0.565087,-1.76572
-0.0905688,0.0346711,0.0428913;-1.87487,-0.627661,-1.78677
-0.0866229,0.029954,0.0357541;-1.73894,-0.671844,-1.69307
-0.0835072,0.0185523,0.0285939;-1.57088,-0.645794,-1.57143
-0.0832387,0.0177674,0.0288883;-1.57313,-0.574138,-1.5845
-0.0826855,0.0196215,0.0296166;-1.56476,-0.550753,-1.59124
-0.0979516,0.0683015,0.0429031;-1.81006,-0.344967,-1.68653
-0.100635,0.0793093,0.0434411;-1.85406,-0.4146,-1.71953
-0.0979038,0.0752607,0.0370275;-1.74632,-0.460655,-1.66544
-0.0968225,0.061573,0.0285574;-1.56996,-0.436369,-1.57022
-0.0967247,0.0609223,0.0289428;-1.57574,-0.365731,-1.58515
-0.0958054,0.0625601,0.0295969;-1.56617,-0.344561,-1.59294
-0.0958054,0.0625601,0.0295969;-1.56617,-0.344561,-1.59294
-0.0954932,0.0832553,0.0344117;-1.5798,-0.240177,-1.59544
-0.0954932,0.0832553,0.0344117;-1.5798,-0.240177,-1.59544
