-0.125,0.125,0.06;-1.57,-2.98023e-08,-1.57
-0.125,0.125,0.06;-1.57,-2.98023e-08,-1.57
-0.125,0.125,0.06;-1.57,-2.98023e-08,-1.57
-0.126022,0.12112,0.0285356;-1.57132,-0.161127,-1.56961
-0.124672,0.121402,0.0286021;-1.56938,-0.0798723,-1.57074
-0.122264,0.131269,0.0302971;-1.56622,0.0235709,-1.55806
-0.118967,0.159328,0.0392948;-1.76294,0.0249231,-1.58409
-0.117476,0.153075,0.0289222;-1.57243,-0.0604505,-1.58531
-0.117769,0.151984,0.0285774;-1.5713,-0.0468326,-1.57015
-0.117876,0.152207,0.0286168;-1.571,-0.0232417,-1.56895
-0.117557,0.153324,0.0289155;-1.57003,0.0877059,-1.58756
-0.110653,0.163798,0.031381;-1.54207,0.175498,-1.59015
-0.100888,0.191706,0.0405457;-1.68832,0.280461,-1.55168
-0.0949818,0.204792,0.037111;-1.72739,0.19516,-1.55405
-0.0978144,0.196095,0.030536;-1.60975,0.127912,-1.57942
-0.0993843,0.193543,0.0286687;-1.57242,0.129945,-1.57316
-0.100208,0.192371,0.0289221;-1.57057,0.226482,-1.5872
-0.0941558,0.198396,0.0298955;-1.56285,0.317581,-1.58614
-0.0822431,0.225626,0.0376101;-1.73952,0.402871,-1.52462
-0.078513,0.239928,0.0413946;-1.81082,0.369689,-1.50818
-0.0769614,0.238822,0.037774;-1.74623,0.311076,-1.53362
-0.0791801,0.232485,0.0289401;-1.56635,0.280116,-1.58937
-0.0807555,0.230491,0.0287331;-1.57257,0.325712,-1.57641
-0.080019,0.229514,0.0289381;-1.56949,0.407816,-1.58849
-0.068182,0.241984,0.0315361;-1.55272,0.497096,-1.59045
-0.0549405,0.266335,0.0388725;-1.78089,0.515118,-1.48405
-0.051201,0.268939,0.0361977;-1.73152,0.438919,-1.51624
-0.0548453,0.262943,0.0285801;-1.57096,0.438803,-1.57061
-0.0548409,0.263813,0.0285946;-1.5714,0.507259,-1.56952
-0.0555,0.263624,0.0288537;-1.5706,0.570309,-1.58403
-0.0314834,0.281506,0.0354555;-1.61481,0.73832,-1.55226
-0.0117889,0.302327,0.0416763;-1.87425,0.765943,-1.38389
-0.00679085,0.305441,0.040338;-1.84862,0.694884,-1.40973
-0.0153917,0.29758,0.0287851;-1.57182,0.671503,-1.57897
-0.0161309,0.297356,0.0285798;-1.5708,0.700518,-1.57083
-0.016471,0.297803,0.0286529;-1.57621,0.804209,-1.56737
-0.00358123,0.301309,0.0310755;-1.53537,0.931458,-1.61323
0.0240299,0.317175,0.0395259;-1.88813,1.0126,-1.31915
0.0373005,0.32675,0.0418161;-1.99119,0.970149,-1.24255
0.0276259,0.319635,0.0288866;-1.56793,0.916799,-1.58945
0.0254527,0.319291,0.0286102;-1.57117,0.934762,-1.57195
0.0251639,0.319424,0.0285896;-1.5709,0.97787,-1.56993
0.0277498,0.318548,0.0294737;-1.55442,1.1135,-1.60134
0.0526916,0.323815,0.0350159;-1.62555,1.22056,-1.53052
0.0818015,0.333718,0.0419433;-2.24957,1.21072,-0.953783
0.0846693,0.330906,0.0330202;-1.77381,1.13708,-1.40028
0.0776713,0.330492,0.0287335;-1.57258,1.15084,-1.57729
0.0769605,0.330691,0.0286107;-1.57458,1.17861,-1.5673
0.0764815,0.329384,0.0290214;-1.55056,1.33917,-1.60787
0.0942841,0.327255,0.0320106;-1.52109,1.43141,-1.63164
0.124995,0.330447,0.0411518;-2.98447,1.35917,-0.192686
0.13233,0.325824,0.0333102;-2.00462,1.36004,-1.15876
0.126394,0.326879,0.0287713;-1.57156,1.37538,-1.57939
0.125323,0.327505,0.0286146;-1.58299,1.41054,-1.55844
0.124844,0.326357,0.028974;1.35428,1.55682,1.76955
0.143597,0.320446,0.0317505;1.62154,1.46015,1.50879
0.174478,0.318033,0.0414066;2.38867,1.28199,0.740415
0.180802,0.314056,0.035099;2.67427,1.43306,0.458042
0.173499,0.31567,0.0288901;1.54078,1.52857,1.585
0.172447,0.316139,0.0285681;1.57024,1.51251,1.57192
0.17042,0.31755,0.0289259;1.56902,1.35393,1.55607
0.179565,0.310231,0.0304479;1.52987,1.26243,1.59699
0.208098,0.299924,0.0391;1.9979,1.13219,1.155
0.217669,0.295796,0.0389683;2.11773,1.20019,1.03672
0.213695,0.296411,0.0337469;1.92813,1.29522,1.21307
0.209095,0.299009,0.0288004;1.57422,1.32233,1.55793
0.207658,0.29972,0.0287839;1.57151,1.27351,1.56022
0.206851,0.298874,0.0289904;1.56228,1.19783,1.56215
0.221679,0.286992,0.0322092;1.56454,1.09899,1.56586
0.254798,0.272441,0.0419933;2.00177,0.99236,1.17342
0.254331,0.270902,0.0395469;1.97852,1.06464,1.18714
0.248454,0.273562,0.0301513;1.6578,1.14095,1.47712
0.245681,0.27684,0.0285847;1.57251,1.08207,1.5698
0.244727,0.277821,0.0288509;1.57052,0.981259,1.55796
0.246118,0.273171,0.0296953;1.55567,0.923263,1.5684
0.286181,0.233399,0.0427637;1.88853,0.724023,1.32143
0.289566,0.226836,0.0422333;1.90918,0.801795,1.29022
0.285432,0.227602,0.0351346;1.7629,0.885314,1.40629
0.280557,0.235895,0.0285807;1.57083,0.867361,1.57076
0.279209,0.237346,0.0287651;1.57066,0.728894,1.56228
0.278763,0.235453,0.029167;1.56717,0.671614,1.55691
0.306716,0.189296,0.0427003;1.83134,0.480035,1.41047
0.309733,0.180749,0.0423456;1.84495,0.561933,1.38635
0.305699,0.18176,0.0350577;1.72136,0.644184,1.46492
0.301987,0.191665,0.0285854;1.57192,0.629176,1.57092
0.301662,0.192895,0.0287334;1.57016,0.503184,1.56268
0.300977,0.190885,0.0291569;1.56979,0.454842,1.55421
0.319377,0.14326,0.0427063;1.80891,0.269922,1.46625
0.320647,0.137335,0.0425592;1.81497,0.342075,1.44746
0.317934,0.140534,0.0350769;1.70198,0.409105,1.50477
0.317013,0.148462,0.0285761;1.57059,0.398939,1.57112
0.317256,0.15027,0.0288026;1.57069,0.259627,1.56042
0.316975,0.14983,0.028998;1.56725,0.233227,1.5544
0.320063,0.10379,0.0410551;1.77857,0.0493203,1.52961
0.320345,0.0928332,0.0412941;1.79654,0.131149,1.51488
0.318287,0.0951898,0.0382793;1.75032,0.160497,1.52592
0.318313,0.104951,0.0286792;1.57103,0.21292,1.56632
0.31876,0.105197,0.0286917;1.57511,0.108067,1.57181
0.31879,0.105478,0.0288771;1.57066,0.0705856,1.55652
0.315254,0.0991232,0.0301489;1.55884,0.00178477,1.55479
0.309045,0.0468013,0.0412187;1.79315,-0.127849,1.5741
0.306985,0.0451645,0.0396588;1.76884,-0.0501779,1.56019
0.306993,0.0517438,0.0307089;1.61175,-0.0153661,1.55797
0.309494,0.0565221,0.0285817;1.57076,-0.0553696,1.57107
0.309407,0.057233,0.0287618;1.5701,-0.158117,1.56145
0.307653,0.0562387,0.0291352;1.56647,-0.201199,1.55464
0.287862,0.00765511,0.0416953;1.80589,-0.383222,1.62807
0.282685,-0.00089317,0.0416711;1.80703,-0.296389,1.61148
0.282129,0.00345362,0.0338698;1.67733,-0.237384,1.5794
0.286794,0.0109049,0.0286314;1.57338,-0.268769,1.57158
0.28821,0.0124311,0.0287164;1.57078,-0.41721,1.56439
0.287004,0.0122501,0.0290538;1.56714,-0.466283,1.55236
0.256858,-0.0293091,0.0416156;1.83709,-0.630538,1.69667
0.250087,-0.0371143,0.0415311;1.83416,-0.543498,1.68147
0.250395,-0.0333202,0.034329;1.69178,-0.495392,1.61505
0.256473,-0.0277806,0.0286288;1.57346,-0.525137,1.57212
0.257973,-0.0269012,0.0286445;1.57176,-0.637337,1.56902
0.257783,-0.0263906,0.0289419;1.56883,-0.687619,1.55277
0.220354,-0.0547736,0.0399907;1.84694,-0.852794,1.75684
0.209801,-0.0654611,0.0419515;1.9133,-0.809409,1.79665
0.21125,-0.0623282,0.0375888;1.79988,-0.751849,1.71458
0.219244,-0.0563707,0.0286089;1.57101,-0.760656,1.56955
0.21945,-0.056528,0.0285861;1.57095,-0.801527,1.57128
0.22024,-0.0562714,0.0288362;1.57106,-0.871914,1.55898
0.193192,-0.0656471,0.0349318;1.62679,-1.03293,1.60753
0.167186,-0.0811924,0.041827;2.03818,-1.04968,1.95211
0.160714,-0.0829119,0.0410576;1.98103,-0.984235,1.89393
0.170669,-0.0773782,0.0287899;1.57117,-0.972646,1.5599
0.171735,-0.0773082,0.0286221;1.57492,-0.992797,1.5745
0.17191,-0.0773886,0.0286951;1.5834,-1.07916,1.58191
0.160677,-0.0764934,0.0308367;1.51478,-1.2119,1.50373
0.129623,-0.0840466,0.0389735;2.114,-1.28006,2.07825
0.112199,-0.0904815,0.0417593;2.31029,-1.2264,2.2538
0.120764,-0.0860368,0.0290594;1.58929,-1.20047,1.57215
0.123121,-0.0860999,0.0286271;1.57171,-1.21711,1.56939
0.123443,-0.0862562,0.0285905;1.57113,-1.25983,1.57206
0.122172,-0.0846811,0.0292909;1.53514,-1.40653,1.51949
0.0980397,-0.0823945,0.0343184;1.86592,-1.50963,1.85583
0.0672265,-0.0836918,0.0419358;-3.07043,-1.34681,-3.10162
0.0635039,-0.0786285,0.0335551;2.19559,-1.40342,2.17385
0.0712773,-0.0800126,0.0287422;1.57255,-1.44539,1.56229
0.0723822,-0.080685,0.0285806;1.57299,-1.47671,1.57321
0.0728625,-0.079428,0.0290315;-1.52846,-1.49029,-1.54588
0.0532109,-0.07183,0.0321189;-1.60546,-1.39121,-1.61671
0.0229761,-0.0663889,0.0417795;-2.25921,-1.22736,-2.264
0.0174815,-0.060907,0.0338778;-2.2819,-1.41772,-2.29043
0.0238856,-0.06394,0.0287503;-1.57689,-1.45884,-1.58686
0.0245323,-0.0647329,0.028623;-1.58596,-1.42496,-1.58555
0.026195,-0.0647735,0.0289831;-1.55968,-1.24962,-1.57754
0.0119311,-0.0538515,0.0317124;-1.54753,-1.1567,-1.56204
-0.0168415,-0.0396153,0.0405902;-1.96876,-1.02734,-1.94433
-0.0231266,-0.0348333,0.0364439;-1.9442,-1.16266,-1.92977
-0.0168063,-0.0393532,0.0288542;-1.56341,-1.19638,-1.57968
-0.0159434,-0.0402758,0.0285797;-1.57076,-1.1774,-1.57076
-0.0160879,-0.0412145,0.0288711;-1.57039,-1.04898,-1.5844
-0.0183774,-0.0355954,0.0299495;-1.54964,-0.98757,-1.56875
-0.0382139,-0.0155908,0.0369385;-1.65851,-0.875222,-1.65009
-0.061718,0.0052223,0.0399592;-1.90149,-0.887768,-1.84975
-0.0570228,0.00169647,0.0328145;-1.70825,-0.955441,-1.69548
-0.0540143,-0.00270153,0.028746;-1.57097,-0.953847,-1.57916
-0.0539149,-0.00432021,0.0286577;-1.57076,-0.816512,-1.57468
-0.0533349,-0.00397405,0.0289782;-1.56671,-0.767147,-1.58476
-0.0587649,0.0105731,0.0316352;-1.54063,-0.676658,-1.56553
-0.0879497,0.0478864,0.0417797;-1.85191,-0.592943,-1.75616
-0.0844057,0.0460382,0.0373451;-1.77784,-0.674385,-1.71609
-0.0801074,0.039086,0.0288744;-1.5627,-0.708475,-1.58406
-0.080089,0.0373774,0.0286013;-1.57181,-0.632858,-1.57097
-0.0800378,0.0366455,0.0288552;-1.57061,-0.556984,-1.58375
-0.0792229,0.0430219,0.0297007;-1.55936,-0.487998,-1.58101
-0.0981022,0.0966849,0.0420259;-1.8107,-0.31578,-1.67691
-0.0979991,0.102675,0.040694;-1.79873,-0.39506,-1.68641
-0.0940401,0.0992608,0.0327866;-1.66032,-0.464984,-1.62489
-0.0933302,0.0931093,0.0285945;-1.57176,-0.421735,-1.57091
-0.0932604,0.0919429,0.0287419;-1.57045,-0.293167,-1.5785
-0.092354,0.0931028,0.0289953;-1.56754,-0.249835,-1.58678
-0.095552,0.139572,0.0423954;-1.79135,-0.0280441,-1.61601
-0.0962435,0.14158,0.041611;-1.78705,-0.0752921,-1.62162
-0.0940253,0.137805,0.0329644;-1.65131,-0.152654,-1.59792
-0.0948682,0.13285,0.0285948;-1.57169,-0.145047,-1.57085
-0.0953902,0.131796,0.028731;-1.57078,-0.0794153,-1.57781
-0.094716,0.132469,0.0289796;-1.56821,-0.0480526,-1.58839
-0.094716,0.132469,0.0289796;-1.56821,-0.0480526,-1.58839
-0.0898369,0.149661,0.0316615;-1.58672,0.0563128,-1.58228
-0.0898369,0.149661,0.0316615;-1.58672,0.0563128,-1.58228
