-0.125,0.125,0.06;-1.57,-2.98023e-08,-1.57
-0.125,0.125,0.06;-1.57,-2.98023e-08,-1.57
-0.125,0.125,0.06;-1.57,-2.98023e-08,-1.57
-0.125814,0.120906,0.02858;-1.57081,-0.126307,-1.56964
-0.124947,0.121439,0.0285848;-1.57045,-0.0514996,-1.57164
-0.122127,0.132721,0.0302382;-1.56786,0.0458672,-1.5607
-0.117618,0.160569,0.0390962;-1.75104,0.0559966,-1.5833
-0.116441,0.154554,0.0289307;-1.57213,-0.0386666,-1.58601
-0.117198,0.153322,0.0285629;-1.57027,-0.0225751,-1.57047
-0.117813,0.1539,0.0286468;-1.57185,0.0121682,-1.56816
-0.118077,0.155695,0.0289323;-1.57048,0.12879,-1.58795
-0.111193,0.165347,0.0310293;-1.55649,0.214617,-1.59163
-0.0996455,0.192676,0.0403839;-1.70811,0.319973,-1.54324
-0.094281,0.204771,0.0371459;-1.72621,0.234873,-1.55002
-0.0982357,0.194787,0.0308605;-1.61299,0.169913,-1.57838
-0.0999475,0.192352,0.0287132;-1.5747,0.164271,-1.57342
-0.101091,0.19123,0.0289272;-1.57116,0.25896,-1.58725
-0.0949384,0.197171,0.0299334;-1.56782,0.349913,-1.58751
-0.0822863,0.224677,0.0380446;-1.74473,0.440617,-1.51981
-0.0783255,0.239224,0.0414906;-1.81327,0.40862,-1.50042
-0.0772641,0.237499,0.0378165;-1.74482,0.348728,-1.53035
-0.0797308,0.230904,0.0289254;-1.56441,0.316948,-1.58945
-0.0818092,0.228858,0.0287707;-1.57296,0.363726,-1.57704
-0.081165,0.227936,0.0289432;-1.57004,0.441248,-1.5891
-0.0684887,0.240233,0.0316097;-1.56639,0.531467,-1.58606
-0.0540164,0.26426,0.0391421;-1.78746,0.552926,-1.47578
-0.0501293,0.266603,0.036267;-1.72928,0.478937,-1.51154
-0.0541781,0.260637,0.0285739;-1.57089,0.478939,-1.5703
-0.0545518,0.261634,0.0286115;-1.57166,0.552578,-1.56833
-0.0552489,0.261681,0.028863;-1.57063,0.613478,-1.58438
-0.03008,0.278806,0.0356034;-1.63379,0.77305,-1.53935
-0.0100712,0.299107,0.0419445;-1.8779,0.804413,-1.37365
-0.00522451,0.301793,0.0402571;-1.84949,0.728339,-1.40399
-0.0149477,0.294001,0.0287751;-1.57144,0.694377,-1.57986
-0.0160613,0.293998,0.028581;-1.57091,0.724497,-1.57052
-0.0162701,0.294362,0.0286821;-1.57729,0.820621,-1.56688
-0.0031258,0.29783,0.0310587;-1.54383,0.942468,-1.60834
0.0245266,0.313982,0.0395878;-1.90588,1.02563,-1.30321
0.036834,0.322466,0.0416589;-1.99138,0.984534,-1.24106
0.0262478,0.315662,0.0288665;-1.56415,0.913814,-1.59211
0.0243787,0.31552,0.0286422;-1.57371,0.934067,-1.56971
0.0242278,0.315885,0.028604;-1.57108,0.979906,-1.56882
0.0267239,0.315094,0.0294853;-1.56227,1.10681,-1.59644
0.0515443,0.320413,0.0349485;-1.66693,1.21475,-1.49283
0.0798088,0.3309,0.0421672;-2.23923,1.21197,-0.965593
0.0836101,0.328174,0.0331964;-1.76896,1.13235,-1.40633
0.0765238,0.327433,0.0287998;-1.5764,1.14317,-1.57486
0.0755738,0.327704,0.0285799;-1.57127,1.17292,-1.57014
0.0761391,0.327058,0.0289975;-1.55849,1.33687,-1.60015
0.0941287,0.325298,0.0319057;-1.62589,1.42758,-1.53007
0.124734,0.3293,0.0407769;-2.93018,1.36499,-0.246251
0.127339,0.326996,0.0331246;-2.00492,1.36493,-1.16016
0.122535,0.326997,0.0287534;-1.5745,1.37641,-1.57674
0.121604,0.32774,0.0286168;-1.58322,1.41349,-1.55832
0.12196,0.326862,0.0289226;1.48705,1.55694,1.63791
0.141166,0.321344,0.0314288;1.73755,1.46039,1.39333
0.172703,0.318999,0.0412943;2.37149,1.28049,0.757453
0.178844,0.314496,0.0351244;2.66508,1.43361,0.465394
0.170567,0.316307,0.0288938;1.55704,1.53224,1.56931
0.169326,0.317047,0.0285734;1.56911,1.51264,1.57293
0.167857,0.318502,0.0289357;1.56791,1.36458,1.55669
0.176474,0.311578,0.030368;1.5489,1.27304,1.57828
0.204837,0.300169,0.0393582;2.00924,1.13569,1.14265
0.213005,0.295679,0.0392104;2.11127,1.19219,1.04274
0.20867,0.296374,0.0340477;1.93704,1.29017,1.20359
0.203807,0.298877,0.0288255;1.57507,1.32045,1.55615
0.202221,0.300124,0.0288571;1.58035,1.27004,1.55148
0.201458,0.298948,0.0290243;1.56081,1.20266,1.56361
0.216447,0.286285,0.0321633;1.59739,1.10541,1.53483
0.250643,0.27094,0.0421346;2.00564,1.00065,1.16668
0.250042,0.269565,0.0396416;1.97968,1.07455,1.18129
0.244483,0.271714,0.0305127;1.67204,1.15102,1.46218
0.241578,0.275234,0.0285996;1.57359,1.09107,1.56873
0.24068,0.276613,0.0288583;1.57051,0.984628,1.55771
0.242355,0.27155,0.0296969;1.55798,0.928058,1.56501
0.283655,0.231794,0.0428634;1.8867,0.725011,1.31992
0.286991,0.225618,0.0422838;1.90211,0.804508,1.29124
0.283113,0.225836,0.0352866;1.76644,0.893895,1.40111
0.277848,0.234178,0.0285751;1.5709,0.878553,1.57102
0.276584,0.235641,0.0287994;1.57088,0.742682,1.56064
0.276448,0.233311,0.029186;1.56813,0.690627,1.55567
0.305074,0.188656,0.0427142;1.82938,0.492801,1.40645
0.307545,0.180884,0.0422616;1.83887,0.571959,1.38507
0.303024,0.18166,0.0350142;1.71935,0.658468,1.46295
0.299798,0.191659,0.0285669;1.57133,0.639171,1.57164
0.299466,0.192844,0.0287695;1.57054,0.503472,1.56142
0.298698,0.190829,0.0292068;1.57041,0.45593,1.55395
0.316707,0.144785,0.0423637;1.80134,0.269399,1.46975
0.317717,0.138782,0.0423034;1.80646,0.338549,1.45103
0.314962,0.143383,0.0347364;1.69857,0.406871,1.50308
0.313991,0.150802,0.0285679;1.57069,0.40531,1.57146
0.314218,0.152515,0.0287984;1.57068,0.269564,1.56059
0.314002,0.152072,0.0289618;1.56776,0.24435,1.55501
0.316448,0.106254,0.0412076;1.7775,0.0586228,1.5262
0.316403,0.0955879,0.0410931;1.78892,0.137791,1.51284
0.314676,0.0977292,0.0382893;1.74747,0.166453,1.52342
0.314101,0.106689,0.0287577;1.57401,0.2207,1.5648
0.314844,0.106964,0.0286914;1.57563,0.108447,1.57107
0.314938,0.107247,0.0288916;1.57047,0.0753924,1.55586
0.311512,0.100516,0.0300596;1.56286,0.0094239,1.55328
0.30512,0.0463875,0.0414142;1.79161,-0.1291,1.57127
0.302664,0.0454328,0.039615;1.76258,-0.0469465,1.5562
0.302663,0.0522231,0.0310114;1.6172,-0.00255755,1.55511
0.304744,0.0563436,0.0285812;1.5711,-0.0530846,1.57115
0.305307,0.0565291,0.028782;1.57074,-0.167461,1.56131
0.303493,0.0552637,0.0291562;1.56682,-0.209245,1.55272
0.283085,0.00621265,0.0417915;1.80612,-0.393761,1.6281
0.278066,-0.00169884,0.0416491;1.80156,-0.308507,1.60903
0.276653,0.00252601,0.0340077;1.67158,-0.2472,1.57906
0.281756,0.0101404,0.0286228;1.57369,-0.275433,1.57197
0.283176,0.0120412,0.0287418;1.5701,-0.423835,1.56291
0.282059,0.0118943,0.0290273;1.5686,-0.469947,1.55236
0.251721,-0.0294505,0.0417704;1.83686,-0.639691,1.69602
0.245212,-0.0365955,0.0413866;1.82706,-0.554903,1.67759
0.245297,-0.0328859,0.0343432;1.69024,-0.501874,1.61352
0.251692,-0.0272716,0.028614;1.57285,-0.534735,1.57204
0.253017,-0.0267859,0.0286829;1.57384,-0.65187,1.56949
0.252841,-0.0261759,0.0289794;1.56696,-0.702855,1.55109
0.214132,-0.0543671,0.040034;1.86384,-0.869514,1.77013
0.204876,-0.063013,0.0418866;1.91261,-0.830388,1.79823
0.207155,-0.059575,0.0377811;1.79907,-0.767806,1.71259
0.215965,-0.0536808,0.0286187;1.57128,-0.769357,1.56967
0.216225,-0.0539378,0.0285959;1.57105,-0.813819,1.57214
0.217323,-0.0539198,0.0288474;1.57059,-0.885713,1.55792
0.18986,-0.062973,0.0349051;1.64778,-1.04531,1.62503
0.163769,-0.0784421,0.041896;2.04489,-1.06872,1.95955
0.157398,-0.0804121,0.0410154;1.97745,-0.997695,1.89085
0.167544,-0.0741908,0.0288017;1.57188,-0.970706,1.56046
0.168913,-0.0743286,0.0285833;1.57161,-0.999009,1.5718
0.16939,-0.074858,0.0287176;1.58587,-1.09598,1.58427
0.157757,-0.0739205,0.0309255;1.51942,-1.22601,1.50614
0.126886,-0.0811617,0.0390685;2.16428,-1.28494,2.12769
0.110263,-0.0870957,0.0416729;2.32675,-1.24176,2.27079
0.119718,-0.0822217,0.0293396;1.60723,-1.20657,1.58965
0.122623,-0.0824782,0.0287627;1.58733,-1.22413,1.58317
0.122862,-0.0828334,0.0285952;1.57155,-1.26191,1.57251
0.121724,-0.0816223,0.0294368;1.54063,-1.40706,1.52375
0.0973203,-0.0792214,0.034548;1.953,-1.50719,1.94016
0.0661678,-0.0811663,0.0419791;-3.03508,-1.34905,-3.06807
0.0623012,-0.0760403,0.0337413;2.14998,-1.39834,2.12674
0.0691594,-0.0770755,0.028819;1.57542,-1.42366,1.56483
0.0703004,-0.0780019,0.0285784;1.57111,-1.46476,1.57135
0.0700609,-0.0767815,0.0290603;-1.53189,-1.49734,-1.54917
0.0505308,-0.068826,0.0324423;-1.62618,-1.39553,-1.64001
0.0186492,-0.0637102,0.0416505;-2.24596,-1.22841,-2.25241
0.0130777,-0.0585588,0.033994;-2.28064,-1.41976,-2.29044
0.0198236,-0.0617241,0.0287536;-1.57921,-1.46152,-1.58977
0.0204598,-0.0626663,0.0286242;-1.59074,-1.42731,-1.59079
0.0218194,-0.0629386,0.0290189;-1.55751,-1.24371,-1.57608
0.00748128,-0.0514277,0.0318923;-1.5703,-1.15465,-1.58451
-0.0216163,-0.0367082,0.0410319;-1.97094,-1.01998,-1.94799
-0.0270012,-0.0319108,0.0365836;-1.94718,-1.16731,-1.93529
-0.0204299,-0.0363771,0.0290081;-1.58161,-1.20664,-1.59739
-0.0192051,-0.037821,0.0285772;-1.57172,-1.18363,-1.57118
-0.019651,-0.0390315,0.0288838;-1.57021,-1.05531,-1.58497
-0.0221264,-0.033377,0.0299604;-1.55529,-0.997578,-1.57522
-0.0419639,-0.0133628,0.0369421;-1.69014,-0.884259,-1.67491
-0.0651065,0.0069168,0.0402294;-1.90225,-0.896727,-1.85771
-0.0600381,0.00360167,0.0330191;-1.71364,-0.976028,-1.7038
-0.0566419,-0.000619747,0.0287588;-1.57146,-0.977019,-1.58017
-0.0564308,-0.00269882,0.0286896;-1.57299,-0.830429,-1.57693
-0.0558169,-0.00237329,0.0289823;-1.56628,-0.778756,-1.58487
-0.0618539,0.0124405,0.0315324;-1.55125,-0.690702,-1.57289
-0.0891022,0.047263,0.0420357;-1.8451,-0.590177,-1.75754
-0.084875,0.0450695,0.0374008;-1.77092,-0.681313,-1.71705
-0.0803656,0.0384788,0.028881;-1.56842,-0.720191,-1.58518
-0.0804047,0.0359938,0.0285974;-1.57104,-0.651469,-1.56969
-0.0804475,0.0351858,0.0288654;-1.57052,-0.574917,-1.58443
-0.0798596,0.0400564,0.0297143;-1.56201,-0.51856,-1.58391
-0.100245,0.0920271,0.0417286;-1.80571,-0.336042,-1.68247
-0.100536,0.0976798,0.0408025;-1.79933,-0.424865,-1.69525
-0.0965286,0.0939269,0.0330297;-1.66314,-0.499361,-1.63032
-0.0954215,0.0868462,0.028575;-1.57068,-0.462416,-1.57051
-0.0951037,0.0855019,0.028736;-1.56994,-0.331176,-1.57857
-0.094349,0.0869079,0.0290738;-1.56669,-0.292965,-1.58689
-0.0998239,0.138009,0.0413477;-1.78171,-0.0954523,-1.62471
-0.0994426,0.148406,0.0415875;-1.79401,-0.182018,-1.64384
-0.0966133,0.145699,0.0340417;-1.67253,-0.252399,-1.61214
-0.0974642,0.136781,0.0285821;-1.57118,-0.221692,-1.57059
-0.0978645,0.135906,0.0287022;-1.56947,-0.0975206,-1.57779
-0.0970521,0.136584,0.0290234;-1.56914,-0.0585625,-1.58862
-0.0970521,0.136584,0.0290234;-1.56914,-0.0585625,-1.58862
-0.0924248,0.155245,0.0319253;-1.58626,0.0365838,-1.58428
-0.0924248,0.155245,0.0319253;-1.58626,0.0365838,-1.58428
