-0.125,0.125,0.06;-1.57,-2.98023e-08,-1.57
-0.125,0.125,0.06;-1.57,-2.98023e-08,-1.57
-0.125,0.125,0.06;-1.57,-2.98023e-08,-1.57
-0.127469,0.115097,0.0423427;-1.57115,-0.0886042,-1.57019
-0.127168,0.115398,0.0426282;-1.56942,-0.0506604,-1.57901
-0.122643,0.129719,0.0479071;-1.53911,0.00574634,-1.59886
-0.120972,0.173984,0.0591699;-1.74899,0.0681199,-1.59055
-0.128769,0.149406,0.0422671;-1.57192,0.0030275,-1.57389
-0.128547,0.148735,0.0423548;-1.57082,-0.00988917,-1.56999
-0.128526,0.148772,0.0423401;-1.57092,-0.0141854,-1.57037
-0.127983,0.152033,0.0427431;-1.57008,0.0605408,-1.58402
-0.121629,0.16654,0.047976;-1.5486,0.122219,-1.60932
-0.114012,0.202755,0.0603782;-1.71636,0.217441,-1.59042
-0.116511,0.212469,0.0543074;-1.70198,0.200458,-1.56876
-0.122443,0.192197,0.0425922;-1.56873,0.142196,-1.58106
-0.123221,0.191389,0.0423425;-1.57164,0.113754,-1.57053
-0.123322,0.192259,0.0426711;-1.57066,0.142158,-1.58167
-0.117649,0.202306,0.0468849;-1.5529,0.197501,-1.60739
-0.105839,0.236331,0.0581033;-1.68079,0.299991,-1.58753
-0.101957,0.262431,0.0627774;-1.782,0.318596,-1.546
-0.10775,0.248636,0.0546231;-1.72275,0.259737,-1.54763
-0.117044,0.230927,0.0425731;-1.56926,0.222055,-1.57959
-0.117056,0.231154,0.0423451;-1.57169,0.215827,-1.57066
-0.116366,0.231239,0.0430571;-1.56736,0.261293,-1.58669
-0.105217,0.248869,0.0493232;-1.54238,0.327425,-1.6178
-0.0932365,0.279544,0.0578092;-1.72957,0.380534,-1.54726
-0.0938249,0.283515,0.0529406;-1.71103,0.355861,-1.53288
-0.101142,0.27435,0.0423649;-1.57091,0.352782,-1.56959
-0.101059,0.274816,0.0423516;-1.57124,0.365429,-1.56967
-0.101138,0.275387,0.0423765;-1.57202,0.399582,-1.57311
-0.0783676,0.304002,0.0543808;-1.60059,0.527612,-1.59741
-0.0616313,0.337589,0.064552;-1.822,0.585137,-1.48272
-0.0615238,0.344504,0.0596187;-1.80362,0.55992,-1.47065
-0.0816441,0.329445,0.0423259;-1.57117,0.529005,-1.57009
-0.0816519,0.329226,0.0423301;-1.57073,0.515888,-1.57084
-0.0814785,0.330496,0.0424464;-1.57447,0.555434,-1.56783
-0.0672216,0.341106,0.048315;-1.5367,0.649272,-1.62789
-0.0414895,0.368738,0.0603826;-1.76977,0.749117,-1.48869
-0.0275026,0.389306,0.0627747;-1.87579,0.744662,-1.39852
-0.0539846,0.372819,0.0424302;-1.57353,0.700734,-1.57771
-0.0536317,0.372574,0.0423878;-1.5716,0.68267,-1.56894
-0.0536628,0.372554,0.0423518;-1.57099,0.685443,-1.56983
-0.0480732,0.375156,0.0446495;-1.55903,0.759352,-1.60189
-0.0244647,0.391952,0.0533405;-1.59735,0.847001,-1.59195
0.00339077,0.418247,0.065207;-1.91275,0.904445,-1.35455
-0.0115768,0.421112,0.0453183;-1.62516,0.892621,-1.53996
-0.0155506,0.419225,0.0423219;-1.57025,0.865642,-1.57122
-0.0156536,0.418682,0.0423317;-1.57106,0.849675,-1.5705
-0.0130525,0.420297,0.0432294;-1.56605,0.931148,-1.59025
0.00851366,0.429034,0.0499214;-1.55082,0.997314,-1.62598
0.0413851,0.448736,0.0637497;-1.96024,1.06905,-1.28332
0.0367901,0.458443,0.046885;-1.68121,1.07026,-1.48584
0.0320121,0.457874,0.0423233;-1.57089,1.0479,-1.57061
0.0315943,0.457458,0.0423551;-1.57268,1.03435,-1.56912
0.0342448,0.458345,0.0432639;-1.56089,1.11547,-1.59523
0.0563904,0.463075,0.049875;-1.53941,1.18129,-1.63798
0.0928424,0.476888,0.0637414;-2.16104,1.23622,-1.06519
0.0926503,0.486856,0.0488023;-1.79934,1.26203,-1.36977
0.082238,0.486242,0.0424723;-1.57102,1.21413,-1.57586
0.0818722,0.4857,0.0423865;-1.5712,1.19666,-1.56867
0.0821999,0.486408,0.0427241;-1.57004,1.2501,-1.58403
0.0967334,0.48609,0.0476978;-1.48479,1.30429,-1.68899
0.133566,0.492841,0.059543;-2.26578,1.36299,-0.939162
0.145665,0.499755,0.0582535;-2.34475,1.33281,-0.842575
0.125408,0.496722,0.0477801;-1.85628,1.32162,-1.3033
0.117346,0.496618,0.0423302;-1.57156,1.29615,-1.57089
0.117238,0.49669,0.0423334;-1.57197,1.30506,-1.57007
0.118482,0.495597,0.0433903;-1.55071,1.34604,-1.60784
0.141713,0.49408,0.0503929;-1.41608,1.42039,-1.76256
0.198169,0.503302,0.0633291;-2.94541,1.35553,-0.246398
0.188415,0.503239,0.0577293;-2.62921,1.37006,-0.542685
0.164191,0.507066,0.0426827;-1.47855,1.43563,-1.67417
0.163976,0.507269,0.0423381;-1.57206,1.40709,-1.56909
0.164199,0.50797,0.0424275;-1.57106,1.4545,-1.57364
0.171404,0.50533,0.0453443;-1.43221,1.49317,-1.73518
0.242753,0.502365,0.0667015;2.67545,1.3278,0.415269
0.253679,0.504912,0.0625787;2.81015,1.34098,0.307033
0.237363,0.513803,0.0499668;2.52863,1.46081,0.602446
0.226971,0.518218,0.0423468;1.59009,1.55963,1.55195
0.227452,0.518782,0.0423305;1.53641,1.5203,1.60423
0.231705,0.516226,0.0440987;1.51176,1.48137,1.60931
0.297766,0.501057,0.0657725;2.2154,1.22624,0.891981
0.313972,0.501317,0.0626277;2.30182,1.23953,0.833835
0.300544,0.511854,0.0500646;1.93591,1.31587,1.20248
0.291759,0.517236,0.0423675;1.57141,1.37565,1.5713
0.29245,0.51755,0.0423247;1.57056,1.3345,1.571
0.295945,0.514435,0.0441684;1.54788,1.29651,1.57277
0.358691,0.488024,0.0656538;2.00356,1.06866,1.12242
0.374227,0.485506,0.062498;2.05364,1.08913,1.10197
0.363277,0.498164,0.050155;1.78618,1.13629,1.3603
0.354519,0.506486,0.0423751;1.57147,1.19466,1.57156
0.355064,0.506775,0.0423478;1.57157,1.15531,1.56958
0.356603,0.505231,0.0429772;1.55775,1.13529,1.56683
0.4049,0.471751,0.062321;1.86003,0.942691,1.28032
0.422652,0.464723,0.0603961;1.94106,0.95489,1.23846
0.41561,0.473034,0.054891;1.80565,0.965906,1.3512
0.39763,0.489517,0.0423899;1.57366,1.07016,1.5688
0.398316,0.489523,0.0424574;1.57643,1.05121,1.56792
0.39862,0.489798,0.0425198;1.57101,1.01103,1.56434
0.403929,0.481524,0.046315;1.54355,0.96732,1.56277
0.455224,0.439552,0.0638273;1.87467,0.794326,1.30219
0.45681,0.442085,0.0583023;1.84541,0.836088,1.34302
0.446312,0.460869,0.0428283;1.56383,0.868669,1.56462
0.445777,0.461148,0.0423342;1.57111,0.901856,1.57073
0.447026,0.460774,0.0423285;1.57112,0.856516,1.57044
0.448076,0.457464,0.0436648;1.56046,0.824752,1.55944
0.489356,0.406605,0.0650012;1.81603,0.631522,1.36422
0.501954,0.398019,0.0614343;1.84359,0.656879,1.37365
0.49745,0.415471,0.0475583;1.64887,0.676518,1.50954
0.495497,0.421366,0.0423327;1.57081,0.704824,1.57088
0.496788,0.421021,0.0423262;1.57106,0.655366,1.57051
0.497102,0.418631,0.0434716;1.56553,0.619371,1.55739
0.525626,0.361775,0.0640929;1.77813,0.436384,1.42301
0.537312,0.349298,0.0612977;1.8076,0.461621,1.43455
0.53599,0.365982,0.0479657;1.64492,0.478449,1.52406
0.534572,0.373245,0.0423502;1.57105,0.521295,1.57115
0.535341,0.372273,0.0423848;1.57251,0.48963,1.5708
0.535188,0.371419,0.0428854;1.56707,0.45452,1.55755
0.550305,0.316146,0.0613891;1.73521,0.282841,1.47126
0.560501,0.29524,0.0628701;1.80393,0.272954,1.46873
0.559402,0.308611,0.0545948;1.72155,0.31396,1.50646
0.559013,0.327138,0.0423836;1.57134,0.364328,1.57186
0.559089,0.326956,0.0423458;1.57104,0.363223,1.57125
0.559597,0.326858,0.0423679;1.5708,0.330691,1.56966
0.561377,0.292852,0.0536878;1.58007,0.206198,1.52836
0.571493,0.254683,0.0651259;1.77947,0.117242,1.48987
0.576774,0.245696,0.0606762;1.77898,0.140763,1.51254
0.581931,0.27193,0.0423689;1.57062,0.188942,1.56899
0.581474,0.272203,0.0423319;1.57099,0.204449,1.57078
0.581948,0.271478,0.042444;1.57424,0.178117,1.57159
0.578905,0.256439,0.0478519;1.54681,0.0905991,1.53748
0.578227,0.22005,0.0596398;1.69976,-0.0154035,1.5209
0.581736,0.192369,0.0630336;1.78849,-0.0385408,1.53699
0.590324,0.220806,0.0426258;1.56319,0.0214944,1.5617
0.59016,0.220377,0.0424004;1.57234,0.0437502,1.5716
0.5902,0.22026,0.042342;1.57132,0.0438447,1.57091
0.588074,0.214919,0.0443983;1.56429,-0.0342358,1.5489
0.581447,0.187097,0.0527057;1.58166,-0.119458,1.53162
0.57751,0.147694,0.0655046;1.78133,-0.208805,1.55567
0.589857,0.151301,0.046849;1.62407,-0.176689,1.56818
0.592555,0.155459,0.0423131;1.57107,-0.147352,1.57092
0.592579,0.156022,0.0423301;1.57086,-0.132589,1.57084
0.59106,0.153192,0.0433302;1.56606,-0.202964,1.55324
0.581329,0.132618,0.0502028;1.55867,-0.272382,1.52902
0.570306,0.0985632,0.0646696;1.78395,-0.357856,1.58754
0.579098,0.0964265,0.0474691;1.63375,-0.323941,1.5785
0.582875,0.10107,0.0422963;1.57089,-0.303291,1.57143
0.583056,0.101455,0.0423365;1.57099,-0.293056,1.57099
0.581306,0.0993978,0.0431464;1.56723,-0.366938,1.55317
0.5686,0.0818627,0.0497398;1.54389,-0.432275,1.52151
0.55061,0.0468499,0.0630128;1.77646,-0.531867,1.62037
0.555316,0.0392694,0.0523573;1.70811,-0.499762,1.62227
0.567007,0.0505027,0.0423;1.57227,-0.474913,1.56701
0.567021,0.0512759,0.0423739;1.57099,-0.458704,1.57224
0.567152,0.0507612,0.0425078;1.57068,-0.495895,1.56512
0.559731,0.0454055,0.0459531;1.55483,-0.537843,1.5336
0.538115,0.0207913,0.0560423;1.63899,-0.633288,1.5671
0.520555,-0.0145041,0.0592007;1.81003,-0.652992,1.69238
0.538081,-0.00341596,0.0448535;1.60684,-0.64829,1.58121
0.54114,-0.00166707,0.0423102;1.5707,-0.619388,1.57132
0.541013,-0.00261028,0.0424088;1.57379,-0.649417,1.57311
0.540216,-0.00270489,0.0430387;1.56524,-0.682732,1.55302
0.523019,-0.0135608,0.0491393;1.53299,-0.744433,1.50762
0.480628,-0.0584619,0.0628517;1.9066,-0.828144,1.78475
0.493302,-0.0512668,0.0542525;1.77451,-0.807142,1.70257
0.509832,-0.0437548,0.0424796;1.57376,-0.784812,1.56536
0.509719,-0.0431331,0.0423655;1.57158,-0.764005,1.57234
0.509884,-0.0435992,0.0424237;1.57074,-0.804872,1.56783
0.503377,-0.0455576,0.0453102;1.55429,-0.840787,1.53243
0.447667,-0.08583,0.0651356;1.95569,-0.979017,1.83951
0.443635,-0.0927662,0.0600809;1.92119,-0.95044,1.83452
0.463663,-0.0880407,0.0449954;1.62507,-0.972928,1.6044
0.467324,-0.0869896,0.0423341;1.57115,-0.933945,1.57115
0.466423,-0.0880067,0.0423312;1.57148,-0.978626,1.5712
0.463869,-0.08818,0.0434078;1.56407,-1.01234,1.54876
0.40642,-0.11345,0.0642417;2.04066,-1.14431,1.94487
0.393306,-0.12383,0.0613214;2.06987,-1.10872,1.99693
0.410356,-0.123787,0.0474893;1.71802,-1.15128,1.69293
0.416468,-0.123129,0.0423342;1.57095,-1.12026,1.57098
0.415705,-0.124076,0.0423181;1.57048,-1.1622,1.57042
0.413417,-0.123643,0.0434458;1.56023,-1.19404,1.54463
0.413417,-0.123643,0.0434458;1.56023,-1.19404,1.54463
0.39013,-0.12695,0.0502616;1.52415,-1.26358,1.48779
0.39013,-0.12695,0.0502616;1.52415,-1.26358,1.48779
