-0.125,0.125,0.06;-1.57,-2.98023e-08,-1.57
-0.125,0.125,0.06;-1.57,-2.98023e-08,-1.57
-0.125,0.125,0.06;-1.57,-2.98023e-08,-1.57
-0.127488,0.114701,0.0423304;-1.57121,-0.0858985,-1.57057
-0.127029,0.114982,0.0426487;-1.56877,-0.0472953,-1.579
-0.12278,0.129643,0.0479551;-1.53847,0.00763924,-1.599
-0.121051,0.168584,0.0585565;-1.7441,0.0615502,-1.58994
-0.124216,0.146079,0.0422277;-1.57239,-0.0298362,-1.56977
-0.124033,0.145508,0.0424031;-1.57255,-0.0468151,-1.57004
-0.123955,0.145075,0.0423392;-1.57107,-0.0598006,-1.57044
-0.123266,0.149179,0.0426092;-1.57036,0.0148709,-1.58017
-0.118299,0.161342,0.0473032;-1.54664,0.0749317,-1.60237
-0.11214,0.195681,0.0598692;-1.66141,0.174372,-1.59846
-0.114958,0.210653,0.0523535;-1.67828,0.164653,-1.57371
-0.118884,0.193459,0.0425879;-1.55492,0.112386,-1.57699
-0.119575,0.193269,0.0423765;-1.57086,0.0795162,-1.56868
-0.119485,0.194457,0.0423449;-1.57103,0.0840188,-1.57565
-0.115077,0.201295,0.046134;-1.55338,0.13784,-1.60049
-0.105201,0.232044,0.0576795;-1.59751,0.232578,-1.60048
-0.0995465,0.273406,0.0600212;-1.75703,0.301359,-1.55334
-0.102987,0.261778,0.0521659;-1.69432,0.255052,-1.5544
-0.110111,0.247882,0.0424275;-1.57169,0.219248,-1.57378
-0.109971,0.247701,0.0423347;-1.57096,0.206478,-1.57039
-0.109373,0.247852,0.0428005;-1.56599,0.247611,-1.58253
-0.0986891,0.262743,0.0489001;-1.53196,0.314495,-1.61663
-0.0851085,0.293546,0.0570219;-1.65205,0.386243,-1.57186
-0.0836554,0.305403,0.0498011;-1.67299,0.380999,-1.54165
-0.0885781,0.299577,0.0423607;-1.57162,0.367923,-1.56996
-0.0885005,0.299693,0.0423635;-1.57108,0.367291,-1.56977
-0.0886395,0.300352,0.04232;-1.57071,0.399555,-1.5711
-0.0656468,0.325183,0.0541332;-1.54173,0.532466,-1.61979
-0.0468003,0.357343,0.0637528;-1.78899,0.602831,-1.49661
-0.0411424,0.376228,0.0566319;-1.7676,0.623569,-1.4799
-0.0545244,0.368571,0.0423048;-1.57066,0.610192,-1.57059
-0.0545461,0.368439,0.042329;-1.57083,0.604472,-1.57076
-0.0543509,0.368655,0.0424047;-1.5716,0.611314,-1.56826
-0.0406182,0.376477,0.0478289;-1.53261,0.711242,-1.62733
-0.0122699,0.400177,0.0612613;-1.66552,0.812196,-1.54016
0.00885324,0.425555,0.0602521;-1.8383,0.844522,-1.4068
-0.00587849,0.424499,0.0424198;-1.57086,0.844357,-1.57528
-0.00600728,0.424143,0.0423834;-1.5717,0.831084,-1.56847
-0.00606779,0.424166,0.0423412;-1.57128,0.829187,-1.57002
-0.000562155,0.425958,0.0440114;-1.55515,0.920611,-1.60065
0.0250577,0.437635,0.0527882;-1.52188,1.00665,-1.6451
0.0576432,0.459913,0.0636332;-1.96938,1.06769,-1.27179
0.0531278,0.4696,0.0428994;-1.59222,1.07569,-1.55985
0.0505303,0.469432,0.0423251;-1.57088,1.05392,-1.57044
0.05028,0.469039,0.0423291;-1.57103,1.04001,-1.57055
0.0515208,0.468966,0.0429842;-1.56085,1.09756,-1.59132
0.0714688,0.471824,0.0497657;-1.46588,1.166,-1.70167
0.10759,0.483095,0.0637402;-1.94957,1.25093,-1.25476
0.123798,0.501105,0.0449059;-1.69387,1.31098,-1.4614
0.120456,0.501446,0.0423284;-1.57072,1.2796,-1.57078
0.120066,0.50124,0.0423315;-1.57109,1.26482,-1.57058
0.120156,0.501252,0.0427654;-1.56513,1.27715,-1.58744
0.132581,0.500349,0.0484081;-1.47994,1.33914,-1.69482
0.164241,0.503795,0.0625159;-2.24838,1.39131,-0.948855
0.187778,0.518963,0.0457192;-2.00096,1.48328,-1.1555
0.184919,0.519313,0.0423336;-1.56743,1.4667,-1.57445
0.184627,0.519318,0.0423299;-1.57084,1.4566,-1.57073
0.184964,0.519609,0.0425535;-1.56995,1.45587,-1.5787
0.192192,0.517025,0.046755;-1.25833,1.51122,-1.91241
0.222443,0.513952,0.0595942;2.48168,1.5078,0.622652
0.257341,0.518949,0.0540684;2.37167,1.40768,0.747116
0.249639,0.520688,0.0445067;1.87783,1.48164,1.25477
0.247494,0.521428,0.0423295;1.56725,1.51023,1.57434
0.247672,0.521447,0.0423293;1.57028,1.51254,1.57126
0.248366,0.520522,0.0429534;1.49876,1.47105,1.6297
0.26658,0.513092,0.0493925;1.35993,1.4071,1.74596
0.327408,0.50468,0.061093;2.11545,1.22114,1.0078
0.326727,0.50808,0.0554547;2.07303,1.26647,1.06688
0.312655,0.516928,0.0426746;1.53622,1.31373,1.59771
0.312719,0.517001,0.0423292;1.57115,1.33889,1.57043
0.31349,0.516892,0.0423529;1.57133,1.30306,1.56953
0.315576,0.514851,0.0443621;1.54841,1.27977,1.57265
0.369088,0.489668,0.0669154;1.96245,1.07464,1.16691
0.392518,0.485933,0.0598857;1.97342,1.07035,1.18184
0.386541,0.494439,0.0470302;1.67996,1.08084,1.46076
0.38334,0.498177,0.0423302;1.57095,1.12473,1.57072
0.383383,0.498192,0.0423298;1.57087,1.11898,1.57073
0.383625,0.49758,0.0431364;1.56534,1.11161,1.56159
0.420695,0.468955,0.065214;1.79874,0.948271,1.33296
0.443972,0.457513,0.0594504;1.85568,0.923933,1.30653
0.448267,0.465383,0.0465316;1.6468,0.901086,1.49822
0.446558,0.468552,0.0423278;1.57096,0.931231,1.57067
0.446671,0.468489,0.0423282;1.57092,0.918537,1.57066
0.446673,0.468148,0.0431118;1.56913,0.917471,1.55878
0.479047,0.432937,0.0646403;1.77043,0.747166,1.37984
0.49759,0.419098,0.0605172;1.82075,0.750768,1.36702
0.496067,0.427658,0.0473649;1.64852,0.748905,1.50484
0.493347,0.432611,0.0423399;1.57094,0.790224,1.57106
0.493561,0.432475,0.0423348;1.57106,0.775734,1.57057
0.493772,0.432413,0.042703;1.56884,0.773809,1.56161
0.514826,0.393942,0.0627932;1.64438,0.620079,1.48927
0.533549,0.374596,0.057525;1.77988,0.588271,1.42414
0.538704,0.373551,0.0513307;1.68035,0.553711,1.4907
0.534849,0.383434,0.0423559;1.57136,0.610346,1.57166
0.534738,0.383491,0.0424086;1.57095,0.61469,1.57325
0.53545,0.382835,0.0424009;1.57062,0.573396,1.56855
0.536036,0.374358,0.0456632;1.55378,0.527479,1.55457
0.566647,0.312432,0.0619138;1.76271,0.352257,1.45708
0.573932,0.306663,0.0556352;1.73372,0.369209,1.4907
0.57264,0.322059,0.0426813;1.55794,0.380405,1.56981
0.57283,0.322448,0.0423309;1.57087,0.406382,1.57085
0.573742,0.321752,0.0423206;1.5706,0.362107,1.57067
0.57276,0.320102,0.0433348;1.56453,0.324792,1.55911
0.584367,0.259947,0.0631424;1.75627,0.138889,1.48752
0.595902,0.237368,0.0581723;1.73994,0.131338,1.51686
0.598882,0.248745,0.0447922;1.60056,0.135426,1.55637
0.599614,0.25173,0.0423308;1.57108,0.160142,1.57075
0.599944,0.251631,0.0423301;1.57108,0.136259,1.57088
0.599208,0.251021,0.0429654;1.56578,0.0971687,1.55914
0.598851,0.19068,0.062733;1.74102,-0.0793919,1.52794
0.605321,0.164546,0.0575197;1.72812,-0.106773,1.55397
0.611349,0.173143,0.045057;1.60181,-0.113188,1.56272
0.612501,0.175641,0.0423297;1.57084,-0.0930522,1.57079
0.612459,0.175345,0.0423353;1.57097,-0.10034,1.57122
0.612114,0.175207,0.0426767;1.5686,-0.137754,1.56147
0.594043,0.126105,0.0604441;1.70892,-0.303074,1.56096
0.590722,0.0938331,0.0593332;1.74929,-0.354033,1.59038
0.595153,0.0835332,0.0496162;1.64363,-0.415386,1.57461
0.598101,0.0862292,0.0423583;1.57059,-0.402168,1.57169
0.598245,0.0862662,0.0423302;1.57082,-0.397656,1.57081
0.598285,0.0862331,0.0423338;1.57119,-0.395156,1.57064
0.593105,0.0800921,0.0522519;1.62641,-0.43407,1.55852
0.582875,0.0576415,0.0637931;1.77295,-0.482325,1.61342
0.57988,0.0392096,0.0571677;1.7519,-0.504781,1.62878
0.588001,0.0438898,0.0423139;1.57044,-0.540885,1.57108
0.588222,0.0442151,0.0423296;1.57072,-0.526488,1.57083
0.588242,0.0441253,0.0423317;1.57078,-0.52619,1.57082
0.58005,0.0354886,0.0457923;1.57152,-0.608461,1.54587
0.562259,0.00883274,0.0591115;1.74937,-0.695194,1.63257
0.553399,-0.00735856,0.0596801;1.77765,-0.715061,1.65696
0.558081,-0.0120381,0.0425071;1.57047,-0.753,1.56494
0.558712,-0.0116932,0.0423474;1.57056,-0.722031,1.5713
0.558735,-0.0117957,0.0423288;1.57083,-0.718501,1.5708
0.558065,-0.0120159,0.0431458;1.57089,-0.750553,1.5571
0.544964,-0.0251274,0.0517398;1.65299,-0.819764,1.59421
0.527786,-0.0436156,0.0640773;1.85187,-0.849489,1.72489
0.52509,-0.0640464,0.0437158;1.59634,-0.934232,1.57965
0.525442,-0.0634704,0.0423344;1.56981,-0.909983,1.57047
0.526213,-0.0630844,0.0423286;1.57086,-0.895867,1.5708
0.525986,-0.0629987,0.0426908;1.57138,-0.89796,1.56024
0.515968,-0.0686219,0.0486029;1.59885,-0.962897,1.56205
0.491688,-0.0867445,0.0627602;1.89352,-1.01415,1.79045
0.482488,-0.109628,0.0441059;1.61362,-1.10523,1.59723
0.483252,-0.109122,0.042329;1.57043,-1.09864,1.57077
0.484272,-0.109123,0.0423286;1.57072,-1.07229,1.5707
0.484104,-0.109447,0.04263;1.57044,-1.06056,1.56099
0.475957,-0.111876,0.0478293;1.59328,-1.10712,1.56098
0.449711,-0.124349,0.0620028;1.97345,-1.16243,1.88913
0.433649,-0.145289,0.0482311;1.75439,-1.2544,1.72523
0.436462,-0.145179,0.0423059;1.57033,-1.26843,1.5711
0.437349,-0.145257,0.0423297;1.57052,-1.2415,1.57054
0.4371,-0.145342,0.0423801;1.57087,-1.23153,1.56932
0.436269,-0.145015,0.0442016;1.56829,-1.23838,1.54916
0.420657,-0.147817,0.0538354;1.79285,-1.30277,1.74441
0.379398,-0.168132,0.0554943;2.2401,-1.34418,2.19956
0.387381,-0.170899,0.042536;1.55386,-1.42066,1.54524
0.387707,-0.170644,0.0423324;1.56709,-1.40478,1.56765
0.388393,-0.170744,0.0423269;1.56979,-1.38748,1.5701
0.388241,-0.170818,0.0426128;1.56762,-1.39139,1.55912
0.381811,-0.168763,0.0471943;1.47367,-1.42759,1.44302
0.324984,-0.176427,0.0602214;3.06517,-1.38877,3.02649
0.322159,-0.183237,0.0510066;-2.8786,-1.47746,-2.8989
0.327698,-0.185314,0.0423978;-1.54318,-1.54738,-1.54582
0.328085,-0.185342,0.0423302;1.57181,-1.56562,1.57185
0.328056,-0.185374,0.0423481;-1.5856,-1.56424,-1.58631
0.327264,-0.18479,0.043795;-1.49857,-1.55255,-1.51519
0.276782,-0.177791,0.0637912;-2.43937,-1.33011,-2.47663
0.257598,-0.18073,0.0563002;-2.2377,-1.33024,-2.25229
0.265032,-0.188594,0.0428097;-1.60031,-1.36057,-1.60863
0.265836,-0.188882,0.0423287;-1.57122,-1.40175,-1.57122
0.265708,-0.188879,0.0423304;-1.57101,-1.39324,-1.571
0.265319,-0.188425,0.0428237;-1.55424,-1.36361,-1.56732
0.215448,-0.171677,0.0627444;-2.01293,-1.17281,-2.03649
0.190482,-0.168791,0.0576938;-1.96257,-1.15193,-1.96399
0.19535,-0.177232,0.0450718;-1.65451,-1.16688,-1.65794
0.198173,-0.17936,0.0423261;-1.57119,-1.18457,-1.57126
0.1981,-0.179325,0.042328;-1.57149,-1.18145,-1.57166
0.198164,-0.179073,0.0427791;-1.56816,-1.17732,-1.57972
0.198164,-0.179073,0.0427791;-1.56816,-1.17732,-1.57972
0.194572,-0.174545,0.0479898;-1.54184,-1.14684,-1.58075
0.194572,-0.174545,0.0479898;-1.54184,-1.14684,-1.58075
