-0.125,0.125,0.06;-1.57,-2.98023e-08,-1.57
-0.125,0.125,0.06;-1.57,-2.98023e-08,-1.57
-0.125,0.125,0.06;-1.57,-2.98023e-08,-1.57
-0.126612,0.109518,0.0423623;-1.57095,-0.120614,-1.56968
-0.126253,0.110019,0.0426206;-1.56915,-0.0802716,-1.57856
-0.122211,0.126273,0.0478963;-1.54223,-0.020874,-1.59909
-0.122705,0.173851,0.0595751;-1.73073,0.0503862,-1.59126
-0.129007,0.146363,0.0422868;-1.57089,-0.0412487,-1.57142
-0.128887,0.146283,0.0424609;-1.57334,-0.0524194,-1.56916
-0.128827,0.146407,0.0423325;-1.571,-0.051952,-1.5705
-0.1292,0.148747,0.0426703;-1.56934,0.0156067,-1.58033
-0.12403,0.159734,0.0475554;-1.54986,0.0726069,-1.60582
-0.118169,0.199316,0.0607677;-1.70424,0.183228,-1.59253
-0.123228,0.210803,0.0541195;-1.67655,0.165969,-1.57302
-0.129326,0.188244,0.0422387;-1.5603,0.103072,-1.57893
-0.129956,0.187976,0.0423871;-1.57078,0.0669851,-1.56802
-0.130502,0.189141,0.042557;-1.57074,0.0944413,-1.57796
-0.125706,0.197476,0.0463056;-1.55706,0.14688,-1.60292
-0.116101,0.234259,0.0586247;-1.6748,0.256345,-1.58671
-0.113923,0.258179,0.0624482;-1.754,0.265939,-1.55986
-0.119634,0.24279,0.0543262;-1.6956,0.203674,-1.55835
-0.128845,0.222008,0.042485;-1.56241,0.153597,-1.57537
-0.129075,0.222607,0.0423351;-1.57108,0.145758,-1.57034
-0.128756,0.222573,0.0428336;-1.56782,0.177186,-1.58364
-0.12013,0.238112,0.0483056;-1.55797,0.242465,-1.60813
-0.111292,0.273173,0.0586886;-1.7098,0.305886,-1.55932
-0.11357,0.276725,0.0515159;-1.67521,0.274032,-1.54903
-0.120421,0.267725,0.0425034;-1.57408,0.265926,-1.5674
-0.120618,0.268739,0.0423973;-1.57204,0.300649,-1.56833
-0.120966,0.269601,0.0423344;-1.57082,0.342478,-1.57086
-0.101075,0.299579,0.0542431;-1.62158,0.474432,-1.58348
-0.0852766,0.337782,0.064921;-1.78886,0.54607,-1.50388
-0.0867354,0.342407,0.0586322;-1.75475,0.511881,-1.5023
-0.109683,0.320917,0.0423196;-1.57129,0.444193,-1.57094
-0.1096,0.320893,0.042382;-1.57243,0.44248,-1.56942
-0.109426,0.323054,0.0424668;-1.57473,0.494976,-1.56683
-0.0989419,0.331487,0.0471757;-1.55454,0.579993,-1.61239
-0.0740013,0.365724,0.0612386;-1.75262,0.689536,-1.49917
-0.0609065,0.386928,0.0623047;-1.81468,0.696661,-1.44844
-0.0917178,0.361398,0.0425287;-1.55917,0.609043,-1.57989
-0.0915868,0.361765,0.042479;-1.5738,0.578938,-1.56623
-0.0912457,0.362368,0.0423692;-1.57117,0.59164,-1.56925
-0.0884795,0.363844,0.0440582;-1.5637,0.655154,-1.59444
-0.0668158,0.382879,0.05285;-1.61683,0.748477,-1.57525
-0.0394805,0.415912,0.0661132;-1.84223,0.822891,-1.41994
-0.0597112,0.411529,0.044686;-1.61848,0.76786,-1.54345
-0.0635571,0.40993,0.0422988;-1.57094,0.732051,-1.57
-0.0635575,0.409949,0.0423734;-1.57114,0.731456,-1.56911
-0.0623417,0.411775,0.0430026;-1.56682,0.811376,-1.58667
-0.0443015,0.420996,0.0491249;-1.56777,0.885317,-1.60747
-0.0105561,0.44844,0.0649811;-1.86823,0.975975,-1.37235
-0.0211768,0.456589,0.0461311;-1.6492,0.946132,-1.51345
-0.0264028,0.45484,0.0423315;-1.57054,0.914454,-1.57102
-0.0263478,0.454795,0.0424466;-1.5736,0.91148,-1.56636
-0.0250651,0.456384,0.0430386;-1.56406,0.998214,-1.58918
-0.00553247,0.462487,0.0492174;-1.56565,1.07071,-1.61014
0.0316886,0.482572,0.0649842;-1.98435,1.14813,-1.24066
0.0269222,0.492899,0.0479011;-1.70467,1.13882,-1.46082
0.0175361,0.490924,0.0423839;-1.57053,1.08118,-1.57273
0.0174915,0.490621,0.0424888;-1.57699,1.06299,-1.56317
0.0184794,0.491954,0.0426165;-1.57046,1.11504,-1.58011
0.0314026,0.49333,0.0472604;-1.523,1.17193,-1.64783
0.0692274,0.505342,0.0600065;-2.01441,1.24836,-1.19278
0.0790989,0.512018,0.0570825;-2.02258,1.22757,-1.1673
0.0604346,0.508728,0.0457235;-1.69519,1.21223,-1.46301
0.055131,0.508362,0.0423121;-1.57277,1.18329,-1.56951
0.0556163,0.508511,0.0423283;-1.57066,1.20372,-1.57091
0.0566959,0.507589,0.0429841;-1.55856,1.24113,-1.59631
0.0768603,0.507918,0.0520223;-1.33683,1.30366,-1.82445
0.131225,0.521451,0.0619662;-2.47565,1.30492,-0.722939
0.118172,0.519533,0.0564299;-2.19626,1.28719,-0.979046
0.0921728,0.519468,0.0429025;-1.50387,1.30293,-1.63784
0.0927663,0.520422,0.0425537;-1.57131,1.30278,-1.56312
0.0948249,0.520374,0.0423304;-1.57098,1.34818,-1.57076
0.101146,0.517718,0.0468695;-1.3017,1.39023,-1.8465
0.163858,0.51863,0.0712895;-3.03504,1.42072,-0.148692
0.176447,0.520325,0.0614238;-2.82786,1.3345,-0.344034
0.157136,0.522617,0.0496448;-2.27518,1.43193,-0.869661
0.139015,0.525045,0.0426255;-1.57193,1.40506,-1.56016
0.139815,0.524729,0.0427292;-1.5624,1.41435,-1.56774
0.148148,0.522863,0.0464596;-1.07322,1.45868,-2.06711
0.203755,0.51723,0.0711861;2.73094,1.43575,0.378966
0.220737,0.519093,0.0619747;-3.13086,1.34573,-0.0341186
0.206994,0.523751,0.0510402;-2.91322,1.46415,-0.224707
0.186067,0.528329,0.0427497;-1.56853,1.46912,-1.56
0.187717,0.528061,0.0429522;-1.52473,1.47973,-1.60097
0.195665,0.526413,0.0470079;-0.630494,1.5013,-2.50588
0.246228,0.520438,0.071466;2.49204,1.40737,0.620507
0.263706,0.522681,0.0611032;2.95284,1.3389,0.16717
0.252674,0.527151,0.0512808;2.93411,1.45894,0.211644
0.223155,0.530043,0.0427662;-1.5514,1.48203,-1.57559
0.222265,0.52959,0.0438454;-1.48342,1.47209,-1.63432
0.224976,0.528895,0.0459886;-1.09236,1.48154,-2.03731
0.259225,0.521843,0.0728428;1.26056,1.49743,1.87351
0.278365,0.524661,0.0649929;2.91871,1.42219,0.215665
0.278436,0.526711,0.0558534;2.98229,1.39951,0.154986
0.245948,0.529603,0.0429997;-1.50192,1.50158,-1.62354
0.224487,0.529057,0.0446494;-1.54046,1.34389,-1.57309
0.228893,0.528432,0.0438279;-1.40585,1.38348,-1.72334
0.242271,0.525645,0.0526821;-0.709371,1.40332,-2.42378
0.296416,0.526878,0.0704062;3.02537,1.4743,0.0976359
0.309287,0.532014,0.0573603;-3.04542,1.37255,-0.107524
0.29251,0.531461,0.045313;-2.151,1.51448,-0.976444
0.26491,0.528472,0.0433261;-1.55788,1.35201,-1.56456
0.264741,0.528,0.0431445;-1.53184,1.34806,-1.59201
0.273017,0.527089,0.0475612;-1.19086,1.39225,-1.94203
0.326597,0.528461,0.0717568;-3.06556,1.46727,-0.106319
0.346825,0.533476,0.0599769;-2.92584,1.34949,-0.241918
0.335157,0.53135,0.0492433;-2.46053,1.45573,-0.683649
0.312494,0.528885,0.0427411;-1.57105,1.3672,-1.55751
0.312047,0.528511,0.0429178;-1.55472,1.35727,-1.57113
0.318368,0.528034,0.0451663;-1.35162,1.39731,-1.78467
0.376759,0.535263,0.0657241;-3.12496,1.39099,-0.0689737
0.388313,0.53611,0.060105;-2.88262,1.36738,-0.29511
0.377093,0.532978,0.047587;-2.33059,1.46394,-0.817063
0.361783,0.532637,0.0426422;-1.5715,1.35374,-1.55999
0.359517,0.532218,0.0427189;-1.56588,1.30744,-1.56431
0.361445,0.531662,0.043099;-1.49356,1.33902,-1.64774
0.41398,0.534171,0.0665689;-2.43597,1.47097,-0.742001
0.43582,0.538794,0.0624595;-2.77243,1.33316,-0.417918
0.426319,0.535294,0.0531664;-2.36311,1.38219,-0.801433
0.40642,0.53521,0.0424989;-1.57184,1.3328,-1.56415
0.403594,0.53371,0.0425409;-1.5712,1.24373,-1.56364
0.403709,0.533708,0.0423142;-1.57098,1.24321,-1.57104
0.440663,0.535332,0.0566489;-1.34627,1.38006,-1.81577
0.477783,0.544914,0.0643409;-2.65501,1.32068,-0.554701
0.480971,0.543209,0.0591049;-2.40367,1.32301,-0.787452
0.458825,0.540219,0.0422725;-1.57031,1.35032,-1.5702
0.458277,0.540096,0.0423157;-1.57116,1.32393,-1.57084
0.458448,0.54017,0.0423682;-1.57147,1.3365,-1.5686
0.474233,0.537413,0.0477018;-1.3819,1.42604,-1.78949
0.511286,0.538264,0.0597291;-2.80861,1.45565,-0.384518
0.532002,0.541602,0.0633637;-2.99452,1.35025,-0.197818
0.503263,0.543338,0.0428141;-1.49605,1.4515,-1.6532
0.503464,0.543209,0.0424002;-1.57275,1.43345,-1.5665
0.50321,0.543189,0.0423392;-1.57362,1.42735,-1.56781
0.508103,0.541868,0.0442625;-1.43654,1.51385,-1.72474
0.535615,0.537762,0.0526061;1.08932,1.5408,2.01558
0.574189,0.537437,0.0646091;2.6036,1.34141,0.491034
0.570009,0.547434,0.0457276;2.14863,1.49713,0.983543
0.564339,0.549378,0.0422854;1.56809,1.53722,1.57375
0.564117,0.5493,0.0423341;1.57732,1.5488,1.56437
0.56698,0.549068,0.0432341;1.53828,1.45855,1.5883
0.586604,0.540982,0.0501977;1.3971,1.39288,1.70632
0.626079,0.532784,0.0635547;2.12695,1.23489,0.980464
0.632694,0.543857,0.0462603;1.77364,1.32058,1.3654
0.626685,0.547778,0.0422816;1.57127,1.3546,1.57104
0.626441,0.54765,0.0423603;1.57116,1.36564,1.57145
0.627996,0.547279,0.0429664;1.55779,1.30359,1.5695
0.642229,0.537002,0.0492897;1.49713,1.23594,1.60546
0.680338,0.522351,0.0630775;1.93831,1.09727,1.18742
0.690435,0.529737,0.0517544;1.85056,1.15856,1.30288
0.678096,0.540264,0.0423238;1.57629,1.20683,1.5639
0.677941,0.540166,0.0424572;1.57932,1.21875,1.56441
0.678992,0.540182,0.0424428;1.5709,1.17614,1.56714
0.682145,0.535201,0.0453694;1.54519,1.13748,1.56812
0.709687,0.516926,0.056061;1.65754,1.03015,1.45901
0.720644,0.501548,0.0584548;1.8878,1.04139,1.27213
0.699078,0.517059,0.044167;1.63721,1.11705,1.50495
0.695627,0.520405,0.0423188;1.57198,1.1556,1.56939
0.697023,0.520677,0.0423461;1.57189,1.10826,1.57054
0.696886,0.52052,0.0427729;1.56507,1.08353,1.56378
0.708216,0.507412,0.0483137;1.53599,1.01624,1.56579
0.729276,0.474494,0.0619407;1.87899,0.934228,1.27641
0.71592,0.481611,0.0533211;1.79434,1.02322,1.36594
0.699564,0.496098,0.0423532;1.5654,1.08498,1.57344
0.700298,0.4956,0.0423708;1.57153,1.08008,1.57191
0.700862,0.495865,0.0423853;1.57109,1.04761,1.56872
0.700811,0.492828,0.0443812;1.56094,1.02108,1.55687
0.713647,0.457789,0.0662642;1.77434,0.902019,1.35529
0.713387,0.451218,0.0582319;1.8663,0.962163,1.30199
0.693511,0.467445,0.0446044;1.63773,1.04751,1.50697
0.690199,0.47113,0.0423623;1.57149,1.07007,1.5712
0.692184,0.471176,0.0423306;1.5713,1.01236,1.57033
0.691488,0.47031,0.0430279;1.5721,1.00061,1.55462
0.69457,0.441914,0.0647219;1.69151,0.889651,1.42597
0.694391,0.432321,0.0620873;1.8431,0.945586,1.32053
0.681201,0.445335,0.0464403;1.67139,1.02299,1.47912
0.675644,0.451683,0.0424701;1.57454,1.04346,1.57031
0.678261,0.451836,0.0422859;1.57079,0.970693,1.56959
0.678512,0.450903,0.0430842;1.56558,0.94551,1.56215
0.678512,0.450903,0.0430842;1.56558,0.94551,1.56215
0.680776,0.439343,0.0487537;1.57108,0.892262,1.53111
0.680776,0.439343,0.0487537;1.57108,0.892262,1.53111
