-0.125,0.125,0.06;-1.57,-2.98023e-08,-1.57
-0.125,0.125,0.06;-1.57,-2.98023e-08,-1.57
-0.125,0.125,0.06;-1.57,-2.98023e-08,-1.57
-0.127247,0.113994,0.0423357;-1.57115,-0.0903332,-1.57037
-0.126773,0.114644,0.0426241;-1.56898,-0.0524194,-1.5785
-0.122651,0.12927,0.0479048;-1.53959,0.00238368,-1.59899
-0.121085,0.173849,0.0584499;-1.7371,0.0680883,-1.5891
-0.126344,0.150846,0.0422991;-1.57096,-0.0122993,-1.57072
-0.126198,0.15029,0.0423975;-1.57223,-0.0279254,-1.57007
-0.126227,0.15009,0.0423332;-1.57094,-0.0369396,-1.57055
-0.125827,0.153083,0.0426306;-1.57051,0.0337286,-1.58069
-0.120438,0.166336,0.0475501;-1.54574,0.0940595,-1.60487
-0.113633,0.201221,0.0599312;-1.6815,0.19658,-1.59591
-0.11746,0.213487,0.0531158;-1.68515,0.180718,-1.5708
-0.122804,0.193305,0.04251;-1.55432,0.124698,-1.57827
-0.123466,0.193,0.042374;-1.57305,0.0854866,-1.56919
-0.123583,0.193649,0.0425655;-1.57073,0.105005,-1.57828
-0.118737,0.20252,0.0463521;-1.55397,0.157137,-1.60213
-0.108555,0.235427,0.0580984;-1.62273,0.258155,-1.59729
-0.104553,0.268054,0.0614743;-1.77257,0.28637,-1.55164
-0.109443,0.253776,0.0532369;-1.70771,0.228984,-1.55235
-0.117935,0.237142,0.0424656;-1.56857,0.189723,-1.57628
-0.118006,0.237339,0.0423418;-1.57138,0.183796,-1.57055
-0.117514,0.237402,0.0428155;-1.56774,0.225957,-1.58439
-0.108074,0.252307,0.0490149;-1.53221,0.288242,-1.61553
-0.0964207,0.283315,0.0568869;-1.68231,0.359005,-1.56616
-0.0961004,0.29051,0.0517034;-1.70101,0.326984,-1.53543
-0.101565,0.282311,0.0423714;-1.57132,0.314298,-1.5698
-0.101434,0.282575,0.0423598;-1.57105,0.31822,-1.56943
-0.101421,0.283345,0.0423662;-1.57075,0.349594,-1.57238
-0.0816694,0.307584,0.0543156;-1.54341,0.474362,-1.61721
-0.0658174,0.342876,0.0633644;-1.79889,0.548545,-1.50387
-0.064088,0.354282,0.0586981;-1.78997,0.525244,-1.48216
-0.0799975,0.339619,0.0423093;-1.57089,0.491522,-1.57007
-0.0800763,0.339306,0.0423289;-1.57122,0.482825,-1.57029
-0.0798476,0.340313,0.0424763;-1.57471,0.50985,-1.56735
-0.0682262,0.348585,0.0478463;-1.53634,0.59964,-1.62229
-0.0449771,0.375529,0.061374;-1.66291,0.702977,-1.55127
-0.0292499,0.401595,0.0617899;-1.8419,0.708928,-1.42799
-0.0493485,0.389001,0.0422979;-1.57319,0.672171,-1.57483
-0.0491737,0.388679,0.0424186;-1.57162,0.658569,-1.56792
-0.0491675,0.388835,0.0423467;-1.57174,0.658421,-1.56991
-0.0447493,0.39119,0.0441788;-1.55813,0.740496,-1.59877
-0.0222334,0.40635,0.053297;-1.53027,0.826394,-1.63518
0.006328,0.433724,0.0640749;-1.89297,0.903483,-1.37393
-0.0049101,0.439692,0.043632;-1.59902,0.883202,-1.55752
-0.0081792,0.438923,0.0423245;-1.57037,0.860154,-1.57135
-0.00839862,0.438535,0.0423327;-1.57121,0.84646,-1.57031
-0.00608529,0.439875,0.0429651;-1.5638,0.935388,-1.59021
0.0123809,0.446932,0.049528;-1.50961,0.995988,-1.65645
0.0454594,0.467086,0.062599;-1.92448,1.08051,-1.31313
0.0445194,0.479105,0.045092;-1.64254,1.07102,-1.51729
0.0402911,0.478632,0.0423276;-1.57098,1.04638,-1.57055
0.0399738,0.477931,0.0423316;-1.57103,1.02475,-1.57056
0.0421844,0.479542,0.0430777;-1.55821,1.11587,-1.59533
0.0632636,0.484048,0.0493122;-1.49943,1.17945,-1.6721
0.0995297,0.497776,0.0625483;-2.11723,1.24509,-1.10245
0.102407,0.508282,0.0469149;-1.73363,1.26138,-1.42971
0.0945173,0.507543,0.0423397;-1.57148,1.21103,-1.57165
0.0943244,0.507137,0.0423741;-1.57293,1.19256,-1.56777
0.09516,0.507842,0.0426221;-1.5705,1.22654,-1.58031
0.107841,0.507861,0.0473113;-1.47586,1.28278,-1.68965
0.141404,0.512368,0.0613226;-1.93065,1.3725,-1.25706
0.159178,0.51999,0.0555851;-2.26066,1.34921,-0.921929
0.147264,0.518808,0.0451535;-1.76596,1.35411,-1.38713
0.143222,0.518745,0.042314;-1.56985,1.34083,-1.57195
0.143069,0.518714,0.0423442;-1.57115,1.33986,-1.56982
0.143701,0.517599,0.0429936;-1.52793,1.3768,-1.61998
0.161598,0.514993,0.0528751;-0.970209,1.42263,-2.1859
0.217518,0.520777,0.0612284;-3.0545,1.36888,-0.127189
0.212098,0.520989,0.0562532;-2.77441,1.38901,-0.386541
0.187896,0.523486,0.042497;-1.41624,1.46803,-1.72423
0.184172,0.524368,0.0426328;-1.57141,1.40898,-1.56042
0.185492,0.524049,0.0426403;-1.54142,1.43135,-1.59407
0.196527,0.521672,0.0472199;-0.983006,1.46596,-2.15969
0.253733,0.516952,0.0714297;2.72566,1.41119,0.382492
0.268095,0.519161,0.0605009;3.09029,1.34819,0.0320202
0.250892,0.523233,0.0502677;-2.99985,1.47704,-0.136153
0.230746,0.528112,0.0427357;-1.56261,1.47842,-1.5668
0.231296,0.527962,0.0429915;-1.50722,1.48225,-1.61857
0.239691,0.52612,0.0467289;-0.629376,1.50338,-2.50894
0.285542,0.518323,0.0739454;2.18201,1.44353,0.941466
0.300907,0.519598,0.0664233;2.8181,1.40241,0.315946
0.285431,0.525757,0.0499827;2.82189,1.48965,0.333565
0.263322,0.531794,0.0427664;-1.53383,1.51886,-1.59338
0.264737,0.53165,0.0433052;-1.29461,1.52644,-1.82582
0.269317,0.52984,0.0477454;-0.0955706,1.507,-3.03884
0.304751,0.517436,0.0759632;1.46067,1.43696,1.67432
0.319171,0.517619,0.0720558;2.36691,1.45313,0.780404
0.304338,0.525505,0.0515169;1.0244,1.48532,2.13399
0.293033,0.53154,0.0428314;0.561435,1.56719,2.59487
0.294025,0.531327,0.0441595;0.755077,1.55634,2.41192
0.295735,0.530193,0.0468795;0.442962,1.51387,2.71079
0.319627,0.519133,0.0718847;1.03234,1.38354,2.10375
0.33909,0.519068,0.0705246;1.69153,1.41321,1.45849
0.340791,0.521502,0.0583207;1.63733,1.40779,1.51588
0.320429,0.530917,0.043118;1.45572,1.4909,1.70265
0.310457,0.533226,0.0458645;0.401667,1.56194,2.77699
0.314305,0.532273,0.0435167;0.86762,1.52609,2.28412
0.324184,0.527028,0.0530439;0.702544,1.40313,2.43643
0.36878,0.51587,0.0736756;1.70579,1.35176,1.43308
0.376112,0.518021,0.0628123;2.00822,1.36823,1.14685
0.358736,0.528417,0.0446963;1.34042,1.40818,1.81228
0.346271,0.53236,0.0431806;1.48726,1.51711,1.67167
0.346363,0.531961,0.0437135;1.3605,1.51508,1.80095
0.354382,0.528293,0.0478493;1.02379,1.43979,2.1188
0.396206,0.513069,0.0742326;1.7048,1.31592,1.42729
0.410327,0.512086,0.066162;2.14741,1.32626,1.00157
0.394804,0.521973,0.0469752;1.81877,1.38458,1.34197
0.381524,0.528094,0.0426995;1.56603,1.45389,1.5882
0.381367,0.528017,0.0429147;1.51887,1.4571,1.63697
0.386803,0.524988,0.0452864;1.32102,1.40394,1.81833
0.430299,0.508338,0.0712255;1.75992,1.25147,1.36934
0.450992,0.505295,0.0625073;2.0903,1.23456,1.05656
0.442372,0.511359,0.04755;1.80442,1.28877,1.34933
0.43034,0.517545,0.0426438;1.57119,1.36828,1.58049
0.428462,0.51819,0.0427706;1.55701,1.40205,1.59611
0.429816,0.516808,0.0431694;1.47822,1.37126,1.66122
0.469654,0.497952,0.0668579;1.66574,1.22403,1.45728
0.497728,0.491619,0.0621484;2.01727,1.1604,1.12308
0.49774,0.491697,0.0527884;1.92409,1.19628,1.22828
0.483904,0.499141,0.0425128;1.57131,1.27453,1.57619
0.482901,0.499275,0.0425307;1.57097,1.29962,1.57708
0.48304,0.499423,0.0423294;1.57095,1.29668,1.57072
0.507447,0.482208,0.0560069;1.41771,1.16451,1.68666
0.54148,0.468648,0.0661504;1.9213,1.06041,1.21421
0.557186,0.464766,0.0592448;1.96656,1.06292,1.19051
0.541164,0.474869,0.042325;1.57067,1.13989,1.57112
0.541397,0.474879,0.0423268;1.57109,1.13557,1.57049
0.541478,0.474845,0.0423683;1.57225,1.13367,1.57046
0.549961,0.464422,0.0474531;1.52075,1.04362,1.58227
0.577924,0.442269,0.0600224;1.7064,0.937534,1.41914
0.60827,0.425917,0.0616236;1.85264,0.863634,1.31037
0.602485,0.443136,0.0425809;1.56034,0.908787,1.57254
0.602478,0.443136,0.0423886;1.57101,0.928694,1.57269
0.602611,0.443231,0.0423302;1.57099,0.930402,1.57077
0.605033,0.439192,0.0440332;1.55967,0.844448,1.56138
0.620702,0.417873,0.0521963;1.56348,0.767102,1.53909
0.650259,0.389935,0.0647089;1.8135,0.648274,1.36414
0.657231,0.399471,0.0451186;1.61608,0.701682,1.53206
0.655692,0.403134,0.0423088;1.57063,0.726152,1.57138
0.655165,0.403438,0.0423242;1.57112,0.739603,1.5704
0.656063,0.401725,0.0431907;1.56505,0.667237,1.56083
0.664113,0.382829,0.0500023;1.53097,0.602678,1.55923
0.685974,0.349866,0.0629198;1.76844,0.481804,1.42138
0.681966,0.347531,0.0455882;1.61994,0.559332,1.53473
0.680061,0.352544,0.0423075;1.57043,0.58501,1.57152
0.679859,0.352589,0.042335;1.57096,0.588276,1.57092
0.679214,0.3522,0.0428728;1.56614,0.569919,1.55952
0.683606,0.334845,0.0491498;1.53639,0.50439,1.55251
0.699592,0.301559,0.063036;1.72018,0.40952,1.46136
0.702194,0.296021,0.0490655;1.6449,0.430617,1.51985
0.696077,0.303638,0.0422945;1.57052,0.457036,1.57188
0.694626,0.304209,0.042396;1.57077,0.475539,1.57318
0.690018,0.30507,0.0424197;1.5704,0.542881,1.56834
0.689631,0.301109,0.0450432;1.56097,0.506947,1.55188
0.69852,0.274994,0.0555497;1.59099,0.421358,1.5243
0.717698,0.244548,0.0567782;1.72804,0.383516,1.47735
0.704419,0.258996,0.0425788;1.56854,0.425211,1.56292
0.702695,0.25971,0.0423372;1.57023,0.435524,1.57143
0.696293,0.260926,0.0423576;1.57082,0.520127,1.57208
0.695587,0.260312,0.0427317;1.56695,0.501115,1.56299
0.699238,0.24437,0.0481667;1.54642,0.436144,1.54991
0.722383,0.200063,0.0613055;1.76708,0.349229,1.45331
0.712707,0.20821,0.0509976;1.66569,0.397607,1.51087
0.701972,0.220549,0.0424297;1.56976,0.442758,1.56854
0.698532,0.221317,0.0423255;1.571,0.511977,1.5707
0.69757,0.220738,0.0423847;1.57103,0.516552,1.56888
0.69734,0.216046,0.0445359;1.56206,0.477474,1.55445
0.724524,0.161111,0.0631231;1.77474,0.335842,1.44262
0.720265,0.158847,0.0571863;1.73928,0.391696,1.46989
0.705397,0.174309,0.0427049;1.57384,0.44888,1.55982
0.699952,0.176535,0.0422869;1.57338,0.507957,1.56774
0.697717,0.175612,0.0423027;1.57064,0.529732,1.57008
0.696677,0.17445,0.0428761;1.5711,0.511328,1.55732
0.718244,0.131037,0.0621055;1.75481,0.375776,1.44386
0.721649,0.121866,0.0586417;1.7509,0.400928,1.46016
0.712938,0.131004,0.0439104;1.59074,0.429112,1.55028
0.705881,0.13335,0.0423212;1.57064,0.493526,1.5712
0.701984,0.13141,0.0422527;1.57122,0.53615,1.56933
0.70023,0.130555,0.042826;1.57205,0.533851,1.55652
0.70023,0.130555,0.042826;1.57205,0.533851,1.55652
0.700622,0.122933,0.0496479;1.53375,0.496826,1.56007
0.700622,0.122933,0.0496479;1.53375,0.496826,1.56007
