-0.125,0.125,0.06;-1.57,-2.98023e-08,-1.57
-0.125,0.125,0.06;-1.57,-2.98023e-08,-1.57
-0.125,0.125,0.06;-1.57,-2.98023e-08,-1.57
-0.125619,0.11886,0.0423475;-1.57082,-0.148217,-1.57026
-0.125363,0.119157,0.0425989;-1.57022,-0.120571,-1.57912
-0.121355,0.134543,0.0472532;-1.54993,-0.0570356,-1.59787
-0.118867,0.174392,0.058357;-1.76265,0.00304151,-1.58845
-0.122769,0.155405,0.0422372;-1.57079,-0.0737015,-1.57026
-0.122602,0.154986,0.0423555;-1.57093,-0.0893395,-1.56989
-0.122603,0.155073,0.0423348;-1.57093,-0.0962198,-1.57066
-0.121961,0.158376,0.0425654;-1.5704,-0.0240368,-1.57908
-0.116692,0.172301,0.0468311;-1.55354,0.0446036,-1.60071
-0.108826,0.208591,0.0590187;-1.7291,0.147331,-1.58523
-0.109637,0.217813,0.0519838;-1.68778,0.131416,-1.5682
-0.114013,0.203107,0.0422791;-1.55124,0.0784719,-1.57908
-0.114384,0.202842,0.0423581;-1.57075,0.0511375,-1.5693
-0.114492,0.20351,0.0425004;-1.57078,0.0680598,-1.57616
-0.109507,0.212322,0.0459169;-1.5574,0.124096,-1.59904
-0.0977801,0.246471,0.0560429;-1.68794,0.227423,-1.58091
-0.0922953,0.274478,0.0603143;-1.77584,0.266692,-1.54442
-0.0956618,0.265975,0.0520133;-1.70012,0.217112,-1.54983
-0.103055,0.25288,0.0424689;-1.56919,0.186113,-1.57535
-0.102766,0.253075,0.0423356;-1.57089,0.178947,-1.57053
-0.102352,0.253262,0.0427649;-1.56717,0.217541,-1.5823
-0.091165,0.269336,0.0481785;-1.54554,0.28975,-1.61064
-0.0765747,0.302176,0.0554607;-1.72195,0.362399,-1.54096
-0.0756346,0.307678,0.0509489;-1.69355,0.347345,-1.53339
-0.0800322,0.301701,0.0423533;-1.57089,0.342389,-1.56997
-0.0799189,0.30199,0.0423676;-1.57097,0.3479,-1.56937
-0.0795698,0.303363,0.042321;-1.57014,0.391318,-1.57138
-0.0551878,0.329962,0.05275;-1.60254,0.530393,-1.58937
-0.0339044,0.362035,0.0625785;-1.83385,0.597217,-1.45893
-0.0304495,0.370949,0.0573359;-1.797,0.59152,-1.45655
-0.0468924,0.360313,0.0423139;-1.57061,0.571412,-1.57072
-0.0469843,0.360171,0.0423296;-1.57129,0.564119,-1.57016
-0.0465696,0.360747,0.0423916;-1.57113,0.589865,-1.56853
-0.0319398,0.36901,0.0472543;-1.54307,0.693652,-1.6194
-0.00265726,0.393619,0.0585997;-1.78875,0.788028,-1.45246
0.0159302,0.413721,0.0605213;-1.88352,0.811381,-1.36526
-0.00334163,0.407598,0.0424273;-1.57102,0.793222,-1.57497
-0.00359939,0.407157,0.042382;-1.57093,0.77984,-1.56903
-0.00364002,0.407184,0.0423382;-1.57152,0.77879,-1.56997
0.00172895,0.408954,0.0438608;-1.56273,0.871995,-1.59386
0.0283492,0.421082,0.0515461;-1.60765,0.964018,-1.57474
0.0618865,0.44049,0.0635526;-1.9967,1.01401,-1.24513
0.0548179,0.445785,0.0431452;-1.60419,1.02792,-1.54734
0.05177,0.445334,0.0423181;-1.57138,1.00443,-1.56962
0.0513738,0.445008,0.042327;-1.57085,0.990765,-1.57083
0.0535735,0.445673,0.0428825;-1.56428,1.07746,-1.58758
0.0747365,0.449143,0.0486192;-1.5421,1.14586,-1.62892
0.111781,0.460761,0.0622378;-2.15056,1.19869,-1.06601
0.113,0.467978,0.0444003;-1.66626,1.23458,-1.48656
0.110137,0.468056,0.0423188;-1.57045,1.20875,-1.57078
0.109691,0.467698,0.0423299;-1.57107,1.19444,-1.57052
0.110892,0.468571,0.0428051;-1.55736,1.26783,-1.59516
0.1284,0.467811,0.048644;-1.50418,1.3329,-1.66825
0.165784,0.471698,0.06211;-2.55276,1.33697,-0.6432
0.173936,0.478636,0.0466241;-1.96437,1.43543,-1.19083
0.16837,0.479439,0.0423371;-1.56961,1.4024,-1.57256
0.168108,0.479408,0.042339;-1.57143,1.38979,-1.56987
0.168577,0.479591,0.0425738;-1.57016,1.40388,-1.57912
0.179084,0.476835,0.0464702;-1.43483,1.4629,-1.73601
0.214177,0.473884,0.0574826;-3.12707,1.44173,-0.0513651
0.242126,0.476974,0.0548702;2.7443,1.41507,0.38223
0.235189,0.4783,0.0446435;2.51574,1.5261,0.621237
0.232814,0.47919,0.042335;1.51253,1.56457,1.62907
0.232805,0.479224,0.0423298;1.57032,1.56255,1.57129
0.233177,0.478364,0.0429644;1.50849,1.52507,1.62057
0.254262,0.469413,0.0493036;1.37348,1.44295,1.73185
0.315583,0.455214,0.0612374;2.23844,1.2316,0.897919
0.313864,0.458413,0.0547397;2.14637,1.28431,1.00207
0.302081,0.466956,0.0428356;1.53007,1.34278,1.60349
0.302496,0.466801,0.0423321;1.57115,1.3656,1.57058
0.303371,0.466874,0.0423426;1.57129,1.3207,1.56985
0.30719,0.462652,0.0444065;1.54404,1.28119,1.57739
0.369386,0.430209,0.065346;2.04166,1.03761,1.10878
0.380129,0.426546,0.0598811;2.0323,1.07271,1.14146
0.371173,0.438417,0.0474949;1.73667,1.12008,1.41658
0.365547,0.444982,0.0423366;1.57126,1.16757,1.57056
0.366777,0.445173,0.0422796;1.56648,1.11874,1.57366
0.368162,0.442328,0.0433548;1.56199,1.08422,1.56479
0.41657,0.400505,0.0644068;1.9217,0.867243,1.25175
0.429242,0.392667,0.0603585;1.93519,0.896859,1.26615
0.423261,0.404008,0.0475054;1.68391,0.919458,1.4739
0.419805,0.410432,0.0423297;1.57127,0.96396,1.57022
0.420456,0.410328,0.0422951;1.56982,0.930491,1.57006
0.420914,0.408779,0.0431387;1.56887,0.906655,1.5585
0.455603,0.362841,0.0641751;1.85942,0.711866,1.33655
0.472226,0.347729,0.0595286;1.84615,0.698483,1.37239
0.471058,0.358166,0.0478546;1.66062,0.693441,1.50405
0.469445,0.363572,0.0423317;1.57113,0.737576,1.57067
0.469541,0.363433,0.0423281;1.57084,0.726707,1.57083
0.469633,0.363461,0.042666;1.57057,0.727898,1.56032
0.486875,0.322861,0.0602999;1.74867,0.563028,1.4341
0.502811,0.300294,0.0574175;1.79257,0.535501,1.44319
0.50546,0.302997,0.0517382;1.69241,0.499549,1.49556
0.503357,0.30945,0.0423398;1.571,0.559495,1.57121
0.50338,0.309341,0.0423885;1.57097,0.560408,1.57272
0.504008,0.308857,0.0424145;1.5706,0.5175,1.56799
0.504355,0.299735,0.0452801;1.55899,0.471703,1.55282
0.525192,0.233739,0.0617672;1.79249,0.291027,1.47074
0.528918,0.230594,0.0553433;1.73804,0.305447,1.50643
0.528556,0.243994,0.042761;1.55565,0.322413,1.57006
0.528878,0.244024,0.0423309;1.57102,0.343788,1.57078
0.529226,0.243445,0.0423283;1.57094,0.311244,1.57085
0.528406,0.241529,0.0431662;1.56651,0.268862,1.55919
0.530809,0.175853,0.0635706;1.78828,0.0770702,1.50866
0.535974,0.156281,0.0578488;1.75667,0.0676503,1.53856
0.540098,0.167931,0.0448996;1.60657,0.0672104,1.56114
0.541602,0.171267,0.0423302;1.57106,0.0924387,1.57102
0.541598,0.171022,0.0423288;1.57058,0.0786774,1.5706
0.541149,0.170398,0.0428735;1.56881,0.0444714,1.55893
0.530803,0.111999,0.0626731;1.77234,-0.130845,1.55418
0.531088,0.0862805,0.0570884;1.74324,-0.170166,1.57744
0.538491,0.0918577,0.0455003;1.61239,-0.195235,1.5703
0.540114,0.0940243,0.0423292;1.5708,-0.1605,1.57079
0.54012,0.0938823,0.0423444;1.57098,-0.163706,1.57112
0.540225,0.0938142,0.0424809;1.56925,-0.173748,1.56224
0.521304,0.0557498,0.0596706;1.73026,-0.322454,1.58335
0.513194,0.0284893,0.0600083;1.79227,-0.360612,1.62557
0.519467,0.0255926,0.0513486;1.68513,-0.398428,1.6007
0.52388,0.0306577,0.0423297;1.57082,-0.36314,1.57083
0.523794,0.0305353,0.0423308;1.57089,-0.362988,1.57084
0.523747,0.0304353,0.0423288;1.5708,-0.368216,1.57087
0.504147,0.00901705,0.0514999;1.5988,-0.501194,1.54929
0.482494,-0.0217229,0.0635873;1.8342,-0.567904,1.67521
0.475087,-0.0402367,0.056879;1.7825,-0.608281,1.67344
0.486621,-0.0332881,0.0423293;1.57058,-0.586151,1.57077
0.486619,-0.0332908,0.0423307;1.57101,-0.581088,1.57105
0.486483,-0.0333797,0.0423724;1.57086,-0.583209,1.5722
0.475112,-0.0402252,0.0464962;1.55053,-0.678036,1.52958
0.447019,-0.0647495,0.0582229;1.77401,-0.772959,1.67722
0.426352,-0.0864691,0.060748;1.87407,-0.812494,1.76351
0.437518,-0.0840974,0.0424363;1.56256,-0.814422,1.55914
0.437662,-0.0839977,0.0423301;1.57085,-0.796189,1.57107
0.437524,-0.0841162,0.0423298;1.57081,-0.796245,1.5708
0.434668,-0.084396,0.0436253;1.56375,-0.86083,1.54991
0.410167,-0.0958067,0.0509589;1.59302,-0.951036,1.55521
0.375664,-0.115517,0.0640121;1.99523,-1.00009,1.89153
0.372821,-0.130597,0.0443693;1.63287,-1.08067,1.61846
0.375045,-0.130361,0.0423164;1.57016,-1.05764,1.5704
0.375067,-0.130374,0.0423294;1.57081,-1.05425,1.57079
0.374169,-0.130465,0.0427095;1.56693,-1.0927,1.5562
0.356633,-0.13352,0.0484723;1.57558,-1.16404,1.54183
0.32306,-0.143486,0.0623659;2.1317,-1.20552,2.05906
0.30738,-0.159396,0.0450262;1.71693,-1.31991,1.70451
0.309264,-0.159453,0.042302;1.57129,-1.2973,1.5715
0.309504,-0.159523,0.0423304;1.57087,-1.28817,1.57088
0.30956,-0.159393,0.0426616;1.5684,-1.29962,1.55817
0.299379,-0.157956,0.047791;1.51614,-1.35717,1.48376
0.26734,-0.159178,0.0611508;2.52352,-1.36836,2.47311
0.242281,-0.171344,0.0491001;2.63388,-1.47761,2.62048
0.246575,-0.172525,0.0423429;1.56894,-1.49536,1.56865
0.246746,-0.172968,0.0423417;1.5739,-1.47344,1.57434
0.246756,-0.172977,0.0423525;1.57334,-1.47885,1.57265
0.243095,-0.170539,0.0447204;1.42561,-1.52293,1.40408
0.21395,-0.163933,0.0539369;-2.46314,-1.49342,-2.49787
0.164325,-0.163133,0.0555968;-2.35988,-1.34709,-2.36491
0.173616,-0.169232,0.0427464;-1.60789,-1.41525,-1.6148
0.174397,-0.169833,0.0423183;-1.56938,-1.44279,-1.5692
0.174317,-0.169818,0.0423463;-1.57113,-1.43883,-1.57059
0.174258,-0.169763,0.0426495;-1.56842,-1.41056,-1.57852
0.161192,-0.16146,0.0475075;-1.49235,-1.34382,-1.52606
0.10062,-0.141097,0.0598358;-2.08679,-1.14783,-2.0731
0.100678,-0.147673,0.0511772;-1.83995,-1.16803,-1.833
0.105757,-0.15202,0.0424201;-1.56995,-1.20278,-1.57288
0.105793,-0.151886,0.0423318;-1.57089,-1.21753,-1.57082
0.10576,-0.15194,0.042335;-1.57064,-1.20567,-1.57077
0.104388,-0.149166,0.0441319;-1.55834,-1.16638,-1.57842
0.0520874,-0.111099,0.0635313;-1.96809,-0.959857,-1.94011
0.0347451,-0.105562,0.0564092;-1.85926,-0.943507,-1.82476
0.0396392,-0.116131,0.0428387;-1.5894,-0.94909,-1.59322
0.0401319,-0.117236,0.04233;-1.57088,-0.982898,-1.57085
0.0400181,-0.11716,0.0423285;-1.57084,-0.968896,-1.57078
0.0397256,-0.117159,0.0426806;-1.5724,-0.95372,-1.5836
0.0098755,-0.0827804,0.0622932;-1.83462,-0.787218,-1.80195
-0.00892533,-0.0676234,0.0572896;-1.81037,-0.75742,-1.75869
-0.0118957,-0.0762046,0.0448075;-1.61621,-0.733257,-1.60895
-0.0109073,-0.0782653,0.0423294;-1.57086,-0.775466,-1.57083
-0.0109607,-0.0783406,0.0423297;-1.57082,-0.769004,-1.57079
-0.0106853,-0.0782744,0.0427213;-1.57176,-0.763701,-1.58317
-0.0106853,-0.0782744,0.0427213;-1.57176,-0.763701,-1.58317
-0.0166723,-0.0659269,0.048231;-1.56615,-0.693269,-1.60171
-0.0166723,-0.0659269,0.048231;-1.56615,-0.693269,-1.60171
