-0.125,0.125,0.06;-1.57,-2.98023e-08,-1.57
-0.125,0.125,0.06;-1.57,-2.98023e-08,-1.57
-0.125,0.125,0.06;-1.57,-2.98023e-08,-1.57
-0.1274,0.114908,0.0423479;-1.57112,-0.0872746,-1.56993
-0.126983,0.115356,0.0426415;-1.56877,-0.0485093,-1.5788
-0.12222,0.129651,0.0480142;-1.53615,0.00843705,-1.59758
-0.120323,0.174102,0.0589502;-1.75013,0.0709924,-1.58926
-0.126599,0.152758,0.0424171;-1.57079,0.00953048,-1.57437
-0.12635,0.152669,0.0423664;-1.57097,0.00251356,-1.5695
-0.126341,0.152839,0.0423342;-1.57099,0.00170794,-1.57066
-0.127316,0.155384,0.0427454;-1.5692,0.0845683,-1.58283
-0.12091,0.169948,0.0479489;-1.54426,0.141736,-1.6095
-0.112402,0.204924,0.0605734;-1.69189,0.248485,-1.58993
-0.114098,0.217472,0.0542265;-1.70158,0.233581,-1.56432
-0.120488,0.198411,0.0422132;-1.5553,0.184108,-1.58462
-0.120784,0.197814,0.042331;-1.5712,0.157593,-1.57035
-0.12116,0.198336,0.0426817;-1.57066,0.189084,-1.58209
-0.115239,0.207814,0.0467095;-1.55264,0.240691,-1.60667
-0.101484,0.240011,0.0589147;-1.64848,0.345318,-1.58781
-0.0957471,0.267602,0.06231;-1.78591,0.361618,-1.53541
-0.101658,0.254089,0.0544222;-1.72095,0.302244,-1.54212
-0.112038,0.236608,0.0425845;-1.56656,0.267683,-1.579
-0.111826,0.236895,0.04234;-1.57139,0.260726,-1.57073
-0.111281,0.236884,0.042948;-1.56743,0.304168,-1.58643
-0.100331,0.252389,0.0492021;-1.5372,0.367937,-1.61881
-0.0871333,0.281572,0.0570544;-1.72507,0.423957,-1.54293
-0.0879144,0.286875,0.0528349;-1.7142,0.39864,-1.52489
-0.0947325,0.278918,0.0423618;-1.57104,0.393571,-1.56976
-0.0946573,0.279318,0.042385;-1.57114,0.404542,-1.56865
-0.0947083,0.280076,0.042395;-1.57075,0.441676,-1.57328
-0.0715681,0.307316,0.0545089;-1.59397,0.568792,-1.59862
-0.0536295,0.339943,0.06438;-1.82283,0.626186,-1.4733
-0.0528502,0.346725,0.0593349;-1.8039,0.596605,-1.46288
-0.0733462,0.332339,0.04232;-1.57092,0.564267,-1.57041
-0.0734339,0.331594,0.0423217;-1.57083,0.547913,-1.57106
-0.0731422,0.332749,0.0424458;-1.57405,0.575684,-1.56724
-0.0568238,0.344291,0.0498135;-1.49708,0.687635,-1.64164
-0.0304359,0.37192,0.0640337;-1.73837,0.777488,-1.49198
-0.0184859,0.386953,0.0634185;-1.89664,0.740068,-1.38191
-0.0497003,0.359787,0.0425259;-1.54621,0.674266,-1.58529
-0.0503545,0.359615,0.042598;-1.57101,0.651716,-1.56172
-0.0516063,0.358356,0.0426634;-1.57071,0.621559,-1.56016
-0.041114,0.364563,0.0476776;-1.48594,0.700557,-1.62878
-0.0205616,0.380702,0.0608194;-1.45329,0.783968,-1.66011
0.00155277,0.400579,0.071608;-1.76567,0.823532,-1.45475
-0.0119774,0.39545,0.0478323;-1.64646,0.757978,-1.50511
-0.0251344,0.386377,0.0430515;-1.56335,0.698136,-1.55828
-0.0284869,0.383086,0.0428519;-1.56885,0.656058,-1.55703
-0.0214071,0.387558,0.0469728;-1.49474,0.712335,-1.6147
-0.0069603,0.397346,0.0583653;-1.37306,0.773508,-1.70455
0.0136013,0.413439,0.0734506;-1.63869,0.84639,-1.53488
0.00746752,0.417905,0.0480942;-1.6412,0.782832,-1.50511
-0.0029548,0.411882,0.0430489;-1.56255,0.746903,-1.55777
-0.00886424,0.405505,0.0429241;-1.5679,0.686139,-1.55605
-0.00259492,0.409098,0.0465809;-1.49961,0.729641,-1.61223
0.0119103,0.418358,0.0576212;-1.37811,0.791707,-1.70664
0.0329267,0.434803,0.0727594;-1.64953,0.869682,-1.52845
0.0316958,0.439408,0.0501544;-1.69865,0.797456,-1.47346
0.0135905,0.426874,0.0431605;-1.54995,0.748605,-1.5735
0.0114745,0.426022,0.0427219;-1.5696,0.712401,-1.55994
0.0141748,0.42722,0.0429422;-1.54545,0.742683,-1.58636
0.0265,0.434387,0.0508756;-1.45192,0.795317,-1.66734
0.0496056,0.450736,0.0663768;-1.62796,0.884502,-1.55048
0.0591524,0.460341,0.0580026;-1.83628,0.829007,-1.39567
0.0443387,0.446767,0.0468121;-1.66038,0.79319,-1.51176
0.0370088,0.442187,0.0422795;-1.57317,0.764649,-1.56908
0.0369716,0.442107,0.0423296;-1.57083,0.766354,-1.57078
0.037655,0.442047,0.0431606;-1.57024,0.803353,-1.58739
0.0567218,0.452884,0.0510911;-1.50869,0.875541,-1.65001
0.100043,0.490083,0.0630836;-1.93305,0.948427,-1.31734
0.0918397,0.484872,0.0573525;-1.85,0.905258,-1.36997
0.0703137,0.474762,0.0426305;-1.54611,0.887896,-1.59792
0.0701284,0.47489,0.0423369;-1.57111,0.854073,-1.57018
0.070154,0.475417,0.0424237;-1.57105,0.895203,-1.57337
0.0776429,0.477397,0.0451491;-1.55195,0.932952,-1.61074
0.13907,0.512917,0.066621;-2.02942,1.07256,-1.22401
0.148027,0.521298,0.0621895;-2.01515,1.03673,-1.21304
0.131034,0.519315,0.0495758;-1.74651,1.06149,-1.43005
0.121149,0.517896,0.0423437;-1.57166,1.02372,-1.56988
0.121518,0.518881,0.0423314;-1.56929,1.06574,-1.57435
0.125316,0.518395,0.0440132;-1.5571,1.10046,-1.60292
0.188315,0.539882,0.0650558;-2.21107,1.23115,-1.02027
0.204461,0.549377,0.0622688;-2.21871,1.19419,-0.98962
0.190347,0.549676,0.0496505;-1.84132,1.24546,-1.32763
0.179721,0.550762,0.0423675;-1.57289,1.22481,-1.56821
0.180308,0.551625,0.0422745;-1.56338,1.26736,-1.57914
0.183759,0.550788,0.0439635;-1.54978,1.29827,-1.61046
0.249083,0.561423,0.0653871;-2.74533,1.35512,-0.467421
0.266227,0.56815,0.0621179;-2.68107,1.32575,-0.505656
0.252296,0.572065,0.049741;-2.20557,1.42656,-0.955484
0.243571,0.573685,0.0423617;-1.57571,1.41479,-1.56506
0.243982,0.574347,0.0423454;-1.56752,1.45966,-1.57465
0.245625,0.573823,0.042936;-1.51741,1.48258,-1.63924
0.303035,0.569802,0.0620522;2.68899,1.38774,0.404227
0.323058,0.573501,0.0602407;2.8924,1.35406,0.230897
0.313807,0.575783,0.0547277;2.71644,1.42469,0.404547
0.291449,0.579298,0.0423456;-1.61178,1.54184,-1.52916
0.291866,0.578967,0.0424452;-1.62978,1.54645,-1.50938
0.292376,0.579409,0.0424873;1.53293,1.56127,1.60334
0.300845,0.57561,0.0461902;1.29846,1.51427,1.81331
0.366349,0.568425,0.0637472;2.38435,1.28167,0.730456
0.367334,0.570095,0.0574851;2.38389,1.33128,0.748787
0.352526,0.576962,0.0428256;1.52485,1.40153,1.6066
0.351868,0.576924,0.0424324;1.57153,1.42686,1.5734
0.353472,0.576831,0.0423145;1.57166,1.39308,1.56953
0.356624,0.573506,0.0440813;1.49135,1.34965,1.63834
0.413967,0.550024,0.0684605;1.99631,1.15804,1.13392
0.428122,0.546321,0.0606366;2.18325,1.17543,0.975299
0.410569,0.555202,0.0486425;1.83931,1.25984,1.31587
0.395261,0.563679,0.0426532;1.57161,1.36209,1.58042
0.395445,0.563524,0.0429329;1.54711,1.36349,1.60834
0.40167,0.55953,0.0455727;1.40056,1.30748,1.73493
0.446854,0.539016,0.0722323;1.80065,1.16226,1.33442
0.461067,0.535972,0.063754;2.07674,1.17375,1.08435
0.446892,0.545448,0.049703;1.81416,1.23781,1.3524
0.426973,0.556472,0.0428616;1.5636,1.33847,1.593
0.425398,0.557329,0.0436016;1.52444,1.35572,1.63606
0.430215,0.554146,0.0454006;1.42143,1.30519,1.72104
0.464952,0.533566,0.0717733;1.55153,1.16235,1.5804
0.481813,0.527192,0.0706512;1.90116,1.15897,1.25311
0.474468,0.53158,0.0571946;1.8951,1.20508,1.27409
0.452473,0.546975,0.0429066;1.55885,1.28922,1.59728
0.44831,0.548161,0.0428917;1.56099,1.3213,1.59567
0.448639,0.547428,0.0430392;1.53094,1.30758,1.62175
0.476276,0.528827,0.0611596;1.34402,1.15856,1.77386
0.502067,0.516626,0.0718582;1.83534,1.10702,1.30537
0.513353,0.513101,0.0603048;2.08688,1.10803,1.08378
0.484063,0.530683,0.042748;1.56577,1.25408,1.58739
0.482055,0.53142,0.0426121;1.5712,1.29174,1.57956
0.481222,0.531772,0.0425846;1.57123,1.31466,1.57859
0.496851,0.520452,0.0504742;1.36397,1.20697,1.74662
0.527224,0.505352,0.0635489;1.77172,1.11134,1.35386
0.548924,0.497255,0.0635006;2.07896,1.07113,1.07669
0.521325,0.510926,0.0427835;1.53963,1.20075,1.59376
0.521575,0.510965,0.042431;1.57562,1.21599,1.56813
0.521449,0.511048,0.0423407;1.57195,1.21983,1.57033
0.524844,0.507725,0.0442957;1.55406,1.13894,1.5653
0.546786,0.490648,0.0529911;1.56824,1.05604,1.53504
0.581161,0.470914,0.065167;1.91463,0.933147,1.23231
0.582322,0.483942,0.0464867;1.66217,1.00079,1.48264
0.578354,0.48874,0.0423261;1.57142,1.03208,1.57073
0.57767,0.488913,0.0423633;1.57353,1.0467,1.56891
0.579587,0.487076,0.0432938;1.56306,0.964388,1.56155
0.594404,0.469933,0.0501069;1.53054,0.897008,1.56588
0.624611,0.444259,0.0634442;1.82738,0.776528,1.33132
0.634502,0.448902,0.0472096;1.65523,0.820266,1.49726
0.631612,0.455532,0.0422598;1.57084,0.843657,1.57205
0.631395,0.455664,0.0423158;1.57087,0.855794,1.57122
0.632712,0.454619,0.043032;1.56688,0.782612,1.55871
0.641811,0.437233,0.0495646;1.52711,0.717132,1.56358
0.666162,0.406491,0.0623754;1.77796,0.595898,1.394
0.67695,0.404708,0.0521272;1.71594,0.639625,1.46947
0.672842,0.417252,0.0424861;1.57071,0.668394,1.56497
0.672386,0.417341,0.0423763;1.57091,0.677137,1.5722
0.673067,0.417276,0.0424929;1.57021,0.633957,1.56559
0.674513,0.408999,0.0457036;1.55442,0.59129,1.55239
0.687323,0.380236,0.0561874;1.60553,0.493919,1.51406
0.698769,0.350869,0.05812;1.7723,0.4963,1.44647
0.689265,0.369273,0.0447381;1.6059,0.541119,1.54259
0.687858,0.373898,0.0422937;1.57086,0.562914,1.57125
0.684653,0.373684,0.0423304;1.57108,0.617888,1.571
0.684615,0.372567,0.0430794;1.56514,0.589746,1.56058
0.690253,0.354157,0.0488125;1.53861,0.525523,1.5508
0.712476,0.308987,0.062838;1.80899,0.44574,1.42108
0.701697,0.316254,0.0525721;1.70969,0.502476,1.48327
0.690949,0.32947,0.0423798;1.57305,0.533229,1.56509
0.684565,0.331231,0.0423222;1.56891,0.618352,1.57466
0.6834,0.32983,0.0423171;1.57065,0.604763,1.57032
0.68517,0.322975,0.0446584;1.56238,0.568512,1.55374
0.711928,0.271001,0.065649;1.83872,0.451785,1.39919
0.707101,0.27026,0.0589678;1.79097,0.512853,1.43485
0.690903,0.288652,0.0453788;1.6257,0.570583,1.53784
0.684245,0.297707,0.0426219;1.57081,0.646381,1.58022
0.6842,0.296893,0.0425631;1.57099,0.638449,1.5782
0.685523,0.291874,0.0438888;1.54457,0.593852,1.58311
0.70772,0.244665,0.0665503;1.78332,0.45795,1.42993
0.71142,0.235855,0.0604399;1.81774,0.512766,1.42558
0.703649,0.255168,0.0489111;1.66442,0.551461,1.52663
0.689236,0.271825,0.0427992;1.56886,0.629567,1.58522
0.687789,0.272613,0.0430231;1.56267,0.640208,1.59132
0.689672,0.266369,0.0452863;1.52642,0.592117,1.5967
0.689672,0.266369,0.0452863;1.52642,0.592117,1.5967
0.696776,0.24786,0.0571941;1.4567,0.515978,1.62532
0.696776,0.24786,0.0571941;1.4567,0.515978,1.62532
