-0.125,0.125,0.06;-1.57,-2.98023e-08,-1.57
-0.125,0.125,0.06;-1.57,-2.98023e-08,-1.57
-0.125,0.125,0.06;-1.57,-2.98023e-08,-1.57
-0.127359,0.114914,0.0423509;-1.57121,-0.0879604,-1.56983
-0.127012,0.115866,0.0426189;-1.56988,-0.047622,-1.57935
-0.122855,0.130959,0.0479395;-1.53878,0.00769852,-1.59903
-0.120811,0.176082,0.0591209;-1.7482,0.069401,-1.59067
-0.128156,0.151022,0.0422898;-1.57182,-0.000463933,-1.57403
-0.127978,0.150345,0.0423619;-1.57089,-0.0140666,-1.56982
-0.127695,0.149468,0.0424619;-1.57092,-0.0329726,-1.56657
-0.127335,0.151193,0.0427548;-1.57007,0.00713781,-1.58424
-0.121905,0.165635,0.0480002;-1.54888,0.0685842,-1.60826
-0.116023,0.201841,0.0602257;-1.71231,0.165647,-1.59886
-0.120084,0.210675,0.0542853;-1.69655,0.151585,-1.57582
-0.125635,0.19018,0.0425162;-1.56584,0.0974798,-1.58167
-0.126008,0.189647,0.0423476;-1.5717,0.0710204,-1.57045
-0.126365,0.190544,0.0426632;-1.57068,0.0993774,-1.58138
-0.120809,0.201662,0.0468697;-1.55276,0.154159,-1.60626
-0.110814,0.236712,0.0579243;-1.68691,0.254955,-1.59145
-0.107685,0.26341,0.0625908;-1.77738,0.274267,-1.55634
-0.112252,0.249478,0.0545121;-1.71897,0.214884,-1.55509
-0.121074,0.231738,0.0425674;-1.56934,0.18149,-1.57928
-0.120905,0.231675,0.0423301;-1.57104,0.171766,-1.57065
-0.120225,0.232053,0.0430558;-1.56581,0.213583,-1.58734
-0.110039,0.249984,0.0493512;-1.54407,0.280662,-1.61634
-0.0992278,0.281499,0.0578205;-1.72558,0.335673,-1.55541
-0.100416,0.28603,0.0527896;-1.70681,0.310404,-1.54028
-0.107179,0.276988,0.0423726;-1.57099,0.304746,-1.56947
-0.10722,0.277247,0.0423734;-1.57154,0.312961,-1.56957
-0.107496,0.277414,0.0424202;-1.57085,0.341944,-1.57353
-0.0861406,0.306902,0.0544359;-1.6075,0.469242,-1.59657
-0.0717509,0.341265,0.0643383;-1.80854,0.530109,-1.50175
-0.0725833,0.34839,0.0594478;-1.79253,0.508361,-1.4871
-0.0922574,0.331335,0.0422724;-1.5719,0.47682,-1.56856
-0.0924274,0.330824,0.0423276;-1.57063,0.46503,-1.57074
-0.0922412,0.332265,0.0424966;-1.57633,0.496523,-1.56706
-0.0791859,0.343425,0.0481371;-1.54187,0.588873,-1.62328
-0.0555377,0.372661,0.0603415;-1.75548,0.684455,-1.50532
-0.0428338,0.394154,0.0624264;-1.85368,0.684727,-1.4269
-0.0680284,0.376439,0.0424658;-1.57277,0.637386,-1.57776
-0.0679418,0.375969,0.042444;-1.5743,0.623131,-1.56779
-0.0678223,0.376085,0.0423464;-1.57135,0.624169,-1.5695
-0.0624804,0.378818,0.044696;-1.56036,0.697733,-1.60085
-0.0401294,0.396559,0.0532513;-1.59912,0.785253,-1.59221
-0.0142147,0.424872,0.0649828;-1.8814,0.847762,-1.39144
-0.0286827,0.427616,0.0453196;-1.62137,0.833867,-1.54499
-0.0320332,0.42598,0.0423263;-1.57094,0.806991,-1.57108
-0.0321438,0.42544,0.0423263;-1.57049,0.791728,-1.571
-0.0298165,0.427296,0.0432753;-1.56489,0.877948,-1.59158
-0.00916632,0.437164,0.0500133;-1.55444,0.942771,-1.62259
0.0230255,0.458771,0.0636905;-1.92483,1.02139,-1.32327
0.0178627,0.46889,0.0468425;-1.67089,1.01705,-1.49751
0.0122409,0.468012,0.0423327;-1.57156,0.996635,-1.57007
0.0117855,0.467539,0.0423542;-1.57143,0.977958,-1.56976
0.0140577,0.46833,0.043213;-1.56395,1.05366,-1.59275
0.0364657,0.474364,0.0498769;-1.54914,1.1195,-1.62865
0.0724718,0.490361,0.0636983;-2.06503,1.18067,-1.16651
0.0719554,0.500686,0.0486935;-1.75522,1.19309,-1.41597
0.0621224,0.50001,0.0424707;-1.57029,1.15032,-1.57676
0.0620121,0.499504,0.042369;-1.57153,1.13349,-1.56894
0.0625527,0.500287,0.042728;-1.57023,1.1802,-1.584
0.0767471,0.500893,0.047572;-1.50959,1.23649,-1.66391
0.112531,0.509803,0.0597589;-2.09111,1.302,-1.11617
0.125012,0.517387,0.0580176;-2.17527,1.28494,-1.01554
0.105853,0.514647,0.0473376;-1.78648,1.27009,-1.37496
0.0992217,0.514284,0.0423244;-1.57085,1.24802,-1.571
0.0993667,0.514316,0.0423303;-1.57126,1.25351,-1.57039
0.100727,0.513552,0.0434113;-1.55293,1.29317,-1.60554
0.123938,0.513777,0.0503329;-1.47482,1.36843,-1.70404
0.181069,0.526092,0.0629312;-2.73855,1.34538,-0.457458
0.172399,0.526369,0.0573126;-2.45458,1.34982,-0.720875
0.149762,0.528687,0.0430177;-1.50437,1.39764,-1.64698
0.149163,0.529043,0.0423369;-1.57135,1.36969,-1.56996
0.149469,0.529362,0.0424172;-1.57056,1.41036,-1.57375
0.156786,0.526914,0.0453198;-1.47871,1.44949,-1.68851
0.227574,0.526468,0.0665317;2.82923,1.34796,0.256532
0.238865,0.529852,0.0622486;2.97731,1.35466,0.135914
0.222576,0.537588,0.0497848;2.92504,1.4807,0.204283
0.212136,0.540871,0.042352;-1.57403,1.54194,-1.56682
0.212889,0.541068,0.0423209;1.49626,1.56279,1.64458
0.216724,0.538805,0.0441456;1.42568,1.52905,1.69581
0.282706,0.525989,0.0653779;2.30616,1.26769,0.796069
0.298576,0.52606,0.0622026;2.41175,1.28382,0.717984
0.284984,0.53604,0.0499531;2.04881,1.37203,1.08804
0.275648,0.540843,0.0423663;1.57217,1.4399,1.57054
0.276313,0.541431,0.042332;1.57197,1.4007,1.56964
0.280035,0.538877,0.0440934;1.54326,1.36472,1.57781
0.343424,0.51696,0.0654549;2.05553,1.13231,1.06294
0.359395,0.51537,0.0621492;2.11696,1.15256,1.03105
0.347866,0.52648,0.05;1.82396,1.20923,1.319
0.338897,0.533116,0.0423668;1.57077,1.27074,1.57208
0.33922,0.533489,0.0423266;1.56802,1.23495,1.57312
0.340752,0.531979,0.0429467;1.55946,1.2122,1.56513
0.391192,0.501016,0.0624619;1.88936,1.01434,1.24375
0.408949,0.494858,0.0599742;1.97215,1.0233,1.19853
0.402392,0.500061,0.055152;1.83673,1.03943,1.31478
0.384663,0.512714,0.0423746;1.57304,1.13517,1.56996
0.385171,0.512747,0.0424384;1.57661,1.11442,1.56728
0.385621,0.513081,0.0425385;1.5705,1.07513,1.56442
0.39138,0.505046,0.0463762;1.54095,1.02859,1.56522
0.447625,0.465672,0.0630044;1.87402,0.844602,1.29208
0.449798,0.468358,0.0577049;1.84819,0.885808,1.33198
0.43902,0.4856,0.0427737;1.55728,0.915575,1.57024
0.438588,0.485942,0.0423295;1.57094,0.946949,1.57077
0.439759,0.485558,0.0423367;1.57158,0.902654,1.57012
0.441251,0.482136,0.04379;1.56407,0.867835,1.55734
0.484698,0.43348,0.0647464;1.8188,0.672919,1.35475
0.497564,0.425351,0.0607503;1.84244,0.699686,1.3662
0.492352,0.441708,0.0474874;1.65173,0.723514,1.50523
0.489767,0.447166,0.0423532;1.57163,0.76114,1.57066
0.490907,0.446815,0.0423214;1.57106,0.717852,1.57034
0.491236,0.444183,0.0434219;1.56571,0.683256,1.55754
0.523765,0.389937,0.063896;1.78195,0.497964,1.41032
0.536442,0.378051,0.0606744;1.807,0.52518,1.42255
0.533932,0.393459,0.047616;1.64395,0.546724,1.52086
0.532286,0.400251,0.0423363;1.57092,0.578257,1.57096
0.532954,0.399755,0.0423987;1.57308,0.546206,1.57038
0.532835,0.398739,0.0429409;1.56696,0.512628,1.55866
0.549602,0.344394,0.0614512;1.73415,0.345978,1.46275
0.561652,0.323163,0.0618572;1.79541,0.329212,1.46046
0.561245,0.335601,0.0541407;1.72136,0.362631,1.49979
0.560618,0.352258,0.0423718;1.57103,0.412923,1.57205
0.560746,0.352073,0.0423586;1.57144,0.410032,1.57127
0.561358,0.351814,0.0423787;1.57095,0.370661,1.56908
0.563881,0.316799,0.0536539;1.59538,0.244025,1.52347
0.575004,0.27891,0.0645299;1.76998,0.150062,1.48459
0.581033,0.268672,0.0599273;1.77212,0.169339,1.50869
0.585187,0.292225,0.0423372;1.57094,0.209618,1.57
0.585086,0.292668,0.0423324;1.5709,0.222264,1.57081
0.58536,0.291994,0.0424251;1.57321,0.20052,1.57134
0.581922,0.275835,0.0478235;1.54831,0.10862,1.53701
0.581877,0.238714,0.0595207;1.70391,0.00463914,1.52075
0.586191,0.210404,0.0622648;1.77687,-0.028435,1.53478
0.594761,0.234696,0.0428486;1.56211,0.0227086,1.5615
0.594466,0.234287,0.0423565;1.57073,0.0485814,1.57165
0.594446,0.234201,0.0423482;1.57124,0.0520693,1.57132
0.592431,0.229221,0.04437;1.56376,-0.0260744,1.54867
0.585955,0.201519,0.0525696;1.5964,-0.111177,1.532
0.582564,0.161708,0.064899;1.7734,-0.208105,1.5547
0.594464,0.163736,0.0467296;1.62348,-0.174423,1.56847
0.598388,0.169668,0.0422669;1.57075,-0.150343,1.57167
0.598484,0.170292,0.0423271;1.57082,-0.13358,1.57073
0.597039,0.167311,0.0433655;1.56694,-0.210966,1.55288
0.586938,0.146457,0.0500984;1.57055,-0.280031,1.53168
0.57569,0.109499,0.0637873;1.7679,-0.380516,1.58656
0.58524,0.104108,0.0472642;1.63258,-0.350591,1.58018
0.588754,0.108147,0.0422882;1.57086,-0.328675,1.57166
0.58876,0.108873,0.0423391;1.5713,-0.31111,1.57121
0.587632,0.107118,0.0431623;1.56818,-0.379974,1.55374
0.573842,0.0898207,0.0496606;1.54829,-0.446601,1.52267
0.555197,0.0543565,0.0628778;1.77214,-0.543351,1.62121
0.557676,0.0416089,0.0518519;1.7009,-0.529949,1.62225
0.568951,0.0509071,0.0423853;1.57092,-0.511714,1.56565
0.568836,0.0514418,0.0423603;1.57092,-0.497819,1.57189
0.568774,0.0511024,0.04249;1.57048,-0.538982,1.56539
0.560751,0.0460407,0.0459065;1.5558,-0.586358,1.5331
0.537076,0.0217481,0.0560282;1.6599,-0.683344,1.58268
0.516071,-0.0144013,0.0584953;1.81168,-0.719055,1.70625
0.532026,-0.00612149,0.0447751;1.60956,-0.719786,1.58569
0.534806,-0.00469942,0.0423305;1.57077,-0.694558,1.57074
0.53481,-0.00545372,0.0423931;1.57359,-0.719758,1.57295
0.533972,-0.00549472,0.0428856;1.56933,-0.75452,1.55491
0.516649,-0.0150037,0.049074;1.53476,-0.818562,1.50639
0.469609,-0.0580289,0.0614718;1.9148,-0.915232,1.81086
0.480044,-0.0545596,0.0537034;1.78932,-0.904768,1.72761
0.495743,-0.0495624,0.0425189;1.56536,-0.893142,1.5579
0.495511,-0.0493241,0.042359;1.57118,-0.87913,1.57218
0.495912,-0.0499378,0.0424143;1.57052,-0.92174,1.56784
0.488641,-0.0515851,0.0452856;1.55371,-0.959132,1.53061
0.428242,-0.0859721,0.0641202;2.01605,-1.09646,1.91717
0.42272,-0.0932813,0.0592584;1.97675,-1.06894,1.90707
0.440795,-0.0918013,0.0450471;1.6419,-1.09776,1.62346
0.446133,-0.0909113,0.0423296;1.57096,-1.06257,1.57101
0.4455,-0.0920127,0.0423255;1.57065,-1.10939,1.57053
0.443058,-0.091598,0.0433088;1.56556,-1.14411,1.54958
0.382042,-0.109513,0.0637689;2.21589,-1.26348,2.13555
0.36762,-0.119069,0.0603881;2.22052,-1.22892,2.16598
0.384232,-0.121273,0.047309;1.78112,-1.28321,1.76132
0.389935,-0.121659,0.0423284;1.57049,-1.25526,1.57051
0.388855,-0.122116,0.0423196;1.5697,-1.29186,1.56919
0.386791,-0.121426,0.0434323;1.55641,-1.32746,1.54037
0.386791,-0.121426,0.0434323;1.55641,-1.32746,1.54037
0.363574,-0.120766,0.0503092;1.53801,-1.39749,1.49942
0.363574,-0.120766,0.0503092;1.53801,-1.39749,1.49942
