-0.125,0.125,0.06;-1.57,-2.98023e-08,-1.57
-0.125,0.125,0.06;-1.57,-2.98023e-08,-1.57
-0.125,0.125,0.06;-1.57,-2.98023e-08,-1.57
-0.127429,0.114647,0.042346;-1.57123,-0.0881498,-1.57006
-0.127031,0.115538,0.0425994;-1.56782,-0.0511296,-1.57864
-0.122822,0.130435,0.0478494;-1.5396,0.00567031,-1.59923
-0.120631,0.175302,0.0581061;-1.73765,0.0711592,-1.58832
-0.125783,0.15336,0.0422856;-1.57068,-0.00542944,-1.57068
-0.125348,0.152882,0.0424075;-1.57269,-0.0255464,-1.5699
-0.125213,0.152495,0.0423396;-1.57111,-0.0376491,-1.57004
-0.12488,0.155469,0.042624;-1.57046,0.0319673,-1.58052
-0.119571,0.16864,0.0475583;-1.54568,0.0927848,-1.60471
-0.112561,0.203859,0.0597472;-1.68702,0.192995,-1.59643
-0.115818,0.215026,0.0530279;-1.6851,0.165299,-1.57256
-0.120609,0.194541,0.0422959;-1.55107,0.107071,-1.58061
-0.120916,0.19487,0.0423674;-1.57152,0.0706893,-1.56884
-0.121136,0.196133,0.0425501;-1.57074,0.0925784,-1.57773
-0.116388,0.205204,0.04631;-1.55327,0.145322,-1.60148
-0.107205,0.238213,0.0577246;-1.63902,0.246664,-1.59577
-0.105089,0.265929,0.0616061;-1.7675,0.26791,-1.55754
-0.109196,0.250367,0.0532742;-1.70679,0.203827,-1.55606
-0.116981,0.232059,0.0424565;-1.56774,0.159909,-1.57692
-0.116804,0.232185,0.0423326;-1.57092,0.148468,-1.57052
-0.116063,0.232414,0.0428596;-1.56651,0.193952,-1.58376
-0.106726,0.249541,0.0487723;-1.53694,0.257562,-1.61259
-0.0972443,0.280682,0.0562313;-1.71186,0.311726,-1.56117
-0.098695,0.285397,0.0513831;-1.69181,0.281124,-1.54516
-0.103544,0.277301,0.0424133;-1.57258,0.269567,-1.5694
-0.103512,0.277595,0.0423516;-1.5715,0.281585,-1.56925
-0.103481,0.27853,0.0423547;-1.57079,0.325795,-1.57158
-0.0838002,0.305198,0.054167;-1.56435,0.4509,-1.6093
-0.0697501,0.3394,0.0635204;-1.79608,0.514334,-1.50815
-0.0692136,0.347522,0.0584385;-1.77986,0.480437,-1.49513
-0.0864622,0.330479,0.0423101;-1.57054,0.440005,-1.57048
-0.0864827,0.329942,0.0423332;-1.57093,0.425243,-1.57064
-0.0857616,0.331744,0.0424523;-1.57333,0.46263,-1.5677
-0.0746961,0.341622,0.0478057;-1.53848,0.552064,-1.61965
-0.052943,0.370059,0.0605185;-1.6906,0.65335,-1.5433
-0.0401167,0.394074,0.0619432;-1.83467,0.651641,-1.44466
-0.0616194,0.376001,0.0421787;-1.57216,0.596608,-1.57477
-0.0615837,0.375395,0.0424203;-1.57195,0.573716,-1.56787
-0.0615256,0.375586,0.0423405;-1.57097,0.572289,-1.5702
-0.0569323,0.377992,0.0442459;-1.56093,0.65112,-1.5956
-0.0366043,0.395748,0.0528347;-1.55102,0.734237,-1.61925
-0.0118988,0.425227,0.0641564;-1.85233,0.800795,-1.4199
-0.0251201,0.426893,0.0433964;-1.5911,0.770503,-1.56536
-0.0264947,0.426423,0.042328;-1.5706,0.741753,-1.571
-0.0266138,0.425608,0.0423322;-1.57089,0.718758,-1.57074
-0.0250123,0.427378,0.0430336;-1.56246,0.80771,-1.58992
-0.00630024,0.437347,0.0493652;-1.52999,0.869955,-1.636
0.0237151,0.461305,0.0623679;-1.86573,0.954086,-1.38298
0.0197073,0.47106,0.0450845;-1.62918,0.935725,-1.53286
0.0153146,0.47007,0.0423288;-1.57109,0.914928,-1.57048
0.0150372,0.469283,0.0423478;-1.57163,0.895105,-1.56984
0.01745,0.470998,0.0430043;-1.56061,0.980839,-1.59236
0.0374807,0.477994,0.0492916;-1.52199,1.04256,-1.64678
0.0717094,0.496601,0.0623054;-1.96685,1.11662,-1.26571
0.0710692,0.50654,0.0470547;-1.68845,1.11627,-1.47874
0.0623009,0.504981,0.0423482;-1.57104,1.06966,-1.57188
0.0618326,0.504585,0.0423933;-1.57366,1.05301,-1.56732
0.0627485,0.505909,0.0426185;-1.57059,1.10823,-1.58013
0.0760724,0.507555,0.0472648;-1.51275,1.16338,-1.65493
0.110961,0.518208,0.0593979;-1.8921,1.25131,-1.31058
0.124073,0.526972,0.0569966;-2.02526,1.21926,-1.168
0.103076,0.520596,0.0458237;-1.6967,1.1824,-1.46148
0.0965439,0.519499,0.0423168;-1.57116,1.14284,-1.57082
0.0966634,0.519548,0.0423311;-1.57091,1.14381,-1.57067
0.09796,0.518697,0.043193;-1.55592,1.18582,-1.59855
0.120209,0.521146,0.0499302;-1.45754,1.25737,-1.71268
0.17458,0.53964,0.0626764;-2.35911,1.28559,-0.846962
0.166336,0.537947,0.0563493;-2.13231,1.2636,-1.04913
0.141912,0.536959,0.0428363;-1.51743,1.26796,-1.62778
0.141307,0.537062,0.0423329;-1.57159,1.22657,-1.56987
0.141837,0.537477,0.0423483;-1.57231,1.26832,-1.57046
0.147941,0.536247,0.0448758;-1.53178,1.30397,-1.63008
0.215617,0.547024,0.0659993;-2.78327,1.35113,-0.427028
0.228113,0.552645,0.0615781;-2.63277,1.3318,-0.550755
0.21103,0.556793,0.048348;-2.06044,1.41294,-1.09637
0.202567,0.558223,0.0423991;-1.58165,1.38165,-1.55951
0.203737,0.558571,0.0423147;-1.56788,1.42061,-1.57457
0.207034,0.557079,0.0437359;-1.51161,1.46021,-1.64578
0.273499,0.555982,0.064724;2.77416,1.36558,0.314349
0.291099,0.559772,0.0615527;2.94237,1.35831,0.173097
0.276235,0.56607,0.0485316;2.83638,1.49145,0.295539
0.26766,0.569211,0.0423818;-1.60029,1.54534,-1.54037
0.268679,0.569743,0.0423146;1.54658,1.55252,1.59361
0.271436,0.567921,0.0437281;1.45366,1.51653,1.67154
0.336197,0.556557,0.0646956;2.26048,1.26551,0.843589
0.35371,0.557211,0.0615677;2.37053,1.2781,0.761989
0.340106,0.565822,0.0485623;1.94816,1.36654,1.18929
0.331943,0.570183,0.042397;1.57799,1.42776,1.56479
0.333234,0.570459,0.0423282;1.57338,1.38406,1.5677
0.333456,0.570114,0.0428144;1.55307,1.36289,1.57594
0.384485,0.549152,0.0618464;1.9574,1.16736,1.15951
0.40504,0.547148,0.0595515;2.10575,1.1687,1.04913
0.396768,0.552157,0.0539266;1.91145,1.19731,1.23013
0.375711,0.56179,0.0423604;1.57968,1.30984,1.56392
0.376506,0.561635,0.0424444;1.57538,1.29672,1.56936
0.377316,0.561733,0.0423735;1.57027,1.25417,1.56817
0.383404,0.555869,0.0458179;1.52939,1.20988,1.58342
0.443357,0.528592,0.0630895;1.9607,1.02585,1.18648
0.445606,0.530254,0.056803;1.93165,1.07457,1.23244
0.430606,0.544281,0.0424864;1.5355,1.12153,1.59423
0.429895,0.544843,0.0423326;1.57133,1.15854,1.57041
0.431986,0.544472,0.0423121;1.57074,1.10285,1.57033
0.433292,0.542095,0.0434125;1.56086,1.06814,1.56472
0.484085,0.503131,0.0636923;1.86043,0.869509,1.29049
0.499477,0.49749,0.0602633;1.90048,0.897075,1.28488
0.490267,0.5131,0.045868;1.64528,0.92853,1.5022
0.48688,0.517472,0.0423526;1.57171,0.975259,1.57034
0.488463,0.517183,0.0423325;1.57091,0.923184,1.57086
0.488981,0.515545,0.04312;1.56338,0.881963,1.56247
0.529566,0.469848,0.062875;1.8029,0.69501,1.36414
0.544657,0.459335,0.0602815;1.84293,0.719917,1.36324
0.538524,0.474143,0.046264;1.63783,0.749014,1.51585
0.53528,0.479899,0.0423673;1.57255,0.797208,1.56997
0.536236,0.479668,0.042404;1.57279,0.766885,1.57093
0.536338,0.479054,0.0427309;1.56791,0.726472,1.56142
0.56341,0.432842,0.0612702;1.71307,0.556316,1.44673
0.580782,0.413416,0.061939;1.81745,0.54027,1.40581
0.576623,0.423652,0.0532108;1.73198,0.590044,1.46701
0.570702,0.440164,0.0424247;1.57198,0.647859,1.57223
0.57088,0.440025,0.0423628;1.57177,0.64818,1.5709
0.571703,0.439376,0.0423197;1.5703,0.603824,1.57104
0.581016,0.408996,0.0532082;1.5494,0.481999,1.5459
0.600774,0.375459,0.0639625;1.79276,0.389029,1.4321
0.608211,0.367438,0.0595079;1.78542,0.420568,1.45656
0.603279,0.392587,0.042278;1.57058,0.491093,1.57147
0.602686,0.392946,0.0423405;1.57173,0.510072,1.5703
0.603647,0.392022,0.0424363;1.57339,0.482197,1.57115
0.604943,0.37727,0.0474768;1.54295,0.387245,1.55046
0.6146,0.343018,0.0596907;1.66263,0.279618,1.50173
0.62678,0.316303,0.0624685;1.78338,0.248832,1.477
0.62563,0.343588,0.0426013;1.56124,0.325913,1.56781
0.625565,0.343398,0.0424006;1.57102,0.34938,1.57301
0.625517,0.343546,0.0423358;1.57101,0.355864,1.57094
0.624991,0.339143,0.043998;1.56358,0.276221,1.55515
0.626129,0.312794,0.0522634;1.55664,0.198906,1.53846
0.634025,0.273849,0.0642564;1.76588,0.10345,1.49453
0.643568,0.27913,0.0451633;1.60714,0.14995,1.5565
0.644061,0.284093,0.0423102;1.57099,0.177371,1.5711
0.64371,0.284751,0.042333;1.57083,0.199538,1.57083
0.643595,0.281874,0.0431658;1.56636,0.119086,1.55818
0.640796,0.260131,0.0498558;1.54332,0.0563086,1.53832
0.642193,0.220782,0.0626963;1.74823,-0.0521014,1.52388
0.6518,0.217517,0.0457876;1.6142,-0.0110862,1.56218
0.653361,0.221547,0.0423122;1.57059,0.013592,1.57124
0.653105,0.22207,0.042352;1.57112,0.0328937,1.57119
0.65265,0.219155,0.0429822;1.56668,-0.0451397,1.55828
0.64682,0.200355,0.0492088;1.538,-0.108379,1.53382
0.641067,0.162725,0.0620551;1.73422,-0.215875,1.55042
0.647447,0.15334,0.0509881;1.67848,-0.173226,1.57828
0.65335,0.164036,0.0422978;1.57238,-0.145487,1.57015
0.653198,0.164543,0.0424067;1.5721,-0.126584,1.57223
0.653245,0.16358,0.0424024;1.5708,-0.167533,1.56852
0.6487,0.157938,0.045361;1.55631,-0.207118,1.54323
0.637284,0.129752,0.0557022;1.58584,-0.303553,1.53855
0.631046,0.0888471,0.0578958;1.76072,-0.329806,1.61046
0.64296,0.105563,0.043159;1.58444,-0.313942,1.56691
0.643887,0.106906,0.0423182;1.57066,-0.288413,1.57104
0.64371,0.105752,0.0424076;1.57263,-0.31959,1.57234
0.643321,0.105632,0.0428213;1.56598,-0.354838,1.55781
0.632681,0.0926839,0.0486733;1.5344,-0.41206,1.52303
0.606958,0.0365232,0.0618088;1.8128,-0.513881,1.65603
0.615112,0.0457668,0.0529276;1.71681,-0.48099,1.6254
0.626559,0.0578606,0.0421751;1.57691,-0.453184,1.56932
0.626473,0.0584975,0.0423616;1.57115,-0.432288,1.57209
0.626435,0.0576729,0.0423518;1.57082,-0.477123,1.57013
0.621645,0.054341,0.0448188;1.55921,-0.514104,1.54365
0.583578,-0.00133688,0.0641598;1.82687,-0.670298,1.6792
0.581053,-0.0102674,0.0589765;1.80681,-0.636325,1.68995
0.59794,0.000808206,0.0432783;1.58761,-0.636237,1.57237
0.598823,0.00202452,0.0423297;1.57091,-0.597917,1.57084
0.598547,3.44463e-05,0.0423164;1.57169,-0.656785,1.57026
0.596089,-0.000739101,0.043155;1.56386,-0.70074,1.5525
0.549631,-0.0417647,0.0630121;1.84277,-0.858307,1.72278
0.539221,-0.05653,0.0602421;1.87124,-0.822956,1.76865
0.554389,-0.050473,0.045799;1.63524,-0.833465,1.60926
0.560831,-0.0471856,0.0423494;1.57134,-0.792411,1.57143
0.560256,-0.048507,0.0423248;1.5712,-0.835105,1.57117
0.55851,-0.0486789,0.0431339;1.56263,-0.871772,1.55098
0.55851,-0.0486789,0.0431339;1.56263,-0.871772,1.55098
0.538988,-0.0577341,0.0498323;1.5202,-0.935945,1.49594
0.538988,-0.0577341,0.0498323;1.5202,-0.935945,1.49594
