-0.125,0.125,0.06;-1.57,-2.98023e-08,-1.57
-0.125,0.125,0.06;-1.57,-2.98023e-08,-1.57
-0.125,0.125,0.06;-1.57,-2.98023e-08,-1.57
-0.127182,0.114952,0.0423624;-1.57121,-0.0979612,-1.5694
-0.126807,0.115209,0.0426426;-1.56852,-0.0616239,-1.5787
-0.122779,0.129402,0.0478483;-1.54056,-0.00663396,-1.59922
-0.121302,0.17251,0.0590506;-1.76384,0.0385411,-1.58232
-0.133223,0.138453,0.0430549;-1.56196,-0.0378102,-1.55602
-0.133746,0.137086,0.0426051;-1.57095,-0.0574949,-1.56187
-0.133739,0.135022,0.0425271;-1.57083,-0.112265,-1.56444
-0.133838,0.135833,0.042825;-1.56833,-0.0869209,-1.5842
-0.130114,0.15114,0.0481503;-1.54785,-0.0334549,-1.60724
-0.128297,0.187734,0.0606163;-1.71333,0.0734869,-1.61373
-0.134767,0.200014,0.0547182;-1.70125,0.0660221,-1.58558
-0.138575,0.181122,0.0428162;-1.57632,0.0157864,-1.58042
-0.13915,0.178294,0.042478;-1.57078,-0.00102115,-1.56544
-0.138585,0.181433,0.0430167;-1.55678,0.0324132,-1.5643
-0.133224,0.193713,0.0494191;-1.51115,0.0916921,-1.59552
-0.126591,0.223178,0.0606873;-1.65814,0.180039,-1.59792
-0.125827,0.249325,0.0626897;-1.77638,0.195582,-1.57134
-0.12912,0.236362,0.0549802;-1.72269,0.139034,-1.56633
-0.137292,0.217446,0.0423687;-1.56935,0.107431,-1.58122
-0.137396,0.217246,0.0423343;-1.57095,0.108117,-1.57094
-0.136572,0.217722,0.0429672;-1.5622,0.149139,-1.58415
-0.127304,0.236342,0.0542985;-1.46665,0.223754,-1.60752
-0.11958,0.261291,0.0629274;-1.66327,0.267072,-1.56725
-0.118238,0.266376,0.0525504;-1.70723,0.218649,-1.54897
-0.12357,0.254536,0.0423659;-1.57089,0.209353,-1.56957
-0.123647,0.255385,0.0424174;-1.57304,0.23169,-1.56935
-0.124536,0.255543,0.0424579;-1.57101,0.271679,-1.57468
-0.10576,0.285343,0.054804;-1.59914,0.399523,-1.60244
-0.0937927,0.320367,0.0645985;-1.82711,0.445709,-1.50646
-0.0943425,0.322933,0.0592219;-1.79371,0.40634,-1.49855
-0.11869,0.296243,0.0429147;-1.56574,0.361503,-1.55863
-0.119248,0.295791,0.042554;-1.57093,0.343691,-1.56363
-0.119502,0.295982,0.0423819;-1.57267,0.341997,-1.57019
-0.10721,0.309637,0.048331;-1.5442,0.433532,-1.61964
-0.0874748,0.343035,0.0605584;-1.7471,0.535487,-1.53308
-0.0778979,0.366428,0.0629955;-1.83525,0.533582,-1.47021
-0.100207,0.343677,0.0423597;-1.56872,0.488858,-1.58162
-0.100195,0.342843,0.0425142;-1.57076,0.468385,-1.56461
-0.100819,0.341407,0.0427651;-1.56889,0.446228,-1.55948
-0.0902187,0.349275,0.0478229;-1.49684,0.530388,-1.61383
-0.0719241,0.369819,0.0576269;-1.55191,0.61524,-1.60814
-0.0532483,0.400559,0.0644775;-1.84068,0.659106,-1.4566
-0.0681753,0.395962,0.0459157;-1.62256,0.621654,-1.55208
-0.0733503,0.392998,0.0422855;-1.57151,0.601218,-1.57033
-0.073639,0.392581,0.0423308;-1.571,0.595713,-1.57049
-0.0722859,0.393961,0.0432702;-1.56081,0.675744,-1.59054
-0.053288,0.407485,0.0553073;-1.44442,0.750759,-1.67155
-0.0296982,0.429885,0.0721943;-1.71112,0.823799,-1.48887
-0.0339298,0.429175,0.0477918;-1.67337,0.748799,-1.50333
-0.0425114,0.423877,0.0422709;-1.57175,0.733268,-1.56984
-0.0428451,0.423544,0.0423536;-1.57097,0.719946,-1.57003
-0.0408476,0.425067,0.0432708;-1.56895,0.795813,-1.58924
-0.0227147,0.434979,0.049856;-1.54886,0.859499,-1.62745
0.00766788,0.460358,0.0640875;-1.88051,0.94641,-1.37496
0.0061114,0.469531,0.0483624;-1.6983,0.943447,-1.47441
-0.00705684,0.465619,0.0429363;-1.54562,0.902224,-1.5854
-0.0076082,0.466149,0.0428499;-1.56684,0.892581,-1.55976
-0.00462718,0.466181,0.0426479;-1.57047,0.955282,-1.58113
0.0101785,0.470871,0.0479649;-1.52952,1.01365,-1.6435
0.0458227,0.488445,0.0603375;-1.89053,1.09812,-1.33405
0.0552442,0.497063,0.0582822;-1.9314,1.08491,-1.27898
0.0391832,0.489903,0.0479493;-1.70874,1.05013,-1.46181
0.0316776,0.48797,0.0423412;-1.57123,1.02046,-1.57068
0.0315907,0.4879,0.0426324;-1.57109,1.02224,-1.56085
0.0371015,0.488515,0.0451508;-1.48973,1.06895,-1.64412
0.0543778,0.492234,0.0574079;-1.30371,1.12686,-1.81921
0.0969258,0.510278,0.0629615;-2.11464,1.14397,-1.11349
0.0872142,0.506493,0.0582765;-1.97694,1.12064,-1.22436
0.0655018,0.501637,0.0426862;-1.54944,1.11992,-1.60035
0.0657819,0.501885,0.0423505;-1.57247,1.10301,-1.56894
0.0651089,0.502283,0.0424383;-1.56929,1.15057,-1.57624
0.0731383,0.502084,0.0456781;-1.51433,1.19177,-1.64396
0.133569,0.515705,0.0727639;-2.19643,1.29409,-0.995059
0.143168,0.517885,0.0621604;-2.30922,1.21254,-0.889009
0.126515,0.515706,0.0513388;-1.93931,1.24674,-1.2216
0.109436,0.514136,0.0423585;-1.57133,1.21099,-1.56922
0.109518,0.51475,0.0423554;-1.56936,1.24361,-1.57345
0.114065,0.513995,0.0441467;-1.55466,1.27775,-1.60761
0.179664,0.52477,0.0660713;-2.66107,1.34698,-0.553425
0.195982,0.530204,0.0619323;-2.6065,1.31483,-0.583791
0.182906,0.533283,0.0494353;-2.16798,1.40777,-0.985786
0.170319,0.537352,0.0427803;-1.55882,1.40556,-1.56908
0.172021,0.537012,0.0424869;-1.5729,1.43209,-1.56349
0.177824,0.534887,0.0440465;-1.46953,1.47736,-1.68693
0.247646,0.533512,0.0660557;2.7086,1.34265,0.379527
0.261713,0.536615,0.06239;2.84819,1.34472,0.266425
0.248535,0.542776,0.0502389;2.54418,1.46301,0.583843
0.239733,0.546385,0.0423566;1.57624,1.5482,1.56606
0.240744,0.546514,0.042327;1.56555,1.50099,1.57605
0.24446,0.544517,0.0442466;1.30499,1.4675,1.83166
0.285955,0.529553,0.0723677;1.72592,1.32141,1.4033
0.302825,0.527012,0.0614248;2.40924,1.28308,0.730792
0.295212,0.52792,0.055691;2.25824,1.33391,0.871109
0.2719,0.535782,0.0423639;1.58195,1.45519,1.55988
0.27329,0.535962,0.0424407;1.58561,1.41924,1.55857
0.273427,0.536314,0.042575;1.56976,1.38405,1.56398
0.281709,0.530589,0.0465345;1.48138,1.33975,1.63015
0.338256,0.510523,0.0663936;2.11089,1.16755,1.03748
0.340497,0.514669,0.0586743;2.17182,1.19721,0.998775
0.319098,0.529405,0.0442208;1.64582,1.26822,1.50811
0.31221,0.532866,0.0423534;1.5708,1.37756,1.57248
0.312322,0.532917,0.0423283;1.57142,1.3578,1.57014
0.315429,0.530201,0.0438056;1.5576,1.32653,1.56379
0.375843,0.504413,0.0653464;2.02165,1.10762,1.10331
0.391279,0.50257,0.0615238;2.08127,1.12437,1.07553
0.380559,0.514109,0.0474012;1.73355,1.16535,1.41253
0.374799,0.519839,0.0427331;1.56724,1.19407,1.58654
0.37577,0.518287,0.042876;1.5576,1.175,1.5968
0.379917,0.513296,0.0441812;1.52104,1.12109,1.60789
0.436203,0.476221,0.064819;1.89296,0.915571,1.25251
0.449843,0.471873,0.0612784;1.9345,0.940565,1.2433
0.440764,0.485403,0.0482412;1.69137,0.973954,1.45691
0.436233,0.491737,0.0423366;1.57089,1.00935,1.57095
0.436821,0.491428,0.0423725;1.57125,0.983208,1.57207
0.43769,0.488957,0.0433214;1.54189,0.940552,1.58974
0.466981,0.453322,0.0720864;1.61039,0.792826,1.52956
0.480861,0.440916,0.06658;1.83964,0.790238,1.34731
0.477067,0.442981,0.054354;1.78844,0.842548,1.39135
0.467006,0.457027,0.0424083;1.57403,0.878769,1.5688
0.467256,0.457023,0.042347;1.57165,0.867211,1.57062
0.467471,0.457413,0.0423912;1.57105,0.829215,1.56864
0.485034,0.427868,0.0541371;1.60007,0.710997,1.51565
0.5104,0.398926,0.0659878;1.84548,0.623437,1.3602
0.515982,0.395064,0.060799;1.86421,0.665266,1.37053
0.499965,0.433372,0.0428635;1.56671,0.757406,1.58764
0.498886,0.435094,0.0425126;1.57094,0.787216,1.57653
0.498961,0.435293,0.0423979;1.57394,0.793986,1.56866
0.503847,0.421372,0.0479393;1.53954,0.708455,1.55434
0.523767,0.391031,0.0604963;1.71384,0.593993,1.44058
0.543209,0.370013,0.0637244;1.83064,0.56426,1.38872
0.53415,0.397588,0.0426536;1.55393,0.637966,1.57478
0.534531,0.397779,0.0425754;1.57076,0.644668,1.57859
0.533791,0.399431,0.0428465;1.56788,0.666382,1.58673
0.536361,0.3865,0.0458013;1.52621,0.584304,1.58615
0.547469,0.359042,0.0560243;1.58369,0.49502,1.53169
0.567471,0.32727,0.065403;1.79297,0.404863,1.42433
0.573264,0.339659,0.0474418;1.63727,0.461246,1.52841
0.572038,0.345415,0.0423246;1.57078,0.486678,1.57037
0.571848,0.345648,0.0423586;1.57094,0.495686,1.57159
0.57216,0.341654,0.0441748;1.54395,0.412494,1.57488
0.574733,0.320498,0.0575516;1.44361,0.328963,1.60545
0.582428,0.29245,0.074293;1.63878,0.261735,1.53656
0.584018,0.293454,0.0475503;1.64113,0.332194,1.53938
0.583251,0.302536,0.0422776;1.57157,0.348479,1.57091
0.583325,0.302693,0.0423497;1.57116,0.350211,1.57142
0.583659,0.299441,0.043314;1.56623,0.270703,1.55521
0.583279,0.277327,0.0496565;1.5543,0.200499,1.53493
0.589131,0.238557,0.0634999;1.76716,0.0923757,1.49406
0.591659,0.24224,0.0529149;1.70262,0.166602,1.54973
0.596754,0.266001,0.0431565;1.55205,0.209816,1.58244
0.597045,0.266281,0.0428481;1.56772,0.220994,1.58504
0.597623,0.267386,0.0425947;1.57111,0.203939,1.56275
0.595248,0.258172,0.046126;1.55693,0.156787,1.54235
0.594106,0.224316,0.0564149;1.64415,0.0566203,1.5211
0.601338,0.186761,0.0597445;1.76313,0.0278853,1.54064
0.607678,0.20654,0.0455113;1.60719,0.0472484,1.55732
0.60883,0.210409,0.0423103;1.57048,0.0684042,1.57144
0.608472,0.2112,0.0430854;1.56177,0.0788078,1.58667
0.605975,0.204987,0.0450247;1.5321,0.0240199,1.56961
0.600387,0.185025,0.0540204;1.47503,-0.047931,1.55204
0.595966,0.132683,0.0634362;1.80364,-0.115648,1.56025
0.599543,0.147277,0.0544837;1.71439,-0.0753402,1.56526
0.606798,0.165984,0.0422956;1.57401,-0.0457598,1.56212
0.606563,0.16633,0.042363;1.57092,-0.0333991,1.57195
0.606752,0.166344,0.0423589;1.57233,-0.0738637,1.56833
0.602669,0.159775,0.0466512;1.52808,-0.117435,1.55321
0.587432,0.10638,0.0739815;1.69095,-0.241727,1.5813
0.58649,0.102938,0.0618614;1.76544,-0.196839,1.59411
0.591876,0.12097,0.0455766;1.61637,-0.165715,1.57185
0.594227,0.126248,0.0423303;1.57091,-0.141038,1.57093
0.594685,0.125073,0.0423085;1.56975,-0.18635,1.57003
0.592994,0.123318,0.0435543;1.566,-0.219159,1.55109
0.570102,0.0642842,0.0641837;1.78717,-0.390413,1.59524
0.566788,0.0505153,0.0612029;1.80694,-0.347779,1.6282
0.579195,0.0656417,0.0483662;1.6496,-0.336913,1.60023
0.589025,0.0765488,0.0427881;1.56922,-0.29205,1.58344
0.588516,0.0761192,0.0424763;1.57112,-0.300488,1.5758
0.586664,0.0748894,0.0434093;1.56985,-0.340415,1.55195
0.586664,0.0748894,0.0434093;1.56985,-0.340415,1.55195
0.572834,0.0535066,0.0505369;1.56932,-0.419329,1.52984
0.572834,0.0535066,0.0505369;1.56932,-0.419329,1.52984
