-0.125,0.125,0.06;-1.57,-2.98023e-08,-1.57
-0.125,0.125,0.06;-1.57,-2.98023e-08,-1.57
-0.125,0.125,0.06;-1.57,-2.98023e-08,-1.57
-0.127247,0.116341,0.0423482;-1.57086,-0.0943379,-1.57031
-0.126831,0.11692,0.0425949;-1.57078,-0.0559201,-1.57956
-0.122168,0.131908,0.0477114;-1.54247,0.00109962,-1.599
-0.120688,0.175781,0.0568089;-1.72683,0.0653163,-1.58532
-0.124679,0.153856,0.0422707;-1.57168,-0.0289997,-1.57011
-0.124429,0.153091,0.0423588;-1.57088,-0.0538082,-1.56985
-0.124443,0.152953,0.0423472;-1.57096,-0.0637027,-1.57011
-0.123885,0.156482,0.0425216;-1.57063,0.0154326,-1.57706
-0.119185,0.1675,0.0468454;-1.5488,0.0759574,-1.59963
-0.113112,0.201882,0.0590492;-1.66309,0.174965,-1.59568
-0.115526,0.214984,0.0515807;-1.67542,0.141106,-1.57132
-0.119424,0.196592,0.0427691;-1.55578,0.0804795,-1.57501
-0.12007,0.196466,0.0424237;-1.57247,0.0448572,-1.56912
-0.1202,0.197286,0.0424323;-1.57084,0.0550557,-1.57403
-0.115873,0.205315,0.0457045;-1.5559,0.108038,-1.59642
-0.106644,0.238239,0.0570104;-1.62271,0.206994,-1.59601
-0.104845,0.269921,0.0598629;-1.75742,0.232029,-1.56062
-0.10838,0.255352,0.0512122;-1.68779,0.162779,-1.55925
-0.11407,0.240225,0.0423601;-1.57007,0.110431,-1.57213
-0.114192,0.24005,0.0423445;-1.57107,0.0919091,-1.57016
-0.113716,0.240353,0.0426983;-1.56747,0.134327,-1.57985
-0.105787,0.256252,0.0483359;-1.53777,0.194863,-1.60711
-0.0969416,0.288432,0.0548529;-1.69206,0.260978,-1.57129
-0.0977232,0.294203,0.04936;-1.66628,0.23179,-1.55472
-0.101928,0.28722,0.0423473;-1.57094,0.205121,-1.57018
-0.101892,0.287322,0.0423553;-1.57103,0.213029,-1.56972
-0.101715,0.288723,0.0423276;-1.57062,0.264528,-1.57096
-0.0829237,0.315931,0.0532561;-1.56102,0.391623,-1.60646
-0.0697713,0.351863,0.0616782;-1.78037,0.465012,-1.5184
-0.0678428,0.361983,0.0562564;-1.75978,0.436788,-1.50479
-0.0788967,0.348918,0.0423042;-1.57061,0.394918,-1.57057
-0.0789143,0.348479,0.0423299;-1.57077,0.376105,-1.57077
-0.0783959,0.349845,0.0423994;-1.57113,0.411096,-1.56806
-0.0676811,0.359362,0.0471987;-1.54252,0.50934,-1.61258
-0.0459866,0.38852,0.0592526;-1.69233,0.611257,-1.54024
-0.0326665,0.414524,0.0595361;-1.80961,0.624225,-1.45796
-0.0476045,0.401673,0.0423763;-1.57106,0.56166,-1.57263
-0.0476325,0.40113,0.0424112;-1.57179,0.540307,-1.56852
-0.0476339,0.401132,0.0423394;-1.57097,0.535081,-1.57024
-0.0425564,0.404085,0.0437168;-1.56307,0.629419,-1.59014
-0.0207706,0.422041,0.0518091;-1.56114,0.712964,-1.60868
0.0052594,0.450987,0.0623837;-1.84288,0.78623,-1.421
-0.00117408,0.454669,0.0424367;-1.56805,0.754084,-1.57779
-0.00358182,0.453322,0.042332;-1.57102,0.72925,-1.57061
-0.00382235,0.452759,0.0423363;-1.57112,0.707766,-1.57047
-0.00148759,0.454359,0.0427484;-1.56547,0.801965,-1.58437
0.0169094,0.463596,0.0483722;-1.53916,0.867623,-1.62491
0.0475871,0.485609,0.0612527;-1.87531,0.951921,-1.36568
0.0485402,0.49269,0.0433394;-1.60406,0.920222,-1.54896
0.045857,0.49262,0.0422682;-1.57068,0.90627,-1.56849
0.0455111,0.492452,0.0423435;-1.57118,0.895856,-1.56989
0.0475396,0.493964,0.042796;-1.56262,1.00396,-1.58736
0.0672364,0.499715,0.0483575;-1.53032,1.06864,-1.63632
0.102401,0.514783,0.0611618;-2.00183,1.14013,-1.21924
0.108002,0.521902,0.0454807;-1.66955,1.13795,-1.489
0.101755,0.521248,0.0423231;-1.57071,1.09126,-1.57118
0.101307,0.520872,0.0423475;-1.57207,1.06718,-1.56914
0.101868,0.521418,0.0424995;-1.57063,1.09915,-1.57628
0.11386,0.522502,0.046407;-1.52923,1.15833,-1.63619
0.148865,0.53074,0.0575754;-1.95107,1.24277,-1.24787
0.16805,0.540067,0.0542501;-2.02153,1.2542,-1.15785
0.156037,0.53812,0.0437855;-1.65186,1.23149,-1.49899
0.152485,0.537675,0.0423139;-1.57107,1.20402,-1.5699
0.152617,0.537736,0.042333;-1.57091,1.20224,-1.5706
0.153787,0.537155,0.0428273;-1.55454,1.24142,-1.59712
0.176451,0.536644,0.049112;-1.46561,1.31627,-1.70412
0.23637,0.548701,0.0605524;-2.60268,1.33846,-0.583962
0.232754,0.549364,0.0535211;-2.28827,1.35353,-0.874668
0.219085,0.550815,0.0425343;-1.50675,1.37962,-1.63913
0.219128,0.550987,0.0423281;-1.57104,1.35655,-1.57057
0.220587,0.551206,0.0423247;-1.57072,1.40849,-1.57099
0.225597,0.54889,0.04413;-1.50374,1.45218,-1.6546
0.296547,0.544104,0.0641849;2.80568,1.34107,0.296348
0.309176,0.544888,0.0586366;2.96737,1.3647,0.163091
0.296634,0.549059,0.0465805;2.93612,1.50953,0.201202
0.288807,0.551569,0.0423271;-1.57262,1.53609,-1.56902
0.289983,0.551623,0.0423107;1.50525,1.56431,1.63542
0.291843,0.550066,0.0432155;1.49383,1.52509,1.63565
0.35324,0.534711,0.0631057;2.30762,1.25826,0.811227
0.368416,0.53301,0.0586149;2.38677,1.28952,0.760171
0.357778,0.538779,0.0466813;1.90867,1.38515,1.23357
0.351758,0.542144,0.0423361;1.57127,1.43907,1.57056
0.353472,0.54197,0.0422966;1.56906,1.39545,1.57124
0.354747,0.540474,0.0432081;1.55344,1.36038,1.57585
0.411912,0.515667,0.0631193;2.07229,1.12421,1.06697
0.427297,0.511077,0.0588437;2.11787,1.15745,1.05005
0.419346,0.516499,0.0464552;1.73652,1.21221,1.41018
0.414861,0.52025,0.042343;1.5721,1.27029,1.57023
0.415596,0.520115,0.0423294;1.57063,1.23816,1.5711
0.415762,0.519943,0.0426022;1.57043,1.22294,1.56249
0.457459,0.489559,0.059698;1.89668,1.03291,1.25177
0.479002,0.478953,0.0559023;1.91671,1.02507,1.2628
0.475125,0.48325,0.051515;1.78157,1.024,1.37647
0.467717,0.490058,0.0423659;1.57071,1.10402,1.57203
0.467666,0.489905,0.0424074;1.57134,1.09535,1.57286
0.468423,0.489422,0.042343;1.57126,1.04967,1.56986
0.472396,0.482738,0.0448847;1.55436,1.00098,1.56409
0.522894,0.436967,0.0604068;1.86445,0.809256,1.32403
0.526276,0.436137,0.0537929;1.79363,0.846594,1.39403
0.520006,0.44619,0.0426558;1.55999,0.878485,1.57232
0.520022,0.446382,0.0423303;1.57093,0.90386,1.57073
0.521721,0.445359,0.0423094;1.5704,0.844032,1.57045
0.522298,0.443475,0.0430274;1.56601,0.80031,1.56323
0.555716,0.390563,0.0620404;1.82182,0.601164,1.38514
0.564244,0.379558,0.0569791;1.80353,0.636378,1.41999
0.558872,0.389419,0.0440566;1.60879,0.669017,1.543
0.557776,0.392869,0.0423309;1.5708,0.709699,1.57081
0.558518,0.391923,0.0423286;1.57092,0.674812,1.57067
0.558358,0.390727,0.0428061;1.56502,0.632987,1.56322
0.581105,0.334783,0.0612074;1.78946,0.439472,1.43701
0.592053,0.31759,0.0566033;1.77136,0.445772,1.47131
0.589344,0.326601,0.0441723;1.60586,0.465223,1.55073
0.589113,0.329562,0.0423288;1.57085,0.494866,1.57075
0.589118,0.3293,0.042373;1.57105,0.483351,1.5723
0.589228,0.328603,0.0425934;1.56902,0.443844,1.5647
0.597603,0.273763,0.0589312;1.74353,0.266987,1.49237
0.60594,0.250143,0.0584126;1.76933,0.226615,1.50587
0.607796,0.25431,0.0501015;1.67524,0.240283,1.53887
0.607941,0.261624,0.0423513;1.57092,0.285796,1.57142
0.607978,0.261621,0.0423362;1.57113,0.286554,1.57084
0.608201,0.261164,0.0423276;1.5709,0.260131,1.5709
0.603895,0.228696,0.0509339;1.61042,0.122051,1.53438
0.604569,0.190808,0.0615632;1.78514,0.0336414,1.53011
0.607397,0.176889,0.0559801;1.74296,0.0234883,1.55468
0.611437,0.189429,0.042297;1.57049,0.0691915,1.57133
0.611409,0.189652,0.0423293;1.57082,0.0760165,1.57081
0.611321,0.189506,0.0423709;1.57062,0.0700625,1.57232
0.605791,0.176169,0.0461653;1.55714,-0.0304467,1.54359
0.597351,0.139723,0.0572518;1.71885,-0.134699,1.5609
0.594545,0.113532,0.0592061;1.77271,-0.180184,1.58458
0.601715,0.122994,0.0424484;1.56793,-0.136626,1.56581
0.601504,0.122902,0.0423568;1.57084,-0.126258,1.57166
0.60146,0.122771,0.0423314;1.57099,-0.125132,1.57092
0.598742,0.118999,0.0433585;1.56691,-0.21346,1.55689
0.586177,0.0953379,0.0502347;1.61249,-0.300544,1.55487
0.572536,0.0623784,0.0622897;1.80586,-0.388222,1.62418
0.575204,0.0629106,0.0433699;1.59398,-0.34619,1.57468
0.577457,0.0651761,0.0423218;1.57061,-0.326124,1.57081
0.577585,0.0655718,0.0423292;1.57082,-0.319864,1.57082
0.576096,0.0640391,0.0427713;1.5686,-0.404362,1.55937
0.561265,0.0481699,0.0479858;1.57342,-0.478265,1.54274
0.539817,0.0174916,0.0609744;1.81555,-0.571759,1.67105
0.537441,0.00811321,0.0437962;1.60288,-0.568806,1.58406
0.539323,0.00932391,0.0423292;1.57063,-0.54434,1.57075
0.539339,0.00943295,0.0423296;1.5708,-0.539336,1.57077
0.538744,0.00932227,0.0426912;1.56734,-0.588073,1.55942
0.52193,-0.00174007,0.0478185;1.55632,-0.663828,1.53152
0.493013,-0.0272983,0.0601789;1.83836,-0.753073,1.72564
0.483558,-0.0438792,0.0479627;1.68288,-0.79872,1.6467
0.488158,-0.0412336,0.0423394;1.56955,-0.76926,1.56925
0.488388,-0.0412837,0.0423296;1.57081,-0.750457,1.57082
0.488095,-0.0416133,0.0423329;1.57089,-0.76735,1.57082
0.483682,-0.042222,0.0443229;1.56364,-0.812701,1.54679
0.455046,-0.0564734,0.053386;1.70654,-0.907911,1.65047
0.422227,-0.0826878,0.0537353;1.83851,-0.977373,1.78609
0.431447,-0.0803483,0.0424379;1.5671,-0.979605,1.56261
0.431744,-0.0806354,0.0423208;1.57094,-0.956161,1.57096
0.431665,-0.0806349,0.0423762;1.57094,-0.961793,1.57239
0.431133,-0.0806116,0.0425672;1.57072,-0.996712,1.56286
0.412805,-0.0837402,0.0470203;1.55223,-1.07291,1.52581
0.357098,-0.104472,0.0577738;2.0835,-1.17075,2.03393
0.361775,-0.105675,0.0495193;1.83536,-1.18916,1.8123
0.369189,-0.104971,0.0422227;1.57396,-1.16848,1.57399
0.369425,-0.104897,0.0423449;1.57083,-1.157,1.5713
0.368128,-0.105332,0.0423179;1.57072,-1.20601,1.57055
0.362945,-0.104203,0.0437948;1.55866,-1.24583,1.54377
0.299987,-0.111157,0.0613279;2.54833,-1.30926,2.50208
0.292576,-0.112306,0.0547645;2.31872,-1.32725,2.29775
0.30426,-0.112101,0.0424796;1.55934,-1.36783,1.55279
0.305479,-0.112651,0.0423255;1.57015,-1.33878,1.57016
0.304342,-0.11299,0.0423227;1.57647,-1.37532,1.57746
0.303252,-0.112397,0.04275;1.56092,-1.42053,1.55028
0.245586,-0.105582,0.0609521;-3.00013,-1.3565,-3.02693
0.22742,-0.106644,0.0555594;-2.9757,-1.39188,-2.97949
0.23647,-0.109046,0.0437893;-2.47101,-1.53615,-2.47469
0.238263,-0.110079,0.0423286;1.57412,-1.55335,1.57412
0.238032,-0.110116,0.0423326;1.57758,-1.56216,1.57777
0.23788,-0.10979,0.0426859;-1.52455,-1.54275,-1.5351
0.23788,-0.10979,0.0426859;-1.52455,-1.54275,-1.5351
0.217943,-0.100664,0.0481353;-1.5981,-1.4576,-1.62796
0.217943,-0.100664,0.0481353;-1.5981,-1.4576,-1.62796
