-0.125,0.125,0.06;-1.57,-2.98023e-08,-1.57
-0.125,0.125,0.06;-1.57,-2.98023e-08,-1.57
-0.125,0.125,0.06;-1.57,-2.98023e-08,-1.57
-0.126417,0.110173,0.0424322;-1.57084,-0.115596,-1.56753
-0.125856,0.111882,0.0424914;-1.5695,-0.0755138,-1.57506
-0.12198,0.126332,0.0494664;-1.51135,-0.0194356,-1.5891
-0.121277,0.167525,0.0568213;-1.7333,0.0362874,-1.58817
-0.123876,0.143377,0.0423113;-1.57111,-0.0576213,-1.5706
-0.123599,0.14298,0.0424491;-1.56976,-0.0652947,-1.5659
-0.123702,0.141967,0.0423818;-1.5708,-0.086123,-1.56917
-0.1234,0.145063,0.042412;-1.57044,-0.00627778,-1.57412
-0.118709,0.158878,0.0484408;-1.52051,0.0526625,-1.59186
-0.113379,0.194791,0.0617807;-1.64793,0.15051,-1.59162
-0.113957,0.203121,0.0512116;-1.67454,0.0984397,-1.57402
-0.117307,0.183912,0.0424502;-1.55274,0.049982,-1.57399
-0.117839,0.183818,0.0424897;-1.57224,0.0295021,-1.56685
-0.117806,0.186347,0.0423285;-1.57086,0.0789212,-1.5708
-0.113407,0.194439,0.046409;-1.53827,0.127828,-1.59072
-0.103962,0.22552,0.0597468;-1.57819,0.228925,-1.59621
-0.101054,0.253974,0.0597226;-1.76249,0.234168,-1.55783
-0.105035,0.237887,0.051228;-1.6865,0.175652,-1.55772
-0.111031,0.22308,0.042261;-1.56852,0.139491,-1.57011
-0.110851,0.224426,0.0424564;-1.57093,0.166596,-1.56682
-0.110242,0.224775,0.0425048;-1.56992,0.207923,-1.57611
-0.102397,0.236654,0.0498868;-1.50588,0.266458,-1.60761
-0.09284,0.26401,0.0577774;-1.64485,0.321964,-1.5703
-0.0924544,0.268607,0.0491426;-1.66438,0.276677,-1.5507
-0.0966775,0.260277,0.042487;-1.57105,0.244592,-1.56576
-0.0967377,0.260465,0.0424113;-1.57106,0.248833,-1.56795
-0.0965583,0.262196,0.0423203;-1.57087,0.303482,-1.57105
-0.0786922,0.288492,0.0554819;-1.51819,0.4339,-1.61595
-0.0655655,0.322404,0.0643552;-1.76282,0.494476,-1.51799
-0.0621353,0.329857,0.0564461;-1.75944,0.438527,-1.50546
-0.07606,0.30878,0.0423806;-1.57073,0.381096,-1.56911
-0.0759968,0.309152,0.0423983;-1.57084,0.383071,-1.5686
-0.0754909,0.310259,0.0424733;-1.57129,0.414215,-1.56632
-0.0644283,0.319637,0.0483194;-1.51516,0.515803,-1.61688
-0.0437227,0.347772,0.0620157;-1.64578,0.618104,-1.55904
-0.0320497,0.370747,0.0601298;-1.82206,0.600462,-1.45573
-0.0510301,0.347783,0.042284;-1.56885,0.515686,-1.57123
-0.0511808,0.347912,0.0425225;-1.57268,0.512606,-1.5651
-0.0510041,0.348198,0.0423751;-1.57111,0.516219,-1.56907
-0.0468011,0.350598,0.0436028;-1.55684,0.606352,-1.589
-0.0282576,0.367197,0.0543656;-1.49814,0.690004,-1.63966
-0.00487891,0.396857,0.0659085;-1.78866,0.760634,-1.45918
-0.0154292,0.391865,0.0423228;-1.56388,0.673658,-1.57989
-0.017786,0.390522,0.0423926;-1.57099,0.651315,-1.56869
-0.0176155,0.390725,0.0424273;-1.5711,0.652611,-1.56758
-0.015758,0.39249,0.0426825;-1.56409,0.743522,-1.58184
0.000168895,0.401293,0.0506677;-1.4798,0.802949,-1.65746
0.0282627,0.42588,0.0648943;-1.74899,0.903207,-1.46742
0.0251304,0.431111,0.0429607;-1.59493,0.822562,-1.55706
0.0214502,0.42956,0.0423646;-1.5713,0.801013,-1.569
0.0217021,0.429926,0.042462;-1.57103,0.804187,-1.56639
0.0239659,0.430949,0.0427079;-1.56162,0.893954,-1.58472
0.0409082,0.437188,0.0507304;-1.46256,0.953455,-1.68045
0.0725553,0.456437,0.0650751;-1.79551,1.05129,-1.41214
0.071669,0.461476,0.045083;-1.63748,0.979636,-1.52191
0.062803,0.458511,0.0422952;-1.57206,0.936776,-1.56979
0.0630834,0.458597,0.042485;-1.57108,0.941425,-1.56554
0.0657833,0.460139,0.0423349;-1.57043,1.01761,-1.57127
0.0762658,0.461934,0.0476345;-1.48553,1.06977,-1.66402
0.107438,0.474969,0.0612213;-1.67875,1.17659,-1.50052
0.119848,0.483974,0.0546772;-1.89503,1.12622,-1.29457
0.10033,0.477706,0.0432675;-1.61285,1.09278,-1.53735
0.0971426,0.477127,0.04235;-1.57108,1.06791,-1.56938
0.0994217,0.478391,0.0424053;-1.57085,1.11775,-1.56838
0.10016,0.47778,0.0426916;-1.55875,1.16012,-1.58962
0.116006,0.478503,0.0510855;-1.37131,1.21852,-1.78012
0.169635,0.498126,0.0605381;-2.25152,1.25731,-0.949636
0.157078,0.494415,0.0542382;-2.02048,1.22108,-1.15501
0.135648,0.490078,0.0425623;-1.53364,1.2108,-1.60706
0.136578,0.491095,0.0424256;-1.57109,1.21139,-1.56741
0.137845,0.491646,0.0423037;-1.56702,1.25942,-1.57501
0.14143,0.490348,0.0443573;-1.5165,1.29325,-1.63526
0.204902,0.50121,0.0680558;-2.61462,1.38049,-0.578975
0.215493,0.504493,0.0592393;-2.47572,1.31243,-0.703335
0.195391,0.503864,0.0463556;-1.83062,1.35229,-1.32203
0.186635,0.504518,0.0424693;-1.57178,1.33235,-1.56539
0.188104,0.505143,0.0424145;-1.55543,1.38778,-1.58471
0.189724,0.50394,0.0432226;-1.50789,1.42315,-1.64225
0.249263,0.503759,0.0672892;2.91344,1.42824,0.188983
0.265174,0.506775,0.059938;-3.02652,1.36873,-0.139344
0.246531,0.510814,0.046347;-2.29599,1.48766,-0.852103
0.237616,0.513132,0.042473;-1.5731,1.48366,-1.56386
0.239583,0.513659,0.0423595;-1.54972,1.54734,-1.59103
0.24094,0.512335,0.0432336;1.17392,1.54997,1.95905
0.301108,0.502361,0.0670685;2.20439,1.33338,0.909862
0.317128,0.50309,0.0598453;2.55774,1.3261,0.576064
0.298817,0.509855,0.0464817;2.10298,1.45961,1.03607
0.289759,0.513649,0.0424864;1.57796,1.50062,1.56848
0.292128,0.513633,0.0423451;1.56994,1.43015,1.5721
0.292384,0.513336,0.0425049;1.57019,1.41152,1.56586
0.338051,0.496899,0.0639716;1.8381,1.23232,1.28465
0.356294,0.495218,0.0578736;2.15976,1.2358,0.992376
0.345222,0.49958,0.0514985;1.94947,1.28543,1.1919
0.326657,0.508518,0.0424341;1.57365,1.37898,1.57114
0.328366,0.508215,0.0424939;1.57124,1.33426,1.5758
0.329204,0.50771,0.0423287;1.57102,1.29802,1.57053
0.332525,0.503585,0.0453847;1.50272,1.25713,1.62071
0.389055,0.479274,0.0636189;1.92759,1.08863,1.21827
0.387813,0.480885,0.0541223;1.95082,1.15829,1.21021
0.370201,0.492785,0.0425204;1.52576,1.22044,1.61079
0.370972,0.493144,0.0424005;1.57139,1.22348,1.57253
0.372732,0.492752,0.0423705;1.57086,1.16992,1.57205
0.37311,0.491314,0.042978;1.55111,1.13559,1.57995
0.420077,0.460361,0.0666005;1.78021,0.94863,1.36242
0.434449,0.455542,0.0587244;1.9074,0.989588,1.26893
0.419752,0.468955,0.0433415;1.61121,1.05756,1.53157
0.417809,0.471777,0.0424765;1.57122,1.06973,1.57524
0.419661,0.471002,0.0423837;1.56873,1.01218,1.57369
0.419764,0.469698,0.042737;1.56149,0.975774,1.5715
0.45907,0.432833,0.0657816;1.7313,0.794473,1.41958
0.473555,0.424546,0.0591742;1.84237,0.838341,1.34961
0.461372,0.440004,0.0435936;1.60753,0.898727,1.53804
0.459049,0.444352,0.0424718;1.57112,0.913065,1.57518
0.460335,0.443363,0.0424369;1.57059,0.866654,1.57454
0.46042,0.442657,0.0424329;1.57048,0.833252,1.56752
0.487751,0.405115,0.0632732;1.65892,0.665641,1.48568
0.505647,0.388843,0.0611528;1.80494,0.663911,1.39731
0.498641,0.400244,0.0505312;1.71289,0.735894,1.46854
0.490657,0.415371,0.0424936;1.572,0.777281,1.57458
0.491694,0.414467,0.0424203;1.57094,0.740663,1.57366
0.492697,0.413408,0.0423216;1.57062,0.689441,1.5705
0.500553,0.391531,0.0542549;1.51317,0.573867,1.57827
0.522468,0.36059,0.0668137;1.72685,0.486825,1.46241
0.529115,0.354744,0.0571566;1.77621,0.540142,1.44639
0.520066,0.380956,0.0423296;1.57071,0.624988,1.57128
0.52056,0.380396,0.0424832;1.5718,0.612078,1.57472
0.522045,0.378889,0.0424864;1.57099,0.548936,1.57568
0.522021,0.369262,0.0474477;1.5281,0.456131,1.57074
0.533981,0.337328,0.0609734;1.6142,0.345397,1.52775
0.547425,0.313004,0.0621592;1.75448,0.329357,1.47975
0.541431,0.342918,0.0425321;1.56132,0.447486,1.57564
0.541631,0.343169,0.0425095;1.57259,0.460691,1.57434
0.54275,0.341544,0.0424192;1.57111,0.424578,1.57352
0.54266,0.337784,0.0434117;1.56086,0.336584,1.56418
0.54356,0.317051,0.0535085;1.52302,0.256498,1.55966
0.553769,0.280248,0.0676078;1.70547,0.162955,1.51258
0.559433,0.293565,0.0427;1.57852,0.265703,1.5645
0.559753,0.29683,0.0423534;1.57111,0.291253,1.57191
0.559958,0.296064,0.0424666;1.57101,0.278333,1.57528
0.560263,0.292878,0.0427234;1.56521,0.180741,1.56461
0.557606,0.278438,0.0506836;1.51407,0.116599,1.55499
0.560183,0.240881,0.0661665;1.67424,0.00984869,1.53514
0.568872,0.243777,0.0428856;1.58416,0.100148,1.56493
0.569895,0.247921,0.0423567;1.57083,0.12445,1.57174
0.569955,0.247111,0.0424666;1.57099,0.112163,1.57526
0.570094,0.243853,0.0426058;1.56741,0.00940375,1.56463
0.564975,0.231221,0.0500174;1.51419,-0.0504679,1.5456
0.561365,0.193815,0.0650183;1.6633,-0.160874,1.55292
0.566444,0.189934,0.0479854;1.64536,-0.0673007,1.57032
0.570056,0.202172,0.0422196;1.57191,-0.0344377,1.57119
0.569947,0.201816,0.0424783;1.57101,-0.0412791,1.57559
0.569787,0.198297,0.0423236;1.57038,-0.134779,1.57012
0.567011,0.196066,0.0447639;1.55376,-0.168557,1.5539
0.557135,0.171122,0.0570236;1.55573,-0.265902,1.54241
0.553941,0.134957,0.0552568;1.73247,-0.253932,1.5979
0.564801,0.155194,0.0424497;1.55664,-0.222428,1.56301
0.565703,0.15625,0.0424148;1.57066,-0.199725,1.574
0.564883,0.15282,0.0424447;1.57067,-0.276882,1.57457
0.564494,0.152647,0.0424838;1.57028,-0.307573,1.56608
0.55671,0.144401,0.0491242;1.51634,-0.365613,1.52972
0.534366,0.0899986,0.061781;1.76301,-0.453971,1.63009
0.543481,0.102042,0.0497479;1.67461,-0.397041,1.60439
0.553227,0.11465,0.0421732;1.5729,-0.361838,1.57186
0.552716,0.113181,0.0424126;1.57022,-0.402384,1.57394
0.552151,0.111442,0.0423204;1.57044,-0.452124,1.57005
0.549386,0.110647,0.0442926;1.55518,-0.485427,1.55121
0.5135,0.0587256,0.0671458;1.74489,-0.64276,1.64125
0.513357,0.0534838,0.0568528;1.76073,-0.573736,1.66079
0.529778,0.0694059,0.0424851;1.55598,-0.546165,1.56029
0.531499,0.069916,0.0424556;1.57096,-0.540973,1.57501
0.530669,0.0673196,0.0423772;1.56683,-0.625156,1.5701
0.529714,0.0672517,0.0426972;1.56489,-0.65625,1.55992
0.489501,0.0315338,0.0660693;1.72637,-0.824412,1.65098
0.480893,0.0176888,0.0597368;1.79771,-0.759238,1.71308
0.499198,0.0285482,0.0428026;1.58371,-0.733111,1.57488
0.502259,0.0297983,0.0424645;1.57115,-0.721037,1.57547
0.500301,0.0275167,0.0423823;1.57071,-0.796766,1.57272
0.499631,0.0275985,0.0426491;1.56532,-0.826056,1.56014
0.499631,0.0275985,0.0426491;1.56532,-0.826056,1.56014
0.486569,0.0227488,0.0503904;1.48864,-0.888291,1.4846
0.486569,0.0227488,0.0503904;1.48864,-0.888291,1.4846
