-0.125,0.125,0.06;-1.57,-2.98023e-08,-1.57
-0.125,0.125,0.06;-1.57,-2.98023e-08,-1.57
-0.125,0.125,0.06;-1.57,-2.98023e-08,-1.57
-0.123705,0.133751,0.0423646;-1.5692,-0.225023,-1.56999
-0.124202,0.129954,0.0424174;-1.57298,-0.159321,-1.56932
-0.127903,0.101263,0.0509182;-1.61515,-0.0640217,-1.57472
-0.128063,0.0682492,0.0574934;-1.38593,-0.0239585,-1.5725
-0.132735,0.0995542,0.0422187;-1.57152,-0.206146,-1.56938
-0.133189,0.100197,0.042437;-1.56705,-0.24493,-1.56989
-0.133222,0.0999213,0.0423581;-1.56976,-0.236467,-1.57068
-0.131364,0.0978578,0.0423548;-1.57077,-0.113469,-1.56965
-0.136131,0.0783529,0.0489612;-1.61586,-0.021247,-1.57025
-0.139493,0.0404836,0.0637973;-1.41049,0.0765566,-1.58451
-0.144258,0.0437412,0.0528737;-1.44951,-0.01385,-1.58037
-0.144413,0.0625062,0.0426944;-1.58532,-0.0997256,-1.5712
-0.143025,0.0652296,0.0424259;-1.56768,-0.168664,-1.57016
-0.14234,0.0618486,0.0423285;-1.57071,-0.0998742,-1.57081
-0.146901,0.0429183,0.0466274;-1.611,-0.0200753,-1.57045
-0.151179,0.00444191,0.0620312;-1.43829,0.0807611,-1.58754
-0.153111,-0.0100851,0.0595371;-1.35438,0.0718583,-1.58945
-0.157767,0.00477829,0.052584;-1.44859,-0.019428,-1.57992
-0.158586,0.0263096,0.0424459;-1.57559,-0.118893,-1.57111
-0.158382,0.0265992,0.0423285;-1.57078,-0.144102,-1.5709
-0.159097,0.0238672,0.042407;-1.57156,-0.0808575,-1.56864
-0.165212,-0.00239299,0.0510244;-1.60638,0.0148308,-1.57222
-0.168272,-0.0336302,0.0570298;-1.37856,0.0477683,-1.58933
-0.171737,-0.021719,0.0493725;-1.48615,-0.033112,-1.57722
-0.171533,-0.00892146,0.0424111;-1.56806,-0.172797,-1.5704
-0.171037,-0.0102485,0.042353;-1.56937,-0.137239,-1.57013
-0.170576,-0.0106817,0.0423298;-1.57073,-0.0820607,-1.57081
-0.180562,-0.0526314,0.05905;-1.5113,0.0934251,-1.58428
-0.183639,-0.082755,0.0614772;-1.32511,0.129431,-1.60378
-0.187479,-0.0769013,0.0568132;-1.39234,0.0609827,-1.59268
-0.189213,-0.0441359,0.0422538;-1.56902,-0.121646,-1.57065
-0.189896,-0.0437982,0.0423522;-1.57004,-0.146927,-1.57103
-0.18814,-0.0470443,0.0425158;-1.56585,-0.0637709,-1.57141
-0.195569,-0.0683548,0.048774;-1.60241,0.0853553,-1.56887
-0.202583,-0.105694,0.0626489;-1.39654,0.181983,-1.60639
-0.206093,-0.118296,0.0602951;-1.33976,0.163018,-1.61245
-0.20814,-0.0801992,0.0422984;-1.57144,-0.0372463,-1.5706
-0.207946,-0.0790493,0.0424498;-1.56693,-0.0854929,-1.57039
-0.20799,-0.0795547,0.042409;-1.56816,-0.0756081,-1.57082
-0.210403,-0.0856062,0.0434115;-1.58477,0.0444305,-1.56813
-0.219377,-0.117839,0.057691;-1.51894,0.149292,-1.58652
-0.22501,-0.151026,0.0613861;-1.32038,0.199917,-1.62136
-0.231058,-0.12101,0.0426775;-1.56042,0.00884601,-1.57137
-0.228543,-0.116002,0.0423223;-1.57105,-0.0569577,-1.57079
-0.229057,-0.115676,0.0423832;-1.56898,-0.0785432,-1.57088
-0.228116,-0.121152,0.0424699;-1.57322,0.0941219,-1.56805
-0.238814,-0.14781,0.0526386;-1.57705,0.192051,-1.57378
-0.248321,-0.184938,0.0618736;-1.33978,0.279111,-1.63462
-0.254252,-0.161323,0.0432274;-1.55459,0.0901123,-1.57503
-0.251594,-0.155731,0.0423135;-1.5709,0.0177141,-1.57008
-0.252373,-0.155247,0.042413;-1.568,-0.0105259,-1.57091
-0.25188,-0.159821,0.0425384;-1.57492,0.153918,-1.56657
-0.264211,-0.185557,0.0522345;-1.58633,0.252193,-1.57026
-0.276522,-0.222746,0.062101;-1.34445,0.336073,-1.64573
-0.28254,-0.203708,0.0457339;-1.52904,0.17731,-1.585
-0.278197,-0.193722,0.042325;-1.57077,0.101997,-1.57095
-0.278194,-0.193253,0.0424047;-1.56836,0.0748352,-1.57093
-0.277781,-0.197554,0.0423286;-1.57083,0.209425,-1.57077
-0.289016,-0.215843,0.0479015;-1.61056,0.293685,-1.55945
-0.305259,-0.252097,0.0619901;-1.399,0.385549,-1.64281
-0.311856,-0.254133,0.0553569;-1.41196,0.315067,-1.6344
-0.309348,-0.236376,0.0447835;-1.53566,0.222593,-1.58273
-0.305003,-0.229932,0.0423223;-1.57123,0.142769,-1.57077
-0.305152,-0.230243,0.04233;-1.57079,0.153936,-1.5708
-0.30791,-0.233448,0.0424549;-1.57414,0.225511,-1.56872
-0.32269,-0.259997,0.0526053;-1.56924,0.329068,-1.57745
-0.338358,-0.297491,0.0601317;-1.32965,0.382094,-1.66461
-0.339831,-0.286017,0.0546637;-1.41786,0.297925,-1.63042
-0.335368,-0.262659,0.0426244;-1.58416,0.187189,-1.56547
-0.333892,-0.261481,0.0423542;-1.56994,0.136722,-1.57106
-0.333159,-0.263116,0.0423291;-1.57072,0.209628,-1.57082
-0.338498,-0.269571,0.044161;-1.59126,0.27808,-1.56296
-0.367105,-0.333029,0.0623696;-1.29134,0.431042,-1.68791
-0.372461,-0.332209,0.0587711;-1.35326,0.360631,-1.65853
-0.371423,-0.309052,0.0469085;-1.51397,0.250782,-1.5934
-0.366649,-0.297656,0.042392;-1.56871,0.139062,-1.57116
-0.365033,-0.301615,0.0423183;-1.57115,0.242294,-1.57022
-0.36859,-0.305589,0.0431609;-1.58236,0.303183,-1.56471
-0.40094,-0.369766,0.0617328;-1.29266,0.470542,-1.69928
-0.406926,-0.371505,0.0589576;-1.34727,0.402382,-1.66947
-0.40514,-0.348257,0.0466777;-1.51734,0.292708,-1.59579
-0.400347,-0.337507,0.0424197;-1.56784,0.177984,-1.57151
-0.399422,-0.341574,0.0423201;-1.57095,0.279506,-1.57056
-0.40333,-0.346487,0.0430835;-1.5838,0.345376,-1.56452
-0.439689,-0.409035,0.0614481;-1.28514,0.514113,-1.71093
-0.444996,-0.411287,0.0589825;-1.33709,0.447491,-1.68141
-0.441806,-0.388421,0.0467968;-1.51542,0.341897,-1.5986
-0.43585,-0.377446,0.042393;-1.56872,0.221854,-1.57135
-0.435094,-0.38152,0.0423121;-1.57178,0.322397,-1.56931
-0.436774,-0.382895,0.042328;-1.57102,0.364717,-1.57028
-0.471584,-0.437448,0.0628271;-1.35454,0.533817,-1.68597
-0.479115,-0.441036,0.0574062;-1.36487,0.462899,-1.67522
-0.476915,-0.430328,0.052696;-1.44344,0.432595,-1.63892
-0.468099,-0.412589,0.0423986;-1.5685,0.287713,-1.57139
-0.467886,-0.415097,0.0425119;-1.56562,0.354066,-1.57367
-0.467673,-0.415956,0.0423289;-1.57101,0.414155,-1.57048
-0.477715,-0.425154,0.0449207;-1.59397,0.501315,-1.55855
-0.510876,-0.472641,0.0605555;-1.29075,0.60781,-1.73614
-0.509767,-0.461639,0.0548859;-1.40116,0.526513,-1.67129
-0.500774,-0.439616,0.0428589;-1.5895,0.422243,-1.56234
-0.498442,-0.438311,0.0423368;-1.57061,0.357455,-1.57149
-0.497913,-0.440894,0.0423301;-1.57078,0.443621,-1.57084
-0.500876,-0.442672,0.0426101;-1.57907,0.504636,-1.56454
-0.546475,-0.494632,0.061253;-1.27323,0.668295,-1.75653
-0.55198,-0.492593,0.0579403;-1.34148,0.59288,-1.71358
-0.543246,-0.469477,0.0442975;-1.54045,0.484404,-1.58993
-0.537662,-0.463786,0.0424096;-1.56787,0.388676,-1.57196
-0.537422,-0.467429,0.042327;-1.57081,0.488077,-1.57101
-0.539674,-0.46863,0.0425757;-1.57791,0.547974,-1.56374
-0.585786,-0.517918,0.0624432;-1.29172,0.717179,-1.7575
-0.593004,-0.518639,0.0581045;-1.32963,0.647992,-1.73021
-0.583749,-0.496663,0.0444491;-1.53815,0.543784,-1.59299
-0.578232,-0.491193,0.0424146;-1.56786,0.440729,-1.5723
-0.578441,-0.494961,0.0424215;-1.56682,0.533455,-1.57253
-0.578862,-0.495291,0.0423716;-1.57112,0.60609,-1.56887
-0.626951,-0.538112,0.0617547;-1.31236,0.779785,-1.75996
-0.636066,-0.544213,0.059541;-1.27743,0.746994,-1.78012
-0.629826,-0.527649,0.0515705;-1.43778,0.653662,-1.66646
-0.617319,-0.511753,0.0424167;-1.56768,0.508853,-1.57233
-0.617758,-0.512302,0.0424304;-1.56691,0.523631,-1.57286
-0.617557,-0.512891,0.0423294;-1.57071,0.580794,-1.57087
-0.649517,-0.53854,0.0569853;-1.47923,0.750505,-1.64395
-0.672094,-0.561781,0.0607312;-1.23059,0.781329,-1.81531
-0.674204,-0.557058,0.0572264;-1.33351,0.720898,-1.74242
-0.655758,-0.530643,0.0423119;-1.57137,0.531312,-1.56956
-0.656102,-0.530167,0.0423797;-1.56891,0.50303,-1.57188
-0.656548,-0.533544,0.0424879;-1.56557,0.579539,-1.57441
-0.674061,-0.544853,0.0475621;-1.60132,0.733199,-1.55159
-0.702719,-0.570756,0.0612365;-1.33016,0.818042,-1.75556
-0.713432,-0.57981,0.0599437;-1.24987,0.800158,-1.80894
-0.694997,-0.5485,0.0422456;-1.57961,0.617619,-1.5654
-0.693318,-0.547857,0.0423875;-1.56834,0.566367,-1.57222
-0.693602,-0.548167,0.0423919;-1.56829,0.573304,-1.57227
-0.698492,-0.551395,0.0429631;-1.58296,0.696244,-1.56168
-0.723974,-0.571733,0.0562638;-1.49004,0.80107,-1.63834
-0.749177,-0.596206,0.0610261;-1.21353,0.839199,-1.84178
-0.739306,-0.570224,0.0437238;-1.54278,0.665378,-1.5911
-0.733699,-0.567103,0.0423245;-1.57109,0.595445,-1.57047
-0.733809,-0.566656,0.0423335;-1.57054,0.578527,-1.57109
-0.736701,-0.572248,0.0425946;-1.57833,0.773015,-1.5618
-0.764209,-0.588451,0.0527588;-1.53928,0.873709,-1.60127
-0.794833,-0.612711,0.0608707;-1.18986,0.930117,-1.88187
-0.78609,-0.590148,0.0439709;-1.53933,0.75768,-1.59726
-0.77993,-0.587219,0.0423246;-1.57087,0.689838,-1.5707
-0.778295,-0.5872,0.0423581;-1.57145,0.711131,-1.56946
-0.776151,-0.597724,0.0425086;-1.57455,0.805475,-1.56403
-0.79035,-0.609219,0.0519203;-1.56245,0.903324,-1.58261
-0.815894,-0.631929,0.0645649;-1.27343,0.996631,-1.8241
-0.813258,-0.613279,0.0491434;-1.45219,0.862586,-1.67275
-0.798525,-0.60235,0.0422433;-1.57108,0.785783,-1.56966
-0.797237,-0.602317,0.042341;-1.57073,0.799697,-1.57017
-0.796038,-0.607952,0.0422696;-1.56774,0.85058,-1.57288
-0.798913,-0.614079,0.0438771;-1.58821,0.913229,-1.55799
-0.823631,-0.634358,0.0597723;-1.3675,1.03259,-1.75596
-0.835507,-0.633442,0.0544927;-1.30324,0.999027,-1.81052
-0.814516,-0.615,0.0420524;-1.58128,0.900735,-1.56025
-0.810292,-0.613023,0.0423345;-1.57183,0.870216,-1.56894
-0.809518,-0.6182,0.0424181;-1.56721,0.9451,-1.57264
-0.808947,-0.619642,0.0423803;-1.57145,0.958305,-1.56842
-0.824024,-0.628092,0.0497081;-1.54195,1.0568,-1.60319
-0.855496,-0.646058,0.0621963;-1.20394,1.13378,-1.90849
-0.837509,-0.631617,0.0540267;-1.4507,1.04559,-1.68054
-0.820338,-0.62247,0.0422126;-1.56754,0.96072,-1.57319
-0.819354,-0.623056,0.0423663;-1.57085,0.985413,-1.56932
-0.819307,-0.625228,0.0423272;-1.57124,1.00372,-1.56994
-0.82315,-0.627034,0.0434731;-1.5927,1.05821,-1.55017
-0.867091,-0.648895,0.0600182;-0.95143,1.20286,-2.15214
-0.856984,-0.640535,0.0586;-1.2611,1.15855,-1.86777
-0.836113,-0.628257,0.0419559;-1.59028,1.05456,-1.55165
-0.831096,-0.627985,0.0423698;-1.57121,1.03163,-1.56911
-0.831952,-0.632453,0.0423248;-1.5734,1.12596,-1.56729
-0.833368,-0.631644,0.0426122;-1.58321,1.17311,-1.55478
-0.875586,-0.646655,0.0644128;-0.945766,1.34646,-2.18534
-0.869564,-0.640001,0.0612562;-1.24705,1.29495,-1.89263
-0.85053,-0.629784,0.0425551;-1.55925,1.18198,-1.58417
-0.845489,-0.630664,0.04233;-1.57057,1.09848,-1.57085
-0.847547,-0.635428,0.0422265;-1.57939,1.2114,-1.56279
-0.850903,-0.634541,0.0424886;-1.58444,1.27445,-1.55615
-0.850903,-0.634541,0.0424886;-1.58444,1.27445,-1.55615
-0.876853,-0.63602,0.0528438;-1.55054,1.37383,-1.59811
-0.876853,-0.63602,0.0528438;-1.55054,1.37383,-1.59811
