-0.125,0.125,0.06;-1.57,-2.98023e-08,-1.57
-0.125,0.125,0.06;-1.57,-2.98023e-08,-1.57
-0.125,0.125,0.06;-1.57,-2.98023e-08,-1.57
-0.124405,0.136224,0.0423512;-1.56959,-0.218352,-1.56998
-0.125162,0.132157,0.0424145;-1.57305,-0.15101,-1.56945
-0.12914,0.104506,0.0508911;-1.63057,-0.0510287,-1.57561
-0.131152,0.0704824,0.0581645;-1.37138,-0.016275,-1.57156
-0.136966,0.100183,0.042135;-1.56901,-0.207584,-1.56855
-0.137476,0.101126,0.0424026;-1.56847,-0.251955,-1.57056
-0.137818,0.100959,0.0423599;-1.5696,-0.25511,-1.57125
-0.136072,0.0993688,0.0423488;-1.57085,-0.127246,-1.56974
-0.14015,0.0802795,0.0491329;-1.62759,-0.0294436,-1.57216
-0.142942,0.0445614,0.0650907;-1.42434,0.0693245,-1.58051
-0.148672,0.0436046,0.052928;-1.44442,-0.0207754,-1.57805
-0.149802,0.0618098,0.042622;-1.58555,-0.112513,-1.57246
-0.148337,0.0640859,0.0424154;-1.5686,-0.175995,-1.57088
-0.147046,0.0602715,0.0423283;-1.5707,-0.0874777,-1.57082
-0.151465,0.0427998,0.0474249;-1.62717,-0.00533643,-1.5698
-0.156304,0.00572537,0.0639653;-1.47974,0.0923815,-1.58344
-0.159444,-0.0145363,0.0604515;-1.33776,0.0737553,-1.59072
-0.163561,-0.000712449,0.0532434;-1.43608,-0.0166119,-1.57831
-0.164135,0.0208011,0.0424517;-1.5757,-0.125827,-1.57132
-0.163578,0.0210756,0.0423319;-1.57064,-0.14242,-1.57095
-0.16468,0.0181525,0.0424357;-1.57329,-0.079774,-1.56958
-0.170243,-0.00695826,0.0515996;-1.64181,0.0156469,-1.57075
-0.173728,-0.0372969,0.0593529;-1.40024,0.0439046,-1.58321
-0.178328,-0.0295123,0.0505467;-1.46653,-0.0325034,-1.57506
-0.177963,-0.0163744,0.0423293;-1.5708,-0.180511,-1.57082
-0.176912,-0.018293,0.0424585;-1.56664,-0.136686,-1.57027
-0.176175,-0.0189036,0.0423297;-1.57078,-0.0826331,-1.57085
-0.186225,-0.0569461,0.0603128;-1.57549,0.0941905,-1.57674
-0.190975,-0.0901031,0.0623449;-1.30645,0.124746,-1.59893
-0.196824,-0.0871896,0.0577736;-1.37549,0.0512948,-1.5877
-0.19905,-0.0562616,0.0423127;-1.57108,-0.144366,-1.57049
-0.199167,-0.0558518,0.0423311;-1.57067,-0.151334,-1.57098
-0.196738,-0.0596999,0.0425309;-1.56509,-0.0613974,-1.57112
-0.203706,-0.0795076,0.0494712;-1.63646,0.08469,-1.56514
-0.210865,-0.114161,0.0656075;-1.43695,0.180303,-1.59528
-0.215986,-0.133,0.0617359;-1.3152,0.146135,-1.61176
-0.218957,-0.0976549,0.04225;-1.57133,-0.0523276,-1.57085
-0.21811,-0.0963463,0.0423248;-1.5707,-0.105545,-1.57084
-0.217742,-0.0973571,0.0424505;-1.56679,-0.0806304,-1.57055
-0.219873,-0.104377,0.0439463;-1.59232,0.0312555,-1.56855
-0.229001,-0.135047,0.0585954;-1.58177,0.135657,-1.57546
-0.236447,-0.169671,0.0636683;-1.31052,0.183531,-1.60764
-0.245672,-0.142192,0.0423086;-1.57163,-0.0147103,-1.57063
-0.243063,-0.139462,0.0423457;-1.57096,-0.102243,-1.56973
-0.243236,-0.139203,0.0423297;-1.57077,-0.11014,-1.571
-0.241996,-0.14542,0.042663;-1.57915,0.057045,-1.56769
-0.251053,-0.17071,0.0535903;-1.64595,0.148552,-1.56177
-0.259351,-0.207412,0.0667163;-1.37934,0.232169,-1.60861
-0.271885,-0.190557,0.0427771;-1.5605,0.0302633,-1.57484
-0.269185,-0.185554,0.0423048;-1.57152,-0.06195,-1.56878
-0.269216,-0.1852,0.0423327;-1.57073,-0.0752864,-1.57084
-0.26811,-0.192327,0.0426241;-1.57972,0.107338,-1.56841
-0.278833,-0.217907,0.0533164;-1.64938,0.201276,-1.55824
-0.289478,-0.254306,0.0666358;-1.37962,0.284178,-1.6189
-0.299486,-0.239104,0.0459629;-1.52549,0.114554,-1.58181
-0.296074,-0.229593,0.0423081;-1.57161,0.0286688,-1.57081
-0.295788,-0.228908,0.0423296;-1.57081,0.00181088,-1.57079
-0.293545,-0.234752,0.0423293;-1.57071,0.159308,-1.57081
-0.303363,-0.254122,0.0489118;-1.64012,0.243946,-1.5538
-0.316966,-0.289752,0.0650425;-1.43946,0.335637,-1.61578
-0.325366,-0.29646,0.0561971;-1.39167,0.264425,-1.6264
-0.323815,-0.275924,0.0452115;-1.52833,0.166185,-1.58122
-0.320593,-0.269829,0.042318;-1.57054,0.0663629,-1.57073
-0.320458,-0.270276,0.0423299;-1.5708,0.0953306,-1.57081
-0.322606,-0.273186,0.0426587;-1.58035,0.173807,-1.56718
-0.335001,-0.300174,0.0536873;-1.62789,0.274716,-1.55872
-0.350468,-0.341188,0.0622999;-1.30644,0.31805,-1.65251
-0.352587,-0.332217,0.0558949;-1.39424,0.241908,-1.62235
-0.349908,-0.30631,0.0423115;-1.59248,0.128912,-1.56521
-0.348106,-0.305019,0.0423301;-1.57062,0.0804269,-1.57101
-0.347267,-0.307084,0.0422552;-1.57276,0.154372,-1.57007
-0.352379,-0.31506,0.0449516;-1.60234,0.218978,-1.56211
-0.378368,-0.381992,0.0639852;-1.27416,0.367648,-1.66566
-0.385912,-0.383409,0.0601857;-1.33396,0.286997,-1.64634
-0.385279,-0.357015,0.0468184;-1.51259,0.18085,-1.58984
-0.380388,-0.345954,0.0423303;-1.5708,0.0539222,-1.57081
-0.37812,-0.35048,0.0422446;-1.57336,0.180892,-1.57041
-0.382828,-0.356632,0.0436406;-1.59076,0.244445,-1.56496
-0.411462,-0.423252,0.0650704;-1.29881,0.413104,-1.66694
-0.42081,-0.427778,0.0599505;-1.33459,0.328767,-1.65567
-0.419565,-0.401478,0.046403;-1.51983,0.221631,-1.5913
-0.415062,-0.391224,0.0423227;-1.56997,0.0872685,-1.57148
-0.413617,-0.395879,0.0423273;-1.57117,0.203548,-1.57127
-0.417523,-0.400778,0.0435777;-1.59135,0.267356,-1.56507
-0.448245,-0.465816,0.0654886;-1.30516,0.433803,-1.66986
-0.458325,-0.471042,0.0597819;-1.33568,0.346656,-1.65949
-0.456584,-0.444824,0.046709;-1.51526,0.242933,-1.59188
-0.451741,-0.433964,0.0423283;-1.56994,0.124499,-1.57114
-0.450176,-0.438735,0.0421823;-1.57422,0.249444,-1.56888
-0.45239,-0.441863,0.0423636;-1.57221,0.2905,-1.57009
-0.480845,-0.497462,0.0664975;-1.39101,0.464514,-1.64853
-0.49122,-0.507244,0.0585562;-1.34521,0.384284,-1.66215
-0.489735,-0.495908,0.0533104;-1.42943,0.352806,-1.63042
-0.481715,-0.476266,0.0423627;-1.56987,0.177986,-1.57112
-0.480553,-0.479474,0.0425561;-1.56468,0.257031,-1.57396
-0.48037,-0.480038,0.0423283;-1.57074,0.306766,-1.57084
-0.488352,-0.488474,0.0459903;-1.61445,0.393523,-1.55206
-0.519259,-0.540681,0.0623354;-1.27384,0.491199,-1.71157
-0.520778,-0.532549,0.0562423;-1.37785,0.422446,-1.65869
-0.514,-0.507514,0.0428434;-1.58801,0.308056,-1.56567
-0.511925,-0.506929,0.042398;-1.56838,0.233296,-1.57172
-0.511125,-0.50992,0.0423373;-1.57139,0.31541,-1.57092
-0.51359,-0.511595,0.043103;-1.58502,0.368703,-1.56381
-0.549573,-0.566725,0.0670591;-1.33671,0.53353,-1.68203
-0.559974,-0.572424,0.0590869;-1.33092,0.454071,-1.68509
-0.553866,-0.546726,0.0439906;-1.54589,0.349066,-1.58447
-0.548977,-0.541092,0.0423336;-1.57061,0.234385,-1.57086
-0.548262,-0.546769,0.04239;-1.56678,0.34638,-1.57032
-0.551481,-0.549165,0.0427605;-1.58407,0.407712,-1.56367
-0.588983,-0.603812,0.0666107;-1.33774,0.575366,-1.6917
-0.600761,-0.610958,0.0589534;-1.32524,0.491909,-1.69489
-0.594004,-0.584894,0.0446218;-1.53643,0.387933,-1.58933
-0.588821,-0.578331,0.0423292;-1.57075,0.274473,-1.57072
-0.588122,-0.583248,0.0425165;-1.56459,0.376647,-1.57353
-0.589353,-0.584537,0.0423798;-1.57146,0.425191,-1.56932
-0.625395,-0.630063,0.0662414;-1.39414,0.600754,-1.67002
-0.637757,-0.643668,0.0616781;-1.27295,0.554047,-1.73405
-0.634314,-0.627981,0.0529905;-1.41985,0.478279,-1.65036
-0.624476,-0.608586,0.0423156;-1.5702,0.320371,-1.57109
-0.624474,-0.609721,0.0423755;-1.56897,0.353494,-1.57134
-0.624433,-0.611041,0.0423;-1.57073,0.402221,-1.5718
-0.647968,-0.638302,0.0589155;-1.59233,0.560104,-1.56578
-0.667544,-0.667048,0.0640645;-1.27286,0.592413,-1.72926
-0.673186,-0.66539,0.0590002;-1.32428,0.525784,-1.7019
-0.660033,-0.633607,0.0422763;-1.57117,0.334601,-1.56971
-0.659661,-0.633097,0.0423285;-1.57072,0.323246,-1.57083
-0.659527,-0.637647,0.0425264;-1.56446,0.415214,-1.5738
-0.673728,-0.651586,0.0486832;-1.64666,0.558447,-1.52954
-0.695666,-0.680716,0.0651562;-1.42132,0.652801,-1.66334
-0.709291,-0.696747,0.0621523;-1.25463,0.614127,-1.75834
-0.696749,-0.662545,0.0427104;-1.58586,0.434802,-1.56519
-0.695146,-0.661855,0.0423214;-1.57056,0.369233,-1.5708
-0.695285,-0.662625,0.0424052;-1.56811,0.390362,-1.57197
-0.69954,-0.667639,0.043753;-1.59296,0.512069,-1.55814
-0.720405,-0.690484,0.0580547;-1.6071,0.615286,-1.55516
-0.741971,-0.719464,0.0651599;-1.26602,0.659829,-1.74823
-0.739543,-0.694104,0.0436373;-1.54714,0.477232,-1.58509
-0.735086,-0.690324,0.0423152;-1.57112,0.383009,-1.56944
-0.734942,-0.689864,0.0423308;-1.57087,0.374923,-1.57063
-0.730573,-0.698768,0.0430803;-1.57838,0.460319,-1.55721
-0.740325,-0.716168,0.0568534;-1.63251,0.568685,-1.53286
-0.752482,-0.742791,0.0682683;-1.35721,0.682035,-1.69617
-0.753686,-0.726622,0.0444894;-1.53846,0.486754,-1.58988
-0.748581,-0.721957,0.0423667;-1.57102,0.404964,-1.56921
-0.747233,-0.720625,0.0425207;-1.57764,0.37417,-1.56832
-0.747548,-0.722456,0.0423862;-1.57331,0.410459,-1.56949
-0.761224,-0.741972,0.0552224;-1.62191,0.518235,-1.54613
-0.76655,-0.771467,0.0664241;-1.32848,0.670813,-1.72488
-0.7654,-0.758575,0.0509358;-1.45069,0.563346,-1.64621
-0.75684,-0.739419,0.0426609;-1.58152,0.460658,-1.56771
-0.755599,-0.734667,0.0424839;-1.57628,0.397262,-1.56851
-0.754954,-0.73298,0.0423312;-1.57059,0.388071,-1.57083
-0.76045,-0.742741,0.0437353;-1.57659,0.45546,-1.57293
-0.771066,-0.774795,0.0582842;-1.33555,0.611507,-1.72021
-0.769772,-0.773265,0.0570163;-1.35288,0.596916,-1.70533
-0.759392,-0.747054,0.0429623;-1.55513,0.481357,-1.58261
-0.756101,-0.738183,0.0423297;-1.57096,0.387797,-1.57072
-0.753379,-0.735178,0.0425693;-1.56664,0.333906,-1.56824
-0.753413,-0.737592,0.0431297;-1.57357,0.358437,-1.55471
-0.768706,-0.761361,0.0499576;-1.51617,0.474263,-1.61099
-0.773266,-0.793152,0.0604058;-1.28458,0.616975,-1.74404
-0.769717,-0.774094,0.0522406;-1.4336,0.537455,-1.65322
-0.76194,-0.753059,0.042759;-1.58629,0.420033,-1.56518
-0.760245,-0.74552,0.0427087;-1.58375,0.33493,-1.56667
-0.760452,-0.746003,0.0423313;-1.5705,0.34788,-1.57086
-0.765688,-0.757707,0.0435495;-1.56662,0.420693,-1.57987
-0.7685,-0.79802,0.0628517;-1.24411,0.645205,-1.76677
-0.770616,-0.787709,0.0576715;-1.34498,0.581569,-1.70763
-0.761855,-0.759839,0.0432084;-1.55265,0.45868,-1.58271
-0.757579,-0.746433,0.0426334;-1.58061,0.31584,-1.56871
-0.755468,-0.747456,0.042809;-1.56556,0.310887,-1.56188
-0.759085,-0.754641,0.0453942;-1.59158,0.352894,-1.54173
-0.767541,-0.804255,0.0617324;-1.26578,0.632428,-1.75488
-0.770508,-0.800331,0.0576309;-1.34644,0.59467,-1.71381
-0.764388,-0.777696,0.0450312;-1.53997,0.493796,-1.59809
-0.761666,-0.755448,0.0425402;-1.578,0.311497,-1.56823
-0.761767,-0.754521,0.0423395;-1.57083,0.304888,-1.57033
-0.762423,-0.759766,0.0426116;-1.5744,0.359338,-1.57582
-0.762423,-0.759766,0.0426116;-1.5744,0.359338,-1.57582
-0.767286,-0.783159,0.0541086;-1.43307,0.508284,-1.66001
-0.767286,-0.783159,0.0541086;-1.43307,0.508284,-1.66001
