-0.125,0.125,0.06;-1.57,-2.98023e-08,-1.57
-0.125,0.125,0.06;-1.57,-2.98023e-08,-1.57
-0.125,0.125,0.06;-1.57,-2.98023e-08,-1.57
-0.123956,0.135915,0.0423648;-1.56868,-0.209192,-1.56936
-0.124584,0.13219,0.042402;-1.57269,-0.143439,-1.57005
-0.128544,0.104736,0.0513381;-1.64349,-0.0479584,-1.57518
-0.129524,0.0681667,0.0583861;-1.36929,-0.0088768,-1.57044
-0.133895,0.0996388,0.0422626;-1.57019,-0.186717,-1.5703
-0.134647,0.100536,0.0424522;-1.56692,-0.2342,-1.57009
-0.134996,0.100368,0.0423397;-1.57051,-0.234205,-1.57114
-0.133136,0.098476,0.0423035;-1.57267,-0.113825,-1.56992
-0.137689,0.0791937,0.0492977;-1.63327,-0.021769,-1.57136
-0.141023,0.0429819,0.0656456;-1.43266,0.0751182,-1.57992
-0.146399,0.0433778,0.0534323;-1.43833,-0.012697,-1.57713
-0.147394,0.0634755,0.0419669;-1.59558,-0.100872,-1.56947
-0.146339,0.0659968,0.0424392;-1.56711,-0.163605,-1.57031
-0.145503,0.0624378,0.0423251;-1.5708,-0.0900716,-1.57091
-0.15,0.0450439,0.0471847;-1.62297,-0.00821457,-1.5705
-0.154977,0.00798866,0.0633478;-1.46089,0.0919982,-1.58426
-0.157346,-0.00910876,0.0604642;-1.34012,0.0810753,-1.58985
-0.161506,0.00352487,0.0532817;-1.43525,-0.00416295,-1.57891
-0.162758,0.0245613,0.0421978;-1.57503,-0.106187,-1.5703
-0.162434,0.0246678,0.0423286;-1.57076,-0.13011,-1.57083
-0.163458,0.0220523,0.0424342;-1.57332,-0.0683559,-1.5698
-0.169324,-0.00283844,0.0513992;-1.62767,0.0288428,-1.57117
-0.173382,-0.0335528,0.058041;-1.37482,0.0579582,-1.58766
-0.177527,-0.0227595,0.0503175;-1.46853,-0.0156408,-1.57665
-0.178121,-0.00948691,0.0423756;-1.56929,-0.162567,-1.57058
-0.177592,-0.0108705,0.0424113;-1.56825,-0.128096,-1.57066
-0.177014,-0.011722,0.0423295;-1.5707,-0.072948,-1.57083
-0.186857,-0.0511938,0.0598643;-1.54449,0.108041,-1.5799
-0.191107,-0.0825344,0.0622467;-1.30931,0.136286,-1.60705
-0.195981,-0.0783377,0.0574674;-1.37985,0.0666058,-1.59179
-0.1984,-0.0463629,0.0422767;-1.57098,-0.123592,-1.56993
-0.198585,-0.0461134,0.0423326;-1.5705,-0.134906,-1.57095
-0.196393,-0.0499681,0.0425045;-1.56571,-0.0428893,-1.57104
-0.204162,-0.0697177,0.0492415;-1.62197,0.109338,-1.56536
-0.21205,-0.105356,0.0643307;-1.40554,0.204155,-1.60421
-0.21681,-0.120453,0.0611125;-1.32278,0.174162,-1.61807
-0.219627,-0.0849639,0.0421519;-1.57054,-0.0271701,-1.56961
-0.218772,-0.0837425,0.0423305;-1.57074,-0.0704145,-1.57083
-0.218334,-0.0845633,0.0424077;-1.56846,-0.0427887,-1.57125
-0.220694,-0.0912295,0.0437421;-1.5882,0.0804713,-1.5677
-0.230564,-0.122919,0.0583818;-1.55004,0.183628,-1.58059
-0.238644,-0.157345,0.0623718;-1.29856,0.225547,-1.62775
-0.246852,-0.129024,0.04248;-1.56621,0.0217892,-1.57088
-0.24464,-0.125471,0.0423236;-1.57047,-0.054917,-1.56988
-0.244637,-0.125323,0.042347;-1.57016,-0.0615352,-1.57101
-0.243691,-0.131623,0.0426718;-1.57896,0.10992,-1.56656
-0.254442,-0.158096,0.0532484;-1.61817,0.202388,-1.56321
-0.263518,-0.195737,0.0638939;-1.3442,0.283673,-1.6283
-0.274795,-0.174335,0.0427787;-1.56013,0.0715506,-1.57508
-0.271925,-0.170229,0.0423319;-1.57093,-0.0142978,-1.5691
-0.272046,-0.169942,0.0423324;-1.5707,-0.0286756,-1.57081
-0.271256,-0.177387,0.0426225;-1.57884,0.149803,-1.5675
-0.28347,-0.203404,0.0532043;-1.61725,0.238141,-1.56246
-0.295014,-0.240583,0.0640734;-1.34611,0.322082,-1.63675
-0.306344,-0.224566,0.0456179;-1.53033,0.129594,-1.58215
-0.303292,-0.217141,0.0422991;-1.57142,0.0375561,-1.56972
-0.302963,-0.216677,0.0423285;-1.5707,0.0133362,-1.57092
-0.301609,-0.222378,0.0423305;-1.57102,0.173817,-1.57055
-0.31174,-0.241093,0.0484762;-1.62617,0.258862,-1.55638
-0.326034,-0.276937,0.0634253;-1.40606,0.351759,-1.63032
-0.333822,-0.2815,0.0557185;-1.40137,0.270358,-1.62763
-0.332612,-0.263226,0.0447738;-1.53435,0.166184,-1.58053
-0.329903,-0.258618,0.0423274;-1.571,0.0577075,-1.57085
-0.329752,-0.258875,0.0423297;-1.57079,0.0730734,-1.57082
-0.331391,-0.261619,0.042584;-1.57767,0.151454,-1.56778
-0.343981,-0.288523,0.0533776;-1.5992,0.253699,-1.56766
-0.357049,-0.327248,0.0611633;-1.32039,0.300973,-1.64703
-0.360084,-0.317063,0.0554542;-1.40738,0.212514,-1.61628
-0.359791,-0.294124,0.0425967;-1.5834,0.0859024,-1.56941
-0.357871,-0.292978,0.0423277;-1.57079,0.0501237,-1.57087
-0.356663,-0.295232,0.0423248;-1.57087,0.136215,-1.57011
-0.361953,-0.303577,0.0447849;-1.59915,0.196287,-1.56298
-0.385657,-0.371164,0.0632393;-1.28699,0.3441,-1.66207
-0.393901,-0.372268,0.0590378;-1.35387,0.252093,-1.63504
-0.397199,-0.34639,0.0464733;-1.51976,0.127568,-1.58586
-0.393167,-0.336793,0.0423313;-1.57073,0.0112723,-1.57085
-0.391241,-0.341097,0.042285;-1.57234,0.144566,-1.57074
-0.395026,-0.347225,0.0434738;-1.58649,0.21037,-1.56503
-0.422106,-0.416123,0.0623427;-1.2888,0.375953,-1.66907
-0.431451,-0.419099,0.058932;-1.35541,0.285149,-1.64235
-0.433916,-0.39263,0.0462015;-1.52426,0.158739,-1.58775
-0.430406,-0.383707,0.0423266;-1.57093,0.0270197,-1.57083
-0.428345,-0.388042,0.042241;-1.57375,0.152476,-1.57077
-0.43217,-0.394347,0.0432865;-1.58537,0.216788,-1.56626
-0.459551,-0.462294,0.0623328;-1.29206,0.383472,-1.67115
-0.468625,-0.465539,0.0587027;-1.35846,0.290333,-1.64339
-0.471148,-0.439648,0.0462825;-1.52198,0.166506,-1.58705
-0.46718,-0.429562,0.0423288;-1.57074,0.043871,-1.57078
-0.465529,-0.43418,0.0422388;-1.5741,0.179597,-1.56956
-0.467961,-0.438331,0.0423232;-1.57143,0.23303,-1.57085
-0.495813,-0.497859,0.0632803;-1.35285,0.406194,-1.65726
-0.504057,-0.502166,0.0575182;-1.37162,0.326612,-1.64576
-0.50354,-0.490718,0.0523795;-1.44627,0.281696,-1.61786
-0.499544,-0.474333,0.0423584;-1.57028,0.0963501,-1.57033
-0.497723,-0.477144,0.0424635;-1.56724,0.196487,-1.57278
-0.497556,-0.477566,0.0423278;-1.57082,0.249668,-1.57075
-0.505261,-0.48707,0.0455279;-1.60375,0.331738,-1.55796
-0.533036,-0.540826,0.061332;-1.30243,0.432203,-1.68611
-0.535474,-0.530445,0.0554152;-1.39879,0.346979,-1.64167
-0.532786,-0.508269,0.0426069;-1.58052,0.219885,-1.56844
-0.531175,-0.5081,0.0423356;-1.57058,0.141635,-1.57101
-0.529665,-0.511606,0.042328;-1.57072,0.245549,-1.57088
-0.532412,-0.51464,0.0429047;-1.58222,0.302278,-1.56462
-0.56549,-0.576074,0.0625797;-1.30697,0.46613,-1.68497
-0.574356,-0.576957,0.0579169;-1.36613,0.372117,-1.65778
-0.574116,-0.551202,0.0435792;-1.54995,0.237139,-1.57999
-0.570562,-0.546846,0.0423315;-1.57076,0.126187,-1.57084
-0.568535,-0.551636,0.0421786;-1.57552,0.258698,-1.56958
-0.571158,-0.554891,0.0426892;-1.58023,0.31991,-1.56468
-0.605217,-0.616944,0.0622631;-1.31043,0.487343,-1.68981
-0.614515,-0.618675,0.0578721;-1.36374,0.394206,-1.6626
-0.614334,-0.592698,0.0440987;-1.54477,0.25988,-1.58245
-0.610651,-0.587351,0.0423293;-1.57077,0.147559,-1.57077
-0.609097,-0.592023,0.0424468;-1.56667,0.269242,-1.57184
-0.610268,-0.593366,0.0423422;-1.57118,0.327215,-1.56965
-0.643933,-0.647173,0.0630673;-1.36707,0.499565,-1.67069
-0.65237,-0.658038,0.0600698;-1.31707,0.455145,-1.68879
-0.65327,-0.640306,0.0517296;-1.45113,0.348988,-1.6241
-0.647155,-0.622504,0.0423284;-1.5706,0.175282,-1.57054
-0.646519,-0.62358,0.0423427;-1.57042,0.228571,-1.57103
-0.646004,-0.625278,0.0423276;-1.5708,0.294237,-1.57093
-0.66851,-0.657622,0.0579749;-1.52774,0.45421,-1.59748
-0.684379,-0.688455,0.0610911;-1.2892,0.489834,-1.70207
-0.689269,-0.684747,0.057664;-1.3642,0.412913,-1.66567
-0.683976,-0.654466,0.0422508;-1.57037,0.199597,-1.56953
-0.683787,-0.654089,0.0423295;-1.57072,0.186003,-1.57091
-0.682681,-0.658203,0.0424743;-1.56724,0.29631,-1.57309
-0.696502,-0.674894,0.0479839;-1.61286,0.4452,-1.55275
-0.717303,-0.707557,0.062329;-1.38228,0.537386,-1.67209
-0.725918,-0.720537,0.0604135;-1.30535,0.510913,-1.70619
-0.721195,-0.687169,0.0423248;-1.57566,0.289815,-1.57026
-0.719908,-0.686389,0.0423378;-1.57075,0.234384,-1.57045
-0.719571,-0.686981,0.042323;-1.57066,0.27271,-1.57072
-0.715432,-0.696281,0.0436407;-1.58563,0.388721,-1.55972
-0.727899,-0.724369,0.0589041;-1.52598,0.502308,-1.60015
-0.739732,-0.75467,0.0613387;-1.27771,0.56938,-1.72888
-0.741061,-0.726546,0.0434362;-1.54804,0.353781,-1.58164
-0.737911,-0.723483,0.0423258;-1.57114,0.260197,-1.57055
-0.73745,-0.723098,0.042331;-1.57073,0.254809,-1.57077
-0.735849,-0.721574,0.0429426;-1.58129,0.261352,-1.56271
-0.7296,-0.716066,0.0584243;-1.69969,0.368125,-1.50507
-0.734643,-0.72475,0.0863864;-1.72431,0.521366,-1.48933
-0.753742,-0.732739,0.0484463;-1.50662,0.314938,-1.57285
-0.735555,-0.714204,0.0481863;-1.57606,0.247867,-1.51377
-0.714962,-0.697982,0.0464379;-1.56763,0.266672,-1.53267
-0.71071,-0.690557,0.0477458;-1.601,0.390444,-1.51859
-0.714491,-0.702138,0.0667505;-1.77349,0.488381,-1.41737
-0.726765,-0.729538,0.0815776;-1.56195,0.615996,-1.55845
-0.740018,-0.747209,0.0563081;-1.37332,0.472984,-1.66016
-0.729795,-0.733391,0.0463051;-1.54219,0.391628,-1.5557
-0.723491,-0.727618,0.0435692;-1.58182,0.375264,-1.55586
-0.719629,-0.723498,0.0430949;-1.56945,0.417582,-1.55596
-0.726922,-0.736289,0.0461657;-1.51466,0.528356,-1.60251
-0.739063,-0.7623,0.0598064;-1.32816,0.645136,-1.73589
-0.742072,-0.75889,0.0592559;-1.32661,0.618092,-1.72052
-0.72988,-0.7432,0.0506427;-1.4485,0.533334,-1.63513
-0.715854,-0.722843,0.0452842;-1.55923,0.439506,-1.54214
-0.704764,-0.71516,0.0433073;-1.56446,0.359987,-1.5612
-0.705898,-0.717263,0.0437825;-1.56411,0.405995,-1.55724
-0.715935,-0.74081,0.0533402;-1.4358,0.526109,-1.64964
-0.726046,-0.769676,0.0619288;-1.2778,0.619979,-1.74825
-0.722027,-0.75225,0.0542719;-1.41519,0.536969,-1.66429
-0.710403,-0.73113,0.0452575;-1.53821,0.429016,-1.56625
-0.69825,-0.721516,0.0435744;-1.58079,0.357258,-1.55673
-0.699154,-0.721022,0.0430447;-1.5638,0.372897,-1.56057
-0.709833,-0.732512,0.0477235;-1.50484,0.466639,-1.60584
-0.721774,-0.772981,0.0620426;-1.25587,0.657092,-1.76779
-0.721045,-0.760306,0.0571969;-1.3838,0.602818,-1.69945
-0.711199,-0.738111,0.0454543;-1.53786,0.488966,-1.58333
-0.696403,-0.723618,0.0433829;-1.58287,0.350684,-1.55601
-0.697579,-0.724086,0.0431891;-1.56417,0.35743,-1.55994
-0.706399,-0.731822,0.0451979;-1.54015,0.436013,-1.5777
-0.723343,-0.776048,0.0620801;-1.26958,0.646222,-1.76482
-0.724163,-0.769041,0.0594809;-1.33574,0.604847,-1.72308
-0.718073,-0.74857,0.0485279;-1.4833,0.507222,-1.61932
-0.700699,-0.728814,0.0435206;-1.58258,0.350835,-1.55589
-0.701733,-0.728577,0.0432547;-1.57102,0.348238,-1.55669
-0.70865,-0.735409,0.0451725;-1.53224,0.4101,-1.58215
-0.70865,-0.735409,0.0451725;-1.53224,0.4101,-1.58215
-0.718039,-0.759332,0.0557313;-1.40477,0.527436,-1.67077
-0.718039,-0.759332,0.0557313;-1.40477,0.527436,-1.67077
