-0.125,0.125,0.06;-1.57,-2.98023e-08,-1.57
-0.125,0.125,0.06;-1.57,-2.98023e-08,-1.57
-0.125,0.125,0.06;-1.57,-2.98023e-08,-1.57
-0.123708,0.13539,0.0423291;-1.5705,-0.210317,-1.57037
-0.123828,0.131928,0.0424399;-1.574,-0.141587,-1.5701
-0.127915,0.104168,0.0512376;-1.63821,-0.04587,-1.57469
-0.129122,0.0684622,0.058224;-1.37366,-0.00533065,-1.57158
-0.133967,0.101024,0.0422274;-1.5711,-0.1823,-1.56955
-0.134698,0.101551,0.0424565;-1.56656,-0.229035,-1.56998
-0.134892,0.101593,0.0423763;-1.56916,-0.230602,-1.57076
-0.132967,0.0991913,0.0423536;-1.5715,-0.101147,-1.56872
-0.137747,0.08061,0.0496845;-1.6404,-0.00919459,-1.56952
-0.141585,0.0451933,0.0665204;-1.46041,0.0847445,-1.58053
-0.145586,0.042485,0.0534575;-1.43857,0.00998019,-1.57916
-0.146237,0.0628298,0.0420121;-1.59289,-0.0752403,-1.56895
-0.145255,0.0654957,0.0424221;-1.56697,-0.140647,-1.57026
-0.145172,0.0626038,0.0423281;-1.57083,-0.0926312,-1.57082
-0.149519,0.0471303,0.0472852;-1.62418,-0.0110314,-1.56889
-0.154984,0.0109995,0.0644176;-1.50536,0.0895233,-1.58219
-0.156813,-0.0134021,0.0605391;-1.34298,0.101721,-1.59121
-0.158817,-0.00126898,0.0531838;-1.43546,0.0325673,-1.58084
-0.158714,0.0213996,0.042433;-1.5777,-0.0641631,-1.57204
-0.158316,0.0217402,0.042345;-1.57013,-0.0945387,-1.57096
-0.159325,0.0188826,0.0425537;-1.57671,-0.0281627,-1.56893
-0.166967,-0.00690369,0.0518586;-1.64527,0.0651326,-1.56523
-0.171265,-0.0390743,0.0603786;-1.43982,0.118244,-1.58843
-0.173379,-0.0378789,0.050362;-1.47021,0.0664967,-1.58315
-0.171959,-0.0268407,0.0424845;-1.56577,-0.0536977,-1.57057
-0.171941,-0.0275663,0.0424111;-1.56816,-0.0372619,-1.5708
-0.170928,-0.0289829,0.042328;-1.57072,0.0240196,-1.57085
-0.1858,-0.0691991,0.0602234;-1.5778,0.1968,-1.57522
-0.192771,-0.102417,0.0640989;-1.34858,0.24737,-1.61603
-0.195099,-0.105611,0.0577759;-1.36888,0.214416,-1.61546
-0.189917,-0.079761,0.0422819;-1.56998,0.0807763,-1.57086
-0.190567,-0.079278,0.0423521;-1.57002,0.0542442,-1.57099
-0.189426,-0.0814134,0.0425017;-1.56605,0.114797,-1.57204
-0.200999,-0.101781,0.0497143;-1.64229,0.267063,-1.54977
-0.21421,-0.135758,0.0662958;-1.45336,0.36135,-1.61455
-0.222357,-0.157506,0.0604204;-1.31867,0.359052,-1.65649
-0.215023,-0.128554,0.0423786;-1.57577,0.230239,-1.56949
-0.21477,-0.127639,0.0424842;-1.56607,0.178953,-1.5719
-0.215213,-0.12785,0.0423611;-1.56979,0.175708,-1.57111
-0.219159,-0.134994,0.0440713;-1.59325,0.317153,-1.5613
-0.236187,-0.163857,0.0588745;-1.59158,0.422091,-1.56736
-0.250674,-0.196318,0.0650765;-1.32043,0.476992,-1.67508
-0.247736,-0.175412,0.0433055;-1.55008,0.343177,-1.57893
-0.24421,-0.170782,0.0422958;-1.5708,0.269673,-1.57045
-0.244817,-0.170031,0.0423984;-1.56878,0.235956,-1.57186
-0.24565,-0.174986,0.0426417;-1.57901,0.401829,-1.56458
-0.263432,-0.197307,0.053593;-1.6431,0.498522,-1.53811
-0.282818,-0.22891,0.0663404;-1.34829,0.580107,-1.68674
-0.283955,-0.213055,0.0437518;-1.54481,0.446389,-1.5864
-0.280219,-0.209131,0.0423187;-1.57029,0.368584,-1.57082
-0.281193,-0.208165,0.0424024;-1.5683,0.325023,-1.57169
-0.281413,-0.212366,0.0423928;-1.57292,0.451125,-1.56955
-0.295106,-0.227531,0.0528229;-1.65706,0.5386,-1.52779
-0.315323,-0.25463,0.069411;-1.42743,0.631375,-1.65673
-0.320501,-0.258125,0.047233;-1.49559,0.573623,-1.61387
-0.31365,-0.250322,0.0423117;-1.57112,0.495893,-1.57111
-0.31387,-0.249785,0.0424358;-1.5669,0.452159,-1.57253
-0.314233,-0.251858,0.0423303;-1.57088,0.506696,-1.57068
-0.326625,-0.262089,0.0483424;-1.64246,0.586705,-1.52732
-0.350439,-0.287877,0.0661973;-1.48759,0.688424,-1.6298
-0.364523,-0.30706,0.0555821;-1.34911,0.704603,-1.71495
-0.358276,-0.2947,0.0453047;-1.51646,0.647611,-1.60546
-0.353509,-0.290379,0.0422923;-1.57073,0.574404,-1.57012
-0.353803,-0.290561,0.042333;-1.57073,0.567781,-1.57096
-0.357841,-0.292418,0.0428297;-1.58216,0.637949,-1.56075
-0.3826,-0.311689,0.0536941;-1.65209,0.738048,-1.5159
-0.420509,-0.35057,0.0611979;-1.22267,0.807241,-1.82206
-0.417424,-0.345626,0.0555058;-1.33339,0.77907,-1.74218
-0.404254,-0.329407,0.0422649;-1.59546,0.714741,-1.55342
-0.402311,-0.328428,0.042336;-1.57047,0.654256,-1.57114
-0.402561,-0.330837,0.0423273;-1.57087,0.73961,-1.57059
-0.410747,-0.33374,0.0450113;-1.61471,0.801036,-1.5366
-0.468499,-0.375914,0.064578;-1.12922,0.933552,-1.91476
-0.47428,-0.375523,0.0601059;-1.20687,0.882394,-1.85913
-0.460505,-0.358343,0.0480973;-1.46581,0.820614,-1.65438
-0.447937,-0.3489,0.0423832;-1.56863,0.678022,-1.57225
-0.44833,-0.352359,0.0422882;-1.575,0.769006,-1.56741
-0.452032,-0.353151,0.0431673;-1.5894,0.818144,-1.5553
-0.506805,-0.388198,0.068121;-1.22217,0.980477,-1.85593
-0.518684,-0.391691,0.0600465;-1.1973,0.91404,-1.87689
-0.506652,-0.377993,0.0473224;-1.47605,0.882996,-1.652
-0.49829,-0.371911,0.0423815;-1.56854,0.743079,-1.57243
-0.499399,-0.374331,0.0423166;-1.57343,0.808826,-1.56939
-0.501521,-0.374844,0.0427587;-1.58535,0.839731,-1.55995
-0.549406,-0.403147,0.0714726;-1.36071,1.01808,-1.753
-0.565449,-0.412345,0.0608722;-1.27836,0.983103,-1.82305
-0.55947,-0.411397,0.04724;-1.45011,0.99648,-1.67411
-0.55257,-0.408342,0.0423511;-1.56957,0.900434,-1.57191
-0.553316,-0.409788,0.042323;-1.5713,0.949368,-1.57059
-0.553611,-0.409822,0.0423341;-1.57157,0.953962,-1.57052
-0.6005,-0.42753,0.0690382;-1.40985,1.13648,-1.72265
-0.61666,-0.434273,0.0597243;-1.27994,1.11105,-1.83833
-0.618454,-0.438521,0.0525632;-1.25419,1.14132,-1.86042
-0.60361,-0.430743,0.0423737;-1.56716,1.02546,-1.57336
-0.604486,-0.431585,0.0425319;-1.56022,1.05016,-1.58146
-0.605462,-0.43317,0.0422885;-1.57355,1.12541,-1.56812
-0.619971,-0.433751,0.0464537;-1.69447,1.1981,-1.4521
-0.683693,-0.450539,0.0613753;-0.739027,1.23401,-2.36907
-0.680976,-0.44899,0.0554762;-0.985405,1.25879,-2.13408
-0.663404,-0.443593,0.0420621;-1.63038,1.2426,-1.51288
-0.661329,-0.443691,0.0423321;-1.57012,1.17443,-1.57156
-0.662446,-0.44527,0.0423193;-1.57165,1.24077,-1.56995
-0.666866,-0.444606,0.0430429;-1.61509,1.29946,-1.52589
-0.733248,-0.449822,0.0657237;-0.369228,1.34224,-2.75361
-0.744657,-0.451383,0.0582176;-0.452138,1.33959,-2.67634
-0.730489,-0.448191,0.0453705;-1.27804,1.41698,-1.86224
-0.723167,-0.447832,0.0423353;-1.56969,1.30838,-1.57194
-0.724091,-0.449052,0.0423247;-1.57148,1.35815,-1.57006
-0.727035,-0.448802,0.0425438;-1.60259,1.41548,-1.53701
-0.789808,-0.446198,0.0672204;0.184751,1.40666,2.95657
-0.808451,-0.446383,0.0568855;0.105726,1.37474,3.03555
-0.799531,-0.44841,0.0454309;0.432936,1.52052,2.70752
-0.793623,-0.449379,0.0423274;-1.56951,1.49306,-1.57211
-0.794631,-0.449809,0.0424207;-1.50386,1.52028,-1.63761
-0.794947,-0.449376,0.0423293;-1.56315,1.54276,-1.5781
-0.84135,-0.44,0.0679087;1.09338,1.39714,2.03696
-0.864154,-0.435126,0.0614002;0.698172,1.32092,2.4303
-0.86432,-0.437652,0.0519539;0.916413,1.36072,2.21579
-0.854512,-0.440174,0.0423286;1.57006,1.49772,1.57163
-0.850914,-0.438529,0.0423086;-1.59612,1.54007,-1.54568
-0.84877,-0.43604,0.042331;-1.57206,1.47075,-1.56978
-0.879798,-0.429493,0.0586752;1.72535,1.51007,1.41052
-0.883739,-0.429558,0.0653905;1.05944,1.45897,2.08298
-0.883877,-0.429621,0.0631778;1.05005,1.48508,2.0866
-0.867557,-0.430048,0.0421614;-1.61971,1.47723,-1.52155
-0.867267,-0.429467,0.0423277;-1.57353,1.43806,-1.56839
-0.867069,-0.427738,0.0423931;-1.5603,1.37949,-1.58119
-0.884745,-0.423388,0.0472414;-2.04422,1.47781,-1.09714
-0.887274,-0.432485,0.0558918;0.327687,1.52515,2.80299
-0.886684,-0.433465,0.057579;0.451239,1.50677,2.68379
-0.87739,-0.430181,0.0422876;-1.57935,1.44481,-1.56298
-0.876069,-0.430387,0.042368;-1.56421,1.38031,-1.5772
-0.876002,-0.43018,0.0423258;-1.57181,1.36716,-1.5698
-0.878908,-0.425841,0.0444281;-1.722,1.41471,-1.41653
-0.884956,-0.432553,0.0486026;-1.68842,1.49385,-1.46074
-0.886231,-0.442798,0.0573063;0.391119,1.4849,2.744
-0.881023,-0.436855,0.0425346;-1.57414,1.47483,-1.57428
-0.878475,-0.437651,0.0423241;-1.56863,1.40782,-1.57244
-0.878355,-0.437487,0.0423278;-1.57097,1.39633,-1.57058
-0.877342,-0.432972,0.044131;-1.76062,1.40168,-1.38714
-0.883685,-0.435574,0.0508102;-1.8827,1.46365,-1.26559
-0.887035,-0.44686,0.0590907;0.32535,1.51748,2.80334
-0.880433,-0.442121,0.0424241;-1.60291,1.47054,-1.54517
-0.877187,-0.443381,0.0423205;-1.57144,1.38256,-1.57004
-0.876789,-0.443256,0.0423299;-1.57064,1.38129,-1.57093
-0.876333,-0.441295,0.0430247;-1.68623,1.39439,-1.45951
-0.88363,-0.441399,0.0499435;-1.93813,1.46013,-1.20911
-0.887191,-0.452288,0.0584917;0.23619,1.52326,2.89103
-0.883925,-0.449199,0.0496424;-1.62025,1.51271,-1.525
-0.877119,-0.448565,0.042302;-1.57017,1.41004,-1.57144
-0.876685,-0.448097,0.0423255;-1.57081,1.38061,-1.57094
-0.875684,-0.446247,0.0424604;-1.57607,1.37,-1.5692
-0.880369,-0.443661,0.0456985;-1.78874,1.421,-1.35059
-0.885146,-0.452323,0.0526702;-1.2964,1.51103,-1.85554
-0.8857,-0.457868,0.0549296;-0.196451,1.5157,-2.95207
-0.877844,-0.454137,0.0420334;-1.66389,1.46034,-1.47924
-0.875521,-0.455051,0.0423234;-1.57313,1.39936,-1.56797
-0.874765,-0.452543,0.0423283;-1.57085,1.37014,-1.57082
-0.874993,-0.449964,0.0435297;-1.71826,1.39625,-1.42803
-0.8837,-0.449509,0.0506338;-2.03194,1.45516,-1.11468
-0.887511,-0.460199,0.0593191;0.355884,1.53508,2.77437
-0.885231,-0.456649,0.0527014;-1.97675,1.52456,-1.16903
-0.879177,-0.454774,0.0422802;-1.59436,1.42849,-1.54923
-0.878884,-0.454782,0.0423274;-1.57155,1.40021,-1.56997
-0.878031,-0.453321,0.0424182;-1.57138,1.39578,-1.57307
-0.880533,-0.450904,0.0462903;-1.94223,1.42605,-1.20477
-0.886682,-0.464987,0.0594913;0.436654,1.50439,2.69712
-0.886623,-0.463475,0.0563493;-0.0197633,1.53469,-3.13354
-0.881454,-0.459996,0.0423478;-1.51504,1.47515,-1.62954
-0.878169,-0.460271,0.0423099;-1.57144,1.39223,-1.56962
-0.876465,-0.45837,0.0423528;-1.57117,1.37633,-1.57177
-0.875773,-0.455815,0.0441224;-1.74731,1.38526,-1.39961
-0.886727,-0.467553,0.0622833;-0.214347,1.53362,-2.94154
-0.886502,-0.467425,0.0590575;-1.09496,1.55148,-2.05994
-0.880048,-0.464339,0.0426226;-1.57935,1.44881,-1.57048
-0.875751,-0.464285,0.0423318;-1.57026,1.37208,-1.57123
-0.875654,-0.46238,0.0424261;-1.57175,1.39417,-1.57301
-0.874768,-0.459892,0.0443044;-1.77259,1.40025,-1.37524
-0.874768,-0.459892,0.0443044;-1.77259,1.40025,-1.37524
-0.884852,-0.457839,0.0535622;-2.27867,1.4584,-0.865733
-0.884852,-0.457839,0.0535622;-2.27867,1.4584,-0.865733
