-0.125,0.125,0.06;-1.57,-2.98023e-08,-1.57
-0.125,0.125,0.06;-1.57,-2.98023e-08,-1.57
-0.125,0.125,0.06;-1.57,-2.98023e-08,-1.57
-0.125419,0.121247,0.0285756;-1.57076,-0.193476,-1.57108
-0.125204,0.121894,0.028714;-1.57036,-0.173831,-1.57743
-0.123204,0.133756,0.0314652;-1.54598,-0.101091,-1.58048
-0.124705,0.158841,0.0375901;-1.73911,-0.0439439,-1.58925
-0.122636,0.152389,0.0287815;-1.56922,-0.118024,-1.58176
-0.122663,0.152628,0.0288773;-1.58523,-0.129027,-1.57295
-0.123178,0.152706,0.0286888;-1.57427,-0.112504,-1.56943
-0.124452,0.153548,0.0289198;-1.57232,-0.0067588,-1.58534
-0.12019,0.162504,0.031958;-1.55658,0.0753359,-1.59589
-0.114999,0.187084,0.0424614;-1.65751,0.183229,-1.57145
-0.112301,0.196054,0.0359863;-1.7138,0.127888,-1.55985
-0.112644,0.189456,0.0303558;-1.61811,0.0824109,-1.5729
-0.113289,0.187601,0.0287375;-1.57813,0.0747317,-1.57062
-0.114126,0.187949,0.029097;-1.58596,0.122243,-1.57874
-0.111155,0.193673,0.0305;-1.57907,0.195021,-1.58986
-0.103981,0.218698,0.0389418;-1.70425,0.301756,-1.55181
-0.101667,0.231299,0.0396648;-1.77995,0.291005,-1.52733
-0.0997644,0.229527,0.036279;-1.72866,0.241465,-1.54086
-0.101891,0.223649,0.0288831;-1.57939,0.228818,-1.57733
-0.102589,0.223266,0.028877;-1.58492,0.233627,-1.56973
-0.102933,0.223388,0.029026;-1.58292,0.288188,-1.57897
-0.0954363,0.234466,0.0327768;-1.58095,0.374061,-1.58565
-0.0859563,0.257285,0.0376026;-1.74473,0.422129,-1.51171
-0.0838969,0.257992,0.0351391;-1.71116,0.373182,-1.52563
-0.0863044,0.252848,0.0288229;-1.58327,0.347842,-1.56663
-0.0865716,0.253633,0.0288811;-1.58565,0.376797,-1.56484
-0.0871752,0.253752,0.0290491;-1.5907,0.426377,-1.5672
-0.0708819,0.271145,0.0376768;-1.61868,0.579735,-1.56131
-0.0579517,0.292861,0.041848;-1.77166,0.638398,-1.47033
-0.0543442,0.296738,0.0384669;-1.79973,0.583326,-1.45206
-0.0605078,0.289028,0.0286549;-1.57067,0.562055,-1.57453
-0.0606862,0.289352,0.0288194;-1.58439,0.561724,-1.56371
-0.0607505,0.290178,0.0288214;-1.58493,0.612291,-1.56283
-0.0534345,0.294705,0.0316864;-1.56321,0.731043,-1.59841
-0.0337205,0.313027,0.0415281;-1.74475,0.834806,-1.46027
-0.0230314,0.324445,0.0392438;-1.86994,0.813301,-1.36371
-0.0295698,0.317207,0.0289485;-1.58221,0.773992,-1.57218
-0.0297086,0.317158,0.0288706;-1.59017,0.764268,-1.55773
-0.029857,0.317605,0.0288556;-1.58871,0.778531,-1.55773
-0.0288974,0.318315,0.0295283;-1.57365,0.880009,-1.58843
-0.0111837,0.327076,0.0368674;-1.63974,0.985749,-1.52979
0.0101057,0.341682,0.0428918;-1.88028,1.04491,-1.32151
0.0112131,0.340667,0.0320795;-1.70775,0.978621,-1.46345
0.00807528,0.339599,0.0286911;-1.57719,0.975875,-1.56806
0.00777363,0.339978,0.0288179;-1.59105,0.978649,-1.55409
0.00738401,0.34099,0.0290251;-1.58029,1.09019,-1.5791
0.0210099,0.343124,0.0334132;-1.59614,1.17545,-1.56764
0.0472541,0.353463,0.042214;-2.05434,1.2476,-1.13261
0.0535179,0.353788,0.0325782;-1.80051,1.18959,-1.36319
0.0497772,0.353017,0.0286883;-1.57009,1.187,-1.57712
0.0497788,0.353401,0.0288328;-1.60287,1.1891,-1.5408
0.0500338,0.354405,0.0290303;-1.58518,1.29899,-1.57395
0.0645564,0.353484,0.0335596;-1.65987,1.38758,-1.5038
0.092645,0.357924,0.0418254;-2.69788,1.39905,-0.474713
0.0985255,0.357615,0.0339903;-2.17922,1.37927,-0.977332
0.0936566,0.35779,0.028849;-1.57469,1.39716,-1.57874
0.0935425,0.357977,0.0288984;-1.65384,1.38533,-1.48942
0.0932995,0.358795,0.029046;-1.653,1.45892,-1.50213
0.101922,0.356894,0.0311217;-1.81686,1.53308,-1.34472
0.128639,0.356367,0.0399974;2.64063,1.41886,0.485398
0.137722,0.355608,0.03781;2.98283,1.39256,0.152028
0.132462,0.354666,0.0327972;-3.02026,1.48068,-0.128001
0.129097,0.355168,0.0286831;-1.57578,1.53861,-1.57037
0.129068,0.35575,0.0289503;-2.42645,1.54903,-0.716757
0.128744,0.356017,0.0290578;1.76244,1.52103,1.36613
0.141223,0.350677,0.0334385;1.67189,1.42548,1.453
0.176915,0.347931,0.0401844;2.33662,1.26869,0.80891
0.176744,0.346122,0.0376969;2.38301,1.32462,0.765071
0.170456,0.347027,0.0300909;1.84023,1.41348,1.29881
0.169422,0.34795,0.0288963;1.67497,1.4231,1.46745
0.169419,0.348782,0.0290392;1.66105,1.36197,1.47846
0.171394,0.346892,0.0297183;1.57577,1.31226,1.54479
0.217058,0.32884,0.0422815;1.97889,1.08697,1.17556
0.223485,0.324415,0.0399518;2.08023,1.13044,1.08551
0.218539,0.325642,0.0341187;1.87847,1.19147,1.27608
0.214334,0.329863,0.0288761;1.61212,1.21789,1.53175
0.214739,0.330494,0.0289795;1.61102,1.15744,1.53065
0.215123,0.330035,0.0292723;1.58601,1.12016,1.54096
0.25117,0.30581,0.0422305;1.84859,0.905554,1.3209
0.259447,0.298821,0.0400508;1.93755,0.951439,1.2484
0.254503,0.301685,0.0339669;1.7757,1.00176,1.38934
0.251304,0.306147,0.0288816;1.59846,1.01917,1.54697
0.25159,0.306776,0.0288535;1.59141,0.962802,1.552
0.251936,0.305709,0.0292843;1.58144,0.935175,1.54507
0.284453,0.274377,0.041372;1.8195,0.716543,1.37293
0.289463,0.2672,0.0401335;1.86426,0.769696,1.34321
0.285452,0.270573,0.0341923;1.73652,0.813693,1.44347
0.282856,0.275089,0.0288767;1.59262,0.840904,1.55461
0.28336,0.276056,0.0290039;1.59705,0.777413,1.55031
0.283519,0.276306,0.0290487;1.58122,0.75427,1.54899
0.305158,0.243939,0.0415322;1.74172,0.556117,1.45782
0.310969,0.234008,0.0388917;1.81397,0.600133,1.42128
0.309076,0.236799,0.0370005;1.77047,0.616949,1.44636
0.303754,0.243384,0.028671;1.57791,0.682269,1.56731
0.305382,0.242961,0.0289288;1.5901,0.627499,1.5604
0.305719,0.243633,0.0290299;1.58939,0.583391,1.55443
0.306121,0.239205,0.0302451;1.56743,0.516245,1.54937
0.325431,0.196542,0.0397233;1.77548,0.358201,1.47687
0.324109,0.193542,0.0378289;1.76755,0.417525,1.48136
0.321468,0.199395,0.0304098;1.62247,0.440531,1.54316
0.32169,0.20128,0.0288005;1.58218,0.448176,1.56608
0.322514,0.201351,0.0289835;1.58991,0.379545,1.56122
0.322493,0.200684,0.0290415;1.57493,0.33639,1.55153
0.330485,0.157314,0.0427685;1.72045,0.134609,1.52805
0.331157,0.147146,0.0387224;1.77167,0.194105,1.52045
0.329657,0.152825,0.0328751;1.66422,0.227393,1.5432
0.330108,0.156723,0.0288625;1.58467,0.234611,1.56743
0.330891,0.156689,0.0288033;1.58147,0.166229,1.56857
0.33099,0.156436,0.0290608;1.57758,0.125382,1.55387
0.329493,0.114262,0.04159;1.73063,-0.0690039,1.55621
0.32814,0.102921,0.0389856;1.7727,-0.0100047,1.56316
0.327868,0.108975,0.0329625;1.6622,0.0111107,1.56372
0.328741,0.112865,0.0288527;1.58367,0.0286528,1.57046
0.329459,0.112552,0.0287702;1.57998,-0.0300634,1.57092
0.32961,0.112462,0.0290399;1.58005,-0.0686493,1.55864
0.318974,0.0740507,0.0414796;1.70797,-0.26388,1.58666
0.316699,0.0602685,0.0396291;1.78743,-0.241428,1.6107
0.316691,0.0635857,0.03617;1.72356,-0.202972,1.59397
0.318449,0.0701154,0.0288365;1.58329,-0.17257,1.57274
0.318864,0.0698009,0.0288872;1.58578,-0.186906,1.57359
0.319661,0.0697135,0.0290706;1.59294,-0.240985,1.57359
0.308846,0.0517433,0.0368064;1.61722,-0.393823,1.57215
0.299818,0.0273871,0.0420392;1.75491,-0.466874,1.63325
0.296071,0.0209189,0.0389746;1.78908,-0.412538,1.64965
0.300196,0.0302093,0.0287079;1.57137,-0.372943,1.56549
0.300527,0.0299009,0.0288687;1.58575,-0.369436,1.57588
0.300707,0.0290846,0.0288551;1.58525,-0.417628,1.57648
0.295198,0.0237382,0.0312446;1.5659,-0.541042,1.54658
0.279299,0.00209375,0.0411026;1.70873,-0.646208,1.63702
0.27019,-0.0129943,0.0392031;1.82183,-0.640603,1.7101
0.27391,-0.00608355,0.0292029;1.60172,-0.587547,1.58324
0.27449,-0.00557787,0.0288432;1.5852,-0.573652,1.57796
0.274731,-0.00594855,0.0288397;1.58548,-0.585496,1.57939
0.274391,-0.00689802,0.0293094;1.57467,-0.692019,1.55565
0.258967,-0.0183854,0.0361675;1.62276,-0.795581,1.59206
0.240068,-0.0379056,0.0428792;1.81727,-0.866941,1.73773
0.23713,-0.0391933,0.0326761;1.69526,-0.798754,1.65401
0.240807,-0.0374231,0.0286779;1.57287,-0.795375,1.56771
0.241068,-0.0377402,0.028853;1.58943,-0.795836,1.58398
0.241339,-0.0386742,0.0290641;1.58436,-0.899758,1.56677
0.228758,-0.0435861,0.0335904;1.60537,-0.989243,1.58154
0.206034,-0.0583468,0.0420976;1.87811,-1.08027,1.82045
0.200926,-0.0598456,0.0328141;1.74072,-1.00923,1.7087
0.204736,-0.0584857,0.0286804;1.57142,-1.00347,1.56681
0.204944,-0.0589019,0.0288527;1.59505,-1.00431,1.59113
0.205345,-0.0596071,0.0290369;1.58736,-1.1101,1.57117
0.193106,-0.0604001,0.0326236;1.59543,-1.1949,1.57392
0.167918,-0.0700501,0.0418858;2.06415,-1.28047,2.0232
0.160928,-0.0719483,0.0350081;1.93836,-1.20461,1.90864
0.166104,-0.0704624,0.0288809;1.57948,-1.21101,1.56772
0.166169,-0.0705557,0.0288947;1.6123,-1.19815,1.60924
0.166547,-0.0717061,0.0290824;1.637,-1.27778,1.62892
0.1628,-0.0708589,0.0299832;1.56698,-1.33484,1.54544
0.139695,-0.0721526,0.0388943;2.06755,-1.43145,2.0472
0.112173,-0.0766042,0.0382222;2.54695,-1.3451,2.5257
0.118327,-0.0745126,0.0317536;2.00286,-1.39309,1.98979
0.121149,-0.0742356,0.0286134;1.57424,-1.3907,1.57257
0.120898,-0.0760014,0.0288302;1.68029,-1.46123,1.67937
0.121135,-0.0763138,0.0290496;1.72102,-1.50329,1.70831
0.109934,-0.0725848,0.032498;-1.66953,-1.54752,-1.69045
0.0681869,-0.0708185,0.0394527;-2.66466,-1.33758,-2.66509
0.0717996,-0.0686857,0.0360926;-2.74403,-1.41029,-2.74693
0.0782592,-0.0693198,0.0289612;-1.75055,-1.52658,-1.76045
0.0780149,-0.069828,0.0288907;-1.85667,-1.51926,-1.8561
0.0781232,-0.0704756,0.0290464;-1.75312,-1.4675,-1.75639
0.0760303,-0.0690799,0.0297278;-1.58067,-1.41691,-1.60022
0.0308738,-0.0565972,0.041972;-2.04635,-1.20385,-2.03977
0.0251121,-0.0533614,0.0384673;-2.20511,-1.2443,-2.18903
0.0310761,-0.0545354,0.0318589;-1.86765,-1.31766,-1.86579
0.0334514,-0.0560925,0.0288334;-1.62325,-1.3376,-1.62199
0.0325253,-0.0567218,0.0288789;-1.61682,-1.26609,-1.61541
0.0323541,-0.056775,0.0290421;-1.5918,-1.22756,-1.60544
-0.00374029,-0.0366408,0.0424749;-1.84924,-1.01713,-1.83129
-0.0140141,-0.0306646,0.0387361;-1.98418,-1.05998,-1.94612
-0.00886427,-0.0331991,0.0328659;-1.7736,-1.11048,-1.75982
-0.00614679,-0.0365754,0.0288645;-1.60244,-1.12705,-1.59955
-0.00656809,-0.0371325,0.0287977;-1.59214,-1.06803,-1.58995
-0.00667625,-0.0372242,0.0290966;-1.59108,-1.0325,-1.60253
-0.00667625,-0.0372242,0.0290966;-1.59108,-1.0325,-1.60253
-0.0150367,-0.0277839,0.033603;-1.61198,-0.943769,-1.62345
-0.0150367,-0.0277839,0.033603;-1.61198,-0.943769,-1.62345
