-0.125,0.125,0.06;-1.57,-2.98023e-08,-1.57
-0.125,0.125,0.06;-1.57,-2.98023e-08,-1.57
-0.125,0.125,0.06;-1.57,-2.98023e-08,-1.57
-0.12563,0.120287,0.028548;-1.57207,-0.183713,-1.56848
-0.125075,0.12128,0.0285781;-1.57001,-0.138682,-1.57167
-0.122949,0.130526,0.0315377;-1.52171,-0.0636893,-1.56693
-0.123689,0.160055,0.0365921;-1.71861,0.0106307,-1.58042
-0.119763,0.153506,0.0319771;-1.64558,-0.0566002,-1.58403
-0.121509,0.151989,0.0302913;-1.61576,-0.0567632,-1.57871
-0.122918,0.15186,0.0291475;-1.59561,-0.0495707,-1.57501
-0.123054,0.151711,0.0285999;-1.56981,0.00701374,-1.57069
-0.120181,0.158234,0.0319656;-1.50611,0.0896788,-1.57021
-0.118918,0.176681,0.0381034;-1.46214,0.211391,-1.56488
-0.116982,0.177581,0.0295029;-1.55057,0.137245,-1.56447
-0.116965,0.173448,0.0286906;-1.5707,0.0650668,-1.57724
-0.117249,0.172861,0.0289592;-1.58679,0.0551101,-1.57234
-0.117384,0.17392,0.0311489;-1.62158,0.106298,-1.57725
-0.114085,0.187645,0.0317953;-1.61347,0.18475,-1.57806
-0.109869,0.213534,0.0341087;-1.66901,0.289831,-1.54956
-0.109838,0.217868,0.0351446;-1.60198,0.277632,-1.54329
-0.10982,0.203935,0.0297164;-1.56066,0.198143,-1.56489
-0.111665,0.199577,0.0285704;-1.57046,0.111497,-1.57125
-0.111848,0.199243,0.0285804;-1.57089,0.0707986,-1.57089
-0.112106,0.199324,0.0287817;-1.57033,0.130101,-1.5807
-0.107136,0.212279,0.0317887;-1.56143,0.219538,-1.58662
-0.102783,0.235696,0.0362015;-1.71493,0.267328,-1.54498
-0.100988,0.23642,0.0337592;-1.67779,0.218117,-1.55365
-0.102725,0.231344,0.0287444;-1.57931,0.18714,-1.56872
-0.102807,0.232212,0.0286806;-1.57133,0.222282,-1.56595
-0.102453,0.233507,0.0285788;-1.57076,0.277088,-1.57093
-0.0918609,0.250703,0.0343132;-1.46174,0.462938,-1.60226
-0.0871734,0.265206,0.0403543;-1.54633,0.511088,-1.56999
-0.0840941,0.264719,0.0366194;-1.66397,0.442921,-1.53216
-0.0873968,0.251545,0.0294222;-1.60458,0.379284,-1.56409
-0.0898555,0.252789,0.030082;-1.61552,0.398677,-1.55728
-0.0908927,0.254018,0.0290012;-1.59146,0.44088,-1.5638
-0.0866011,0.258481,0.0312344;-1.5074,0.559101,-1.59648
-0.0763228,0.275415,0.0384252;-1.43604,0.666266,-1.62503
-0.0729561,0.282335,0.0374727;-1.46818,0.664792,-1.60333
-0.0783636,0.270505,0.0285752;-1.57058,0.476948,-1.57114
-0.0786174,0.270113,0.0288174;-1.58382,0.455103,-1.56566
-0.0785713,0.270363,0.0291078;-1.59841,0.464138,-1.55973
-0.0777006,0.271743,0.0295491;-1.57337,0.539801,-1.58826
-0.0638561,0.28823,0.0346072;-1.53664,0.646366,-1.59134
-0.0546122,0.304364,0.0396797;-1.57293,0.712848,-1.55499
-0.0594896,0.292127,0.0285939;-1.57116,0.527835,-1.56955
-0.0613604,0.2909,0.0285402;-1.56818,0.459523,-1.5713
-0.061391,0.290152,0.0286352;-1.57108,0.425597,-1.56811
-0.0597383,0.2921,0.0287239;-1.56268,0.531381,-1.57488
-0.0522326,0.299043,0.032109;-1.50329,0.612113,-1.61038
-0.0391164,0.317893,0.0408291;-1.61409,0.711083,-1.54585
-0.0354239,0.317659,0.0315981;-1.65081,0.600337,-1.53156
-0.0382672,0.315545,0.0286661;-1.57129,0.593641,-1.57447
-0.0386366,0.31596,0.0288172;-1.58436,0.603435,-1.56306
-0.0368469,0.317216,0.0288845;-1.55126,0.735961,-1.58403
-0.0276278,0.323955,0.0328866;-1.45753,0.826882,-1.64582
-0.0153849,0.338473,0.038499;-1.41626,0.924839,-1.66218
-0.0177073,0.332251,0.0286457;-1.57463,0.789957,-1.56649
-0.018578,0.330941,0.0288521;-1.57169,0.743146,-1.5821
-0.01925,0.330697,0.02945;-1.61398,0.746432,-1.54624
-0.0204075,0.331834,0.0289255;-1.57395,0.814715,-1.58258
-0.0123232,0.337503,0.0299961;-1.52869,0.889663,-1.60127
0.00362591,0.350447,0.0351451;-1.46194,0.987518,-1.64013
0.00290764,0.347565,0.0322568;-1.50643,0.933438,-1.60498
-0.00234445,0.343168,0.0286494;-1.56986,0.85204,-1.56841
-0.00379532,0.342796,0.0285803;-1.57055,0.777767,-1.57092
-0.00388749,0.342734,0.028598;-1.57132,0.76873,-1.57167
-0.00391812,0.342829,0.0287954;-1.57026,0.828178,-1.58178
0.00921907,0.350583,0.0324251;-1.52669,0.91772,-1.61464
0.032491,0.373554,0.0356656;-1.69638,0.992507,-1.45472
0.0284458,0.364715,0.0308968;-1.57646,0.91112,-1.54807
0.0216209,0.358418,0.0285797;-1.57035,0.816251,-1.57072
0.0206471,0.35788,0.0286501;-1.57207,0.751861,-1.56674
0.0216522,0.359021,0.0285797;-1.57071,0.818712,-1.57069
0.0261955,0.360122,0.0297446;-1.52216,0.887627,-1.60456
0.0528702,0.381824,0.0414267;-1.582,1.06891,-1.54997
0.0580547,0.382158,0.0399324;-1.75143,0.991677,-1.42418
0.0532469,0.376359,0.0310967;-1.6661,0.925046,-1.50215
0.049481,0.374718,0.028634;-1.57374,0.912135,-1.56734
0.0511226,0.376028,0.0285581;-1.56988,1.00509,-1.57198
0.0537403,0.375964,0.0291293;-1.53197,1.06802,-1.6035
0.0824177,0.392122,0.0395493;-1.28061,1.25349,-1.81207
0.0852749,0.392029,0.0377025;-1.39282,1.18592,-1.7158
0.0789458,0.387479,0.0286713;-1.56371,1.08351,-1.57592
0.077202,0.387173,0.0290095;-1.6075,1.02299,-1.54131
0.0763717,0.387582,0.0286668;-1.57261,1.07616,-1.57234
0.0770123,0.387863,0.0287962;-1.56568,1.12009,-1.58484
0.108322,0.402565,0.0380568;-1.3328,1.29238,-1.77016
0.10969,0.402592,0.0367035;-1.42042,1.22738,-1.69261
0.101727,0.397284,0.0287783;-1.56437,1.1304,-1.56997
0.0976291,0.397027,0.0286439;-1.57105,1.0123,-1.56744
0.0991701,0.39783,0.0285718;-1.5704,1.07431,-1.57164
0.100545,0.397374,0.0288136;-1.54481,1.12481,-1.59414
0.131821,0.408901,0.0392459;-1.68129,1.29298,-1.46514
0.141062,0.410518,0.0346961;-1.85256,1.22235,-1.29976
0.134482,0.406841,0.0308126;-1.6433,1.20049,-1.49417
0.126692,0.404522,0.0286102;-1.57101,1.07158,-1.56923
0.126969,0.40463,0.0286891;-1.57221,1.07874,-1.56418
0.128008,0.404914,0.0285879;-1.56971,1.13095,-1.57182
0.134627,0.404651,0.0303425;-1.46202,1.21459,-1.66872
0.163579,0.415206,0.0385539;-1.49687,1.36028,-1.62604
0.161661,0.410996,0.0341788;-1.85258,1.2676,-1.29943
0.154372,0.406687,0.0292681;-1.644,1.22555,-1.51086
0.153104,0.407309,0.0288867;-1.61486,1.22701,-1.52944
0.153524,0.408611,0.028536;-1.56397,1.3005,-1.57766
0.156208,0.407782,0.0290853;-1.48209,1.34868,-1.65635
0.188274,0.414488,0.0391396;-0.293505,1.47584,-2.81084
0.189042,0.413635,0.0357421;-1.08182,1.441,-2.03428
0.18073,0.411382,0.0286446;-1.56829,1.35623,-1.57049
0.177957,0.411577,0.0286858;-1.58369,1.26348,-1.55737
0.17822,0.412253,0.0286337;-1.57339,1.31978,-1.57012
0.178299,0.412214,0.0287209;-1.56826,1.35814,-1.58043
0.20884,0.417246,0.0381149;-0.284581,1.47795,-2.82413
0.210111,0.416025,0.0355659;-0.988104,1.46547,-2.12885
0.201436,0.413623,0.0286728;-1.57189,1.37013,-1.56507
0.197683,0.413715,0.0286509;-1.5724,1.22852,-1.56607
0.199037,0.414154,0.0286318;-1.57104,1.27243,-1.56797
0.200131,0.413622,0.0287255;-1.54197,1.32486,-1.59866
0.229047,0.416368,0.037799;-1.26665,1.50274,-1.86586
0.240081,0.417626,0.0397129;-2.35122,1.46684,-0.795123
0.236188,0.414113,0.032465;-2.02918,1.3937,-1.12347
0.22876,0.412116,0.0286376;-1.57181,1.34388,-1.56687
0.229154,0.412319,0.0286839;-1.582,1.35882,-1.55623
0.230504,0.412576,0.0285761;-1.56931,1.41498,-1.57198
0.249681,0.410013,0.0351699;0.251362,1.47067,2.90433
0.267119,0.414051,0.0392389;0.798453,1.44193,2.37361
0.265494,0.411593,0.0358589;0.50967,1.5259,2.65022
0.255248,0.409747,0.0287174;-1.57207,1.47169,-1.57587
0.25519,0.410472,0.0291166;-1.82656,1.47678,-1.3187
0.255156,0.411285,0.028809;-1.81571,1.52566,-1.32611
0.263399,0.407776,0.0315175;1.03977,1.45977,2.10532
0.283163,0.406772,0.0376262;1.13299,1.3426,2.0277
0.290866,0.406968,0.0380715;1.17921,1.34934,1.98705
0.277154,0.40678,0.0285635;1.53016,1.56108,1.61063
0.275558,0.407133,0.0286137;-1.56116,1.52449,-1.57828
0.275497,0.40708,0.0286468;-1.5745,1.51453,-1.56374
0.277217,0.40626,0.0288876;1.23275,1.5302,1.90664
0.290835,0.402948,0.0338944;0.946461,1.40775,2.20165
0.30967,0.402931,0.0394555;1.11724,1.33232,2.04884
0.299278,0.402274,0.0286513;1.61198,1.55078,1.53384
0.297339,0.403155,0.0285769;-1.57828,1.52179,-1.5626
0.296347,0.40304,0.0286419;-1.57354,1.4863,-1.56495
0.299383,0.402161,0.0290249;1.14989,1.52857,1.9913
0.309575,0.399174,0.0325217;1.05969,1.41824,2.08667
0.327606,0.397576,0.0394573;1.41653,1.34574,1.73294
0.327073,0.39255,0.0314092;2.13718,1.4548,1.0011
0.323823,0.393844,0.0286887;1.57739,1.49266,1.55977
0.323889,0.394427,0.0288029;1.6841,1.47917,1.45825
0.325882,0.393632,0.0288569;1.50651,1.3466,1.63328
0.336329,0.388672,0.0325159;1.34427,1.24219,1.7944
0.355024,0.385733,0.0384116;1.35476,1.14036,1.79969
0.347364,0.386139,0.0287588;1.56006,1.30862,1.58691
0.345506,0.387722,0.0285795;1.56627,1.38208,1.57479
0.344995,0.387951,0.0288517;1.65221,1.40743,1.49035
0.344775,0.388611,0.0285718;1.57047,1.3466,1.57127
0.34722,0.3858,0.0299212;1.45562,1.2762,1.68662
0.363642,0.379214,0.0364958;1.31688,1.14937,1.82373
0.372594,0.376729,0.0338342;1.41015,1.1991,1.73983
0.365505,0.378792,0.0286386;1.57393,1.30187,1.57169
0.364042,0.380013,0.0285823;1.57094,1.36732,1.57109
0.36489,0.380015,0.0286053;1.57243,1.34439,1.57053
0.365644,0.378932,0.0287003;1.54911,1.28827,1.59183
0.373314,0.373433,0.0313783;1.43093,1.20644,1.70455
0.40272,0.362823,0.0374707;1.54093,1.12601,1.61831
0.391873,0.364043,0.0288478;1.56542,1.22587,1.58081
0.387709,0.366443,0.0285665;1.56865,1.3192,1.57281
0.386928,0.366925,0.0286647;1.57436,1.36693,1.57138
0.388117,0.366549,0.0285764;1.57026,1.3082,1.57088
0.39173,0.363089,0.0297075;1.48525,1.23273,1.65358
0.422677,0.352416,0.04012;1.52747,1.06439,1.62595
0.421006,0.350194,0.0369158;1.75853,1.13869,1.39944
0.411989,0.350963,0.0300276;1.67364,1.20398,1.46847
0.410536,0.352816,0.0288622;1.61028,1.21761,1.53353
0.412082,0.35356,0.0285272;1.56854,1.12293,1.57154
0.412888,0.351749,0.0289465;1.53386,1.06459,1.60323
0.438943,0.335639,0.0390406;1.42722,0.86167,1.71574
0.439636,0.333394,0.0354777;1.468,0.949597,1.676
0.433401,0.336314,0.0286011;1.57356,1.05518,1.57121
0.431173,0.338626,0.0286356;1.57189,1.16448,1.57249
0.432266,0.33854,0.0285448;1.57154,1.11016,1.56879
0.432726,0.337771,0.0287333;1.55462,1.06639,1.58489
0.432726,0.337771,0.0287333;1.55462,1.06639,1.58489
0.440493,0.330546,0.0331845;1.42619,0.968043,1.69868
0.440493,0.330546,0.0331845;1.42619,0.968043,1.69868
