-0.125,0.125,0.06;-1.57,-2.98023e-08,-1.57
-0.125,0.125,0.06;-1.57,-2.98023e-08,-1.57
-0.125,0.125,0.06;-1.57,-2.98023e-08,-1.57
-0.125595,0.120356,0.0285254;-1.56743,-0.192392,-1.5683
-0.124837,0.121425,0.028799;-1.56022,-0.139598,-1.56912
-0.122812,0.130726,0.0328762;-1.49091,-0.0461018,-1.55987
-0.124744,0.153296,0.0345308;-1.51892,0.0187268,-1.54522
-0.124326,0.145165,0.0285533;-1.57177,-0.135322,-1.57097
-0.124537,0.143247,0.0286186;-1.57086,-0.194366,-1.56902
-0.124372,0.142989,0.0286523;-1.57103,-0.21168,-1.56715
-0.124266,0.146034,0.0287766;-1.56142,-0.0881126,-1.56919
-0.122318,0.156526,0.0318938;-1.5095,0.00658493,-1.56282
-0.124104,0.176132,0.037864;-1.47459,0.112125,-1.54997
-0.12219,0.175568,0.0298208;-1.56014,0.0220539,-1.55796
-0.122931,0.170746,0.0285972;-1.57168,-0.0659867,-1.56894
-0.123616,0.168959,0.0286258;-1.57063,-0.131174,-1.56871
-0.123296,0.170823,0.0285774;-1.57087,-0.0713,-1.5708
-0.121398,0.177845,0.0304855;-1.53216,0.00745896,-1.56357
-0.121482,0.196504,0.0361719;-1.47369,0.103786,-1.55358
-0.122187,0.206343,0.0370228;-1.55194,0.0966107,-1.55121
-0.120588,0.199456,0.0306712;-1.6071,0.01601,-1.56263
-0.120149,0.195215,0.0285779;-1.57063,-0.0414365,-1.57097
-0.120747,0.194856,0.0287966;-1.58119,-0.0272158,-1.57136
-0.121648,0.194656,0.0290323;-1.58631,0.0360683,-1.57649
-0.11826,0.209815,0.0312551;-1.5469,0.125803,-1.57571
-0.11633,0.232253,0.0359537;-1.67934,0.177284,-1.55582
-0.114154,0.23167,0.033694;-1.67466,0.119517,-1.56479
-0.113951,0.225521,0.0292161;-1.59987,0.0774575,-1.57265
-0.114594,0.225803,0.0297372;-1.60534,0.0959702,-1.57054
-0.115409,0.225941,0.0291658;-1.59983,0.122818,-1.56996
-0.107036,0.251233,0.0358418;-1.61341,0.291351,-1.5637
-0.102962,0.269858,0.0399693;-1.67669,0.344725,-1.54124
-0.100021,0.269293,0.0358978;-1.71957,0.28186,-1.53455
-0.101461,0.255992,0.0288916;-1.58567,0.195856,-1.56848
-0.102085,0.255987,0.029109;-1.5947,0.201897,-1.56848
-0.102554,0.256056,0.0288382;-1.58352,0.23993,-1.56793
-0.0978936,0.263602,0.0309486;-1.52369,0.363284,-1.58062
-0.0903269,0.283983,0.0369984;-1.51009,0.458943,-1.57592
-0.0874679,0.291971,0.0381377;-1.55867,0.45463,-1.55543
-0.090152,0.278678,0.0285618;-1.57059,0.266622,-1.57182
-0.0911295,0.277128,0.0286338;-1.57134,0.193568,-1.56853
-0.0908196,0.276812,0.0286754;-1.57268,0.177377,-1.56726
-0.0874085,0.28126,0.029403;-1.54406,0.308626,-1.57511
-0.0806198,0.296909,0.0353693;-1.4683,0.417686,-1.59336
-0.0785079,0.313918,0.0393216;-1.47665,0.477713,-1.57628
-0.0787434,0.301518,0.0286886;-1.57087,0.290438,-1.56541
-0.0798863,0.299954,0.0286094;-1.57081,0.218517,-1.56864
-0.0799692,0.298906,0.0286459;-1.57213,0.176387,-1.5681
-0.0776881,0.302102,0.0290069;-1.55089,0.294885,-1.57436
-0.0711203,0.314027,0.0333614;-1.48172,0.397753,-1.59279
-0.0670511,0.333651,0.0389557;-1.46926,0.488988,-1.58201
-0.0676866,0.327898,0.0286784;-1.57117,0.305433,-1.56569
-0.0694194,0.325963,0.0286085;-1.57048,0.227614,-1.56957
-0.0695251,0.324635,0.028649;-1.57196,0.177085,-1.56771
-0.0675375,0.32714,0.0289486;-1.55214,0.290707,-1.57548
-0.0613163,0.339168,0.0335092;-1.48242,0.391906,-1.59394
-0.057152,0.359127,0.0387056;-1.4696,0.488326,-1.58402
-0.0556386,0.352914,0.028857;-1.56577,0.328494,-1.56405
-0.0571394,0.351095,0.0285717;-1.57073,0.250454,-1.57129
-0.0577767,0.349753,0.0286593;-1.57226,0.191601,-1.56771
-0.056754,0.351955,0.0285872;-1.56956,0.269142,-1.571
-0.053037,0.358,0.0307318;-1.52535,0.340087,-1.57784
-0.0466677,0.377654,0.0364289;-1.5005,0.434915,-1.57926
-0.0430879,0.38312,0.0315275;-1.60292,0.393482,-1.54389
-0.0436836,0.374624,0.0285147;-1.5675,0.309034,-1.57183
-0.0439916,0.373996,0.0285759;-1.57053,0.280696,-1.57089
-0.0444521,0.373955,0.0285876;-1.57133,0.303927,-1.57153
-0.0432323,0.375381,0.0286375;-1.56756,0.372385,-1.57196
-0.0363491,0.386466,0.0322488;-1.49721,0.463276,-1.59361
-0.0265883,0.413802,0.0383163;-1.6134,0.534723,-1.53574
-0.0259015,0.40837,0.03229;-1.63372,0.457326,-1.53182
-0.028223,0.400261,0.0285182;-1.57189,0.375225,-1.57146
-0.0290084,0.399273,0.0286418;-1.57181,0.339406,-1.56759
-0.0281443,0.401318,0.0285855;-1.57,0.429495,-1.57102
-0.0236517,0.405122,0.0299181;-1.53475,0.509063,-1.58164
-0.00879583,0.438649,0.0405538;-1.47072,0.685438,-1.59343
-0.00784017,0.436716,0.0390603;-1.48504,0.606057,-1.59245
-0.0117169,0.4268,0.0287531;-1.56755,0.501524,-1.5666
-0.014182,0.424208,0.0286258;-1.57124,0.359804,-1.56845
-0.0137133,0.425427,0.0285887;-1.57113,0.417604,-1.5698
-0.0106504,0.427662,0.0291966;-1.54454,0.497171,-1.57985
0.00571041,0.460585,0.0394754;-1.47111,0.687819,-1.59508
0.00806381,0.461092,0.0376647;-1.50239,0.615418,-1.5851
0.00519473,0.451953,0.0286792;-1.57099,0.50773,-1.56579
0.00247532,0.449261,0.0286377;-1.5711,0.360578,-1.56814
0.00309959,0.450336,0.0286147;-1.57119,0.407045,-1.56874
0.00551368,0.45197,0.0290724;-1.54686,0.477307,-1.57842
0.0204404,0.484215,0.0388984;-1.47433,0.664905,-1.59439
0.0230117,0.484743,0.0373214;-1.50845,0.583833,-1.58219
0.0204201,0.474928,0.0287554;-1.57005,0.475152,-1.56359
0.0179455,0.472064,0.0286316;-1.57088,0.357936,-1.56835
0.0183871,0.473145,0.0285773;-1.56948,0.412528,-1.56951
0.0200773,0.474157,0.0289016;-1.55524,0.46726,-1.57593
0.0344563,0.499461,0.0376914;-1.49659,0.62802,-1.59035
0.0386087,0.504145,0.0367342;-1.62148,0.562617,-1.53318
0.0372199,0.500086,0.0305891;-1.5951,0.539703,-1.54802
0.035177,0.492748,0.0286425;-1.57409,0.446533,-1.56934
0.0340573,0.492951,0.0290219;-1.5932,0.493729,-1.56193
0.0334806,0.492845,0.0291448;-1.59874,0.533264,-1.56009
0.0379752,0.497304,0.0297372;-1.56443,0.608956,-1.58545
0.0624387,0.531306,0.0397286;-1.72626,0.743089,-1.4724
0.0645556,0.528628,0.0360066;-1.75647,0.669407,-1.46304
0.0607438,0.52247,0.0310021;-1.64819,0.637373,-1.53343
0.0579834,0.521011,0.0292503;-1.60653,0.648694,-1.55327
0.0580476,0.522006,0.0292099;-1.60602,0.681666,-1.55203
0.0586057,0.522858,0.0290336;-1.58141,0.723753,-1.57725
0.0864421,0.550118,0.0410526;-1.65948,0.904691,-1.50231
0.0911228,0.551242,0.0374488;-1.75099,0.825845,-1.43968
0.0852728,0.540592,0.0294416;-1.60807,0.750093,-1.55125
0.0836076,0.53946,0.028918;-1.59279,0.733573,-1.55649
0.0836528,0.541102,0.0285577;-1.56935,0.829528,-1.57145
0.0850686,0.541433,0.0286736;-1.56217,0.879343,-1.57646
0.110517,0.559516,0.0382458;-1.4146,1.05351,-1.67577
0.115199,0.561408,0.0365747;-1.51922,0.988097,-1.59268
0.108517,0.554921,0.028682;-1.57113,0.891672,-1.56552
0.105419,0.55352,0.0286367;-1.571,0.774061,-1.56799
0.106309,0.554138,0.0286436;-1.57096,0.818945,-1.56753
0.108199,0.554459,0.0287947;-1.55415,0.886474,-1.58355
0.133754,0.573083,0.038025;-1.38521,1.07147,-1.70027
0.138285,0.577376,0.0378001;-1.43345,1.0465,-1.65729
0.132012,0.569035,0.0301607;-1.55179,0.951874,-1.57352
0.126445,0.566371,0.0286462;-1.57151,0.811598,-1.56758
0.12662,0.566332,0.0286614;-1.57236,0.807867,-1.56627
0.127726,0.567089,0.0285737;-1.57031,0.862865,-1.57117
0.147717,0.576975,0.0354153;-1.38874,1.04708,-1.70865
0.160227,0.587996,0.0389818;-1.40632,1.10125,-1.6833
0.161005,0.585752,0.0366018;-1.48972,1.03971,-1.61737
0.153616,0.579183,0.0285761;-1.57067,0.895793,-1.57117
0.153163,0.579212,0.0287976;-1.58729,0.884632,-1.55825
0.15307,0.580413,0.0286539;-1.57556,0.946028,-1.56621
0.161867,0.583282,0.0305861;-1.51106,1.07027,-1.62446
0.183369,0.594925,0.0382358;-1.64302,1.16939,-1.50344
0.194786,0.602907,0.0386071;-1.86482,1.16428,-1.3043
0.187577,0.593101,0.0304744;-1.67188,1.06084,-1.4876
0.184867,0.592637,0.0293067;-1.63298,1.07123,-1.52068
0.18449,0.593252,0.030085;-1.66093,1.0825,-1.49447
0.186308,0.594653,0.0317809;-1.69188,1.15669,-1.47584
0.205304,0.599583,0.0363189;-1.79748,1.26525,-1.37064
0.226755,0.607907,0.0416878;-2.1269,1.30385,-1.052
0.228537,0.604855,0.0355144;-1.98771,1.2251,-1.18769
0.224262,0.605211,0.0321573;-1.82645,1.24992,-1.33203
0.222944,0.605605,0.0311343;-1.76852,1.2551,-1.38803
0.225394,0.60695,0.0317322;-1.80155,1.30606,-1.3584
0.240993,0.60881,0.0338239;-1.89654,1.40413,-1.26426
0.263365,0.613811,0.0397772;-2.62945,1.43393,-0.533926
0.262638,0.6108,0.0324662;-2.01513,1.37922,-1.14021
0.257908,0.611066,0.028948;-1.64439,1.3852,-1.50257
0.257519,0.611482,0.0291624;-1.7125,1.38889,-1.43435
0.25713,0.612293,0.0286892;-1.56543,1.48098,-1.58167
0.269323,0.611083,0.0314134;-0.165844,1.52105,-2.96925
0.29094,0.613055,0.038061;1.38533,1.48365,1.77149
0.287993,0.609863,0.0289652;-1.32832,1.52342,-1.80593
0.283889,0.610702,0.0285749;-1.56837,1.439,-1.57346
0.282485,0.610835,0.0286634;-1.57775,1.38683,-1.56125
0.284464,0.610577,0.0285791;-1.56974,1.44815,-1.57202
0.290694,0.608656,0.0302647;-0.810278,1.52052,-2.32516
0.309877,0.60918,0.0365878;0.667777,1.44914,2.49561
0.317882,0.609273,0.0341202;0.45811,1.51342,2.7057
0.309178,0.608391,0.028688;-1.57802,1.49941,-1.55791
0.30758,0.608836,0.0285625;-1.57458,1.4338,-1.56514
0.308127,0.608965,0.0286107;-1.57325,1.4458,-1.56672
0.309794,0.608033,0.0288539;-1.36586,1.50777,-1.77469
0.321792,0.606036,0.0327523;0.44211,1.48815,2.70767
0.346193,0.608109,0.0377679;1.0106,1.44678,2.15869
0.336132,0.60606,0.028964;1.52972,1.55896,1.6222
0.332709,0.606976,0.0285741;-1.57045,1.495,-1.57143
0.332336,0.60743,0.0287402;-1.63624,1.47689,-1.50413
0.332563,0.608171,0.0285763;-1.5732,1.53803,-1.56832
0.33601,0.606633,0.029227;1.13569,1.53932,2.0056
0.376205,0.604259,0.0414864;1.83232,1.37879,1.31839
0.37751,0.601001,0.036399;2.48678,1.39237,0.660121
0.368821,0.599455,0.031056;2.4205,1.49511,0.717331
0.365554,0.601056,0.0292731;2.06649,1.50616,1.07281
0.366243,0.601267,0.029391;1.88262,1.47463,1.25739
0.366719,0.601599,0.0299542;1.79393,1.44657,1.33972
0.405853,0.593068,0.0406689;1.92782,1.23681,1.21611
0.411161,0.589117,0.037652;2.18222,1.26551,0.969779
0.406576,0.589322,0.0340154;2.0424,1.32267,1.10391
0.401647,0.593104,0.0295954;1.70853,1.33325,1.43247
0.403128,0.593127,0.0293702;1.67662,1.3029,1.46596
0.404882,0.592856,0.0291708;1.62543,1.27791,1.50606
0.404882,0.592856,0.0291708;1.62543,1.27791,1.50606
0.421464,0.584927,0.0317452;1.61827,1.17123,1.51901
0.421464,0.584927,0.0317452;1.61827,1.17123,1.51901
