-0.125,0.125,0.06;-1.57,-2.98023e-08,-1.57
-0.125,0.125,0.06;-1.57,-2.98023e-08,-1.57
-0.125,0.125,0.06;-1.57,-2.98023e-08,-1.57
-0.125282,0.12188,0.0285814;-1.57132,-0.211366,-1.5702
-0.125035,0.122026,0.0286901;-1.57053,-0.189938,-1.57626
-0.123093,0.133662,0.0318642;-1.5357,-0.118152,-1.57965
-0.125092,0.16169,0.0379089;-1.74279,-0.0504552,-1.5928
-0.123485,0.155612,0.0288541;-1.57219,-0.106155,-1.58257
-0.123509,0.155225,0.0287937;-1.5815,-0.111277,-1.57177
-0.123904,0.155212,0.0286541;-1.57291,-0.0976998,-1.56954
-0.124637,0.156348,0.0288932;-1.57031,-0.000970394,-1.58589
-0.12082,0.166309,0.0319537;-1.55836,0.07926,-1.59581
-0.116359,0.19232,0.0415318;-1.6836,0.187894,-1.57092
-0.114921,0.201621,0.0363753;-1.72254,0.141394,-1.55718
-0.115616,0.195977,0.030436;-1.61779,0.110062,-1.57007
-0.116465,0.194022,0.0287457;-1.57864,0.105875,-1.57016
-0.117061,0.194321,0.0290481;-1.58033,0.152617,-1.58222
-0.114376,0.200394,0.0305618;-1.57752,0.223949,-1.59023
-0.107263,0.226312,0.0381743;-1.73469,0.329576,-1.5438
-0.105857,0.23636,0.039999;-1.78101,0.320256,-1.52627
-0.103999,0.235188,0.0367036;-1.73515,0.276743,-1.53514
-0.106522,0.228691,0.0288596;-1.57341,0.26811,-1.58115
-0.106969,0.228419,0.0287734;-1.58158,0.271364,-1.57058
-0.107611,0.228273,0.0290312;-1.57865,0.328475,-1.58217
-0.100106,0.239542,0.0326128;-1.58658,0.41285,-1.58438
-0.0912546,0.260959,0.0378038;-1.76552,0.443763,-1.498
-0.0899951,0.261146,0.0351249;-1.71321,0.402679,-1.52188
-0.0934078,0.256104,0.028846;-1.5846,0.389025,-1.56583
-0.0934961,0.256653,0.0288638;-1.58542,0.414149,-1.56479
-0.0943555,0.25664,0.0289357;-1.57995,0.467365,-1.57553
-0.0760114,0.275294,0.0376352;-1.63299,0.618357,-1.55402
-0.0620608,0.296882,0.0407189;-1.80761,0.674846,-1.44806
-0.0585618,0.29998,0.0387091;-1.80929,0.62265,-1.44096
-0.0663994,0.293141,0.0286713;-1.57081,0.623505,-1.57526
-0.0667787,0.293331,0.0287637;-1.58162,0.624971,-1.56461
-0.0667822,0.293921,0.0288005;-1.58428,0.666591,-1.56265
-0.0577274,0.299402,0.031849;-1.56275,0.780236,-1.59986
-0.0372419,0.317565,0.0409716;-1.77817,0.876641,-1.43417
-0.0274509,0.327272,0.0397212;-1.88398,0.85216,-1.34856
-0.0350515,0.321414,0.0289136;-1.57547,0.832017,-1.57977
-0.0354401,0.321204,0.0288629;-1.58967,0.827261,-1.55787
-0.0356417,0.321463,0.0288016;-1.58668,0.838491,-1.55911
-0.0341639,0.322037,0.0295749;-1.57246,0.932802,-1.58941
-0.0152422,0.330984,0.0367997;-1.6641,1.03399,-1.50877
0.00693323,0.345608,0.041237;-1.97537,1.07881,-1.23957
0.00631354,0.344055,0.0321199;-1.71909,1.04361,-1.45061
0.00272325,0.34304,0.02869;-1.57345,1.03751,-1.57254
0.00235896,0.343354,0.0287571;-1.58749,1.03901,-1.55648
0.00217817,0.34426,0.0289974;-1.57849,1.14813,-1.58078
0.0172022,0.34657,0.0333544;-1.63588,1.23127,-1.52993
0.0437442,0.356491,0.0407612;-2.22411,1.27533,-0.972721
0.0464073,0.355529,0.0325892;-1.83216,1.23677,-1.33046
0.0417445,0.355385,0.0287015;-1.57022,1.24656,-1.57737
0.0416149,0.355663,0.0287804;-1.60029,1.24738,-1.54269
0.041384,0.356552,0.0290531;-1.57865,1.35085,-1.57996
0.057979,0.355901,0.0334249;-1.78196,1.4355,-1.38259
0.0869945,0.360355,0.0402076;-3.01088,1.37411,-0.166468
0.0890961,0.359589,0.0342562;-2.44166,1.42198,-0.712965
0.0837662,0.360662,0.0288109;-1.56194,1.47184,-1.59128
0.0838103,0.360798,0.0288277;-1.68262,1.46419,-1.45984
0.0830494,0.36185,0.0289743;-1.66166,1.54134,-1.4959
0.0922075,0.359314,0.0311954;1.65029,1.52822,1.4708
0.11992,0.35689,0.0392706;2.38899,1.35589,0.737111
0.127005,0.356413,0.0377491;2.61536,1.36731,0.524774
0.123867,0.356758,0.0333516;2.51403,1.44892,0.625428
0.119411,0.35827,0.0287018;1.56891,1.50529,1.56678
0.119169,0.358632,0.0289572;1.74785,1.48492,1.39128
0.11903,0.359164,0.0290259;1.60138,1.43041,1.52456
0.134133,0.352977,0.0338062;1.70283,1.34109,1.4231
0.164363,0.347567,0.0405335;2.17529,1.20468,0.972249
0.16437,0.345397,0.0380364;2.188,1.25925,0.963587
0.158018,0.347343,0.0301945;1.74481,1.32713,1.39587
0.156324,0.348877,0.0288416;1.62242,1.32394,1.52058
0.15582,0.350173,0.0288898;1.58584,1.25816,1.54628
0.15872,0.347494,0.0298801;1.56582,1.20222,1.55425
0.204306,0.326426,0.0414196;1.96559,0.987963,1.20285
0.20785,0.322654,0.0405378;1.98996,1.03463,1.17975
0.202978,0.325376,0.0340662;1.82159,1.08333,1.33612
0.19838,0.33055,0.0288052;1.59552,1.10164,1.54891
0.198593,0.331477,0.0288364;1.58472,1.03632,1.55368
0.19931,0.33078,0.0293002;1.57699,0.997845,1.54826
0.235707,0.302112,0.0411946;1.86621,0.789611,1.32305
0.240023,0.297104,0.0405088;1.89039,0.838766,1.30251
0.235166,0.301029,0.0340477;1.7394,0.884027,1.42777
0.231906,0.306686,0.0288287;1.58985,0.89209,1.55582
0.232162,0.30766,0.0287704;1.57692,0.827841,1.56134
0.232668,0.306375,0.0292842;1.57665,0.793496,1.54835
0.262579,0.272296,0.0414323;1.8191,0.593257,1.39273
0.265161,0.266264,0.040441;1.83356,0.644953,1.38312
0.26138,0.269747,0.0341699;1.71952,0.684214,1.46739
0.259387,0.275391,0.028823;1.586,0.697995,1.56082
0.25992,0.276296,0.0289164;1.58403,0.627102,1.55747
0.260192,0.276225,0.0290074;1.57507,0.602713,1.55175
0.27899,0.239753,0.0399362;1.77703,0.412026,1.45795
0.281757,0.232657,0.0393949;1.79835,0.461573,1.45382
0.280282,0.235668,0.0371983;1.75874,0.472368,1.4753
0.276904,0.242789,0.0286879;1.57629,0.516253,1.56763
0.278493,0.2426,0.028913;1.58784,0.464314,1.56372
0.278603,0.243333,0.0288774;1.57238,0.422296,1.55766
0.278433,0.237115,0.0305186;1.56385,0.358235,1.54914
0.291025,0.192024,0.0395317;1.77134,0.202225,1.50764
0.28949,0.19025,0.0380429;1.75681,0.256892,1.51122
0.2887,0.197328,0.0305628;1.62004,0.269469,1.55097
0.28907,0.199717,0.0287521;1.5791,0.269407,1.56873
0.289919,0.199878,0.028814;1.57717,0.20579,1.56417
0.289688,0.199026,0.0291531;1.57282,0.171372,1.55399
0.291464,0.152913,0.0413395;1.75599,-0.0182463,1.541
0.289869,0.144736,0.0398305;1.7734,0.036809,1.54246
0.289562,0.150765,0.0330656;1.66133,0.0573031,1.55587
0.291483,0.155449,0.0287908;1.58103,0.0556428,1.57017
0.2921,0.155712,0.028732;1.57702,-0.00852214,1.56912
0.292049,0.155361,0.0290823;1.57433,-0.0449308,1.55363
0.284869,0.111928,0.040246;1.76884,-0.23147,1.58398
0.2826,0.104911,0.0397814;1.77903,-0.177302,1.59015
0.283672,0.110504,0.0331966;1.66668,-0.162286,1.57894
0.286241,0.114566,0.0287908;1.58098,-0.157184,1.57227
0.286827,0.114389,0.0287634;1.57985,-0.208842,1.57246
0.287262,0.114394,0.0289256;1.57026,-0.246158,1.55387
0.270617,0.0793922,0.0411197;1.72085,-0.429189,1.60872
0.266357,0.0670398,0.0398322;1.79447,-0.409123,1.64296
0.266714,0.0699279,0.0362948;1.73421,-0.376543,1.6234
0.270942,0.0761128,0.0288334;1.58313,-0.370626,1.57446
0.271246,0.0758413,0.0288479;1.58473,-0.382303,1.5758
0.272182,0.0759078,0.028971;1.58332,-0.435349,1.56842
0.25627,0.0566288,0.0365583;1.63337,-0.589907,1.58708
0.243445,0.0322057,0.0402199;1.82681,-0.652358,1.69817
0.239834,0.0294596,0.0394963;1.81872,-0.595345,1.69761
0.246957,0.0370655,0.0287373;1.57079,-0.590252,1.56326
0.247105,0.0371336,0.0287852;1.58258,-0.588821,1.57719
0.24728,0.03643,0.0288482;1.58682,-0.635605,1.58014
0.239564,0.0316353,0.0315285;1.55906,-0.754678,1.53867
0.219594,0.0140484,0.0406622;1.75925,-0.853842,1.69086
0.20909,0.00270216,0.0398497;1.87851,-0.845106,1.78504
0.215263,0.00871532,0.029226;1.60663,-0.815086,1.58997
0.216384,0.00906394,0.0288357;1.58799,-0.810196,1.58242
0.216722,0.00883846,0.0287905;1.58544,-0.819585,1.58154
0.215911,0.00809959,0.0293903;1.57381,-0.917042,1.55439
0.198062,-0.000572139,0.0361871;1.6582,-1.01813,1.62665
0.175409,-0.0161757,0.0410637;1.99007,-1.07268,1.91103
0.176042,-0.0147781,0.0327723;1.73782,-1.02926,1.70521
0.180625,-0.0138806,0.0286993;1.56962,-1.03341,1.56348
0.18082,-0.0140941,0.0287944;1.59086,-1.03248,1.58788
0.180842,-0.0148954,0.0291133;1.57715,-1.13562,1.55916
0.164198,-0.0179054,0.0337623;1.66366,-1.22252,1.63789
0.137099,-0.028292,0.0404265;2.26459,-1.25969,2.20805
0.13537,-0.0277526,0.0330305;1.8527,-1.23896,1.82992
0.140199,-0.0278767,0.0286966;1.56788,-1.24944,1.56162
0.140319,-0.0281727,0.0287854;1.60223,-1.25271,1.6006
0.140574,-0.0288394,0.0290132;1.5857,-1.35107,1.56805
0.126396,-0.0278942,0.0330244;1.67596,-1.43107,1.65369
0.098783,-0.0312819,0.0408951;2.95812,-1.40021,2.9252
0.093361,-0.0313171,0.0350608;2.50021,-1.40735,2.48518
0.0997285,-0.0325035,0.0288085;1.55525,-1.47138,1.54287
0.0999929,-0.0326238,0.0288077;1.67375,-1.46436,1.67301
0.10036,-0.0333247,0.0289471;1.73817,-1.53259,1.72704
0.0959159,-0.0312667,0.0301904;-1.43216,-1.55201,-1.45577
0.0722556,-0.0270336,0.0385901;-2.12915,-1.42013,-2.14332
0.0471576,-0.0238536,0.038444;-2.57768,-1.34023,-2.57776
0.0529357,-0.0251848,0.0320756;-2.15672,-1.43423,-2.15824
0.0562168,-0.0265719,0.0286818;-1.58893,-1.46307,-1.59177
0.0562352,-0.0275318,0.0287942;-1.62772,-1.41078,-1.62825
0.0562856,-0.0276881,0.0289525;-1.57807,-1.37423,-1.59464
0.0446908,-0.0213001,0.0325476;-1.57713,-1.29356,-1.59888
0.00671626,-0.00909922,0.0400766;-2.11721,-1.15562,-2.09634
0.010176,-0.00952905,0.036122;-2.01253,-1.21535,-1.99733
0.0161958,-0.0130565,0.0290399;-1.59813,-1.25567,-1.61018
0.0164722,-0.0135023,0.0288266;-1.60935,-1.2502,-1.60709
0.0167921,-0.0145735,0.0289248;-1.59191,-1.1952,-1.59912
0.0145099,-0.0120351,0.0298419;-1.56928,-1.14667,-1.59156
-0.0277652,0.012404,0.0404084;-1.91594,-0.943971,-1.88248
-0.0295427,0.0154738,0.0391091;-1.93413,-0.997639,-1.89673
-0.0242732,0.0116293,0.0321353;-1.71698,-1.0359,-1.70488
-0.0217684,0.00814441,0.0287394;-1.58599,-1.04501,-1.58401
-0.0223862,0.00748711,0.0287617;-1.58122,-0.977796,-1.58299
-0.022779,0.00790244,0.0290029;-1.5777,-0.941104,-1.59307
-0.0550099,0.0382017,0.040555;-1.82995,-0.730851,-1.78024
-0.0599513,0.0444916,0.0398189;-1.85895,-0.783826,-1.7973
-0.0554487,0.039949,0.0330188;-1.7051,-0.821297,-1.67805
-0.0531601,0.035436,0.0287955;-1.58604,-0.82731,-1.58217
-0.0536291,0.03479,0.0287127;-1.57753,-0.764417,-1.57693
-0.0536958,0.0351564,0.0290878;-1.57663,-0.727521,-1.5917
-0.0536958,0.0351564,0.0290878;-1.57663,-0.727521,-1.5917
-0.0613483,0.0482536,0.0334102;-1.61478,-0.642567,-1.61813
-0.0613483,0.0482536,0.0334102;-1.61478,-0.642567,-1.61813
