-0.125,0.125,0.06;-1.57,-2.98023e-08,-1.57
-0.125,0.125,0.06;-1.57,-2.98023e-08,-1.57
-0.125,0.125,0.06;-1.57,-2.98023e-08,-1.57
-0.125493,0.121068,0.0285828;-1.57261,-0.211675,-1.57036
-0.12521,0.121289,0.02865;-1.57073,-0.193545,-1.57461
-0.123379,0.132426,0.0318056;-1.53379,-0.124658,-1.57729
-0.126579,0.161371,0.0375746;-1.73852,-0.060403,-1.59168
-0.124591,0.154079,0.0287911;-1.57049,-0.131484,-1.58089
-0.124718,0.153696,0.0287972;-1.58113,-0.144744,-1.5723
-0.125168,0.15381,0.0286424;-1.57145,-0.12775,-1.56845
-0.126132,0.154674,0.0288517;-1.57041,-0.0237004,-1.58398
-0.122066,0.163957,0.0322974;-1.54305,0.05645,-1.59449
-0.117661,0.187488,0.0428373;-1.63532,0.161953,-1.57605
-0.115815,0.196944,0.0355007;-1.70326,0.109181,-1.56333
-0.11662,0.189587,0.0297181;-1.60538,0.0615237,-1.57222
-0.117022,0.188203,0.0287115;-1.57801,0.0466223,-1.56969
-0.117916,0.188145,0.0288634;-1.57226,0.0979195,-1.58248
-0.114597,0.195462,0.0305768;-1.56324,0.17122,-1.59082
-0.108917,0.221439,0.0392305;-1.69226,0.275505,-1.55835
-0.107317,0.235745,0.0397018;-1.77519,0.269005,-1.53531
-0.105701,0.234141,0.0362859;-1.7262,0.226583,-1.543
-0.107551,0.227887,0.0288454;-1.57522,0.210735,-1.57958
-0.107758,0.227751,0.0288982;-1.58841,0.200807,-1.57081
-0.108177,0.227444,0.0289301;-1.58164,0.25739,-1.57798
-0.101602,0.238705,0.0328988;-1.56728,0.340872,-1.58847
-0.0938759,0.261512,0.0377927;-1.73179,0.39015,-1.52225
-0.0919347,0.263385,0.0349852;-1.7069,0.347268,-1.53026
-0.0943177,0.258184,0.0288039;-1.58204,0.317712,-1.56736
-0.0945913,0.259167,0.0288499;-1.58351,0.349746,-1.5655
-0.0955199,0.259028,0.0287301;-1.56972,0.405008,-1.57932
-0.078637,0.27804,0.0378592;-1.59769,0.566178,-1.57176
-0.0667372,0.299776,0.0426893;-1.74968,0.625563,-1.48418
-0.062995,0.304439,0.0382924;-1.79346,0.570303,-1.45942
-0.0696844,0.296596,0.0286642;-1.57067,0.545752,-1.57486
-0.0700425,0.296678,0.0287303;-1.579,0.540487,-1.56651
-0.070185,0.297568,0.0288625;-1.58652,0.594135,-1.56271
-0.0611434,0.303404,0.031943;-1.54916,0.707158,-1.60504
-0.0431083,0.322191,0.0418169;-1.71878,0.807362,-1.48198
-0.0328707,0.334175,0.0388069;-1.84354,0.794141,-1.3879
-0.0381581,0.327987,0.0288259;-1.5706,0.755451,-1.58264
-0.0384636,0.327892,0.0288178;-1.58654,0.74658,-1.56023
-0.0385029,0.3285,0.0288066;-1.58437,0.760773,-1.56045
-0.0370703,0.329135,0.0294872;-1.56884,0.866356,-1.58992
-0.0193558,0.33828,0.0369022;-1.59693,0.969405,-1.5638
0.000198574,0.353104,0.0437047;-1.82747,1.03132,-1.36893
0.00107467,0.352637,0.0314604;-1.68154,0.958222,-1.48734
-0.00188685,0.351636,0.0286537;-1.5732,0.954938,-1.57137
-0.00217974,0.352023,0.0287573;-1.58479,0.960053,-1.5589
-0.00197526,0.353025,0.0289543;-1.57517,1.07664,-1.58265
0.0123044,0.3563,0.0336179;-1.56081,1.16217,-1.59815
0.0363953,0.367027,0.042827;-1.95711,1.2388,-1.22661
0.0411407,0.367094,0.0320518;-1.76019,1.16264,-1.40215
0.0375195,0.366734,0.0286556;-1.57075,1.16579,-1.57424
0.0373426,0.367078,0.0287787;-1.59347,1.16501,-1.54955
0.0375265,0.368232,0.0289503;-1.57852,1.28623,-1.57896
0.0519102,0.368368,0.0333824;-1.57862,1.37246,-1.5818
0.078367,0.373957,0.0423418;-2.52258,1.4027,-0.650682
0.0841329,0.374871,0.0337008;-2.11652,1.37311,-1.03971
0.0795864,0.374562,0.02878;-1.57003,1.37703,-1.58102
0.0793106,0.374543,0.0288004;-1.62128,1.3628,-1.52149
0.0787378,0.375861,0.0288518;-1.57019,1.44793,-1.58435
0.0882681,0.373873,0.0311778;-1.43571,1.51941,-1.72344
0.114854,0.37393,0.0408177;2.71151,1.44129,0.413526
0.124895,0.373825,0.0373545;3.03371,1.40029,0.100114
0.120515,0.373096,0.0324696;-2.92146,1.48185,-0.226872
0.117113,0.373469,0.028722;-1.58999,1.53214,-1.55745
0.117055,0.373708,0.0288427;-1.97373,1.53953,-1.1685
0.117002,0.374233,0.0289068;1.58989,1.53634,1.53707
0.132536,0.369711,0.033562;1.63968,1.45047,1.48705
0.167036,0.368311,0.0401997;2.35564,1.28344,0.783583
0.167091,0.366471,0.0374242;2.38918,1.34042,0.75387
0.161169,0.367315,0.0296847;1.85506,1.43019,1.28377
0.160219,0.368195,0.0288228;1.65842,1.43714,1.48392
0.159918,0.369438,0.0288112;1.59933,1.35973,1.53752
0.162909,0.367125,0.0297064;1.56133,1.30849,1.56162
0.208222,0.350306,0.0433471;1.93196,1.09579,1.2187
0.216812,0.345295,0.0396716;2.05829,1.13003,1.10442
0.210814,0.347137,0.0333748;1.84146,1.19259,1.31121
0.207055,0.350298,0.0287965;1.60073,1.21913,1.54261
0.207432,0.351187,0.028823;1.59237,1.14068,1.5481
0.208221,0.350117,0.0291677;1.57564,1.1036,1.55049
0.246585,0.32598,0.0423439;1.83653,0.893592,1.3305
0.254372,0.319337,0.0398793;1.91394,0.938165,1.26803
0.24942,0.322355,0.0334184;1.74825,0.982778,1.41473
0.246548,0.326003,0.0288375;1.59374,1.00733,1.55129
0.247029,0.326735,0.028822;1.58482,0.938287,1.5557
0.247369,0.325891,0.0291774;1.57586,0.897925,1.55037
0.27966,0.294689,0.0418599;1.79172,0.692378,1.39509
0.285694,0.286706,0.0398939;1.8453,0.741505,1.36073
0.281993,0.290264,0.0337273;1.71687,0.77764,1.46105
0.279388,0.294201,0.0288001;1.58605,0.812531,1.5596
0.279903,0.295082,0.0289061;1.58881,0.740583,1.55607
0.280261,0.295134,0.0289114;1.57273,0.718181,1.55541
0.301232,0.263199,0.0422723;1.71787,0.532442,1.47486
0.308437,0.252875,0.0385636;1.80111,0.566699,1.43408
0.306711,0.255321,0.0366592;1.75601,0.578292,1.46021
0.301626,0.261534,0.0286777;1.57657,0.640325,1.56725
0.303147,0.261417,0.0289011;1.58737,0.584469,1.5631
0.303225,0.262473,0.0287642;1.57033,0.5335,1.56193
0.303427,0.256716,0.0304163;1.56028,0.468656,1.5553
0.320674,0.214984,0.0413358;1.72922,0.304138,1.50376
0.32039,0.209636,0.0371224;1.7472,0.362087,1.49872
0.318379,0.215687,0.0299214;1.61191,0.38061,1.54992
0.318596,0.217409,0.0287354;1.57814,0.38876,1.56857
0.31949,0.217665,0.0288008;1.58133,0.310795,1.56558
0.319181,0.216979,0.0290338;1.57221,0.269059,1.5553
0.325222,0.174012,0.0433577;1.70505,0.0740198,1.53782
0.325586,0.163574,0.0386503;1.76197,0.132083,1.53144
0.324385,0.169362,0.0323628;1.65323,0.16062,1.55144
0.324652,0.172998,0.0288252;1.58239,0.181858,1.5689
0.325738,0.173035,0.0287629;1.57817,0.102321,1.56837
0.325594,0.172713,0.0289822;1.57362,0.0556807,1.55447
0.322598,0.129433,0.0416565;1.72258,-0.134202,1.56248
0.321836,0.118777,0.0390887;1.77084,-0.0812255,1.57248
0.320794,0.124571,0.0325779;1.65439,-0.0519563,1.569
0.321768,0.12824,0.0287783;1.58002,-0.034961,1.57122
0.322496,0.127965,0.0288326;1.5823,-0.0937657,1.5707
0.322913,0.128158,0.0288644;1.56967,-0.14114,1.55633
0.309908,0.0926101,0.0418948;1.68373,-0.320071,1.58695
0.307333,0.0760139,0.038582;1.76562,-0.318827,1.61686
0.306558,0.0779274,0.0357095;1.71687,-0.274649,1.60221
0.308202,0.0841295,0.028738;1.57862,-0.242055,1.57258
0.308645,0.0834651,0.028814;1.58167,-0.261184,1.57424
0.310161,0.0838508,0.0286397;1.56907,-0.334575,1.56545
0.297567,0.0679284,0.036998;1.58056,-0.483401,1.56175
0.286584,0.0433741,0.0434915;1.72797,-0.558957,1.63467
0.281442,0.0346555,0.0383966;1.78642,-0.507171,1.66684
0.286208,0.0426632,0.0287291;1.57059,-0.471178,1.56342
0.286373,0.0426049,0.0287749;1.58127,-0.461092,1.57523
0.286693,0.0416566,0.0288829;1.58764,-0.507585,1.57844
0.280175,0.0363323,0.0313964;1.55146,-0.632107,1.54012
0.263367,0.0163695,0.041265;1.68902,-0.732925,1.63481
0.252498,-0.000959352,0.0388997;1.83107,-0.746955,1.73062
0.255422,0.00458685,0.029096;1.59397,-0.695195,1.57865
0.255761,0.00504177,0.028766;1.58184,-0.675649,1.57725
0.255992,0.00464799,0.0287713;1.58166,-0.687241,1.57903
0.255382,0.00358749,0.029234;1.57363,-0.809176,1.55665
0.239517,-0.00628192,0.0363751;1.60301,-0.908504,1.58207
0.219859,-0.0229263,0.0437228;1.81489,-0.982893,1.75344
0.216682,-0.0239695,0.0321477;1.69451,-0.910025,1.662
0.220115,-0.0226531,0.0286478;1.57057,-0.90363,1.56709
0.220319,-0.0230009,0.0287858;1.58643,-0.904744,1.58329
0.220531,-0.0242514,0.0289865;1.57521,-1.02162,1.55923
0.205698,-0.0289822,0.033652;1.59888,-1.10746,1.57927
0.181927,-0.0417036,0.042257;1.94712,-1.1812,1.89595
0.176719,-0.0429456,0.0322896;1.75321,-1.12223,1.72935
0.179695,-0.0418313,0.0286692;1.56977,-1.10932,1.56518
0.179678,-0.0422247,0.0287736;1.59158,-1.10781,1.58927
0.180054,-0.0432542,0.0289332;1.57456,-1.22708,1.55902
0.166365,-0.0438149,0.0330007;1.56616,-1.30885,1.54801
0.139176,-0.0510995,0.0422107;2.26477,-1.3669,2.23163
0.128202,-0.0539364,0.0345639;2.07937,-1.32146,2.0585
0.133429,-0.0531993,0.0287877;1.56693,-1.33412,1.55639
0.133469,-0.0531768,0.0287928;1.61195,-1.32081,1.61047
0.133621,-0.0547952,0.0288338;1.60207,-1.41378,1.59462
0.128842,-0.0530791,0.0299211;1.53787,-1.46905,1.51998
0.106077,-0.0512827,0.0391491;-3.02587,-1.5199,-3.03856
0.0756507,-0.052771,0.0378286;-3.03553,-1.38892,-3.04402
0.0816976,-0.0525023,0.0313619;3.11341,-1.50763,3.10876
0.0840814,-0.0527353,0.0286422;1.57943,-1.54859,1.57667
0.0839891,-0.0541048,0.0288662;-1.92276,-1.53244,-1.9233
0.084368,-0.0543777,0.0288627;-1.56337,-1.48493,-1.5774
0.0729549,-0.0493614,0.032604;-1.49174,-1.40624,-1.51075
0.0293808,-0.0417128,0.0385734;-2.18944,-1.23904,-2.17764
0.0314661,-0.0404322,0.0354907;-2.12297,-1.30573,-2.11672
0.0370742,-0.0417016,0.0288658;-1.58949,-1.36289,-1.59867
0.0368053,-0.0423303,0.0288384;-1.62541,-1.35773,-1.6233
0.0365302,-0.0432326,0.0288661;-1.60369,-1.28853,-1.60695
0.0342928,-0.040917,0.0295923;-1.56717,-1.2406,-1.5845
-0.00724191,-0.0216454,0.0427757;-1.8638,-1.03913,-1.84631
-0.0133286,-0.0167469,0.0379296;-1.96699,-1.0886,-1.93627
-0.00754945,-0.0192615,0.0314795;-1.72421,-1.13613,-1.71604
-0.00523488,-0.021185,0.0287602;-1.59135,-1.15883,-1.58931
-0.00614936,-0.0219892,0.0288009;-1.59175,-1.07908,-1.59024
-0.00638795,-0.0217877,0.028933;-1.5747,-1.03447,-1.58883
-0.0394101,0.00400929,0.0427184;-1.7699,-0.838615,-1.74235
-0.0473025,0.0114757,0.0384096;-1.86951,-0.883715,-1.81692
-0.042615,0.00846133,0.0322622;-1.70202,-0.927248,-1.68216
-0.0407388,0.00550197,0.0288045;-1.58895,-0.946397,-1.58549
-0.0415468,0.00498722,0.0287571;-1.58126,-0.876438,-1.58106
-0.0419407,0.00485362,0.0289236;-1.57375,-0.827076,-1.5885
-0.0419407,0.00485362,0.0289236;-1.57375,-0.827076,-1.5885
-0.0496347,0.0174235,0.0337462;-1.57798,-0.743344,-1.59345
-0.0496347,0.0174235,0.0337462;-1.57798,-0.743344,-1.59345
