0.5,-0.3,0.06;-1.57,-2.98023e-08,-1.57
0.5,-0.3,0.06;-1.57,-2.98023e-08,-1.57
0.5,-0.3,0.06;-1.57,-2.98023e-08,-1.57
0.499902,-0.298812,0.0286362;-1.57019,-0.24147,-1.57402
0.499819,-0.29846,0.0287359;-1.57059,-0.250489,-1.57816
0.499751,-0.297302,0.0290533;-1.57126,-0.245578,-1.57366
0.500578,-0.283284,0.0358566;-1.61451,-0.187517,-1.57106
0.501572,-0.286626,0.0288606;-1.57051,-0.310468,-1.58417
0.501217,-0.287262,0.0286464;-1.57411,-0.303676,-1.57188
0.50104,-0.28762,0.0285841;-1.57108,-0.282411,-1.57104
0.500888,-0.287523,0.0286338;-1.57067,-0.204689,-1.57341
0.501108,-0.278668,0.0292737;-1.5701,-0.111445,-1.56499
0.501233,-0.263811,0.0352122;-1.66388,-0.0366852,-1.55186
0.505006,-0.253701,0.0327559;-1.64315,-0.00986902,-1.58305
0.507757,-0.253616,0.0289981;-1.57179,-0.0687215,-1.58959
0.507395,-0.253882,0.0288006;-1.56927,-0.082295,-1.57983
0.507518,-0.254578,0.0286422;-1.57064,-0.107324,-1.57395
0.507205,-0.2536,0.0292138;-1.58338,-0.0959854,-1.56312
0.505572,-0.249473,0.0340639;-1.64546,-0.0534427,-1.54363
0.505627,-0.25241,0.0359725;-1.66307,-0.0733165,-1.56034
0.505509,-0.262481,0.030866;-1.61492,-0.195543,-1.5855
0.505434,-0.264955,0.0289238;-1.5705,-0.262413,-1.58796
0.505141,-0.265588,0.0286851;-1.57075,-0.269956,-1.57593
0.504758,-0.266246,0.0286402;-1.57099,-0.243637,-1.57382
0.504286,-0.266257,0.028753;-1.57679,-0.211468,-1.56984
0.50444,-0.265691,0.0297405;-1.5885,-0.160555,-1.56078
0.505391,-0.264781,0.030263;-1.54537,-0.113179,-1.57979
0.504538,-0.26505,0.0289647;-1.56316,-0.131221,-1.58062
0.504011,-0.265013,0.0288096;-1.56679,-0.141775,-1.57725
0.504016,-0.265187,0.0286927;-1.57082,-0.12934,-1.57618
0.50273,-0.257026,0.0309265;-1.60767,0.0114055,-1.55607
0.500291,-0.249752,0.0353203;-1.69118,0.0602213,-1.54851
0.500835,-0.247433,0.0345978;-1.6318,0.08624,-1.56537
0.504918,-0.253903,0.0308493;-1.56026,0.0496527,-1.6063
0.503161,-0.257991,0.0302676;-1.56632,0.0359157,-1.6002
0.50289,-0.258902,0.0288192;-1.56877,0.0328228,-1.58027
0.502617,-0.259177,0.0293331;-1.57013,0.0529662,-1.56122
0.501042,-0.259057,0.0316001;-1.61422,0.0573825,-1.55096
0.499708,-0.260727,0.0336175;-1.65327,0.0501151,-1.55101
0.500241,-0.279529,0.0302595;-1.56508,-0.0462318,-1.60391
0.497423,-0.280638,0.0295712;-1.56688,-0.101839,-1.58901
0.495432,-0.280212,0.0288245;-1.57129,-0.140705,-1.58174
0.495395,-0.280726,0.0285874;-1.57087,-0.112471,-1.57117
0.496649,-0.278425,0.0294769;-1.5696,-0.062267,-1.56409
0.498277,-0.272242,0.0321733;-1.5638,-0.00152397,-1.55825
0.502313,-0.261574,0.0314518;-1.51699,0.0552666,-1.58669
0.503608,-0.261352,0.0300599;-1.56439,0.0567861,-1.59973
0.502792,-0.261662,0.0306154;-1.56244,0.0345944,-1.60443
0.502068,-0.258905,0.0288483;-1.57065,0.00251207,-1.58338
0.501603,-0.25583,0.0301133;-1.59415,0.0286738,-1.55564
0.499499,-0.248764,0.0351617;-1.66738,0.0667054,-1.54018
0.499564,-0.252314,0.0290125;-1.55276,0.0290931,-1.57196
0.4991,-0.252247,0.029037;-1.56611,-0.0141369,-1.58795
0.49939,-0.25324,0.0293409;-1.57059,-0.0233748,-1.59042
0.497682,-0.251905,0.0289077;-1.57231,-0.113536,-1.58518
0.496459,-0.251595,0.029212;-1.59784,-0.12256,-1.56973
0.494236,-0.251758,0.0319526;-1.60871,-0.107953,-1.55051
0.492515,-0.254978,0.0286846;-1.57436,-0.147018,-1.57284
0.490288,-0.255224,0.0290594;-1.55817,-0.234431,-1.57853
0.488549,-0.258067,0.0289492;-1.56305,-0.264045,-1.57784
0.489068,-0.259113,0.0298214;-1.56608,-0.258941,-1.59735
0.488982,-0.255866,0.0296894;-1.5681,-0.224473,-1.58435
0.488714,-0.251955,0.0311325;-1.60832,-0.195597,-1.56098
0.49162,-0.240143,0.0314904;-1.56022,-0.0610669,-1.53696
0.492329,-0.238375,0.0307885;-1.54144,-0.0619164,-1.54631
0.491988,-0.239453,0.0290267;-1.55177,-0.0793163,-1.57151
0.492068,-0.240882,0.0291834;-1.55824,-0.083349,-1.58173
0.491499,-0.24074,0.0294514;-1.57097,-0.088785,-1.59015
0.490183,-0.241383,0.0312202;-1.61147,-0.100011,-1.5643
0.487544,-0.238267,0.0364718;-1.66707,-0.0741094,-1.53215
0.488261,-0.242447,0.0317544;-1.62453,-0.114468,-1.56254
0.488953,-0.24567,0.0288425;-1.57083,-0.148593,-1.5834
0.488043,-0.249303,0.0290604;-1.57471,-0.18959,-1.58732
0.487127,-0.249769,0.0292227;-1.57127,-0.200894,-1.59073
0.486602,-0.250647,0.0293293;-1.57575,-0.227556,-1.58836
0.478882,-0.251521,0.03521;-1.62708,-0.218253,-1.53756
0.477761,-0.25191,0.0336416;-1.61365,-0.220364,-1.54304
0.476433,-0.254236,0.0286488;-1.57249,-0.212611,-1.57313
0.476395,-0.254608,0.0287739;-1.57098,-0.233637,-1.57987
0.476912,-0.255838,0.029132;-1.57178,-0.201642,-1.58782
0.477867,-0.256608,0.0304209;-1.56542,-0.190863,-1.60373
0.476447,-0.239889,0.0380099;-1.62947,-0.0791722,-1.54571
0.476525,-0.235948,0.0383519;-1.57335,-0.0271272,-1.53492
0.474748,-0.238483,0.0344452;-1.48514,-0.000448585,-1.541
0.474081,-0.243028,0.030373;-1.5285,-0.0299185,-1.57274
0.474107,-0.245667,0.0305631;-1.53127,-0.029078,-1.57902
0.47398,-0.249074,0.029908;-1.5717,-0.0418232,-1.5955
0.468206,-0.255713,0.0385237;-1.65731,-0.0622595,-1.54914
0.468259,-0.254018,0.0365691;-1.69601,-0.0602578,-1.55994
0.466759,-0.257875,0.0285813;-1.56934,-0.0430469,-1.57079
0.465232,-0.258296,0.0285802;-1.57106,-0.0592269,-1.57124
0.46464,-0.258341,0.0288437;-1.57066,-0.0765314,-1.58332
0.464294,-0.258456,0.0289653;-1.5701,-0.0912062,-1.58872
0.460283,-0.262283,0.0334247;-1.54787,-0.101809,-1.59648
0.458744,-0.265881,0.0355337;-1.50002,-0.107006,-1.59027
0.458744,-0.264489,0.0323812;-1.51699,-0.0855276,-1.57713
0.45959,-0.26253,0.0286549;-1.56735,-0.0214657,-1.57041
0.459388,-0.262327,0.0286521;-1.57057,-0.0520105,-1.57417
0.459373,-0.262436,0.0289733;-1.56826,-0.0421866,-1.58735
0.460356,-0.261925,0.0298388;-1.55993,-0.0428364,-1.58423
0.459548,-0.249747,0.0387032;-1.57845,0.00308618,-1.55462
0.458692,-0.248176,0.0376585;-1.49483,0.0236233,-1.55183
0.457942,-0.247076,0.0356817;-1.4453,0.0376412,-1.55662
0.456242,-0.243327,0.0286907;-1.56783,-0.0504761,-1.57294
0.456008,-0.24303,0.0287197;-1.5707,-0.062513,-1.57736
0.456101,-0.242953,0.0286965;-1.57103,-0.0922686,-1.57664
0.453849,-0.251416,0.0393016;-1.56173,-0.124033,-1.56311
0.452865,-0.247359,0.0382232;-1.56864,-0.137746,-1.57223
0.450353,-0.245201,0.0288662;-1.57125,-0.142189,-1.58472
0.450508,-0.246608,0.0289286;-1.55952,-0.169075,-1.57441
0.45045,-0.246579,0.0289467;-1.56079,-0.172906,-1.57667
0.450393,-0.246554,0.0288951;-1.56787,-0.18197,-1.5826
0.453859,-0.247886,0.0343706;-1.60048,-0.190851,-1.56689
0.455866,-0.247055,0.0364439;-1.57685,-0.178883,-1.58065
0.455162,-0.244278,0.0326793;-1.53111,-0.138902,-1.60783
0.454069,-0.242547,0.032657;-1.52718,-0.102643,-1.60399
0.45534,-0.243536,0.0326246;-1.51864,-0.115086,-1.59429
0.455969,-0.243479,0.0325416;-1.50732,-0.11,-1.58758
0.45726,-0.243435,0.0349316;-1.65156,-0.134797,-1.54482
0.457686,-0.240731,0.0359191;-1.64375,-0.0909606,-1.55069
0.459005,-0.241141,0.0360674;-1.54418,-0.0753444,-1.57667
0.455853,-0.239536,0.0308983;-1.54615,-0.0743508,-1.59363
0.456098,-0.241258,0.0310281;-1.53684,-0.0894043,-1.58844
0.456261,-0.241598,0.0289559;-1.55568,-0.097777,-1.57217
0.456727,-0.247263,0.0305757;-1.59724,-0.180025,-1.55706
0.45444,-0.25163,0.0362196;-1.63763,-0.189579,-1.54195
0.455913,-0.255389,0.0372105;-1.57411,-0.190005,-1.57492
0.453928,-0.25649,0.0288668;-1.57065,-0.191171,-1.58456
0.45414,-0.255907,0.0285859;-1.5708,-0.21974,-1.5711
0.454132,-0.256108,0.028698;-1.56649,-0.22222,-1.56817
0.454483,-0.2559,0.028709;-1.56951,-0.21768,-1.56773
0.456103,-0.253609,0.031968;-1.60313,-0.205509,-1.54741
0.46052,-0.245975,0.0370209;-1.60046,-0.141039,-1.54701
0.463527,-0.242329,0.0342901;-1.48945,-0.0351199,-1.60182
0.462352,-0.240517,0.0308245;-1.52585,-0.041245,-1.57748
0.460953,-0.242042,0.0301326;-1.53171,-0.0693355,-1.57045
0.460695,-0.242342,0.0286777;-1.5724,-0.0717704,-1.56729
0.461383,-0.24583,0.0314036;-1.60975,-0.102001,-1.55389
0.461626,-0.249472,0.037057;-1.67582,-0.126561,-1.53873
0.464242,-0.252893,0.0293568;-1.56799,-0.0643272,-1.59306
0.462709,-0.254239,0.0288692;-1.57016,-0.0693377,-1.58386
0.461958,-0.254525,0.0287395;-1.57055,-0.0777673,-1.57844
0.462094,-0.254889,0.0286588;-1.56808,-0.0778619,-1.57191
0.461489,-0.257214,0.0292776;-1.5779,-0.123629,-1.5625
0.460101,-0.266276,0.0330436;-1.60004,-0.176243,-1.54081
0.460359,-0.277807,0.0290176;-1.56707,-0.14921,-1.58765
0.460913,-0.278483,0.0290703;-1.56386,-0.12623,-1.58642
0.460584,-0.27845,0.0290555;-1.56372,-0.121316,-1.58217
0.460558,-0.277729,0.0287753;-1.57064,-0.145753,-1.58
0.461473,-0.277003,0.0291973;-1.57054,-0.135657,-1.5634
0.464054,-0.272915,0.0334477;-1.59086,-0.117488,-1.53673
0.46951,-0.259481,0.0286246;-1.5705,0.000514537,-1.56859
0.47004,-0.25933,0.0290165;-1.56768,0.0480778,-1.58891
0.469713,-0.258755,0.0295102;-1.55555,0.0402347,-1.58777
0.467709,-0.254993,0.028866;-1.57056,-0.0587681,-1.58438
0.468682,-0.254572,0.0289385;-1.58423,-0.0941948,-1.56764
0.470199,-0.2589,0.0319751;-1.61351,-0.139349,-1.55289
0.472885,-0.269499,0.0320445;-1.60566,-0.228687,-1.5508
0.473613,-0.272363,0.0287471;-1.57093,-0.233412,-1.57901
0.473333,-0.272896,0.0288903;-1.57129,-0.212459,-1.58357
0.472718,-0.270124,0.0289053;-1.56584,-0.252948,-1.58031
0.472226,-0.268714,0.0288643;-1.57045,-0.290208,-1.58421
0.473105,-0.267457,0.0287671;-1.57751,-0.332263,-1.57012
0.47535,-0.269083,0.0326995;-1.58442,-0.368339,-1.54119
0.47697,-0.271592,0.0287109;-1.56827,-0.377062,-1.56502
0.476814,-0.271486,0.0288306;-1.5708,-0.346655,-1.58287
0.477556,-0.270513,0.0289034;-1.56854,-0.334267,-1.58349
0.477233,-0.269635,0.0289197;-1.57051,-0.355932,-1.58688
0.477649,-0.268562,0.0287811;-1.58064,-0.368259,-1.57358
0.47812,-0.261531,0.0362842;-1.64402,-0.33351,-1.53592
0.479062,-0.252436,0.0322643;-1.61407,-0.273873,-1.55434
0.478519,-0.250653,0.0286222;-1.5722,-0.231366,-1.57201
0.478423,-0.250969,0.0289454;-1.56536,-0.22584,-1.58174
0.47854,-0.250974,0.0290096;-1.56997,-0.227795,-1.58604
0.478537,-0.250775,0.0290747;-1.57169,-0.237959,-1.58691
0.483451,-0.260264,0.0350269;-1.64152,-0.385265,-1.54721
0.48684,-0.266042,0.0329174;-1.619,-0.451168,-1.55787
0.488502,-0.269665,0.0285781;-1.57094,-0.491326,-1.57111
0.488299,-0.270362,0.0286627;-1.57068,-0.443216,-1.57467
0.488323,-0.270977,0.0288843;-1.56868,-0.431419,-1.58265
0.488465,-0.271991,0.0297542;-1.57202,-0.417081,-1.59721
0.488465,-0.271991,0.0297542;-1.57202,-0.417081,-1.59721
0.488275,-0.270338,0.0293863;-1.57867,-0.445106,-1.58975
0.488275,-0.270338,0.0293863;-1.57867,-0.445106,-1.58975
