0.5,-0.3,0.06;-1.57,-2.98023e-08,-1.57
0.5,-0.3,0.06;-1.57,-2.98023e-08,-1.57
0.5,-0.3,0.06;-1.57,-2.98023e-08,-1.57
0.499819,-0.297932,0.0286241;-1.57145,-0.243389,-1.57398
0.499903,-0.297518,0.0288245;-1.57031,-0.212043,-1.58273
0.501306,-0.283126,0.0297595;-1.56389,-0.125695,-1.56936
0.499375,-0.265493,0.0356779;-1.69416,-0.00554216,-1.57287
0.502567,-0.279912,0.0288796;-1.57022,-0.0951868,-1.58464
0.502339,-0.280122,0.0286634;-1.57118,-0.115396,-1.57432
0.502287,-0.279232,0.0286368;-1.57093,-0.148986,-1.57372
0.50331,-0.275428,0.0286996;-1.57025,-0.208093,-1.57678
0.504499,-0.265786,0.0293394;-1.56348,-0.137365,-1.56798
0.504033,-0.243879,0.0356468;-1.6763,-0.0324421,-1.5612
0.508922,-0.244386,0.0328343;-1.63877,-0.0906668,-1.58038
0.50978,-0.253768,0.0289761;-1.56586,-0.146508,-1.58907
0.508705,-0.256564,0.0287102;-1.57223,-0.134131,-1.57675
0.507613,-0.260398,0.0286601;-1.5707,0.0225498,-1.57459
0.507948,-0.257627,0.0286879;-1.57563,0.0753739,-1.57076
0.508294,-0.245992,0.0312446;-1.62753,0.116451,-1.56073
0.511158,-0.240847,0.035306;-1.68402,0.108125,-1.55999
0.515184,-0.240388,0.0322376;-1.64109,0.0377662,-1.57462
0.515756,-0.244636,0.0289196;-1.56986,-0.0292612,-1.58664
0.515417,-0.246722,0.0286798;-1.5707,-0.0471075,-1.5757
0.514275,-0.248409,0.0287448;-1.57717,0.0312708,-1.57241
0.512035,-0.248544,0.0294009;-1.59669,0.116322,-1.56747
0.511682,-0.246515,0.0320997;-1.63731,0.144091,-1.56571
0.514655,-0.249035,0.0316016;-1.56546,0.101296,-1.60038
0.515467,-0.249071,0.0287447;-1.57148,-0.0869487,-1.57911
0.515817,-0.248482,0.0286284;-1.57023,-0.151527,-1.57312
0.516052,-0.248781,0.0286318;-1.57068,-0.130392,-1.57323
0.514314,-0.239171,0.0303906;-1.61706,0.0126388,-1.56619
0.512812,-0.234862,0.0347982;-1.68234,0.0622571,-1.56042
0.515054,-0.237156,0.0355281;-1.6816,0.0643214,-1.5694
0.517527,-0.254054,0.0295373;-1.56275,-0.015237,-1.58967
0.51598,-0.256373,0.0288204;-1.56702,-0.0800413,-1.58119
0.516563,-0.255145,0.0286801;-1.57229,-0.13709,-1.57486
0.517242,-0.245567,0.0294431;-1.58725,-0.0752509,-1.56054
0.514363,-0.236441,0.0332146;-1.65123,-0.00655936,-1.55641
0.514759,-0.234915,0.0351474;-1.68154,-0.00606898,-1.56223
0.51955,-0.247412,0.030491;-1.56532,-0.0996558,-1.60657
0.515184,-0.256299,0.0291367;-1.57228,-0.104579,-1.5844
0.514077,-0.259688,0.0287878;-1.57155,-0.0912685,-1.58045
0.51462,-0.259808,0.0288668;-1.55958,0.0402648,-1.56814
0.515032,-0.246588,0.0297564;-1.59543,0.088798,-1.5603
0.515138,-0.237551,0.0353212;-1.693,0.0941626,-1.55007
0.522852,-0.240674,0.0302123;-1.56457,-0.0166131,-1.60563
0.519686,-0.247348,0.0300946;-1.56467,-0.0781269,-1.59633
0.517831,-0.251604,0.0288299;-1.5721,-0.116411,-1.58157
0.516734,-0.254186,0.0286109;-1.56883,0.00908149,-1.57144
0.514973,-0.248807,0.0296612;-1.59757,0.11416,-1.56108
0.511422,-0.244554,0.0346808;-1.68791,0.198085,-1.54248
0.517605,-0.255348,0.0302822;-1.56446,0.118576,-1.60634
0.515574,-0.259042,0.0300996;-1.56002,0.0469217,-1.59758
0.515337,-0.260232,0.0294241;-1.55877,-0.0364311,-1.5863
0.515956,-0.255959,0.0286082;-1.57181,-0.0601425,-1.57174
0.515402,-0.246507,0.0301604;-1.59366,0.02308,-1.55525
0.510935,-0.238307,0.0338342;-1.65991,0.0863397,-1.5458
0.51435,-0.247218,0.0303099;-1.60562,0.0317444,-1.57947
0.515221,-0.259038,0.0303018;-1.56513,0.033847,-1.60483
0.513015,-0.269116,0.0318141;-1.54999,0.0318725,-1.61261
0.512623,-0.266394,0.0291137;-1.56476,0.0032335,-1.59052
0.513698,-0.258264,0.0288142;-1.57532,0.0526,-1.56719
0.51239,-0.245346,0.0326873;-1.63314,0.133116,-1.54425
0.514401,-0.244872,0.0328662;-1.63916,0.0934897,-1.55253
0.516894,-0.249486,0.0296646;-1.58602,0.0554275,-1.58712
0.516589,-0.254692,0.0307449;-1.56583,0.0461624,-1.60823
0.51396,-0.260806,0.0289309;-1.57333,0.0301584,-1.58547
0.513564,-0.262206,0.0287238;-1.5705,0.0919037,-1.57771
0.513942,-0.25701,0.0295601;-1.57815,0.184312,-1.55582
0.513767,-0.24595,0.0352339;-1.70084,0.195583,-1.53737
0.51869,-0.24415,0.0328355;-1.65346,0.121189,-1.56642
0.522441,-0.24803,0.0296677;-1.56669,0.0524343,-1.598
0.520186,-0.256725,0.0297164;-1.56613,-0.0339162,-1.59322
0.519593,-0.259261,0.0288144;-1.57167,-0.00344551,-1.58578
0.519298,-0.258545,0.0286254;-1.56798,0.0615275,-1.5705
0.514477,-0.246733,0.035709;-1.68693,0.228964,-1.52105
0.514167,-0.251197,0.0357951;-1.68721,0.231098,-1.52058
0.514968,-0.261212,0.0291032;-1.58363,0.18642,-1.58399
0.513297,-0.271306,0.0315573;-1.54847,0.0715751,-1.61036
0.514325,-0.265673,0.0302815;-1.56775,0.0323686,-1.60279
0.515014,-0.262134,0.0288122;-1.57171,0.0424758,-1.58086
0.512457,-0.24412,0.034675;-1.67061,0.191663,-1.53233
0.513827,-0.244981,0.0354243;-1.67909,0.172491,-1.52896
0.514593,-0.253175,0.0295189;-1.59426,0.131455,-1.57739
0.510165,-0.27291,0.0313454;-1.55259,0.130178,-1.61044
0.510266,-0.272304,0.0307345;-1.56292,0.137575,-1.60867
0.510681,-0.270428,0.0291983;-1.56723,0.154822,-1.58663
0.508642,-0.248598,0.0348968;-1.69359,0.25862,-1.52827
0.510917,-0.250133,0.0348684;-1.67576,0.218673,-1.52893
0.513676,-0.257772,0.0290591;-1.59356,0.133708,-1.56751
0.511358,-0.26474,0.0291242;-1.56804,0.0795866,-1.58599
0.510386,-0.267992,0.0305467;-1.56686,0.105463,-1.60726
0.509592,-0.270925,0.0302543;-1.56562,0.136432,-1.60521
0.505922,-0.257697,0.0346376;-1.68625,0.327059,-1.52374
0.507672,-0.259179,0.0342181;-1.66309,0.27628,-1.52831
0.507669,-0.26312,0.0305275;-1.60133,0.249254,-1.54979
0.507931,-0.264494,0.0288594;-1.57083,0.0556076,-1.58436
0.509012,-0.266008,0.0305983;-1.57053,-0.00876006,-1.60551
0.50904,-0.265683,0.0295656;-1.56758,-0.00531765,-1.59466
0.509155,-0.262693,0.0289827;-1.58347,0.0682768,-1.57405
0.505977,-0.248836,0.0345855;-1.66538,0.228243,-1.52624
0.505887,-0.256295,0.0331591;-1.64654,0.225592,-1.53881
0.50609,-0.263282,0.0288429;-1.57047,0.163432,-1.58354
0.505277,-0.268615,0.0291685;-1.565,0.0892116,-1.58916
0.505673,-0.267445,0.0302662;-1.56536,0.0737877,-1.60314
0.506852,-0.262394,0.0292983;-1.56917,0.0754918,-1.58856
0.505025,-0.244946,0.0343545;-1.68506,0.202799,-1.53526
0.507388,-0.246583,0.0343589;-1.65107,0.17229,-1.53186
0.508233,-0.253884,0.0285796;-1.57025,0.110779,-1.57088
0.507292,-0.258675,0.0288215;-1.57145,0.0583685,-1.58218
0.506913,-0.263969,0.0292892;-1.5693,0.0951602,-1.59022
0.508682,-0.266863,0.0306665;-1.55335,0.153887,-1.60506
0.510216,-0.243964,0.0346654;-1.6881,0.192189,-1.54149
0.512977,-0.244926,0.0348158;-1.67272,0.148982,-1.53722
0.515426,-0.252924,0.0285899;-1.56669,0.0604334,-1.57061
0.514998,-0.253953,0.0287729;-1.5711,-0.0522093,-1.57994
0.514623,-0.256638,0.0289687;-1.57525,-0.0349892,-1.58533
0.514756,-0.260889,0.0301737;-1.56197,0.0239502,-1.60262
0.512659,-0.245663,0.0342043;-1.67624,0.214422,-1.54459
0.5127,-0.246316,0.0350734;-1.69906,0.208579,-1.53878
0.51438,-0.252326,0.0309048;-1.61272,0.160716,-1.5559
0.513603,-0.254566,0.0286992;-1.57078,-0.0459123,-1.57658
0.514384,-0.25217,0.0287766;-1.57214,-0.163598,-1.57949
0.514544,-0.252119,0.0289485;-1.57108,-0.167727,-1.58797
0.515875,-0.237053,0.0324335;-1.56599,-0.0444651,-1.58812
0.511604,-0.232535,0.0348981;-1.67296,0.0293718,-1.55262
0.511831,-0.234173,0.0342798;-1.6638,0.0250332,-1.54948
0.513333,-0.243527,0.0287964;-1.56558,-0.0499022,-1.57602
0.513228,-0.245815,0.0286615;-1.57065,-0.0715622,-1.57466
0.513289,-0.246621,0.0287227;-1.5721,-0.0886845,-1.5764
0.515198,-0.238371,0.0303949;-1.56601,-0.0440014,-1.59304
0.51289,-0.232161,0.0342889;-1.58902,0.0179983,-1.58552
0.512143,-0.231906,0.0353709;-1.62058,0.0157205,-1.56841
0.516015,-0.238676,0.0288574;-1.56415,-0.06184,-1.5809
0.515402,-0.241668,0.0286819;-1.57075,-0.0764896,-1.5757
0.51522,-0.243369,0.0287372;-1.57055,-0.0932718,-1.57805
0.517071,-0.248874,0.0305215;-1.54725,0.0334078,-1.59505
0.516887,-0.238228,0.0306975;-1.56963,0.0704934,-1.58441
0.516348,-0.233386,0.0355903;-1.66124,0.0467407,-1.5516
0.522312,-0.241339,0.0290055;-1.56787,-0.0965303,-1.58842
0.523361,-0.24345,0.0290632;-1.56171,-0.123008,-1.58381
0.5243,-0.24506,0.0289044;-1.56511,-0.140245,-1.57994
0.524934,-0.246483,0.0289827;-1.56674,-0.0520898,-1.58717
0.524954,-0.239704,0.0302563;-1.58688,0.0502603,-1.58028
0.520426,-0.238403,0.0356913;-1.66916,0.117296,-1.56236
0.521412,-0.243837,0.0287783;-1.56224,0.0286396,-1.57566
0.520699,-0.243846,0.0286606;-1.57037,-0.0593783,-1.57525
0.520679,-0.244011,0.028654;-1.57131,-0.137982,-1.57536
0.520766,-0.244164,0.0286117;-1.57051,-0.117165,-1.57273
0.520451,-0.237572,0.0294816;-1.58507,-0.0405897,-1.57799
0.518325,-0.232123,0.0343087;-1.66039,0.0277821,-1.57009
0.519283,-0.235802,0.0305605;-1.61801,-0.00639914,-1.57435
0.519296,-0.239227,0.0287591;-1.57019,-0.0433831,-1.58158
0.519085,-0.244171,0.0286644;-1.57121,-0.0636508,-1.57662
0.518878,-0.246656,0.0287448;-1.57695,-0.0652328,-1.57416
0.51971,-0.24447,0.0291033;-1.56245,-0.0292204,-1.57769
0.519863,-0.232801,0.0315632;-1.61676,0.021509,-1.57519
0.520738,-0.233606,0.0335973;-1.64109,-0.00663634,-1.57298
0.523267,-0.240802,0.0289007;-1.57112,-0.0900124,-1.58668
0.522821,-0.243073,0.0288771;-1.56471,-0.104167,-1.57824
0.522989,-0.24557,0.0286633;-1.5705,-0.103982,-1.57481
0.522261,-0.247035,0.0287952;-1.5718,-0.0341828,-1.58223
0.521004,-0.246956,0.0290722;-1.58266,0.0644998,-1.57625
0.522091,-0.236358,0.0359167;-1.67682,0.0815579,-1.57275
0.52467,-0.233854,0.031427;-1.612,0.00941988,-1.58842
0.525413,-0.238859,0.0299173;-1.55445,-0.0545768,-1.59179
0.525944,-0.245004,0.0290574;-1.5615,-0.137564,-1.58324
0.525974,-0.245473,0.0291708;-1.55892,-0.121602,-1.58578
0.525822,-0.244721,0.0286103;-1.57245,-0.0538782,-1.57071
0.522154,-0.238035,0.0362597;-1.67365,0.106126,-1.56027
0.523083,-0.238363,0.0364632;-1.62892,0.0744853,-1.56743
0.523334,-0.243167,0.0288573;-1.57066,0.0169592,-1.58537
0.523254,-0.243576,0.0286135;-1.57092,-0.114963,-1.57245
0.523821,-0.243435,0.028627;-1.57114,-0.117059,-1.57325
0.523947,-0.242278,0.0285953;-1.57051,-0.0903263,-1.56988
0.520291,-0.232348,0.0336824;-1.66864,0.0320618,-1.57008
0.522789,-0.233044,0.0347295;-1.66274,0.012183,-1.57128
0.524988,-0.239364,0.0291948;-1.57054,-0.0369075,-1.58915
0.523761,-0.24422,0.0286833;-1.57059,-0.0894157,-1.57589
0.523923,-0.245513,0.0287024;-1.56771,-0.083353,-1.57385
0.524003,-0.24568,0.0285839;-1.57135,-0.0404462,-1.57013
0.524003,-0.24568,0.0285839;-1.57135,-0.0404462,-1.57013
0.522809,-0.239535,0.0290753;-1.5869,0.0110254,-1.56313
0.522809,-0.239535,0.0290753;-1.5869,0.0110254,-1.56313
