0.5,-0.3,0.06;-1.57,-2.98023e-08,-1.57
0.5,-0.3,0.06;-1.57,-2.98023e-08,-1.57
0.5,-0.3,0.06;-1.57,-2.98023e-08,-1.57
0.500462,-0.29621,0.0287411;-1.5705,-0.281058,-1.57881
0.500522,-0.295759,0.0286394;-1.57056,-0.246798,-1.57369
0.499056,-0.288622,0.0307482;-1.59364,-0.130634,-1.55138
0.492987,-0.274426,0.0336999;-1.6423,0.0590109,-1.54195
0.494723,-0.279354,0.0287524;-1.57067,-0.0931161,-1.57898
0.493219,-0.277418,0.0286652;-1.57244,-0.212963,-1.57352
0.493184,-0.27738,0.0286023;-1.57097,-0.223414,-1.57189
0.492603,-0.279976,0.0287251;-1.5708,-0.114782,-1.57755
0.492142,-0.278477,0.0289048;-1.56751,-0.0377031,-1.56955
0.490871,-0.272152,0.0309531;-1.59744,0.0406508,-1.55361
0.49665,-0.258288,0.0303605;-1.58669,-0.0476884,-1.55167
0.499013,-0.258745,0.0286662;-1.57051,-0.149097,-1.57519
0.497993,-0.25735,0.0287322;-1.56774,-0.2456,-1.5749
0.497609,-0.25821,0.028661;-1.57085,-0.173123,-1.5747
0.495837,-0.254944,0.0297356;-1.5862,-0.0502586,-1.55878
0.490485,-0.248782,0.0338366;-1.639,0.0775368,-1.5352
0.487413,-0.249097,0.0350135;-1.66592,0.127391,-1.53648
0.490451,-0.255831,0.0309716;-1.62088,0.0627813,-1.56685
0.492075,-0.260184,0.0287396;-1.57068,-0.0705499,-1.5788
0.491644,-0.259225,0.0286795;-1.57074,-0.146657,-1.57546
0.491736,-0.258836,0.0286317;-1.57037,-0.112374,-1.57351
0.490655,-0.249702,0.0299313;-1.57017,0.000879198,-1.55426
0.488257,-0.243333,0.0325697;-1.63044,0.0450359,-1.54979
0.4928,-0.246126,0.0287608;-1.57884,-0.0253354,-1.57072
0.492626,-0.247957,0.0292754;-1.56322,-0.198812,-1.58159
0.492396,-0.248811,0.0292653;-1.56302,-0.213986,-1.58319
0.492442,-0.249047,0.028757;-1.57078,-0.175807,-1.57918
0.487251,-0.248307,0.0302662;-1.6113,0.0692543,-1.56256
0.48361,-0.247148,0.0338301;-1.6788,0.145316,-1.5528
0.48463,-0.250008,0.0332854;-1.65962,0.127337,-1.55157
0.48753,-0.252499,0.0289007;-1.5673,-0.0555297,-1.58259
0.487866,-0.251215,0.0288236;-1.57149,-0.130109,-1.58215
0.487995,-0.250531,0.0288555;-1.57328,-0.151686,-1.58166
0.484634,-0.252434,0.0295842;-1.59268,-0.0860865,-1.58125
0.479901,-0.248432,0.0332062;-1.65005,0.030532,-1.56751
0.477261,-0.243977,0.0343927;-1.65194,0.0925827,-1.54419
0.484174,-0.242368,0.0296232;-1.56661,-0.0276355,-1.59718
0.483028,-0.24399,0.0307495;-1.55897,-0.094602,-1.60241
0.481616,-0.243659,0.0303686;-1.56567,-0.144017,-1.59995
0.476999,-0.249021,0.0308929;-1.56586,-0.0440579,-1.61079
0.472122,-0.254245,0.0313265;-1.57616,0.06052,-1.61011
0.467812,-0.25422,0.0351261;-1.59871,0.143603,-1.59084
0.474433,-0.251682,0.0310535;-1.55759,0.0130727,-1.61272
0.474319,-0.247931,0.03071;-1.56203,-0.0779437,-1.60505
0.474196,-0.246207,0.0312028;-1.56932,-0.14804,-1.61218
0.474232,-0.247174,0.0321352;-1.55695,-0.03506,-1.62782
0.471735,-0.25048,0.0320741;-1.58269,0.0391434,-1.61587
0.467221,-0.253328,0.0347305;-1.65652,0.125574,-1.58304
0.472768,-0.252832,0.0310979;-1.56251,0.0223099,-1.61645
0.472237,-0.252334,0.0321841;-1.54837,-0.0390456,-1.61918
0.473216,-0.249998,0.0314557;-1.56497,-0.113094,-1.6128
0.472212,-0.253526,0.0313483;-1.55768,0.0420552,-1.61918
0.469966,-0.255204,0.032327;-1.54524,0.150683,-1.61056
0.466339,-0.255858,0.0355223;-1.59904,0.224998,-1.58849
0.471908,-0.252886,0.0330878;-1.50523,0.117604,-1.60256
0.473488,-0.249354,0.0295476;-1.56765,0.032568,-1.59566
0.473482,-0.248191,0.0299001;-1.56491,-0.0298495,-1.59354
0.472997,-0.249758,0.029919;-1.56934,-0.0287066,-1.60116
0.47082,-0.250754,0.0300618;-1.59743,0.0332261,-1.58343
0.467601,-0.250594,0.032911;-1.6554,0.117392,-1.57079
0.464425,-0.252027,0.0317461;-1.63576,0.179133,-1.56675
0.466557,-0.254431,0.0288238;-1.57076,0.126184,-1.58259
0.466084,-0.253317,0.0290816;-1.56246,0.0357523,-1.58686
0.465476,-0.251991,0.0288232;-1.57055,-0.0267012,-1.58243
0.464613,-0.253574,0.0289851;-1.57396,0.00691509,-1.58718
0.463451,-0.256408,0.0292157;-1.59261,0.0662372,-1.57884
0.460819,-0.255705,0.0321141;-1.62702,0.140311,-1.54778
0.464996,-0.248765,0.0314013;-1.56806,0.0621929,-1.5482
0.467448,-0.247407,0.0286868;-1.57056,-0.0467839,-1.57599
0.466098,-0.247142,0.0288437;-1.56758,-0.186958,-1.57969
0.465932,-0.247524,0.0286883;-1.57109,-0.148775,-1.57602
0.465183,-0.245658,0.028864;-1.57148,-0.0460226,-1.56484
0.454641,-0.252386,0.035166;-1.65004,0.140701,-1.52307
0.456091,-0.253988,0.0360968;-1.62062,0.109093,-1.51658
0.45794,-0.258693,0.0286214;-1.57117,0.0284928,-1.57245
0.456609,-0.256164,0.0286647;-1.5707,-0.142569,-1.57482
0.456407,-0.257225,0.0286782;-1.57077,-0.078135,-1.57531
0.457332,-0.25781,0.0286796;-1.56561,0.0302627,-1.57009
0.455569,-0.246724,0.0340215;-1.64702,0.104292,-1.53879
0.460911,-0.241322,0.0341436;-1.62198,0.00341964,-1.53864
0.465827,-0.240868,0.0288058;-1.58068,-0.10423,-1.57305
0.467318,-0.247555,0.0294912;-1.5612,-0.192731,-1.58261
0.4681,-0.247714,0.0286891;-1.57073,-0.118305,-1.57587
0.467325,-0.247738,0.0286001;-1.57062,-0.0224526,-1.57171
0.457681,-0.250443,0.0340456;-1.66316,0.165355,-1.5415
0.458591,-0.252677,0.034954;-1.65176,0.140765,-1.53123
0.459182,-0.257989,0.0286176;-1.57191,0.111737,-1.56926
0.458455,-0.256882,0.0286646;-1.57111,-0.0602123,-1.57518
0.458362,-0.256661,0.0286596;-1.57079,-0.0458281,-1.57455
0.458439,-0.256189,0.0286301;-1.5708,-0.0510864,-1.57316
0.456126,-0.250515,0.0317883;-1.60573,0.0707325,-1.54406
0.455314,-0.251492,0.031774;-1.59716,0.0775223,-1.53898
0.455347,-0.25177,0.0307846;-1.5806,0.083197,-1.53844
0.45753,-0.251094,0.0289135;-1.56611,-0.0417085,-1.58191
0.456921,-0.248916,0.0288183;-1.57282,-0.124233,-1.58047
0.456289,-0.250164,0.0289086;-1.57042,-0.0771949,-1.5866
0.454307,-0.252731,0.0289429;-1.57939,0.0290599,-1.57936
0.442248,-0.262655,0.0319961;-1.63494,0.231053,-1.55659
0.442599,-0.264245,0.0335401;-1.56298,0.21767,-1.57476
0.445831,-0.261385,0.0290449;-1.56764,0.119549,-1.59109
0.4462,-0.256212,0.0289167;-1.57089,-0.04243,-1.58623
0.44623,-0.255991,0.0293036;-1.57233,-0.0318611,-1.59012
0.445701,-0.256571,0.0298584;-1.56703,0.00831494,-1.59603
0.436777,-0.254597,0.0357521;-1.66213,0.200134,-1.54218
0.441072,-0.254731,0.0362442;-1.60589,0.164191,-1.57476
0.44621,-0.254221,0.0300341;-1.56711,0.0889042,-1.60249
0.446232,-0.250786,0.030711;-1.56219,-0.0213798,-1.60475
0.445996,-0.251611,0.0320928;-1.55927,0.00921259,-1.62092
0.444934,-0.252422,0.031385;-1.55419,0.0921528,-1.61355
0.43577,-0.259899,0.0361466;-1.62091,0.295915,-1.58458
0.437099,-0.260814,0.0377366;-1.59817,0.299666,-1.59313
0.441101,-0.261504,0.0332996;-1.50408,0.225999,-1.62101
0.443687,-0.256623,0.0316318;-1.56187,0.0487848,-1.61434
0.444472,-0.254792,0.0323999;-1.56198,0.0276678,-1.62351
0.445036,-0.255388,0.0317325;-1.55722,0.0712003,-1.62184
0.437911,-0.257904,0.0353942;-1.62127,0.242701,-1.57461
0.434312,-0.26039,0.0358656;-1.61391,0.2907,-1.56497
0.437892,-0.259485,0.0360432;-1.54108,0.25237,-1.59849
0.440115,-0.256517,0.0306759;-1.55253,0.122342,-1.60456
0.441063,-0.252357,0.0301518;-1.56783,0.0415727,-1.5988
0.440735,-0.252965,0.0303075;-1.56909,0.0567137,-1.60331
0.435483,-0.260221,0.0308258;-1.56999,0.22112,-1.60099
0.430874,-0.261554,0.0335428;-1.57349,0.277601,-1.57511
0.428419,-0.262925,0.0330822;-1.52377,0.301988,-1.58433
0.432294,-0.255862,0.0290729;-1.56613,0.162325,-1.59186
0.431966,-0.253439,0.0291678;-1.56566,0.1024,-1.5858
0.432276,-0.251384,0.0288668;-1.56961,0.0513401,-1.58349
0.430697,-0.250235,0.0292636;-1.58035,0.151075,-1.56588
0.426533,-0.253287,0.0314316;-1.6237,0.21576,-1.54722
0.422077,-0.255788,0.0332807;-1.62777,0.256641,-1.52274
0.426121,-0.255619,0.0287033;-1.57052,0.164737,-1.57681
0.425877,-0.253582,0.0286999;-1.57067,0.054597,-1.57646
0.426368,-0.252833,0.0286808;-1.57082,0.0168634,-1.57546
0.4254,-0.255421,0.0287167;-1.56555,0.220224,-1.56963
0.424773,-0.255796,0.0294736;-1.57971,0.247996,-1.55818
0.423305,-0.255623,0.0321326;-1.6193,0.255464,-1.53745
0.431349,-0.251758,0.0286373;-1.57093,0.0802277,-1.5736
0.430426,-0.249571,0.0286595;-1.56959,-0.0470838,-1.57373
0.430246,-0.247802,0.0286901;-1.57082,-0.131535,-1.57607
0.429569,-0.247942,0.0285892;-1.57087,-0.00359482,-1.56953
0.426904,-0.246859,0.03073;-1.60182,0.119947,-1.55031
0.422593,-0.251044,0.0334706;-1.65207,0.190917,-1.53401
0.423273,-0.255718,0.0285868;-1.57069,0.169398,-1.57044
0.422458,-0.254886,0.028759;-1.56642,0.0601273,-1.57524
0.421951,-0.252715,0.0286435;-1.5708,-0.0395706,-1.57374
0.422433,-0.25373,0.0286052;-1.57071,0.0425277,-1.57224
0.424945,-0.24736,0.0296145;-1.57139,0.128135,-1.55866
0.422574,-0.248583,0.0310099;-1.59728,0.154336,-1.5459
0.424248,-0.24981,0.030568;-1.55833,0.156981,-1.54807
0.425369,-0.249761,0.0286143;-1.56964,0.068193,-1.57157
0.423822,-0.248294,0.0287918;-1.56662,-0.0294428,-1.57657
0.42302,-0.246104,0.0286862;-1.57074,-0.1098,-1.57578
0.422749,-0.244729,0.0289554;-1.57003,0.0126156,-1.56291
0.418635,-0.247644,0.0316257;-1.60173,0.145961,-1.54029
0.409608,-0.258213,0.03349;-1.57284,0.334127,-1.52338
0.410652,-0.259153,0.0286557;-1.57087,0.298545,-1.56719
0.410181,-0.258179,0.0286871;-1.5708,0.167394,-1.57588
0.4109,-0.256092,0.0286449;-1.57073,0.0634182,-1.5738
0.410803,-0.25607,0.0286892;-1.57076,0.0766699,-1.576
0.410973,-0.251321,0.0295126;-1.57968,0.15645,-1.5608
0.407226,-0.250285,0.0322076;-1.62962,0.230154,-1.53682
0.413444,-0.250009,0.030339;-1.59946,0.171414,-1.55695
0.415676,-0.250538,0.0288858;-1.57015,0.0963355,-1.58492
0.415476,-0.248423,0.0288658;-1.57079,0.0244347,-1.58448
0.414325,-0.250147,0.0290019;-1.57423,0.0640699,-1.58741
0.411201,-0.251352,0.0289649;-1.57679,0.197304,-1.58179
0.40054,-0.259711,0.0368743;-1.66039,0.412625,-1.52822
0.403397,-0.260322,0.0369676;-1.62043,0.395415,-1.56567
0.409075,-0.260813,0.0294972;-1.56815,0.295447,-1.59517
0.410957,-0.258058,0.0292785;-1.57122,0.156017,-1.58787
0.411942,-0.25661,0.0306992;-1.56525,0.172205,-1.60678
0.412141,-0.255706,0.0307039;-1.56067,0.236617,-1.60947
0.402905,-0.260966,0.0363476;-1.6488,0.421543,-1.53875
0.403969,-0.261804,0.0370438;-1.60439,0.418657,-1.57338
0.408649,-0.261886,0.0307314;-1.56271,0.351533,-1.61432
0.409173,-0.260072,0.0317646;-1.55346,0.226593,-1.61729
0.409611,-0.257987,0.0316927;-1.56305,0.195404,-1.61902
0.40902,-0.259782,0.0314714;-1.55577,0.242306,-1.62099
0.40902,-0.259782,0.0314714;-1.55577,0.242306,-1.62099
0.407289,-0.261489,0.0352309;-1.52422,0.38164,-1.62184
0.407289,-0.261489,0.0352309;-1.52422,0.38164,-1.62184
