0.5,-0.3,0.06;-1.57,-2.98023e-08,-1.57
0.5,-0.3,0.06;-1.57,-2.98023e-08,-1.57
0.5,-0.3,0.06;-1.57,-2.98023e-08,-1.57
0.499555,-0.298933,0.0286193;-1.57083,-0.244349,-1.57277
0.500227,-0.299416,0.0286302;-1.56932,-0.168913,-1.57184
0.502462,-0.291405,0.030036;-1.56702,-0.0259027,-1.55262
0.50093,-0.281481,0.0333711;-1.63281,0.0349071,-1.54359
0.501864,-0.288576,0.0286773;-1.57079,-0.165802,-1.57594
0.502002,-0.288109,0.0286957;-1.57647,-0.253159,-1.57231
0.502249,-0.288153,0.0285841;-1.5711,-0.265142,-1.57029
0.501918,-0.287481,0.0285903;-1.57017,-0.0820122,-1.57071
0.505242,-0.280429,0.0297639;-1.56745,0.0554518,-1.55318
0.505354,-0.265167,0.0331212;-1.60914,0.165026,-1.5261
0.507864,-0.269584,0.0296448;-1.57246,0.0762512,-1.55147
0.507198,-0.273051,0.0285787;-1.57089,-0.0340237,-1.57102
0.505822,-0.271961,0.028616;-1.5741,-0.15449,-1.57027
0.506259,-0.272038,0.0285794;-1.57082,-0.0851836,-1.57078
0.509185,-0.266174,0.0294693;-1.5651,0.0303901,-1.55794
0.509294,-0.254635,0.0315519;-1.59968,0.141785,-1.53912
0.50775,-0.251435,0.0347476;-1.66827,0.153318,-1.53317
0.51045,-0.257518,0.031168;-1.62151,0.0710359,-1.56253
0.510332,-0.261006,0.0287999;-1.57049,-0.0368054,-1.58114
0.509848,-0.260384,0.0287729;-1.57066,-0.0908515,-1.57993
0.510726,-0.261329,0.0290203;-1.56516,-0.0183009,-1.5865
0.511299,-0.255996,0.0290499;-1.57055,0.0726828,-1.57191
0.512512,-0.24682,0.0323478;-1.62452,0.129881,-1.55776
0.515067,-0.249904,0.0289693;-1.57791,0.0664159,-1.58197
0.514598,-0.249992,0.0288414;-1.5709,-0.0810781,-1.58355
0.514306,-0.250053,0.0288527;-1.57059,-0.107935,-1.58377
0.513916,-0.251361,0.0289197;-1.57046,-0.0932943,-1.587
0.51482,-0.244573,0.0302134;-1.57922,0.0963973,-1.56055
0.512678,-0.240998,0.0345222;-1.658,0.142833,-1.53983
0.514566,-0.240372,0.0330947;-1.63059,0.0994955,-1.54316
0.515089,-0.244536,0.0286401;-1.57042,-0.0941652,-1.57347
0.515352,-0.244925,0.0286557;-1.56905,-0.171992,-1.57356
0.515413,-0.24572,0.0286803;-1.5687,-0.165887,-1.57464
0.514883,-0.242498,0.0289729;-1.57654,0.00226298,-1.56133
0.513678,-0.236814,0.0311878;-1.59088,0.0853599,-1.53989
0.513356,-0.237024,0.0326444;-1.61234,0.0826673,-1.53534
0.513945,-0.244524,0.0285797;-1.57073,-0.0984989,-1.5708
0.513241,-0.246522,0.0286055;-1.57126,-0.172585,-1.5696
0.513157,-0.2474,0.0285795;-1.57054,-0.201228,-1.57078
0.513782,-0.244579,0.0287116;-1.57078,-0.0474922,-1.5645
0.514214,-0.238241,0.0304088;-1.57779,0.0380133,-1.54384
0.512027,-0.236502,0.0324547;-1.60748,0.08433,-1.52933
0.513946,-0.240891,0.0286337;-1.57088,-0.0475235,-1.56823
0.512585,-0.243269,0.0286099;-1.56921,-0.137072,-1.57049
0.512244,-0.245597,0.0287356;-1.56515,-0.177041,-1.57212
0.512592,-0.24568,0.0286194;-1.57093,-0.072272,-1.56843
0.5128,-0.240316,0.0295382;-1.57752,0.00630472,-1.55553
0.510999,-0.235495,0.0327116;-1.60489,0.0707847,-1.53035
0.513362,-0.239678,0.0287201;-1.57078,-0.0557154,-1.56406
0.512411,-0.241863,0.0287947;-1.56019,-0.120069,-1.56963
0.512306,-0.245261,0.0288168;-1.56221,-0.164794,-1.57234
0.512295,-0.245956,0.0285798;-1.57112,-0.0890275,-1.57049
0.51138,-0.242239,0.0289541;-1.57865,0.00555011,-1.56429
0.508329,-0.236468,0.0318386;-1.62364,0.0839974,-1.54598
0.512264,-0.242716,0.028707;-1.56741,-0.0188344,-1.56802
0.511499,-0.242877,0.0288102;-1.57039,-0.0957422,-1.58153
0.510934,-0.244433,0.0288703;-1.56613,-0.148688,-1.57937
0.511262,-0.245783,0.0288878;-1.57061,-0.119059,-1.5856
0.513478,-0.242773,0.0295616;-1.55688,-0.023375,-1.57069
0.511985,-0.234944,0.0321637;-1.59841,0.0592145,-1.54833
0.512732,-0.234927,0.0320322;-1.60274,0.048999,-1.55109
0.514677,-0.239239,0.0288657;-1.56253,-0.0336844,-1.57583
0.513648,-0.240359,0.0290705;-1.5605,-0.0881406,-1.58303
0.513133,-0.242136,0.0291412;-1.55676,-0.118694,-1.58207
0.513155,-0.242457,0.0286633;-1.57002,-0.0657482,-1.57398
0.512756,-0.239278,0.0291345;-1.57551,0.00251451,-1.56526
0.509619,-0.235543,0.033172;-1.6323,0.0707123,-1.5338
0.511535,-0.238354,0.0313975;-1.60152,0.0266478,-1.54475
0.511951,-0.243144,0.0285894;-1.57075,-0.0766601,-1.5703
0.511038,-0.245914,0.0285806;-1.57044,-0.182289,-1.57074
0.511487,-0.245773,0.0285795;-1.57082,-0.123061,-1.5706
0.511007,-0.244248,0.0286802;-1.57192,-0.0435,-1.56646
0.508501,-0.236151,0.0336673;-1.62478,0.0821365,-1.52865
0.509937,-0.236631,0.0340827;-1.60661,0.0437091,-1.51906
0.510933,-0.241846,0.0286125;-1.57086,-0.0438736,-1.56938
0.509466,-0.246264,0.0285805;-1.5706,-0.186624,-1.57075
0.51003,-0.246678,0.028582;-1.57148,-0.135434,-1.57049
0.510548,-0.245044,0.0286512;-1.57079,-0.0543217,-1.56713
0.508925,-0.23617,0.0332778;-1.61963,0.0834876,-1.52888
0.510386,-0.236648,0.0337523;-1.60438,0.0493885,-1.52218
0.511278,-0.241888,0.0287;-1.57094,-0.0353879,-1.56499
0.509778,-0.246237,0.0285866;-1.57035,-0.185885,-1.57064
0.510276,-0.246827,0.0285837;-1.57088,-0.146125,-1.57058
0.510522,-0.246037,0.0286167;-1.571,-0.0902197,-1.56889
0.508487,-0.235271,0.0326302;-1.6135,0.0709753,-1.53561
0.510523,-0.235903,0.0333203;-1.61761,0.0351472,-1.53217
0.512152,-0.24072,0.028899;-1.57636,-0.0356634,-1.56103
0.511555,-0.244473,0.0287248;-1.56794,-0.160046,-1.57443
0.511787,-0.245593,0.02871;-1.57066,-0.140942,-1.57692
0.511725,-0.24613,0.0287019;-1.57078,-0.118115,-1.57643
0.509381,-0.235044,0.0321215;-1.61203,0.0632488,-1.55031
0.510613,-0.235343,0.0329113;-1.62572,0.042675,-1.55349
0.511613,-0.237157,0.0308606;-1.58666,0.0292447,-1.55659
0.51182,-0.241742,0.0290037;-1.56298,-0.106255,-1.58244
0.511389,-0.247082,0.029053;-1.55973,-0.162866,-1.58068
0.511891,-0.247316,0.0288774;-1.57035,-0.119424,-1.58503
0.513354,-0.246194,0.0292737;-1.55672,-0.0405298,-1.57334
0.511809,-0.236145,0.0337432;-1.63381,0.0800808,-1.54137
0.5137,-0.237285,0.0322272;-1.58932,0.0247996,-1.54793
0.514779,-0.23958,0.0286937;-1.57055,-0.0587095,-1.57627
0.514254,-0.244314,0.0290109;-1.55556,-0.152487,-1.57725
0.514462,-0.245089,0.0286361;-1.57311,-0.135937,-1.57349
0.514226,-0.245067,0.0286045;-1.57131,-0.0620544,-1.56931
0.511417,-0.236108,0.0322735;-1.60888,0.0808296,-1.53687
0.512455,-0.235696,0.0324075;-1.6086,0.0551871,-1.53763
0.512897,-0.240644,0.0286512;-1.57071,-0.0326033,-1.5673
0.510996,-0.245535,0.0286456;-1.56832,-0.175421,-1.57146
0.511291,-0.246447,0.0286222;-1.56892,-0.157927,-1.57105
0.51124,-0.246071,0.0285796;-1.5709,-0.0931413,-1.57045
0.508729,-0.23537,0.0319947;-1.60985,0.069615,-1.54153
0.509861,-0.235465,0.0324399;-1.61557,0.047023,-1.54011
0.511175,-0.240491,0.0287311;-1.57091,-0.0259805,-1.56349
0.509577,-0.245592,0.0286833;-1.56753,-0.17497,-1.57205
0.509733,-0.24642,0.0286217;-1.56894,-0.1705,-1.57095
0.509791,-0.246597,0.0285809;-1.57044,-0.131073,-1.57054
0.508451,-0.234797,0.0319095;-1.59993,0.0587308,-1.5362
0.508188,-0.23503,0.033574;-1.627,0.0567673,-1.53251
0.510374,-0.237494,0.0302069;-1.58284,0.019556,-1.54988
0.509166,-0.244224,0.0287146;-1.56482,-0.151079,-1.57038
0.508917,-0.245598,0.0286842;-1.56583,-0.176234,-1.57061
0.509035,-0.246231,0.0286064;-1.57064,-0.149385,-1.57211
0.508341,-0.239554,0.0294731;-1.58522,0.0211084,-1.55694
0.506724,-0.235956,0.0328143;-1.6288,0.0750979,-1.53805
0.507369,-0.23606,0.0337609;-1.64661,0.0635888,-1.5396
0.508876,-0.241502,0.0288797;-1.56421,-0.108419,-1.5781
0.508974,-0.24444,0.0289515;-1.56412,-0.153071,-1.58093
0.508944,-0.24524,0.0288865;-1.56507,-0.158112,-1.57893
0.509407,-0.245094,0.0291373;-1.56827,-0.0191262,-1.57578
0.508573,-0.238148,0.0314043;-1.59121,0.0633065,-1.55634
0.507875,-0.237132,0.0351693;-1.66769,0.0882255,-1.55052
0.511315,-0.239947,0.029015;-1.56705,-0.0590955,-1.5878
0.510543,-0.242444,0.0293201;-1.55944,-0.115772,-1.58421
0.51037,-0.244678,0.0290164;-1.56232,-0.156121,-1.58185
0.509665,-0.247662,0.0287812;-1.57051,-0.05777,-1.58029
0.508833,-0.243148,0.0293501;-1.57591,0.0322196,-1.56542
0.50631,-0.237622,0.0333604;-1.64471,0.0952542,-1.54596
0.510188,-0.239333,0.0286035;-1.5705,-0.0510833,-1.57217
0.50952,-0.240948,0.028753;-1.56564,-0.110402,-1.57421
0.509731,-0.245106,0.0288322;-1.56575,-0.165053,-1.57701
0.50991,-0.246782,0.0285797;-1.57097,-0.0823745,-1.57028
0.50936,-0.243175,0.0290792;-1.57917,0.0254981,-1.56244
0.50681,-0.237918,0.0317279;-1.61006,0.101219,-1.5445
0.509396,-0.243549,0.0286262;-1.57086,-0.0141363,-1.56869
0.507983,-0.244257,0.0285997;-1.56958,-0.138837,-1.57062
0.508044,-0.246152,0.0286919;-1.56995,-0.1877,-1.57538
0.508121,-0.247758,0.0285801;-1.57072,-0.132321,-1.57068
0.507501,-0.244817,0.0289572;-1.57808,-0.0154265,-1.56312
0.505347,-0.237911,0.0318033;-1.61474,0.0857735,-1.54623
0.507985,-0.241416,0.0299204;-1.60584,0.0276167,-1.56633
0.50726,-0.244057,0.0286012;-1.57036,-0.115436,-1.572
0.507043,-0.244913,0.0286501;-1.57109,-0.169385,-1.57415
0.506874,-0.246778,0.0288417;-1.5706,-0.163268,-1.58315
0.506535,-0.247288,0.0285805;-1.57075,-0.0688002,-1.57065
0.506036,-0.240907,0.0300494;-1.57876,0.0412255,-1.55086
0.505926,-0.237436,0.0342495;-1.65817,0.0690992,-1.54799
0.507509,-0.245113,0.0288212;-1.56078,-0.0297552,-1.5732
0.506515,-0.243618,0.0287528;-1.56904,-0.139586,-1.57816
0.506636,-0.246393,0.0287009;-1.57069,-0.183934,-1.57649
0.506376,-0.24757,0.0289197;-1.57079,-0.126234,-1.58666
0.506072,-0.247207,0.0291149;-1.57677,-0.0314837,-1.57964
0.505313,-0.236787,0.0362436;-1.70764,0.0842266,-1.55923
0.509023,-0.237332,0.0334117;-1.6564,0.0281573,-1.58344
0.510892,-0.240626,0.0297346;-1.56574,-0.0478479,-1.5976
0.510833,-0.245578,0.0304605;-1.56874,-0.168107,-1.60296
0.510714,-0.248262,0.0300347;-1.57079,-0.149838,-1.60112
0.511776,-0.248577,0.0308309;-1.55663,-0.0700587,-1.60021
0.508448,-0.23729,0.0373797;-1.68785,0.0980338,-1.56754
0.511187,-0.234876,0.0367372;-1.65711,0.0536089,-1.58231
0.514412,-0.236675,0.0292164;-1.56826,-0.0362237,-1.59146
0.515529,-0.24631,0.0306346;-1.56161,-0.175102,-1.60242
0.515881,-0.248525,0.0288954;-1.57249,-0.165762,-1.58423
0.515497,-0.250113,0.029058;-1.57636,-0.119216,-1.58873
0.511576,-0.237973,0.0338961;-1.67752,0.108598,-1.55991
0.513344,-0.237472,0.0356068;-1.70518,0.0761239,-1.56159
0.515964,-0.240948,0.0287742;-1.56658,-0.0195165,-1.57733
0.51549,-0.2452,0.0287843;-1.57101,-0.168551,-1.58039
0.515581,-0.246255,0.0287939;-1.57064,-0.161508,-1.58091
0.515007,-0.247189,0.0290269;-1.58465,-0.110497,-1.58048
0.515007,-0.247189,0.0290269;-1.58465,-0.110497,-1.58048
0.513873,-0.245927,0.029442;-1.59772,0.0102637,-1.57292
0.513873,-0.245927,0.029442;-1.59772,0.0102637,-1.57292
