0.5,-0.3,0.06;-1.57,-2.98023e-08,-1.57
0.5,-0.3,0.06;-1.57,-2.98023e-08,-1.57
0.5,-0.3,0.06;-1.57,-2.98023e-08,-1.57
0.499424,-0.298475,0.0286779;-1.57127,-0.234013,-1.57691
0.499662,-0.298068,0.0285859;-1.57053,-0.206178,-1.57126
0.499885,-0.286618,0.0297811;-1.58297,-0.118988,-1.55357
0.49736,-0.267447,0.0334113;-1.63675,-0.0368967,-1.54773
0.500454,-0.274149,0.0287066;-1.5705,-0.15826,-1.5771
0.500336,-0.274745,0.0285813;-1.57082,-0.164576,-1.57082
0.500207,-0.274765,0.0285796;-1.57101,-0.159282,-1.57097
0.500002,-0.273666,0.0285817;-1.57075,-0.0958057,-1.57055
0.501834,-0.264471,0.0298063;-1.57044,-0.00303683,-1.55234
0.500665,-0.252011,0.0327689;-1.62113,0.0771547,-1.53821
0.503542,-0.25255,0.0300553;-1.58457,0.0213421,-1.55129
0.504131,-0.256357,0.02858;-1.57076,-0.0627652,-1.57077
0.503447,-0.256228,0.0285923;-1.5715,-0.116915,-1.57043
0.50315,-0.256673,0.0286089;-1.57103,-0.0827842,-1.57218
0.502117,-0.255084,0.0288602;-1.58256,-0.014833,-1.56937
0.500726,-0.245423,0.0309401;-1.60774,0.073168,-1.55287
0.499883,-0.241261,0.0330673;-1.63464,0.0925597,-1.53975
0.502567,-0.243472,0.0300869;-1.59349,0.0506643,-1.55632
0.502322,-0.246526,0.0285866;-1.57035,-0.0400577,-1.57098
0.501115,-0.245954,0.0285911;-1.57007,-0.120756,-1.57145
0.500617,-0.246391,0.0286082;-1.57235,-0.0752176,-1.57107
0.49923,-0.244144,0.0289812;-1.58404,-0.00419758,-1.56503
0.498196,-0.240329,0.0296695;-1.58414,0.039209,-1.55449
0.499515,-0.242728,0.0292132;-1.57042,0.00679823,-1.55538
0.497722,-0.245127,0.0285807;-1.57039,-0.146627,-1.57086
0.497355,-0.245534,0.0285808;-1.5705,-0.169002,-1.57095
0.497446,-0.245944,0.0285798;-1.57075,-0.145612,-1.57065
0.495856,-0.238668,0.0296917;-1.58599,-0.00949188,-1.55648
0.493031,-0.234,0.0325471;-1.6171,0.0395458,-1.53879
0.494724,-0.235456,0.0318194;-1.59602,0.0118387,-1.53642
0.494858,-0.241131,0.0287754;-1.56118,-0.10336,-1.57001
0.494159,-0.243863,0.0288609;-1.56246,-0.141142,-1.57483
0.494013,-0.244428,0.0285983;-1.56975,-0.151554,-1.57068
0.493586,-0.241827,0.0289201;-1.57889,-0.0463076,-1.56314
0.491576,-0.235984,0.0311728;-1.59909,0.0214042,-1.5439
0.490644,-0.234321,0.0321205;-1.60495,0.0341816,-1.5348
0.492136,-0.239626,0.0286798;-1.56636,-0.0843334,-1.57161
0.491579,-0.242177,0.0287065;-1.56553,-0.117458,-1.57107
0.490995,-0.243975,0.0289058;-1.55993,-0.142445,-1.57401
0.490625,-0.243475,0.0286331;-1.57352,-0.0866379,-1.56997
0.488911,-0.239129,0.0294478;-1.58397,-0.0133148,-1.55861
0.486161,-0.234033,0.0325606;-1.60918,0.0457319,-1.5323
0.489571,-0.23826,0.0285892;-1.57036,-0.0643069,-1.57072
0.48903,-0.240535,0.0289208;-1.55695,-0.0914987,-1.57209
0.488514,-0.24393,0.0290446;-1.55386,-0.133192,-1.57386
0.489078,-0.242767,0.0286294;-1.57091,-0.0851476,-1.56818
0.488839,-0.238832,0.029218;-1.58113,-0.020633,-1.56133
0.485324,-0.233613,0.0321202;-1.61293,0.0444124,-1.53903
0.488907,-0.238692,0.0287264;-1.57056,-0.0565441,-1.56406
0.488337,-0.240872,0.0288718;-1.55691,-0.0974025,-1.56991
0.487459,-0.244201,0.0288933;-1.55868,-0.140368,-1.57207
0.488072,-0.243234,0.028674;-1.57096,-0.105953,-1.56614
0.487855,-0.240237,0.0293831;-1.58045,-0.0552776,-1.55863
0.485047,-0.234782,0.0324955;-1.60948,0.012003,-1.53376
0.488129,-0.236501,0.0294754;-1.5725,-0.036621,-1.55305
0.487815,-0.239469,0.0289865;-1.55131,-0.0766723,-1.56927
0.486986,-0.243201,0.0288435;-1.55851,-0.123,-1.5697
0.48682,-0.243565,0.0286717;-1.56636,-0.131921,-1.5701
0.486209,-0.242084,0.0287881;-1.57834,-0.0793103,-1.56858
0.484282,-0.236596,0.0307314;-1.59332,-0.00992392,-1.54848
0.482491,-0.234095,0.0311933;-1.591,0.0114549,-1.54058
0.484252,-0.235942,0.0287807;-1.56935,-0.0304265,-1.56258
0.483837,-0.238377,0.0289793;-1.55405,-0.0637612,-1.57201
0.482781,-0.240815,0.0290785;-1.5507,-0.0925938,-1.57267
0.483026,-0.239698,0.0286163;-1.57125,-0.0530694,-1.56867
0.482036,-0.238541,0.028881;-1.58436,-0.00852583,-1.56978
0.47986,-0.237124,0.030446;-1.61564,0.0357941,-1.56111
0.481963,-0.239054,0.0303488;-1.58492,0.00999038,-1.55052
0.481624,-0.242141,0.0286612;-1.56831,-0.0741833,-1.56819
0.479537,-0.244584,0.0286707;-1.5664,-0.151655,-1.5703
0.480104,-0.243361,0.0286211;-1.57038,-0.0993581,-1.56826
0.480413,-0.242105,0.0286436;-1.57142,-0.0374502,-1.56652
0.477738,-0.239079,0.0314354;-1.61679,0.0475924,-1.54689
0.479982,-0.240768,0.03276;-1.59642,0.0196178,-1.5304
0.4804,-0.244652,0.0286195;-1.57065,-0.0432086,-1.56823
0.477457,-0.248382,0.028634;-1.57062,-0.205126,-1.56803
0.477957,-0.246945,0.028626;-1.57046,-0.155038,-1.56802
0.479367,-0.244558,0.0287292;-1.56866,-0.0635609,-1.56345
0.477096,-0.239136,0.0313093;-1.61905,0.0406289,-1.55353
0.479554,-0.241147,0.0324949;-1.59756,0.0129839,-1.53223
0.479941,-0.244454,0.0286796;-1.571,-0.0290968,-1.56437
0.478022,-0.247511,0.0285968;-1.57074,-0.163212,-1.56993
0.47822,-0.246688,0.028615;-1.57063,-0.120707,-1.56856
0.478528,-0.244879,0.0287593;-1.571,-0.0689856,-1.56134
0.47516,-0.239475,0.0315731;-1.62015,0.0210623,-1.54008
0.476337,-0.24012,0.0322091;-1.60207,0.00452136,-1.53447
0.476222,-0.240983,0.0301063;-1.56131,0.00111616,-1.54701
0.474463,-0.243665,0.028578;-1.57023,-0.10546,-1.57097
0.474501,-0.243658,0.0285796;-1.57089,-0.0959808,-1.57076
0.474491,-0.243664,0.0285798;-1.57093,-0.0914161,-1.57081
0.472801,-0.241301,0.0301267;-1.59978,-0.0105174,-1.55785
0.472291,-0.241282,0.0294036;-1.59332,0.00564495,-1.56022
0.472185,-0.241322,0.0291249;-1.58996,0.0120334,-1.56366
0.472154,-0.244163,0.028731;-1.56465,-0.0812088,-1.5717
0.471391,-0.244365,0.0285801;-1.57083,-0.123828,-1.57082
0.471277,-0.244719,0.0286576;-1.57091,-0.0814887,-1.5744
0.470791,-0.244831,0.0287762;-1.5789,-0.0500941,-1.57319
0.46796,-0.240848,0.0321853;-1.61634,0.0187636,-1.5441
0.469803,-0.242527,0.0319029;-1.57212,-0.016209,-1.54309
0.470859,-0.243774,0.0286517;-1.57041,-0.0757077,-1.57391
0.469687,-0.244682,0.0286478;-1.57068,-0.134623,-1.57412
0.470059,-0.245052,0.0287231;-1.57066,-0.0911105,-1.57756
0.469934,-0.245341,0.0287551;-1.57126,-0.0579443,-1.57872
0.467083,-0.242515,0.0323704;-1.61853,0.0254674,-1.5483
0.468016,-0.242861,0.0323757;-1.60007,0.0194465,-1.54218
0.470172,-0.244716,0.0286955;-1.57062,-0.0349092,-1.57638
0.468705,-0.245352,0.0287253;-1.56995,-0.115983,-1.5769
0.468935,-0.245635,0.0287805;-1.56832,-0.0971688,-1.57788
0.469303,-0.245758,0.0288308;-1.57099,-0.0516941,-1.58234
0.466888,-0.242909,0.0318665;-1.60462,0.0208948,-1.55401
0.466814,-0.243197,0.0312505;-1.59801,0.0337853,-1.55787
0.467946,-0.245133,0.0287848;-1.56582,0.00485023,-1.57557
0.466543,-0.245436,0.0288101;-1.56696,-0.0858967,-1.57761
0.466313,-0.245917,0.0288323;-1.56573,-0.0909928,-1.57731
0.46648,-0.246126,0.0288929;-1.57049,-0.0659629,-1.58561
0.464255,-0.243963,0.0312106;-1.58835,0.00776325,-1.55732
0.461921,-0.243975,0.0310412;-1.58659,0.0342768,-1.55728
0.461382,-0.245715,0.0314882;-1.5289,0.0425802,-1.56268
0.460807,-0.245416,0.028881;-1.56528,-0.0485967,-1.57931
0.460251,-0.246006,0.0288763;-1.56555,-0.0618486,-1.57927
0.460296,-0.246169,0.0288981;-1.56931,-0.0552707,-1.58456
0.459909,-0.245934,0.0294301;-1.57915,0.00256709,-1.58134
0.457943,-0.24573,0.0318401;-1.59883,0.0419179,-1.55699
0.454472,-0.247237,0.032143;-1.55565,0.0652581,-1.55451
0.454575,-0.248417,0.0288935;-1.56963,-0.026097,-1.58483
0.454061,-0.250124,0.0289028;-1.56479,-0.0396159,-1.58
0.454057,-0.250324,0.0289658;-1.56429,-0.0343096,-1.5794
0.454778,-0.250171,0.029323;-1.57319,0.00735313,-1.58325
0.452358,-0.249259,0.0312468;-1.56056,0.044206,-1.56246
0.447917,-0.24953,0.0348229;-1.55871,0.0747843,-1.55356
0.44858,-0.250107,0.0289913;-1.56703,0.0064107,-1.58693
0.447907,-0.250664,0.0289706;-1.56351,-0.019039,-1.5812
0.44771,-0.251778,0.0290216;-1.5668,-0.0155705,-1.58236
0.449106,-0.252308,0.029065;-1.56984,0.0368229,-1.58863
0.448253,-0.251396,0.0296079;-1.5727,0.0574371,-1.58065
0.443868,-0.251278,0.0334887;-1.57864,0.0972804,-1.5595
0.443117,-0.25231,0.028963;-1.57271,0.06736,-1.58837
0.442227,-0.252763,0.0290401;-1.56262,0.0354787,-1.58476
0.441595,-0.253899,0.0290235;-1.56666,0.0337456,-1.58255
0.442777,-0.254507,0.0291658;-1.56561,0.0715077,-1.5924
0.442638,-0.253633,0.0296474;-1.57427,0.0905131,-1.58671
0.439383,-0.253767,0.0318273;-1.56516,0.121265,-1.57007
0.434745,-0.254354,0.0330476;-1.48939,0.139094,-1.58848
0.433588,-0.252436,0.0290629;-1.56537,0.104374,-1.58876
0.432842,-0.253018,0.0290429;-1.56441,0.0922321,-1.58256
0.433863,-0.253654,0.0293304;-1.55945,0.131309,-1.59296
0.433855,-0.252263,0.030278;-1.55615,0.146523,-1.58651
0.43052,-0.25222,0.0319353;-1.55204,0.177062,-1.57462
0.42814,-0.255345,0.0322624;-1.50598,0.208731,-1.59002
0.426767,-0.253734,0.029074;-1.56453,0.164421,-1.58945
0.426039,-0.253886,0.0290995;-1.56316,0.144102,-1.58386
0.426119,-0.254812,0.0291362;-1.56466,0.1622,-1.59255
0.427478,-0.253043,0.0304509;-1.54651,0.191927,-1.59249
0.426557,-0.253937,0.030827;-1.55386,0.21285,-1.58397
0.425368,-0.256211,0.0311794;-1.53229,0.239418,-1.58555
0.425383,-0.256358,0.0310681;-1.52563,0.230935,-1.5924
0.424848,-0.254449,0.0290122;-1.56585,0.193226,-1.5877
0.424207,-0.25467,0.029013;-1.5635,0.187825,-1.58565
0.424995,-0.254754,0.0292586;-1.55889,0.213651,-1.59512
0.425931,-0.255082,0.0303463;-1.55391,0.229953,-1.59115
0.42291,-0.257885,0.0310234;-1.54327,0.272232,-1.57909
0.423682,-0.258606,0.0312279;-1.52742,0.26962,-1.58891
0.422402,-0.257371,0.0290562;-1.56607,0.227027,-1.59016
0.421411,-0.257547,0.0288691;-1.56895,0.202221,-1.58325
0.421739,-0.258017,0.0290748;-1.56565,0.225897,-1.59076
0.423538,-0.256891,0.0296878;-1.55629,0.259167,-1.58863
0.420328,-0.258291,0.0306653;-1.58872,0.296368,-1.56465
0.421422,-0.25875,0.0303313;-1.56497,0.292434,-1.57979
0.421795,-0.258514,0.0289602;-1.56951,0.281871,-1.58848
0.420633,-0.25743,0.0288845;-1.56778,0.234106,-1.58315
0.420824,-0.257948,0.0289186;-1.56726,0.253246,-1.58451
0.421327,-0.258136,0.0291293;-1.56215,0.279616,-1.5914
0.419304,-0.258386,0.0297021;-1.59217,0.302803,-1.56395
0.419427,-0.259029,0.029411;-1.57935,0.306732,-1.57136
0.418923,-0.259461,0.028927;-1.56409,0.30603,-1.58301
0.417892,-0.258607,0.0288403;-1.56739,0.235946,-1.58073
0.417959,-0.259036,0.0288834;-1.56781,0.257938,-1.58318
0.418315,-0.259115,0.0289955;-1.56476,0.272762,-1.5865
0.418315,-0.259115,0.0289955;-1.56476,0.272762,-1.5865
0.419738,-0.258576,0.029852;-1.55481,0.298131,-1.57593
0.419738,-0.258576,0.029852;-1.55481,0.298131,-1.57593
