0.5,-0.3,0.06;-1.57,-2.98023e-08,-1.57
0.5,-0.3,0.06;-1.57,-2.98023e-08,-1.57
0.5,-0.3,0.06;-1.57,-2.98023e-08,-1.57
0.499837,-0.298098,0.0287348;-1.57114,-0.227369,-1.57894
0.50005,-0.298742,0.028794;-1.57041,-0.162625,-1.58128
0.500728,-0.291079,0.0296683;-1.57275,-0.0513991,-1.55933
0.497634,-0.275825,0.0338193;-1.66787,0.0598202,-1.55056
0.500093,-0.282866,0.0288596;-1.57073,-0.0903797,-1.58463
0.499545,-0.281966,0.0287428;-1.57091,-0.162374,-1.57896
0.500464,-0.279771,0.0287167;-1.57273,-0.237337,-1.57593
0.50111,-0.278267,0.0287369;-1.57055,-0.216828,-1.57823
0.501557,-0.271165,0.0297735;-1.574,-0.100819,-1.55847
0.499042,-0.259978,0.0335205;-1.64574,0.00895831,-1.54754
0.501421,-0.2627,0.0304016;-1.60286,-0.00087449,-1.55875
0.502887,-0.267937,0.0287362;-1.57092,-0.0996243,-1.57957
0.502051,-0.267382,0.0287131;-1.57033,-0.16196,-1.57674
0.502264,-0.266025,0.0288665;-1.57078,-0.151933,-1.5845
0.502729,-0.261086,0.0288922;-1.57494,-0.0820858,-1.56959
0.501313,-0.24516,0.0328612;-1.63833,0.0106138,-1.54952
0.498252,-0.242883,0.0349113;-1.67696,0.0523557,-1.54463
0.500574,-0.248508,0.0318684;-1.64232,0.0145424,-1.56603
0.502115,-0.255539,0.0288675;-1.56988,-0.0408522,-1.58484
0.501441,-0.254971,0.0287839;-1.57067,-0.0986342,-1.58043
0.501629,-0.253843,0.0287669;-1.57046,-0.0858785,-1.57963
0.501509,-0.246818,0.0293451;-1.59301,-0.0288962,-1.56637
0.499421,-0.242397,0.0310554;-1.62571,0.0225014,-1.55773
0.500048,-0.245939,0.0294859;-1.59172,0.00199753,-1.56191
0.498717,-0.251671,0.0287464;-1.57082,-0.0552754,-1.5787
0.498207,-0.251671,0.0287348;-1.57031,-0.0938275,-1.57791
0.497962,-0.251482,0.028881;-1.57055,-0.103758,-1.58513
0.496536,-0.242055,0.0297325;-1.5979,-0.0328306,-1.56412
0.493566,-0.235351,0.0336977;-1.66411,0.0192808,-1.55501
0.494562,-0.238042,0.0336181;-1.66112,-0.0112928,-1.55687
0.495935,-0.245679,0.0288168;-1.57073,-0.0574467,-1.58203
0.495029,-0.249825,0.0287834;-1.57067,-0.08317,-1.58044
0.495024,-0.250872,0.0287504;-1.57057,-0.0744386,-1.5789
0.495238,-0.247354,0.0291593;-1.59689,-0.0382963,-1.57181
0.492879,-0.238393,0.0315601;-1.62936,0.0118808,-1.56101
0.492038,-0.235971,0.0331795;-1.66261,0.013134,-1.56233
0.493856,-0.242172,0.0288469;-1.56926,-0.0383311,-1.58216
0.493069,-0.246088,0.0287848;-1.5723,-0.0724847,-1.57921
0.492608,-0.248235,0.0287659;-1.57073,-0.0919892,-1.57967
0.492882,-0.249254,0.0289755;-1.57957,-0.0220898,-1.5814
0.492149,-0.242654,0.0292238;-1.5934,0.0129349,-1.5672
0.489698,-0.234354,0.0339272;-1.66869,0.0383932,-1.55487
0.495293,-0.241591,0.0285936;-1.57129,-0.0700371,-1.57198
0.494677,-0.24312,0.0287468;-1.57056,-0.0784472,-1.5787
0.492882,-0.249822,0.028743;-1.57108,-0.101955,-1.57846
0.492862,-0.253202,0.0287689;-1.57073,0.0314235,-1.57954
0.492501,-0.248963,0.0290481;-1.59017,0.0746719,-1.56642
0.490677,-0.242216,0.0324324;-1.64776,0.106596,-1.55524
0.496983,-0.24716,0.0287343;-1.56436,-0.0418877,-1.56735
0.49645,-0.247884,0.0287641;-1.57017,-0.089274,-1.57934
0.495908,-0.249895,0.0287172;-1.57093,-0.112463,-1.57736
0.494154,-0.253324,0.0288938;-1.57348,0.00836612,-1.58315
0.492395,-0.251761,0.0291929;-1.5942,0.103647,-1.56236
0.489909,-0.246077,0.0325517;-1.65094,0.176046,-1.54704
0.493419,-0.251229,0.0293275;-1.56796,0.0578743,-1.55707
0.492555,-0.252922,0.0285953;-1.57001,-0.0489172,-1.57081
0.492279,-0.250462,0.0288122;-1.573,-0.183563,-1.58013
0.492595,-0.251924,0.028756;-1.57064,-0.106242,-1.57915
0.491881,-0.250011,0.0288126;-1.58136,0.00755696,-1.57013
0.488867,-0.245983,0.0315128;-1.63968,0.0854388,-1.56455
0.488755,-0.247216,0.0308095;-1.61865,0.0721519,-1.55998
0.490634,-0.24988,0.0286627;-1.56665,-0.00319636,-1.5709
0.489446,-0.248201,0.0288081;-1.57056,-0.10938,-1.58138
0.488463,-0.247233,0.0289024;-1.56715,-0.182933,-1.58205
0.488745,-0.247643,0.029075;-1.56458,-0.125598,-1.58637
0.487447,-0.243891,0.0291365;-1.59418,-0.0352407,-1.5684
0.482284,-0.236819,0.0341674;-1.67065,0.0759393,-1.54586
0.485103,-0.238804,0.0320145;-1.6454,0.0241778,-1.56728
0.48726,-0.242324,0.0287235;-1.57064,-0.0639236,-1.57767
0.485969,-0.244409,0.0289986;-1.56574,-0.169035,-1.5834
0.486356,-0.245712,0.0291033;-1.5621,-0.130944,-1.5861
0.48675,-0.244069,0.0288607;-1.57679,-0.0822276,-1.57864
0.479992,-0.235389,0.0343766;-1.67885,0.069254,-1.55088
0.481437,-0.236913,0.0349639;-1.67876,0.0581487,-1.54914
0.484172,-0.245147,0.0286713;-1.575,-0.00229055,-1.57067
0.482632,-0.245064,0.0287355;-1.5706,-0.152555,-1.57818
0.482527,-0.244413,0.0288287;-1.57058,-0.152154,-1.58249
0.483001,-0.243423,0.0289755;-1.55698,-0.120152,-1.57485
0.477598,-0.236295,0.033872;-1.65973,0.0114712,-1.54994
0.478552,-0.238964,0.0348879;-1.66485,-0.00718433,-1.54542
0.48122,-0.248796,0.0287225;-1.56691,-0.0696736,-1.5627
0.480371,-0.253113,0.0287091;-1.57064,-0.129017,-1.5769
0.480282,-0.253252,0.0288069;-1.57067,-0.111636,-1.58163
0.480665,-0.252357,0.0286908;-1.57106,-0.111252,-1.5759
0.477888,-0.238101,0.033723;-1.66178,-0.00841821,-1.55591
0.479196,-0.239827,0.0341705;-1.66866,-0.0356582,-1.55597
0.478368,-0.245332,0.0297108;-1.57086,-0.0367094,-1.54867
0.477693,-0.252167,0.0287131;-1.5707,-0.0740115,-1.57714
0.477527,-0.251926,0.0287884;-1.56858,-0.0595795,-1.5786
0.477721,-0.250824,0.0287086;-1.57073,-0.0637376,-1.57684
0.478151,-0.235707,0.0324158;-1.64992,0.00660207,-1.55643
0.478051,-0.237353,0.0319232;-1.62734,0.00504409,-1.55372
0.477764,-0.238441,0.0307404;-1.61099,0.00313619,-1.55496
0.478363,-0.243965,0.0287239;-1.57032,-0.0459425,-1.57767
0.476317,-0.248243,0.0287013;-1.57121,-0.0825898,-1.57615
0.476501,-0.248175,0.0287639;-1.57073,-0.0557122,-1.57958
0.476826,-0.245666,0.0286125;-1.57215,-0.0396819,-1.57045
0.47485,-0.238931,0.0320082;-1.64476,0.0101123,-1.56568
0.476277,-0.241247,0.031461;-1.61615,-0.0339475,-1.55323
0.477527,-0.246449,0.0287309;-1.57001,-0.0837045,-1.56259
0.476202,-0.248999,0.0287007;-1.57056,-0.088914,-1.57673
0.475982,-0.251,0.0287926;-1.57065,-0.00944634,-1.58087
0.475719,-0.251311,0.0288529;-1.57275,0.0209827,-1.58197
0.474354,-0.243464,0.0326302;-1.6524,0.0533257,-1.56001
0.476735,-0.244579,0.0330928;-1.64542,0.0105074,-1.54972
0.479124,-0.251373,0.0290283;-1.57132,-0.0713226,-1.5551
0.477265,-0.256336,0.028661;-1.57115,-0.0959683,-1.57457
0.476324,-0.257733,0.028757;-1.57019,-0.0222314,-1.5787
0.475901,-0.259008,0.0286942;-1.57084,0.067184,-1.57614
0.473743,-0.246409,0.032745;-1.65182,0.152622,-1.54871
0.475319,-0.246977,0.0328103;-1.65601,0.108731,-1.55412
0.477233,-0.253092,0.0296279;-1.56792,0.0281986,-1.54679
0.475713,-0.258244,0.028648;-1.5706,-0.101697,-1.57404
0.475039,-0.259486,0.0286656;-1.5707,-0.056014,-1.57485
0.474789,-0.260888,0.0286731;-1.57086,0.0377948,-1.57507
0.469964,-0.251194,0.0325156;-1.6473,0.222734,-1.54387
0.469923,-0.250921,0.0327388;-1.66283,0.207801,-1.55002
0.471187,-0.251427,0.0312082;-1.59769,0.132211,-1.53921
0.470253,-0.254059,0.0286559;-1.57077,-0.0936218,-1.57433
0.470147,-0.253974,0.028652;-1.57076,-0.118555,-1.57424
0.469741,-0.255042,0.0286769;-1.57077,-0.0565292,-1.57534
0.468297,-0.250551,0.0294827;-1.59983,0.130823,-1.55875
0.46637,-0.248333,0.0326145;-1.66172,0.170539,-1.55522
0.466866,-0.24971,0.0315361;-1.64154,0.163309,-1.55982
0.466748,-0.258941,0.028915;-1.55429,-0.034005,-1.5702
0.466547,-0.256745,0.0286939;-1.57069,-0.138325,-1.57617
0.467298,-0.254858,0.0287213;-1.57649,-0.192382,-1.57315
0.467482,-0.250028,0.0293345;-1.57964,-0.0178798,-1.55557
0.465086,-0.243429,0.0323781;-1.6244,0.0601896,-1.54195
0.463412,-0.243325,0.0335517;-1.65003,0.0829476,-1.54163
0.464787,-0.255194,0.0291856;-1.54956,-0.0632275,-1.56132
0.463405,-0.256329,0.0285832;-1.57065,-0.136027,-1.571
0.463873,-0.254542,0.0286754;-1.57119,-0.215986,-1.57545
0.464057,-0.252222,0.0286397;-1.57086,-0.17562,-1.56787
0.461866,-0.241818,0.0306349;-1.58996,-0.0560686,-1.54588
0.458568,-0.238672,0.0340702;-1.64797,-0.00811052,-1.54157
0.459793,-0.250108,0.0295476;-1.56125,-0.10048,-1.54786
0.45859,-0.254767,0.0289479;-1.55254,-0.179807,-1.56754
0.457952,-0.254327,0.0286545;-1.57072,-0.231893,-1.57424
0.458355,-0.253282,0.0286637;-1.57076,-0.205524,-1.57468
0.457445,-0.245001,0.0295903;-1.58231,-0.114629,-1.55371
0.452853,-0.236707,0.034144;-1.64943,-0.033637,-1.54206
0.451866,-0.244601,0.0299666;-1.56171,-0.0775939,-1.54123
0.451335,-0.251109,0.0291169;-1.54719,-0.125562,-1.56505
0.450984,-0.251311,0.0286187;-1.57038,-0.134629,-1.57277
0.451224,-0.249986,0.0285913;-1.57085,-0.1268,-1.57133
0.451408,-0.244167,0.0292483;-1.58187,-0.0715865,-1.55905
0.449246,-0.237107,0.0328001;-1.62625,-0.0280349,-1.54351
0.447136,-0.24199,0.0305845;-1.57873,-0.0356853,-1.53622
0.446729,-0.247698,0.0291957;-1.54411,-0.0900205,-1.56478
0.446393,-0.248234,0.0285812;-1.57051,-0.0998064,-1.57107
0.44647,-0.248158,0.0286536;-1.57083,-0.0834399,-1.5743
0.446782,-0.245728,0.0286088;-1.57055,-0.0732379,-1.56872
0.446918,-0.237491,0.0302619;-1.59942,-0.0259922,-1.55236
0.445475,-0.237828,0.0311734;-1.60458,-0.030022,-1.54648
0.446251,-0.242889,0.0294922;-1.56498,-0.0843298,-1.54597
0.445265,-0.246708,0.0289254;-1.55501,-0.109326,-1.56789
0.444874,-0.248347,0.0286406;-1.5704,-0.0597514,-1.57345
0.44521,-0.248346,0.0286044;-1.57082,-0.0213705,-1.57197
0.446531,-0.241299,0.0292565;-1.57882,0.00793686,-1.5558
0.444924,-0.239971,0.0314853;-1.60932,0.00361318,-1.54454
0.446358,-0.241773,0.0307711;-1.57494,-0.0396664,-1.5323
0.445213,-0.248377,0.0292284;-1.54528,-0.102461,-1.56196
0.444294,-0.250863,0.0286502;-1.57085,-0.0887817,-1.574
0.444794,-0.252894,0.0286537;-1.57073,0.0255107,-1.57436
0.445392,-0.251698,0.0286133;-1.57044,0.0849414,-1.56916
0.4455,-0.245977,0.0327299;-1.63864,0.0875591,-1.54518
0.446575,-0.24697,0.0328565;-1.61357,0.0470412,-1.53106
0.447237,-0.253237,0.0296276;-1.56259,-0.040464,-1.54585
0.444951,-0.259696,0.0285903;-1.57077,-0.0928556,-1.57153
0.444245,-0.261309,0.0286257;-1.56954,-0.00542691,-1.57332
0.444269,-0.262922,0.0285776;-1.57094,0.100383,-1.57164
0.445082,-0.252751,0.0318697;-1.63035,0.184375,-1.54536
0.445988,-0.252356,0.032697;-1.63623,0.139724,-1.54109
0.446942,-0.256984,0.0297193;-1.56657,0.0563027,-1.54233
0.444363,-0.262776,0.028594;-1.57068,-0.0613159,-1.57162
0.44394,-0.263645,0.0285928;-1.57104,-0.00521349,-1.57163
0.443903,-0.264279,0.0285815;-1.57091,0.0800356,-1.57086
0.443903,-0.264279,0.0285815;-1.57091,0.0800356,-1.57086
0.444693,-0.258982,0.0293268;-1.58259,0.193107,-1.55549
0.444693,-0.258982,0.0293268;-1.58259,0.193107,-1.55549
