0.5,-0.3,0.06;-1.57,-2.98023e-08,-1.57
0.5,-0.3,0.06;-1.57,-2.98023e-08,-1.57
0.5,-0.3,0.06;-1.57,-2.98023e-08,-1.57
0.499364,-0.296962,0.0285737;-1.57108,-0.280252,-1.57026
0.499539,-0.296576,0.028584;-1.57059,-0.215256,-1.57098
0.49959,-0.289201,0.0297375;-1.57439,-0.101024,-1.55779
0.494746,-0.270402,0.0338743;-1.64692,0.0477054,-1.5433
0.498735,-0.274629,0.0285853;-1.5704,-0.125732,-1.57062
0.497306,-0.275135,0.0286331;-1.56813,-0.220683,-1.57013
0.496872,-0.275685,0.0285854;-1.57071,-0.266308,-1.57056
0.497926,-0.274085,0.02883;-1.56666,-0.186988,-1.56212
0.498949,-0.267548,0.0302022;-1.56935,-0.0766763,-1.54809
0.496782,-0.257947,0.034231;-1.61627,0.0447766,-1.52099
0.497427,-0.24593,0.0312635;-1.5852,0.0830189,-1.5362
0.498955,-0.246834,0.0287747;-1.56955,0.0082922,-1.56194
0.497461,-0.247849,0.0285874;-1.57068,-0.0755596,-1.57113
0.496505,-0.24977,0.0287597;-1.56925,-0.157592,-1.56257
0.4964,-0.246912,0.0295994;-1.57666,-0.0945584,-1.55299
0.492661,-0.249191,0.0319479;-1.59832,-0.0406327,-1.54217
0.489321,-0.247617,0.0336094;-1.61311,0.0258101,-1.52528
0.49214,-0.243328,0.032143;-1.53708,-0.0286506,-1.53538
0.491489,-0.244282,0.0286622;-1.56981,-0.0855875,-1.56733
0.490036,-0.245736,0.0288039;-1.55978,-0.164083,-1.56889
0.490459,-0.244236,0.0287758;-1.57047,-0.118922,-1.56154
0.489623,-0.243807,0.029364;-1.58193,-0.0996056,-1.56021
0.487683,-0.24454,0.0309774;-1.59075,-0.0447556,-1.54964
0.487984,-0.243364,0.0301135;-1.55898,-0.0210655,-1.54861
0.486402,-0.245741,0.0292395;-1.54395,-0.0823376,-1.56299
0.485576,-0.246703,0.0292215;-1.54318,-0.111388,-1.56369
0.485253,-0.247385,0.0292215;-1.54259,-0.125065,-1.56377
0.482288,-0.247726,0.0312974;-1.59606,-0.0566355,-1.54686
0.478655,-0.24806,0.0362451;-1.65209,0.00358898,-1.5198
0.479578,-0.243479,0.0332254;-1.61874,-0.00999321,-1.53336
0.479407,-0.24386,0.0285787;-1.57079,-0.018215,-1.57073
0.479062,-0.243478,0.0287902;-1.56162,-0.05078,-1.57152
0.4785,-0.242864,0.0286885;-1.5671,-0.0991054,-1.57223
0.476679,-0.244296,0.0293481;-1.60022,-0.0578198,-1.57591
0.473866,-0.245074,0.0340192;-1.66124,-0.0124134,-1.56167
0.472456,-0.248217,0.0369936;-1.68333,-0.0432547,-1.53423
0.47285,-0.253158,0.0288412;-1.57061,-0.0588554,-1.58319
0.47298,-0.252534,0.0286815;-1.57071,-0.0801897,-1.57554
0.472394,-0.25147,0.0287833;-1.56578,-0.126004,-1.57486
0.471364,-0.250362,0.0289939;-1.58793,-0.144478,-1.57638
0.470604,-0.2492,0.0338199;-1.6507,-0.0917409,-1.56214
0.468864,-0.251802,0.0407028;-1.67597,-0.0688104,-1.55413
0.467602,-0.271282,0.0294668;-1.56994,-0.185001,-1.59268
0.468223,-0.270466,0.0288874;-1.57312,-0.190583,-1.58347
0.468818,-0.268737,0.028963;-1.56994,-0.19775,-1.58124
0.46906,-0.266441,0.0290561;-1.58266,-0.223111,-1.58487
0.467089,-0.265877,0.0331769;-1.66011,-0.161448,-1.58874
0.46624,-0.263627,0.038953;-1.74366,-0.120085,-1.58351
0.469088,-0.280765,0.0311064;-1.60152,-0.26898,-1.60301
0.469388,-0.284856,0.0298815;-1.57413,-0.252856,-1.59794
0.469531,-0.285838,0.0292733;-1.57502,-0.213927,-1.58771
0.470612,-0.28073,0.0299874;-1.56927,-0.234217,-1.59708
0.469397,-0.270887,0.0340776;-1.67366,-0.133177,-1.59242
0.467748,-0.26511,0.0384558;-1.75865,-0.0744901,-1.59069
0.472793,-0.269,0.034062;-1.66679,-0.169765,-1.59942
0.472522,-0.282225,0.0307456;-1.56512,-0.210136,-1.61101
0.471783,-0.286086,0.0305762;-1.57681,-0.195372,-1.60226
0.471987,-0.283374,0.030043;-1.56619,-0.202389,-1.6
0.471335,-0.274678,0.0324178;-1.58758,-0.117362,-1.59459
0.471135,-0.257266,0.0371308;-1.71185,-0.0260619,-1.57524
0.472401,-0.25391,0.0378514;-1.72883,-0.0264873,-1.57538
0.475013,-0.26286,0.033181;-1.64142,-0.0997089,-1.59712
0.475275,-0.270069,0.030467;-1.57038,-0.12769,-1.6055
0.475524,-0.268332,0.029222;-1.57461,-0.155881,-1.58762
0.475892,-0.266171,0.029195;-1.5713,-0.149878,-1.58738
0.476354,-0.251638,0.0328028;-1.65341,-0.0525696,-1.57248
0.472189,-0.241185,0.037783;-1.75158,0.0761843,-1.56303
0.475492,-0.240494,0.0363175;-1.68636,0.0556015,-1.57297
0.477087,-0.242615,0.0304267;-1.59538,0.0238433,-1.58925
0.475612,-0.246572,0.0290262;-1.57244,0.000710994,-1.58301
0.475754,-0.246407,0.0290577;-1.57456,-0.0206608,-1.58971
0.47668,-0.24531,0.0293308;-1.59051,-0.0357591,-1.58348
0.472792,-0.24612,0.0365201;-1.72433,0.0599028,-1.56951
0.474694,-0.243315,0.0365273;-1.67753,0.0557618,-1.56382
0.475466,-0.242255,0.0302334;-1.61122,0.0451032,-1.57521
0.474357,-0.244662,0.0287944;-1.56838,0.0312751,-1.57881
0.474391,-0.243725,0.0288309;-1.57058,-0.022011,-1.58281
0.475132,-0.242619,0.0290276;-1.58602,-0.0773944,-1.57833
0.469713,-0.243384,0.0341482;-1.66723,0.00659453,-1.56851
0.469873,-0.240834,0.0341305;-1.64624,0.0255805,-1.5499
0.468312,-0.241099,0.0300782;-1.55548,0.033768,-1.55175
0.467351,-0.241845,0.0288037;-1.56346,0.0276127,-1.57437
0.467454,-0.24142,0.0285823;-1.57117,0.00806933,-1.57095
0.467821,-0.24232,0.0288823;-1.57342,-0.0454024,-1.55865
0.464775,-0.241108,0.0341164;-1.64762,-0.0154804,-1.54721
0.465326,-0.240196,0.0338316;-1.62304,-0.00195626,-1.52792
0.463103,-0.242941,0.0311864;-1.54571,0.0262792,-1.54366
0.461597,-0.242256,0.0285683;-1.57474,0.0342848,-1.57079
0.461613,-0.242609,0.0286766;-1.56941,0.0130802,-1.56647
0.461741,-0.243495,0.02883;-1.57096,-0.0110028,-1.55873
0.463985,-0.248347,0.0353593;-1.63976,-0.0930623,-1.51879
0.464263,-0.253636,0.0335799;-1.61009,-0.117716,-1.52909
0.463266,-0.255104,0.0322648;-1.5887,-0.0789026,-1.53284
0.463097,-0.250852,0.0285789;-1.57086,0.0353399,-1.57084
0.463008,-0.250935,0.0287991;-1.5603,0.0365673,-1.57096
0.463074,-0.25095,0.0287061;-1.57087,0.00828854,-1.56472
0.463698,-0.252486,0.029613;-1.58035,-0.0237739,-1.55395
0.463356,-0.268125,0.0374556;-1.65907,-0.129677,-1.51243
0.463084,-0.273158,0.0326472;-1.59093,-0.125994,-1.53533
0.463799,-0.272536,0.0287043;-1.57031,-0.0908436,-1.56534
0.463798,-0.271806,0.0288994;-1.55665,-0.0414056,-1.57142
0.463747,-0.271454,0.0285887;-1.56901,-0.043963,-1.56895
0.46401,-0.27183,0.0288617;-1.57367,-0.0571695,-1.56029
0.466709,-0.278899,0.0374782;-1.66335,-0.151476,-1.52126
0.468295,-0.289117,0.0340943;-1.62819,-0.241892,-1.53741
0.468472,-0.292776,0.0286644;-1.57085,-0.22957,-1.56674
0.468682,-0.292353,0.0286191;-1.5686,-0.150335,-1.5708
0.469015,-0.292106,0.0285793;-1.57065,-0.105231,-1.57089
0.469165,-0.291148,0.0288127;-1.57239,-0.0918819,-1.55975
0.472404,-0.289289,0.0377379;-1.69493,-0.177845,-1.54991
0.478531,-0.296447,0.0362306;-1.66465,-0.273913,-1.55046
0.481592,-0.310715,0.029414;-1.57315,-0.360237,-1.56268
0.481646,-0.314598,0.0286344;-1.57074,-0.273603,-1.57348
0.482608,-0.31586,0.0287374;-1.56748,-0.187449,-1.57517
0.482749,-0.315866,0.0285787;-1.57061,-0.121008,-1.57085
0.481856,-0.304821,0.036214;-1.70354,-0.12248,-1.57331
0.485406,-0.305295,0.0380178;-1.70763,-0.217674,-1.56604
0.491111,-0.309064,0.0346161;-1.66164,-0.295186,-1.57537
0.494593,-0.318582,0.0288693;-1.57347,-0.344018,-1.58277
0.493492,-0.320676,0.0288473;-1.57381,-0.261737,-1.58138
0.493083,-0.322429,0.0288482;-1.57043,-0.205319,-1.58362
0.490789,-0.309284,0.0339988;-1.68231,-0.126278,-1.58764
0.49209,-0.305283,0.0381331;-1.74741,-0.165991,-1.59204
0.497783,-0.307557,0.0377015;-1.72329,-0.246002,-1.59003
0.505134,-0.318856,0.0293887;-1.57285,-0.340625,-1.59226
0.504305,-0.323707,0.0292641;-1.57627,-0.293012,-1.58803
0.503691,-0.330186,0.0294137;-1.57557,-0.200974,-1.59019
0.501787,-0.319955,0.0313182;-1.60149,-0.0784565,-1.59588
0.498915,-0.30243,0.0371724;-1.74008,-0.073275,-1.58996
0.500615,-0.298826,0.0382058;-1.75647,-0.103632,-1.59776
0.507657,-0.298344,0.0315814;-1.61285,-0.200714,-1.60208
0.507047,-0.303636,0.0301387;-1.57216,-0.197739,-1.59917
0.506159,-0.310348,0.0302323;-1.5736,-0.152485,-1.59931
0.505014,-0.311644,0.0316239;-1.55068,0.000810146,-1.60449
0.50266,-0.292624,0.035683;-1.68316,0.0554217,-1.58907
0.501537,-0.278599,0.0393796;-1.76833,0.0528172,-1.57673
0.510055,-0.272992,0.0329148;-1.6416,-0.0659911,-1.59588
0.510053,-0.277193,0.0302185;-1.56987,-0.0864382,-1.60051
0.508199,-0.283239,0.0297986;-1.57344,-0.0376142,-1.59405
0.506672,-0.288643,0.0303388;-1.56866,0.0402872,-1.60226
0.505946,-0.279784,0.0347778;-1.62407,0.0872519,-1.58337
0.506364,-0.262809,0.0384584;-1.76244,0.103634,-1.55509
0.513738,-0.25242,0.0325496;-1.64429,0.0418098,-1.57993
0.514872,-0.254281,0.029275;-1.57337,0.0196964,-1.59066
0.513624,-0.257665,0.0292398;-1.57071,0.0288252,-1.58522
0.511335,-0.261708,0.0290033;-1.5754,0.111389,-1.58594
0.50948,-0.261722,0.0325028;-1.65484,0.141331,-1.56033
0.50925,-0.256491,0.0370857;-1.72532,0.149337,-1.53807
0.516708,-0.242041,0.0349966;-1.60164,0.0873024,-1.56011
0.51443,-0.240846,0.0318673;-1.51072,0.10966,-1.58318
0.513116,-0.243667,0.0300175;-1.542,0.110283,-1.57594
0.512185,-0.244592,0.0287938;-1.57067,0.148578,-1.58094
0.512388,-0.24481,0.0293107;-1.60155,0.149839,-1.5685
0.512232,-0.245674,0.033022;-1.66686,0.143519,-1.55862
0.517988,-0.24579,0.035223;-1.66076,0.0575402,-1.54316
0.519504,-0.24013,0.0297894;-1.57122,0.0699019,-1.55575
0.518516,-0.240211,0.0291326;-1.54947,0.0882175,-1.56687
0.517965,-0.241285,0.0287709;-1.56468,0.0977921,-1.57446
0.518172,-0.241303,0.0286543;-1.57098,0.117837,-1.56712
0.5178,-0.241745,0.0295319;-1.60145,0.125702,-1.55598
0.521313,-0.250085,0.0369333;-1.66404,-0.00488852,-1.5187
0.526233,-0.247693,0.0315768;-1.58912,-0.0547698,-1.54204
0.52675,-0.247615,0.0285853;-1.57073,-0.0467657,-1.57059
0.527087,-0.247958,0.0288233;-1.55907,-0.0115086,-1.57053
0.527257,-0.247478,0.0286071;-1.57065,0.00198579,-1.56947
0.527433,-0.246767,0.0291387;-1.5746,0.0177311,-1.55788
0.530468,-0.24605,0.0373192;-1.66217,-0.0363645,-1.51721
0.535331,-0.246908,0.0334691;-1.61136,-0.126523,-1.53454
0.538409,-0.247615,0.0287287;-1.56482,-0.16685,-1.56852
0.538165,-0.24912,0.0289452;-1.5536,-0.148797,-1.56851
0.537821,-0.249612,0.0289184;-1.55443,-0.119777,-1.56863
0.537646,-0.248172,0.0288745;-1.56632,-0.0860575,-1.56013
0.537493,-0.24507,0.0369118;-1.66755,-0.0473371,-1.52213
0.543233,-0.252459,0.0347949;-1.63088,-0.160634,-1.53396
0.547535,-0.260137,0.0288907;-1.55958,-0.283981,-1.56338
0.547005,-0.260996,0.0285853;-1.57062,-0.336303,-1.57041
0.547804,-0.261015,0.0287231;-1.56371,-0.280634,-1.5686
0.547963,-0.25861,0.0288212;-1.57084,-0.205981,-1.55905
0.547963,-0.25861,0.0288212;-1.57084,-0.205981,-1.55905
0.546181,-0.254478,0.0304627;-1.58703,-0.150026,-1.54736
0.546181,-0.254478,0.0304627;-1.58703,-0.150026,-1.54736
