0.5,-0.3,0.06;-1.57,-2.98023e-08,-1.57
0.5,-0.3,0.06;-1.57,-2.98023e-08,-1.57
0.5,-0.3,0.06;-1.57,-2.98023e-08,-1.57
0.499232,-0.298011,0.0287227;-1.56904,-0.253035,-1.57886
0.499764,-0.297824,0.028739;-1.57069,-0.201157,-1.57907
0.500876,-0.291057,0.0295885;-1.55059,-0.097267,-1.56242
0.496494,-0.270007,0.0363565;-1.68918,0.000756294,-1.53846
0.504191,-0.283688,0.0287587;-1.56935,-0.188051,-1.56364
0.50339,-0.287476,0.0285975;-1.5695,-0.308122,-1.57025
0.502504,-0.286741,0.028701;-1.57089,-0.390143,-1.57683
0.502161,-0.288072,0.028649;-1.57084,-0.251733,-1.5743
0.501483,-0.281396,0.0293568;-1.5661,-0.17708,-1.55961
0.497173,-0.263357,0.0315718;-1.61533,-0.0574409,-1.56052
0.49974,-0.26511,0.0333988;-1.63229,-0.1456,-1.5441
0.504557,-0.272155,0.0308612;-1.59378,-0.24877,-1.55433
0.507065,-0.280666,0.0287548;-1.56972,-0.356231,-1.56327
0.507152,-0.279578,0.0286255;-1.57101,-0.318441,-1.57334
0.506492,-0.277046,0.0290675;-1.57068,-0.239763,-1.56709
0.50309,-0.267371,0.0299488;-1.58513,-0.12791,-1.56437
0.500215,-0.259827,0.0344651;-1.66871,-0.0975543,-1.56069
0.505161,-0.265393,0.0322547;-1.63054,-0.193335,-1.56497
0.509738,-0.274615,0.0288472;-1.56923,-0.304087,-1.55929
0.511166,-0.279524,0.028717;-1.56829,-0.388732,-1.5656
0.511561,-0.276828,0.028737;-1.56665,-0.29739,-1.56576
0.509988,-0.27024,0.0292231;-1.56913,-0.184189,-1.56388
0.50683,-0.263639,0.0304573;-1.58955,-0.125459,-1.55704
0.51112,-0.267065,0.0293455;-1.57737,-0.222567,-1.56391
0.51239,-0.272417,0.0285896;-1.56997,-0.406268,-1.5707
0.512208,-0.273002,0.0287047;-1.56721,-0.431782,-1.56651
0.512064,-0.269398,0.028993;-1.56094,-0.357804,-1.55621
0.50665,-0.246731,0.0312778;-1.54355,-0.130225,-1.54711
0.501664,-0.240115,0.0328613;-1.58997,-0.0618058,-1.55552
0.503699,-0.244497,0.0332661;-1.64442,-0.12186,-1.55762
0.509205,-0.254097,0.0287064;-1.56496,-0.268921,-1.56869
0.508922,-0.255613,0.0289949;-1.55837,-0.28557,-1.57524
0.509787,-0.255238,0.0287576;-1.56209,-0.241157,-1.56861
0.509621,-0.241464,0.0305436;-1.57492,-0.0371463,-1.54275
0.507679,-0.235742,0.0311695;-1.60745,0.0291075,-1.55314
0.506367,-0.23505,0.0331353;-1.63514,0.0286564,-1.54588
0.511473,-0.24281,0.0286206;-1.57052,-0.110058,-1.56921
0.511104,-0.24531,0.0288413;-1.55983,-0.148367,-1.57074
0.51097,-0.245844,0.0287919;-1.56576,-0.153254,-1.57533
0.513346,-0.240633,0.0292104;-1.56758,0.0151992,-1.55865
0.511799,-0.235852,0.0313621;-1.58633,0.0735354,-1.53454
0.510087,-0.23656,0.033707;-1.62526,0.0891777,-1.52276
0.516786,-0.239129,0.0287834;-1.5708,-0.0503504,-1.56438
0.516601,-0.241725,0.0287733;-1.56239,-0.0975866,-1.57118
0.516138,-0.24312,0.0288546;-1.56122,-0.117074,-1.57517
0.516418,-0.243232,0.0286304;-1.57315,-0.0132998,-1.5712
0.515331,-0.237658,0.0298565;-1.57615,0.0545746,-1.55401
0.512977,-0.236542,0.0319507;-1.60713,0.0887024,-1.53977
0.515534,-0.241721,0.0317811;-1.58618,-0.0235495,-1.52663
0.517826,-0.249623,0.0291787;-1.57068,-0.117713,-1.56067
0.51621,-0.256858,0.0286732;-1.56759,-0.222814,-1.56867
0.517001,-0.254924,0.0285847;-1.57038,-0.133924,-1.57107
0.516956,-0.247471,0.029537;-1.56285,-0.0425049,-1.55973
0.515066,-0.239108,0.0301662;-1.5952,0.0231982,-1.56286
0.516143,-0.244785,0.0320509;-1.59112,-0.0655823,-1.52741
0.519184,-0.252099,0.0309574;-1.58328,-0.163754,-1.53996
0.520082,-0.26193,0.0295387;-1.57279,-0.272328,-1.55678
0.521663,-0.259906,0.0286123;-1.57089,-0.184433,-1.57321
0.522434,-0.257063,0.0289656;-1.56308,-0.111955,-1.56711
0.520679,-0.244537,0.0299328;-1.56646,-0.0273474,-1.55981
0.519317,-0.243545,0.0325704;-1.60444,-0.0312745,-1.53014
0.524187,-0.249492,0.030958;-1.58805,-0.132621,-1.54432
0.527771,-0.258225,0.0294881;-1.57358,-0.241008,-1.55672
0.528464,-0.26185,0.0287169;-1.56804,-0.276294,-1.56615
0.52958,-0.258688,0.0287868;-1.56601,-0.174575,-1.56467
0.528841,-0.249008,0.029384;-1.5618,-0.078453,-1.56245
0.525015,-0.237222,0.0331782;-1.61543,0.00936409,-1.52841
0.528495,-0.240795,0.0346707;-1.6513,-0.0695549,-1.54096
0.533489,-0.249489,0.028809;-1.57319,-0.176118,-1.56811
0.534567,-0.259585,0.0288165;-1.55908,-0.310064,-1.56692
0.534626,-0.256762,0.0289603;-1.56324,-0.248318,-1.55886
0.533567,-0.248533,0.0312151;-1.56113,-0.15304,-1.54272
0.524009,-0.23623,0.0331542;-1.5743,0.0225001,-1.54437
0.527115,-0.239925,0.0338711;-1.58438,-0.0563082,-1.55613
0.531417,-0.247245,0.0287477;-1.57806,-0.156317,-1.57094
0.532149,-0.251499,0.0288739;-1.55916,-0.238419,-1.57083
0.532662,-0.249978,0.0287232;-1.56691,-0.162448,-1.567
0.531137,-0.243153,0.0310256;-1.55391,-0.074615,-1.54544
0.523378,-0.234363,0.0359598;-1.58065,0.052341,-1.51078
0.524838,-0.235778,0.0357941;-1.56101,0.00432269,-1.51925
0.525766,-0.24292,0.02899;-1.57408,-0.072057,-1.56389
0.527189,-0.249753,0.0286891;-1.56647,-0.209087,-1.56786
0.527413,-0.249213,0.0286028;-1.57061,-0.171622,-1.57195
0.52831,-0.247978,0.028789;-1.56224,-0.104606,-1.56758
0.52302,-0.234167,0.0337869;-1.5932,0.0510343,-1.51996
0.522544,-0.233943,0.0352094;-1.60461,0.020993,-1.50965
0.5229,-0.240866,0.0338635;-1.60778,-0.0310777,-1.51179
0.527511,-0.257909,0.0286619;-1.5696,-0.224956,-1.56786
0.52762,-0.257677,0.0286023;-1.57065,-0.208665,-1.5719
0.528023,-0.257802,0.0290219;-1.55876,-0.170133,-1.57808
0.527353,-0.242886,0.0305209;-1.56508,-0.00727591,-1.55377
0.527628,-0.241456,0.0327681;-1.60562,-0.0527159,-1.52823
0.526206,-0.245454,0.0352173;-1.62839,-0.0561998,-1.5081
0.535251,-0.262723,0.0293015;-1.57254,-0.274779,-1.5593
0.535653,-0.270163,0.0286105;-1.5695,-0.35502,-1.57062
0.536361,-0.270595,0.0286274;-1.5707,-0.282518,-1.5732
0.536878,-0.26727,0.0290978;-1.56556,-0.231175,-1.56184
0.530042,-0.245276,0.0328475;-1.61006,-0.054705,-1.53246
0.53318,-0.24885,0.0348148;-1.65363,-0.120298,-1.5444
0.539731,-0.259576,0.031424;-1.58893,-0.241724,-1.53808
0.54463,-0.275166,0.0286891;-1.56888,-0.423064,-1.56651
0.54509,-0.273848,0.0286121;-1.5695,-0.374187,-1.57135
0.545894,-0.271261,0.0287903;-1.56489,-0.293283,-1.56432
0.539161,-0.248918,0.0325783;-1.60581,-0.0978945,-1.53636
0.539822,-0.251528,0.0348993;-1.65944,-0.139225,-1.5499
0.545176,-0.259018,0.0318986;-1.62019,-0.227134,-1.56186
0.551184,-0.275899,0.0289825;-1.57046,-0.428615,-1.56325
0.551363,-0.274119,0.0287909;-1.56512,-0.410228,-1.5636
0.552074,-0.265627,0.0289034;-1.56337,-0.300681,-1.55983
0.542406,-0.248699,0.0308224;-1.56765,-0.090631,-1.54956
0.540894,-0.25213,0.0318687;-1.60353,-0.12574,-1.53904
0.543902,-0.257474,0.0330004;-1.61643,-0.194076,-1.54006
0.551723,-0.272079,0.0288479;-1.57063,-0.39079,-1.56557
0.551822,-0.27094,0.0287589;-1.56705,-0.375335,-1.56424
0.551674,-0.266033,0.0290715;-1.55372,-0.293433,-1.5594
0.541814,-0.246791,0.0330331;-1.58385,-0.0719227,-1.5243
0.540395,-0.246218,0.033215;-1.59205,-0.0642779,-1.52725
0.540635,-0.251676,0.032468;-1.60146,-0.112165,-1.53067
0.549245,-0.266328,0.0289469;-1.57198,-0.311032,-1.56543
0.550186,-0.268936,0.028703;-1.56882,-0.347962,-1.56612
0.550519,-0.267311,0.0286838;-1.56747,-0.298551,-1.568
0.545362,-0.25015,0.0341135;-1.56699,-0.087418,-1.51545
0.540394,-0.244354,0.036532;-1.58798,-0.00898794,-1.5016
0.539983,-0.246832,0.0377966;-1.65836,-0.035038,-1.5074
0.550003,-0.265574,0.028842;-1.5706,-0.242707,-1.56436
0.550995,-0.270102,0.0286484;-1.5697,-0.31461,-1.56817
0.551266,-0.269974,0.0286421;-1.56763,-0.307482,-1.56975
0.551574,-0.252353,0.0307503;-1.57666,-0.113408,-1.53871
0.546067,-0.244517,0.0342986;-1.59329,-0.0116828,-1.51153
0.543015,-0.244208,0.0385778;-1.6263,-0.00170294,-1.49438
0.553148,-0.259492,0.0323145;-1.58694,-0.172474,-1.52036
0.555497,-0.269512,0.0287195;-1.56924,-0.269333,-1.56546
0.555586,-0.272593,0.0285898;-1.57077,-0.327711,-1.57028
0.557012,-0.272083,0.028766;-1.56266,-0.226297,-1.57005
0.556979,-0.264086,0.0300221;-1.54914,-0.140489,-1.5585
0.553003,-0.247388,0.0324399;-1.60621,-0.0479948,-1.53552
0.557375,-0.262483,0.0359808;-1.66342,-0.19074,-1.5386
0.564765,-0.273335,0.0300136;-1.58192,-0.31209,-1.55132
0.56691,-0.282243,0.0286775;-1.56902,-0.410386,-1.56699
0.568288,-0.282458,0.0289781;-1.55903,-0.328687,-1.57482
0.569458,-0.279214,0.0289329;-1.56356,-0.274751,-1.56741
0.567984,-0.266605,0.0305834;-1.54186,-0.183057,-1.55697
0.568521,-0.26826,0.0307684;-1.58899,-0.233533,-1.54876
0.573531,-0.275937,0.0291984;-1.57423,-0.33866,-1.5606
0.575592,-0.285051,0.0293053;-1.57255,-0.444627,-1.55945
0.577135,-0.283719,0.0289358;-1.5629,-0.360475,-1.57747
0.578062,-0.282149,0.0296316;-1.54587,-0.302663,-1.56846
0.577228,-0.274087,0.0300666;-1.54561,-0.256303,-1.5618
0.575336,-0.275851,0.0317564;-1.59277,-0.271903,-1.53697
0.580661,-0.282764,0.0299213;-1.58143,-0.366022,-1.55526
0.584481,-0.289493,0.0288764;-1.57122,-0.465437,-1.56515
0.585046,-0.288925,0.0287399;-1.56687,-0.436886,-1.56494
0.584267,-0.27885,0.0295896;-1.55989,-0.332329,-1.55539
0.579626,-0.26339,0.0305939;-1.57756,-0.217183,-1.54959
0.577243,-0.260273,0.031624;-1.59236,-0.202866,-1.53758
0.58265,-0.266711,0.0311333;-1.59429,-0.281564,-1.54245
0.587378,-0.273465,0.0287203;-1.57486,-0.369152,-1.56764
0.588747,-0.280569,0.0287673;-1.56682,-0.448716,-1.56359
0.587227,-0.272237,0.0294402;-1.56377,-0.363407,-1.55106
0.581429,-0.260719,0.0323977;-1.58856,-0.255546,-1.52476
0.576175,-0.252704,0.0351335;-1.60364,-0.155829,-1.51756
0.579516,-0.258911,0.0331651;-1.61659,-0.220577,-1.53685
0.584847,-0.268361,0.0289394;-1.57274,-0.310953,-1.56288
0.587606,-0.278926,0.0287481;-1.56823,-0.444834,-1.56393
0.587298,-0.276633,0.0289609;-1.5645,-0.407603,-1.56035
0.585376,-0.264831,0.0305354;-1.57137,-0.308144,-1.54066
0.574214,-0.252414,0.0367639;-1.61257,-0.146771,-1.4979
0.57562,-0.254189,0.0399006;-1.66802,-0.177454,-1.51107
0.58212,-0.261463,0.037693;-1.67202,-0.263191,-1.5337
0.592073,-0.282629,0.0288127;-1.56892,-0.482238,-1.56461
0.592321,-0.281453,0.0286132;-1.56891,-0.446279,-1.57012
0.59271,-0.277214,0.0292384;-1.54453,-0.364144,-1.56285
0.582827,-0.250331,0.033656;-1.58986,-0.152982,-1.52135
0.582529,-0.255515,0.0364187;-1.64803,-0.214829,-1.51892
0.584124,-0.262303,0.0380833;-1.66397,-0.268064,-1.51787
0.596289,-0.283361,0.0301137;-1.57637,-0.484407,-1.54967
0.597384,-0.282298,0.0287248;-1.56715,-0.463336,-1.56547
0.598116,-0.280758,0.0289351;-1.55985,-0.38328,-1.57356
0.598116,-0.280758,0.0289351;-1.55985,-0.38328,-1.57356
0.599113,-0.280052,0.0295235;-1.53652,-0.344049,-1.56863
0.599113,-0.280052,0.0295235;-1.53652,-0.344049,-1.56863
