0.5,-0.3,0.06;-1.57,-2.98023e-08,-1.57
0.5,-0.3,0.06;-1.57,-2.98023e-08,-1.57
0.5,-0.3,0.06;-1.57,-2.98023e-08,-1.57
0.500356,-0.298627,0.028688;-1.57117,-0.252556,-1.57612
0.500392,-0.29732,0.0285833;-1.57072,-0.188164,-1.57063
0.500215,-0.289039,0.0302081;-1.57861,-0.0529854,-1.55035
0.496796,-0.274508,0.0348714;-1.66711,0.048424,-1.54736
0.500807,-0.280048,0.028709;-1.57331,-0.138594,-1.58165
0.499323,-0.278318,0.0286793;-1.57086,-0.244432,-1.57561
0.500648,-0.275617,0.0286219;-1.57341,-0.340188,-1.57123
0.500703,-0.276252,0.0286291;-1.56911,-0.215227,-1.57156
0.499205,-0.266061,0.0307622;-1.59116,-0.0786288,-1.55124
0.492989,-0.254162,0.0358038;-1.67075,0.035103,-1.53898
0.496812,-0.257924,0.0320462;-1.6225,-0.0511582,-1.55687
0.499635,-0.262445,0.028629;-1.57066,-0.14748,-1.57317
0.498384,-0.260927,0.0287105;-1.56915,-0.268836,-1.57518
0.498366,-0.261528,0.0286029;-1.57101,-0.209305,-1.57193
0.497809,-0.254357,0.0303234;-1.5902,-0.0880568,-1.5553
0.492669,-0.244405,0.0348526;-1.64742,0.0265381,-1.53473
0.491869,-0.24118,0.0359909;-1.66933,0.0426608,-1.53497
0.495638,-0.24519,0.0328569;-1.6428,-0.0439221,-1.56235
0.498011,-0.249906,0.0286923;-1.57079,-0.165975,-1.57627
0.497653,-0.250546,0.0287984;-1.56851,-0.230657,-1.57858
0.497841,-0.249614,0.0286428;-1.57069,-0.131256,-1.5678
0.496858,-0.242633,0.031045;-1.59772,-0.0161453,-1.54942
0.493978,-0.240329,0.032501;-1.61303,0.021823,-1.54015
0.496537,-0.240687,0.0301984;-1.59544,-0.0422013,-1.55976
0.496794,-0.244647,0.0288952;-1.56344,-0.154458,-1.57735
0.496902,-0.245208,0.0288671;-1.56496,-0.152098,-1.5779
0.496752,-0.245964,0.0286625;-1.57109,-0.0991716,-1.5745
0.493948,-0.241012,0.0311589;-1.59999,0.0731448,-1.54674
0.491582,-0.239119,0.0339501;-1.63636,0.108435,-1.5312
0.493408,-0.237753,0.0339301;-1.62409,0.0784827,-1.52832
0.495122,-0.240832,0.0288636;-1.56264,-0.101497,-1.57558
0.49503,-0.242251,0.0289328;-1.56123,-0.113641,-1.57717
0.49534,-0.242469,0.0286396;-1.57072,-0.101942,-1.57358
0.494105,-0.239347,0.0300556;-1.59209,0.0808768,-1.555
0.491597,-0.239511,0.0319985;-1.62118,0.128438,-1.54278
0.490876,-0.240075,0.0339577;-1.65283,0.12635,-1.53687
0.494566,-0.243985,0.0285818;-1.5705,-0.0421456,-1.57087
0.492943,-0.243957,0.0288152;-1.56278,-0.142449,-1.57329
0.492951,-0.244471,0.0287614;-1.56588,-0.140289,-1.57392
0.493096,-0.243402,0.0288608;-1.57445,0.0446279,-1.56084
0.491126,-0.23954,0.0311852;-1.59857,0.119796,-1.53608
0.489106,-0.240927,0.033608;-1.63543,0.141611,-1.52765
0.495065,-0.243472,0.0286063;-1.56912,-0.016266,-1.57019
0.49307,-0.244086,0.0287171;-1.56505,-0.141403,-1.57132
0.49277,-0.245163,0.0288241;-1.56231,-0.151463,-1.57296
0.493509,-0.245323,0.0286456;-1.57089,0.0144208,-1.56735
0.492206,-0.241175,0.0304445;-1.59326,0.10304,-1.54776
0.490065,-0.241369,0.0324771;-1.62146,0.154174,-1.53051
0.495826,-0.241175,0.0287857;-1.57668,0.029329,-1.56682
0.494134,-0.24235,0.028792;-1.56019,-0.0831595,-1.56977
0.493168,-0.242956,0.0288978;-1.55826,-0.121064,-1.57204
0.49454,-0.242912,0.0287544;-1.56796,0.00547173,-1.56454
0.493165,-0.238382,0.0308448;-1.58727,0.102952,-1.54109
0.490197,-0.240043,0.0327536;-1.60774,0.135407,-1.52491
0.4936,-0.239269,0.0313293;-1.57017,0.0834859,-1.52773
0.492821,-0.241718,0.0285909;-1.57027,-0.0112234,-1.57095
0.491077,-0.241925,0.0288919;-1.55733,-0.10473,-1.57111
0.491454,-0.242324,0.0285795;-1.57062,-0.0395054,-1.57088
0.490736,-0.239957,0.0299316;-1.58347,0.0478578,-1.55187
0.487741,-0.238504,0.0322434;-1.61184,0.109962,-1.52714
0.487506,-0.239462,0.0315237;-1.58956,0.112958,-1.53124
0.489294,-0.241886,0.0290398;-1.5816,0.054892,-1.55885
0.487926,-0.243406,0.028668;-1.56635,-0.0697521,-1.57085
0.486831,-0.2435,0.0286012;-1.57057,-0.126121,-1.5718
0.487463,-0.241556,0.0288404;-1.57398,-0.0310193,-1.56165
0.486063,-0.2383,0.0307591;-1.58723,0.049916,-1.54253
0.480992,-0.238387,0.0335803;-1.61875,0.103655,-1.5199
0.484562,-0.237585,0.0321326;-1.59158,0.0524133,-1.52822
0.486437,-0.242742,0.0286494;-1.56991,-0.0595712,-1.56798
0.485069,-0.244126,0.0289027;-1.56007,-0.131671,-1.57411
0.484718,-0.244605,0.0285792;-1.57085,-0.0491575,-1.57073
0.482273,-0.24064,0.0295699;-1.57832,0.0411864,-1.55333
0.475324,-0.240016,0.0320234;-1.62832,0.125385,-1.54602
0.47891,-0.240636,0.0333044;-1.61269,0.0860777,-1.52698
0.481394,-0.245088,0.0287662;-1.57761,0.00279138,-1.56785
0.478878,-0.24696,0.0285835;-1.57032,-0.151344,-1.57056
0.479548,-0.247576,0.0286014;-1.57069,-0.0620138,-1.57186
0.480726,-0.243373,0.0290108;-1.57533,0.0415805,-1.55977
0.475188,-0.242218,0.0317794;-1.62455,0.125358,-1.54416
0.478469,-0.244003,0.032958;-1.59999,0.0900682,-1.52348
0.480444,-0.246536,0.0288071;-1.57764,0.0333223,-1.5649
0.477712,-0.248575,0.0286641;-1.56649,-0.132458,-1.57016
0.47864,-0.248633,0.0285832;-1.57013,-0.0503891,-1.57043
0.478999,-0.246347,0.0286735;-1.5716,0.0317741,-1.56543
0.475194,-0.243289,0.0319538;-1.62974,0.121574,-1.54801
0.477197,-0.244223,0.0327024;-1.61421,0.092195,-1.53391
0.478506,-0.244566,0.0303216;-1.57787,0.0810185,-1.54352
0.476919,-0.246343,0.0287872;-1.5612,-0.0760856,-1.57075
0.476929,-0.246701,0.0285887;-1.57079,-0.0201984,-1.57133
0.476913,-0.246836,0.0285972;-1.57168,-0.0107825,-1.57064
0.473027,-0.243582,0.0316933;-1.6245,0.105555,-1.55132
0.474253,-0.24413,0.0313971;-1.6138,0.0965181,-1.54904
0.475198,-0.244893,0.030728;-1.59701,0.100905,-1.54456
0.476047,-0.248275,0.0286074;-1.56944,-0.0396388,-1.57051
0.475056,-0.249608,0.0285798;-1.57077,-0.0702229,-1.57083
0.474691,-0.250365,0.0286345;-1.57241,-0.0155897,-1.57276
0.47478,-0.249149,0.0289671;-1.57607,0.0406045,-1.56909
0.471466,-0.245862,0.0331269;-1.64146,0.141973,-1.54193
0.473507,-0.246104,0.0324043;-1.60024,0.100923,-1.52988
0.474878,-0.248239,0.028581;-1.57119,0.0268597,-1.57133
0.473577,-0.249359,0.0285799;-1.57079,-0.0746177,-1.5708
0.473326,-0.250216,0.0286596;-1.57099,-0.00540074,-1.57454
0.473286,-0.250345,0.0286496;-1.57361,0.0480408,-1.57156
0.469399,-0.247427,0.0324146;-1.62725,0.163184,-1.54258
0.471089,-0.248079,0.0326718;-1.61626,0.140478,-1.53282
0.472682,-0.250387,0.02868;-1.57316,0.0844283,-1.56829
0.470212,-0.253001,0.028589;-1.57072,-0.0750167,-1.57144
0.47038,-0.253457,0.028616;-1.57083,-0.0111704,-1.57246
0.470639,-0.252733,0.0286071;-1.57254,0.050276,-1.57063
0.467519,-0.249359,0.0317476;-1.63512,0.16785,-1.54996
0.468843,-0.249246,0.0329008;-1.64525,0.148093,-1.54827
0.47114,-0.251095,0.0292939;-1.57915,0.103215,-1.56223
0.470261,-0.251562,0.028684;-1.56775,-0.0278716,-1.57298
0.470145,-0.252438,0.0286412;-1.57045,-0.00698605,-1.57392
0.469585,-0.253536,0.0286303;-1.57127,0.0509854,-1.573
0.467591,-0.251539,0.0312052;-1.61848,0.183595,-1.55204
0.467444,-0.25121,0.0334413;-1.63946,0.211578,-1.53554
0.469528,-0.251248,0.0314139;-1.58256,0.182353,-1.53398
0.470151,-0.250815,0.0285912;-1.57068,0.0206254,-1.57133
0.469864,-0.251197,0.0286368;-1.57061,0.0124602,-1.57357
0.469495,-0.252784,0.0287844;-1.57065,0.0612432,-1.58041
0.467755,-0.25231,0.0298588;-1.59034,0.199456,-1.55943
0.465643,-0.252445,0.0330634;-1.62829,0.258222,-1.52676
0.466754,-0.254416,0.0321924;-1.59694,0.261188,-1.52813
0.468637,-0.254955,0.0286148;-1.56941,0.1336,-1.57145
0.467804,-0.254873,0.0286876;-1.56964,0.0987641,-1.57508
0.467709,-0.256327,0.0289858;-1.56074,0.115786,-1.58157
0.468983,-0.256693,0.0304257;-1.54057,0.229833,-1.57945
0.466133,-0.255663,0.0301001;-1.56711,0.27254,-1.55929
0.465607,-0.255282,0.0300496;-1.57705,0.283241,-1.5612
0.466775,-0.258545,0.0287037;-1.56839,0.25409,-1.57523
0.465514,-0.25855,0.0290254;-1.55393,0.185413,-1.57852
0.464784,-0.259198,0.0288854;-1.56129,0.151586,-1.57735
0.467502,-0.260219,0.0306326;-1.53301,0.240935,-1.5898
0.465584,-0.257669,0.0298716;-1.55741,0.282566,-1.5693
0.463421,-0.257048,0.0302647;-1.57646,0.317307,-1.55613
0.466336,-0.260792,0.029933;-1.55548,0.269294,-1.56605
0.465518,-0.261843,0.0287905;-1.56265,0.198021,-1.57434
0.464892,-0.262845,0.0290061;-1.55797,0.167137,-1.58051
0.466934,-0.262879,0.0308633;-1.52424,0.242825,-1.59039
0.464598,-0.25989,0.0303955;-1.54461,0.296417,-1.57557
0.461142,-0.25976,0.0304696;-1.56459,0.345295,-1.56025
0.463164,-0.262387,0.031378;-1.53258,0.314584,-1.57317
0.463914,-0.262392,0.0290959;-1.55802,0.24117,-1.58629
0.464528,-0.261976,0.0286219;-1.57089,0.178695,-1.57306
0.464947,-0.262442,0.0288603;-1.56138,0.204553,-1.57671
0.465207,-0.258778,0.0304368;-1.54506,0.265855,-1.57145
0.463608,-0.256899,0.030992;-1.57503,0.305853,-1.55454
0.463864,-0.260564,0.0323711;-1.5242,0.320349,-1.57671
0.465555,-0.262161,0.0287856;-1.57043,0.267727,-1.58064
0.465094,-0.262074,0.0287391;-1.57071,0.212935,-1.57837
0.464575,-0.263059,0.028823;-1.57062,0.196294,-1.58234
0.465472,-0.2621,0.0294901;-1.55804,0.245782,-1.57542
0.463951,-0.258954,0.0301285;-1.56228,0.290082,-1.57266
0.46163,-0.260031,0.0317285;-1.59954,0.340546,-1.56135
0.463458,-0.264496,0.0318248;-1.51018,0.308081,-1.59274
0.46325,-0.265305,0.0290767;-1.5586,0.252069,-1.58573
0.462633,-0.266058,0.0289486;-1.5643,0.206785,-1.58337
0.463347,-0.265842,0.0288986;-1.56748,0.240459,-1.58428
0.462972,-0.263532,0.0294027;-1.5709,0.281243,-1.57812
0.459969,-0.260463,0.0314455;-1.62898,0.348502,-1.56125
0.461527,-0.262758,0.0328315;-1.54252,0.33893,-1.59144
0.462417,-0.264747,0.0289714;-1.5645,0.299981,-1.58556
0.461435,-0.266831,0.02877;-1.57071,0.225342,-1.57985
0.461872,-0.267374,0.0289367;-1.56641,0.25005,-1.58475
0.462322,-0.265985,0.0288374;-1.57337,0.287047,-1.57951
0.458064,-0.26046,0.0311876;-1.61048,0.379211,-1.55923
0.460607,-0.263334,0.0354254;-1.56363,0.367168,-1.58227
0.460694,-0.268158,0.0307617;-1.53818,0.322919,-1.59305
0.459133,-0.26992,0.0288578;-1.57433,0.276258,-1.57983
0.459159,-0.270778,0.0290377;-1.56289,0.276151,-1.5873
0.459667,-0.269879,0.0288558;-1.57213,0.30507,-1.58195
0.455956,-0.263128,0.0306897;-1.6035,0.390716,-1.56204
0.457623,-0.263578,0.0344585;-1.61234,0.383658,-1.55644
0.460469,-0.266941,0.0311894;-1.52355,0.344587,-1.58557
0.460346,-0.267853,0.0287493;-1.57236,0.259644,-1.5771
0.459934,-0.268543,0.0289921;-1.56146,0.259079,-1.58388
0.460812,-0.268013,0.0287759;-1.56746,0.277693,-1.57831
0.460812,-0.268013,0.0287759;-1.56746,0.277693,-1.57831
0.460918,-0.264209,0.0298753;-1.56184,0.327312,-1.57305
0.460918,-0.264209,0.0298753;-1.56184,0.327312,-1.57305
