0.5,-0.3,0.06;-1.57,-2.98023e-08,-1.57
0.5,-0.3,0.06;-1.57,-2.98023e-08,-1.57
0.5,-0.3,0.06;-1.57,-2.98023e-08,-1.57
0.498759,-0.298904,0.028583;-1.57018,-0.302787,-1.57054
0.499509,-0.29687,0.0286959;-1.57115,-0.254371,-1.56502
0.500312,-0.286045,0.0304706;-1.57417,-0.134317,-1.53887
0.498767,-0.275923,0.0324872;-1.58375,-0.0562035,-1.51823
0.503197,-0.285254,0.0285772;-1.5705,-0.273411,-1.57092
0.501903,-0.286006,0.028583;-1.57156,-0.354872,-1.57032
0.501987,-0.286118,0.02858;-1.57085,-0.374467,-1.57072
0.503391,-0.283209,0.0287475;-1.5708,-0.198186,-1.56274
0.502813,-0.274279,0.0311524;-1.57428,-0.0600252,-1.53004
0.497162,-0.266047,0.0342637;-1.59754,0.0783883,-1.50001
0.497841,-0.274317,0.031117;-1.57945,0.0386689,-1.53369
0.498584,-0.281496,0.028709;-1.5706,-0.0459059,-1.56432
0.497125,-0.283361,0.0285924;-1.57048,-0.161354,-1.56979
0.497199,-0.282027,0.0285985;-1.56986,-0.104423,-1.5702
0.498006,-0.276462,0.030132;-1.57234,0.0259963,-1.54355
0.495311,-0.268061,0.0331929;-1.59046,0.154462,-1.50992
0.494078,-0.26635,0.03372;-1.59734,0.203762,-1.50577
0.496457,-0.273746,0.0303132;-1.58345,0.119288,-1.54127
0.496506,-0.280281,0.0285861;-1.57362,0.00977931,-1.56755
0.495699,-0.281391,0.0285782;-1.57072,-0.0909671,-1.57082
0.497809,-0.279233,0.0287695;-1.5708,0.027762,-1.5616
0.500324,-0.271728,0.0309791;-1.57411,0.150247,-1.53308
0.500165,-0.265349,0.0324975;-1.58322,0.237684,-1.5141
0.501048,-0.271393,0.0294882;-1.57619,0.181462,-1.54949
0.50006,-0.276239,0.0285872;-1.5713,-0.0142233,-1.57079
0.50027,-0.276861,0.0285792;-1.5709,-0.0577846,-1.57064
0.500704,-0.276035,0.0285783;-1.57087,-0.030541,-1.57073
0.503434,-0.262291,0.0312138;-1.58623,0.143312,-1.53457
0.501619,-0.254297,0.0331366;-1.60066,0.205777,-1.51382
0.503231,-0.255045,0.0325458;-1.58731,0.181238,-1.51728
0.502871,-0.261501,0.0286579;-1.56664,0.0359558,-1.5709
0.501305,-0.263065,0.0285791;-1.57062,-0.0811608,-1.57074
0.501258,-0.262903,0.0285798;-1.5708,-0.100216,-1.57077
0.502756,-0.256165,0.029419;-1.57563,0.0761678,-1.55214
0.500918,-0.249008,0.0320467;-1.59397,0.183562,-1.52392
0.499465,-0.248115,0.0324271;-1.59709,0.215685,-1.51625
0.499497,-0.257646,0.0286297;-1.5707,0.127359,-1.56843
0.497605,-0.261792,0.0286111;-1.57065,-0.00910798,-1.5692
0.496817,-0.263249,0.0285801;-1.57085,-0.10385,-1.57073
0.498331,-0.25974,0.0288065;-1.56696,0.0469032,-1.56369
0.499257,-0.252488,0.030961;-1.56732,0.160904,-1.53916
0.49816,-0.247667,0.0327594;-1.57806,0.222409,-1.51648
0.501005,-0.262068,0.0286704;-1.57045,0.147657,-1.56629
0.500663,-0.264437,0.0285795;-1.57077,0.0571747,-1.57089
0.501563,-0.265081,0.02858;-1.57077,-0.0167892,-1.57091
0.501938,-0.264308,0.028621;-1.5707,0.0921795,-1.56843
0.502254,-0.258334,0.0300781;-1.56488,0.18869,-1.54952
0.50107,-0.249135,0.0325482;-1.56359,0.244381,-1.52087
0.503121,-0.259131,0.0288321;-1.57345,0.158337,-1.56076
0.502992,-0.260923,0.0285802;-1.5707,0.0604163,-1.57092
0.503717,-0.26151,0.0285873;-1.57127,-0.023038,-1.57101
0.504351,-0.259664,0.0288072;-1.5708,0.0426666,-1.55997
0.504346,-0.251131,0.0302924;-1.56429,0.0934801,-1.54811
0.502569,-0.242341,0.0327021;-1.56477,0.151005,-1.53007
0.505797,-0.24385,0.0320188;-1.54565,0.0903841,-1.53788
0.505658,-0.249543,0.0307539;-1.53095,0.0200078,-1.56001
0.504744,-0.255429,0.0294768;-1.54098,-0.038138,-1.56523
0.504164,-0.256111,0.0288566;-1.55743,-0.0730178,-1.56899
0.504467,-0.251449,0.0296571;-1.57461,-0.030254,-1.55001
0.503508,-0.244359,0.0320089;-1.58646,0.0396987,-1.52328
0.503263,-0.243357,0.0319006;-1.58127,0.0546615,-1.52053
0.504238,-0.247472,0.0290377;-1.57814,0.0109286,-1.55577
0.503939,-0.250004,0.028581;-1.57065,-0.0872259,-1.57053
0.504147,-0.250844,0.02858;-1.57074,-0.173343,-1.57081
0.504474,-0.248426,0.0288187;-1.57088,-0.124203,-1.55931
0.504371,-0.242145,0.0302509;-1.57187,-0.0431331,-1.54523
0.502477,-0.236115,0.0329201;-1.5925,0.0664316,-1.51606
0.504087,-0.240697,0.0316767;-1.58464,0.0584393,-1.52874
0.505631,-0.247259,0.0287402;-1.57101,-0.026789,-1.56322
0.504783,-0.252142,0.0285792;-1.57062,-0.115837,-1.57094
0.504841,-0.251612,0.0286394;-1.57093,-0.0854317,-1.56763
0.504795,-0.248327,0.0288656;-1.5731,-0.0011633,-1.55942
0.50386,-0.24213,0.0330023;-1.58345,0.15569,-1.51076
0.504604,-0.249051,0.0339471;-1.56179,0.18033,-1.51854
0.505739,-0.257013,0.0288513;-1.57352,0.105411,-1.56005
0.50608,-0.26069,0.0285991;-1.57159,-0.0913684,-1.57084
0.505998,-0.259826,0.028616;-1.57151,-0.0758735,-1.56875
0.506514,-0.256407,0.0290066;-1.5682,-0.018308,-1.55586
0.505743,-0.234784,0.0330221;-1.58728,0.0593131,-1.51385
0.507938,-0.234481,0.0350488;-1.5352,0.0212394,-1.5232
0.510836,-0.239204,0.0310564;-1.52471,-0.0385694,-1.56436
0.510192,-0.243937,0.0289914;-1.5562,-0.107254,-1.5743
0.51027,-0.244043,0.0289626;-1.55587,-0.110085,-1.57243
0.51069,-0.242054,0.028894;-1.56973,-0.0926183,-1.55672
0.508191,-0.234561,0.0336631;-1.57381,0.00676539,-1.52129
0.510686,-0.235206,0.0347611;-1.55161,0.00150213,-1.51862
0.511899,-0.238199,0.0308173;-1.53968,-0.0278768,-1.55778
0.510738,-0.243491,0.0287916;-1.56125,-0.104889,-1.57061
0.510397,-0.243915,0.0285801;-1.57091,-0.112871,-1.57077
0.510468,-0.244324,0.0287198;-1.571,-0.117824,-1.56433
0.508389,-0.234853,0.0323358;-1.59149,0.00823406,-1.52542
0.50967,-0.234587,0.0321883;-1.58065,0.00470717,-1.52238
0.508839,-0.23424,0.0315642;-1.57649,0.0230616,-1.52656
0.50577,-0.24425,0.0290333;-1.55046,-0.087173,-1.56714
0.504055,-0.249849,0.0288649;-1.56045,-0.178841,-1.56532
0.504567,-0.248807,0.0286933;-1.5696,-0.101395,-1.56609
0.504855,-0.243697,0.029291;-1.57202,-0.0158371,-1.55395
0.503485,-0.239114,0.0326006;-1.58128,0.110201,-1.51552
0.504293,-0.242555,0.0334282;-1.54328,0.118259,-1.52131
0.503689,-0.249845,0.0318945;-1.54545,0.0749885,-1.53452
0.499284,-0.259512,0.0289723;-1.56117,-0.114576,-1.56029
0.498858,-0.259041,0.0286581;-1.57089,-0.0989458,-1.56694
0.49904,-0.255884,0.029021;-1.56658,-0.0315894,-1.55504
0.495819,-0.242406,0.0324465;-1.58463,0.0980494,-1.51934
0.496273,-0.239161,0.0336608;-1.54751,0.088921,-1.52048
0.496702,-0.241607,0.0287277;-1.57028,0.0432078,-1.56405
0.495912,-0.24827,0.028789;-1.56305,-0.0641375,-1.57258
0.496272,-0.250197,0.0288978;-1.55715,-0.0451346,-1.57189
0.496797,-0.250339,0.0288894;-1.55954,0.0043586,-1.56678
0.495069,-0.240976,0.0334113;-1.55975,0.0998192,-1.52839
0.496978,-0.240936,0.034351;-1.5358,0.0891486,-1.53088
0.499368,-0.244789,0.0299109;-1.55056,0.067486,-1.56287
0.498883,-0.25362,0.029077;-1.55215,0.025212,-1.57624
0.498847,-0.255053,0.0291008;-1.55042,0.0189659,-1.57558
0.498969,-0.255829,0.0286617;-1.56689,0.0282728,-1.57094
0.497174,-0.247542,0.0318862;-1.59604,0.180253,-1.52517
0.497444,-0.246411,0.0325789;-1.59573,0.164041,-1.51896
0.499942,-0.244849,0.0319435;-1.57412,0.12166,-1.51976
0.500017,-0.252243,0.0288248;-1.56087,-0.00292531,-1.57271
0.499554,-0.253762,0.028664;-1.56656,-0.0218965,-1.57101
0.499347,-0.25473,0.0285789;-1.57057,-0.0261159,-1.57057
0.498181,-0.249023,0.0307097;-1.5833,0.124851,-1.54127
0.495864,-0.24496,0.0324503;-1.59432,0.173077,-1.52211
0.496924,-0.247202,0.032262;-1.57813,0.185569,-1.51819
0.497965,-0.255203,0.02874;-1.57053,0.067811,-1.56296
0.496422,-0.259223,0.0286167;-1.57058,-0.0383277,-1.56881
0.496329,-0.260504,0.0286821;-1.57071,-0.0626784,-1.56581
0.496646,-0.255205,0.0295227;-1.57286,0.0376874,-1.55104
0.495056,-0.248133,0.0317654;-1.5793,0.106296,-1.52705
0.493941,-0.242932,0.0331469;-1.5687,0.103108,-1.50832
0.493681,-0.244403,0.0287487;-1.57085,0.00704864,-1.56263
0.492748,-0.246459,0.0286584;-1.56679,-0.0795565,-1.57054
0.491862,-0.247346,0.0285865;-1.5701,-0.130391,-1.57075
0.492344,-0.244666,0.0291152;-1.56523,-0.0994203,-1.55484
0.491564,-0.239626,0.0310427;-1.57285,-0.0568501,-1.53684
0.489063,-0.235493,0.0331252;-1.58029,-0.00400199,-1.51675
0.491479,-0.23984,0.0287405;-1.56918,-0.0711887,-1.56457
0.49124,-0.241701,0.02884;-1.55816,-0.104891,-1.56971
0.491169,-0.24543,0.0290655;-1.5538,-0.147707,-1.57455
0.491648,-0.244528,0.0288976;-1.56904,-0.119459,-1.55776
0.490638,-0.241162,0.0299265;-1.57921,-0.0759973,-1.5506
0.488398,-0.23664,0.0331164;-1.58869,-0.006711,-1.5146
0.48887,-0.238173,0.030103;-1.56725,-0.032176,-1.54499
0.487709,-0.241392,0.0287108;-1.56427,-0.0876647,-1.57026
0.487611,-0.245992,0.0290529;-1.55372,-0.138591,-1.57395
0.487548,-0.246081,0.0287404;-1.57102,-0.117593,-1.56301
0.485599,-0.244606,0.0298311;-1.57431,-0.0437301,-1.55019
0.481637,-0.242875,0.0327596;-1.59473,0.0542599,-1.52106
0.479765,-0.244817,0.0314059;-1.56772,0.0874086,-1.52889
0.478807,-0.247708,0.0286939;-1.57072,0.0166182,-1.56403
0.47685,-0.250102,0.0286628;-1.56721,-0.0952521,-1.5694
0.47674,-0.250592,0.028705;-1.56995,-0.123292,-1.5642
0.477603,-0.248169,0.0294956;-1.56427,-0.0525779,-1.55204
0.476852,-0.245974,0.0304222;-1.5758,0.0104364,-1.54531
0.47518,-0.248737,0.0327987;-1.57053,0.0934845,-1.51592
0.47376,-0.251547,0.02886;-1.57335,0.0538985,-1.55938
0.473267,-0.253604,0.0286444;-1.57068,-0.0207503,-1.56788
0.472505,-0.255269,0.0286404;-1.5709,-0.0882947,-1.56784
0.473116,-0.254603,0.028846;-1.56785,-0.0446376,-1.56081
0.473527,-0.25168,0.0295993;-1.56679,0.0048417,-1.55361
0.471654,-0.245857,0.0323741;-1.58378,0.0432768,-1.51983
0.472012,-0.243839,0.032501;-1.55643,-0.0089609,-1.5201
0.471262,-0.246594,0.0287216;-1.5709,-0.100943,-1.56402
0.469818,-0.249429,0.0287097;-1.56432,-0.216371,-1.56924
0.470079,-0.249,0.0286326;-1.56847,-0.201327,-1.56913
0.470342,-0.247573,0.0292507;-1.55999,-0.170172,-1.55346
0.467461,-0.240011,0.0344938;-1.58722,-0.0412732,-1.49941
0.466929,-0.242152,0.0351932;-1.5613,-0.0321969,-1.49372
0.462899,-0.246078,0.0288291;-1.57126,-0.036501,-1.5589
0.461614,-0.25054,0.0286151;-1.57061,-0.202316,-1.56904
0.462064,-0.250146,0.0285887;-1.57037,-0.170236,-1.57046
0.462677,-0.249285,0.0289091;-1.56878,-0.139199,-1.55645
0.457782,-0.245856,0.0335963;-1.58907,0.0214958,-1.50824
0.456357,-0.248407,0.0348805;-1.57049,0.0614439,-1.49831
0.452288,-0.251965,0.0293794;-1.57144,0.0847726,-1.553
0.451592,-0.254785,0.0286462;-1.57084,-0.00909317,-1.56752
0.45153,-0.254062,0.0286493;-1.57113,0.023481,-1.56724
0.451933,-0.253672,0.0289344;-1.56685,0.043158,-1.55788
0.451933,-0.253672,0.0289344;-1.56685,0.043158,-1.55788
0.450995,-0.253565,0.0296719;-1.56456,0.0891157,-1.5544
0.450995,-0.253565,0.0296719;-1.56456,0.0891157,-1.5544
