0.5,-0.3,0.06;-1.57,-2.98023e-08,-1.57
0.5,-0.3,0.06;-1.57,-2.98023e-08,-1.57
0.5,-0.3,0.06;-1.57,-2.98023e-08,-1.57
0.499345,-0.298319,0.0288844;-1.5748,-0.211166,-1.5834
0.499318,-0.298833,0.0289898;-1.56749,-0.166273,-1.58756
0.500426,-0.286841,0.0309855;-1.53594,-0.0712924,-1.5696
0.498046,-0.264852,0.0375911;-1.699,-0.0247289,-1.53401
0.504607,-0.282302,0.0297845;-1.59518,-0.184787,-1.57599
0.50465,-0.288846,0.0287652;-1.57214,-0.268504,-1.57858
0.504882,-0.288392,0.0289872;-1.58322,-0.308242,-1.58227
0.503351,-0.29231,0.02897;-1.57327,-0.17516,-1.58775
0.504754,-0.288086,0.0307788;-1.54382,-0.0837456,-1.57617
0.504643,-0.26802,0.0363408;-1.51119,0.0238142,-1.55662
0.502856,-0.257471,0.0385757;-1.71978,-0.00535693,-1.5314
0.50792,-0.26585,0.0359044;-1.68603,-0.117129,-1.55481
0.510959,-0.276968,0.0288527;-1.57547,-0.216909,-1.57309
0.509884,-0.281315,0.029072;-1.57756,-0.15735,-1.58899
0.510421,-0.283012,0.0296465;-1.55629,-0.0892801,-1.58845
0.512658,-0.278461,0.0341328;-1.47025,-0.0103699,-1.5826
0.510582,-0.255362,0.0373757;-1.58353,0.0690335,-1.54399
0.512785,-0.251695,0.0367434;-1.71539,-0.0125414,-1.56144
0.515128,-0.265341,0.0288511;-1.5674,-0.12457,-1.56689
0.514186,-0.27477,0.0287589;-1.57186,-0.197736,-1.57248
0.513687,-0.274549,0.0298344;-1.55623,-0.125881,-1.57158
0.514831,-0.270885,0.0336944;-1.47332,-0.0580187,-1.56815
0.516624,-0.266867,0.0362888;-1.4376,-0.0299774,-1.57698
0.515093,-0.261899,0.0308802;-1.53254,-0.0789777,-1.56717
0.514065,-0.272297,0.0294945;-1.57223,-0.277249,-1.56032
0.513462,-0.277249,0.0291696;-1.57102,-0.303368,-1.56576
0.513199,-0.276154,0.0297233;-1.55644,-0.277768,-1.56264
0.517022,-0.26146,0.035719;-1.43527,-0.0826161,-1.5628
0.518655,-0.248001,0.0361599;-1.44314,-0.0209331,-1.58101
0.51981,-0.238607,0.030272;-1.59342,-0.0556983,-1.58075
0.525786,-0.255282,0.0288639;-1.5723,-0.225807,-1.57127
0.525949,-0.263741,0.0288765;-1.57072,-0.294754,-1.56933
0.52529,-0.264022,0.0291877;-1.57256,-0.282714,-1.56583
0.523631,-0.2491,0.0345351;-1.50554,-0.0735556,-1.54245
0.522945,-0.239254,0.034745;-1.53773,-0.00525855,-1.56393
0.523557,-0.238274,0.0347338;-1.52422,-0.00135395,-1.5662
0.529559,-0.248407,0.0289394;-1.57923,-0.169103,-1.58112
0.530099,-0.252068,0.0292382;-1.56895,-0.207679,-1.57452
0.530581,-0.254783,0.0293873;-1.56655,-0.213383,-1.57078
0.527104,-0.248484,0.0332407;-1.49201,-0.0315259,-1.55467
0.521486,-0.243753,0.0352926;-1.46231,0.0567066,-1.55935
0.523745,-0.241138,0.0444455;-1.37277,0.0790701,-1.56425
0.528387,-0.245376,0.0296474;-1.54796,-0.0317377,-1.57009
0.528117,-0.246363,0.0288833;-1.57051,-0.10702,-1.57012
0.527672,-0.247814,0.0287326;-1.57291,-0.167783,-1.57779
0.526218,-0.249043,0.0301678;-1.54305,-0.0237285,-1.56979
0.523861,-0.245763,0.0323993;-1.5037,0.0327444,-1.56987
0.520867,-0.23929,0.0346892;-1.5141,0.0629789,-1.56277
0.522366,-0.244544,0.0334908;-1.48943,-0.0160412,-1.5663
0.521854,-0.247534,0.0293744;-1.55884,-0.111723,-1.57211
0.521527,-0.249683,0.0290755;-1.56119,-0.176801,-1.57659
0.521862,-0.250526,0.0298241;-1.5549,-0.0862891,-1.58031
0.52194,-0.246409,0.0315992;-1.51932,-0.0310787,-1.5753
0.521352,-0.238922,0.0322617;-1.53139,0.0065827,-1.58144
0.521162,-0.238963,0.0362666;-1.52395,-0.0424104,-1.55401
0.525561,-0.246706,0.031955;-1.5068,-0.144053,-1.57548
0.529148,-0.251817,0.031753;-1.53398,-0.203436,-1.59432
0.530025,-0.252201,0.0290466;-1.57635,-0.163673,-1.58873
0.530007,-0.25189,0.0297584;-1.56051,-0.118083,-1.58553
0.529481,-0.24362,0.0325466;-1.51435,-0.0403002,-1.58022
0.526033,-0.239113,0.0349499;-1.52436,0.00141281,-1.5648
0.528268,-0.24489,0.0312575;-1.61243,-0.1149,-1.56309
0.53205,-0.252293,0.0302091;-1.58806,-0.212423,-1.56124
0.531823,-0.254768,0.0288697;-1.57089,-0.187613,-1.58454
0.531111,-0.255754,0.0289891;-1.57456,-0.142353,-1.58215
0.529153,-0.254066,0.0311914;-1.52693,-0.0541257,-1.57596
0.527523,-0.237196,0.033082;-1.5106,0.0606363,-1.58712
0.526511,-0.245231,0.0331043;-1.57825,-0.0404024,-1.56216
0.525751,-0.251562,0.0306966;-1.58973,-0.131535,-1.55596
0.526606,-0.256623,0.0296636;-1.57945,-0.17304,-1.56273
0.525442,-0.256226,0.0293657;-1.57083,-0.128597,-1.56222
0.525061,-0.257654,0.0317138;-1.50968,-0.0679541,-1.56729
0.528645,-0.256505,0.0387806;-1.37867,0.052132,-1.58366
0.527749,-0.253076,0.0377404;-1.41961,0.0152422,-1.58643
0.527295,-0.249926,0.0320365;-1.51972,-0.0654479,-1.55641
0.523624,-0.256738,0.0331906;-1.56839,-0.177965,-1.51755
0.521975,-0.25584,0.0311143;-1.57952,-0.143697,-1.53727
0.52212,-0.253228,0.0341575;-1.49072,-0.0848776,-1.54072
0.525489,-0.251617,0.0400369;-1.36728,-0.00113761,-1.56958
0.527357,-0.257436,0.0390809;-1.40066,-0.0883066,-1.57253
0.528281,-0.254558,0.0293962;-1.56137,-0.167142,-1.56501
0.527277,-0.257691,0.0301697;-1.57373,-0.22935,-1.55044
0.526115,-0.252803,0.033205;-1.58282,-0.16297,-1.51366
0.5248,-0.245882,0.0361525;-1.58005,-0.0989408,-1.5034
0.52452,-0.241838,0.0438736;-1.50508,-0.0267863,-1.53514
0.529149,-0.246149,0.0457546;-1.5091,-0.106323,-1.53866
0.534698,-0.253178,0.0383504;-1.45092,-0.180119,-1.56215
0.535982,-0.26051,0.0290309;-1.56735,-0.283462,-1.56385
0.53523,-0.257797,0.0301871;-1.55877,-0.219564,-1.54929
0.535198,-0.249709,0.0343709;-1.53789,-0.124997,-1.52034
0.529786,-0.24126,0.0413898;-1.5653,-0.0148228,-1.51293
0.531256,-0.242212,0.0423449;-1.57121,-0.0415821,-1.52449
0.53333,-0.245808,0.0364576;-1.487,-0.0558963,-1.55573
0.535601,-0.253419,0.0290992;-1.57066,-0.22077,-1.56615
0.534221,-0.257208,0.0293622;-1.56886,-0.245036,-1.55947
0.534307,-0.253126,0.0299614;-1.56406,-0.169685,-1.55093
0.532266,-0.244942,0.034544;-1.56235,-0.0540481,-1.53166
0.52938,-0.240399,0.0397016;-1.5718,-0.0175714,-1.52158
0.529967,-0.246436,0.0406762;-1.5752,-0.0560752,-1.54033
0.529353,-0.25719,0.0301545;-1.5348,-0.144262,-1.56543
0.528761,-0.260277,0.0290042;-1.56242,-0.223326,-1.57012
0.529841,-0.259577,0.0287098;-1.56761,-0.155427,-1.57355
0.530855,-0.251276,0.0307475;-1.54561,-0.0408835,-1.55931
0.528296,-0.236224,0.036291;-1.66669,0.0217017,-1.54753
0.528911,-0.242575,0.0366648;-1.5973,-0.0242508,-1.56182
0.526776,-0.252201,0.0295324;-1.55876,-0.105851,-1.56516
0.525093,-0.25679,0.0290777;-1.56259,-0.2319,-1.57079
0.52577,-0.25652,0.0286841;-1.56926,-0.179156,-1.57416
0.526542,-0.25107,0.0291438;-1.56934,-0.0919692,-1.56935
0.525647,-0.234707,0.0325615;-1.5906,0.0513053,-1.56743
0.526244,-0.236976,0.0352882;-1.60148,0.00376833,-1.5613
0.526079,-0.243137,0.0316289;-1.60823,-0.0992961,-1.55696
0.531204,-0.256686,0.0290099;-1.56774,-0.233959,-1.56938
0.531087,-0.256279,0.0289899;-1.57011,-0.196769,-1.56687
0.531759,-0.250327,0.0293538;-1.56584,-0.125468,-1.5607
0.527062,-0.235841,0.0306823;-1.5551,0.0626509,-1.58637
0.526241,-0.235689,0.0321231;-1.57761,0.0561049,-1.57987
0.526683,-0.23989,0.030984;-1.61074,-0.0374827,-1.56967
0.529842,-0.254779,0.0290427;-1.57218,-0.212383,-1.56806
0.529007,-0.257298,0.0291854;-1.57187,-0.210146,-1.56416
0.527681,-0.253494,0.0306761;-1.57359,-0.15027,-1.54099
0.526451,-0.236342,0.0323448;-1.58862,0.0293456,-1.56432
0.524995,-0.234994,0.0338192;-1.60336,0.0530186,-1.57103
0.525952,-0.238766,0.0320036;-1.60063,-0.0167322,-1.5792
0.525346,-0.246411,0.0290225;-1.57933,-0.138208,-1.57733
0.523521,-0.252331,0.0292743;-1.57119,-0.177067,-1.56384
0.522487,-0.253016,0.0303661;-1.56697,-0.167873,-1.54897
0.523733,-0.238544,0.0361621;-1.66029,-0.00421755,-1.5291
0.524239,-0.233361,0.0386863;-1.68518,0.0390738,-1.54308
0.524961,-0.233845,0.0364336;-1.63418,0.0366473,-1.54999
0.525343,-0.243027,0.0292006;-1.57463,-0.106738,-1.58619
0.525321,-0.246814,0.0294819;-1.56449,-0.148829,-1.57022
0.525878,-0.25064,0.0298855;-1.55547,-0.175873,-1.56111
0.524362,-0.238822,0.0363071;-1.6456,-0.0340355,-1.51583
0.523827,-0.233327,0.0421938;-1.72754,0.0121811,-1.50998
0.525146,-0.233061,0.0425226;-1.66753,0.0293665,-1.51835
0.531476,-0.248679,0.0287358;-1.5711,-0.135172,-1.57143
0.531568,-0.251272,0.028949;-1.5642,-0.220575,-1.58069
0.533377,-0.255794,0.0290167;-1.56611,-0.257487,-1.57586
0.533107,-0.248411,0.0314897;-1.55871,-0.117137,-1.54264
0.530067,-0.240579,0.0373022;-1.59059,-0.0198398,-1.52322
0.528721,-0.235291,0.0412531;-1.63161,0.0364937,-1.5167
0.53396,-0.246817,0.0331014;-1.62605,-0.107813,-1.54768
0.535874,-0.254066,0.0288318;-1.57087,-0.199302,-1.56986
0.536061,-0.257483,0.0287207;-1.57025,-0.285731,-1.57798
0.536031,-0.254323,0.0294935;-1.55883,-0.144721,-1.56258
0.53482,-0.243734,0.0342092;-1.53995,-0.0181424,-1.54228
0.531058,-0.235809,0.0395599;-1.60042,0.073339,-1.52837
0.532976,-0.239365,0.040555;-1.66781,0.00514393,-1.51922
0.536414,-0.24811,0.031081;-1.59355,-0.102899,-1.55312
0.535878,-0.256377,0.0287485;-1.57074,-0.210291,-1.57157
0.534601,-0.259201,0.0289306;-1.57415,-0.163337,-1.58459
0.535714,-0.256293,0.029846;-1.55577,-0.072188,-1.56967
0.536827,-0.242879,0.0367436;-1.46561,0.0448759,-1.55486
0.531981,-0.23775,0.0435773;-1.57606,0.0870822,-1.51454
0.53297,-0.238692,0.0401278;-1.71601,-0.0108573,-1.5244
0.5368,-0.249756,0.0315539;-1.59426,-0.127287,-1.54594
0.534588,-0.262456,0.028753;-1.57073,-0.216728,-1.57901
0.535428,-0.261642,0.0292078;-1.5548,-0.16319,-1.57463
0.538028,-0.251655,0.0342181;-1.4723,-0.0478611,-1.55896
0.53635,-0.238398,0.0434729;-1.50221,0.082234,-1.54182
0.537951,-0.244079,0.0433289;-1.4994,-0.000763297,-1.55136
0.538687,-0.251052,0.0309184;-1.58019,-0.123072,-1.53919
0.53939,-0.262124,0.0288385;-1.57045,-0.263726,-1.56889
0.539909,-0.260329,0.029164;-1.56793,-0.250076,-1.56514
0.540714,-0.254997,0.0316271;-1.505,-0.158664,-1.56102
0.5363,-0.240833,0.0389378;-1.51571,0.0168778,-1.54299
0.53637,-0.243695,0.0405406;-1.52682,-0.0324079,-1.55198
0.538707,-0.249747,0.0323624;-1.61005,-0.149251,-1.54016
0.539103,-0.264362,0.0291401;-1.56794,-0.297276,-1.56144
0.538276,-0.264572,0.0295043;-1.56606,-0.291365,-1.55586
0.536837,-0.257992,0.0321668;-1.51977,-0.196302,-1.53939
0.537814,-0.243928,0.0413459;-1.48933,-0.00718975,-1.54347
0.539019,-0.245691,0.0405307;-1.49084,-0.0434222,-1.558
0.541064,-0.252061,0.0331966;-1.52266,-0.133003,-1.55853
0.540769,-0.262565,0.0290415;-1.56894,-0.29174,-1.56418
0.540091,-0.262877,0.029388;-1.56527,-0.276942,-1.55866
0.538766,-0.258614,0.0324288;-1.51828,-0.184792,-1.53574
0.538766,-0.258614,0.0324288;-1.51828,-0.184792,-1.53574
0.533692,-0.253557,0.0371301;-1.47274,-0.0758941,-1.52812
0.533692,-0.253557,0.0371301;-1.47274,-0.0758941,-1.52812
