0.5,-0.3,0.06;-1.57,-2.98023e-08,-1.57
0.5,-0.3,0.06;-1.57,-2.98023e-08,-1.57
0.5,-0.3,0.06;-1.57,-2.98023e-08,-1.57
0.500487,-0.299064,0.0287245;-1.5729,-0.261657,-1.57672
0.501017,-0.297718,0.0285802;-1.5707,-0.244893,-1.57072
0.50147,-0.287464,0.0300005;-1.57828,-0.152082,-1.55331
0.499462,-0.271118,0.0343668;-1.63854,-0.0670651,-1.54112
0.504562,-0.280547,0.0286574;-1.56995,-0.242674,-1.57588
0.505013,-0.279731,0.0287065;-1.57642,-0.302697,-1.57333
0.504186,-0.279882,0.0288575;-1.58455,-0.270053,-1.57461
0.50154,-0.280796,0.028627;-1.57294,-0.0388194,-1.5707
0.504767,-0.272458,0.0299097;-1.57727,0.1019,-1.55138
0.503617,-0.262745,0.0330578;-1.63013,0.196715,-1.53389
0.504814,-0.269805,0.0304799;-1.58209,0.12979,-1.54537
0.505395,-0.274769,0.0286182;-1.5722,0.0360626,-1.57159
0.505311,-0.273595,0.0285864;-1.57195,-0.062996,-1.57263
0.505497,-0.272676,0.0285857;-1.57139,-0.0415443,-1.57082
0.507824,-0.263719,0.0295778;-1.57025,0.0344324,-1.55617
0.507241,-0.250436,0.0324026;-1.62233,0.112502,-1.54395
0.506276,-0.246562,0.0348571;-1.65198,0.0988767,-1.52978
0.510722,-0.247229,0.031535;-1.61211,-0.00140536,-1.55425
0.512269,-0.250348,0.0286335;-1.5706,-0.146661,-1.57338
0.511769,-0.251326,0.0286317;-1.57081,-0.163371,-1.57323
0.510075,-0.252709,0.0288065;-1.58168,-0.0524321,-1.57153
0.508099,-0.248089,0.0295858;-1.59384,0.0640511,-1.56338
0.506378,-0.246583,0.0317879;-1.62072,0.0996952,-1.55086
0.509041,-0.248987,0.0297054;-1.59184,0.0388454,-1.56255
0.507658,-0.24952,0.0287096;-1.57282,-0.141772,-1.57551
0.507905,-0.249255,0.0286438;-1.57174,-0.174155,-1.57405
0.507758,-0.24945,0.0286467;-1.57301,-0.14947,-1.57317
0.505799,-0.243515,0.0303275;-1.59921,0.0530706,-1.55912
0.504618,-0.237545,0.0337246;-1.64622,0.0877306,-1.5447
0.507556,-0.238687,0.0336902;-1.63551,0.029741,-1.5417
0.510175,-0.245818,0.0287351;-1.5695,-0.167201,-1.57672
0.51039,-0.248955,0.0287823;-1.57113,-0.206089,-1.58043
0.510756,-0.249433,0.0288203;-1.56672,-0.20343,-1.57747
0.510081,-0.242597,0.0299346;-1.5808,-0.00994314,-1.55317
0.507314,-0.237019,0.0328142;-1.62934,0.0850922,-1.54286
0.507809,-0.236844,0.0346691;-1.64761,0.0734396,-1.53121
0.511647,-0.246451,0.0286113;-1.57083,-0.0708631,-1.57265
0.510768,-0.246386,0.0286445;-1.57096,-0.13967,-1.57462
0.510688,-0.247018,0.0286524;-1.57184,-0.159268,-1.57452
0.509853,-0.249109,0.0286911;-1.57365,0.0314064,-1.56785
0.50921,-0.244609,0.0306049;-1.57214,0.113051,-1.54688
0.50851,-0.240757,0.0334153;-1.62368,0.138533,-1.53226
0.512847,-0.239327,0.0285818;-1.57084,-0.0422805,-1.57112
0.512587,-0.242487,0.028927;-1.56542,-0.0994902,-1.58149
0.51345,-0.247286,0.0289489;-1.56485,-0.163913,-1.58274
0.512707,-0.24718,0.0286724;-1.57303,-0.0457773,-1.56813
0.511423,-0.242784,0.0298652;-1.58523,0.0459416,-1.55603
0.509316,-0.238163,0.0331643;-1.63394,0.10702,-1.53941
0.512601,-0.246103,0.0285798;-1.57094,-0.00354115,-1.57095
0.511928,-0.246913,0.0285802;-1.5703,-0.0636896,-1.57078
0.511686,-0.246674,0.0287402;-1.57528,-0.130261,-1.57482
0.511592,-0.248659,0.0285821;-1.57132,0.0104222,-1.57004
0.511232,-0.243276,0.0299475;-1.57221,0.0930674,-1.55298
0.509951,-0.24033,0.0324364;-1.60998,0.139676,-1.53707
0.512838,-0.246113,0.0291933;-1.57068,0.0413238,-1.55765
0.512591,-0.248191,0.0285955;-1.57081,-0.0751926,-1.57201
0.511797,-0.24786,0.028624;-1.57112,-0.142707,-1.57346
0.511452,-0.249072,0.0285833;-1.57097,-0.0690856,-1.57045
0.510982,-0.244909,0.0290722;-1.57355,0.0274419,-1.56088
0.509968,-0.23889,0.0317462;-1.59522,0.110646,-1.5361
0.512018,-0.23819,0.0323276;-1.60189,0.0605643,-1.53493
0.513992,-0.242694,0.0286999;-1.57097,-0.0174333,-1.56503
0.513169,-0.243456,0.028608;-1.56957,-0.106898,-1.57123
0.512938,-0.245595,0.0285899;-1.57062,-0.100092,-1.5714
0.512674,-0.245944,0.0285996;-1.57129,-0.0275527,-1.56971
0.512355,-0.241671,0.0297581;-1.5768,0.0501378,-1.55454
0.509832,-0.239327,0.0338626;-1.63061,0.115391,-1.53041
0.511351,-0.242023,0.0326041;-1.61721,0.0864552,-1.54059
0.511484,-0.248948,0.0285801;-1.57077,-0.00534531,-1.57092
0.510301,-0.249231,0.0286486;-1.57078,-0.108321,-1.57422
0.510258,-0.249833,0.0285805;-1.57106,-0.0723128,-1.57042
0.509681,-0.249033,0.0286948;-1.57385,-0.00330887,-1.56785
0.507198,-0.238167,0.0329561;-1.61718,0.108498,-1.53463
0.509063,-0.235595,0.0340319;-1.60232,0.0516673,-1.52826
0.510918,-0.238626,0.0286032;-1.57076,-0.0356448,-1.56951
0.510583,-0.245058,0.0287063;-1.57101,-0.132175,-1.57713
0.511006,-0.246143,0.0285784;-1.57089,-0.0778532,-1.57069
0.510746,-0.245592,0.0286307;-1.57179,-0.0122172,-1.56762
0.508047,-0.238437,0.0325109;-1.61485,0.110686,-1.53808
0.509522,-0.237739,0.0344917;-1.62633,0.0732333,-1.52968
0.511636,-0.242771,0.0285915;-1.57089,-0.0156629,-1.57024
0.510196,-0.245017,0.0286896;-1.5711,-0.138278,-1.57676
0.51061,-0.245926,0.0285791;-1.57081,-0.0882069,-1.57071
0.51078,-0.245171,0.0286261;-1.57088,-0.0182004,-1.56839
0.510542,-0.239528,0.0326577;-1.59763,0.125057,-1.52826
0.511763,-0.24091,0.0341924;-1.5892,0.108637,-1.52466
0.512306,-0.24741,0.0288921;-1.5699,0.0396319,-1.56075
0.510794,-0.249453,0.0286866;-1.57083,-0.123602,-1.57594
0.511045,-0.250479,0.0285786;-1.57153,-0.0734002,-1.57025
0.510861,-0.250916,0.0285803;-1.5712,-0.0312747,-1.57033
0.508884,-0.239436,0.0316189;-1.59009,0.119224,-1.53616
0.510196,-0.237933,0.032551;-1.60248,0.0731673,-1.53523
0.511009,-0.237925,0.0305423;-1.57331,0.0479949,-1.53964
0.511607,-0.241646,0.0286967;-1.56675,-0.0909176,-1.57199
0.511153,-0.245485,0.028668;-1.5694,-0.133435,-1.57359
0.511243,-0.245474,0.0285788;-1.57121,-0.0847688,-1.57062
0.510896,-0.243237,0.0287236;-1.57058,-0.000955135,-1.56371
0.509194,-0.236747,0.0317214;-1.60992,0.0865318,-1.54667
0.511071,-0.237608,0.0315709;-1.57881,0.0516934,-1.5393
0.511353,-0.240714,0.02858;-1.57074,-0.0261577,-1.57075
0.510382,-0.243339,0.0286276;-1.57068,-0.110449,-1.57323
0.510763,-0.244924,0.0286603;-1.57073,-0.0650785,-1.57458
0.510729,-0.245277,0.0287392;-1.56405,-0.00580141,-1.57182
0.510053,-0.240941,0.0324143;-1.58531,0.142089,-1.52821
0.511532,-0.240489,0.0327049;-1.5446,0.0992322,-1.52312
0.512308,-0.244461,0.0285797;-1.57081,-0.00186184,-1.57102
0.511413,-0.250119,0.0287273;-1.57122,-0.0687075,-1.57757
0.512035,-0.251663,0.0286136;-1.57109,-0.0354554,-1.57239
0.512118,-0.250035,0.0286623;-1.57141,0.0464148,-1.56647
0.510909,-0.245007,0.0321056;-1.59066,0.20228,-1.52937
0.511968,-0.24333,0.0327461;-1.59143,0.159646,-1.52857
0.512314,-0.246819,0.0287506;-1.57125,0.0695989,-1.5625
0.510309,-0.248122,0.0286332;-1.57183,-0.102658,-1.57321
0.51051,-0.248415,0.0286001;-1.57077,-0.102516,-1.57176
0.510409,-0.248237,0.0285785;-1.57066,-0.0574856,-1.57037
0.509455,-0.237096,0.0315052;-1.5953,0.0900021,-1.53876
0.509206,-0.237081,0.0331193;-1.62306,0.0801431,-1.53561
0.511067,-0.23906,0.0303386;-1.58347,0.042214,-1.54743
0.51039,-0.244846,0.0286393;-1.57078,-0.0982834,-1.57374
0.510464,-0.246521,0.0286527;-1.57062,-0.0888872,-1.5742
0.510908,-0.248842,0.0287;-1.57076,-0.0457168,-1.57643
0.510273,-0.243408,0.0306673;-1.57182,0.130106,-1.54264
0.507873,-0.244667,0.0330981;-1.60899,0.192143,-1.52594
0.508722,-0.245881,0.0337096;-1.60757,0.18479,-1.52344
0.509636,-0.255108,0.0285799;-1.5706,0.0187917,-1.57076
0.509163,-0.2563,0.0285866;-1.57055,-0.0270075,-1.57145
0.509187,-0.256928,0.0285797;-1.57062,-0.0323444,-1.57082
0.508198,-0.253946,0.0287608;-1.56936,0.106862,-1.56213
0.507134,-0.246227,0.030984;-1.59133,0.20147,-1.54241
0.506378,-0.246201,0.0322806;-1.61023,0.205699,-1.53145
0.507641,-0.251415,0.0285827;-1.57073,0.0176571,-1.57076
0.506403,-0.252305,0.0285941;-1.57032,-0.0759662,-1.57162
0.506386,-0.251379,0.0286129;-1.57166,-0.152339,-1.57202
0.50575,-0.25034,0.0287105;-1.5707,0.00889623,-1.56443
0.505631,-0.244497,0.0302315;-1.58259,0.0913234,-1.54854
0.503994,-0.240771,0.0323389;-1.60329,0.13712,-1.53073
0.505398,-0.247926,0.0285985;-1.57083,0.0310011,-1.56991
0.504417,-0.249829,0.0285789;-1.57049,-0.0520009,-1.57075
0.504013,-0.253558,0.028667;-1.57079,-0.0687656,-1.57492
0.50448,-0.25419,0.0286714;-1.57077,0.049958,-1.56626
0.504368,-0.249245,0.0297533;-1.57821,0.143329,-1.55233
0.502699,-0.245513,0.0317093;-1.60251,0.204954,-1.53367
0.505039,-0.253153,0.0287171;-1.57111,0.092289,-1.56412
0.504344,-0.254094,0.0286642;-1.56626,0.018865,-1.57162
0.503546,-0.254903,0.0286931;-1.5711,-0.03338,-1.5766
0.503787,-0.256461,0.0285809;-1.57071,0.0443814,-1.57054
0.504112,-0.250891,0.0293917;-1.56719,0.136148,-1.55917
0.503156,-0.245328,0.0314306;-1.603,0.204322,-1.53594
0.505431,-0.245306,0.0293371;-1.58108,0.102351,-1.55371
0.505058,-0.246809,0.0285882;-1.57059,-0.0279745,-1.57128
0.504151,-0.246887,0.0286455;-1.57099,-0.103277,-1.57447
0.504006,-0.248614,0.0286165;-1.57099,-0.0746406,-1.57264
0.503417,-0.247302,0.0287253;-1.57728,-0.00441857,-1.5697
0.502252,-0.241358,0.0300757;-1.59572,0.0775894,-1.55606
0.502635,-0.240168,0.0321141;-1.61644,0.0955645,-1.54168
0.503687,-0.244777,0.0286274;-1.57105,0.027217,-1.56901
0.503101,-0.244813,0.0285809;-1.57066,-0.0345784,-1.57083
0.50306,-0.248697,0.0286903;-1.57008,-0.0465461,-1.57575
0.502616,-0.250649,0.0286048;-1.57063,0.0360654,-1.57189
0.502032,-0.248428,0.0290835;-1.57032,0.113595,-1.56499
0.501286,-0.24574,0.0312308;-1.59337,0.199655,-1.53214
0.502776,-0.247469,0.0321345;-1.53124,0.141274,-1.54625
0.502205,-0.248208,0.0286372;-1.5705,0.0102877,-1.57335
0.501274,-0.250921,0.0290039;-1.56047,-0.0555474,-1.58017
0.501365,-0.251593,0.0287105;-1.57145,-0.0102297,-1.5767
0.500823,-0.251616,0.0286891;-1.57443,0.0617455,-1.56882
0.498765,-0.243895,0.0322866;-1.62144,0.184561,-1.53494
0.501903,-0.242482,0.0321364;-1.59075,0.133765,-1.53383
0.5038,-0.243785,0.0285952;-1.57029,0.0399477,-1.57163
0.50277,-0.24485,0.0286891;-1.57093,-0.0843445,-1.57644
0.502934,-0.245543,0.0286105;-1.57088,-0.0640366,-1.57218
0.502454,-0.245623,0.0285827;-1.57083,-0.00245652,-1.57018
0.500089,-0.238463,0.0315618;-1.61626,0.11233,-1.54202
0.501792,-0.23836,0.0330701;-1.62482,0.0753412,-1.53597
0.503119,-0.243913,0.0285901;-1.57102,0.0151381,-1.57163
0.502037,-0.243783,0.02874;-1.57147,-0.105154,-1.57816
0.50233,-0.24526,0.0286988;-1.5707,-0.0752686,-1.5764
0.501902,-0.246768,0.0286619;-1.57099,0.00807407,-1.57402
0.501902,-0.246768,0.0286619;-1.57099,0.00807407,-1.57402
0.5016,-0.243796,0.0293734;-1.57338,0.0935207,-1.5639
0.5016,-0.243796,0.0293734;-1.57338,0.0935207,-1.5639
