0.5,-0.3,0.06;-1.57,-2.98023e-08,-1.57
0.5,-0.3,0.06;-1.57,-2.98023e-08,-1.57
0.5,-0.3,0.06;-1.57,-2.98023e-08,-1.57
0.500726,-0.298491,0.0286557;-1.57111,-0.265626,-1.5749
0.500644,-0.298461,0.0286697;-1.57472,-0.244007,-1.57227
0.500426,-0.297042,0.029737;-1.57143,-0.20278,-1.55628
0.500876,-0.285761,0.0345266;-1.62048,-0.0461858,-1.52936
0.503511,-0.288576,0.0286676;-1.57233,-0.107176,-1.57361
0.503331,-0.287929,0.0286965;-1.57082,-0.147051,-1.57644
0.502833,-0.2864,0.0287083;-1.57051,-0.218461,-1.57673
0.504004,-0.281925,0.0287904;-1.57639,-0.335058,-1.56742
0.502781,-0.280269,0.0309364;-1.57181,-0.301662,-1.53674
0.499136,-0.276483,0.0373645;-1.63373,-0.224464,-1.51284
0.49989,-0.276137,0.0346141;-1.63832,-0.197646,-1.54362
0.500557,-0.277251,0.02921;-1.60036,-0.194154,-1.57507
0.50035,-0.278127,0.028794;-1.57441,-0.171672,-1.57796
0.500784,-0.274827,0.0291282;-1.58689,-0.198913,-1.58438
0.501211,-0.271966,0.0327004;-1.63553,-0.224689,-1.57991
0.500381,-0.269468,0.0367327;-1.68098,-0.211227,-1.55717
0.503128,-0.276679,0.0395683;-1.7207,-0.274362,-1.56073
0.507008,-0.291846,0.0375141;-1.70514,-0.375982,-1.59048
0.507301,-0.313344,0.0304071;-1.56298,-0.419835,-1.60405
0.506505,-0.317339,0.0301179;-1.56837,-0.424933,-1.59871
0.505888,-0.313736,0.0302476;-1.561,-0.43075,-1.59684
0.507054,-0.303134,0.0340423;-1.49536,-0.418187,-1.56708
0.508262,-0.286291,0.0364345;-1.50637,-0.419737,-1.54403
0.511035,-0.273571,0.0335904;-1.6443,-0.427592,-1.5707
0.511823,-0.279479,0.0287334;-1.57081,-0.362669,-1.57806
0.512071,-0.280956,0.0286757;-1.5709,-0.312122,-1.57538
0.512008,-0.281696,0.0286652;-1.57397,-0.275111,-1.57272
0.51103,-0.275221,0.0334171;-1.5971,-0.263219,-1.52376
0.511377,-0.260866,0.0383348;-1.65002,-0.263282,-1.50951
0.516404,-0.252034,0.0355023;-1.63218,-0.288494,-1.53141
0.517621,-0.252573,0.0287581;-1.57961,-0.267296,-1.57321
0.517789,-0.253418,0.0286555;-1.57063,-0.242596,-1.57457
0.516999,-0.255187,0.0286911;-1.57451,-0.174397,-1.5733
0.515674,-0.258574,0.0324777;-1.63217,-0.141148,-1.55803
0.516804,-0.264369,0.0374904;-1.67243,-0.194646,-1.53496
0.519297,-0.268707,0.0382113;-1.67222,-0.269055,-1.53194
0.526297,-0.281694,0.0286568;-1.57533,-0.506286,-1.5732
0.526844,-0.281925,0.028821;-1.58411,-0.543582,-1.57801
0.526384,-0.282533,0.0288444;-1.58384,-0.507682,-1.57926
0.524571,-0.285204,0.0291249;-1.57445,-0.337439,-1.57136
0.524067,-0.278837,0.034657;-1.53453,-0.244739,-1.55281
0.522541,-0.265083,0.0415652;-1.66396,-0.169515,-1.54034
0.531417,-0.259144,0.0316153;-1.63015,-0.270171,-1.5987
0.531646,-0.260303,0.0296296;-1.56604,-0.289483,-1.59132
0.529412,-0.258907,0.0292517;-1.56941,-0.316324,-1.58911
0.526586,-0.260119,0.0300134;-1.58857,-0.268483,-1.58516
0.522476,-0.256011,0.035405;-1.65576,-0.185768,-1.55609
0.517819,-0.251495,0.0403765;-1.73494,-0.139962,-1.53914
0.517187,-0.249324,0.0328584;-1.65937,-0.0918824,-1.58451
0.517627,-0.25029,0.0288446;-1.57391,-0.113991,-1.58058
0.517337,-0.249331,0.0288168;-1.56809,-0.156758,-1.58121
0.517528,-0.247531,0.0290735;-1.59503,-0.203033,-1.5764
0.517135,-0.250224,0.0334949;-1.635,-0.213803,-1.55231
0.514906,-0.257,0.0384641;-1.67954,-0.225162,-1.53063
0.52238,-0.279892,0.030566;-1.59647,-0.36446,-1.56275
0.522403,-0.293345,0.0286994;-1.57585,-0.409413,-1.5739
0.522412,-0.295154,0.0286554;-1.57441,-0.401521,-1.57261
0.522286,-0.294008,0.0286094;-1.57201,-0.38574,-1.5717
0.522535,-0.288316,0.0300204;-1.55531,-0.366211,-1.55385
0.524493,-0.27046,0.0343844;-1.53682,-0.316269,-1.5277
0.524549,-0.255065,0.0362774;-1.65691,-0.209709,-1.5406
0.5251,-0.258724,0.0316973;-1.63159,-0.208626,-1.57195
0.525364,-0.262489,0.0287456;-1.57288,-0.177994,-1.57853
0.52535,-0.264588,0.0288598;-1.57609,-0.144925,-1.58252
0.525345,-0.26387,0.0293624;-1.57737,-0.129029,-1.57958
0.523836,-0.257073,0.0335707;-1.52414,-0.145473,-1.5637
0.521565,-0.240008,0.0448493;-1.60769,-0.0418054,-1.55636
0.5204,-0.243978,0.0451633;-1.57626,0.026285,-1.55314
0.517027,-0.248794,0.033201;-1.53932,0.0602425,-1.54184
0.514081,-0.258815,0.0298066;-1.57429,0.121966,-1.59452
0.513493,-0.261367,0.0298249;-1.57948,0.134563,-1.59162
0.514033,-0.264722,0.0322792;-1.63233,0.0977941,-1.57568
0.507249,-0.283926,0.0418571;-1.45007,-0.090402,-1.54096
0.50569,-0.301801,0.0368573;-1.4663,-0.213752,-1.56035
0.505744,-0.307407,0.0304891;-1.5577,-0.274781,-1.58348
0.505422,-0.311292,0.0293667;-1.58293,-0.223217,-1.58683
0.506088,-0.314847,0.029038;-1.56921,-0.143843,-1.588
0.508746,-0.318982,0.0344427;-1.48195,-0.0552549,-1.59315
0.509019,-0.323827,0.0453906;-1.23032,-0.0124586,-1.56832
0.508726,-0.32463,0.044601;-1.26618,-0.0331731,-1.57917
0.506126,-0.317303,0.0403527;-1.39469,-0.0994589,-1.60015
0.504785,-0.307956,0.0309723;-1.5637,-0.183869,-1.60616
0.506397,-0.308182,0.0316808;-1.55782,-0.145104,-1.61819
0.507618,-0.310001,0.0341214;-1.50125,-0.0660342,-1.58864
0.50571,-0.316823,0.0447654;-1.28372,0.165534,-1.58622
0.509404,-0.324151,0.0429533;-1.30904,0.212815,-1.60578
0.513365,-0.319977,0.0386343;-1.38496,0.262297,-1.61589
0.508563,-0.301737,0.0315845;-1.54635,0.153519,-1.61606
0.507389,-0.297894,0.0300769;-1.5711,0.0929601,-1.5986
0.507481,-0.296981,0.029321;-1.58092,0.0683727,-1.57974
0.497549,-0.313722,0.039186;-1.54832,0.0414374,-1.52409
0.497879,-0.332466,0.0372207;-1.50317,0.00269085,-1.56652
0.497368,-0.345629,0.0361991;-1.43346,0.00986622,-1.57744
0.494889,-0.347827,0.0297178;-1.56301,-0.0223319,-1.59239
0.496273,-0.344177,0.0295032;-1.57122,-0.0501592,-1.58912
0.497075,-0.341847,0.030492;-1.56143,-0.0641093,-1.60167
0.497556,-0.339688,0.0363951;-1.46102,-0.0546065,-1.60217
0.497406,-0.33919,0.0425259;-1.34115,0.084749,-1.59206
0.49712,-0.348248,0.0384697;-1.40012,0.102575,-1.60484
0.496859,-0.350541,0.0344633;-1.48862,0.102381,-1.61167
0.495063,-0.349715,0.029278;-1.5711,0.0643771,-1.58929
0.495571,-0.346876,0.0310443;-1.55306,0.0590599,-1.60739
0.49575,-0.340391,0.0367474;-1.4667,0.0406947,-1.61446
0.498892,-0.306813,0.0499288;-1.41026,0.108365,-1.58933
0.502228,-0.297594,0.0492877;-1.49896,0.182974,-1.59435
0.504698,-0.296191,0.0353722;-1.52668,0.264726,-1.60627
0.504174,-0.300869,0.0306411;-1.54663,0.300636,-1.604
0.503969,-0.30237,0.030048;-1.56009,0.269601,-1.59768
0.501033,-0.301097,0.0331201;-1.51497,0.18387,-1.60038
0.491503,-0.306031,0.04315;-1.33839,-0.00321693,-1.59678
0.488552,-0.312417,0.0411845;-1.39383,-0.0971071,-1.60872
0.488206,-0.312944,0.0354219;-1.49687,-0.132761,-1.61327
0.487843,-0.317661,0.0290402;-1.57127,-0.0762288,-1.58586
0.488522,-0.320346,0.0288145;-1.57114,0.0037889,-1.58219
0.489257,-0.322137,0.031336;-1.53421,0.0675542,-1.593
0.487115,-0.323213,0.0439375;-1.27597,0.0539403,-1.60553
0.486013,-0.320634,0.0451651;-1.26079,0.0197601,-1.59968
0.483781,-0.311168,0.0395199;-1.39798,-0.062627,-1.59562
0.482275,-0.298029,0.02891;-1.5757,-0.207919,-1.58247
0.481593,-0.299518,0.0288907;-1.57681,-0.152461,-1.58052
0.480455,-0.301373,0.0289073;-1.57668,-0.0620111,-1.58087
0.485238,-0.292543,0.0386706;-1.42974,0.125325,-1.58685
0.484885,-0.281176,0.0459618;-1.47465,0.162499,-1.56551
0.489488,-0.264168,0.0430849;-1.61684,0.18794,-1.55422
0.495642,-0.253492,0.029359;-1.5838,0.0980123,-1.58578
0.497503,-0.252363,0.0289832;-1.57709,0.0197413,-1.58344
0.498174,-0.252572,0.0291462;-1.58593,-0.0180282,-1.58358
0.492926,-0.264682,0.0321266;-1.6099,-0.0393532,-1.56087
0.482658,-0.282579,0.0366587;-1.54408,-0.0752256,-1.54051
0.477777,-0.298357,0.0404559;-1.37153,-0.0970697,-1.57416
0.474809,-0.296131,0.0288577;-1.57726,-0.183582,-1.58205
0.475383,-0.293917,0.0287249;-1.57053,-0.251169,-1.57792
0.476311,-0.290378,0.028924;-1.57732,-0.325074,-1.58301
0.477017,-0.286659,0.0289913;-1.57117,-0.35581,-1.57033
0.478786,-0.278209,0.032163;-1.56643,-0.260159,-1.55317
0.478591,-0.261138,0.0414678;-1.72811,-0.134061,-1.52833
0.483913,-0.271134,0.0342747;-1.67125,-0.243248,-1.58375
0.484609,-0.276324,0.0287572;-1.57238,-0.263664,-1.57789
0.484489,-0.275951,0.0288379;-1.57068,-0.273434,-1.58307
0.485527,-0.268413,0.0292197;-1.57235,-0.260207,-1.56364
0.484305,-0.255657,0.0336841;-1.61822,-0.171753,-1.53616
0.480018,-0.247337,0.0381047;-1.66814,-0.0854672,-1.51485
0.480233,-0.242904,0.0310967;-1.63255,-0.0404354,-1.57339
0.480938,-0.244958,0.0287791;-1.57964,-0.0574308,-1.57204
0.480692,-0.246624,0.0287949;-1.57049,-0.0772375,-1.58085
0.481061,-0.247556,0.0293349;-1.59653,-0.125357,-1.57722
0.481976,-0.25192,0.0335207;-1.63191,-0.202608,-1.55159
0.482422,-0.253692,0.0388451;-1.67473,-0.264854,-1.52342
0.484728,-0.26003,0.0355189;-1.65938,-0.309371,-1.56127
0.484562,-0.268948,0.0295489;-1.57409,-0.278815,-1.5947
0.483429,-0.274255,0.0297539;-1.56826,-0.231664,-1.59319
0.483608,-0.273594,0.0299058;-1.57257,-0.197365,-1.59679
0.484319,-0.268262,0.0304278;-1.5613,-0.170115,-1.5795
0.487128,-0.250747,0.0356012;-1.61704,-0.111815,-1.5437
0.492478,-0.249047,0.0368383;-1.66566,-0.224452,-1.53691
0.494318,-0.256263,0.0291411;-1.58528,-0.283616,-1.5724
0.493591,-0.257859,0.028739;-1.57814,-0.257478,-1.57349
0.491152,-0.261726,0.0287092;-1.57694,-0.0974456,-1.5715
0.489513,-0.262488,0.0291537;-1.59786,-0.0216289,-1.57257
0.487663,-0.258754,0.0303521;-1.607,0.0399988,-1.56129
0.486255,-0.249145,0.0364883;-1.68674,0.0637066,-1.53084
0.491957,-0.247092,0.0328798;-1.6353,0.000619412,-1.54928
0.496064,-0.247163,0.0290065;-1.59146,-0.0676245,-1.57248
0.496277,-0.249178,0.0286581;-1.57075,-0.112704,-1.57458
0.495683,-0.250134,0.0287047;-1.57674,-0.0793749,-1.57114
0.493929,-0.254478,0.0298621;-1.58188,-0.0918061,-1.55191
0.477771,-0.277409,0.0374378;-1.59646,-0.0387783,-1.49858
0.480553,-0.27527,0.034585;-1.59691,-0.121572,-1.5258
0.483715,-0.273684,0.0286587;-1.57443,-0.198196,-1.57026
0.485272,-0.270855,0.0286533;-1.57115,-0.319802,-1.57486
0.485224,-0.27088,0.0286757;-1.57536,-0.300764,-1.57256
0.484598,-0.270581,0.0288219;-1.57993,-0.239635,-1.56543
0.483952,-0.254636,0.0400505;-1.70504,-0.0475595,-1.51042
0.485939,-0.253422,0.0434185;-1.78312,-0.0791286,-1.52681
0.487806,-0.266713,0.0325339;-1.63974,-0.156345,-1.5813
0.488528,-0.267477,0.0291233;-1.57099,-0.200763,-1.5873
0.49003,-0.262886,0.0290586;-1.57773,-0.208559,-1.58433
0.488735,-0.258622,0.0305478;-1.60419,-0.150905,-1.58191
0.488735,-0.258622,0.0305478;-1.60419,-0.150905,-1.58191
0.484805,-0.251051,0.0350041;-1.66635,-0.0447701,-1.55982
0.484805,-0.251051,0.0350041;-1.66635,-0.0447701,-1.55982
