0.5,-0.3,0.06;-1.57,-2.98023e-08,-1.57
0.5,-0.3,0.06;-1.57,-2.98023e-08,-1.57
0.5,-0.3,0.06;-1.57,-2.98023e-08,-1.57
0.498424,-0.301958,0.0285782;-1.57081,-0.256842,-1.56988
0.498973,-0.300225,0.0286337;-1.57109,-0.181658,-1.56807
0.499611,-0.291693,0.030073;-1.58489,-0.0540531,-1.55387
0.494963,-0.274163,0.0366118;-1.71226,0.061227,-1.55177
0.49957,-0.2881,0.0285589;-1.5715,-0.13181,-1.57123
0.49806,-0.291064,0.028613;-1.5705,-0.259971,-1.56923
0.498024,-0.291806,0.028614;-1.5709,-0.304362,-1.56922
0.500828,-0.286626,0.0289154;-1.56647,-0.101426,-1.55853
0.501062,-0.276736,0.031111;-1.59182,0.0253098,-1.54465
0.494937,-0.262157,0.037468;-1.73256,0.145802,-1.53517
0.496919,-0.2666,0.0349783;-1.68839,0.0700714,-1.55586
0.499775,-0.275961,0.0283828;-1.56101,-0.0236764,-1.57073
0.497703,-0.277355,0.0286313;-1.56956,-0.160285,-1.56901
0.497924,-0.276634,0.0288127;-1.56879,-0.140102,-1.56106
0.498129,-0.268923,0.0306604;-1.56571,-0.0267961,-1.53869
0.495051,-0.256675,0.0353295;-1.6612,0.0905837,-1.53219
0.494456,-0.25169,0.0383428;-1.75273,0.099002,-1.54725
0.496957,-0.255668,0.0364742;-1.72521,0.0324957,-1.56815
0.500247,-0.26641,0.0285434;-1.56812,-0.092593,-1.57218
0.498987,-0.267297,0.0285792;-1.57081,-0.22936,-1.57079
0.499903,-0.264277,0.0290254;-1.56373,-0.140889,-1.55486
0.498732,-0.254823,0.0315239;-1.5875,-0.0131687,-1.53769
0.495752,-0.246351,0.0359465;-1.68158,0.0585159,-1.54331
0.499985,-0.249955,0.0344762;-1.68973,-0.018892,-1.57701
0.501488,-0.255025,0.0285797;-1.57079,-0.263011,-1.57081
0.501598,-0.255238,0.0286605;-1.57085,-0.295222,-1.56695
0.501916,-0.253227,0.0287235;-1.57095,-0.220476,-1.56392
0.500121,-0.240387,0.0320563;-1.60916,-0.0311866,-1.54795
0.496524,-0.237335,0.0356799;-1.69758,0.0256003,-1.56132
0.500184,-0.236911,0.0373745;-1.71367,-0.0347508,-1.56168
0.504765,-0.247637,0.0288535;-1.56473,-0.171058,-1.57688
0.504709,-0.249127,0.0287913;-1.56348,-0.18855,-1.5723
0.505015,-0.248569,0.0286242;-1.57084,-0.156779,-1.56869
0.503801,-0.242158,0.0296758;-1.58603,0.0214771,-1.55947
0.501488,-0.237444,0.0347238;-1.66967,0.101243,-1.54658
0.502259,-0.237533,0.0377326;-1.72506,0.0902366,-1.54635
0.506524,-0.243988,0.0285963;-1.57075,-0.0624521,-1.57176
0.50592,-0.244984,0.0289374;-1.55628,-0.128405,-1.5717
0.506035,-0.245833,0.0288562;-1.55992,-0.135436,-1.57186
0.506612,-0.241658,0.0289077;-1.57506,0.0299594,-1.55896
0.505667,-0.237868,0.0315392;-1.61902,0.104047,-1.54973
0.504689,-0.240403,0.0377575;-1.72444,0.139205,-1.5339
0.509498,-0.240786,0.0324463;-1.64635,-0.00883552,-1.58147
0.509233,-0.248849,0.0295151;-1.56665,-0.141479,-1.58936
0.508597,-0.250488,0.0301228;-1.56145,-0.205148,-1.59099
0.514094,-0.245698,0.0301009;-1.54262,-0.056019,-1.56095
0.513484,-0.235171,0.0322015;-1.57814,0.0522438,-1.54222
0.508918,-0.239636,0.0346829;-1.62268,0.127713,-1.51522
0.517383,-0.241259,0.0338558;-1.65416,0.00505089,-1.59321
0.521007,-0.242438,0.030223;-1.5725,-0.10985,-1.60085
0.521598,-0.246621,0.0308725;-1.56653,-0.161969,-1.60464
0.523425,-0.240815,0.0301233;-1.54412,-0.0490864,-1.56165
0.521188,-0.233483,0.0321221;-1.57741,0.0400106,-1.54423
0.516243,-0.239031,0.0339474;-1.60925,0.12068,-1.52142
0.523288,-0.238397,0.0331108;-1.66064,0.0290722,-1.57566
0.525408,-0.237549,0.0309114;-1.61236,-0.0584412,-1.58863
0.526362,-0.243716,0.029938;-1.56925,-0.1219,-1.5959
0.52614,-0.244656,0.0294453;-1.55024,-0.114729,-1.56668
0.523712,-0.238246,0.0306983;-1.55704,-0.0319778,-1.55687
0.519546,-0.234665,0.0338864;-1.61898,0.0613842,-1.52864
0.522965,-0.234663,0.0354478;-1.61946,0.0499705,-1.54123
0.523327,-0.23626,0.0319072;-1.63887,-0.000995398,-1.56762
0.524723,-0.239644,0.0292245;-1.57712,-0.072202,-1.58815
0.524479,-0.243687,0.0295753;-1.56018,-0.109921,-1.58785
0.524783,-0.240478,0.0296264;-1.55945,-0.054902,-1.57144
0.523091,-0.233511,0.0311699;-1.56227,0.0364681,-1.54621
0.520964,-0.238623,0.0348859;-1.59517,0.108788,-1.52216
0.524688,-0.23513,0.0362988;-1.62324,0.0476633,-1.53795
0.527981,-0.235339,0.0324019;-1.65026,-0.0312214,-1.58676
0.529417,-0.244956,0.0301138;-1.56712,-0.126673,-1.59641
0.53008,-0.243445,0.0292513;-1.56269,-0.0903263,-1.58078
0.531477,-0.23444,0.0308744;-1.54657,0.025193,-1.55336
0.524903,-0.241138,0.0346695;-1.58387,0.14469,-1.50832
0.528838,-0.239845,0.0351464;-1.58579,0.115723,-1.51214
0.534349,-0.236109,0.0340909;-1.6569,0.0247707,-1.59261
0.536828,-0.245161,0.0317587;-1.55008,-0.125999,-1.6049
0.537951,-0.243651,0.0292053;-1.56704,-0.0974358,-1.58606
0.537154,-0.237893,0.030365;-1.54695,-0.00978527,-1.5566
0.528655,-0.243394,0.0347262;-1.58947,0.174759,-1.5028
0.532692,-0.242937,0.0350722;-1.62564,0.155857,-1.51432
0.538274,-0.239743,0.0354793;-1.67368,0.0634248,-1.59429
0.53985,-0.249212,0.0306551;-1.55666,-0.111178,-1.59491
0.539361,-0.244942,0.029087;-1.56522,-0.11466,-1.58528
0.538371,-0.240465,0.030269;-1.5408,-0.0355332,-1.55684
0.527203,-0.245397,0.0352525;-1.56974,0.198309,-1.49339
0.531723,-0.246034,0.0339852;-1.62106,0.198978,-1.51782
0.536071,-0.244698,0.0326067;-1.64903,0.131549,-1.56995
0.540842,-0.248192,0.0322632;-1.58314,-0.0715598,-1.61917
0.541395,-0.250466,0.0312335;-1.55626,-0.0742932,-1.60859
0.541844,-0.249033,0.0292084;-1.55575,-0.0508308,-1.56217
0.534731,-0.242179,0.0343697;-1.58686,0.154962,-1.50036
0.536023,-0.244666,0.0342043;-1.54936,0.171283,-1.50719
0.537693,-0.243049,0.0317959;-1.58324,0.158565,-1.53142
0.543802,-0.244563,0.03389;-1.59641,-0.02674,-1.63539
0.54658,-0.254622,0.0299306;-1.57534,-0.135836,-1.59556
0.546507,-0.252632,0.0294245;-1.56583,-0.0905293,-1.58263
0.545834,-0.2439,0.0321383;-1.53397,0.0288118,-1.54273
0.540693,-0.242384,0.0373239;-1.58793,0.160798,-1.51237
0.544126,-0.240815,0.037469;-1.60599,0.11369,-1.53395
0.548837,-0.240973,0.0323853;-1.64468,0.0218303,-1.58445
0.550432,-0.251811,0.0309539;-1.56933,-0.0946406,-1.60776
0.550308,-0.249726,0.029728;-1.57917,-0.0579036,-1.59131
0.55063,-0.240015,0.0309019;-1.54205,0.0720482,-1.56804
0.541405,-0.244813,0.0358027;-1.61165,0.201172,-1.51558
0.544984,-0.243731,0.0364571;-1.62427,0.170327,-1.51821
0.550522,-0.243782,0.0322755;-1.64163,0.0724051,-1.57724
0.555065,-0.249619,0.0325297;-1.60613,-0.0806037,-1.61002
0.555954,-0.250005,0.0303546;-1.6022,-0.0681092,-1.58979
0.556962,-0.242465,0.0298794;-1.59145,0.0421808,-1.57568
0.547441,-0.242601,0.0359432;-1.65215,0.174509,-1.51856
0.550566,-0.24126,0.0357366;-1.63586,0.137444,-1.52206
0.554009,-0.241469,0.0318359;-1.64263,0.0695968,-1.57278
0.560011,-0.248109,0.0322222;-1.61726,-0.0736024,-1.60157
0.559179,-0.249709,0.0323965;-1.61355,-0.0834943,-1.6081
0.557858,-0.248028,0.031966;-1.64466,-0.0386657,-1.57571
0.55193,-0.237583,0.0368145;-1.68137,0.103207,-1.52122
0.553069,-0.237863,0.0362468;-1.66511,0.0955116,-1.52156
0.555981,-0.238014,0.0346039;-1.69048,0.0619778,-1.56358
0.561619,-0.244398,0.0317881;-1.63977,-0.0393017,-1.58537
0.561127,-0.246465,0.0329;-1.63386,-0.0611802,-1.60369
0.560434,-0.246673,0.0325983;-1.62631,-0.0537502,-1.5986
0.555635,-0.236548,0.0357534;-1.69293,0.0904622,-1.54364
0.554092,-0.237298,0.0365831;-1.69798,0.101301,-1.53282
0.556327,-0.237435,0.0371308;-1.69928,0.0848141,-1.53655
0.563657,-0.243371,0.0331051;-1.65098,-0.0284206,-1.5941
0.564403,-0.247277,0.0339214;-1.63239,-0.079421,-1.61691
0.563653,-0.248871,0.0347164;-1.62645,-0.0908803,-1.63047
0.559687,-0.236519,0.0356708;-1.70463,0.0681768,-1.55708
0.556823,-0.236666,0.0371179;-1.72143,0.0961243,-1.5372
0.556824,-0.236716,0.0380905;-1.73176,0.0863952,-1.53809
0.564099,-0.241972,0.034703;-1.70366,-0.0124698,-1.58873
0.565721,-0.245596,0.0343754;-1.66799,-0.0606097,-1.60389
0.566304,-0.248275,0.0360613;-1.64107,-0.0921184,-1.63714
0.562311,-0.237719,0.0372413;-1.68205,0.0520032,-1.59172
0.558504,-0.237112,0.037291;-1.72446,0.103965,-1.54357
0.555809,-0.238425,0.0392418;-1.74027,0.114948,-1.5237
0.562416,-0.242062,0.0372306;-1.7446,0.0202168,-1.58536
0.565147,-0.245735,0.0362702;-1.6813,-0.0566755,-1.61463
0.566421,-0.249913,0.0372075;-1.6608,-0.112298,-1.63923
0.564476,-0.244839,0.0390453;-1.78341,-0.0323588,-1.58239
0.559859,-0.23535,0.0390903;-1.78109,0.0799121,-1.55787
0.556435,-0.236718,0.0394589;-1.77327,0.0991529,-1.53771
0.561866,-0.239065,0.0376857;-1.74339,0.026946,-1.58606
0.564105,-0.243135,0.0362686;-1.69684,-0.0256837,-1.60677
0.564563,-0.24667,0.0376776;-1.66697,-0.0682291,-1.63968
0.563819,-0.244358,0.0407694;-1.80907,-0.00757338,-1.5852
0.561184,-0.240121,0.0405017;-1.81038,0.0654027,-1.56077
0.557605,-0.237543,0.0410971;-1.82624,0.118982,-1.5416
0.562935,-0.238078,0.0380171;-1.75905,0.0508334,-1.57042
0.56622,-0.2416,0.0343428;-1.69453,-0.00737537,-1.58918
0.567326,-0.244983,0.0344753;-1.64857,-0.0520444,-1.61317
0.568934,-0.244627,0.0415966;-1.78135,-0.0367185,-1.61853
0.567709,-0.242609,0.0425062;-1.8533,0.0255728,-1.57137
0.563809,-0.238679,0.0425108;-1.85519,0.0977424,-1.5487
0.563795,-0.238258,0.0393133;-1.7872,0.0849686,-1.5582
0.568161,-0.241207,0.0357869;-1.71265,0.0196223,-1.57797
0.570946,-0.244054,0.0337368;-1.65995,-0.041214,-1.59691
0.572296,-0.249624,0.0397334;-1.67886,-0.064985,-1.65899
0.570786,-0.246161,0.0430563;-1.80549,0.00728995,-1.61215
0.568635,-0.241945,0.0436111;-1.87211,0.060409,-1.56407
0.566935,-0.240988,0.0411825;-1.82909,0.0764528,-1.5543
0.572952,-0.24403,0.0381535;-1.76623,-0.000983298,-1.57954
0.577678,-0.246401,0.035926;-1.70342,-0.0829305,-1.60347
0.579615,-0.251875,0.0391581;-1.64446,-0.147705,-1.68073
0.578274,-0.24931,0.0422601;-1.71203,-0.0595348,-1.66875
0.57642,-0.239958,0.0430055;-1.83102,0.0422889,-1.58781
0.569743,-0.237682,0.0386705;-1.75178,0.106713,-1.53676
0.573314,-0.237752,0.0383856;-1.7704,0.0865543,-1.55801
0.579051,-0.24019,0.0349241;-1.70492,0.0116715,-1.57946
0.584722,-0.246168,0.0350714;-1.66998,-0.087526,-1.61542
0.584398,-0.245849,0.0405805;-1.73206,-0.0451942,-1.63733
0.582407,-0.243523,0.0435556;-1.82143,0.0552838,-1.59668
0.573842,-0.241877,0.0411168;-1.82584,0.175126,-1.53093
0.575855,-0.243252,0.0373846;-1.75337,0.156402,-1.54495
0.580789,-0.246529,0.0331934;-1.66643,0.0874974,-1.56871
0.587063,-0.25023,0.0359412;-1.6102,-0.0851492,-1.64888
0.586626,-0.254086,0.039047;-1.64737,-0.0622728,-1.66712
0.583632,-0.253181,0.043527;-1.78431,0.0352446,-1.62441
0.583632,-0.253181,0.043527;-1.78431,0.0352446,-1.62441
0.580022,-0.24522,0.044507;-1.84459,0.146562,-1.56871
0.580022,-0.24522,0.044507;-1.84459,0.146562,-1.56871
