-0.125,0.125,0.06;-1.57,-2.98023e-08,-1.57
-0.125,0.125,0.06;-1.57,-2.98023e-08,-1.57
-0.125,0.125,0.06;-1.57,-2.98023e-08,-1.57
-0.124938,0.129805,0.0285748;-1.57097,-0.214075,-1.57102
-0.125583,0.128062,0.0285425;-1.5708,-0.131633,-1.57255
-0.126706,0.119593,0.0300011;-1.56502,0.00725481,-1.59028
-0.126634,0.104035,0.0363282;-1.44204,0.0633066,-1.57151
-0.13043,0.114275,0.028876;-1.57336,-0.142994,-1.55926
-0.130347,0.113345,0.0287967;-1.56323,-0.205982,-1.56622
-0.130612,0.112797,0.0288027;-1.56066,-0.218586,-1.56938
-0.129579,0.110822,0.0285899;-1.57101,-0.062349,-1.57113
-0.13246,0.101845,0.0299118;-1.57897,0.0564797,-1.58945
-0.132308,0.0780506,0.0358016;-1.47855,0.139761,-1.60499
-0.135528,0.0743827,0.0320526;-1.50377,0.00624089,-1.58029
-0.136218,0.0795035,0.0286773;-1.57535,-0.0982058,-1.56974
-0.135671,0.0779713,0.0288667;-1.56789,-0.199769,-1.56312
-0.137048,0.0791372,0.0290381;-1.57556,-0.137742,-1.55382
-0.139477,0.072268,0.0314588;-1.61801,-0.0389573,-1.56711
-0.139262,0.0535114,0.0355706;-1.55833,0.0847721,-1.59572
-0.139337,0.0409422,0.0378893;-1.39472,0.0784026,-1.59025
-0.143593,0.0505407,0.0340603;-1.47714,-0.017392,-1.57968
-0.144751,0.060968,0.0285313;-1.56917,-0.138031,-1.57048
-0.144486,0.0617714,0.0286595;-1.57087,-0.165477,-1.56705
-0.145614,0.0627057,0.0290651;-1.57784,-0.0805722,-1.55424
-0.148556,0.0535883,0.0340895;-1.65968,0.0414418,-1.56177
-0.148669,0.0400978,0.0363936;-1.54277,0.0979415,-1.58284
-0.150594,0.0413225,0.0310925;-1.51807,0.0147639,-1.57728
-0.150169,0.0488287,0.0287984;-1.5615,-0.195413,-1.5703
-0.150175,0.0482687,0.0288476;-1.56033,-0.176613,-1.57148
-0.149846,0.0476537,0.0285315;-1.56875,-0.108561,-1.57061
-0.153672,0.0300831,0.0338351;-1.60748,0.138896,-1.58128
-0.152892,0.0148889,0.0406309;-1.39585,0.214083,-1.58834
-0.156869,0.0115602,0.0382519;-1.39762,0.126076,-1.58675
-0.159706,0.026099,0.0286771;-1.57083,-0.102757,-1.56625
-0.160514,0.025121,0.02879;-1.56055,-0.150217,-1.57024
-0.159529,0.0241527,0.0287402;-1.56254,-0.0750026,-1.57074
-0.162624,0.0180002,0.0303607;-1.60705,0.116705,-1.57299
-0.164482,0.000973251,0.0388477;-1.54228,0.25073,-1.58575
-0.167774,-0.00992229,0.0403764;-1.38685,0.241504,-1.58263
-0.178914,0.0136112,0.0319645;-1.60212,0.0516248,-1.53319
-0.177457,0.0146967,0.0307046;-1.57794,-0.0157888,-1.54095
-0.175919,0.0123347,0.0312341;-1.57063,-0.0476017,-1.53266
-0.178091,0.00779264,0.0308516;-1.59961,0.0522488,-1.54578
-0.181417,-0.00593901,0.0352316;-1.65693,0.18685,-1.56602
-0.179722,-0.024436,0.0404399;-1.38811,0.283576,-1.60743
-0.187836,-0.012969,0.0290608;-1.58522,0.0675053,-1.56127
-0.186771,-0.0124419,0.0289169;-1.57322,-0.0120964,-1.56103
-0.187805,-0.0114842,0.0290631;-1.57211,-0.0357477,-1.55991
-0.188901,-0.0101567,0.0295917;-1.58117,0.0694715,-1.55022
-0.192897,-0.0188917,0.0329256;-1.65174,0.198595,-1.56338
-0.193982,-0.0392704,0.0371948;-1.46208,0.295619,-1.61867
-0.198502,-0.0315943,0.0288295;-1.57374,0.075638,-1.58106
-0.197891,-0.0299964,0.028653;-1.57111,-0.0174933,-1.56701
-0.199245,-0.0303129,0.0288581;-1.55784,-0.0851029,-1.57001
-0.19979,-0.0282677,0.0295945;-1.58208,0.0963102,-1.55096
-0.205681,-0.0367278,0.036981;-1.71232,0.222542,-1.5305
-0.207769,-0.0466165,0.0444528;-1.69726,0.342793,-1.54342
-0.204765,-0.0441589,0.0287484;-1.57649,0.164702,-1.5675
-0.204233,-0.045069,0.0285476;-1.57012,0.0562896,-1.56906
-0.2053,-0.0449948,0.0288592;-1.5591,-0.0340179,-1.57199
-0.205884,-0.0476719,0.0286155;-1.57062,0.10767,-1.57258
-0.209064,-0.0543702,0.029574;-1.58933,0.223936,-1.57677
-0.212034,-0.0723656,0.0364529;-1.50981,0.344928,-1.60373
-0.217088,-0.0752156,0.0370568;-1.46798,0.282462,-1.57496
-0.216384,-0.0612432,0.0312603;-1.62154,0.180461,-1.54053
-0.215081,-0.0607192,0.0289207;-1.57571,0.100551,-1.55871
-0.214764,-0.0619395,0.0287395;-1.57092,0.0732467,-1.5631
-0.215765,-0.0613703,0.0288341;-1.5731,0.163602,-1.55954
-0.220885,-0.0723399,0.0320504;-1.63223,0.288481,-1.56271
-0.227589,-0.0977797,0.0409874;-1.36921,0.394936,-1.61465
-0.23363,-0.0894526,0.0378846;-1.46503,0.294379,-1.56818
-0.233424,-0.0704526,0.0336784;-1.63899,0.200909,-1.52321
-0.232395,-0.0754751,0.0293657;-1.57027,0.0994489,-1.55626
-0.232311,-0.0754652,0.029468;-1.57306,0.122208,-1.54947
-0.234857,-0.0762608,0.0314851;-1.61016,0.207845,-1.54307
-0.240822,-0.111116,0.0392224;-1.34564,0.426048,-1.66467
-0.24408,-0.113642,0.0389669;-1.35983,0.354304,-1.65056
-0.244075,-0.0941417,0.0286815;-1.58465,0.229035,-1.57545
-0.242532,-0.0911797,0.0287607;-1.56364,0.0670756,-1.5728
-0.241496,-0.0929895,0.0285697;-1.57173,0.187927,-1.57033
-0.243378,-0.0958426,0.0287365;-1.57121,0.311605,-1.57755
-0.255473,-0.135252,0.0386999;-1.37935,0.479993,-1.6674
-0.261295,-0.144862,0.0388347;-1.35949,0.381732,-1.65798
-0.260698,-0.125268,0.0289452;-1.58341,0.258567,-1.57955
-0.25932,-0.122283,0.0288154;-1.56102,0.0863736,-1.57309
-0.258212,-0.122774,0.0286062;-1.5706,0.187386,-1.56925
-0.259347,-0.121886,0.0289877;-1.58609,0.299611,-1.56092
-0.27054,-0.145012,0.0446044;-1.56349,0.553069,-1.57485
-0.273418,-0.149508,0.0442263;-1.50398,0.455227,-1.59375
-0.273035,-0.13605,0.0297796;-1.58685,0.335292,-1.55232
-0.272221,-0.136848,0.0288338;-1.55841,0.115677,-1.57207
-0.27209,-0.13781,0.0285742;-1.56941,0.201973,-1.57098
-0.27328,-0.139519,0.0286787;-1.57075,0.274337,-1.57541
-0.283408,-0.168364,0.0362186;-1.43124,0.491167,-1.64668
-0.289089,-0.173896,0.038323;-1.37711,0.412602,-1.64682
-0.288615,-0.167945,0.0336895;-1.47493,0.383212,-1.60591
-0.286208,-0.16035,0.0286912;-1.56501,0.175656,-1.57131
-0.286429,-0.160576,0.0288449;-1.5609,0.192116,-1.5756
-0.28664,-0.161161,0.0285744;-1.57091,0.260251,-1.5709
-0.290598,-0.16555,0.0291983;-1.57967,0.393127,-1.57924
-0.303902,-0.202582,0.0393431;-1.34404,0.487777,-1.67952
-0.306019,-0.198502,0.036932;-1.4018,0.409366,-1.64502
-0.302729,-0.183644,0.0286173;-1.57036,0.28753,-1.57461
-0.302129,-0.181846,0.0287504;-1.56294,0.173138,-1.57257
-0.301352,-0.183578,0.0285507;-1.57169,0.275342,-1.57006
-0.30393,-0.185684,0.0286942;-1.57224,0.384695,-1.577
-0.318888,-0.22322,0.0380571;-1.38255,0.548727,-1.67876
-0.324629,-0.229572,0.0387607;-1.35814,0.455887,-1.67251
-0.321855,-0.212254,0.0289275;-1.57881,0.340964,-1.57941
-0.320492,-0.209852,0.0287973;-1.56102,0.18914,-1.57327
-0.318742,-0.20892,0.0286532;-1.57197,0.285912,-1.56596
-0.320295,-0.20722,0.029451;-1.58305,0.386192,-1.54961
-0.331235,-0.227066,0.0421625;-1.62933,0.611273,-1.55546
-0.335759,-0.237397,0.0399569;-1.4151,0.519646,-1.64645
-0.335038,-0.227047,0.028534;-1.58514,0.395712,-1.56836
-0.333351,-0.223444,0.0287547;-1.56342,0.209299,-1.57347
-0.333034,-0.225183,0.0286434;-1.56708,0.282357,-1.57142
-0.334581,-0.226594,0.0286151;-1.57048,0.372796,-1.57282
-0.347575,-0.25095,0.0377751;-1.46094,0.61862,-1.63954
-0.353813,-0.25951,0.0404542;-1.34437,0.591773,-1.67154
-0.35737,-0.249926,0.0349903;-1.47799,0.491893,-1.58607
-0.353557,-0.234678,0.0294026;-1.57504,0.349482,-1.55454
-0.353762,-0.237642,0.0292664;-1.57047,0.313421,-1.55793
-0.353591,-0.237373,0.029038;-1.57181,0.32818,-1.55539
-0.362974,-0.242657,0.0393278;-1.77162,0.544516,-1.46292
-0.368053,-0.249312,0.0460713;-1.67841,0.649306,-1.50458
-0.375599,-0.24904,0.0440854;-1.61261,0.593177,-1.51506
-0.375129,-0.241849,0.0322698;-1.58164,0.417336,-1.5122
-0.37195,-0.24358,0.0334915;-1.57912,0.330745,-1.50715
-0.372903,-0.246662,0.033849;-1.57445,0.335675,-1.50664
-0.379482,-0.253835,0.034963;-1.67962,0.502682,-1.49985
-0.385766,-0.267745,0.0390633;-1.58915,0.626493,-1.57456
-0.392385,-0.282296,0.039008;-1.32814,0.625531,-1.71096
-0.393369,-0.268132,0.0287004;-1.56971,0.413835,-1.56428
-0.393744,-0.26839,0.02896;-1.56823,0.336074,-1.56419
-0.394807,-0.267619,0.0290233;-1.57123,0.337776,-1.56081
-0.39719,-0.26483,0.0330254;-1.6355,0.46352,-1.506
-0.403708,-0.271454,0.0387541;-1.78252,0.577208,-1.45444
-0.409496,-0.286252,0.042268;-1.55783,0.686115,-1.59335
-0.41255,-0.282161,0.0289147;-1.58144,0.481496,-1.57424
-0.410387,-0.280845,0.0286245;-1.57062,0.372267,-1.56843
-0.41083,-0.280272,0.0287556;-1.56184,0.325892,-1.57344
-0.410288,-0.278014,0.0298305;-1.58998,0.524848,-1.53823
-0.418513,-0.281337,0.0378958;-1.76537,0.6475,-1.44197
-0.42528,-0.285811,0.0451933;-1.82806,0.762599,-1.41303
-0.419642,-0.287138,0.0335785;-1.67324,0.559796,-1.50056
-0.41976,-0.293152,0.0287449;-1.57085,0.442106,-1.56284
-0.422325,-0.294186,0.0288089;-1.55896,0.347913,-1.57489
-0.423322,-0.296458,0.0285782;-1.5703,0.502329,-1.57137
-0.430308,-0.303557,0.0306521;-1.61072,0.630768,-1.55878
-0.438065,-0.318598,0.039576;-1.43878,0.751365,-1.66031
-0.444585,-0.316044,0.0328032;-1.49045,0.587096,-1.60601
-0.441174,-0.310664,0.0286828;-1.57057,0.474925,-1.5649
-0.44213,-0.311191,0.028813;-1.55909,0.409004,-1.57487
-0.442729,-0.312085,0.0285604;-1.57033,0.487684,-1.57085
-0.447766,-0.314496,0.0290972;-1.58527,0.615575,-1.57333
-0.458625,-0.328334,0.0325269;-1.5372,0.717565,-1.62409
-0.471995,-0.347036,0.03754;-1.35678,0.654158,-1.70661
-0.465553,-0.331894,0.0289136;-1.58952,0.546337,-1.56189
-0.464656,-0.331749,0.028664;-1.57,0.448668,-1.56793
-0.464214,-0.332034,0.028671;-1.5687,0.493885,-1.56926
-0.465175,-0.332381,0.028573;-1.57064,0.564834,-1.57094
-0.473377,-0.338522,0.0302578;-1.58432,0.697127,-1.58426
-0.494731,-0.368216,0.039393;-1.29609,0.712888,-1.75627
-0.49166,-0.358331,0.0336347;-1.45061,0.647979,-1.64943
-0.48559,-0.349078,0.0285761;-1.57148,0.527126,-1.56993
-0.485525,-0.348486,0.0287643;-1.56092,0.460888,-1.57507
-0.484262,-0.347485,0.0288862;-1.5711,0.538975,-1.55553
-0.487723,-0.346897,0.0317616;-1.62248,0.641899,-1.51641
-0.50595,-0.373451,0.0402496;-1.36311,0.841609,-1.72232
-0.511519,-0.376936,0.0377464;-1.32554,0.756635,-1.74486
-0.506346,-0.364188,0.0286869;-1.58542,0.642821,-1.56384
-0.506046,-0.363188,0.0287125;-1.56365,0.476875,-1.57398
-0.504152,-0.36316,0.028691;-1.57121,0.588362,-1.56477
-0.504727,-0.361264,0.0294736;-1.58945,0.685153,-1.5407
-0.52142,-0.370102,0.0451182;-1.78143,0.921162,-1.41558
-0.528301,-0.368646,0.0449448;-1.7045,0.843718,-1.4517
-0.524678,-0.362735,0.0382287;-1.78977,0.733968,-1.39557
-0.529143,-0.377028,0.0288636;-1.57076,0.549797,-1.56313
-0.528606,-0.377319,0.0286958;-1.57143,0.594802,-1.56435
-0.528867,-0.376584,0.0285817;-1.57348,0.683135,-1.56934
-0.528867,-0.376584,0.0285817;-1.57348,0.683135,-1.56934
-0.538348,-0.384152,0.0309944;-1.6155,0.809402,-1.55445
-0.538348,-0.384152,0.0309944;-1.6155,0.809402,-1.55445
