-0.125,0.125,0.06;-1.57,-2.98023e-08,-1.57
-0.125,0.125,0.06;-1.57,-2.98023e-08,-1.57
-0.125,0.125,0.06;-1.57,-2.98023e-08,-1.57
-0.125073,0.12975,0.0285715;-1.57068,-0.215491,-1.57047
-0.126088,0.12802,0.0285993;-1.57067,-0.12708,-1.572
-0.128425,0.119699,0.030148;-1.57882,0.00191498,-1.59283
-0.127593,0.0998207,0.0358765;-1.43744,0.0251516,-1.58372
-0.130285,0.107988,0.028694;-1.5709,-0.195357,-1.56527
-0.131144,0.107203,0.0287943;-1.56576,-0.255184,-1.56403
-0.131525,0.106893,0.0287298;-1.5677,-0.263583,-1.56579
-0.130903,0.108715,0.0286075;-1.57045,-0.132869,-1.56839
-0.133443,0.102179,0.0299472;-1.57502,0.00260753,-1.59089
-0.131995,0.0787523,0.0353125;-1.49671,0.0730718,-1.60172
-0.134648,0.073007,0.0324919;-1.50708,-0.0514468,-1.58064
-0.135164,0.0817518,0.028604;-1.57068,-0.145938,-1.57398
-0.134664,0.083493,0.0287044;-1.56363,-0.24789,-1.56919
-0.134377,0.0824311,0.0286259;-1.57076,-0.175308,-1.56863
-0.137584,0.0766314,0.0292128;-1.58583,-0.0606658,-1.58197
-0.136678,0.0546789,0.0341708;-1.49048,0.0596503,-1.58991
-0.137296,0.0465372,0.0391875;-1.40237,0.0582427,-1.56237
-0.14059,0.0518029,0.034069;-1.47228,-0.0490863,-1.56457
-0.141868,0.0595153,0.0286809;-1.57102,-0.167764,-1.56547
-0.141547,0.0585429,0.0285791;-1.57085,-0.237737,-1.57078
-0.142848,0.056954,0.0286546;-1.57187,-0.141371,-1.574
-0.145521,0.0476722,0.0302207;-1.57983,-0.013866,-1.59309
-0.144482,0.0291879,0.0339061;-1.48531,0.013178,-1.58619
-0.147651,0.0350893,0.031666;-1.51223,-0.0760539,-1.57304
-0.148078,0.0432199,0.0288446;-1.55903,-0.254906,-1.56918
-0.148018,0.0428577,0.0288483;-1.55812,-0.228546,-1.56844
-0.147701,0.0440704,0.0288377;-1.57105,-0.161534,-1.55808
-0.151651,0.0286089,0.0375788;-1.69852,0.0648816,-1.57193
-0.149583,0.0141408,0.0411715;-1.4847,0.134992,-1.58498
-0.151176,0.00613354,0.0378792;-1.39415,0.0619316,-1.58485
-0.153995,0.0246888,0.028583;-1.57036,-0.175098,-1.56998
-0.154782,0.0249172,0.0287329;-1.5634,-0.220321,-1.57096
-0.153527,0.0226229,0.028701;-1.56376,-0.127361,-1.57054
-0.156838,0.0126001,0.030044;-1.58274,0.0917414,-1.58881
-0.15762,-0.0106039,0.0351293;-1.48751,0.17298,-1.61014
-0.159474,-0.025569,0.0393378;-1.36185,0.130349,-1.6041
-0.164099,-0.0112834,0.0287664;-1.57122,-0.0997434,-1.56187
-0.164181,-0.0119133,0.0288857;-1.56871,-0.186778,-1.5639
-0.164374,-0.0121534,0.0287563;-1.56888,-0.19434,-1.56388
-0.16551,-0.0118115,0.0287784;-1.58059,-0.0355573,-1.57026
-0.168651,-0.0281051,0.0312462;-1.57107,0.0959007,-1.60191
-0.166275,-0.0536448,0.0388992;-1.39284,0.132057,-1.59998
-0.173769,-0.0410541,0.0287522;-1.57731,-0.0956907,-1.58045
-0.172791,-0.0388845,0.0285905;-1.57036,-0.18603,-1.56883
-0.173799,-0.0386358,0.0287987;-1.5606,-0.244905,-1.56884
-0.173723,-0.0384229,0.0289196;-1.57835,-0.0671867,-1.56206
-0.177149,-0.0508975,0.0307307;-1.60123,0.0671367,-1.58285
-0.174643,-0.0708078,0.0392339;-1.44476,0.177034,-1.5886
-0.186345,-0.0629389,0.029504;-1.59151,-0.0303196,-1.56023
-0.184629,-0.0617561,0.0287317;-1.57079,-0.149919,-1.56339
-0.186021,-0.0633022,0.0287892;-1.56081,-0.217152,-1.56822
-0.185979,-0.0670882,0.0286264;-1.57083,-0.0264532,-1.57295
-0.188111,-0.0786289,0.0305826;-1.57945,0.0842736,-1.5964
-0.185365,-0.103048,0.03707;-1.43347,0.156185,-1.6054
-0.192072,-0.0971645,0.028897;-1.57784,-0.0360968,-1.58094
-0.191314,-0.093684,0.0285764;-1.5709,-0.11599,-1.57069
-0.191912,-0.0931407,0.0288246;-1.5602,-0.176791,-1.57007
-0.191417,-0.0929106,0.0288633;-1.57096,-0.0297494,-1.55685
-0.194653,-0.0983733,0.0330138;-1.63891,0.0710314,-1.55578
-0.195693,-0.11127,0.040813;-1.67547,0.194308,-1.56651
-0.196135,-0.122131,0.034653;-1.46104,0.14232,-1.58903
-0.198229,-0.112855,0.0286394;-1.58188,0.0291009,-1.57368
-0.197201,-0.110165,0.028578;-1.57039,-0.0901921,-1.56931
-0.197229,-0.11009,0.0285679;-1.57079,-0.0989761,-1.5713
-0.198529,-0.112535,0.0285959;-1.57001,-0.000276029,-1.57232
-0.202722,-0.123017,0.0307404;-1.58362,0.124537,-1.59513
-0.204022,-0.157756,0.0395353;-1.35974,0.16244,-1.60954
-0.208148,-0.152953,0.0354571;-1.44043,0.0684122,-1.58624
-0.210707,-0.143068,0.0289688;-1.58463,-0.0601806,-1.56508
-0.210055,-0.144656,0.028734;-1.57136,-0.180101,-1.5636
-0.209724,-0.144398,0.0288406;-1.5709,-0.135537,-1.55824
-0.21165,-0.14521,0.029342;-1.58744,-0.0311059,-1.5681
-0.209208,-0.186641,0.0399299;-1.36921,0.16828,-1.60517
-0.212198,-0.194753,0.039364;-1.36428,0.0658599,-1.59054
-0.21798,-0.175202,0.0287145;-1.58545,-0.0639711,-1.58168
-0.217146,-0.171287,0.0288133;-1.56142,-0.229,-1.57066
-0.216107,-0.17324,0.0285642;-1.57145,-0.119896,-1.57092
-0.218343,-0.176725,0.0287602;-1.5718,-0.000379741,-1.57831
-0.217976,-0.209634,0.0395774;-1.39548,0.230245,-1.59939
-0.223707,-0.214353,0.0391316;-1.39122,0.146363,-1.58384
-0.230407,-0.195993,0.0289317;-1.58965,0.0174432,-1.56133
-0.229652,-0.195388,0.028785;-1.56186,-0.179369,-1.56806
-0.228378,-0.19592,0.0285764;-1.57057,-0.0867143,-1.57046
-0.230117,-0.198894,0.0289169;-1.58062,0.029414,-1.57914
-0.231103,-0.239901,0.0385341;-1.40276,0.199864,-1.61373
-0.23366,-0.250587,0.0386009;-1.37733,0.105863,-1.59932
-0.238694,-0.233074,0.0288686;-1.57505,-0.0100287,-1.58038
-0.23862,-0.229399,0.0287735;-1.56121,-0.189086,-1.57011
-0.237745,-0.229685,0.0285794;-1.57104,-0.0835389,-1.57028
-0.238436,-0.22934,0.0288229;-1.57168,-0.0235787,-1.5597
-0.242007,-0.248525,0.042256;-1.64373,0.206452,-1.57163
-0.241844,-0.256034,0.0399033;-1.47245,0.139607,-1.58182
-0.242191,-0.256188,0.0328333;-1.49672,0.108588,-1.58117
-0.242397,-0.248658,0.0286398;-1.56819,-0.123395,-1.56978
-0.242616,-0.249336,0.028928;-1.55741,-0.117425,-1.57249
-0.242461,-0.249794,0.0285779;-1.5711,-0.0392018,-1.57077
-0.245258,-0.254678,0.0292382;-1.58207,0.0947004,-1.58109
-0.248902,-0.297881,0.0389737;-1.37196,0.191414,-1.61338
-0.252989,-0.295167,0.0359368;-1.4308,0.0955573,-1.5913
-0.256036,-0.283729,0.0289021;-1.5873,-0.0348878,-1.56688
-0.255725,-0.285285,0.0288076;-1.57344,-0.162802,-1.56244
-0.255688,-0.285308,0.0288182;-1.57094,-0.113714,-1.55913
-0.257063,-0.284616,0.0295653;-1.58524,-0.0407446,-1.55492
-0.259242,-0.318142,0.0371701;-1.42952,0.176469,-1.61257
-0.262083,-0.326492,0.0386734;-1.3798,0.096414,-1.59739
-0.26575,-0.308588,0.0288695;-1.57851,-0.0390452,-1.58284
-0.2656,-0.306222,0.0288251;-1.56081,-0.190429,-1.57079
-0.263953,-0.307381,0.0285668;-1.57143,-0.0759123,-1.57092
-0.265962,-0.31031,0.0286907;-1.57071,0.0400875,-1.57607
-0.269354,-0.341196,0.0391801;-1.47327,0.267742,-1.60225
-0.274648,-0.349468,0.038573;-1.41523,0.194059,-1.58391
-0.280136,-0.334847,0.0294165;-1.5898,0.0670291,-1.55261
-0.27846,-0.334135,0.0287183;-1.56986,-0.108196,-1.56506
-0.278209,-0.33462,0.028731;-1.56471,-0.0786276,-1.56902
-0.278911,-0.335447,0.0285631;-1.56975,-0.0129092,-1.57095
-0.284265,-0.367688,0.0358999;-1.47007,0.192204,-1.61297
-0.286078,-0.382999,0.0395672;-1.35954,0.152833,-1.60751
-0.289348,-0.372282,0.0339039;-1.47511,0.0666954,-1.58678
-0.289511,-0.359595,0.0287566;-1.56315,-0.12796,-1.57079
-0.289743,-0.359653,0.0287868;-1.56078,-0.125904,-1.56968
-0.289001,-0.35899,0.0287946;-1.571,-0.0470412,-1.56034
-0.296346,-0.370886,0.0385545;-1.73723,0.180028,-1.54158
-0.295667,-0.382273,0.0447606;-1.59844,0.272976,-1.571
-0.297164,-0.394007,0.0399793;-1.43681,0.213573,-1.58758
-0.297906,-0.38433,0.0285531;-1.57147,-0.0298709,-1.56959
-0.298788,-0.383944,0.0286536;-1.56755,-0.0917731,-1.57092
-0.298383,-0.385115,0.0287943;-1.56235,-0.0421155,-1.57237
-0.302982,-0.393097,0.0298078;-1.58225,0.163774,-1.58578
-0.30648,-0.414054,0.0346673;-1.50628,0.250111,-1.61523
-0.308921,-0.43351,0.0393705;-1.36285,0.22993,-1.62127
-0.313507,-0.416377,0.0286766;-1.57621,0.00184944,-1.57037
-0.313237,-0.417421,0.0288468;-1.56858,-0.0942823,-1.56243
-0.313896,-0.417468,0.0288136;-1.57176,-0.105118,-1.56276
-0.315546,-0.416955,0.0300786;-1.58902,0.00879561,-1.55336
-0.318709,-0.428955,0.0339714;-1.66034,0.137576,-1.57456
-0.318801,-0.451482,0.0376274;-1.39492,0.229101,-1.61666
-0.32362,-0.437763,0.0288565;-1.57677,0.0150532,-1.58187
-0.322312,-0.435504,0.0285752;-1.57045,-0.0840971,-1.57002
-0.323301,-0.434847,0.0288493;-1.55936,-0.147484,-1.5706
-0.323209,-0.434781,0.0288162;-1.57711,0.0377258,-1.56502
-0.327391,-0.447864,0.0306512;-1.58812,0.167353,-1.58928
-0.326902,-0.469846,0.0379178;-1.42857,0.261267,-1.60941
-0.337096,-0.460501,0.0293639;-1.58907,0.0648619,-1.55651
-0.335174,-0.458507,0.0288429;-1.57364,-0.0357706,-1.56073
-0.335437,-0.459571,0.0287019;-1.57067,-0.0962986,-1.56473
-0.335845,-0.460556,0.0285738;-1.57037,0.0237586,-1.57093
-0.339482,-0.470179,0.0305704;-1.58301,0.149611,-1.59406
-0.340894,-0.494249,0.0368017;-1.44835,0.227465,-1.61735
-0.346234,-0.494963,0.0318581;-1.51171,0.0793477,-1.58431
-0.345504,-0.486227,0.0285615;-1.57148,-0.0309474,-1.57042
-0.346059,-0.485475,0.0287231;-1.56465,-0.0993076,-1.57081
-0.34516,-0.485334,0.0287737;-1.57097,-0.0012877,-1.5614
-0.348515,-0.487095,0.030763;-1.60374,0.111385,-1.55296
-0.353679,-0.498637,0.0390741;-1.73414,0.249621,-1.5389
-0.356148,-0.518346,0.0383204;-1.43922,0.245524,-1.59028
-0.358008,-0.512956,0.0287536;-1.58011,0.12365,-1.56999
-0.357263,-0.512926,0.0286184;-1.57082,0.0137839,-1.56893
-0.357736,-0.513358,0.0286098;-1.56932,0.0251762,-1.57092
-0.358779,-0.514931,0.0286024;-1.57073,0.118655,-1.5723
-0.363239,-0.523026,0.030256;-1.58348,0.241552,-1.58925
-0.371698,-0.562084,0.0396164;-1.35383,0.27773,-1.63435
-0.373752,-0.549813,0.0332066;-1.47946,0.182822,-1.59585
-0.373193,-0.540682,0.0285511;-1.57144,0.064644,-1.57025
-0.37395,-0.541559,0.0287783;-1.56964,-0.0181489,-1.56217
-0.373715,-0.540889,0.0289298;-1.5725,0.0174908,-1.55531
-0.376152,-0.54123,0.0308379;-1.59869,0.110545,-1.55012
-0.382691,-0.574876,0.0380056;-1.3786,0.316992,-1.63517
-0.3855,-0.575007,0.0382836;-1.38379,0.244389,-1.62275
-0.385974,-0.557109,0.0287096;-1.57944,0.109955,-1.57948
-0.385682,-0.554845,0.0287639;-1.56234,-0.0502122,-1.57066
-0.384834,-0.55543,0.0285326;-1.57294,0.035551,-1.57076
-0.385571,-0.555222,0.0287728;-1.57298,0.11977,-1.56294
-0.391046,-0.586935,0.0372869;-1.40837,0.353559,-1.62793
-0.396634,-0.592768,0.0382125;-1.39841,0.271286,-1.60999
-0.40092,-0.577014,0.029096;-1.58538,0.153697,-1.55834
-0.399801,-0.576219,0.0287143;-1.5701,-9.84967e-05,-1.56511
-0.398921,-0.576177,0.0286697;-1.57257,0.0594853,-1.56472
-0.400001,-0.576872,0.0286061;-1.57189,0.140927,-1.57156
-0.400001,-0.576872,0.0286061;-1.57189,0.140927,-1.57156
-0.404239,-0.586824,0.0307965;-1.58267,0.267774,-1.59617
-0.404239,-0.586824,0.0307965;-1.58267,0.267774,-1.59617
