-0.125,0.125,0.06;-1.57,-2.98023e-08,-1.57
-0.125,0.125,0.06;-1.57,-2.98023e-08,-1.57
-0.125,0.125,0.06;-1.57,-2.98023e-08,-1.57
-0.124947,0.130174,0.0285726;-1.57063,-0.206381,-1.57079
-0.124856,0.129402,0.0285405;-1.57306,-0.125722,-1.57012
-0.127023,0.12228,0.030933;-1.61071,0.00298912,-1.5742
-0.126999,0.102493,0.0367914;-1.43144,0.0649822,-1.57348
-0.12948,0.114329,0.028539;-1.56939,-0.162193,-1.57102
-0.130193,0.115418,0.028701;-1.56527,-0.228743,-1.56984
-0.130362,0.115471,0.0286579;-1.56842,-0.231864,-1.57194
-0.129103,0.113631,0.0285935;-1.57079,-0.0671528,-1.56963
-0.132205,0.109521,0.0311073;-1.61819,0.0581205,-1.5721
-0.134027,0.0950931,0.0395692;-1.66235,0.183963,-1.57459
-0.134451,0.0867575,0.0309934;-1.53103,0.0571574,-1.57338
-0.134381,0.0912938,0.0285386;-1.57,-0.0556953,-1.57036
-0.134665,0.0921849,0.0286787;-1.56516,-0.151531,-1.57022
-0.134427,0.0918076,0.0285791;-1.57082,-0.102685,-1.57085
-0.136272,0.0883194,0.0295127;-1.58936,0.00530567,-1.57302
-0.137589,0.0747328,0.0378224;-1.62345,0.143728,-1.57569
-0.13903,0.0557088,0.0391446;-1.39042,0.170117,-1.58373
-0.141972,0.059996,0.0339136;-1.47145,0.0771158,-1.579
-0.142541,0.0685517,0.0284458;-1.56771,-0.0519126,-1.57007
-0.142403,0.0691865,0.0285797;-1.57081,-0.107894,-1.57082
-0.143082,0.0675647,0.0285717;-1.57082,-0.00714126,-1.57007
-0.146263,0.0590836,0.0315267;-1.62203,0.123232,-1.56809
-0.148229,0.0445781,0.0370903;-1.56523,0.193119,-1.57468
-0.149253,0.0423364,0.0306844;-1.52613,0.122177,-1.57678
-0.148198,0.0464436,0.0287103;-1.5645,-0.0332293,-1.57055
-0.148058,0.0461888,0.028768;-1.56389,-0.0205368,-1.57276
-0.147461,0.0450727,0.0285751;-1.57086,0.0513016,-1.57084
-0.155138,0.0308871,0.0353267;-1.66578,0.29999,-1.55454
-0.156826,0.0169374,0.0425644;-1.49209,0.380296,-1.59289
-0.159465,0.0078977,0.0371519;-1.39707,0.319017,-1.61646
-0.157661,0.017744,0.0285827;-1.57096,0.126447,-1.5706
-0.158124,0.0179707,0.0286764;-1.56536,0.093928,-1.57201
-0.157999,0.0170726,0.0287214;-1.56342,0.131832,-1.57308
-0.163593,0.0105679,0.0308582;-1.61303,0.346485,-1.55877
-0.16928,-0.0040021,0.0396006;-1.59679,0.480439,-1.56871
-0.172937,-0.0148336,0.0414929;-1.46626,0.487846,-1.60823
-0.173264,-0.00854142,0.0285785;-1.5708,0.269529,-1.57077
-0.173745,-0.00814069,0.0287608;-1.56294,0.178555,-1.57306
-0.173938,-0.00787684,0.0286716;-1.56705,0.167175,-1.57222
-0.174631,-0.00935903,0.0288413;-1.58367,0.361111,-1.56484
-0.181955,-0.020354,0.0345347;-1.67105,0.489371,-1.53575
-0.186309,-0.0339481,0.0429214;-1.46162,0.591311,-1.62076
-0.188701,-0.0286064,0.0289081;-1.58795,0.371307,-1.56569
-0.187251,-0.0274576,0.0285668;-1.5703,0.251164,-1.56944
-0.188143,-0.0264691,0.0286414;-1.56786,0.196939,-1.57146
-0.188537,-0.0279337,0.0286139;-1.57209,0.360394,-1.56833
-0.194264,-0.0331915,0.0324485;-1.65092,0.4863,-1.54056
-0.2008,-0.0453728,0.0413785;-1.61012,0.61728,-1.5619
-0.202117,-0.0470105,0.0287093;-1.5779,0.443793,-1.57094
-0.201834,-0.0460426,0.0285626;-1.57174,0.337098,-1.57048
-0.202437,-0.0453849,0.0286968;-1.56475,0.280772,-1.57236
-0.202301,-0.0461496,0.0285964;-1.57111,0.391255,-1.56937
-0.206218,-0.0488117,0.0319847;-1.63888,0.508809,-1.54254
-0.212595,-0.0588759,0.0415151;-1.65542,0.644483,-1.53782
-0.215194,-0.0672031,0.0286477;-1.57709,0.524439,-1.56882
-0.214462,-0.0657063,0.0285606;-1.57075,0.425169,-1.57072
-0.214422,-0.065075,0.0286562;-1.56683,0.375347,-1.57215
-0.214405,-0.0655254,0.0285787;-1.5709,0.433545,-1.57077
-0.218291,-0.0682096,0.0296775;-1.60075,0.551294,-1.56005
-0.225481,-0.0778501,0.038257;-1.63538,0.695943,-1.54391
-0.234528,-0.0891944,0.0339485;-1.44382,0.684334,-1.64467
-0.233275,-0.085168,0.028392;-1.5818,0.591727,-1.5647
-0.232118,-0.0835775,0.0285767;-1.57047,0.483211,-1.57019
-0.232263,-0.0834646,0.0285832;-1.5706,0.468095,-1.57077
-0.234073,-0.0848083,0.0285749;-1.57084,0.575066,-1.57018
-0.241102,-0.0894095,0.0317915;-1.64726,0.705745,-1.52939
-0.257067,-0.108523,0.0406217;-1.38491,0.833164,-1.69207
-0.261659,-0.110348,0.0361503;-1.37711,0.745652,-1.70101
-0.257159,-0.101594,0.0284344;-1.5656,0.641802,-1.57533
-0.25689,-0.100524,0.0286337;-1.5678,0.541693,-1.57247
-0.256954,-0.10187,0.0285814;-1.57124,0.630993,-1.57072
-0.258727,-0.102342,0.0288089;-1.58458,0.732394,-1.5629
-0.275847,-0.117546,0.0449344;-1.50209,0.982293,-1.62846
-0.281588,-0.122563,0.0417605;-1.39927,0.894873,-1.70386
-0.278985,-0.115319,0.0285311;-1.58885,0.802688,-1.56138
-0.277232,-0.113226,0.0286488;-1.56654,0.615584,-1.57319
-0.277148,-0.114068,0.0285792;-1.57039,0.669823,-1.57083
-0.277767,-0.113936,0.028643;-1.57556,0.736064,-1.56734
-0.291246,-0.123681,0.0431364;-1.68535,0.988651,-1.49376
-0.297514,-0.129861,0.043223;-1.58911,0.939827,-1.56714
-0.296675,-0.131017,0.02887;-1.58685,0.841607,-1.56646
-0.296345,-0.129287,0.0286448;-1.56675,0.672386,-1.57323
-0.296208,-0.12984,0.0285772;-1.57059,0.719691,-1.57107
-0.297277,-0.129868,0.028632;-1.57447,0.778286,-1.56819
-0.309284,-0.141456,0.0429262;-1.6752,1.0469,-1.49837
-0.314233,-0.146702,0.0433204;-1.59662,0.994103,-1.56103
-0.314339,-0.148571,0.0285828;-1.5709,0.92046,-1.57138
-0.312626,-0.14599,0.0286137;-1.56838,0.746897,-1.57259
-0.312709,-0.146458,0.0285737;-1.57063,0.795515,-1.57064
-0.312905,-0.146535,0.0285777;-1.57145,0.816613,-1.57064
-0.32726,-0.154581,0.0400542;-1.68221,1.07181,-1.49062
-0.332706,-0.158186,0.0402997;-1.51488,1.02832,-1.61964
-0.3361,-0.160411,0.0326689;-1.43331,1.01008,-1.68485
-0.330928,-0.155781,0.0286356;-1.56687,0.815912,-1.57322
-0.331422,-0.156018,0.0287955;-1.55899,0.82077,-1.58176
-0.33152,-0.156616,0.0285786;-1.57095,0.877043,-1.57051
-0.335527,-0.156877,0.0290531;-1.60445,0.995197,-1.54766
-0.355208,-0.16819,0.0422129;-1.41947,1.17859,-1.70819
-0.363263,-0.174014,0.0349281;-1.28346,1.11224,-1.82298
-0.358834,-0.17013,0.0284708;-1.56334,1.05558,-1.58022
-0.358097,-0.16919,0.0285803;-1.57066,0.951493,-1.57098
-0.35812,-0.169881,0.0285796;-1.57052,1.00372,-1.5709
-0.359037,-0.169931,0.0286304;-1.5786,1.07349,-1.56402
-0.375265,-0.175929,0.0429524;-1.58948,1.33183,-1.56317
-0.384014,-0.180811,0.0399514;-1.40145,1.27842,-1.73752
-0.382711,-0.18047,0.0288039;-1.59519,1.203,-1.55491
-0.381204,-0.178346,0.028574;-1.57116,1.04207,-1.57037
-0.381562,-0.178836,0.0286332;-1.56529,1.08731,-1.57566
-0.382207,-0.17852,0.0285791;-1.57123,1.14367,-1.57012
-0.396536,-0.182365,0.0416053;-1.8768,1.39323,-1.28822
-0.403739,-0.185156,0.041416;-1.53163,1.35764,-1.61359
-0.403553,-0.186655,0.0287306;-1.60447,1.27873,-1.54153
-0.402225,-0.185838,0.0285746;-1.57034,1.14353,-1.5709
-0.402362,-0.186088,0.0286371;-1.56367,1.16852,-1.57742
-0.402823,-0.186093,0.0285981;-1.57257,1.20855,-1.57012
-0.417027,-0.186927,0.0392031;-2.08614,1.45796,-1.07695
-0.424588,-0.188166,0.042632;-1.46705,1.47349,-1.67766
-0.431077,-0.190577,0.032163;-1.15173,1.39446,-1.98301
-0.427068,-0.189701,0.0285791;-1.57054,1.28498,-1.57094
-0.427135,-0.189763,0.0286198;-1.56403,1.28102,-1.57735
-0.427295,-0.19017,0.0285793;-1.56981,1.3242,-1.57152
-0.438083,-0.188331,0.0334429;-2.79064,1.49111,-0.367744
-0.447509,-0.189837,0.0427791;1.50941,1.49119,1.62151
-0.457377,-0.190372,0.039743;0.297273,1.45777,2.85237
-0.456233,-0.189809,0.0285725;-1.57349,1.49521,-1.56798
-0.455792,-0.189699,0.0285803;-1.57048,1.4522,-1.57107
-0.455986,-0.189717,0.0287128;-1.51307,1.47249,-1.629
-0.459359,-0.187587,0.0295458;1.9573,1.51429,1.17704
-0.468786,-0.185329,0.0378668;1.93882,1.36059,1.1879
-0.477498,-0.184615,0.0427387;1.485,1.35108,1.6531
-0.482757,-0.184797,0.0285821;1.56904,1.4744,1.57242
-0.482251,-0.18486,0.0285767;1.58579,1.53199,1.55603
-0.482293,-0.184872,0.02863;1.41305,1.54603,1.72861
-0.483575,-0.184138,0.0285929;1.57599,1.42245,1.5657
-0.491329,-0.180601,0.0329967;1.82405,1.28181,1.31576
-0.502156,-0.178552,0.0437375;1.53606,1.17558,1.59607
-0.508077,-0.176727,0.0289405;1.62732,1.3092,1.51153
-0.507354,-0.177017,0.0285794;1.57089,1.38297,1.57063
-0.507137,-0.177058,0.0285796;1.57088,1.4259,1.57073
-0.508087,-0.176804,0.0285861;1.57399,1.31779,1.5676
-0.512206,-0.173374,0.0313175;1.70133,1.19678,1.43988
-0.520945,-0.170041,0.041701;1.62689,1.06444,1.50644
-0.529154,-0.1679,0.0285695;1.59171,1.18089,1.54916
-0.528275,-0.168337,0.0285332;1.57719,1.25655,1.56565
-0.528061,-0.168312,0.028576;1.57062,1.29506,1.57078
-0.52915,-0.167898,0.0286516;1.57001,1.19176,1.56758
-0.531932,-0.164592,0.0309389;1.66346,1.08619,1.47983
-0.539282,-0.159688,0.0402297;1.69127,0.937958,1.45095
-0.550047,-0.152867,0.0315307;1.451,1.02882,1.67787
-0.548726,-0.153901,0.0285535;1.56933,1.0874,1.57216
-0.548299,-0.154138,0.0285797;1.57187,1.12079,1.5702
-0.548467,-0.154566,0.0285751;1.57107,1.06791,1.57048
-0.549205,-0.152951,0.0289279;1.58891,0.991091,1.54886
-0.553361,-0.147597,0.0348517;1.68369,0.860603,1.46879
-0.564122,-0.13868,0.0389394;1.46757,0.828049,1.65605
-0.564749,-0.138513,0.0286024;1.58649,0.884702,1.55833
-0.564701,-0.138733,0.0285732;1.57103,0.928934,1.5709
-0.565594,-0.138964,0.0285807;1.57067,0.895582,1.57084
-0.565955,-0.138669,0.0286155;1.57087,0.851338,1.56909
-0.565962,-0.135912,0.0301883;1.61208,0.759548,1.53429
-0.574891,-0.122196,0.0428537;1.57053,0.603656,1.57262
-0.580765,-0.117331,0.0328947;1.45702,0.659896,1.64571
-0.578997,-0.119387,0.0285242;1.56916,0.722249,1.57148
-0.578938,-0.119465,0.0286221;1.56793,0.75996,1.57271
-0.579076,-0.119553,0.0285788;1.5708,0.726987,1.57069
-0.578805,-0.117958,0.0287436;1.57921,0.653664,1.56414
-0.586915,-0.10415,0.0433829;1.58456,0.414938,1.55634
-0.589185,-0.0992515,0.0387068;1.54579,0.473288,1.57656
-0.58932,-0.100562,0.0285655;1.56833,0.561064,1.56733
-0.588763,-0.101012,0.028576;1.57076,0.644218,1.5706
-0.589233,-0.101038,0.0285994;1.5697,0.599233,1.57129
-0.589031,-0.100518,0.0285769;1.57071,0.549102,1.57102
-0.591649,-0.0893465,0.0413894;1.65043,0.309661,1.52796
-0.594163,-0.0830838,0.0411683;1.59316,0.364069,1.55572
-0.594807,-0.0820814,0.0286743;1.57111,0.455122,1.56583
-0.594515,-0.0832889,0.0285796;1.57079,0.560924,1.57093
-0.595219,-0.0832461,0.0286791;1.56525,0.50776,1.57342
-0.595108,-0.0825327,0.0286103;1.57081,0.451845,1.56947
-0.595108,-0.0825327,0.0286103;1.57081,0.451845,1.56947
-0.593907,-0.079139,0.0315419;1.62781,0.35467,1.54257
-0.593907,-0.079139,0.0315419;1.62781,0.35467,1.54257
