-0.125,0.125,0.06;-1.57,-2.98023e-08,-1.57
-0.125,0.125,0.06;-1.57,-2.98023e-08,-1.57
-0.125,0.125,0.06;-1.57,-2.98023e-08,-1.57
-0.124962,0.129749,0.0285889;-1.57019,-0.214557,-1.57051
-0.125268,0.12775,0.0286527;-1.57075,-0.122006,-1.5742
-0.126955,0.119277,0.0301618;-1.57393,0.00817478,-1.59218
-0.126817,0.100549,0.0361621;-1.43988,0.0427877,-1.58774
-0.129032,0.116052,0.0285383;-1.56947,-0.162596,-1.57042
-0.129693,0.116643,0.0287985;-1.56156,-0.227894,-1.57006
-0.129957,0.116542,0.028758;-1.56398,-0.231205,-1.57113
-0.129085,0.113776,0.0285868;-1.57126,-0.0668206,-1.57256
-0.13255,0.105013,0.0298887;-1.58124,0.0563168,-1.58871
-0.132491,0.0809826,0.0356703;-1.4805,0.136913,-1.60522
-0.134618,0.0757486,0.0325739;-1.50308,0.0278427,-1.58373
-0.134799,0.0840034,0.0286587;-1.57079,-0.0694154,-1.57448
-0.134425,0.0855999,0.0287054;-1.56411,-0.159916,-1.56977
-0.134426,0.0847001,0.0285819;-1.57092,-0.0945921,-1.57101
-0.136865,0.0796331,0.029417;-1.58252,0.0162377,-1.5845
-0.137591,0.0598315,0.0338049;-1.52996,0.11285,-1.60816
-0.137525,0.0439713,0.0381728;-1.38831,0.114049,-1.59638
-0.140932,0.0537683,0.0340162;-1.472,0.0221432,-1.58012
-0.141839,0.0648299,0.0284911;-1.57019,-0.096835,-1.5703
-0.141531,0.0658538,0.028581;-1.57075,-0.148015,-1.57081
-0.142782,0.063468,0.0286573;-1.5716,-0.0351187,-1.57355
-0.146505,0.0536769,0.0301546;-1.58104,0.0938826,-1.59125
-0.148623,0.0334592,0.0334876;-1.50023,0.13179,-1.59855
-0.15125,0.036762,0.0317278;-1.51039,0.0503853,-1.57937
-0.151094,0.0443787,0.0288178;-1.56085,-0.11054,-1.5711
-0.15112,0.0438058,0.0288294;-1.56139,-0.0923414,-1.57248
-0.150468,0.0429789,0.0285777;-1.57107,-0.0221048,-1.5711
-0.157669,0.023171,0.0317621;-1.57348,0.220284,-1.60455
-0.160057,-0.000492902,0.0381867;-1.40717,0.247018,-1.62049
-0.162648,-0.00521246,0.0378269;-1.3914,0.192142,-1.60954
-0.161326,0.0118716,0.0285891;-1.5709,0.00546661,-1.57017
-0.161896,0.0123436,0.028767;-1.56288,-0.0358208,-1.57149
-0.161068,0.0107233,0.0287722;-1.56283,0.0359868,-1.57232
-0.167365,0.00146693,0.0299104;-1.58324,0.269508,-1.5857
-0.172545,-0.0214594,0.0348785;-1.51088,0.347304,-1.62425
-0.177996,-0.0395466,0.0387566;-1.36405,0.315335,-1.63889
-0.177549,-0.0196051,0.0285143;-1.5698,0.125325,-1.57012
-0.177653,-0.0184026,0.0288174;-1.56035,0.0492095,-1.57249
-0.17797,-0.0183101,0.0288303;-1.56016,0.0379818,-1.57249
-0.179896,-0.0225499,0.0287236;-1.57065,0.256034,-1.57793
-0.186583,-0.037238,0.0316793;-1.58,0.367786,-1.60143
-0.192092,-0.0619343,0.0382648;-1.39381,0.402555,-1.64896
-0.19423,-0.0482909,0.0287893;-1.57733,0.201027,-1.57839
-0.192934,-0.0466599,0.028578;-1.57095,0.10736,-1.57029
-0.193608,-0.0459184,0.0288126;-1.5609,0.054312,-1.57251
-0.194166,-0.0504898,0.0286482;-1.57042,0.274717,-1.5743
-0.201022,-0.0619626,0.0306422;-1.58246,0.392513,-1.59269
-0.207264,-0.0870474,0.0373579;-1.43072,0.456751,-1.65182
-0.211366,-0.0828034,0.0287109;-1.57681,0.291001,-1.58014
-0.209994,-0.0812412,0.0285748;-1.57105,0.215686,-1.57064
-0.210493,-0.0807607,0.0288165;-1.5602,0.169271,-1.57335
-0.210594,-0.0837558,0.0286795;-1.57098,0.348859,-1.57538
-0.216735,-0.0926464,0.0306327;-1.57764,0.454627,-1.59498
-0.224246,-0.116163,0.0372976;-1.40557,0.529663,-1.66641
-0.227879,-0.120848,0.0290779;-1.55312,0.463427,-1.58328
-0.226207,-0.11844,0.02856;-1.57026,0.379701,-1.57018
-0.226493,-0.118277,0.0286612;-1.56662,0.319868,-1.57219
-0.226953,-0.119533,0.0286289;-1.5707,0.404322,-1.5732
-0.231113,-0.123699,0.0297775;-1.57739,0.506085,-1.58693
-0.240121,-0.141335,0.0347899;-1.46796,0.598399,-1.65161
-0.245525,-0.150195,0.0349616;-1.41862,0.572235,-1.65357
-0.243665,-0.139748,0.028588;-1.57335,0.491616,-1.57197
-0.241447,-0.137917,0.0285881;-1.57052,0.404895,-1.56977
-0.241359,-0.137805,0.0285796;-1.57083,0.394942,-1.57083
-0.243317,-0.139267,0.0286855;-1.57023,0.48862,-1.57632
-0.249156,-0.146478,0.030428;-1.55803,0.600246,-1.60012
-0.25737,-0.166015,0.0392685;-1.30786,0.645688,-1.72322
-0.258534,-0.162453,0.0362324;-1.3867,0.592173,-1.67222
-0.253491,-0.149795,0.0286021;-1.57116,0.48676,-1.57316
-0.253071,-0.149638,0.0287202;-1.56359,0.408123,-1.57389
-0.252858,-0.150018,0.0285755;-1.57042,0.492846,-1.57124
-0.256555,-0.152335,0.028973;-1.57933,0.608652,-1.57628
-0.274562,-0.183717,0.0407388;-1.24882,0.743898,-1.77916
-0.279774,-0.185175,0.0386816;-1.3107,0.661021,-1.73017
-0.275421,-0.169416,0.0287869;-1.56757,0.579248,-1.57953
-0.273751,-0.16733,0.0286741;-1.56573,0.465947,-1.57307
-0.273461,-0.168489,0.0285787;-1.57097,0.566559,-1.57077
-0.276616,-0.170129,0.0287761;-1.57366,0.674673,-1.57645
-0.295333,-0.196955,0.0398851;-1.24925,0.828922,-1.79974
-0.301545,-0.201345,0.0375985;-1.31785,0.759405,-1.74496
-0.297079,-0.190012,0.0287923;-1.56776,0.705933,-1.5804
-0.293999,-0.187478,0.0286209;-1.56852,0.551956,-1.57199
-0.293775,-0.188231,0.0285606;-1.57058,0.637376,-1.5713
-0.296279,-0.189537,0.0287614;-1.57106,0.725149,-1.57895
-0.315229,-0.21563,0.0395986;-1.23877,0.88186,-1.8211
-0.321748,-0.221569,0.0371487;-1.31455,0.82539,-1.75933
-0.317006,-0.211116,0.0293791;-1.53888,0.771914,-1.59653
-0.313642,-0.207506,0.0286205;-1.56834,0.611504,-1.57219
-0.313787,-0.208172,0.0285792;-1.57109,0.683811,-1.57071
-0.314926,-0.208858,0.0287028;-1.57077,0.726987,-1.5766
-0.334956,-0.228626,0.0365941;-1.31252,0.908589,-1.77788
-0.342027,-0.234696,0.0375929;-1.29393,0.854579,-1.77828
-0.339514,-0.231087,0.0335634;-1.41785,0.850289,-1.68598
-0.333674,-0.222568,0.0285549;-1.56775,0.691494,-1.57264
-0.334214,-0.222614,0.0288236;-1.55705,0.688677,-1.58052
-0.334254,-0.22321,0.0285833;-1.57092,0.7518,-1.57094
-0.338022,-0.226712,0.0290936;-1.57339,0.86393,-1.58156
-0.352711,-0.245461,0.0391492;-1.19604,0.962689,-1.87711
-0.353087,-0.243494,0.0357589;-1.32765,0.933904,-1.76543
-0.347715,-0.236829,0.0285504;-1.56691,0.853607,-1.57583
-0.347213,-0.236392,0.0286325;-1.56712,0.749803,-1.5732
-0.346679,-0.237284,0.0285786;-1.57082,0.83306,-1.571
-0.348237,-0.238889,0.0286902;-1.57063,0.946173,-1.57607
-0.366758,-0.257514,0.0396907;-1.06804,1.10894,-2.01727
-0.370964,-0.257009,0.0369901;-1.21395,1.0661,-1.88514
-0.364771,-0.248634,0.0288061;-1.58428,0.999513,-1.56684
-0.364138,-0.248027,0.0286554;-1.56541,0.814178,-1.57455
-0.362468,-0.248261,0.0286051;-1.57094,0.889833,-1.56912
-0.363247,-0.248795,0.0285784;-1.57156,0.986347,-1.56997
-0.379957,-0.265533,0.0391212;-1.03025,1.17815,-2.0633
-0.385365,-0.267076,0.0367256;-1.17846,1.13669,-1.92456
-0.381619,-0.260155,0.0285872;-1.56912,1.07846,-1.57191
-0.382668,-0.260747,0.0286627;-1.56589,0.868022,-1.57281
-0.3825,-0.26095,0.0286598;-1.56646,0.893469,-1.57282
-0.382255,-0.260903,0.0285875;-1.57165,0.96541,-1.56911
-0.40134,-0.275562,0.0377589;-1.09503,1.18476,-2.00961
-0.406352,-0.278502,0.0393291;-1.04843,1.16142,-2.04151
-0.407187,-0.275297,0.0331937;-1.35015,1.13403,-1.76713
-0.405835,-0.272354,0.0286514;-1.57097,0.975327,-1.56716
-0.406201,-0.272456,0.028706;-1.56226,0.963597,-1.57655
-0.405136,-0.272695,0.0285947;-1.57046,1.03291,-1.57035
-0.419259,-0.278289,0.0316034;-1.42525,1.24726,-1.72116
-0.427327,-0.287998,0.0415205;-0.749113,1.25409,-2.34295
-0.429529,-0.286352,0.037382;-1.01357,1.24946,-2.09455
-0.426201,-0.281275,0.028655;-1.57147,1.13465,-1.56667
-0.426847,-0.280992,0.028659;-1.57151,1.06622,-1.56608
-0.427034,-0.281162,0.0287608;-1.55568,1.08837,-1.58239
-0.430357,-0.28151,0.0293059;-1.62792,1.27727,-1.52231
-0.447375,-0.290007,0.0369553;-0.798781,1.34498,-2.32236
-0.451681,-0.292751,0.040271;-0.63251,1.3107,-2.4716
-0.448799,-0.2854,0.0286891;-1.58574,1.25108,-1.5509
-0.449662,-0.285579,0.0287304;-1.56275,1.17039,-1.57421
-0.450145,-0.285493,0.0286792;-1.56676,1.15779,-1.57139
-0.449341,-0.285651,0.0287425;-1.5849,1.32501,-1.5515
-0.463569,-0.288554,0.0315608;-1.29747,1.43522,-1.85054
-0.474845,-0.296753,0.0418797;-0.112134,1.3363,-2.9976
-0.472636,-0.289039,0.0284427;-1.63351,1.39738,-1.50519
-0.472462,-0.289603,0.0287049;-1.57019,1.31533,-1.56509
-0.473282,-0.289059,0.0286739;-1.57143,1.25785,-1.56561
-0.472116,-0.289234,0.0287992;-1.57565,1.34501,-1.55624
-0.475262,-0.288176,0.0314656;-1.96605,1.44121,-1.18537
-0.485025,-0.290307,0.039664;-2.20524,1.5443,-0.959959
-0.494639,-0.288507,0.0285975;-1.58724,1.42047,-1.55425
-0.495373,-0.289407,0.0287328;-1.57148,1.35037,-1.56298
-0.497547,-0.288431,0.0286821;-1.56714,1.26053,-1.57017
-0.496715,-0.288082,0.0288428;-1.58163,1.31522,-1.54987
-0.499806,-0.286131,0.032004;-1.93276,1.40634,-1.21638
-0.508861,-0.287148,0.0390158;-2.80215,1.48658,-0.36713
-0.52238,-0.284301,0.0295747;-1.56538,1.4499,-1.56278
-0.523427,-0.285341,0.02887;-1.58266,1.36558,-1.54676
-0.525008,-0.284696,0.0287301;-1.56554,1.30315,-1.56998
-0.524643,-0.284878,0.0288641;-1.57217,1.31865,-1.55565
-0.524048,-0.28329,0.0301374;-1.68266,1.37336,-1.44802
-0.527463,-0.281903,0.0369255;-2.63227,1.41692,-0.517526
-0.54673,-0.279253,0.0393719;-1.80342,1.55256,-1.32237
-0.547568,-0.277461,0.0289329;-1.60939,1.46365,-1.51937
-0.548642,-0.278359,0.0287674;-1.58177,1.40293,-1.55277
-0.549431,-0.277747,0.0287287;-1.57119,1.38297,-1.56319
-0.548596,-0.277387,0.0290437;-1.59211,1.41116,-1.53283
-0.548518,-0.275095,0.0334968;-2.28154,1.46403,-0.848672
-0.568926,-0.270992,0.0431367;1.97195,1.46582,1.17809
-0.573479,-0.269111,0.0335893;2.50839,1.55792,0.651023
-0.574128,-0.269733,0.0288856;-1.5862,1.48996,-1.54171
-0.576094,-0.269022,0.0287604;-1.55305,1.42584,-1.5823
-0.575536,-0.269194,0.0288537;-1.57301,1.44852,-1.55533
-0.574765,-0.267875,0.0298298;-1.76392,1.49034,-1.36371
-0.593858,-0.263205,0.0427414;1.81477,1.41116,1.3202
-0.599678,-0.260735,0.0396558;1.43757,1.46899,1.70748
-0.600328,-0.258881,0.028735;1.71229,1.56653,1.43684
-0.602458,-0.258842,0.0286829;-1.56504,1.42467,-1.57248
-0.601547,-0.259595,0.0287349;-1.57045,1.47696,-1.56386
-0.600468,-0.259199,0.0290693;-1.6817,1.51809,-1.44513
-0.614959,-0.252977,0.0397008;1.96719,1.37195,1.1587
-0.623509,-0.250941,0.0398702;1.60355,1.44616,1.53341
-0.62525,-0.249202,0.0286555;1.64689,1.53418,1.49557
-0.628534,-0.248415,0.0287304;-1.54528,1.42976,-1.59246
-0.628549,-0.248447,0.0287164;-1.57162,1.45023,-1.56345
-0.627935,-0.248146,0.0289212;-1.63895,1.48398,-1.49239
-0.627935,-0.248146,0.0289212;-1.63895,1.48398,-1.49239
-0.628839,-0.245914,0.0325536;3.12779,1.50522,0.0130372
-0.628839,-0.245914,0.0325536;3.12779,1.50522,0.0130372
