-0.125,0.125,0.06;-1.57,-2.98023e-08,-1.57
-0.125,0.125,0.06;-1.57,-2.98023e-08,-1.57
-0.125,0.125,0.06;-1.57,-2.98023e-08,-1.57
-0.124979,0.12987,0.0285461;-1.57097,-0.215081,-1.57052
-0.125108,0.129363,0.0285346;-1.57321,-0.133876,-1.57013
-0.127344,0.123186,0.0310747;-1.61347,-0.00738461,-1.57445
-0.127264,0.103051,0.0368629;-1.44975,0.0531403,-1.56644
-0.128795,0.111457,0.0285505;-1.5711,-0.166121,-1.56939
-0.129494,0.111546,0.0288194;-1.56084,-0.228712,-1.57017
-0.129602,0.111582,0.0286546;-1.56903,-0.2278,-1.57232
-0.128327,0.109018,0.0285772;-1.57281,-0.0633757,-1.57063
-0.131204,0.102989,0.0305036;-1.60923,0.0647431,-1.57443
-0.13277,0.0880782,0.0391859;-1.63719,0.18475,-1.57695
-0.135653,0.0847728,0.032239;-1.59255,0.0567133,-1.55785
-0.134212,0.0882664,0.0286362;-1.56875,-0.0487438,-1.5659
-0.134037,0.086428,0.0287143;-1.56202,-0.172063,-1.56923
-0.134183,0.0849957,0.0285941;-1.5709,-0.0959087,-1.57162
-0.136403,0.0788911,0.0294298;-1.57868,0.0163379,-1.58474
-0.136851,0.0606132,0.0337995;-1.52366,0.130587,-1.59894
-0.138935,0.047467,0.0389877;-1.40854,0.139186,-1.5697
-0.141345,0.05273,0.0338828;-1.47616,0.021546,-1.57076
-0.141749,0.0594333,0.0285526;-1.56849,-0.0963976,-1.56949
-0.141785,0.0597144,0.0285811;-1.57075,-0.16056,-1.57078
-0.142827,0.0574397,0.0286074;-1.57073,-0.0640067,-1.57237
-0.145324,0.0488212,0.0302961;-1.59941,0.0693652,-1.58022
-0.146873,0.0323985,0.0350385;-1.4903,0.13879,-1.58285
-0.151436,0.0313705,0.032037;-1.52344,0.0498337,-1.55909
-0.151419,0.0339783,0.0288116;-1.55953,-0.130148,-1.56916
-0.151238,0.0336019,0.0288587;-1.56005,-0.114591,-1.57227
-0.151019,0.033231,0.0285557;-1.56941,-0.0501144,-1.57103
-0.156395,0.0143612,0.0323691;-1.58235,0.194197,-1.59028
-0.156564,-0.00307417,0.0393513;-1.37854,0.269189,-1.60709
-0.162041,-0.00467615,0.0379561;-1.421,0.19527,-1.57938
-0.163331,0.0108583,0.0287034;-1.57091,-0.0265083,-1.56489
-0.164295,0.00957535,0.0287365;-1.56303,-0.0836689,-1.57027
-0.163678,0.00906081,0.02875;-1.56352,-0.0341263,-1.57142
-0.169131,-0.000137282,0.0297072;-1.58483,0.195531,-1.58257
-0.1715,-0.0205091,0.0354755;-1.49919,0.304091,-1.60811
-0.174899,-0.0333752,0.0400037;-1.37196,0.295978,-1.61072
-0.181149,-0.0152435,0.028964;-1.57514,0.0916254,-1.55474
-0.180288,-0.0162119,0.0288431;-1.56732,0.00326941,-1.56506
-0.180768,-0.0172453,0.0288011;-1.56019,-0.0233238,-1.57048
-0.182253,-0.0205671,0.0288801;-1.58115,0.174921,-1.57713
-0.187195,-0.0355206,0.0313801;-1.56504,0.286163,-1.59908
-0.188642,-0.057053,0.0396161;-1.36843,0.351307,-1.63173
-0.197332,-0.0419908,0.0291879;-1.57695,0.160407,-1.55449
-0.195139,-0.0405864,0.0287275;-1.57052,0.0440922,-1.56358
-0.196171,-0.0415654,0.0287227;-1.56514,-0.0163846,-1.56942
-0.196483,-0.044741,0.0286514;-1.57078,0.177496,-1.57402
-0.200947,-0.0557714,0.0303863;-1.57636,0.293426,-1.59068
-0.202902,-0.0766746,0.0368251;-1.40603,0.392782,-1.63461
-0.211405,-0.0652851,0.0296357;-1.59437,0.198334,-1.55469
-0.209376,-0.0640263,0.0288896;-1.57527,0.0960716,-1.55955
-0.210193,-0.0653115,0.0287555;-1.57222,0.032249,-1.56345
-0.209895,-0.0651229,0.0285794;-1.57102,0.13525,-1.57078
-0.213677,-0.0736762,0.0305318;-1.56458,0.257516,-1.59879
-0.215806,-0.0955779,0.0364988;-1.44728,0.333384,-1.63034
-0.221785,-0.0953339,0.02874;-1.58373,0.176003,-1.56951
-0.220304,-0.0962055,0.0289115;-1.5741,0.0703019,-1.55774
-0.221216,-0.0977162,0.0290881;-1.57315,-0.0033902,-1.56072
-0.221151,-0.097709,0.028833;-1.57152,0.017778,-1.55841
-0.224594,-0.100522,0.0297241;-1.59583,0.129925,-1.57495
-0.229184,-0.120847,0.0337785;-1.52744,0.241767,-1.61547
-0.232782,-0.134189,0.0344834;-1.46742,0.20245,-1.59095
-0.236088,-0.128678,0.0288487;-1.5836,0.107998,-1.5578
-0.235472,-0.129367,0.0289167;-1.57539,0.029949,-1.55872
-0.235109,-0.131389,0.0287348;-1.5709,-0.0115005,-1.56333
-0.235916,-0.130184,0.028597;-1.57187,0.083588,-1.57013
-0.24163,-0.139983,0.030628;-1.58112,0.22565,-1.59427
-0.245675,-0.169448,0.0390008;-1.36853,0.320815,-1.6352
-0.249672,-0.16748,0.0349053;-1.454,0.237815,-1.59811
-0.251452,-0.158426,0.0289499;-1.57953,0.12213,-1.55658
-0.251861,-0.159555,0.0287809;-1.57088,0.0242084,-1.56341
-0.251734,-0.15937,0.0288751;-1.57109,0.0687556,-1.55636
-0.254164,-0.159635,0.0290178;-1.58939,0.175845,-1.56793
-0.261911,-0.20187,0.039759;-1.3635,0.361132,-1.64621
-0.266311,-0.209005,0.0386884;-1.36895,0.259752,-1.6304
-0.269722,-0.193627,0.0288201;-1.58288,0.117499,-1.5704
-0.268855,-0.193888,0.0289398;-1.57193,-0.0594743,-1.56116
-0.268905,-0.193781,0.0287304;-1.5711,-0.0193237,-1.56117
-0.270464,-0.193063,0.0289442;-1.58408,0.0696447,-1.56353
-0.274689,-0.23026,0.0385029;-1.40256,0.277985,-1.62537
-0.27799,-0.240477,0.0386222;-1.37552,0.169041,-1.61209
-0.282984,-0.225868,0.0287772;-1.58875,0.0378249,-1.57666
-0.282545,-0.227531,0.0289307;-1.57188,-0.152816,-1.56221
-0.28253,-0.227419,0.0287822;-1.57095,-0.119132,-1.56107
-0.283737,-0.22663,0.029416;-1.58604,-0.0484706,-1.56072
-0.285918,-0.256059,0.0377457;-1.47251,0.160776,-1.6144
-0.287136,-0.268197,0.0383232;-1.38341,0.114264,-1.60101
-0.289822,-0.254898,0.0287676;-1.57595,0.0265619,-1.57721
-0.289476,-0.255099,0.0287453;-1.56839,-0.1424,-1.56494
-0.289732,-0.254099,0.0288807;-1.57177,-0.105557,-1.55719
-0.290798,-0.252699,0.0301723;-1.58123,-0.0738195,-1.5439
-0.294202,-0.271263,0.0388261;-1.66193,0.149035,-1.58857
-0.294716,-0.288869,0.0355225;-1.41871,0.11167,-1.59722
-0.29489,-0.287076,0.0328087;-1.49439,0.103719,-1.58586
-0.295266,-0.278643,0.0287088;-1.56783,-0.0916028,-1.56671
-0.296658,-0.278777,0.029145;-1.56753,-0.0854267,-1.56104
-0.296866,-0.277458,0.0289416;-1.57273,-0.0505649,-1.55474
-0.300181,-0.279831,0.0302102;-1.59827,0.0586655,-1.56598
-0.304075,-0.317795,0.0388594;-1.37963,0.227808,-1.61436
-0.306998,-0.318494,0.0365245;-1.41941,0.148314,-1.59782
-0.307862,-0.30467,0.0285458;-1.57005,0.0369369,-1.57492
-0.307704,-0.303733,0.0286947;-1.5685,-0.0480356,-1.56747
-0.307322,-0.302746,0.0288284;-1.57108,0.0349064,-1.55895
-0.308916,-0.301714,0.0300022;-1.58747,0.106631,-1.54927
-0.315051,-0.332929,0.0378749;-1.46516,0.324217,-1.62104
-0.317999,-0.344179,0.037962;-1.38739,0.276549,-1.62654
-0.318383,-0.329193,0.02879;-1.58403,0.16844,-1.5773
-0.317625,-0.327133,0.0287394;-1.56314,0.050115,-1.57107
-0.316001,-0.32577,0.0287266;-1.57132,0.147055,-1.56327
-0.317966,-0.323937,0.0298042;-1.59107,0.240142,-1.54306
-0.32899,-0.347023,0.0386514;-1.57788,0.455704,-1.59856
-0.334575,-0.365182,0.037641;-1.37548,0.42012,-1.65386
-0.333295,-0.354132,0.028325;-1.59027,0.336968,-1.57095
-0.331958,-0.352092,0.028697;-1.56516,0.209036,-1.57174
-0.331201,-0.351896,0.0287557;-1.56576,0.257518,-1.56852
-0.331588,-0.350459,0.0291747;-1.57402,0.319104,-1.55101
-0.342065,-0.364886,0.0396613;-1.68556,0.54408,-1.5382
-0.349714,-0.381468,0.0387385;-1.43543,0.552771,-1.64716
-0.350903,-0.38345,0.0332794;-1.46678,0.520168,-1.6265
-0.346939,-0.375224,0.0286412;-1.56755,0.34957,-1.57199
-0.346957,-0.375388,0.0287192;-1.56375,0.352622,-1.57311
-0.346033,-0.374844,0.0287152;-1.57101,0.402044,-1.56409
-0.35567,-0.380553,0.0379115;-1.7609,0.619002,-1.46147
-0.360985,-0.39108,0.0428059;-1.6042,0.716778,-1.56637
-0.370132,-0.40684,0.0367078;-1.35536,0.685775,-1.70306
-0.363884,-0.395284,0.0285787;-1.57085,0.491493,-1.57031
-0.364595,-0.394607,0.0286358;-1.56783,0.431754,-1.57159
-0.36455,-0.395179,0.0288012;-1.55891,0.467117,-1.576
-0.370722,-0.395719,0.0334166;-1.66442,0.682943,-1.4987
-0.379445,-0.406171,0.0397683;-1.70193,0.79626,-1.49865
-0.390297,-0.42193,0.0384002;-1.36454,0.817914,-1.71822
-0.386639,-0.412302,0.028575;-1.56846,0.633361,-1.57391
-0.385569,-0.411486,0.0286761;-1.56465,0.550501,-1.57406
-0.385819,-0.411142,0.028725;-1.56284,0.532589,-1.57496
-0.38661,-0.409934,0.0299479;-1.59698,0.722431,-1.53726
-0.39618,-0.414872,0.0376185;-1.80155,0.840221,-1.40027
-0.404247,-0.424449,0.0432723;-1.63603,0.938271,-1.53544
-0.412072,-0.42985,0.0286589;-1.5897,0.787359,-1.56384
-0.409469,-0.429072,0.0285836;-1.57293,0.679151,-1.5671
-0.410101,-0.428304,0.0286188;-1.56851,0.623609,-1.57211
-0.409671,-0.428249,0.0287792;-1.57414,0.784649,-1.56029
-0.416634,-0.429575,0.0339902;-1.72231,0.898071,-1.45499
-0.425586,-0.43539,0.0427382;-1.7807,1.01686,-1.41505
-0.431318,-0.444897,0.0286469;-1.57516,0.876898,-1.56889
-0.43023,-0.444287,0.0285941;-1.57101,0.766199,-1.56931
-0.430929,-0.443835,0.0285802;-1.57057,0.710247,-1.57111
-0.431087,-0.444114,0.028605;-1.57054,0.815205,-1.56949
-0.434606,-0.443773,0.0324982;-1.67927,0.924007,-1.48454
-0.442824,-0.447691,0.0417419;-1.82462,1.04927,-1.37176
-0.456047,-0.458421,0.0300498;-1.51726,0.973195,-1.61368
-0.4543,-0.457473,0.0284276;-1.58006,0.871253,-1.56321
-0.454897,-0.457364,0.0285957;-1.56974,0.802098,-1.57154
-0.454939,-0.457569,0.0285772;-1.57132,0.849152,-1.57066
-0.458015,-0.457543,0.0288598;-1.59047,0.955265,-1.55744
-0.46797,-0.461996,0.0356628;-1.76509,1.07997,-1.41529
-0.489467,-0.473997,0.0372089;-1.27572,1.11008,-1.81325
-0.487251,-0.47025,0.0286578;-1.601,1.01208,-1.54284
-0.487333,-0.470707,0.0286413;-1.56996,0.906172,-1.56893
-0.487806,-0.470591,0.0286069;-1.56871,0.900243,-1.57245
-0.489668,-0.471035,0.0285843;-1.5709,0.986144,-1.57091
-0.497224,-0.472316,0.0305292;-1.65338,1.10992,-1.50486
-0.525507,-0.485887,0.0401421;-1.17678,1.22385,-1.91486
-0.529461,-0.484468,0.0339426;-1.3596,1.14912,-1.75367
-0.526988,-0.482733,0.0285849;-1.57103,1.04915,-1.57032
-0.527645,-0.482528,0.0286262;-1.56689,0.960932,-1.57403
-0.527824,-0.482972,0.0285747;-1.57136,1.01619,-1.57046
-0.530804,-0.482538,0.0287244;-1.58562,1.12362,-1.55827
-0.554504,-0.492218,0.0430922;-1.23458,1.33161,-1.88857
-0.567205,-0.495088,0.0373676;-1.07712,1.26764,-2.02423
-0.563612,-0.490795,0.0286917;-1.58628,1.19298,-1.55282
-0.565194,-0.491032,0.0286214;-1.56681,1.04595,-1.57419
-0.565275,-0.491522,0.0285726;-1.57345,1.09959,-1.56868
-0.567363,-0.491216,0.0286307;-1.57063,1.18125,-1.57323
-0.594661,-0.497862,0.0396851;-1.26881,1.39341,-1.88203
-0.61005,-0.499443,0.0377865;-1.01266,1.33469,-2.10003
-0.60744,-0.494413,0.0289261;-1.59625,1.27708,-1.53721
-0.610346,-0.495725,0.0286567;-1.56521,1.08322,-1.57457
-0.610441,-0.496055,0.0285842;-1.57028,1.11812,-1.5713
-0.611617,-0.495695,0.0287023;-1.57175,1.17332,-1.57537
-0.611617,-0.495695,0.0287023;-1.57175,1.17332,-1.57537
-0.621122,-0.4964,0.0305394;-1.59039,1.27929,-1.57707
-0.621122,-0.4964,0.0305394;-1.59039,1.27929,-1.57707
