-0.125,0.125,0.06;-1.57,-2.98023e-08,-1.57
-0.125,0.125,0.06;-1.57,-2.98023e-08,-1.57
-0.125,0.125,0.06;-1.57,-2.98023e-08,-1.57
-0.125052,0.129276,0.0285989;-1.56952,-0.219153,-1.57066
-0.125135,0.128846,0.0285808;-1.5709,-0.125392,-1.57086
-0.12693,0.120957,0.0298827;-1.58338,0.00465651,-1.58653
-0.125688,0.104963,0.035642;-1.44105,0.0603008,-1.58846
-0.128758,0.119329,0.0285536;-1.57092,-0.160476,-1.56982
-0.129519,0.119397,0.028851;-1.55836,-0.22664,-1.5687
-0.129613,0.119365,0.0287262;-1.56419,-0.224126,-1.56987
-0.128159,0.117919,0.028563;-1.57106,-0.0595285,-1.5696
-0.13133,0.110541,0.0297096;-1.5854,0.075638,-1.58355
-0.131762,0.0896619,0.0343793;-1.48936,0.168169,-1.6065
-0.135708,0.0898198,0.0312757;-1.52087,0.0502192,-1.58325
-0.136107,0.0960505,0.028588;-1.57101,-0.0589968,-1.57134
-0.136057,0.0968817,0.0287214;-1.5637,-0.156648,-1.57001
-0.136112,0.0960143,0.0285795;-1.5706,-0.0718495,-1.57088
-0.13831,0.0904686,0.0292996;-1.5784,0.049975,-1.58314
-0.138563,0.0728223,0.0330018;-1.51055,0.161573,-1.60683
-0.13889,0.0631931,0.038053;-1.38816,0.154584,-1.60557
-0.141965,0.0728275,0.0335762;-1.47257,0.064939,-1.58485
-0.142064,0.0827488,0.0285566;-1.57083,-0.0660296,-1.57069
-0.141952,0.0833252,0.0285817;-1.57076,-0.117169,-1.5707
-0.142901,0.0818318,0.028577;-1.57042,-0.0172395,-1.57124
-0.145856,0.0735857,0.0301137;-1.57419,0.116273,-1.59052
-0.146723,0.0601005,0.0341118;-1.47584,0.169459,-1.6
-0.149083,0.0685282,0.0304766;-1.53095,0.0802431,-1.57884
-0.148452,0.0749203,0.0288399;-1.55954,-0.112327,-1.57062
-0.148489,0.074487,0.0288975;-1.55805,-0.0936381,-1.57211
-0.147889,0.0739705,0.0285746;-1.57108,-0.0286111,-1.57081
-0.152762,0.0554689,0.031553;-1.54778,0.213849,-1.60582
-0.152376,0.0379522,0.0385891;-1.37507,0.261531,-1.62575
-0.155263,0.0379959,0.0377103;-1.39304,0.180388,-1.60913
-0.156033,0.057334,0.0285838;-1.56984,-0.0475951,-1.56917
-0.156919,0.0582016,0.0287739;-1.56239,-0.0945455,-1.57083
-0.155872,0.0562158,0.0287266;-1.56361,-0.0101779,-1.57055
-0.159647,0.0477653,0.0298452;-1.57289,0.207964,-1.58912
-0.161521,0.0289332,0.0348653;-1.479,0.318589,-1.62412
-0.164735,0.0165396,0.0391295;-1.36191,0.280891,-1.6332
-0.166014,0.0383214,0.0285343;-1.56957,0.0638999,-1.57083
-0.166192,0.0394514,0.0288397;-1.56033,-0.00858949,-1.57249
-0.166375,0.039184,0.0288086;-1.56176,-0.00493499,-1.57265
-0.168248,0.0345972,0.0288299;-1.57438,0.198123,-1.57924
-0.173435,0.0209697,0.0313734;-1.56193,0.321428,-1.60474
-0.175659,-0.00159489,0.0382689;-1.37794,0.365651,-1.64337
-0.179529,0.0152019,0.0287265;-1.57712,0.144611,-1.57909
-0.179225,0.0166949,0.0285786;-1.57091,0.0510307,-1.57041
-0.180033,0.0171521,0.028705;-1.56416,0.00148875,-1.57172
-0.180187,0.0132443,0.0286549;-1.57087,0.241813,-1.57424
-0.185828,0.00316646,0.0305923;-1.57876,0.362026,-1.59413
-0.191695,-0.0211044,0.036835;-1.42983,0.433022,-1.64496
-0.196196,-0.0139626,0.0288296;-1.57213,0.204601,-1.58091
-0.194936,-0.0119713,0.0285808;-1.5708,0.0975667,-1.57042
-0.195855,-0.011242,0.028825;-1.56051,0.0278104,-1.57245
-0.197149,-0.015253,0.0286751;-1.57082,0.239467,-1.57521
-0.203064,-0.0260502,0.0307082;-1.58312,0.355465,-1.59368
-0.207957,-0.050699,0.0370225;-1.43077,0.423888,-1.64445
-0.213085,-0.0440873,0.0287583;-1.58329,0.23069,-1.5741
-0.211262,-0.0408895,0.0285513;-1.57,0.147106,-1.57072
-0.2115,-0.0403274,0.028774;-1.56238,0.0845298,-1.57242
-0.212001,-0.0434729,0.0286227;-1.57073,0.231292,-1.57286
-0.21716,-0.0495156,0.0298714;-1.5842,0.34957,-1.58401
-0.223934,-0.0699667,0.0344885;-1.51278,0.434116,-1.62714
-0.228499,-0.0785218,0.0348594;-1.45704,0.361979,-1.62361
-0.227525,-0.0659891,0.0285905;-1.58375,0.268655,-1.57321
-0.225679,-0.0637767,0.0285829;-1.57096,0.175844,-1.57022
-0.225684,-0.0637675,0.0285795;-1.57067,0.170032,-1.57092
-0.228088,-0.0655532,0.0286218;-1.57016,0.276536,-1.57349
-0.234262,-0.0743383,0.0307249;-1.58302,0.397806,-1.593
-0.244248,-0.107213,0.0397254;-1.34134,0.436167,-1.66977
-0.245187,-0.10091,0.0362323;-1.41637,0.361114,-1.63182
-0.242272,-0.0858715,0.0286312;-1.57425,0.238252,-1.57293
-0.241719,-0.0848394,0.0287335;-1.56388,0.134588,-1.5729
-0.241426,-0.086067,0.0285754;-1.57121,0.226684,-1.57069
-0.245342,-0.0888717,0.029021;-1.58276,0.35408,-1.57679
-0.258072,-0.130355,0.0397115;-1.34739,0.49874,-1.68017
-0.263214,-0.136412,0.0392379;-1.34975,0.40827,-1.66596
-0.261675,-0.115923,0.0287556;-1.58393,0.290035,-1.57574
-0.260412,-0.113345,0.0287832;-1.56277,0.105667,-1.57328
-0.260093,-0.114549,0.0285644;-1.57116,0.195196,-1.57167
-0.262689,-0.117136,0.028756;-1.57321,0.313745,-1.57628
-0.274407,-0.155595,0.038787;-1.38898,0.479779,-1.66564
-0.280083,-0.165537,0.0386722;-1.36233,0.382355,-1.65701
-0.27964,-0.14624,0.0289024;-1.58529,0.258841,-1.57891
-0.278457,-0.143141,0.0288185;-1.56119,0.0833993,-1.57335
-0.277837,-0.144839,0.0285747;-1.57031,0.187338,-1.57166
-0.28089,-0.147927,0.0288973;-1.57717,0.31427,-1.57837
-0.293041,-0.185657,0.0385979;-1.39582,0.481725,-1.66434
-0.29878,-0.195988,0.0383701;-1.36856,0.384662,-1.65606
-0.298539,-0.176983,0.0287993;-1.57973,0.27079,-1.57761
-0.297167,-0.173369,0.0287946;-1.56182,0.108258,-1.57303
-0.296807,-0.174376,0.0285529;-1.5723,0.214137,-1.57095
-0.298184,-0.176151,0.0286513;-1.57081,0.271377,-1.57418
-0.309889,-0.206998,0.036278;-1.46516,0.457027,-1.64317
-0.315285,-0.218389,0.0386241;-1.36341,0.379395,-1.65278
-0.313669,-0.210943,0.0329877;-1.49366,0.358509,-1.60982
-0.31033,-0.200017,0.0286577;-1.5672,0.165725,-1.57147
-0.310718,-0.200771,0.0288735;-1.5598,0.176905,-1.57595
-0.311031,-0.201251,0.0285644;-1.57014,0.245688,-1.5708
-0.315805,-0.205079,0.029218;-1.58307,0.382271,-1.57749
-0.331114,-0.243974,0.0391027;-1.34656,0.486539,-1.67738
-0.333035,-0.240109,0.0369441;-1.39868,0.406636,-1.64402
-0.329463,-0.224884,0.028622;-1.57073,0.284584,-1.57456
-0.329025,-0.222824,0.0287022;-1.56577,0.16502,-1.57251
-0.328459,-0.224959,0.0285673;-1.57101,0.264346,-1.57048
-0.331093,-0.226922,0.0287664;-1.5737,0.374141,-1.57632
-0.346957,-0.265196,0.0385145;-1.386,0.533874,-1.67566
-0.352141,-0.272147,0.0384955;-1.36044,0.447843,-1.66997
-0.349257,-0.253373,0.0289503;-1.58518,0.33071,-1.57618
-0.34824,-0.251147,0.0288205;-1.56073,0.157251,-1.57393
-0.347692,-0.253095,0.0285746;-1.57153,0.262323,-1.57024
-0.350006,-0.255445,0.0286966;-1.57141,0.380304,-1.57554
-0.36562,-0.290429,0.0376014;-1.41184,0.552443,-1.66958
-0.372327,-0.300762,0.0384299;-1.35823,0.461592,-1.67075
-0.370192,-0.282586,0.0285571;-1.5859,0.348465,-1.57127
-0.368642,-0.279355,0.0288164;-1.56039,0.190968,-1.5738
-0.368394,-0.280905,0.0286733;-1.56607,0.2566,-1.57206
-0.370219,-0.282264,0.0286026;-1.57071,0.352903,-1.57193
-0.38622,-0.309944,0.0357594;-1.46945,0.555971,-1.65064
-0.394167,-0.325355,0.0392432;-1.33623,0.512714,-1.68991
-0.393436,-0.315652,0.0338414;-1.4614,0.438256,-1.62356
-0.388894,-0.303656,0.0287969;-1.56097,0.249533,-1.57445
-0.389117,-0.303744,0.0287986;-1.5619,0.24695,-1.57482
-0.388927,-0.304662,0.0285383;-1.56993,0.327782,-1.5713
-0.402935,-0.320372,0.0314965;-1.57577,0.566548,-1.60084
-0.412373,-0.344666,0.0385812;-1.35561,0.601231,-1.69782
-0.417386,-0.349549,0.0387196;-1.34466,0.532422,-1.69042
-0.411425,-0.329662,0.0285547;-1.57022,0.330307,-1.57095
-0.411698,-0.328668,0.0287775;-1.56161,0.276173,-1.57376
-0.411791,-0.330023,0.0288065;-1.56104,0.327863,-1.57555
-0.419524,-0.335519,0.029849;-1.58461,0.551811,-1.58069
-0.431316,-0.353306,0.0343849;-1.50538,0.637099,-1.64107
-0.441517,-0.369515,0.0390405;-1.32818,0.61129,-1.71393
-0.435812,-0.34949,0.0285192;-1.57055,0.426825,-1.57203
-0.435071,-0.348266,0.0287543;-1.56288,0.347851,-1.57423
-0.435386,-0.347731,0.0287723;-1.56273,0.326837,-1.57493
-0.438565,-0.351195,0.0288092;-1.57529,0.542087,-1.57554
-0.448319,-0.362643,0.0314458;-1.5822,0.652193,-1.59627
-0.459278,-0.386501,0.0386499;-1.34915,0.69152,-1.71994
-0.459417,-0.373343,0.0288641;-1.58,0.485894,-1.57715
-0.457395,-0.372061,0.0285755;-1.57115,0.38551,-1.57008
-0.458068,-0.371159,0.0287923;-1.56157,0.324,-1.57508
-0.460098,-0.374647,0.028671;-1.57106,0.546123,-1.57434
-0.468892,-0.384392,0.0307681;-1.58462,0.657999,-1.59027
-0.481382,-0.407508,0.0375833;-1.38652,0.711884,-1.70478
-0.483518,-0.398442,0.028857;-1.58096,0.509753,-1.57505
-0.481512,-0.39667,0.0285721;-1.57082,0.401195,-1.5702
-0.482282,-0.395694,0.0288202;-1.55987,0.332105,-1.57563
-0.48413,-0.398729,0.0286361;-1.57127,0.533416,-1.57307
-0.492293,-0.405803,0.0306041;-1.58663,0.653813,-1.58666
-0.504396,-0.427593,0.0367297;-1.42884,0.71781,-1.68785
-0.510092,-0.428027,0.0316664;-1.49913,0.580467,-1.61614
-0.506757,-0.422788,0.0285745;-1.57061,0.483832,-1.5715
-0.507049,-0.422066,0.0287922;-1.56079,0.42063,-1.57576
-0.507829,-0.42321,0.0285638;-1.56976,0.51317,-1.57139
-0.512808,-0.425172,0.0292031;-1.58419,0.64226,-1.57335
-0.52467,-0.438571,0.0325257;-1.5604,0.743675,-1.61352
-0.540973,-0.460297,0.0375489;-1.34773,0.694488,-1.71837
-0.534047,-0.445493,0.0288531;-1.57996,0.590776,-1.57202
-0.53181,-0.444426,0.0285717;-1.57038,0.495957,-1.57057
-0.532041,-0.443988,0.0286099;-1.56894,0.506389,-1.57189
-0.534435,-0.445308,0.0286049;-1.57049,0.61122,-1.57266
-0.542731,-0.45038,0.0303211;-1.5885,0.735273,-1.58097
-0.568661,-0.483544,0.039285;-1.28563,0.755271,-1.77144
-0.56503,-0.473905,0.0335539;-1.44871,0.687736,-1.65462
-0.558248,-0.464702,0.0285448;-1.57052,0.572246,-1.57005
-0.558108,-0.463773,0.0288069;-1.56034,0.49581,-1.57772
-0.558198,-0.465503,0.0285696;-1.57123,0.586934,-1.57039
-0.562872,-0.466997,0.0290035;-1.58533,0.714831,-1.57085
-0.59078,-0.500672,0.0386083;-1.2852,0.841753,-1.78541
-0.595086,-0.501419,0.038118;-1.31911,0.757374,-1.7502
-0.586842,-0.486065,0.0288656;-1.57784,0.646245,-1.57487
-0.585373,-0.484229,0.0287503;-1.56259,0.488222,-1.5758
-0.584945,-0.486396,0.0285726;-1.57115,0.602589,-1.57093
-0.587769,-0.487335,0.0286676;-1.57104,0.711196,-1.57466
-0.612913,-0.516365,0.0376951;-1.34776,0.867595,-1.75387
-0.621398,-0.522268,0.0384622;-1.30459,0.774291,-1.76494
-0.612985,-0.504811,0.0288933;-1.59026,0.661695,-1.56942
-0.61129,-0.502794,0.028827;-1.55909,0.506835,-1.57798
-0.611164,-0.505063,0.0286013;-1.56942,0.614015,-1.57178
-0.614153,-0.506438,0.0286853;-1.57102,0.734959,-1.57555
-0.614153,-0.506438,0.0286853;-1.57102,0.734959,-1.57555
-0.624593,-0.512567,0.0307836;-1.589,0.851342,-1.58514
-0.624593,-0.512567,0.0307836;-1.589,0.851342,-1.58514
