-0.125,0.125,0.06;-1.57,-2.98023e-08,-1.57
-0.125,0.125,0.06;-1.57,-2.98023e-08,-1.57
-0.125,0.125,0.06;-1.57,-2.98023e-08,-1.57
-0.12559,0.119838,0.0285725;-1.56958,-0.170636,-1.56977
-0.125042,0.120783,0.0285796;-1.57085,-0.126328,-1.5708
-0.122841,0.129631,0.0315205;-1.52634,-0.0511308,-1.57051
-0.125078,0.163282,0.0343037;-1.67528,0.0486573,-1.57447
-0.122329,0.154194,0.0285437;-1.57193,-0.0838217,-1.57129
-0.122554,0.152557,0.0286364;-1.57186,-0.123949,-1.56904
-0.122473,0.152735,0.0286456;-1.57114,-0.122446,-1.5675
-0.122364,0.154876,0.0285841;-1.57036,-0.0391009,-1.57109
-0.120095,0.161896,0.0307107;-1.53606,0.0372595,-1.57231
-0.119945,0.18613,0.0387299;-1.60242,0.132542,-1.57035
-0.11835,0.194529,0.0316137;-1.62356,0.0828551,-1.56748
-0.117447,0.187132,0.0285097;-1.57277,-0.00169599,-1.57127
-0.117755,0.186019,0.0286285;-1.57188,-0.0321713,-1.56961
-0.117644,0.187061,0.0285788;-1.57075,0.0131378,-1.57082
-0.115958,0.191628,0.0296565;-1.55286,0.0807552,-1.57227
-0.114233,0.213248,0.0366543;-1.599,0.175791,-1.5708
-0.114821,0.231943,0.0361143;-1.70818,0.194465,-1.55719
-0.112079,0.225995,0.0317823;-1.6352,0.119604,-1.56856
-0.111597,0.21919,0.0285537;-1.56968,0.0459808,-1.57202
-0.111659,0.219157,0.0285805;-1.57077,0.0411043,-1.5708
-0.111018,0.219754,0.0285776;-1.57076,0.0857295,-1.57091
-0.108657,0.228036,0.0307429;-1.54034,0.164418,-1.57546
-0.107309,0.247178,0.0347341;-1.63731,0.213146,-1.5588
-0.1056,0.248568,0.0299195;-1.60262,0.165819,-1.56927
-0.106362,0.244264,0.0286044;-1.57111,0.0422598,-1.56963
-0.106147,0.244986,0.0286691;-1.57257,0.0548497,-1.5673
-0.106063,0.245931,0.0285779;-1.57092,0.101521,-1.57075
-0.0986547,0.268139,0.0344298;-1.5513,0.26512,-1.57609
-0.096489,0.290773,0.0393288;-1.69102,0.321417,-1.54535
-0.0939492,0.296834,0.0344529;-1.68605,0.285556,-1.54664
-0.0942653,0.283281,0.0285743;-1.57066,0.156128,-1.57057
-0.0944382,0.282822,0.0286254;-1.57126,0.14646,-1.56858
-0.0942676,0.283842,0.0286376;-1.57091,0.183291,-1.56791
-0.0890726,0.292822,0.0304395;-1.53975,0.306175,-1.57978
-0.0823875,0.317046,0.038082;-1.62814,0.398808,-1.55457
-0.0793343,0.331651,0.0357061;-1.72291,0.400914,-1.52326
-0.0798391,0.315555,0.0285457;-1.57144,0.259283,-1.57098
-0.0806213,0.314336,0.0286158;-1.57196,0.22307,-1.56939
-0.0805483,0.314659,0.0286608;-1.57229,0.228221,-1.56744
-0.0784827,0.316949,0.0289088;-1.55881,0.335541,-1.57451
-0.0707768,0.332782,0.0338125;-1.53836,0.429197,-1.58395
-0.0644097,0.355463,0.0403801;-1.69097,0.495054,-1.52658
-0.0623874,0.348983,0.0285311;-1.56573,0.360763,-1.57457
-0.0633085,0.348331,0.0285668;-1.57088,0.329267,-1.57099
-0.0634333,0.34799,0.0286192;-1.57091,0.32143,-1.56884
-0.06221,0.349238,0.0285906;-1.57009,0.414299,-1.57125
-0.0561165,0.357746,0.0317688;-1.52065,0.493863,-1.59663
-0.0463759,0.379641,0.0402163;-1.65475,0.588509,-1.53586
-0.042211,0.378998,0.0286338;-1.5681,0.473029,-1.57302
-0.0431412,0.378377,0.0285762;-1.57034,0.446423,-1.57113
-0.0433736,0.378096,0.0286359;-1.57129,0.441299,-1.56825
-0.0415888,0.37983,0.0286017;-1.56948,0.547879,-1.57169
-0.034312,0.387391,0.0316745;-1.51896,0.626486,-1.60436
-0.0218156,0.408286,0.0400271;-1.66371,0.724818,-1.52098
-0.0171481,0.412723,0.0287813;-1.58298,0.652705,-1.56358
-0.0184156,0.411371,0.0285763;-1.5707,0.600002,-1.57101
-0.0190608,0.410782,0.0286362;-1.57219,0.576912,-1.56812
-0.0179734,0.41219,0.0285792;-1.57054,0.655959,-1.57127
-0.012334,0.416012,0.0302866;-1.5336,0.724863,-1.59678
0.00253489,0.434228,0.0380534;-1.61728,0.8241,-1.54135
0.0110155,0.443241,0.0337851;-1.70134,0.789071,-1.48113
0.00677252,0.434015,0.0286084;-1.55449,0.707428,-1.58187
0.00556145,0.433503,0.0285799;-1.57059,0.669684,-1.57038
0.00568279,0.433705,0.0285797;-1.57083,0.68649,-1.57078
0.00652793,0.433743,0.0285871;-1.57029,0.738759,-1.57189
0.015134,0.440725,0.0317185;-1.51481,0.816731,-1.61153
0.0368249,0.469027,0.0369008;-1.80371,0.884507,-1.40476
0.0372171,0.46534,0.0335645;-1.7134,0.828165,-1.47222
0.0318004,0.456858,0.0284476;-1.57383,0.75017,-1.56951
0.0307396,0.456662,0.0286262;-1.57112,0.70237,-1.5683
0.0315651,0.457431,0.0285793;-1.57071,0.74892,-1.57096
0.0343544,0.457929,0.0290868;-1.55053,0.813032,-1.58598
0.0653831,0.488592,0.0408912;-1.79858,0.96749,-1.40402
0.0730269,0.493179,0.035967;-1.79837,0.906407,-1.40179
0.0663921,0.483564,0.0288743;-1.5871,0.847489,-1.56189
0.063947,0.48253,0.028648;-1.57339,0.797913,-1.56738
0.0646878,0.483236,0.0285757;-1.57043,0.856193,-1.57127
0.0665876,0.483204,0.0286632;-1.56332,0.911617,-1.5772
0.0999624,0.50761,0.0407378;-1.79578,1.07868,-1.39034
0.10993,0.513,0.0359257;-1.8405,1.01423,-1.35398
0.103196,0.505287,0.0288564;-1.58677,0.966245,-1.56193
0.101096,0.504783,0.0286422;-1.57352,0.905572,-1.56653
0.102222,0.505618,0.0285825;-1.57018,0.967672,-1.571
0.103176,0.505303,0.0286267;-1.56716,1.02025,-1.57554
0.138469,0.526132,0.0406006;-1.85509,1.18249,-1.32653
0.149385,0.53158,0.0359112;-1.90105,1.13164,-1.28542
0.142792,0.525951,0.029012;-1.61031,1.104,-1.5389
0.139389,0.525148,0.0286325;-1.57234,1.03828,-1.56766
0.1406,0.525795,0.0285685;-1.57001,1.10082,-1.5719
0.141576,0.52562,0.0285808;-1.5705,1.13189,-1.57138
0.172766,0.537206,0.0396003;-1.79437,1.29627,-1.36333
0.184794,0.542189,0.0346516;-1.95136,1.24857,-1.2175
0.18074,0.539862,0.0324658;-1.78901,1.24038,-1.36667
0.17244,0.535037,0.0285643;-1.57599,1.13501,-1.56414
0.172944,0.535384,0.0287054;-1.57624,1.16055,-1.56184
0.17395,0.535485,0.028557;-1.57315,1.20431,-1.56869
0.1789,0.535109,0.0295467;-1.50477,1.27588,-1.634
0.219404,0.549738,0.0387875;-2.18948,1.36981,-0.97383
0.220274,0.547155,0.033799;-1.97536,1.31534,-1.18538
0.210496,0.542751,0.028521;-1.57412,1.25878,-1.56836
0.209698,0.543088,0.0286256;-1.57131,1.23695,-1.56795
0.210906,0.54369,0.0285514;-1.57053,1.28446,-1.57203
0.212282,0.542925,0.0286996;-1.54497,1.33716,-1.596
0.250104,0.550709,0.0410014;-2.49621,1.46456,-0.660243
0.261228,0.552143,0.0352052;-2.41312,1.39883,-0.744494
0.251384,0.548323,0.0287167;-1.5184,1.38289,-1.62502
0.249424,0.548693,0.0286277;-1.57363,1.3359,-1.56604
0.250662,0.548748,0.0285968;-1.56996,1.39539,-1.57073
0.25167,0.548092,0.0285946;-1.56299,1.44614,-1.57895
0.288484,0.550361,0.0400505;2.5984,1.47225,0.530985
0.301475,0.551249,0.0351075;3.01421,1.44329,0.116577
0.291127,0.548579,0.0286798;-1.43673,1.52025,-1.70464
0.288514,0.549325,0.0286326;-1.57274,1.44244,-1.56629
0.289823,0.549421,0.0286379;-1.57281,1.47885,-1.56595
0.290496,0.549028,0.0285867;-1.55766,1.51882,-1.58424
0.323125,0.547554,0.0392318;1.93296,1.44174,1.20511
0.338358,0.548173,0.0369889;2.38041,1.40133,0.759726
0.334604,0.546372,0.0315518;2.30127,1.48198,0.83716
0.327541,0.546585,0.0286748;-1.6698,1.54268,-1.47012
0.328035,0.54662,0.0286476;-1.65083,1.55595,-1.48771
0.328951,0.546462,0.0285714;1.56805,1.53874,1.57331
0.348432,0.541408,0.0339237;1.41618,1.38631,1.72258
0.372075,0.541405,0.0404095;1.97315,1.30019,1.16881
0.38027,0.540014,0.0350932;2.08551,1.31843,1.05938
0.366628,0.540313,0.0285544;1.5809,1.48154,1.56064
0.365627,0.540608,0.0286162;1.57402,1.50984,1.56947
0.366645,0.54047,0.0286835;1.59178,1.48552,1.55317
0.373303,0.536851,0.0301965;1.44096,1.3684,1.69846
0.396832,0.53305,0.0380635;1.69612,1.27327,1.44616
0.4136,0.531829,0.0375057;1.95841,1.2395,1.19114
0.401329,0.529843,0.0285617;1.56723,1.41634,1.57393
0.400462,0.530347,0.0286346;1.58576,1.44431,1.55685
0.400679,0.530367,0.0286356;1.57595,1.43621,1.56847
0.403005,0.528702,0.0288244;1.52167,1.32711,1.61794
0.418941,0.522309,0.0333177;1.47158,1.2375,1.66504
0.442178,0.518295,0.0410034;1.81555,1.15338,1.33292
0.438187,0.515249,0.0286603;1.54039,1.29779,1.59883
0.437326,0.516138,0.0285843;1.5672,1.34219,1.57426
0.436778,0.516269,0.0286199;1.57232,1.36004,1.57099
0.4384,0.515046,0.0285858;1.5692,1.26653,1.57188
0.448324,0.509977,0.0317626;1.46484,1.18448,1.6667
0.471827,0.502789,0.0403237;1.73766,1.08372,1.41123
0.474209,0.499882,0.028625;1.54502,1.19284,1.59152
0.473279,0.501019,0.0285731;1.57107,1.2382,1.5707
0.472621,0.501187,0.0286274;1.57143,1.2604,1.57244
0.473988,0.500093,0.0285873;1.56912,1.16089,1.57117
0.48226,0.493556,0.0313894;1.48654,1.08233,1.64278
0.505065,0.483164,0.0398312;1.6932,0.986335,1.45868
0.510009,0.478674,0.0301557;1.64436,1.07185,1.5022
0.50733,0.480309,0.0285797;1.57014,1.12423,1.57128
0.506736,0.480855,0.0286461;1.5737,1.15348,1.57015
0.507903,0.480151,0.0285782;1.57082,1.08887,1.57095
0.509615,0.477131,0.029297;1.54087,1.02107,1.59582
0.526906,0.464887,0.0353643;1.56565,0.926981,1.57399
0.550057,0.452382,0.0342109;1.74545,0.911745,1.42344
0.540264,0.456505,0.0285537;1.5606,0.999868,1.57975
0.53967,0.457779,0.0285788;1.5711,1.04541,1.57113
0.540163,0.457631,0.0285991;1.57123,1.02313,1.57142
0.540492,0.456729,0.0285707;1.57099,0.980212,1.57065
0.54653,0.449916,0.0311452;1.50865,0.900597,1.6185
0.57794,0.428059,0.0363018;1.76071,0.801017,1.42301
0.569973,0.429848,0.0315806;1.66702,0.894969,1.49067
0.564276,0.433352,0.0285534;1.57146,0.958021,1.56995
0.564084,0.433794,0.0286606;1.57378,0.97202,1.57132
0.564558,0.433435,0.0285098;1.56545,0.92541,1.57509
0.565588,0.430546,0.0290744;1.54945,0.860941,1.58664
0.597707,0.403771,0.040152;1.71912,0.701044,1.46235
0.600673,0.39953,0.0346758;1.73397,0.760358,1.44875
0.590743,0.405579,0.0285061;1.56265,0.84525,1.57589
0.590233,0.406963,0.0286219;1.57102,0.881799,1.5726
0.591225,0.406412,0.0285322;1.57042,0.830742,1.56936
0.591406,0.405192,0.0286047;1.56905,0.785526,1.57179
0.616605,0.376413,0.040358;1.66842,0.597824,1.50415
0.624814,0.366147,0.0347714;1.71932,0.63018,1.47342
0.616845,0.372718,0.0286669;1.55977,0.710411,1.57679
0.616097,0.374671,0.0286239;1.57104,0.759222,1.57288
0.616998,0.373627,0.0285911;1.57017,0.701873,1.57264
0.616948,0.372313,0.0285818;1.56991,0.649433,1.57048
0.616948,0.372313,0.0285818;1.56991,0.649433,1.57048
0.622744,0.360358,0.0316934;1.52481,0.563667,1.59323
0.622744,0.360358,0.0316934;1.52481,0.563667,1.59323
