-0.125,0.125,0.06;-1.57,-2.98023e-08,-1.57
-0.125,0.125,0.06;-1.57,-2.98023e-08,-1.57
-0.125,0.125,0.06;-1.57,-2.98023e-08,-1.57
-0.125651,0.119716,0.028574;-1.56946,-0.173415,-1.56964
-0.12494,0.120681,0.0285902;-1.57029,-0.129937,-1.57066
-0.122677,0.129732,0.0314516;-1.52779,-0.0545071,-1.5709
-0.123526,0.160098,0.0344507;-1.67233,0.0258425,-1.57242
-0.120644,0.151485,0.028576;-1.57026,-0.094727,-1.57084
-0.120872,0.15022,0.0286649;-1.57268,-0.123779,-1.56882
-0.120844,0.150338,0.0286559;-1.57108,-0.117251,-1.56695
-0.120668,0.152443,0.0285787;-1.57064,-0.0340285,-1.57089
-0.118027,0.159448,0.0309678;-1.53282,0.0378326,-1.57355
-0.116237,0.183342,0.0391427;-1.59145,0.140895,-1.57028
-0.114056,0.191757,0.0317607;-1.6233,0.0829833,-1.56478
-0.113799,0.183494,0.0284628;-1.57398,0.00107577,-1.57099
-0.113999,0.182699,0.0286522;-1.57261,-0.0221508,-1.56915
-0.113859,0.1833,0.0285789;-1.57097,0.0297177,-1.57076
-0.111688,0.18714,0.029855;-1.5479,0.0899783,-1.57331
-0.10841,0.208569,0.0373851;-1.57835,0.190005,-1.57194
-0.108129,0.228627,0.0363878;-1.71453,0.2055,-1.55125
-0.105713,0.220751,0.0319182;-1.63579,0.118868,-1.56729
-0.105819,0.213706,0.028569;-1.57053,0.0540705,-1.57096
-0.105905,0.213597,0.0285791;-1.57076,0.0595895,-1.57074
-0.105096,0.214333,0.0285857;-1.5704,0.111171,-1.571
-0.101279,0.222891,0.0313504;-1.52834,0.187811,-1.57886
-0.0981732,0.243079,0.0356165;-1.61809,0.237969,-1.55843
-0.0961811,0.245918,0.0296886;-1.59909,0.202973,-1.56839
-0.0973568,0.241991,0.0286577;-1.57274,0.107179,-1.56831
-0.0971791,0.242696,0.0286892;-1.57319,0.12213,-1.56701
-0.0970585,0.243383,0.0285779;-1.57089,0.167008,-1.57073
-0.0880494,0.262409,0.0349655;-1.52751,0.316531,-1.58541
-0.0848167,0.285611,0.0406328;-1.67819,0.371583,-1.53984
-0.0824275,0.292056,0.0346629;-1.69306,0.33534,-1.5384
-0.0846681,0.279874,0.0285789;-1.57068,0.221124,-1.57059
-0.0848232,0.279149,0.0286283;-1.57104,0.206174,-1.56837
-0.0844251,0.280353,0.0286484;-1.57126,0.247511,-1.5677
-0.0788402,0.286771,0.0309491;-1.52906,0.365389,-1.58708
-0.069323,0.309287,0.039283;-1.59897,0.465605,-1.56115
-0.0639477,0.326034,0.0374452;-1.71536,0.465297,-1.51243
-0.0656525,0.316704,0.0285475;-1.57055,0.359861,-1.57063
-0.0665178,0.315693,0.0287038;-1.57491,0.328797,-1.56748
-0.0662408,0.316074,0.028649;-1.57102,0.336677,-1.56722
-0.0637419,0.318231,0.0290095;-1.55444,0.43458,-1.57855
-0.0541386,0.331772,0.0344165;-1.51408,0.522131,-1.59868
-0.044157,0.35361,0.0412203;-1.67718,0.595838,-1.51894
-0.0426106,0.351902,0.0285927;-1.567,0.501997,-1.57352
-0.0439495,0.351115,0.0285813;-1.57031,0.460152,-1.57087
-0.0441617,0.350905,0.028629;-1.57097,0.453438,-1.56826
-0.0424108,0.35303,0.0286299;-1.56806,0.558675,-1.57228
-0.0349647,0.35967,0.0323131;-1.50418,0.633258,-1.6137
-0.0210944,0.379689,0.0411542;-1.6386,0.73523,-1.532
-0.0167754,0.383326,0.0286112;-1.56411,0.649225,-1.57597
-0.0176664,0.383061,0.0285896;-1.56976,0.611942,-1.57083
-0.0180422,0.383029,0.0286495;-1.57177,0.612164,-1.56764
-0.0162562,0.384254,0.0285843;-1.5702,0.723011,-1.57147
-0.00688854,0.390025,0.0320173;-1.50261,0.796912,-1.62265
0.0106707,0.408134,0.0404338;-1.68075,0.894235,-1.495
0.0155953,0.4098,0.0288228;-1.58488,0.808931,-1.56264
0.013386,0.408319,0.0285787;-1.57042,0.754569,-1.57101
0.0129696,0.408202,0.0286746;-1.57409,0.745927,-1.56646
0.0140618,0.4087,0.0285824;-1.57057,0.811122,-1.57093
0.0201771,0.411041,0.0304914;-1.52303,0.875995,-1.60838
0.0391767,0.425603,0.0386025;-1.61224,0.974054,-1.54072
0.04956,0.433562,0.0338755;-1.72884,0.938756,-1.4459
0.0441288,0.42556,0.0286865;-1.55431,0.86597,-1.58225
0.042982,0.425325,0.0285737;-1.57123,0.834201,-1.57
0.042903,0.425318,0.028578;-1.57081,0.839869,-1.57066
0.0445244,0.425529,0.0286072;-1.56812,0.90362,-1.57321
0.0559471,0.43061,0.0322746;-1.47775,0.98298,-1.64937
0.0847616,0.453899,0.0369953;-1.88721,1.05458,-1.30638
0.0848678,0.451119,0.0337211;-1.75964,1.02088,-1.41678
0.0791055,0.44609,0.0285239;-1.56994,0.968895,-1.57233
0.0781938,0.445886,0.0286506;-1.57293,0.93545,-1.56611
0.0793078,0.446868,0.0285718;-1.57059,0.999467,-1.57114
0.0821241,0.446568,0.0292636;-1.53667,1.0551,-1.60125
0.119752,0.46623,0.0423981;-1.88399,1.21158,-1.29133
0.130795,0.470883,0.0360925;-1.93764,1.16077,-1.2419
0.123282,0.466792,0.0287934;-1.58312,1.14566,-1.5645
0.120354,0.466686,0.0286822;-1.57771,1.0762,-1.56269
0.121202,0.467187,0.0285046;-1.56507,1.12946,-1.5766
0.122588,0.466516,0.0286883;-1.55668,1.17519,-1.58395
0.158972,0.479258,0.041696;-1.95701,1.33359,-1.20754
0.172437,0.484053,0.0360307;-2.10038,1.27529,-1.07348
0.16506,0.481567,0.0288592;-1.59287,1.27886,-1.55645
0.162777,0.481856,0.0286544;-1.57702,1.22334,-1.56352
0.163599,0.481992,0.0285909;-1.56931,1.27013,-1.57172
0.16417,0.481387,0.0286468;-1.56249,1.3149,-1.58097
0.202997,0.488659,0.0410403;-2.50427,1.44131,-0.659333
0.217413,0.491288,0.0362433;-2.4879,1.3875,-0.67696
0.209792,0.48903,0.029015;-1.68357,1.41833,-1.46352
0.206965,0.489325,0.0286125;-1.57129,1.35768,-1.56881
0.207587,0.489564,0.0285776;-1.57137,1.40223,-1.57012
0.208083,0.489268,0.0286009;-1.56413,1.42146,-1.57746
0.240381,0.491066,0.0402654;2.67595,1.51744,0.46002
0.254705,0.492078,0.0350667;-3.08231,1.44647,-0.067969
0.249661,0.49076,0.0325411;-2.71312,1.496,-0.430019
0.242412,0.489968,0.0286195;-1.57469,1.46016,-1.56494
0.242292,0.489649,0.0287466;-1.60553,1.44834,-1.53218
0.242873,0.489571,0.028579;-1.57172,1.49018,-1.56989
0.246697,0.487633,0.0296848;-0.642524,1.54396,-2.49906
0.288532,0.488403,0.0395871;2.33495,1.41018,0.804687
0.291934,0.487013,0.0338383;2.51004,1.44646,0.627642
0.285239,0.486793,0.0285659;1.50456,1.5436,1.63611
0.284054,0.487124,0.0286226;-1.58676,1.5555,-1.55277
0.285417,0.487158,0.0285789;1.57384,1.53908,1.5678
0.286217,0.486118,0.0287399;1.47655,1.48795,1.66488
0.323096,0.480376,0.0415804;1.87412,1.30571,1.26814
0.33589,0.478571,0.0355429;2.13599,1.31639,1.0072
0.327822,0.479594,0.0286633;1.55339,1.39806,1.58302
0.326093,0.48047,0.0286104;1.57369,1.44741,1.56926
0.326969,0.480225,0.0286214;1.572,1.4045,1.5718
0.32748,0.479424,0.0286058;1.5644,1.362,1.57675
0.361367,0.469671,0.0402834;1.79995,1.17954,1.34366
0.375883,0.466237,0.0354942;1.9469,1.20086,1.2083
0.367849,0.467981,0.0286235;1.5449,1.2625,1.59418
0.366135,0.469075,0.0286032;1.5714,1.3171,1.5712
0.366554,0.468985,0.0286295;1.57141,1.30272,1.57271
0.366835,0.468457,0.02858;1.57062,1.27337,1.57074
0.395302,0.456526,0.039395;1.67616,1.10407,1.4705
0.41077,0.451744,0.0364037;1.89646,1.08973,1.27006
0.405261,0.452049,0.0317535;1.72886,1.15952,1.42056
0.399669,0.454552,0.0286021;1.57077,1.23107,1.57185
0.399583,0.454498,0.0286268;1.57166,1.2363,1.57247
0.400473,0.45412,0.0285716;1.57061,1.20004,1.57155
0.415427,0.442573,0.0343329;1.48058,1.05531,1.6489
0.437605,0.434448,0.040924;1.74453,0.983083,1.41529
0.445192,0.429906,0.0351515;1.81473,1.01099,1.35414
0.43515,0.43345,0.0285868;1.56958,1.115,1.57184
0.433715,0.434616,0.0285998;1.57108,1.14977,1.57149
0.434178,0.434285,0.0286787;1.57394,1.14024,1.57146
0.437952,0.429224,0.0306288;1.50511,1.03127,1.6265
0.456305,0.416953,0.0386586;1.60003,0.931835,1.54419
0.472622,0.409209,0.0376079;1.79151,0.909506,1.38557
0.465101,0.411519,0.0285165;1.57319,1.01718,1.56837
0.464261,0.412515,0.0285792;1.57168,1.04475,1.56999
0.46404,0.412609,0.028621;1.57109,1.05905,1.57261
0.465407,0.410384,0.0288467;1.54912,0.967122,1.58922
0.476514,0.398742,0.0337034;1.49754,0.880584,1.62757
0.497013,0.385221,0.041125;1.72043,0.796973,1.45055
0.498505,0.383466,0.0286939;1.5673,0.885326,1.57034
0.498313,0.384142,0.0285825;1.57075,0.912059,1.57109
0.497863,0.384385,0.0285921;1.57127,0.932336,1.57123
0.498693,0.383137,0.0285945;1.56969,0.845816,1.5715
0.505458,0.374105,0.0319552;1.51223,0.766057,1.60985
0.524805,0.357636,0.0396876;1.69485,0.665741,1.47779
0.527664,0.353625,0.028635;1.56564,0.747254,1.57199
0.527292,0.354754,0.0286583;1.56485,0.774408,1.57569
0.526583,0.355553,0.0285982;1.57097,0.808208,1.57171
0.527063,0.354313,0.0285743;1.57018,0.743026,1.57068
0.53098,0.346512,0.031593;1.51697,0.67222,1.60186
0.546977,0.32838,0.0399193;1.65651,0.570677,1.51361
0.550195,0.322295,0.0302929;1.61836,0.656348,1.53768
0.5483,0.325018,0.0285774;1.56972,0.690479,1.57095
0.547678,0.326316,0.0286042;1.57083,0.718683,1.57192
0.548108,0.325597,0.0285778;1.57062,0.680797,1.57099
0.548232,0.322997,0.0293725;1.54971,0.630362,1.58264
0.557375,0.307081,0.0361117;1.53881,0.53949,1.58674
0.574097,0.285105,0.0345349;1.70149,0.522196,1.49732
0.568636,0.292051,0.0285984;1.56715,0.581623,1.57319
0.568493,0.292866,0.0285797;1.5705,0.604229,1.57112
0.568455,0.293049,0.0285963;1.57101,0.604083,1.57156
0.568506,0.292181,0.0285966;1.56988,0.56687,1.57139
0.570352,0.284486,0.0313726;1.5232,0.501635,1.59216
0.590804,0.24956,0.037049;1.72078,0.402458,1.5034
0.586832,0.252984,0.0315446;1.63703,0.458107,1.5362
0.584843,0.256915,0.0285736;1.57016,0.49838,1.57089
0.584616,0.258096,0.0286414;1.57174,0.529184,1.57284
0.585232,0.25721,0.0285778;1.57087,0.479361,1.57087
0.584776,0.254962,0.0290755;1.55538,0.433667,1.57677
0.600768,0.21696,0.0411859;1.67597,0.278867,1.53187
0.603088,0.209003,0.0347605;1.69791,0.318021,1.52086
0.598906,0.216066,0.02857;1.57071,0.381836,1.57118
0.598616,0.218029,0.0285865;1.57068,0.448874,1.57155
0.59914,0.217021,0.0285627;1.57064,0.409912,1.56991
0.598699,0.215957,0.0286085;1.56914,0.366403,1.57116
0.608573,0.181816,0.0405994;1.65099,0.196184,1.54387
0.612216,0.168682,0.0352915;1.70518,0.229989,1.52784
0.608724,0.176749,0.0286794;1.56431,0.283131,1.57041
0.608837,0.178995,0.0286074;1.57099,0.337696,1.57204
0.609019,0.17826,0.0286119;1.57101,0.301443,1.57248
0.608656,0.17754,0.0285762;1.57047,0.259997,1.57026
0.608656,0.17754,0.0285762;1.57047,0.259997,1.57026
0.608463,0.16869,0.0317465;1.52892,0.200198,1.57545
0.608463,0.16869,0.0317465;1.52892,0.200198,1.57545
