-0.125,0.125,0.06;-1.57,-2.98023e-08,-1.57
-0.125,0.125,0.06;-1.57,-2.98023e-08,-1.57
-0.125,0.125,0.06;-1.57,-2.98023e-08,-1.57
-0.125658,0.119793,0.0285735;-1.5695,-0.172734,-1.56971
-0.124941,0.120719,0.028588;-1.57038,-0.129986,-1.57091
-0.122841,0.12949,0.0314586;-1.52752,-0.0556162,-1.57065
-0.124313,0.163909,0.0343739;-1.67572,0.0412745,-1.57463
-0.121661,0.155338,0.0285547;-1.57162,-0.0943585,-1.57077
-0.121762,0.154102,0.0286205;-1.57097,-0.135603,-1.56877
-0.121734,0.154226,0.0286426;-1.57114,-0.1324,-1.56754
-0.121727,0.156167,0.0285741;-1.57094,-0.0435786,-1.57096
-0.119709,0.163009,0.0307051;-1.53687,0.0322615,-1.57248
-0.119414,0.18685,0.0386036;-1.60643,0.132185,-1.56938
-0.117875,0.195014,0.0316989;-1.62577,0.0792435,-1.56688
-0.117009,0.186999,0.0285415;-1.57075,-0.00505232,-1.57145
-0.117237,0.186271,0.0286506;-1.57269,-0.0289127,-1.56935
-0.117182,0.187009,0.0285776;-1.57095,0.0176296,-1.57075
-0.11534,0.191987,0.0296402;-1.55121,0.0866127,-1.57211
-0.113134,0.214426,0.0365168;-1.60357,0.184358,-1.56955
-0.11372,0.233049,0.0359407;-1.70744,0.200415,-1.55515
-0.110886,0.227113,0.0318489;-1.63651,0.125198,-1.56806
-0.110726,0.220249,0.0285457;-1.56959,0.0493963,-1.57217
-0.110851,0.220088,0.02858;-1.57079,0.0428097,-1.57079
-0.110256,0.220778,0.0285774;-1.57083,0.0901758,-1.57105
-0.107714,0.228811,0.0307867;-1.53935,0.168494,-1.57545
-0.105566,0.24863,0.0348713;-1.63539,0.216787,-1.55849
-0.103734,0.250029,0.0298477;-1.60134,0.166626,-1.56929
-0.104681,0.245856,0.028612;-1.57117,0.0438518,-1.56929
-0.104491,0.246615,0.0286676;-1.57244,0.0589599,-1.56714
-0.104472,0.24735,0.0285783;-1.57088,0.10283,-1.57074
-0.0976445,0.268521,0.0344872;-1.5522,0.265887,-1.57525
-0.0956733,0.290849,0.0395608;-1.68207,0.322076,-1.54594
-0.0932393,0.29626,0.0342907;-1.68422,0.282033,-1.54784
-0.0938845,0.28288,0.0285726;-1.57095,0.151126,-1.57062
-0.0940554,0.282312,0.0286194;-1.57113,0.139465,-1.56873
-0.0938022,0.28345,0.0286364;-1.57095,0.174432,-1.5679
-0.0891516,0.291234,0.0304864;-1.53891,0.298753,-1.57923
-0.0826625,0.314786,0.0379124;-1.62627,0.394022,-1.55399
-0.0794206,0.329136,0.0361737;-1.70901,0.393577,-1.52745
-0.0796432,0.314677,0.0285285;-1.57201,0.256536,-1.57076
-0.0803177,0.313606,0.0286739;-1.57381,0.222559,-1.56864
-0.0801173,0.314015,0.0286545;-1.57209,0.228865,-1.56748
-0.0778383,0.316337,0.0288667;-1.55682,0.33862,-1.57636
-0.0702017,0.332338,0.0335426;-1.54694,0.431087,-1.57948
-0.0641518,0.354956,0.0402283;-1.68691,0.494523,-1.52822
-0.0620702,0.348245,0.0285333;-1.56683,0.359516,-1.57336
-0.0628523,0.347672,0.0285672;-1.57116,0.331106,-1.57064
-0.0630723,0.347348,0.0286179;-1.57096,0.325206,-1.5688
-0.0617936,0.349183,0.0285864;-1.57007,0.423224,-1.5715
-0.0557835,0.357364,0.031522;-1.52741,0.502564,-1.59242
-0.0453837,0.379112,0.0402341;-1.65044,0.597942,-1.53483
-0.0410489,0.378842,0.0285366;-1.56295,0.479628,-1.5756
-0.0416759,0.378645,0.0285761;-1.57081,0.45351,-1.57059
-0.0419761,0.378474,0.0286361;-1.57174,0.451431,-1.56779
-0.0404649,0.380017,0.02859;-1.57005,0.554595,-1.57119
-0.0334265,0.387336,0.0314671;-1.52405,0.633498,-1.60012
-0.0208282,0.407694,0.0399806;-1.65794,0.727276,-1.52195
-0.0154765,0.411271,0.0287356;-1.57988,0.641925,-1.56498
-0.0166925,0.409855,0.0285779;-1.57045,0.595356,-1.57105
-0.0173964,0.409158,0.0286215;-1.57155,0.576136,-1.56861
-0.0163125,0.410431,0.0285778;-1.57089,0.659439,-1.57068
-0.0108954,0.413766,0.0299533;-1.5409,0.732908,-1.59083
0.00420827,0.431328,0.0376452;-1.61809,0.826148,-1.53917
0.0127931,0.440391,0.0332425;-1.68309,0.789625,-1.49184
0.00929707,0.431538,0.0286299;-1.55596,0.698987,-1.58
0.00805014,0.430962,0.0285812;-1.57018,0.652595,-1.57129
0.0081956,0.431134,0.0285796;-1.57083,0.664917,-1.57074
0.00911268,0.43122,0.0285812;-1.57043,0.719394,-1.57127
0.0178282,0.438202,0.0312091;-1.53053,0.802163,-1.59842
0.038261,0.465583,0.0366293;-1.79452,0.873811,-1.41233
0.0387824,0.462165,0.0333978;-1.70502,0.813719,-1.48027
0.0334507,0.453829,0.0284462;-1.57472,0.733568,-1.56825
0.0317838,0.453353,0.0286167;-1.57106,0.681573,-1.5687
0.0322622,0.453718,0.028573;-1.57042,0.721232,-1.57111
0.0348954,0.454199,0.0289681;-1.55558,0.786149,-1.58083
0.0640332,0.485683,0.0414594;-1.76832,0.94264,-1.42848
0.0714751,0.490884,0.0357376;-1.78608,0.876075,-1.41485
0.0657649,0.480963,0.028846;-1.58344,0.810329,-1.56579
0.0635835,0.479974,0.0286264;-1.57209,0.758944,-1.56859
0.0644974,0.480785,0.0285778;-1.57054,0.814901,-1.57112
0.0661027,0.480898,0.0286208;-1.56711,0.866852,-1.57393
0.0962493,0.505309,0.0410094;-1.75708,1.03637,-1.42591
0.105456,0.510644,0.0360992;-1.81537,0.964465,-1.38224
0.0995241,0.501817,0.0288582;-1.58539,0.905458,-1.56363
0.097841,0.501461,0.0286523;-1.57439,0.860335,-1.56624
0.0991835,0.502294,0.0285831;-1.57088,0.923947,-1.57045
0.100067,0.502149,0.0286033;-1.56945,0.967487,-1.57389
0.131524,0.523949,0.0409076;-1.79688,1.13382,-1.3827
0.142087,0.52989,0.0357962;-1.84877,1.07658,-1.33885
0.13599,0.523671,0.0289766;-1.60302,1.03569,-1.54603
0.133453,0.522818,0.0286066;-1.57131,0.971647,-1.56881
0.134284,0.52335,0.0285726;-1.57156,1.02578,-1.57032
0.13511,0.523281,0.0285815;-1.57051,1.05328,-1.57117
0.163483,0.537167,0.0397695;-1.72459,1.22174,-1.43208
0.174891,0.542466,0.0348816;-1.84966,1.17143,-1.31704
0.171279,0.539843,0.0321929;-1.72939,1.15541,-1.42544
0.163389,0.53457,0.0286063;-1.57156,1.03898,-1.56922
0.163549,0.534501,0.0287044;-1.57688,1.05107,-1.562
0.164152,0.534589,0.0285773;-1.57071,1.09294,-1.57085
0.168243,0.534551,0.0293901;-1.52919,1.16678,-1.60813
0.205089,0.551111,0.0385424;-1.9493,1.28079,-1.21514
0.206634,0.54885,0.0333749;-1.84038,1.21699,-1.32364
0.19824,0.542887,0.0284405;-1.57142,1.14062,-1.57352
0.196905,0.542842,0.0286156;-1.57112,1.09071,-1.56868
0.19777,0.543415,0.0285766;-1.57059,1.13308,-1.57118
0.199331,0.543118,0.0286269;-1.56337,1.18771,-1.57769
0.234016,0.555719,0.0408478;-1.95413,1.34706,-1.20704
0.244567,0.557787,0.0348271;-2.01791,1.28077,-1.14957
0.236083,0.551575,0.0286338;-1.54618,1.22574,-1.59558
0.234541,0.551807,0.0286372;-1.57499,1.18374,-1.56511
0.235702,0.552183,0.0285933;-1.5709,1.24335,-1.56996
0.236561,0.551755,0.0285794;-1.56911,1.28978,-1.57256
0.271384,0.560318,0.0402053;-2.20711,1.43988,-0.950071
0.284405,0.563069,0.0347207;-2.26742,1.38038,-0.889569
0.275482,0.558775,0.0286468;-1.53985,1.3524,-1.60033
0.273169,0.559179,0.028619;-1.57159,1.28166,-1.56817
0.274219,0.559428,0.0286238;-1.57108,1.32553,-1.56834
0.275071,0.558998,0.0285781;-1.57053,1.36658,-1.57118
0.306014,0.563233,0.0387111;-2.62511,1.51137,-0.52135
0.319559,0.565706,0.0374527;-2.83859,1.45752,-0.310099
0.316311,0.562921,0.0313355;-2.12314,1.46324,-1.02518
0.309223,0.561895,0.0286576;-1.58441,1.38621,-1.55616
0.309659,0.561983,0.0286484;-1.57841,1.39729,-1.56071
0.310401,0.562071,0.0285766;-1.57121,1.43908,-1.57048
0.328966,0.560904,0.0333685;1.11953,1.54401,2.02465
0.351966,0.564472,0.0403058;2.38942,1.43727,0.746056
0.36082,0.56405,0.0344864;2.68866,1.44503,0.44861
0.348035,0.561482,0.0285515;-1.58504,1.49535,-1.55647
0.347301,0.561682,0.0286095;-1.57189,1.47581,-1.56819
0.348407,0.561561,0.0286818;-1.60201,1.50362,-1.53679
0.355431,0.558986,0.0298232;1.24806,1.50518,1.89512
0.378045,0.558432,0.0374759;1.85144,1.40769,1.29109
0.394411,0.559491,0.037584;2.18262,1.36736,0.959621
0.381851,0.554669,0.0285195;0,1.56838,3.1387
0.380941,0.555166,0.028598;-1.6211,1.53705,-1.52031
0.381095,0.555139,0.028621;-1.57735,1.54054,-1.5622
0.383527,0.553713,0.0286966;1.4851,1.49665,1.65579
0.398502,0.551281,0.0330179;1.44766,1.40707,1.6964
0.421757,0.551356,0.040942;1.93453,1.31622,1.20737
0.417968,0.546438,0.0286164;1.50554,1.47865,1.63631
0.416276,0.547647,0.0285615;1.58893,1.52797,1.55272
0.415749,0.547638,0.0285933;1.5758,1.54538,1.56657
0.417331,0.546656,0.0286026;1.56115,1.44994,1.58022
0.426566,0.543362,0.0312544;1.41,1.3647,1.73021
0.450797,0.541189,0.0406833;1.79313,1.27004,1.34983
0.454647,0.536824,0.0285332;1.51577,1.39578,1.62618
0.453193,0.53826,0.0285685;1.57332,1.44551,1.56834
0.452421,0.538331,0.0286177;1.57287,1.47398,1.57059
0.453864,0.537771,0.0285763;1.56963,1.38673,1.57207
0.462422,0.533988,0.0308843;1.45832,1.3026,1.6806
0.485695,0.529512,0.0398336;1.74648,1.20236,1.39966
0.491718,0.525115,0.030042;1.69364,1.29731,1.4488
0.488443,0.52584,0.0285776;1.56843,1.35423,1.57304
0.487684,0.526373,0.0286172;1.57898,1.38313,1.5637
0.488866,0.525757,0.0285792;1.57102,1.32108,1.57065
0.491575,0.523335,0.0290837;1.53219,1.25053,1.60854
0.510127,0.516711,0.0349067;1.5943,1.15506,1.55244
0.534134,0.509096,0.0336939;1.81282,1.14548,1.34193
0.523021,0.510119,0.0286249;1.544,1.25094,1.59817
0.522489,0.510979,0.0286364;1.55857,1.29485,1.58333
0.522969,0.510865,0.0285904;1.57153,1.27488,1.57079
0.523431,0.510058,0.0285793;1.5707,1.22665,1.57065
0.530846,0.505063,0.0305246;1.502,1.14027,1.63629
0.566525,0.492141,0.0364757;1.81322,1.0434,1.35144
0.558452,0.491229,0.0313344;1.71174,1.14568,1.43897
0.55184,0.492963,0.0285701;1.57115,1.22211,1.56965
0.551479,0.493338,0.0286265;1.57142,1.24758,1.57252
0.552357,0.492961,0.028579;1.5711,1.2037,1.5705
0.554114,0.490658,0.0288897;1.54498,1.13228,1.59538
0.592098,0.474732,0.0405782;1.74815,0.979158,1.41245
0.595542,0.470081,0.0342206;1.78392,1.04341,1.37763
0.583909,0.47205,0.0284862;1.56031,1.14244,1.58051
0.582998,0.473159,0.028612;1.57188,1.19185,1.57121
0.584028,0.472768,0.0285605;1.56922,1.1461,1.57074
0.584686,0.471455,0.0286073;1.56629,1.0951,1.57416
0.614238,0.454025,0.0403851;1.68675,0.915617,1.47117
0.624529,0.446654,0.0349388;1.78236,0.956263,1.38418
0.615146,0.448882,0.0285601;1.55274,1.04707,1.58666
0.613946,0.450873,0.0286053;1.57104,1.1161,1.57185
0.61492,0.450219,0.0286023;1.57122,1.06813,1.57164
0.615274,0.449371,0.0285696;1.57133,1.02078,1.56983
0.615274,0.449371,0.0285696;1.57133,1.02078,1.56983
0.623139,0.442017,0.0308972;1.52702,0.933011,1.6081
0.623139,0.442017,0.0308972;1.52702,0.933011,1.6081
