-0.125,0.125,0.06;-1.57,-2.98023e-08,-1.57
-0.125,0.125,0.06;-1.57,-2.98023e-08,-1.57
-0.125,0.125,0.06;-1.57,-2.98023e-08,-1.57
-0.12558,0.120201,0.0285971;-1.57087,-0.15283,-1.56997
-0.125218,0.121068,0.0285669;-1.57092,-0.101114,-1.57124
-0.124002,0.131013,0.0307228;-1.53971,-0.0160782,-1.57113
-0.128333,0.162917,0.0337662;-1.66589,0.087769,-1.57215
-0.125707,0.157832,0.0285466;-1.57157,-0.0347916,-1.5709
-0.126254,0.156269,0.0286092;-1.57107,-0.0772562,-1.56951
-0.126196,0.156417,0.0286274;-1.57101,-0.0762236,-1.56848
-0.12605,0.158708,0.0285819;-1.57065,0.0269997,-1.57099
-0.124166,0.165247,0.030056;-1.5454,0.106324,-1.57436
-0.122719,0.187494,0.037868;-1.61693,0.193135,-1.5712
-0.119887,0.197936,0.0314274;-1.62673,0.154284,-1.56784
-0.118649,0.192305,0.0285043;-1.56995,0.0842094,-1.57085
-0.11928,0.191279,0.0285921;-1.57133,0.047844,-1.5695
-0.119179,0.192115,0.0285777;-1.57099,0.0931186,-1.5708
-0.117926,0.196496,0.0291536;-1.56012,0.166925,-1.57395
-0.115794,0.217023,0.0354121;-1.617,0.257357,-1.56989
-0.114185,0.234098,0.0355447;-1.69492,0.273549,-1.55394
-0.11152,0.230918,0.0312182;-1.6255,0.210423,-1.56526
-0.111626,0.226781,0.0285787;-1.57048,0.16099,-1.57113
-0.111671,0.226743,0.02858;-1.5708,0.167395,-1.5708
-0.111252,0.227179,0.0285753;-1.57028,0.218204,-1.57165
-0.108734,0.235515,0.0299031;-1.55506,0.296557,-1.57609
-0.104931,0.253538,0.0339951;-1.63747,0.341564,-1.55422
-0.102601,0.25505,0.0293241;-1.59242,0.296104,-1.56842
-0.103823,0.252649,0.0285981;-1.57087,0.190713,-1.5699
-0.103663,0.253291,0.0286286;-1.57096,0.208973,-1.56829
-0.103204,0.254037,0.028578;-1.57087,0.260993,-1.57087
-0.095247,0.274791,0.0334203;-1.57287,0.417569,-1.57298
-0.0904927,0.296034,0.0391909;-1.68431,0.46501,-1.53454
-0.0867853,0.302342,0.0336068;-1.67705,0.436094,-1.53485
-0.0884876,0.294299,0.0285931;-1.57002,0.331898,-1.57065
-0.0888608,0.29381,0.0286049;-1.57095,0.318252,-1.56945
-0.0883842,0.294646,0.0286266;-1.57091,0.354911,-1.5684
-0.0838367,0.300448,0.0299203;-1.54761,0.479058,-1.58285
-0.0745703,0.320089,0.0374757;-1.63313,0.566014,-1.54668
-0.0687913,0.333116,0.0367209;-1.69652,0.567524,-1.51624
-0.0685546,0.325227,0.0285544;-1.57011,0.452252,-1.57168
-0.0697803,0.32436,0.0285915;-1.57109,0.418695,-1.56991
-0.0695853,0.324671,0.0286151;-1.57096,0.425807,-1.56892
-0.067639,0.326588,0.0287515;-1.56114,0.53346,-1.57575
-0.0587396,0.340236,0.0328441;-1.56322,0.622577,-1.57748
-0.0487793,0.359218,0.0400752;-1.69139,0.679927,-1.51071
-0.0459354,0.357772,0.0286375;-1.57091,0.573101,-1.57365
-0.0469667,0.357261,0.0285676;-1.57105,0.542595,-1.57063
-0.0472501,0.357121,0.0286076;-1.57097,0.537393,-1.56944
-0.0456354,0.358429,0.0285804;-1.57072,0.643037,-1.5714
-0.0382365,0.365825,0.0308483;-1.53705,0.726165,-1.59563
-0.0234717,0.383682,0.0394209;-1.67588,0.807291,-1.50924
-0.0170899,0.386407,0.0285436;-1.56711,0.717478,-1.5743
-0.0180872,0.385967,0.0285866;-1.57003,0.682572,-1.57099
-0.01841,0.385699,0.0286156;-1.57104,0.673016,-1.56888
-0.0168997,0.386834,0.0285837;-1.57022,0.790361,-1.57202
-0.00871664,0.392883,0.0307283;-1.53301,0.867651,-1.60337
0.0077168,0.41016,0.0394059;-1.69549,0.946722,-1.4856
0.0154307,0.414243,0.0288764;-1.58912,0.893248,-1.55925
0.0140342,0.413437,0.0285754;-1.57065,0.845173,-1.57117
0.012857,0.413097,0.0286034;-1.57092,0.812495,-1.56955
0.014205,0.4141,0.0285787;-1.57094,0.889829,-1.57061
0.0191474,0.416503,0.0297588;-1.53722,0.958317,-1.60041
0.036441,0.43008,0.0369868;-1.65894,1.05242,-1.50353
0.0468032,0.43701,0.0328584;-1.72494,1.02215,-1.44638
0.0425717,0.430151,0.0285167;-1.55881,0.949058,-1.58034
0.0415497,0.430087,0.0285796;-1.57035,0.908646,-1.57081
0.0416819,0.430207,0.02858;-1.5708,0.923944,-1.57078
0.0427602,0.430421,0.0285682;-1.57133,0.979706,-1.57056
0.0519674,0.43574,0.0302701;-1.55404,1.06344,-1.58688
0.0755012,0.454619,0.0365478;-1.87559,1.12085,-1.3153
0.0776931,0.451665,0.0327598;-1.74375,1.07738,-1.4254
0.0732482,0.44707,0.0284702;-1.57496,1.02367,-1.56734
0.0721464,0.447376,0.0285998;-1.57139,0.984991,-1.56913
0.0727051,0.447457,0.0285785;-1.57059,1.0272,-1.57118
0.0754333,0.447722,0.028839;-1.5489,1.09297,-1.59063
0.110254,0.466573,0.0413111;-1.90316,1.23166,-1.27906
0.11847,0.468904,0.035474;-1.90627,1.1767,-1.27643
0.113118,0.463804,0.0288341;-1.58662,1.14417,-1.5619
0.111501,0.463789,0.0286031;-1.57152,1.11233,-1.56902
0.113011,0.464337,0.0285624;-1.57219,1.17673,-1.57076
0.114702,0.464324,0.0285843;-1.56662,1.22887,-1.57465
0.149979,0.477549,0.0405936;-2.06816,1.36964,-1.1043
0.160567,0.478985,0.03576;-2.07632,1.31335,-1.09794
0.155656,0.474789,0.0287548;-1.58403,1.29136,-1.56431
0.153793,0.474843,0.0286006;-1.57126,1.24272,-1.56935
0.155476,0.474954,0.0285751;-1.57004,1.30725,-1.57193
0.156514,0.474708,0.0286205;-1.56809,1.35452,-1.57664
0.192418,0.48285,0.039745;-2.74553,1.45829,-0.423828
0.203631,0.483675,0.0356426;-2.54499,1.42993,-0.622586
0.198567,0.481202,0.0289269;-1.68201,1.45281,-1.46404
0.196665,0.481413,0.028599;-1.57142,1.40404,-1.56923
0.197894,0.481298,0.0285777;-1.57014,1.46681,-1.57151
0.198553,0.480934,0.0285735;-1.57048,1.4958,-1.57136
0.229555,0.481856,0.0388376;2.16808,1.45761,0.963663
0.242498,0.481295,0.0342575;2.61637,1.44857,0.517967
0.240159,0.480823,0.0320591;2.52098,1.48879,0.615987
0.233166,0.479542,0.0285957;-1.57102,1.5134,-1.56976
0.233544,0.479619,0.0286427;-1.57258,1.53566,-1.56596
0.234244,0.479401,0.0285805;1.56569,1.56105,1.57581
0.238081,0.477903,0.0291498;1.42751,1.48411,1.71263
0.276966,0.476413,0.0389994;2.01591,1.34544,1.12238
0.279207,0.474177,0.0329656;2.11098,1.40438,1.02803
0.27249,0.473193,0.028465;1.61321,1.49106,1.52816
0.271754,0.473786,0.0286098;1.5736,1.51635,1.56955
0.272612,0.473725,0.0285709;1.56205,1.4689,1.58016
0.273892,0.472713,0.0286124;1.55749,1.41174,1.58396
0.309265,0.466098,0.0403789;1.82972,1.23828,1.30882
0.31936,0.462843,0.0344997;1.97035,1.2654,1.1717
0.312305,0.462307,0.0285869;1.55107,1.34527,1.58538
0.31074,0.463432,0.028603;1.57285,1.39654,1.57008
0.311907,0.462946,0.0285933;1.57104,1.33985,1.57128
0.312677,0.46226,0.0285654;1.56793,1.29225,1.57306
0.344531,0.452172,0.0394714;1.75446,1.11474,1.38705
0.356643,0.447152,0.0345685;1.84041,1.13456,1.3125
0.349961,0.447691,0.0286156;1.56786,1.1988,1.57203
0.348626,0.449364,0.0286124;1.57127,1.25168,1.57202
0.3498,0.448754,0.0286211;1.57079,1.20383,1.57274
0.35045,0.4479,0.0285732;1.57183,1.15767,1.56974
0.377426,0.432346,0.0380194;1.68269,0.989034,1.46511
0.389972,0.426163,0.0364212;1.76789,0.988092,1.3924
0.388519,0.425697,0.0311011;1.67158,1.0309,1.47877
0.384546,0.428063,0.0285948;1.57113,1.10032,1.57146
0.385441,0.427571,0.0286176;1.57108,1.08211,1.57248
0.386175,0.427078,0.028545;1.57414,1.03804,1.56813
0.400004,0.41593,0.0331637;1.55457,0.890002,1.58055
0.418909,0.404463,0.0401701;1.70971,0.822859,1.45307
0.425581,0.398652,0.0342098;1.73686,0.851251,1.43411
0.416548,0.402933,0.0285766;1.57032,0.956999,1.57098
0.416187,0.403723,0.0286025;1.57116,0.979714,1.5716
0.416726,0.403098,0.0286337;1.57094,0.948733,1.57333
0.421154,0.396874,0.0297861;1.54201,0.821101,1.59071
0.438457,0.381739,0.0370099;1.63764,0.72977,1.51666
0.450743,0.372236,0.0369436;1.71974,0.709683,1.4575
0.444893,0.37356,0.0285136;1.57342,0.826115,1.56798
0.444173,0.375377,0.0285962;1.57105,0.868809,1.57146
0.444327,0.37523,0.0286141;1.57108,0.868422,1.57223
0.445515,0.372722,0.028677;1.56297,0.764112,1.57593
0.45493,0.360892,0.0323736;1.55357,0.678844,1.57927
0.471361,0.345533,0.0409728;1.67564,0.610063,1.49373
0.469085,0.341801,0.0285946;1.56671,0.72029,1.57047
0.46873,0.343059,0.0285714;1.57033,0.753523,1.57107
0.468668,0.343284,0.0286029;1.5711,0.760634,1.57174
0.469595,0.341253,0.0285835;1.57048,0.652337,1.57097
0.474878,0.332277,0.0309859;1.54214,0.571158,1.58283
0.48932,0.314286,0.0394988;1.65905,0.481006,1.51232
0.490823,0.307649,0.0286342;1.57078,0.56766,1.5682
0.490737,0.308501,0.0286381;1.56713,0.601406,1.57287
0.490715,0.308963,0.0286084;1.571,0.616008,1.57217
0.491218,0.306648,0.0285878;1.5699,0.505465,1.57115
0.494431,0.297765,0.0304895;1.54658,0.425816,1.57736
0.50574,0.277341,0.0388823;1.65004,0.337382,1.52929
0.508008,0.268377,0.0297824;1.6084,0.397235,1.5517
0.507188,0.270383,0.0285781;1.57032,0.437167,1.57096
0.507256,0.271206,0.0285909;1.57111,0.463984,1.57141
0.507679,0.269744,0.0285771;1.57106,0.385964,1.57074
0.507621,0.266451,0.0290188;1.55896,0.31642,1.5734
0.514431,0.246828,0.0343244;1.58643,0.228307,1.56164
0.52352,0.222083,0.0333907;1.66494,0.21755,1.54221
0.519936,0.22858,0.0285795;1.57069,0.278312,1.57082
0.520231,0.229284,0.028632;1.5675,0.31463,1.57216
0.520579,0.228876,0.0285854;1.57078,0.29644,1.57115
0.520223,0.22811,0.028578;1.57081,0.25074,1.57066
0.520947,0.219451,0.0303592;1.54302,0.172825,1.57365
0.530837,0.184058,0.0362699;1.68616,0.0903736,1.54582
0.52735,0.1874,0.0311134;1.62405,0.157815,1.55732
0.525848,0.191397,0.028553;1.57085,0.206325,1.57066
0.526306,0.191986,0.0286198;1.571,0.229316,1.57272
0.526427,0.191184,0.0285735;1.57067,0.183021,1.57033
0.525894,0.188554,0.0288336;1.56067,0.114967,1.57161
0.531173,0.149624,0.0397424;1.67495,-0.0320747,1.55682
0.529545,0.143794,0.0339119;1.67435,0.022248,1.55812
0.527118,0.150938,0.0285653;1.56894,0.0799784,1.56968
0.527644,0.152004,0.028605;1.57096,0.113659,1.57199
0.527482,0.150808,0.0285754;1.57087,0.0642838,1.57061
0.526816,0.149931,0.0285734;1.57054,0.0158894,1.57066
0.526422,0.117014,0.0399306;1.64612,-0.151492,1.56613
0.525309,0.104128,0.0348883;1.68125,-0.11997,1.56809
0.524012,0.110226,0.0285637;1.56589,-0.0654919,1.56646
0.524671,0.111857,0.0286108;1.57119,-0.0229737,1.5724
0.524374,0.110684,0.0286022;1.57094,-0.0805205,1.57202
0.523722,0.109956,0.0285925;1.56967,-0.126864,1.57016
0.523722,0.109956,0.0285925;1.56967,-0.126864,1.57016
0.521428,0.100092,0.0306752;1.55066,-0.208943,1.56213
0.521428,0.100092,0.0306752;1.55066,-0.208943,1.56213
