-0.125,0.125,0.06;-1.57,-2.98023e-08,-1.57
-0.125,0.125,0.06;-1.57,-2.98023e-08,-1.57
-0.125,0.125,0.06;-1.57,-2.98023e-08,-1.57
-0.125564,0.120456,0.0286041;-1.57073,-0.162395,-1.56972
-0.124967,0.121224,0.0285846;-1.57046,-0.116576,-1.57102
-0.122327,0.13104,0.0319953;-1.51686,-0.0406514,-1.57221
-0.122033,0.159227,0.035572;-1.69917,0.0395302,-1.57322
-0.120202,0.148857,0.0285701;-1.56998,-0.0845237,-1.57102
-0.120077,0.147817,0.0286588;-1.57179,-0.115241,-1.56809
-0.120037,0.147959,0.0286704;-1.57114,-0.109808,-1.56638
-0.119898,0.149899,0.0285708;-1.57102,-0.0248093,-1.57096
-0.116874,0.157295,0.0316103;-1.52261,0.0414997,-1.57676
-0.113784,0.18044,0.0398177;-1.56421,0.148099,-1.57578
-0.111887,0.188047,0.0322288;-1.63452,0.107522,-1.56475
-0.112211,0.178779,0.028446;-1.57327,0.0262259,-1.57066
-0.112447,0.177897,0.0286761;-1.57305,-0.000808478,-1.56842
-0.112277,0.179052,0.0285786;-1.57091,0.0486502,-1.5708
-0.109633,0.183991,0.0302556;-1.54195,0.10848,-1.57657
-0.103911,0.20559,0.0383236;-1.53777,0.211298,-1.58172
-0.102145,0.224025,0.0374764;-1.73989,0.228305,-1.54401
-0.10073,0.217309,0.0330642;-1.65973,0.160432,-1.56203
-0.101712,0.208754,0.0285612;-1.57074,0.0879877,-1.57091
-0.101775,0.208565,0.0285813;-1.57072,0.0881395,-1.57074
-0.101154,0.209152,0.0285853;-1.57003,0.131846,-1.57108
-0.0971457,0.217689,0.0318273;-1.52138,0.203063,-1.58413
-0.0928878,0.235803,0.0362093;-1.61705,0.255744,-1.56123
-0.0915807,0.237115,0.0310427;-1.62411,0.218197,-1.56319
-0.0935877,0.230721,0.0286945;-1.57367,0.11128,-1.56728
-0.0933949,0.231753,0.0287166;-1.57386,0.133974,-1.56601
-0.0933617,0.232536,0.028582;-1.57075,0.178201,-1.57052
-0.0835974,0.250802,0.0361757;-1.48,0.325481,-1.60278
-0.0786679,0.272296,0.0411921;-1.68562,0.386982,-1.536
-0.0758463,0.278431,0.0362936;-1.72941,0.362837,-1.52197
-0.0796763,0.265025,0.02859;-1.57038,0.249276,-1.57022
-0.079771,0.264465,0.0286378;-1.57124,0.233335,-1.56776
-0.0794701,0.265447,0.0286548;-1.57104,0.266365,-1.56684
-0.073466,0.271641,0.0314854;-1.52096,0.382049,-1.59286
-0.0620097,0.292248,0.0400966;-1.56367,0.488952,-1.57896
-0.0559012,0.308004,0.037278;-1.75979,0.485562,-1.49232
-0.0603573,0.292875,0.0285378;-1.57091,0.357327,-1.57034
-0.0610319,0.291978,0.0286748;-1.573,0.332242,-1.56764
-0.0608656,0.292277,0.0286634;-1.57112,0.344096,-1.56657
-0.0583375,0.294448,0.0291436;-1.55289,0.438099,-1.58013
-0.0473893,0.308498,0.035348;-1.47554,0.528535,-1.62243
-0.0379242,0.328851,0.0418606;-1.70283,0.598525,-1.50715
-0.0382129,0.321873,0.0286438;-1.556,0.476573,-1.58162
-0.0393552,0.321037,0.0285665;-1.57024,0.439481,-1.57136
-0.0394585,0.320721,0.0286413;-1.57097,0.434869,-1.56779
-0.0379184,0.322414,0.0286232;-1.56828,0.530841,-1.57233
-0.0298327,0.329349,0.0330609;-1.48901,0.603998,-1.6231
-0.0156824,0.348011,0.0416609;-1.62843,0.709127,-1.5417
-0.013248,0.348036,0.0286346;-1.55133,0.612316,-1.58667
-0.0145062,0.347368,0.0285887;-1.56984,0.570509,-1.57083
-0.0148308,0.346878,0.0286493;-1.57103,0.5604,-1.56717
-0.0132278,0.348648,0.0286447;-1.56621,0.678638,-1.57473
-0.0035283,0.354894,0.0329781;-1.48057,0.74929,-1.63886
0.0135719,0.372352,0.0413901;-1.64984,0.855234,-1.52115
0.018526,0.374945,0.0286386;-1.57125,0.795737,-1.57309
0.0164463,0.373924,0.0285721;-1.56973,0.732802,-1.57102
0.0157453,0.373248,0.0286781;-1.5731,0.710438,-1.56631
0.0173503,0.374481,0.0285794;-1.57083,0.791796,-1.57067
0.0241082,0.377072,0.0310081;-1.51092,0.855751,-1.61931
0.0434118,0.391209,0.039157;-1.55794,0.963193,-1.58603
0.051988,0.397671,0.0345244;-1.75155,0.927854,-1.42998
0.0446379,0.388547,0.0284676;-1.54362,0.847714,-1.59481
0.0428742,0.388124,0.0285673;-1.5707,0.804846,-1.57071
0.0430342,0.388227,0.0285809;-1.57089,0.817031,-1.57066
0.043984,0.388185,0.02859;-1.5699,0.862494,-1.57158
0.0536841,0.392534,0.0328519;-1.46181,0.939464,-1.66306
0.0805624,0.412723,0.0386141;-1.92113,1.00641,-1.28563
0.0794965,0.409114,0.0352784;-1.79824,0.965952,-1.39061
0.0711415,0.401017,0.0284162;-1.57361,0.897983,-1.56819
0.0701339,0.400894,0.0286486;-1.57138,0.866524,-1.56688
0.0708377,0.40141,0.0285529;-1.57045,0.912668,-1.56954
0.0736051,0.401556,0.029393;-1.53827,0.963078,-1.59981
0.110862,0.423665,0.042608;-1.88666,1.11758,-1.30471
0.118754,0.426698,0.0382585;-1.94786,1.0513,-1.25135
0.108272,0.416788,0.029065;-1.60494,0.995441,-1.54722
0.104347,0.41514,0.0286778;-1.57444,0.943627,-1.56522
0.105264,0.416112,0.028557;-1.572,0.998715,-1.57135
0.106852,0.415737,0.0288759;-1.54474,1.04294,-1.5962
0.142449,0.430915,0.0420121;-1.85298,1.21114,-1.32221
0.152955,0.434946,0.0380964;-2.0165,1.13512,-1.1744
0.14302,0.427623,0.0289016;-1.59211,1.10787,-1.55753
0.139856,0.427382,0.0286883;-1.57566,1.05422,-1.56374
0.141132,0.427866,0.0286229;-1.57143,1.11725,-1.56779
0.142409,0.427519,0.0287276;-1.55988,1.16298,-1.58392
0.180192,0.438029,0.0417346;-2.02321,1.31775,-1.14931
0.192263,0.44099,0.0379038;-2.16816,1.25079,-1.01029
0.183082,0.437622,0.0292698;-1.6359,1.26357,-1.51278
0.178836,0.437488,0.0286456;-1.57214,1.1926,-1.56689
0.180366,0.438059,0.028488;-1.56137,1.25378,-1.58078
0.180972,0.437737,0.0285776;-1.57106,1.27897,-1.57073
0.213145,0.440347,0.0408702;-1.7732,1.44611,-1.37664
0.226857,0.442625,0.0365139;-2.39769,1.35965,-0.763143
0.221203,0.441045,0.0328709;-2.02177,1.39336,-1.12879
0.210829,0.438558,0.0286101;-1.57201,1.30253,-1.56778
0.211502,0.438898,0.0287368;-1.58113,1.33313,-1.55555
0.212518,0.43897,0.0285772;-1.56947,1.38058,-1.57251
0.217032,0.437075,0.0299821;-1.36378,1.43895,-1.77862
0.257692,0.438841,0.0398348;3.06268,1.43438,0.0697682
0.258517,0.436541,0.0356773;-2.79858,1.42697,-0.353635
0.245993,0.434588,0.0285651;-1.54897,1.44481,-1.59329
0.24503,0.434779,0.0286506;-1.57518,1.40018,-1.56326
0.246378,0.435216,0.0285736;-1.57278,1.45171,-1.56886
0.247512,0.434284,0.0287687;-1.43712,1.50158,-1.70417
0.284583,0.431815,0.0421916;2.21127,1.44481,0.924276
0.297322,0.43194,0.0373785;2.76191,1.38879,0.373581
0.285409,0.431947,0.0287354;0.472883,1.55501,2.66389
0.282127,0.43297,0.0286621;-1.58757,1.50342,-1.55119
0.283144,0.432919,0.0286289;-1.57385,1.5505,-1.56504
0.283772,0.432301,0.0286265;1.47468,1.54687,1.66662
0.317454,0.425143,0.041715;1.82548,1.36663,1.31081
0.331248,0.423274,0.03691;2.33922,1.33145,0.805625
0.319574,0.423709,0.0287999;1.48157,1.45534,1.6579
0.31719,0.424779,0.0286489;1.57476,1.51867,1.57018
0.318826,0.424626,0.0286435;1.57262,1.47265,1.57202
0.319731,0.423901,0.0285774;1.57103,1.42866,1.57016
0.34906,0.41227,0.0401131;1.59364,1.25682,1.54393
0.364737,0.40877,0.0374172;2.08023,1.21614,1.07976
0.359341,0.408928,0.0326849;1.86146,1.28689,1.28589
0.351798,0.412327,0.0286682;1.58006,1.38687,1.56423
0.352158,0.412377,0.028668;1.57822,1.37197,1.56751
0.353172,0.412514,0.0285706;1.57102,1.32202,1.57043
0.36925,0.40193,0.0354691;1.33127,1.16904,1.78878
0.389183,0.394482,0.0418744;1.7919,1.09737,1.36315
0.398005,0.390752,0.0371844;1.94204,1.10287,1.22706
0.383697,0.396374,0.0285622;1.56921,1.2489,1.57267
0.383048,0.396655,0.0286468;1.5715,1.26587,1.57336
0.383937,0.396193,0.0286709;1.57146,1.23546,1.57471
0.389364,0.390831,0.0312779;1.46884,1.12528,1.65928
0.40879,0.37905,0.0393829;1.53941,1.02047,1.59482
0.4246,0.371307,0.0378883;1.87182,0.986163,1.30695
0.409056,0.3759,0.0285593;1.57282,1.14572,1.56896
0.408144,0.376575,0.0286712;1.57735,1.17333,1.56654
0.408295,0.376513,0.0286579;1.57226,1.16397,1.57329
0.41054,0.373819,0.0290626;1.53825,1.05105,1.59665
0.423691,0.361727,0.0352491;1.41605,0.955958,1.69388
0.44428,0.349636,0.0419407;1.74467,0.870679,1.4245
0.43803,0.349754,0.0288928;1.54218,1.00294,1.59328
0.436385,0.352553,0.0285571;1.57557,1.05866,1.56902
0.435755,0.352915,0.0286412;1.57145,1.08085,1.57328
0.436841,0.351191,0.0286804;1.56164,0.992626,1.5777
0.445112,0.341042,0.0330825;1.46201,0.910525,1.65087
0.464375,0.326358,0.0415096;1.67042,0.80933,1.48729
0.464325,0.323925,0.0285398;1.54174,0.908815,1.58803
0.463453,0.325624,0.0285767;1.57055,0.9597,1.57163
0.46266,0.32606,0.0286473;1.57117,0.981444,1.57372
0.464082,0.324359,0.0286198;1.56569,0.889852,1.57251
0.469548,0.315727,0.0326188;1.48235,0.818008,1.62921
0.48617,0.299037,0.0411527;1.62784,0.714887,1.52463
0.489286,0.294025,0.0308267;1.63728,0.780168,1.5198
0.486413,0.29807,0.0285809;1.56984,0.831377,1.57129
0.485802,0.298956,0.0286773;1.57352,0.857554,1.57164
0.486598,0.297914,0.0285791;1.57087,0.79074,1.57079
0.487098,0.294526,0.0296953;1.54072,0.734431,1.58868
0.497487,0.277207,0.0371531;1.48466,0.631529,1.61884
0.514151,0.257755,0.036191;1.7467,0.604806,1.46128
0.505898,0.266755,0.028769;1.55405,0.692093,1.57879
0.505719,0.267981,0.0286068;1.57033,0.737096,1.5727
0.50645,0.267708,0.0286189;1.57162,0.704921,1.57227
0.5064,0.26705,0.0285885;1.57028,0.657469,1.57088
0.509165,0.258167,0.0324004;1.49963,0.591229,1.60557
0.528969,0.224673,0.0375983;1.76889,0.480523,1.46751
0.520834,0.231011,0.0327648;1.66856,0.570021,1.51297
0.515858,0.238208,0.0285813;1.57026,0.644356,1.57059
0.515904,0.238461,0.028673;1.57244,0.659956,1.57378
0.516437,0.237703,0.0285778;1.57094,0.61239,1.5707
0.516085,0.234976,0.0294206;1.54854,0.556979,1.58061
0.535295,0.198267,0.0416237;1.70367,0.396907,1.50749
0.536821,0.192806,0.0369085;1.74651,0.444209,1.48524
0.528721,0.20369,0.0285987;1.55465,0.529693,1.57516
0.528345,0.205796,0.0286375;1.57098,0.575445,1.57354
0.529215,0.204746,0.0285794;1.57105,0.524745,1.57081
0.529031,0.20337,0.0286647;1.56581,0.475982,1.57304
0.540104,0.16892,0.0416915;1.63866,0.296292,1.53988
0.54456,0.155988,0.0371294;1.74605,0.31639,1.50418
0.538904,0.167019,0.0285924;1.5547,0.392445,1.57071
0.53876,0.168976,0.0286487;1.57099,0.444472,1.57396
0.53918,0.167825,0.0285721;1.56825,0.389587,1.57427
0.538851,0.167183,0.0286077;1.57002,0.347566,1.57022
0.538851,0.167183,0.0286077;1.57002,0.347566,1.57022
0.539365,0.155553,0.032934;1.50491,0.274492,1.58163
0.539365,0.155553,0.032934;1.50491,0.274492,1.58163
