-0.125,0.125,0.06;-1.57,-2.98023e-08,-1.57
-0.125,0.125,0.06;-1.57,-2.98023e-08,-1.57
-0.125,0.125,0.06;-1.57,-2.98023e-08,-1.57
-0.125539,0.120323,0.0285723;-1.56981,-0.151388,-1.56882
-0.125283,0.121297,0.0285707;-1.57072,-0.0933713,-1.5714
-0.123926,0.131589,0.0307238;-1.53846,-0.00851829,-1.57075
-0.127923,0.163902,0.033873;-1.66738,0.0907534,-1.5718
-0.125217,0.158332,0.0285627;-1.57097,-0.0361916,-1.5711
-0.125936,0.156881,0.0286045;-1.57094,-0.0810689,-1.56954
-0.125916,0.157063,0.0286275;-1.57097,-0.079917,-1.56849
-0.125627,0.159424,0.0285664;-1.57136,0.0129821,-1.57095
-0.123811,0.165931,0.0300404;-1.54599,0.0944992,-1.57422
-0.12246,0.187775,0.0378386;-1.61759,0.182792,-1.57063
-0.120341,0.197937,0.0313261;-1.62505,0.143249,-1.56855
-0.119197,0.192125,0.0285646;-1.57068,0.0711409,-1.57149
-0.119863,0.190994,0.0285971;-1.57111,0.0423174,-1.56951
-0.119894,0.191818,0.0285763;-1.57085,0.0934735,-1.57063
-0.118627,0.196033,0.0291948;-1.5588,0.158959,-1.5742
-0.11698,0.217231,0.0355855;-1.61633,0.248864,-1.5693
-0.115753,0.235476,0.0356455;-1.69489,0.263686,-1.55531
-0.113545,0.231622,0.0312496;-1.6259,0.200651,-1.56577
-0.113701,0.227141,0.0285606;-1.57025,0.14472,-1.57143
-0.113758,0.227112,0.0285797;-1.57078,0.146318,-1.5708
-0.113303,0.227677,0.0285778;-1.57039,0.194709,-1.57111
-0.110923,0.236073,0.0297814;-1.56058,0.271243,-1.57401
-0.107288,0.254973,0.0336156;-1.6425,0.312936,-1.55389
-0.105025,0.256358,0.0294121;-1.59462,0.269666,-1.56797
-0.106369,0.253634,0.0286017;-1.57083,0.15286,-1.56977
-0.106189,0.254282,0.0286305;-1.57088,0.163113,-1.56828
-0.105946,0.255001,0.0285783;-1.57093,0.211599,-1.57067
-0.0986518,0.274054,0.0335802;-1.56739,0.365686,-1.57538
-0.0941698,0.295143,0.03973;-1.67071,0.412371,-1.54557
-0.0898605,0.302088,0.0335526;-1.6725,0.382464,-1.5415
-0.0917307,0.29337,0.0285857;-1.56988,0.282478,-1.57085
-0.0922813,0.292828,0.0285998;-1.57098,0.263918,-1.56963
-0.0918291,0.293738,0.0286147;-1.57086,0.295201,-1.56904
-0.0876891,0.299886,0.0299009;-1.54785,0.418187,-1.58155
-0.0806636,0.320645,0.0371975;-1.63579,0.507585,-1.55009
-0.0764147,0.333616,0.0364486;-1.69362,0.506714,-1.52476
-0.0761411,0.326302,0.0285559;-1.57115,0.395326,-1.57085
-0.0770263,0.325477,0.0285988;-1.57098,0.375506,-1.56971
-0.0768048,0.325927,0.0286214;-1.57099,0.392298,-1.56858
-0.0746803,0.327766,0.0287507;-1.5611,0.498857,-1.57536
-0.0667606,0.341613,0.0326261;-1.56161,0.587939,-1.57694
-0.0563123,0.360494,0.0399148;-1.68635,0.645041,-1.51669
-0.0526147,0.357039,0.0285504;-1.56795,0.537398,-1.57339
-0.0535955,0.356529,0.0285572;-1.57196,0.513537,-1.57002
-0.0537977,0.356471,0.028589;-1.57129,0.51118,-1.56969
-0.0519721,0.357701,0.0285761;-1.571,0.617716,-1.57117
-0.0452139,0.365016,0.0310151;-1.53396,0.697346,-1.59744
-0.0317705,0.383522,0.0395869;-1.67083,0.781428,-1.51476
-0.0257783,0.386229,0.0286045;-1.56974,0.693492,-1.57349
-0.026516,0.386131,0.0285829;-1.5703,0.661663,-1.57086
-0.0267104,0.386028,0.0286142;-1.57124,0.65624,-1.5687
-0.0247432,0.387558,0.0285726;-1.56879,0.767514,-1.57215
-0.0170608,0.393852,0.0308002;-1.53386,0.846139,-1.60189
-0.00133909,0.410894,0.0395194;-1.68598,0.921922,-1.49445
0.00643558,0.41516,0.0288259;-1.58572,0.867287,-1.56145
0.00549404,0.414268,0.0285737;-1.57048,0.8244,-1.57129
0.00453668,0.413986,0.0285995;-1.57097,0.796251,-1.56948
0.00575058,0.414848,0.0285786;-1.57097,0.874809,-1.57057
0.0104148,0.417275,0.0298402;-1.53623,0.943051,-1.60078
0.0272462,0.431409,0.0371361;-1.64977,1.03522,-1.51196
0.0378397,0.438622,0.0328133;-1.71883,1.01396,-1.45229
0.0337253,0.431754,0.0284918;-1.5556,0.939942,-1.58288
0.0327488,0.431628,0.0285712;-1.5682,0.907773,-1.57186
0.0328646,0.431786,0.0285795;-1.57082,0.927166,-1.57084
0.033722,0.431966,0.0285757;-1.57063,0.982227,-1.57144
0.0424776,0.437374,0.0306102;-1.5416,1.06223,-1.59766
0.0670237,0.456688,0.0365091;-1.87833,1.12644,-1.31181
0.0685834,0.45409,0.0327303;-1.7433,1.08139,-1.42543
0.0640408,0.449444,0.0284643;-1.57566,1.02454,-1.5668
0.0630555,0.44966,0.0286074;-1.57102,0.985851,-1.56926
0.0638556,0.449841,0.0285787;-1.57082,1.0285,-1.57066
0.0662905,0.449904,0.028822;-1.54982,1.09488,-1.58972
0.100999,0.470274,0.0416042;-1.88855,1.23112,-1.29259
0.109495,0.473025,0.0356434;-1.90374,1.17416,-1.27876
0.104097,0.46783,0.0288211;-1.58551,1.14056,-1.56279
0.102264,0.467778,0.0285954;-1.57102,1.09453,-1.56979
0.103498,0.468189,0.0285756;-1.57124,1.15437,-1.57062
0.104998,0.468137,0.0285729;-1.57037,1.20375,-1.57164
0.138921,0.481528,0.0404289;-2.03623,1.35121,-1.1375
0.149085,0.48321,0.0358252;-2.04112,1.29393,-1.1352
0.144122,0.478993,0.0288524;-1.59171,1.27281,-1.55741
0.142644,0.478862,0.0286023;-1.57218,1.22372,-1.56837
0.144323,0.479131,0.0285776;-1.57067,1.29213,-1.57087
0.145321,0.478666,0.0285808;-1.56877,1.33701,-1.5732
0.181722,0.487087,0.0398295;-2.51638,1.44654,-0.652727
0.194113,0.489203,0.0351941;-2.39509,1.41006,-0.773187
0.189033,0.487386,0.0289161;-1.65739,1.42899,-1.48905
0.1876,0.487584,0.0285914;-1.57149,1.38156,-1.56956
0.189207,0.487653,0.0285772;-1.57103,1.45738,-1.57062
0.190071,0.487281,0.0285809;-1.57067,1.49059,-1.57108
0.22127,0.488143,0.0387862;2.21813,1.46348,0.912925
0.234309,0.488721,0.03437;2.66714,1.44976,0.466306
0.231972,0.48839,0.0320643;2.55535,1.49073,0.581353
0.224649,0.487143,0.0285962;-1.56907,1.51529,-1.57157
0.225163,0.487114,0.0286401;-1.57533,1.53413,-1.56323
0.225821,0.486989,0.0285787;1.57384,1.56212,1.56782
0.229046,0.485828,0.0292688;1.38901,1.49022,1.75094
0.267543,0.48393,0.0388543;2.01987,1.33946,1.11843
0.26949,0.481267,0.0329739;2.08713,1.39824,1.05278
0.263141,0.480226,0.0285987;1.56738,1.48202,1.57293
0.262375,0.480814,0.0286079;1.57604,1.5185,1.56705
0.26332,0.480821,0.0285762;1.5715,1.47127,1.57005
0.264448,0.479893,0.0285867;1.56492,1.41225,1.5761
0.301598,0.474034,0.0403176;1.84609,1.24466,1.29367
0.312671,0.47073,0.0344083;1.96038,1.27207,1.18298
0.305952,0.470624,0.0286119;1.55299,1.34246,1.5827
0.304444,0.471732,0.0286076;1.57175,1.38217,1.57131
0.305859,0.471118,0.028597;1.57108,1.3224,1.57145
0.306298,0.470441,0.0285797;1.57085,1.27632,1.57044
0.338186,0.459774,0.0394837;1.7518,1.09832,1.39086
0.350406,0.454737,0.0343753;1.83192,1.11967,1.32127
0.343885,0.455591,0.0284893;1.5535,1.18193,1.58472
0.343062,0.456674,0.0286149;1.57123,1.22815,1.57211
0.34417,0.455875,0.0286177;1.57073,1.17936,1.57265
0.344737,0.455026,0.0285806;1.57032,1.1314,1.57109
0.371121,0.439404,0.0380051;1.6784,0.960351,1.46964
0.383354,0.433504,0.0364145;1.76622,0.956527,1.3965
0.381556,0.432136,0.0311041;1.66594,1.00352,1.48472
0.377483,0.434585,0.0285942;1.57092,1.08311,1.57132
0.377885,0.434327,0.0286156;1.57127,1.06833,1.57229
0.378224,0.433948,0.0285764;1.57077,1.02617,1.57094
0.392681,0.422008,0.0327932;1.56441,0.870299,1.57244
0.411415,0.410406,0.0399745;1.71204,0.803837,1.45253
0.417767,0.405148,0.034204;1.73595,0.830496,1.43767
0.409462,0.409249,0.0285797;1.57015,0.936241,1.57145
0.409198,0.40994,0.0286053;1.57094,0.952412,1.57197
0.4097,0.409243,0.028636;1.5709,0.918884,1.57344
0.414566,0.402547,0.0298185;1.54143,0.786374,1.59033
0.431384,0.387002,0.0370202;1.63804,0.691014,1.51753
0.443775,0.376641,0.0368569;1.71674,0.670248,1.46415
0.437495,0.377867,0.0285655;1.57128,0.781324,1.5703
0.437081,0.379418,0.0285833;1.5714,0.826679,1.5709
0.437321,0.379163,0.0286132;1.57109,0.823233,1.5722
0.438275,0.376681,0.0286592;1.56515,0.720479,1.57434
0.447533,0.364692,0.0324118;1.55556,0.634661,1.57793
0.462134,0.348465,0.0404884;1.67829,0.565843,1.4966
0.46065,0.345076,0.028587;1.56727,0.673722,1.57
0.460388,0.346119,0.0285747;1.57038,0.701867,1.5711
0.460355,0.346326,0.0286081;1.5711,0.703855,1.57186
0.461033,0.343684,0.0285824;1.57033,0.574964,1.57055
0.4662,0.332807,0.0308592;1.54352,0.492386,1.58076
0.479742,0.313181,0.0391322;1.66692,0.404825,1.5131
0.480495,0.306328,0.0286588;1.56734,0.491085,1.57047
0.480725,0.307232,0.0286483;1.56678,0.52771,1.57277
0.480662,0.307719,0.0286035;1.57102,0.546474,1.57183
0.481019,0.305508,0.0285813;1.57066,0.446766,1.57075
0.483507,0.296416,0.0305109;1.54612,0.367191,1.57622
0.49373,0.275289,0.0391714;1.6434,0.282587,1.53582
0.496059,0.266587,0.029885;1.60291,0.344835,1.55524
0.495412,0.268785,0.0285758;1.57072,0.391623,1.57064
0.495403,0.269805,0.0285993;1.57095,0.41896,1.57166
0.495781,0.268505,0.0285787;1.57084,0.345693,1.57075
0.495764,0.265504,0.0290661;1.55875,0.280053,1.57294
0.500975,0.246959,0.0348238;1.58457,0.18862,1.56363
0.50787,0.222067,0.0334585;1.66545,0.176657,1.54519
0.504574,0.228814,0.0285776;1.57056,0.239355,1.57097
0.504972,0.229556,0.0285902;1.57051,0.285008,1.57149
0.505136,0.229108,0.0285839;1.57092,0.258631,1.57113
0.504758,0.228393,0.0285844;1.57053,0.210238,1.57044
0.505317,0.220109,0.0305;1.54072,0.135672,1.57303
0.513615,0.183398,0.0364343;1.68556,0.0474599,1.5501
0.510172,0.186467,0.0311498;1.62376,0.112161,1.55925
0.508894,0.190619,0.0285851;1.57011,0.162536,1.57071
0.509374,0.191069,0.0286121;1.5711,0.18269,1.57253
0.509325,0.190428,0.0285789;1.57096,0.135427,1.57088
0.508577,0.187544,0.0288324;1.56085,0.0654468,1.57104
0.512356,0.1468,0.0401529;1.67036,-0.0736376,1.56151
0.510395,0.140862,0.0339176;1.67385,-0.0209828,1.56187
0.508132,0.14818,0.0285551;1.56713,0.0397559,1.56868
0.508857,0.149352,0.0285992;1.57121,0.0922779,1.57195
0.50873,0.148102,0.0285771;1.57096,0.0386442,1.57049
0.508093,0.147192,0.0285972;1.5699,-0.0183128,1.56994
0.505982,0.112225,0.0397645;1.6508,-0.182241,1.5689
0.504154,0.0991511,0.0344886;1.67919,-0.151325,1.57256
0.503062,0.104844,0.0286008;1.56343,-0.099747,1.56663
0.503816,0.106085,0.0286106;1.57128,-0.038871,1.57234
0.503609,0.105009,0.0285978;1.57093,-0.0963591,1.57169
0.502947,0.104539,0.0285889;1.57047,-0.147569,1.56991
0.502947,0.104539,0.0285889;1.57047,-0.147569,1.56991
0.499903,0.0947197,0.0307644;1.54964,-0.22851,1.56138
0.499903,0.0947197,0.0307644;1.54964,-0.22851,1.56138
