-0.125,0.125,0.06;-1.57,-2.98023e-08,-1.57
-0.125,0.125,0.06;-1.57,-2.98023e-08,-1.57
-0.125,0.125,0.06;-1.57,-2.98023e-08,-1.57
-0.125475,0.119822,0.0285949;-1.5708,-0.164975,-1.57013
-0.12496,0.120717,0.028588;-1.5701,-0.118841,-1.57126
-0.123138,0.130648,0.0311861;-1.53131,-0.0383725,-1.57011
-0.128116,0.166374,0.0338035;-1.66673,0.0847829,-1.57244
-0.126869,0.164362,0.0285724;-1.57003,-0.000576913,-1.57139
-0.127946,0.162616,0.0285986;-1.57102,-0.0491188,-1.5698
-0.127927,0.162381,0.0286196;-1.57087,-0.0599849,-1.56886
-0.127392,0.164533,0.0285798;-1.57057,0.0228325,-1.57103
-0.125038,0.171981,0.0305499;-1.53868,0.0997467,-1.57354
-0.123526,0.195123,0.0383689;-1.61576,0.196142,-1.56681
-0.124953,0.213089,0.0311167;-1.62244,0.247535,-1.56433
-0.124322,0.211227,0.028544;-1.56935,0.192628,-1.5706
-0.125553,0.209964,0.0286378;-1.56978,0.137057,-1.56875
-0.125424,0.210183,0.0285796;-1.57081,0.144446,-1.57077
-0.123708,0.212932,0.0292993;-1.55821,0.210975,-1.57375
-0.119799,0.229122,0.036603;-1.58491,0.286563,-1.56908
-0.117305,0.255059,0.0349692;-1.69128,0.366896,-1.54048
-0.115285,0.255295,0.0314704;-1.63257,0.321828,-1.55736
-0.115638,0.252879,0.0285822;-1.57038,0.295287,-1.57111
-0.115834,0.252738,0.0285797;-1.57076,0.291367,-1.57077
-0.115672,0.252848,0.028579;-1.57082,0.313962,-1.57079
-0.11431,0.2542,0.030137;-1.54756,0.349781,-1.58043
-0.110371,0.262892,0.0364114;-1.54824,0.393532,-1.5773
-0.105306,0.272397,0.0290502;-1.59546,0.402459,-1.56135
-0.106323,0.271372,0.0286433;-1.57081,0.378728,-1.56773
-0.106097,0.271299,0.0286457;-1.57087,0.377376,-1.56751
-0.106049,0.271833,0.0285792;-1.57093,0.402778,-1.57062
-0.101906,0.275176,0.0331485;-1.55164,0.449977,-1.58237
-0.0963193,0.284858,0.0432534;-1.58103,0.505077,-1.56546
-0.0907424,0.295109,0.0373093;-1.61033,0.513164,-1.55082
-0.0918342,0.296773,0.0285919;-1.57059,0.509918,-1.57032
-0.092582,0.295699,0.0286374;-1.57091,0.475795,-1.56794
-0.0922488,0.296119,0.0286573;-1.56955,0.486844,-1.56886
-0.0911556,0.296139,0.029233;-1.56585,0.500925,-1.57473
-0.0865876,0.300425,0.0387118;-1.57529,0.557976,-1.57156
-0.0821063,0.307692,0.0420351;-1.57933,0.579309,-1.56559
-0.0790353,0.31398,0.0285792;-1.57073,0.583815,-1.57092
-0.0797385,0.313578,0.0286491;-1.57089,0.570537,-1.56693
-0.0797769,0.313453,0.0286454;-1.57082,0.562581,-1.5676
-0.0790342,0.313745,0.0285838;-1.57102,0.59176,-1.57091
-0.0761031,0.313423,0.0324115;-1.58213,0.605407,-1.56832
-0.0705672,0.314221,0.0444047;-1.59365,0.636817,-1.55915
-0.0658911,0.319733,0.0286246;-1.5706,0.628083,-1.57321
-0.066401,0.319887,0.0285493;-1.57219,0.629777,-1.56762
-0.0668,0.31985,0.0285504;-1.57063,0.629253,-1.56832
-0.0661165,0.319783,0.0285775;-1.57093,0.648744,-1.57074
-0.0635644,0.319563,0.030011;-1.57587,0.662134,-1.57342
-0.0572207,0.320124,0.041302;-1.61708,0.685287,-1.54592
-0.0536337,0.326072,0.028623;-1.57004,0.65723,-1.57386
-0.0536567,0.326076,0.0285824;-1.57094,0.664503,-1.57052
-0.0535857,0.326127,0.0286407;-1.57081,0.672749,-1.56786
-0.0530858,0.326319,0.028597;-1.57059,0.71063,-1.57171
-0.0503657,0.326295,0.0299157;-1.5823,0.710958,-1.57549
-0.0422051,0.327121,0.0404599;-1.62793,0.73466,-1.54404
-0.0433011,0.327688,0.028546;-1.56861,0.663912,-1.5725
-0.0438596,0.327242,0.0285744;-1.57076,0.653178,-1.57064
-0.043722,0.327509,0.0286223;-1.57084,0.666027,-1.56875
-0.0431254,0.327963,0.0285777;-1.571,0.731775,-1.57061
-0.0418484,0.328303,0.0291318;-1.57172,0.736326,-1.57631
-0.0337744,0.330114,0.0367918;-1.61214,0.752831,-1.55305
-0.0321623,0.332437,0.0320424;-1.63518,0.70794,-1.52364
-0.0351115,0.329023,0.0285805;-1.5708,0.672903,-1.57081
-0.0352739,0.328968,0.0285833;-1.57056,0.669662,-1.57082
-0.0349705,0.329285,0.02858;-1.57082,0.70532,-1.57078
-0.0345462,0.329495,0.0285789;-1.57097,0.738618,-1.571
-0.0319236,0.331226,0.0301266;-1.56908,0.775255,-1.58061
-0.0172121,0.34222,0.0401148;-1.67153,0.789952,-1.50269
-0.0184686,0.341116,0.0335825;-1.67913,0.732414,-1.49541
-0.0224525,0.336357,0.0285702;-1.57094,0.676669,-1.57144
-0.022668,0.336401,0.0285924;-1.57076,0.693435,-1.5702
-0.0223264,0.336479,0.0285797;-1.57073,0.720216,-1.57073
-0.0208678,0.337037,0.0286593;-1.56703,0.781748,-1.57504
-0.000741166,0.345062,0.0444424;-1.66304,0.831468,-1.5139
0.00194664,0.346293,0.0406463;-1.69235,0.771272,-1.49206
-0.00296027,0.34094,0.0285827;-1.56477,0.719788,-1.5792
-0.00371913,0.340411,0.0285891;-1.57077,0.709791,-1.57018
-0.00323769,0.340684,0.0285809;-1.57067,0.746583,-1.57095
-0.00209839,0.340899,0.0285957;-1.56981,0.800876,-1.57194
0.0241413,0.36283,0.0402246;-1.72582,0.939097,-1.46774
0.0322002,0.368162,0.036311;-1.7653,0.888014,-1.44079
0.0291387,0.364473,0.0289902;-1.58977,0.857783,-1.5637
0.0276955,0.363561,0.0286031;-1.57093,0.81226,-1.56955
0.0290337,0.364444,0.0285516;-1.56758,0.878527,-1.57335
0.0297571,0.364387,0.0286266;-1.57002,0.922649,-1.57418
0.0587861,0.386769,0.0399641;-1.78223,1.08132,-1.40829
0.0694991,0.392918,0.0355463;-1.80552,1.04346,-1.38865
0.0664436,0.389166,0.0288963;-1.59317,1.02809,-1.55534
0.0643444,0.388555,0.0285954;-1.57082,0.970523,-1.57002
0.0648789,0.388946,0.0285642;-1.57154,1.01617,-1.57097
0.0652216,0.388888,0.0285744;-1.56961,1.03081,-1.57221
0.089265,0.401597,0.0397281;-1.68108,1.19139,-1.4769
0.103288,0.410964,0.034946;-1.78801,1.2121,-1.37659
0.103226,0.412544,0.0313354;-1.73273,1.23004,-1.42451
0.100518,0.411115,0.028634;-1.56773,1.13569,-1.57211
0.0996598,0.4111,0.0286344;-1.57125,1.12065,-1.56768
0.10085,0.411602,0.0285223;-1.56307,1.17687,-1.57748
0.105018,0.411674,0.0292318;-1.52764,1.24522,-1.6127
0.14268,0.42655,0.03855;-2.07604,1.36837,-1.08845
0.148538,0.429961,0.032648;-1.96929,1.36505,-1.18821
0.146024,0.429017,0.0285871;-1.5693,1.34751,-1.57287
0.143898,0.429546,0.0286129;-1.57098,1.28308,-1.56903
0.144309,0.429516,0.0285786;-1.5709,1.30112,-1.57059
0.144999,0.429245,0.0285922;-1.56247,1.33396,-1.57966
0.172752,0.432704,0.0420662;-2.133,1.47771,-1.01866
0.188487,0.436782,0.0362027;-2.57975,1.4718,-0.581442
0.187154,0.438114,0.028707;-1.56584,1.51955,-1.58192
0.185316,0.438631,0.0286302;-1.57097,1.45188,-1.56823
0.18574,0.438531,0.0286081;-1.5712,1.47269,-1.56893
0.186105,0.438209,0.0285804;-1.5698,1.47777,-1.57183
0.203689,0.437095,0.0416799;2.14614,1.52341,0.988506
0.218647,0.438068,0.0385078;2.28804,1.49151,0.847746
0.220524,0.439741,0.0286114;1.55711,1.49421,1.58188
0.219215,0.440493,0.0286522;1.57038,1.54737,1.57471
0.219695,0.440352,0.0286474;1.55545,1.53084,1.58881
0.219843,0.440187,0.0285784;1.57261,1.52216,1.56901
0.226757,0.433267,0.0392619;1.72567,1.45941,1.41337
0.234878,0.432489,0.0427232;1.68323,1.44203,1.46037
0.243241,0.431672,0.0298128;1.86051,1.42098,1.28326
0.241496,0.432789,0.0286543;1.57064,1.44292,1.57452
0.241189,0.432789,0.0286524;1.57097,1.45275,1.57422
0.241631,0.432707,0.0285776;1.57121,1.42878,1.57032
0.242685,0.429946,0.0323961;1.62645,1.40954,1.51212
0.248392,0.425985,0.0439502;1.65817,1.3632,1.48285
0.256193,0.423907,0.0400846;1.70023,1.35506,1.44419
0.258202,0.424667,0.0285892;1.56795,1.35571,1.57394
0.257889,0.424901,0.02865;1.5709,1.36493,1.57408
0.258136,0.424672,0.0286866;1.56427,1.36012,1.58097
0.258448,0.423513,0.0290644;1.59791,1.34051,1.53951
0.260499,0.418865,0.0378456;1.68817,1.31723,1.45174
0.26373,0.417031,0.0431363;1.64834,1.30878,1.49717
0.269073,0.415284,0.0285814;1.56961,1.31212,1.57163
0.26876,0.415761,0.0286489;1.56725,1.3154,1.57658
0.268956,0.415715,0.0286435;1.57089,1.31034,1.57379
0.269054,0.415135,0.0285876;1.57233,1.29548,1.56855
0.270621,0.412061,0.0319022;1.59965,1.28294,1.53605
0.273682,0.406596,0.0444452;1.68192,1.26432,1.46131
0.27648,0.405094,0.028662;1.56848,1.2916,1.56852
0.276542,0.405317,0.0285807;1.57011,1.28851,1.57165
0.276538,0.405375,0.0286364;1.57086,1.28087,1.57347
0.27717,0.404624,0.0285862;1.57081,1.24776,1.57053
0.2781,0.401388,0.030326;1.60945,1.24093,1.52038
0.28154,0.394331,0.0410293;1.69913,1.20409,1.43784
0.280888,0.393298,0.0286421;1.56844,1.27206,1.56942
0.280922,0.393313,0.0285789;1.56976,1.27509,1.57189
0.281291,0.3932,0.0286237;1.57079,1.2596,1.5729
0.282129,0.392427,0.0285796;1.57131,1.18623,1.5701
0.283615,0.390057,0.029976;1.56784,1.17508,1.56089
0.288551,0.381918,0.0398443;1.66432,1.15078,1.47034
0.289893,0.379816,0.0288471;1.59825,1.20677,1.54206
0.288658,0.380536,0.0285724;1.5694,1.23627,1.57228
0.288699,0.38057,0.0286109;1.57074,1.22651,1.57235
0.289552,0.38002,0.0285684;1.56923,1.17177,1.57207
0.290966,0.378964,0.0287616;1.56295,1.11336,1.57394
0.298641,0.372261,0.0335645;1.59997,1.08154,1.53212
0.31176,0.362036,0.0351911;1.71893,1.08134,1.43607
0.307482,0.363452,0.0285218;1.57426,1.14254,1.56749
0.307024,0.364017,0.0285815;1.57003,1.16308,1.57157
0.307986,0.363701,0.0285921;1.57092,1.11717,1.57135
0.308369,0.363018,0.0285807;1.57064,1.07016,1.5708
0.312521,0.359621,0.0297656;1.55361,0.999572,1.57874
0.331329,0.342116,0.0393614;1.69196,0.960612,1.46391
0.328242,0.341771,0.030498;1.64722,1.00699,1.50088
0.325681,0.343221,0.0285683;1.57116,1.0575,1.57044
0.325728,0.343399,0.028609;1.57117,1.04207,1.57199
0.32611,0.342872,0.0285739;1.57067,1.00695,1.57058
0.327405,0.341053,0.0286094;1.5667,0.941006,1.57405
0.355439,0.320979,0.0407174;1.68971,0.825237,1.46899
0.359618,0.31522,0.0338332;1.7262,0.85652,1.43809
0.354181,0.317219,0.0286074;1.56821,0.91318,1.56967
0.353483,0.318732,0.0285965;1.57095,0.949479,1.57151
0.354154,0.317778,0.0285755;1.57122,0.902323,1.57004
0.354548,0.316719,0.028576;1.57047,0.853385,1.57074
0.378758,0.2963,0.0396116;1.66523,0.685221,1.4938
0.388232,0.286542,0.0345447;1.70615,0.700517,1.46449
0.383087,0.287947,0.028615;1.56735,0.766401,1.56913
0.382287,0.290269,0.0286023;1.57092,0.825941,1.57186
0.382628,0.28967,0.0285974;1.57095,0.793879,1.57165
0.382725,0.288696,0.0285834;1.5705,0.74743,1.57096
0.382725,0.288696,0.0285834;1.5705,0.74743,1.57096
0.388807,0.279809,0.0310811;1.53328,0.665426,1.59035
0.388807,0.279809,0.0310811;1.53328,0.665426,1.59035
