-0.125,0.125,0.06;-1.57,-2.98023e-08,-1.57
-0.125,0.125,0.06;-1.57,-2.98023e-08,-1.57
-0.125,0.125,0.06;-1.57,-2.98023e-08,-1.57
-0.125106,0.130833,0.0285772;-1.5708,-0.185107,-1.57079
-0.125473,0.129703,0.0285673;-1.57054,-0.130336,-1.57023
-0.127724,0.116826,0.0317207;-1.62235,-0.0384133,-1.5739
-0.126658,0.087634,0.0369207;-1.42985,0.0126654,-1.56622
-0.129716,0.0989714,0.0285508;-1.57069,-0.132831,-1.57077
-0.129516,0.0991657,0.0287614;-1.56308,-0.146584,-1.57061
-0.129192,0.098748,0.0287953;-1.56178,-0.126677,-1.57107
-0.127969,0.0977366,0.0286499;-1.56979,-0.015147,-1.56593
-0.130526,0.0850523,0.0307167;-1.60045,0.0840908,-1.56381
-0.130739,0.056079,0.0385798;-1.45938,0.167052,-1.58092
-0.133018,0.0527497,0.0347111;-1.45976,0.0883233,-1.57858
-0.134087,0.0641926,0.0286719;-1.58045,0.000268787,-1.56945
-0.133694,0.0650133,0.0286364;-1.56848,-0.0416039,-1.57099
-0.132811,0.0641708,0.0285827;-1.57056,0.0525262,-1.57061
-0.135633,0.0552158,0.0298366;-1.58966,0.136034,-1.56539
-0.138448,0.0271281,0.037398;-1.49412,0.228165,-1.58573
-0.139783,0.0151793,0.0388961;-1.39536,0.214619,-1.5946
-0.141179,0.0206116,0.0343314;-1.46239,0.139619,-1.58533
-0.141111,0.0307251,0.0284664;-1.56932,0.0518224,-1.57093
-0.140888,0.0308826,0.0285813;-1.57064,0.0547482,-1.57059
-0.140912,0.0306395,0.0286366;-1.57086,0.131256,-1.56727
-0.145791,0.0152171,0.0313341;-1.60446,0.226523,-1.56304
-0.149538,-0.00787657,0.0359377;-1.43894,0.25603,-1.59911
-0.150933,-0.00417184,0.0322481;-1.49987,0.178226,-1.58291
-0.150156,0.00261271,0.028758;-1.56312,0.0726067,-1.5721
-0.149401,0.00148199,0.0287621;-1.56415,0.128758,-1.57381
-0.148479,0.00135476,0.0285784;-1.57072,0.193012,-1.57102
-0.159021,-0.0266879,0.035323;-1.55512,0.367775,-1.57638
-0.163286,-0.0483499,0.0398234;-1.36737,0.391352,-1.63309
-0.16535,-0.0479403,0.0373524;-1.40501,0.334064,-1.62119
-0.162649,-0.0306114,0.0285551;-1.5714,0.191197,-1.57041
-0.162328,-0.0305027,0.0287744;-1.56131,0.18787,-1.5726
-0.161613,-0.0322894,0.0286829;-1.56536,0.271347,-1.57196
-0.168042,-0.0426596,0.0307197;-1.60413,0.422539,-1.5538
-0.177988,-0.0696625,0.0385652;-1.44564,0.503496,-1.62358
-0.182696,-0.0794942,0.0393665;-1.36279,0.472464,-1.65467
-0.178122,-0.0601864,0.0284498;-1.56918,0.324656,-1.57147
-0.17801,-0.0597845,0.0286698;-1.56795,0.302566,-1.57334
-0.177786,-0.0614563,0.0287533;-1.56341,0.348554,-1.57472
-0.179063,-0.0631857,0.0289568;-1.58111,0.487465,-1.55975
-0.192935,-0.0836728,0.034735;-1.57281,0.582933,-1.56942
-0.20251,-0.106882,0.0397092;-1.34425,0.62201,-1.68616
-0.199706,-0.0904232,0.0284959;-1.57528,0.452351,-1.56872
-0.197965,-0.0887945,0.0285687;-1.57142,0.391159,-1.57052
-0.197804,-0.0885235,0.0287797;-1.56079,0.378061,-1.57469
-0.197956,-0.0902303,0.0286744;-1.57107,0.515775,-1.56542
-0.208114,-0.102935,0.0321192;-1.61792,0.60989,-1.54263
-0.220805,-0.128243,0.039525;-1.38461,0.683307,-1.67565
-0.221148,-0.117582,0.028554;-1.57097,0.518869,-1.56909
-0.218766,-0.115008,0.028559;-1.57011,0.45635,-1.57101
-0.218527,-0.114851,0.0287986;-1.5591,0.441665,-1.57576
-0.218838,-0.116406,0.0286711;-1.57127,0.579872,-1.56568
-0.229818,-0.128433,0.0321524;-1.62429,0.672297,-1.53846
-0.244693,-0.152285,0.0394179;-1.37846,0.74754,-1.69018
-0.245266,-0.144711,0.0314267;-1.50347,0.612548,-1.60882
-0.240168,-0.137691,0.0285746;-1.57106,0.54451,-1.57004
-0.24004,-0.137568,0.0287357;-1.56331,0.527355,-1.57551
-0.239247,-0.139265,0.0286608;-1.5707,0.666564,-1.56699
-0.248466,-0.146688,0.0304182;-1.60471,0.75145,-1.54427
-0.26689,-0.168811,0.038254;-1.42159,0.832805,-1.67481
-0.271823,-0.172659,0.0362843;-1.38203,0.773633,-1.69959
-0.266129,-0.163483,0.0299268;-1.52925,0.696347,-1.59622
-0.264305,-0.161383,0.0285773;-1.57105,0.638561,-1.57055
-0.264037,-0.161563,0.0285865;-1.56996,0.665573,-1.5708
-0.264361,-0.161484,0.0286743;-1.57181,0.744227,-1.5657
-0.278856,-0.173786,0.0322799;-1.62303,0.837091,-1.53273
-0.301098,-0.198622,0.039773;-1.2835,0.869199,-1.77508
-0.300245,-0.194461,0.0360219;-1.3745,0.806749,-1.71265
-0.291924,-0.183732,0.0285855;-1.58794,0.725257,-1.55921
-0.290555,-0.184386,0.0286992;-1.56443,0.724994,-1.57607
-0.290298,-0.185389,0.0285746;-1.57026,0.815069,-1.57192
-0.294941,-0.18724,0.0291801;-1.59042,0.894606,-1.55088
-0.334168,-0.221654,0.0402516;-1.20181,1.01752,-1.86534
-0.338407,-0.221861,0.0386063;-1.26381,0.95309,-1.81741
-0.328403,-0.209354,0.0306732;-1.50455,0.872263,-1.62305
-0.321834,-0.204736,0.0287831;-1.55731,0.773701,-1.58067
-0.321967,-0.206147,0.0285419;-1.57497,0.874137,-1.56673
-0.323744,-0.206276,0.0287879;-1.58189,0.933385,-1.55651
-0.363557,-0.23588,0.0401391;-1.21733,1.07847,-1.8666
-0.371502,-0.238512,0.0380738;-1.24903,1.01177,-1.84302
-0.360177,-0.225379,0.0299856;-1.52201,0.927586,-1.61206
-0.353924,-0.221092,0.0287836;-1.55745,0.801392,-1.58084
-0.354052,-0.222628,0.0285509;-1.57136,0.885681,-1.56966
-0.356068,-0.222757,0.0287183;-1.58293,0.943727,-1.56066
-0.39443,-0.252256,0.0398275;-1.21585,1.08672,-1.87013
-0.401967,-0.254777,0.0378357;-1.25076,1.0202,-1.8442
-0.392099,-0.242844,0.0313749;-1.47653,0.941874,-1.64713
-0.385604,-0.237756,0.0287742;-1.55688,0.852596,-1.58135
-0.385776,-0.239198,0.0285486;-1.57325,0.955227,-1.56894
-0.385927,-0.239408,0.0286547;-1.57071,0.992628,-1.56727
-0.424878,-0.261581,0.0390241;-1.24039,1.13599,-1.86141
-0.433259,-0.264697,0.0377646;-1.2215,1.06941,-1.87593
-0.428453,-0.261034,0.0354469;-1.31491,1.06129,-1.79351
-0.417923,-0.253369,0.0286156;-1.56819,0.94604,-1.57327
-0.418948,-0.255678,0.0287861;-1.55413,1.03979,-1.58742
-0.418633,-0.255947,0.0285799;-1.57055,1.0904,-1.57115
-0.425137,-0.256588,0.0296547;-1.60962,1.17799,-1.53027
-0.467152,-0.275085,0.039803;-0.979123,1.22706,-2.11866
-0.465377,-0.272036,0.036255;-1.17683,1.18532,-1.93769
-0.451963,-0.264582,0.0286467;-1.59655,1.11526,-1.54606
-0.450697,-0.264857,0.0287669;-1.55208,1.07114,-1.58728
-0.451078,-0.266149,0.0285716;-1.57335,1.14839,-1.56772
-0.451882,-0.265791,0.0287755;-1.58147,1.20273,-1.55449
-0.496917,-0.282502,0.0399768;-0.882409,1.31376,-2.22494
-0.50283,-0.282596,0.0375573;-1.02273,1.25508,-2.09582
-0.487551,-0.273228,0.0288253;-1.54216,1.19455,-1.59845
-0.48383,-0.272424,0.0287871;-1.5496,1.09241,-1.58993
-0.484155,-0.273891,0.0285713;-1.57231,1.185,-1.56923
-0.484974,-0.273665,0.0286428;-1.57561,1.2386,-1.56199
-0.528476,-0.287862,0.0396721;-0.830587,1.35176,-2.28562
-0.53665,-0.288527,0.0381205;-0.920887,1.2885,-2.1954
-0.523547,-0.282248,0.0301218;-1.4571,1.25277,-1.67894
-0.518689,-0.281243,0.0288083;-1.54319,1.17722,-1.59652
-0.520063,-0.282721,0.0286599;-1.55837,1.25611,-1.58262
-0.519983,-0.282517,0.0286496;-1.57064,1.30584,-1.56715
-0.560694,-0.29028,0.0390299;-0.674036,1.42331,-2.45459
-0.571086,-0.29147,0.0394668;-0.574051,1.34706,-2.54413
-0.563844,-0.287875,0.0342995;-1.0676,1.35021,-2.06288
-0.552047,-0.284507,0.0286577;-1.564,1.26905,-1.57895
-0.55323,-0.285543,0.0287314;-1.54835,1.31838,-1.59422
-0.553333,-0.286141,0.0285664;-1.57067,1.38965,-1.57164
-0.581839,-0.28622,0.0346658;-1.34984,1.55649,-1.79252
-0.605618,-0.290509,0.0393438;0.21975,1.3836,2.93622
-0.607221,-0.288304,0.0379911;-0.127994,1.40121,-3.00645
-0.587086,-0.284829,0.0285146;-1.584,1.40067,-1.55771
-0.586953,-0.285015,0.0287572;-1.52294,1.39477,-1.61808
-0.588282,-0.286219,0.0287405;-1.48842,1.48314,-1.65328
-0.598778,-0.283632,0.0304794;1.96819,1.50052,1.17781
-0.62754,-0.283489,0.0382904;0.985923,1.39139,2.1546
-0.640013,-0.283195,0.0396615;0.624331,1.33831,2.51878
-0.621213,-0.280898,0.0282898;-1.17725,1.54856,-1.96468
-0.62054,-0.280997,0.0286606;-1.53479,1.51933,-1.60878
-0.621646,-0.281557,0.0287382;-1.15154,1.55326,-1.99046
-0.624207,-0.281027,0.0288834;1.6251,1.44183,1.52291
-0.647738,-0.276438,0.0342184;1.58468,1.34868,1.55645
-0.673825,-0.275042,0.0396599;0.984328,1.23334,2.15018
-0.657995,-0.271777,0.0288458;1.45378,1.46512,1.6868
-0.654457,-0.272992,0.0285723;1.57902,1.52874,1.56275
-0.654202,-0.272958,0.0287933;1.22868,1.54205,1.91216
-0.656251,-0.273363,0.0286932;1.57371,1.39511,1.57426
-0.672708,-0.268136,0.0324647;1.72476,1.30166,1.42218
-0.701057,-0.264339,0.0399863;1.17256,1.19723,1.95721
-0.692914,-0.261665,0.0293572;1.45462,1.38394,1.68461
-0.688624,-0.263338,0.0285674;1.57325,1.4533,1.56879
-0.688339,-0.263434,0.0287997;1.4688,1.46929,1.67176
-0.690082,-0.264069,0.028595;1.57909,1.30644,1.56524
-0.704751,-0.25751,0.0320982;1.70274,1.21469,1.4472
-0.73302,-0.250662,0.0394807;1.25932,1.1177,1.86456
-0.73057,-0.248309,0.033075;1.30015,1.24983,1.82869
-0.720959,-0.250995,0.0285379;1.57102,1.34088,1.57132
-0.72068,-0.25106,0.0287336;1.54164,1.35907,1.59815
-0.722241,-0.25221,0.0285957;1.57028,1.23053,1.57263
-0.726585,-0.248506,0.0294474;1.6019,1.1514,1.54697
-0.752037,-0.236752,0.036299;1.47748,1.05576,1.65301
-0.768275,-0.228784,0.0371434;1.24523,1.07579,1.8635
-0.754033,-0.232699,0.0289164;1.53034,1.19208,1.6098
-0.752461,-0.234132,0.0285781;1.57071,1.24592,1.57072
-0.754685,-0.235168,0.0285954;1.56684,1.15122,1.57517
-0.754382,-0.235298,0.0286489;1.57137,1.09104,1.57397
-0.766042,-0.225556,0.0313951;1.63581,0.997665,1.5182
-0.799812,-0.206735,0.0396547;1.25098,0.925462,1.8419
-0.791283,-0.208998,0.0341918;1.37225,1.01656,1.74087
-0.780946,-0.213974,0.0284278;1.55893,1.11277,1.5824
-0.781787,-0.21455,0.0287314;1.55814,1.09071,1.57967
-0.782525,-0.215038,0.0285956;1.56912,1.01709,1.57389
-0.784473,-0.211686,0.0291618;1.58692,0.941039,1.5629
-0.824544,-0.183749,0.0397755;1.30079,0.787189,1.78241
-0.823022,-0.181652,0.0372984;1.3271,0.864249,1.75933
-0.807652,-0.189207,0.0285237;1.57167,0.982514,1.57243
-0.802333,-0.191444,0.02869;1.56191,1.171,1.57725
-0.801706,-0.190676,0.0285791;1.56936,1.18974,1.5717
-0.802484,-0.188994,0.0286913;1.57362,1.12573,1.57329
-0.843565,-0.168837,0.0408167;1.3605,0.94725,1.75176
-0.850574,-0.163723,0.0373359;1.27066,1.0069,1.82876
-0.83387,-0.16868,0.0288728;1.54474,1.12861,1.5916
-0.825958,-0.170783,0.0286997;1.55543,1.33945,1.58363
-0.82509,-0.169985,0.0285801;1.57013,1.37686,1.57136
-0.825862,-0.168962,0.0285924;1.58078,1.32627,1.56235
-0.825862,-0.168962,0.0285924;1.58078,1.32627,1.56235
-0.842214,-0.162542,0.0326605;1.71793,1.23421,1.42665
-0.842214,-0.162542,0.0326605;1.71793,1.23421,1.42665
