-0.125,0.125,0.06;-1.57,-2.98023e-08,-1.57
-0.125,0.125,0.06;-1.57,-2.98023e-08,-1.57
-0.125,0.125,0.06;-1.57,-2.98023e-08,-1.57
-0.125227,0.129722,0.0285546;-1.57173,-0.185893,-1.57075
-0.125463,0.129574,0.0287408;-1.57116,-0.131819,-1.56257
-0.127833,0.114566,0.0319708;-1.61617,-0.0413705,-1.56695
-0.126825,0.0842437,0.038008;-1.41166,-0.00730008,-1.55823
-0.131733,0.0924549,0.0288069;-1.57114,-0.183508,-1.55919
-0.132209,0.0913697,0.0288802;-1.55641,-0.233804,-1.56684
-0.131846,0.0913525,0.0288725;-1.55633,-0.22009,-1.56753
-0.130065,0.0922764,0.0292042;-1.54779,-0.0994622,-1.56099
-0.131508,0.0784887,0.030767;-1.56747,0.00146863,-1.56175
-0.129917,0.0489736,0.0387154;-1.43446,0.0837973,-1.57051
-0.132463,0.0441604,0.0366697;-1.41883,0.00662558,-1.56699
-0.133639,0.05156,0.0307219;-1.51725,-0.0619993,-1.56215
-0.134286,0.0532338,0.0287929;-1.56217,-0.123067,-1.56796
-0.13319,0.0526453,0.029306;-1.54065,-0.0440908,-1.56396
-0.134642,0.0440136,0.0301278;-1.55891,0.0445236,-1.5626
-0.134499,0.0150997,0.0376321;-1.44515,0.135348,-1.57717
-0.134902,0.0051656,0.0399999;-1.37992,0.119541,-1.57518
-0.136875,0.00754448,0.0366665;-1.41905,0.045331,-1.57388
-0.137593,0.0164283,0.0289666;-1.55415,-0.0232563,-1.56195
-0.137253,0.01646,0.028934;-1.55265,-0.0410301,-1.56584
-0.136243,0.0161063,0.0291949;-1.54733,0.0367178,-1.5653
-0.139063,-0.000389695,0.0316313;-1.54891,0.142625,-1.56881
-0.14072,-0.0233645,0.0373978;-1.41601,0.162648,-1.58839
-0.142839,-0.0221835,0.0344558;-1.45034,0.0873878,-1.57822
-0.14332,-0.0155746,0.0288678;-1.5573,-0.00791227,-1.57014
-0.142774,-0.0160879,0.0289773;-1.55175,0.0273785,-1.57066
-0.14164,-0.0153854,0.0291713;-1.54417,0.0929382,-1.57061
-0.148399,-0.0455162,0.0355078;-1.49064,0.280926,-1.58876
-0.151049,-0.0662,0.0400632;-1.36979,0.308748,-1.61483
-0.153571,-0.0655943,0.0384702;-1.38644,0.249615,-1.60832
-0.152669,-0.0540978,0.0288787;-1.55935,0.128291,-1.56923
-0.152351,-0.0542777,0.0288953;-1.55551,0.129797,-1.57252
-0.151192,-0.054422,0.0289851;-1.55235,0.204137,-1.5728
-0.156511,-0.0670227,0.0307785;-1.56056,0.381305,-1.56669
-0.165826,-0.0952609,0.0386144;-1.41396,0.458927,-1.62803
-0.169452,-0.104042,0.0402231;-1.35085,0.431624,-1.64682
-0.167792,-0.0912706,0.0289694;-1.55817,0.304384,-1.56785
-0.167877,-0.0912442,0.0289052;-1.55575,0.263654,-1.57341
-0.167549,-0.0917265,0.0289776;-1.55142,0.289049,-1.57546
-0.167339,-0.0936531,0.0291027;-1.56585,0.444784,-1.56111
-0.179155,-0.116401,0.0348423;-1.50012,0.544457,-1.60369
-0.188984,-0.140833,0.0400211;-1.34168,0.580823,-1.67947
-0.18857,-0.128804,0.030421;-1.52252,0.425978,-1.58805
-0.18734,-0.125963,0.028557;-1.56968,0.362526,-1.57112
-0.187114,-0.126248,0.02888;-1.55533,0.36154,-1.576
-0.184671,-0.127266,0.0290271;-1.55789,0.546899,-1.56703
-0.196843,-0.142146,0.0322262;-1.54993,0.647274,-1.58025
-0.211802,-0.166528,0.0397278;-1.371,0.707985,-1.68569
-0.213616,-0.160047,0.031518;-1.49706,0.556608,-1.60738
-0.212007,-0.156355,0.028622;-1.57111,0.47967,-1.56816
-0.21165,-0.156896,0.028824;-1.55735,0.475774,-1.57673
-0.208518,-0.157987,0.0289114;-1.56331,0.672584,-1.56545
-0.222291,-0.171431,0.0319523;-1.56193,0.773885,-1.57422
-0.239619,-0.193795,0.0395169;-1.37302,0.839235,-1.709
-0.242143,-0.191085,0.0342938;-1.42521,0.703524,-1.66174
-0.238421,-0.185302,0.0289172;-1.55999,0.637545,-1.56973
-0.238754,-0.18557,0.0289054;-1.55172,0.606237,-1.58124
-0.236629,-0.186706,0.0292586;-1.5361,0.747085,-1.58671
-0.246667,-0.19393,0.0306534;-1.54498,0.840955,-1.58285
-0.265883,-0.213781,0.0380747;-1.34633,0.914536,-1.73673
-0.271017,-0.21691,0.0380351;-1.31661,0.851999,-1.75491
-0.267873,-0.211676,0.0331045;-1.43854,0.788085,-1.66053
-0.265353,-0.20814,0.0288807;-1.5584,0.730071,-1.57388
-0.264813,-0.208505,0.0291088;-1.54038,0.750618,-1.58799
-0.264744,-0.209558,0.0291637;-1.54143,0.832201,-1.584
-0.281427,-0.221721,0.0324703;-1.49835,0.936812,-1.62523
-0.302621,-0.24169,0.0404896;-1.2293,0.95913,-1.83215
-0.303285,-0.239271,0.037854;-1.29671,0.892898,-1.7793
-0.297199,-0.232112,0.0300429;-1.49586,0.83531,-1.6211
-0.29642,-0.231365,0.0289828;-1.54453,0.800909,-1.58827
-0.295195,-0.231704,0.029179;-1.52996,0.872822,-1.59899
-0.29841,-0.233662,0.0292582;-1.56583,0.962427,-1.56393
-0.339727,-0.265221,0.0407317;-1.14823,1.07465,-1.92255
-0.344053,-0.265836,0.0391845;-1.21403,1.01095,-1.86705
-0.335605,-0.256992,0.032431;-1.44047,0.94771,-1.67569
-0.330683,-0.252677,0.0288852;-1.54824,0.85986,-1.58762
-0.32968,-0.253882,0.0290273;-1.53527,0.956107,-1.59831
-0.329476,-0.254738,0.0289279;-1.56748,1.04326,-1.56353
-0.373303,-0.280993,0.0402649;-1.10909,1.17403,-1.98092
-0.380721,-0.282495,0.0385999;-1.1689,1.10721,-1.92847
-0.37084,-0.27343,0.0323198;-1.42397,1.0404,-1.69795
-0.364469,-0.269362,0.0288025;-1.55244,0.948358,-1.58552
-0.363954,-0.271032,0.0288662;-1.54316,1.05522,-1.59438
-0.363757,-0.271945,0.0287993;-1.57344,1.14959,-1.55986
-0.409308,-0.292822,0.0401201;-0.97968,1.26944,-2.12367
-0.417372,-0.294042,0.0386703;-1.05669,1.20442,-2.04967
-0.408614,-0.288498,0.0340058;-1.303,1.16249,-1.81452
-0.402389,-0.284684,0.0288417;-1.54431,1.06596,-1.59403
-0.401708,-0.286338,0.029013;-1.51892,1.16229,-1.61743
-0.400774,-0.287288,0.0290805;-1.52384,1.23642,-1.60628
-0.443984,-0.301325,0.0392619;-0.816503,1.35411,-2.29806
-0.452429,-0.301204,0.038667;-0.879105,1.28111,-2.23399
-0.448343,-0.299271,0.0373127;-0.972936,1.28044,-2.14344
-0.439376,-0.294611,0.0288463;-1.54133,1.20269,-1.59601
-0.439775,-0.296366,0.0290322;-1.50184,1.27436,-1.63478
-0.438686,-0.296929,0.0292255;-1.45539,1.32819,-1.67882
-0.445862,-0.296991,0.0296907;-1.55389,1.42409,-1.57571
-0.489736,-0.303994,0.0403552;-0.198871,1.3712,-2.91943
-0.488935,-0.301537,0.0375276;-0.598892,1.37263,-2.5285
-0.478425,-0.297848,0.0295273;-1.40435,1.37435,-1.72881
-0.477939,-0.297878,0.0289304;-1.49895,1.33724,-1.64016
-0.476852,-0.299144,0.0290564;-1.43181,1.4148,-1.70611
-0.477594,-0.299637,0.0290291;-1.45433,1.49057,-1.67527
-0.527441,-0.303092,0.0399243;0.501852,1.37548,2.65147
-0.533647,-0.300633,0.0382927;0.11522,1.39518,3.02984
-0.521091,-0.297823,0.0312435;-0.872316,1.48189,-2.2655
-0.516808,-0.297342,0.0288508;-1.47438,1.43426,-1.66602
-0.516724,-0.298771,0.0289438;-1.17109,1.52707,-1.96902
-0.516696,-0.299591,0.0288954;1.48104,1.52395,1.67134
-0.566103,-0.296081,0.0398182;0.945127,1.30077,2.19491
-0.573349,-0.293027,0.0390574;0.671817,1.33209,2.46439
-0.563823,-0.291776,0.032824;0.730716,1.45609,2.41035
-0.558809,-0.291559,0.0288318;-0.445853,1.55731,-2.69548
-0.559337,-0.293151,0.0289212;1.4076,1.47708,1.73468
-0.558897,-0.294584,0.0291062;1.47386,1.38994,1.67426
-0.60262,-0.283866,0.0389338;1.19155,1.18498,1.93646
-0.611431,-0.281006,0.0400762;1.01798,1.189,2.10605
-0.606825,-0.279754,0.0362614;1.04809,1.27471,2.0775
-0.597862,-0.280549,0.0289077;1.47179,1.42339,1.67016
-0.598337,-0.280729,0.0289797;1.45989,1.39786,1.68046
-0.597761,-0.282188,0.029165;1.46231,1.33188,1.67924
-0.624673,-0.272044,0.0351872;1.40763,1.1456,1.72427
-0.649018,-0.266211,0.0401774;1.16415,1.07251,1.95217
-0.650301,-0.263472,0.0393538;1.11726,1.12901,1.99724
-0.63734,-0.265481,0.0287738;1.56465,1.31168,1.58446
-0.637723,-0.265457,0.0288892;1.50952,1.32476,1.63042
-0.638509,-0.266602,0.0289996;1.51073,1.2566,1.62984
-0.648645,-0.26167,0.0303665;1.55606,1.07938,1.59232
-0.676538,-0.249669,0.0383336;1.33376,0.98025,1.78004
-0.686093,-0.245031,0.0403059;1.21663,0.973958,1.88706
-0.673827,-0.2467,0.0292554;1.50881,1.14917,1.63477
-0.673119,-0.246529,0.0288721;1.53494,1.20315,1.60566
-0.673463,-0.246871,0.0289549;1.52315,1.18597,1.61568
-0.674828,-0.247632,0.0290555;1.56061,1.02569,1.58991
-0.693943,-0.234134,0.0346368;1.49143,0.924797,1.63721
-0.717655,-0.221945,0.0402813;1.30193,0.848592,1.79631
-0.706904,-0.221326,0.0307833;1.4741,1.0422,1.65511
-0.70312,-0.223245,0.0285327;1.57461,1.12317,1.56728
-0.703275,-0.223269,0.0288668;1.53795,1.1335,1.60087
-0.705023,-0.225181,0.0289578;1.55739,0.947572,1.59196
-0.719464,-0.211749,0.0323484;1.54157,0.850148,1.59548
-0.743326,-0.19523,0.0396808;1.35004,0.75892,1.74018
-0.738546,-0.193444,0.0322563;1.44467,0.915241,1.6744
-0.734677,-0.195604,0.0286648;1.56666,0.991014,1.57729
-0.73479,-0.195513,0.0288391;1.54754,1.0027,1.59066
-0.736236,-0.1983,0.028994;1.55539,0.802871,1.59108
-0.747455,-0.183926,0.0318085;1.56698,0.704741,1.5765
-0.769525,-0.163542,0.0397077;1.3929,0.61862,1.6886
-0.768992,-0.159849,0.0351865;1.40078,0.73338,1.6883
-0.763103,-0.164949,0.0288374;1.56496,0.810164,1.58329
-0.763326,-0.164747,0.0289078;1.5481,0.839391,1.58853
-0.763934,-0.166126,0.0292147;1.53305,0.739843,1.59951
-0.766835,-0.161117,0.0294793;1.56714,0.648487,1.5848
-0.784016,-0.138057,0.0363788;1.46085,0.548891,1.63516
-0.794734,-0.124167,0.0386103;1.35371,0.581779,1.7013
-0.788446,-0.130338,0.0320361;1.47672,0.658572,1.63263
-0.784276,-0.13173,0.0287435;1.55962,0.751705,1.57819
-0.780589,-0.131128,0.0289395;1.54467,0.899784,1.59243
-0.780123,-0.130334,0.0288971;1.54894,0.825569,1.58784
-0.790005,-0.116343,0.0310801;1.52628,0.695503,1.59969
-0.818741,-0.0905458,0.0402052;1.31707,0.651757,1.74396
-0.81325,-0.0921727,0.0361545;1.37697,0.734018,1.70447
-0.802067,-0.0965027,0.0287962;1.55495,0.834705,1.58465
-0.795585,-0.0943878,0.0288701;1.54136,1.08005,1.59694
-0.795555,-0.0943812,0.0291164;1.51968,1.05443,1.61637
-0.799335,-0.0906961,0.0293065;1.541,0.952099,1.59702
-0.840496,-0.0675955,0.0401222;1.29513,0.798058,1.78949
-0.838992,-0.0645544,0.037935;1.30757,0.879812,1.77966
-0.82578,-0.0690655,0.0309123;1.4777,0.994018,1.64794
-0.814355,-0.0694482,0.0286903;1.55509,1.25656,1.58544
-0.814157,-0.0686669,0.0288847;1.52106,1.27171,1.61845
-0.815935,-0.0675447,0.028853;1.53743,1.1844,1.60165
-0.860011,-0.054307,0.0404105;1.30655,0.985869,1.80688
-0.866692,-0.0491545,0.0380389;1.21757,1.05174,1.88367
-0.856524,-0.051231,0.0320955;1.39962,1.15371,1.7264
-0.843762,-0.0491683,0.0286785;1.53362,1.44709,1.6076
-0.844301,-0.0481695,0.0288945;1.38881,1.48676,1.75241
-0.846352,-0.0489395,0.0288367;1.50367,1.404,1.63617
-0.846352,-0.0489395,0.0288367;1.50367,1.404,1.63617
-0.864806,-0.0454532,0.0322631;1.47418,1.2944,1.6548
-0.864806,-0.0454532,0.0322631;1.47418,1.2944,1.6548
