-0.125,0.125,0.06;-1.57,-2.98023e-08,-1.57
-0.125,0.125,0.06;-1.57,-2.98023e-08,-1.57
-0.125,0.125,0.06;-1.57,-2.98023e-08,-1.57
-0.1248,0.129953,0.0285391;-1.57199,-0.184806,-1.57048
-0.125206,0.129685,0.0286364;-1.57081,-0.132917,-1.5677
-0.127908,0.115675,0.0316711;-1.61646,-0.0399923,-1.56939
-0.12744,0.0865833,0.0376686;-1.41588,-0.00142455,-1.56161
-0.132121,0.0947464,0.0286735;-1.56467,-0.177509,-1.5634
-0.132646,0.0941633,0.0287892;-1.56042,-0.225417,-1.56832
-0.132378,0.0941374,0.0287564;-1.56249,-0.212034,-1.5694
-0.130382,0.0944576,0.0290543;-1.55497,-0.0795776,-1.56235
-0.132065,0.0806653,0.0304248;-1.57098,0.0178756,-1.56431
-0.130491,0.0509645,0.0378776;-1.42572,0.102562,-1.57584
-0.133286,0.0472913,0.0360718;-1.43377,0.0226447,-1.57114
-0.135232,0.0554348,0.0295769;-1.53823,-0.0517598,-1.56419
-0.136097,0.0561951,0.0287185;-1.56371,-0.124546,-1.57022
-0.134543,0.055505,0.0292115;-1.54398,-0.0314248,-1.56594
-0.136031,0.0463324,0.0296088;-1.56449,0.0616138,-1.56471
-0.136471,0.0176484,0.0371524;-1.44868,0.15254,-1.58176
-0.136944,0.007491,0.0395063;-1.38486,0.134543,-1.58117
-0.139066,0.0104493,0.0358099;-1.43449,0.0581912,-1.57685
-0.140372,0.0196981,0.028829;-1.56207,-0.0250133,-1.56532
-0.140137,0.0195291,0.0288797;-1.55521,-0.0453388,-1.56788
-0.139296,0.0197464,0.0289621;-1.5527,0.0347867,-1.566
-0.141941,0.0042489,0.0312154;-1.55768,0.139608,-1.56996
-0.143445,-0.0187318,0.0368258;-1.42481,0.161222,-1.59008
-0.145698,-0.0170248,0.0338241;-1.46817,0.083069,-1.57634
-0.146877,-0.0106332,0.0287886;-1.56079,-0.0326266,-1.57034
-0.145941,-0.0111506,0.0289136;-1.55466,0.0127664,-1.5708
-0.144324,-0.0102961,0.029029;-1.5509,0.0959648,-1.57039
-0.150984,-0.0404572,0.0349599;-1.49439,0.280512,-1.58961
-0.153347,-0.062282,0.0397375;-1.37544,0.305115,-1.61536
-0.155929,-0.0628468,0.0380793;-1.38863,0.237534,-1.60884
-0.15574,-0.0488593,0.0286315;-1.57062,0.0962844,-1.56857
-0.155465,-0.0491704,0.0288321;-1.55849,0.0943145,-1.57172
-0.153692,-0.0493287,0.0288793;-1.55722,0.184532,-1.57201
-0.158677,-0.0609,0.0304948;-1.57471,0.371232,-1.56412
-0.167796,-0.0891467,0.0379762;-1.41811,0.454043,-1.62951
-0.171482,-0.0969427,0.0396786;-1.36167,0.426327,-1.64489
-0.17109,-0.082728,0.0286635;-1.57339,0.278293,-1.5637
-0.171638,-0.0829939,0.02878;-1.56083,0.235159,-1.57298
-0.171134,-0.0834937,0.0289054;-1.55452,0.261175,-1.57477
-0.170703,-0.0857172,0.0289945;-1.56975,0.434285,-1.56214
-0.182754,-0.108736,0.0344965;-1.49933,0.531256,-1.60572
-0.191736,-0.131373,0.0398197;-1.3505,0.567518,-1.67364
-0.192851,-0.118498,0.029665;-1.53705,0.398936,-1.58207
-0.191987,-0.116473,0.0285628;-1.57095,0.330647,-1.57088
-0.191741,-0.1169,0.0287709;-1.56109,0.333982,-1.57392
-0.188859,-0.118223,0.0288622;-1.56675,0.546274,-1.56292
-0.201527,-0.13382,0.0317625;-1.55236,0.645501,-1.5799
-0.216403,-0.159194,0.0387354;-1.35453,0.715118,-1.69962
-0.217311,-0.149376,0.0304661;-1.52092,0.544631,-1.5957
-0.215534,-0.146006,0.0285635;-1.57047,0.468169,-1.57083
-0.215355,-0.146086,0.0287134;-1.56452,0.45968,-1.57426
-0.21285,-0.148152,0.0287407;-1.57178,0.663902,-1.56171
-0.226621,-0.161375,0.0317762;-1.56291,0.760104,-1.57589
-0.243602,-0.184388,0.0392689;-1.35183,0.82682,-1.72195
-0.245662,-0.181473,0.0333316;-1.45049,0.703425,-1.64631
-0.242083,-0.175661,0.0287092;-1.57111,0.629251,-1.56414
-0.242636,-0.175721,0.0287755;-1.55951,0.590286,-1.5769
-0.240028,-0.177364,0.0290955;-1.54527,0.756788,-1.58187
-0.249064,-0.183942,0.0300792;-1.55332,0.854147,-1.57825
-0.268679,-0.203685,0.0376101;-1.35184,0.926744,-1.73757
-0.27397,-0.206462,0.0373593;-1.32767,0.864598,-1.75234
-0.270359,-0.200367,0.0321275;-1.4636,0.795937,-1.64368
-0.268143,-0.196891,0.0286493;-1.57063,0.725467,-1.56756
-0.267983,-0.197461,0.0289724;-1.54753,0.748992,-1.58454
-0.267532,-0.198081,0.0290312;-1.54866,0.836229,-1.58024
-0.282765,-0.208674,0.0320677;-1.53358,0.936214,-1.59918
-0.305362,-0.229363,0.0400228;-1.23602,0.964322,-1.83106
-0.306059,-0.226441,0.0370196;-1.31911,0.895533,-1.76621
-0.299323,-0.21743,0.0291906;-1.53559,0.820902,-1.59045
-0.299534,-0.217483,0.028891;-1.54972,0.773132,-1.5854
-0.298,-0.218283,0.0291109;-1.53372,0.862418,-1.59682
-0.301017,-0.220262,0.0290851;-1.56839,0.95729,-1.56527
-0.341841,-0.252723,0.0404946;-1.15623,1.07054,-1.91768
-0.346603,-0.25312,0.0386126;-1.23403,1.00914,-1.85261
-0.338261,-0.243473,0.0317668;-1.45789,0.938086,-1.66278
-0.333586,-0.239545,0.0287764;-1.5565,0.851481,-1.58141
-0.332639,-0.241258,0.0288161;-1.55118,0.965076,-1.58653
-0.332612,-0.242179,0.0288062;-1.57225,1.05924,-1.56092
-0.377642,-0.268096,0.0394528;-1.07542,1.1869,-2.01705
-0.384363,-0.268682,0.0380448;-1.17173,1.11918,-1.93241
-0.373408,-0.257885,0.0314502;-1.45363,1.04224,-1.67313
-0.367978,-0.254064,0.0286776;-1.56355,0.950053,-1.57804
-0.367846,-0.25619,0.0286422;-1.56397,1.07314,-1.57687
-0.367883,-0.25686,0.0287195;-1.57464,1.1672,-1.56107
-0.414321,-0.276205,0.0392327;-0.917683,1.27623,-2.18944
-0.42114,-0.276574,0.0378801;-1.06014,1.22284,-2.05388
-0.41119,-0.270119,0.0330673;-1.33944,1.1738,-1.78349
-0.405805,-0.26641,0.0287624;-1.55257,1.07119,-1.58669
-0.405848,-0.268479,0.0287828;-1.54471,1.1799,-1.59472
-0.404756,-0.269416,0.0288187;-1.55889,1.25147,-1.5744
-0.447801,-0.281293,0.0386659;-0.766791,1.36355,-2.35267
-0.456069,-0.280837,0.0380178;-0.878015,1.29683,-2.24115
-0.452547,-0.279095,0.0365342;-0.99368,1.29815,-2.12755
-0.443679,-0.274683,0.028656;-1.56008,1.20121,-1.58097
-0.444752,-0.276674,0.0289203;-1.51375,1.27923,-1.62509
-0.443462,-0.277884,0.0290967;-1.46607,1.35652,-1.6702
-0.450866,-0.277711,0.0295478;-1.59089,1.4513,-1.54168
-0.493593,-0.284447,0.039882;-0.0962849,1.3827,-3.02666
-0.493089,-0.281763,0.0367921;-0.55005,1.38835,-2.58119
-0.481166,-0.276903,0.028958;-1.49044,1.3753,-1.64594
-0.480193,-0.277282,0.0288431;-1.51545,1.337,-1.62449
-0.479386,-0.278647,0.0289242;-1.4576,1.42553,-1.68169
-0.4796,-0.279415,0.0288697;-1.48132,1.50959,-1.65076
-0.530156,-0.282284,0.0391;0.529425,1.36664,2.62049
-0.53506,-0.280399,0.0376843;0.168171,1.40537,2.9729
-0.521244,-0.276952,0.0304475;-1.02845,1.49037,-2.11214
-0.517322,-0.276853,0.0287184;-1.52446,1.43598,-1.61702
-0.518248,-0.279051,0.0287544;-1.12383,1.55095,-2.01765
-0.517882,-0.279911,0.0287636;1.58231,1.50067,1.56906
-0.568322,-0.275045,0.0387943;0.966242,1.27217,2.16939
-0.573995,-0.27132,0.0383998;0.763013,1.32509,2.36731
-0.562296,-0.269927,0.0318907;0.885735,1.46334,2.25401
-0.557486,-0.269674,0.0287273;-0.958465,1.55927,-2.18392
-0.558238,-0.27157,0.028792;1.47976,1.46892,1.6624
-0.557557,-0.273204,0.0289345;1.51711,1.37068,1.62988
-0.600988,-0.261706,0.0383739;1.20304,1.16845,1.92127
-0.609141,-0.259002,0.0395458;1.06355,1.17581,2.05739
-0.604268,-0.257692,0.0355058;1.11988,1.26805,2.00573
-0.594595,-0.257802,0.0287741;1.50367,1.43147,1.63751
-0.594874,-0.258145,0.0289117;1.47257,1.40655,1.66795
-0.594556,-0.259904,0.0290347;1.48378,1.32226,1.6565
-0.621074,-0.2492,0.0345686;1.41431,1.13131,1.71485
-0.64428,-0.242894,0.039899;1.18062,1.05495,1.93129
-0.645531,-0.239712,0.0386669;1.14551,1.11725,1.96443
-0.631952,-0.241929,0.0286713;1.57025,1.31168,1.57574
-0.632312,-0.241734,0.0288097;1.52451,1.32848,1.61596
-0.632818,-0.242867,0.0289112;1.52294,1.25257,1.61746
-0.642425,-0.238079,0.0302379;1.5732,1.06129,1.57469
-0.670254,-0.224915,0.0378506;1.33925,0.95859,1.76976
-0.679817,-0.220107,0.0397947;1.24124,0.952909,1.85798
-0.666159,-0.221572,0.0287673;1.56009,1.14497,1.58518
-0.666102,-0.221124,0.0287512;1.54828,1.19916,1.59195
-0.666543,-0.221333,0.0288859;1.53185,1.17965,1.60712
-0.668057,-0.222239,0.0289296;1.56602,1.00502,1.5837
-0.688013,-0.207776,0.0340261;1.48334,0.906032,1.64033
-0.710632,-0.195663,0.0397007;1.29846,0.827695,1.79138
-0.698732,-0.195572,0.0301954;1.49862,1.02593,1.63251
-0.695597,-0.197272,0.0285538;1.57297,1.09472,1.56912
-0.69553,-0.197476,0.0287408;1.55353,1.10808,1.58639
-0.697562,-0.200152,0.0287283;1.57382,0.900149,1.57729
-0.711446,-0.18613,0.0318565;1.55245,0.803793,1.58509
-0.73534,-0.168729,0.0389744;1.35448,0.715791,1.72806
-0.728383,-0.167618,0.0312892;1.47798,0.890025,1.6451
-0.724858,-0.169777,0.0286113;1.56575,0.967643,1.57555
-0.724865,-0.169994,0.0286818;1.56222,0.980434,1.57788
-0.726403,-0.172967,0.0287407;1.57147,0.769626,1.5784
-0.73709,-0.158476,0.0315424;1.57405,0.673032,1.57027
-0.7584,-0.137867,0.0389668;1.38748,0.583734,1.68306
-0.756306,-0.135402,0.0343461;1.42704,0.703363,1.66612
-0.750204,-0.14026,0.0287112;1.57217,0.793577,1.57699
-0.750132,-0.139741,0.0287683;1.5574,0.830904,1.5808
-0.751661,-0.141719,0.0291237;1.53934,0.699265,1.59374
-0.754472,-0.136131,0.029376;1.57195,0.60842,1.57904
-0.770475,-0.112757,0.0360522;1.46226,0.512094,1.62747
-0.780535,-0.096494,0.0377402;1.37432,0.54758,1.67838
-0.772899,-0.103438,0.0310313;1.50223,0.63934,1.61465
-0.770919,-0.105019,0.028605;1.57031,0.713118,1.57232
-0.772618,-0.105654,0.0289151;1.55237,0.628382,1.58304
-0.772547,-0.106423,0.0288919;1.55881,0.528352,1.58173
-0.778834,-0.0893651,0.0311818;1.56391,0.435047,1.57735
-0.797206,-0.0564806,0.0397221;1.36491,0.376922,1.66022
-0.790922,-0.0590042,0.0355876;1.42611,0.454066,1.63527
-0.779791,-0.0671908,0.0285389;1.57192,0.564014,1.57131
-0.774349,-0.0672837,0.028828;1.55432,0.765801,1.58244
-0.774619,-0.0677764,0.028928;1.54843,0.712381,1.58564
-0.775916,-0.0630512,0.0287164;1.57302,0.596323,1.57131
-0.806891,-0.0248043,0.0398343;1.36067,0.458551,1.68229
-0.804638,-0.0215774,0.0374065;1.38336,0.541144,1.66972
-0.79159,-0.0296783,0.0304784;1.51867,0.650653,1.60026
-0.780209,-0.033238,0.0285804;1.57071,0.924876,1.5709
-0.780107,-0.0329335,0.0286607;1.56423,0.913215,1.57595
-0.780462,-0.0303843,0.0286361;1.57163,0.811913,1.56795
-0.814862,-0.00100011,0.0409553;1.41019,0.625638,1.6745
-0.818653,0.00667045,0.0374254;1.36081,0.699887,1.70671
-0.805693,0.000151322,0.0311722;1.49627,0.811143,1.62039
-0.792967,-0.00338885,0.0285738;1.57194,1.08274,1.56961
-0.792848,-0.00299609,0.0286833;1.55974,1.09863,1.58078
-0.794418,-0.00336322,0.0285728;1.57174,1.01192,1.57028
-0.794418,-0.00336322,0.0285728;1.57174,1.01192,1.57028
-0.808995,0.00722352,0.0318638;1.54156,0.900659,1.58324
-0.808995,0.00722352,0.0318638;1.54156,0.900659,1.58324
