-0.125,0.125,0.06;-1.57,-2.98023e-08,-1.57
-0.125,0.125,0.06;-1.57,-2.98023e-08,-1.57
-0.125,0.125,0.06;-1.57,-2.98023e-08,-1.57
-0.124848,0.131039,0.0285716;-1.56986,-0.179997,-1.5692
-0.125333,0.130285,0.0285646;-1.57228,-0.127774,-1.56983
-0.127716,0.118181,0.0317954;-1.6238,-0.0354717,-1.5737
-0.126501,0.0872029,0.0368921;-1.43036,0.00807842,-1.56549
-0.13081,0.0969316,0.0285515;-1.57082,-0.160291,-1.57088
-0.131162,0.0971331,0.0287242;-1.56444,-0.196272,-1.57013
-0.13103,0.0969484,0.0287515;-1.56291,-0.187829,-1.56985
-0.12963,0.096332,0.0285743;-1.56959,-0.0737501,-1.56915
-0.131147,0.0840835,0.0301585;-1.58781,0.0202384,-1.56831
-0.129429,0.0546978,0.0381024;-1.4569,0.106706,-1.57727
-0.131711,0.0515902,0.0344004;-1.46632,0.0164289,-1.57244
-0.134015,0.0611176,0.0285161;-1.57826,-0.0671897,-1.57215
-0.133729,0.06198,0.0286443;-1.56842,-0.115229,-1.57121
-0.132452,0.0610109,0.028584;-1.57044,-0.0170886,-1.57063
-0.134225,0.0525414,0.0293531;-1.58131,0.0713986,-1.56992
-0.134649,0.0247187,0.0370546;-1.49393,0.159455,-1.58366
-0.135575,0.0126432,0.0383482;-1.40531,0.14563,-1.58527
-0.138062,0.0184339,0.0340733;-1.46955,0.0670683,-1.5779
-0.139044,0.0286663,0.0284942;-1.57059,-0.0270275,-1.56721
-0.138701,0.0287479,0.0285825;-1.57066,-0.0371197,-1.57073
-0.138169,0.0282502,0.0285681;-1.57097,0.0444161,-1.57013
-0.141439,0.0131682,0.0306157;-1.58492,0.14154,-1.57172
-0.142973,-0.00973448,0.0353455;-1.4475,0.170058,-1.58813
-0.14555,-0.00618531,0.0320692;-1.50401,0.0802967,-1.57671
-0.145927,-0.000463286,0.0287105;-1.56527,-0.0392651,-1.57122
-0.145249,-0.00144563,0.0287437;-1.56453,0.0124376,-1.57245
-0.144172,-0.00134047,0.0285943;-1.56996,0.0857289,-1.57101
-0.15078,-0.030496,0.0347542;-1.53233,0.268841,-1.58356
-0.1528,-0.0537837,0.0390641;-1.38673,0.298176,-1.61119
-0.156308,-0.0541506,0.0367761;-1.41936,0.225478,-1.60377
-0.156651,-0.0362862,0.0285525;-1.57172,0.064367,-1.57049
-0.156296,-0.0362013,0.0287465;-1.56272,0.0613909,-1.57129
-0.155111,-0.0380026,0.0287203;-1.56376,0.150296,-1.5716
-0.159774,-0.0486304,0.0301787;-1.58935,0.309455,-1.56375
-0.166231,-0.0769195,0.038135;-1.45111,0.394131,-1.61225
-0.169548,-0.08733,0.0387201;-1.38426,0.367284,-1.6296
-0.168975,-0.068715,0.028452;-1.5713,0.195701,-1.56713
-0.168826,-0.0682885,0.0286598;-1.56818,0.160323,-1.57261
-0.168367,-0.0695948,0.0286873;-1.56679,0.204396,-1.57288
-0.168732,-0.0722124,0.0287779;-1.57642,0.366987,-1.56473
-0.178786,-0.0949486,0.033956;-1.54208,0.462046,-1.58668
-0.185685,-0.119464,0.0389776;-1.36961,0.505345,-1.65202
-0.186393,-0.102936,0.0285862;-1.56838,0.322202,-1.56939
-0.184885,-0.100796,0.0284557;-1.56589,0.25774,-1.57161
-0.184561,-0.100701,0.0287625;-1.56163,0.24903,-1.573
-0.184066,-0.102479,0.0286341;-1.57048,0.397499,-1.56682
-0.192559,-0.11564,0.0312981;-1.58564,0.488007,-1.56441
-0.202033,-0.141938,0.0391838;-1.41165,0.565414,-1.64654
-0.203676,-0.1305,0.0285745;-1.56956,0.385678,-1.56974
-0.202177,-0.128042,0.0285696;-1.57064,0.323683,-1.57072
-0.202003,-0.127955,0.0287856;-1.56042,0.310566,-1.57388
-0.202003,-0.129794,0.0286334;-1.57207,0.457413,-1.56754
-0.211209,-0.143276,0.0313917;-1.59453,0.553744,-1.56104
-0.222727,-0.168975,0.0388838;-1.40453,0.626175,-1.6597
-0.22461,-0.161849,0.0312067;-1.51323,0.482879,-1.59737
-0.221312,-0.155423,0.0285429;-1.57114,0.413231,-1.5689
-0.221154,-0.155381,0.0287161;-1.56471,0.396348,-1.57408
-0.220546,-0.157423,0.0286476;-1.57038,0.540479,-1.56764
-0.228012,-0.165568,0.0298965;-1.58956,0.62753,-1.55876
-0.242933,-0.189407,0.0378526;-1.43776,0.711351,-1.65453
-0.247799,-0.193188,0.0359116;-1.40718,0.645999,-1.66824
-0.244916,-0.184218,0.0301271;-1.52847,0.5675,-1.5928
-0.243705,-0.181717,0.0285765;-1.57099,0.493978,-1.57047
-0.243102,-0.181811,0.0285872;-1.57018,0.519021,-1.57085
-0.242994,-0.182614,0.0286216;-1.57107,0.607239,-1.56799
-0.255287,-0.196043,0.0313954;-1.58423,0.703254,-1.56664
-0.272609,-0.22234,0.0391818;-1.33386,0.741475,-1.71801
-0.272629,-0.218079,0.0355873;-1.40849,0.668547,-1.67168
-0.267122,-0.206248,0.0285927;-1.57238,0.572857,-1.56964
-0.266345,-0.207151,0.0287065;-1.56387,0.570436,-1.57516
-0.265069,-0.20817,0.0285802;-1.57048,0.678165,-1.57111
-0.26839,-0.21022,0.0289419;-1.58047,0.763076,-1.56056
-0.302021,-0.249769,0.0398206;-1.27429,0.89556,-1.78295
-0.30657,-0.25021,0.0379851;-1.32455,0.821573,-1.75029
-0.298774,-0.235373,0.0307024;-1.51314,0.726733,-1.61137
-0.294341,-0.230563,0.0287649;-1.55973,0.639438,-1.57727
-0.293893,-0.231872,0.0285759;-1.57098,0.743045,-1.5708
-0.295051,-0.232294,0.0287197;-1.57472,0.815059,-1.56305
-0.330749,-0.266747,0.0400575;-1.30562,0.963101,-1.7761
-0.338716,-0.270922,0.0374211;-1.31836,0.892804,-1.7677
-0.329726,-0.255995,0.0299071;-1.52494,0.795566,-1.60617
-0.325394,-0.251762,0.0287631;-1.55963,0.66238,-1.57754
-0.32533,-0.253003,0.0285731;-1.57131,0.751751,-1.57047
-0.327023,-0.253606,0.0286574;-1.57643,0.82245,-1.56573
-0.362213,-0.288263,0.0395714;-1.29789,0.972099,-1.78507
-0.369639,-0.292481,0.0372302;-1.32194,0.899721,-1.76599
-0.361261,-0.278854,0.031176;-1.49696,0.811574,-1.62543
-0.355553,-0.273361,0.0287444;-1.56016,0.710627,-1.57774
-0.355625,-0.275036,0.0285788;-1.57077,0.809591,-1.57096
-0.356005,-0.275243,0.0286283;-1.57073,0.844676,-1.56854
-0.387761,-0.30262,0.038923;-1.33704,1.00786,-1.76187
-0.395325,-0.30678,0.0369461;-1.31556,0.935773,-1.77574
-0.391259,-0.302297,0.0350097;-1.38097,0.914986,-1.72138
-0.383607,-0.293784,0.0286098;-1.5686,0.78943,-1.57227
-0.38387,-0.295579,0.0287838;-1.55804,0.874396,-1.58211
-0.383395,-0.295727,0.0285909;-1.56915,0.932684,-1.57211
-0.389171,-0.29768,0.0292648;-1.58992,1.02375,-1.55185
-0.429064,-0.322627,0.0391599;-1.17491,1.08491,-1.91394
-0.427729,-0.319284,0.0359356;-1.31081,1.02909,-1.7946
-0.417411,-0.309911,0.0285558;-1.5796,0.948172,-1.56454
-0.416321,-0.309951,0.0287419;-1.55802,0.911272,-1.58103
-0.416016,-0.311924,0.028568;-1.57183,1.01022,-1.57006
-0.416714,-0.312018,0.0287062;-1.57458,1.07508,-1.56229
-0.458934,-0.334929,0.0396554;-1.12596,1.20867,-1.9749
-0.465979,-0.335916,0.0370276;-1.20198,1.14004,-1.90741
-0.453014,-0.324377,0.0289442;-1.54008,1.05762,-1.59977
-0.448836,-0.323164,0.0287755;-1.55396,0.968589,-1.58464
-0.449305,-0.324631,0.0285373;-1.57428,1.06247,-1.5678
-0.450041,-0.324487,0.0286276;-1.57162,1.11572,-1.56722
-0.489743,-0.343886,0.038982;-1.10026,1.25567,-2.00948
-0.49834,-0.345807,0.0373339;-1.1396,1.18442,-1.97108
-0.48691,-0.336217,0.0300001;-1.49575,1.1153,-1.63831
-0.483154,-0.334378,0.0287831;-1.55172,1.03176,-1.58696
-0.483301,-0.335979,0.0286608;-1.56194,1.11699,-1.57864
-0.483366,-0.336059,0.0285833;-1.56938,1.18168,-1.57012
-0.524045,-0.349851,0.0383161;-1.04543,1.32972,-2.07608
-0.533032,-0.352354,0.0386923;-0.940731,1.27088,-2.17022
-0.526458,-0.347109,0.0340221;-1.2673,1.2295,-1.85754
-0.516213,-0.341528,0.0286869;-1.56308,1.11571,-1.57938
-0.517099,-0.34291,0.0287044;-1.55818,1.16867,-1.58343
-0.516357,-0.343958,0.0285872;-1.56978,1.25222,-1.57156
-0.543371,-0.348539,0.0342529;-1.39036,1.42445,-1.75248
-0.567209,-0.356445,0.038924;-0.480429,1.37098,-2.63531
-0.569716,-0.354366,0.0374916;-0.795394,1.34419,-2.33074
-0.552177,-0.346612,0.0285588;-1.57193,1.23649,-1.56909
-0.551896,-0.346611,0.0287354;-1.54882,1.22287,-1.59132
-0.552838,-0.348439,0.0287422;-1.54111,1.31541,-1.59975
-0.563947,-0.348095,0.030067;-1.77518,1.48119,-1.36566
-0.592731,-0.352533,0.0378589;-0.00124252,1.46793,-3.13647
-0.604572,-0.354344,0.0390335;-0.0735158,1.3933,-3.05528
-0.587342,-0.346588,0.0283722;-1.56466,1.37171,-1.57677
-0.587025,-0.346592,0.0286706;-1.55911,1.32612,-1.58354
-0.587611,-0.347379,0.0286647;-1.55216,1.36067,-1.5894
-0.590271,-0.348637,0.0287443;-1.68831,1.53498,-1.44879
-0.613343,-0.347673,0.033605;1.28242,1.50831,1.85563
-0.639327,-0.351225,0.0396165;0.625786,1.3682,2.52197
-0.626926,-0.343721,0.0288773;-1.37929,1.50062,-1.76254
-0.62378,-0.34409,0.0285637;-1.57332,1.43071,-1.56789
-0.623412,-0.344179,0.0287615;-1.51443,1.41368,-1.62634
-0.624618,-0.345188,0.0286512;0,1.56965,-3.13775
-0.641635,-0.342919,0.0319733;1.80366,1.47655,1.33648
-0.670621,-0.344262,0.039399;0.882328,1.35332,2.25806
-0.663198,-0.337883,0.0292681;-0.430642,1.54839,-2.71102
-0.65961,-0.338315,0.0285704;-1.57358,1.49071,-1.56779
-0.659399,-0.338395,0.0287789;-1.47322,1.47328,-1.66785
-0.66168,-0.339042,0.0286073;1.58167,1.52097,1.56301
-0.677083,-0.335557,0.0311144;1.70171,1.42441,1.43915
-0.704966,-0.334961,0.0390418;1.04514,1.31257,2.09057
-0.702883,-0.330206,0.0329166;0.790161,1.45511,2.34754
-0.693763,-0.329785,0.0285286;-1.63623,1.5638,-1.50371
-0.693626,-0.329874,0.0286999;-1.41996,1.53985,-1.7227
-0.694711,-0.331831,0.0285671;1.56911,1.45712,1.57281
-0.699652,-0.329404,0.029086;1.61514,1.37116,1.53033
-0.726578,-0.323645,0.0360073;1.38539,1.27283,1.74714
-0.745443,-0.319001,0.0364518;1.03744,1.28842,2.08743
-0.730662,-0.317575,0.0289131;1.45914,1.43026,1.68218
-0.728818,-0.318457,0.0285502;1.55012,1.50143,1.59415
-0.730201,-0.319553,0.0286855;1.52855,1.40883,1.61357
-0.729757,-0.320171,0.028635;1.57259,1.33702,1.57204
-0.74478,-0.31401,0.0308135;1.63219,1.24063,1.51266
-0.784126,-0.304896,0.0386241;1.1302,1.15553,1.98688
-0.774433,-0.304539,0.0336507;1.26206,1.25794,1.86497
-0.763892,-0.306221,0.0285611;1.56602,1.3637,1.57554
-0.765158,-0.306688,0.0287093;1.54696,1.346,1.59314
-0.765235,-0.307721,0.0285797;1.57017,1.26581,1.57106
-0.768364,-0.305193,0.028924;1.58903,1.18351,1.55722
-0.815174,-0.287679,0.0391837;1.21891,1.01984,1.88959
-0.814689,-0.284689,0.0367109;1.23989,1.10135,1.86729
-0.798426,-0.287219,0.0286765;1.55353,1.23136,1.58842
-0.796469,-0.288675,0.028757;1.53855,1.2998,1.60196
-0.797927,-0.289546,0.0285369;1.57627,1.20054,1.56577
-0.798357,-0.289001,0.0286466;1.5712,1.14269,1.57454
-0.838744,-0.269166,0.0395452;1.3291,0.954149,1.78058
-0.84462,-0.26422,0.0369057;1.28103,1.02235,1.82151
-0.827656,-0.26812,0.0288791;1.54015,1.1486,1.59718
-0.82232,-0.270002,0.0287179;1.55309,1.3141,1.58578
-0.821913,-0.269686,0.0285786;1.57073,1.33634,1.57071
-0.823302,-0.268823,0.028579;1.57424,1.27488,1.56746
-0.823302,-0.268823,0.028579;1.57424,1.27488,1.56746
-0.839106,-0.261809,0.0319836;1.63647,1.17925,1.50248
-0.839106,-0.261809,0.0319836;1.63647,1.17925,1.50248
