-0.125,0.125,0.06;-1.57,-2.98023e-08,-1.57
-0.125,0.125,0.06;-1.57,-2.98023e-08,-1.57
-0.125,0.125,0.06;-1.57,-2.98023e-08,-1.57
-0.125122,0.130093,0.0285445;-1.5699,-0.187011,-1.56996
-0.12558,0.129811,0.028695;-1.57103,-0.137231,-1.56486
-0.127802,0.115766,0.0319849;-1.61977,-0.0447897,-1.56829
-0.126092,0.0855122,0.0378623;-1.41462,-0.00686091,-1.55857
-0.13071,0.0936424,0.0287731;-1.57178,-0.179237,-1.56055
-0.131406,0.0925609,0.028818;-1.55902,-0.228112,-1.56797
-0.13109,0.0923922,0.0288119;-1.55936,-0.213529,-1.56829
-0.129535,0.0928847,0.0291583;-1.55043,-0.0873727,-1.56119
-0.131193,0.0788211,0.0306728;-1.57376,0.0114841,-1.56292
-0.129398,0.0486164,0.0386271;-1.43657,0.0959943,-1.57321
-0.131823,0.0439603,0.0362985;-1.42911,0.0192631,-1.56981
-0.13384,0.0523118,0.0300514;-1.52812,-0.0564832,-1.56262
-0.134742,0.0532448,0.0287958;-1.56174,-0.125325,-1.5682
-0.133254,0.052798,0.0292707;-1.54173,-0.034936,-1.56489
-0.13427,0.0445644,0.0296672;-1.56602,0.0570307,-1.56334
-0.133737,0.0157462,0.0376408;-1.45711,0.146347,-1.57974
-0.134072,0.00441288,0.03972;-1.38336,0.129308,-1.57811
-0.136055,0.00685912,0.0361772;-1.42197,0.0541658,-1.57545
-0.137154,0.0159767,0.0289321;-1.56038,-0.0264855,-1.56152
-0.137445,0.0157148,0.0289414;-1.55408,-0.0566496,-1.5669
-0.136393,0.0153911,0.0291683;-1.54877,0.0235824,-1.56578
-0.13858,-0.000547874,0.0314116;-1.5552,0.126163,-1.56997
-0.139514,-0.0239818,0.0370068;-1.4244,0.150101,-1.5861
-0.141886,-0.0228293,0.0341366;-1.46359,0.0733399,-1.57626
-0.142953,-0.0161016,0.0288156;-1.55942,-0.0265809,-1.57037
-0.142097,-0.0165897,0.0289562;-1.55272,0.0143248,-1.57034
-0.14076,-0.0155394,0.0291222;-1.54665,0.0904175,-1.57049
-0.147348,-0.0452106,0.0353804;-1.49909,0.275562,-1.58732
-0.150234,-0.0660294,0.0398329;-1.37479,0.304265,-1.61295
-0.15292,-0.0661251,0.0381326;-1.39215,0.24352,-1.607
-0.152764,-0.053875,0.0287126;-1.56784,0.105103,-1.56776
-0.152498,-0.0543585,0.0288577;-1.55727,0.101937,-1.57199
-0.151011,-0.0545464,0.0289375;-1.55463,0.187331,-1.57218
-0.15577,-0.0667521,0.0306517;-1.56556,0.372289,-1.56617
-0.16447,-0.0951251,0.0384839;-1.42229,0.449913,-1.62469
-0.168231,-0.103918,0.0399329;-1.35821,0.418979,-1.64363
-0.167094,-0.0896762,0.0287182;-1.57017,0.282107,-1.56504
-0.167123,-0.089771,0.0288348;-1.55856,0.244194,-1.57322
-0.166658,-0.0901281,0.0289413;-1.55262,0.271036,-1.5753
-0.166224,-0.0922694,0.0290807;-1.56672,0.433237,-1.56284
-0.178039,-0.11475,0.0348549;-1.50728,0.531946,-1.60077
-0.187633,-0.138358,0.0397975;-1.34786,0.566938,-1.67355
-0.187568,-0.126009,0.0300887;-1.53068,0.410381,-1.58511
-0.186199,-0.123432,0.0285696;-1.57041,0.350759,-1.57096
-0.185854,-0.123693,0.028827;-1.55807,0.354781,-1.575
-0.183088,-0.124477,0.0289439;-1.56264,0.55382,-1.5646
-0.19506,-0.139259,0.0318848;-1.55899,0.65258,-1.57514
-0.209521,-0.163894,0.0394526;-1.36832,0.715026,-1.68919
-0.211404,-0.156972,0.0308679;-1.50883,0.557575,-1.60134
-0.209511,-0.15387,0.0285421;-1.56959,0.487398,-1.57188
-0.209255,-0.154147,0.0287773;-1.56021,0.483331,-1.57565
-0.20676,-0.156277,0.0287556;-1.57245,0.685511,-1.56016
-0.220118,-0.169436,0.0318701;-1.57623,0.783719,-1.56549
-0.238059,-0.192924,0.0394351;-1.36578,0.846702,-1.71517
-0.24159,-0.187821,0.0337336;-1.4399,0.701147,-1.65305
-0.237766,-0.181994,0.0287176;-1.5726,0.635493,-1.56175
-0.23804,-0.182185,0.0288663;-1.55411,0.602037,-1.57984
-0.2357,-0.18381,0.0292044;-1.53898,0.755664,-1.58536
-0.245612,-0.191027,0.0303804;-1.55364,0.849918,-1.57711
-0.266052,-0.210747,0.0379483;-1.34699,0.924799,-1.73863
-0.271282,-0.213492,0.0377426;-1.31575,0.862924,-1.75848
-0.267405,-0.20758,0.03268;-1.44865,0.797532,-1.65416
-0.265216,-0.204261,0.0287234;-1.56847,0.727931,-1.56652
-0.265062,-0.204742,0.029049;-1.54346,0.745316,-1.58653
-0.264825,-0.205668,0.0291146;-1.54316,0.831075,-1.58394
-0.280497,-0.217339,0.0322127;-1.51427,0.934744,-1.61399
-0.302268,-0.238409,0.0402733;-1.23446,0.954634,-1.82836
-0.30268,-0.235537,0.0374229;-1.31178,0.886727,-1.76852
-0.296301,-0.227324,0.0294926;-1.52111,0.819846,-1.60071
-0.296545,-0.226855,0.0289435;-1.54676,0.765554,-1.58659
-0.29502,-0.227335,0.0291344;-1.53213,0.845734,-1.59788
-0.298166,-0.229352,0.029134;-1.56564,0.93995,-1.56686
-0.338415,-0.262889,0.0404614;-1.16642,1.05759,-1.90279
-0.342718,-0.263073,0.0389485;-1.2358,0.992525,-1.8463
-0.334615,-0.253359,0.032124;-1.45631,0.922243,-1.66227
-0.329703,-0.249304,0.0288362;-1.55233,0.835651,-1.58428
-0.328633,-0.25068,0.0289666;-1.53962,0.942059,-1.59523
-0.328906,-0.251678,0.0287846;-1.5712,1.03523,-1.56077
-0.37227,-0.278374,0.0402334;-1.123,1.16979,-1.9684
-0.37981,-0.280038,0.038342;-1.17971,1.10304,-1.91864
-0.369549,-0.270544,0.031889;-1.44181,1.03479,-1.6822
-0.363405,-0.266622,0.0287271;-1.55876,0.946578,-1.58049
-0.362545,-0.268373,0.0287567;-1.5536,1.06256,-1.58549
-0.362666,-0.269126,0.0287558;-1.57688,1.15435,-1.55786
-0.40984,-0.290639,0.0397927;-0.961885,1.27142,-2.14039
-0.417251,-0.291239,0.0384043;-1.06518,1.20648,-2.043
-0.407698,-0.284603,0.0335184;-1.33136,1.15624,-1.78837
-0.401523,-0.280533,0.0288146;-1.54811,1.051,-1.59027
-0.400923,-0.281991,0.0289614;-1.52633,1.15204,-1.6101
-0.399506,-0.282804,0.0289093;-1.54754,1.23127,-1.58465
-0.441693,-0.297033,0.0393828;-0.872171,1.3525,-2.24493
-0.450464,-0.297671,0.0382322;-0.926144,1.2787,-2.18929
-0.446592,-0.296119,0.0368836;-1.01475,1.27796,-2.1037
-0.437506,-0.290525,0.0287482;-1.55435,1.16875,-1.58424
-0.437538,-0.292283,0.0289818;-1.51265,1.24559,-1.62467
-0.43647,-0.293116,0.0291736;-1.46745,1.31594,-1.66778
-0.444301,-0.293111,0.0295833;-1.57068,1.41272,-1.56107
-0.488136,-0.301001,0.040239;-0.269579,1.36997,-2.84799
-0.487431,-0.298416,0.037306;-0.670269,1.36928,-2.45694
-0.476747,-0.294405,0.0292767;-1.43748,1.35961,-1.69626
-0.476375,-0.294992,0.0288703;-1.51466,1.31799,-1.62497
-0.475444,-0.296521,0.0289928;-1.45032,1.4103,-1.68863
-0.476067,-0.297334,0.0289424;-1.49419,1.49326,-1.63578
-0.527571,-0.301292,0.039416;0.504411,1.36788,2.64934
-0.531993,-0.298849,0.0379765;0.103802,1.4019,3.03933
-0.518438,-0.295047,0.0308265;-1.02815,1.47742,-2.11162
-0.5145,-0.294867,0.0287947;-1.50043,1.42355,-1.64025
-0.514549,-0.29668,0.0288775;-1.20954,1.53154,-1.93109
-0.51439,-0.297606,0.0287915;1.5769,1.51822,1.57506
-0.563852,-0.293525,0.0396613;0.962263,1.2961,2.17623
-0.570745,-0.290524,0.0388097;0.703882,1.33233,2.43155
-0.560154,-0.289133,0.0323577;0.767126,1.46425,2.37398
-0.555386,-0.288863,0.0288002;-1.01207,1.55086,-2.12924
-0.556216,-0.290583,0.0288689;1.41746,1.48455,1.72468
-0.555469,-0.292218,0.029066;1.47755,1.39155,1.6695
-0.599908,-0.281879,0.038822;1.19385,1.18784,1.93427
-0.608477,-0.278921,0.0399305;1.01621,1.1948,2.10821
-0.603037,-0.277889,0.0358897;1.05745,1.28737,2.06978
-0.593887,-0.278346,0.0288482;1.47179,1.44623,1.66981
-0.594399,-0.278758,0.0289352;1.45921,1.41752,1.68144
-0.593941,-0.280199,0.0291203;1.46591,1.34084,1.67553
-0.620618,-0.270711,0.0348879;1.41241,1.15093,1.71877
-0.644329,-0.264743,0.0400169;1.15828,1.07738,1.95747
-0.645209,-0.261462,0.0390286;1.12136,1.13408,1.99318
-0.631109,-0.26349,0.0287308;1.56368,1.3259,1.58318
-0.631475,-0.263294,0.0288813;1.50612,1.34402,1.6341
-0.632309,-0.26428,0.0289542;1.51241,1.27544,1.6279
-0.641773,-0.259766,0.0302827;1.56369,1.09223,1.58361
-0.669173,-0.247734,0.0383225;1.33778,0.992546,1.7769
-0.678868,-0.242966,0.0401348;1.21318,0.988793,1.89069
-0.665346,-0.244768,0.0289262;1.5407,1.17503,1.60354
-0.665355,-0.244278,0.0287925;1.54034,1.24303,1.60015
-0.665787,-0.244567,0.0289226;1.52245,1.22477,1.61679
-0.667565,-0.245528,0.0289498;1.561,1.05681,1.58895
-0.68776,-0.232665,0.0343235;1.48361,0.957401,1.64328
-0.711415,-0.221624,0.0397838;1.28474,0.878766,1.81517
-0.700016,-0.221955,0.0305253;1.47796,1.07136,1.65218
-0.696552,-0.223808,0.0285759;1.5704,1.1386,1.5716
-0.696657,-0.22393,0.0288118;1.54379,1.14615,1.59562
-0.698625,-0.225702,0.0288611;1.56494,0.960641,1.58564
-0.713085,-0.212645,0.0321743;1.5531,0.865167,1.58586
-0.737439,-0.196735,0.0398417;1.35696,0.777468,1.73584
-0.732871,-0.19461,0.0317646;1.46017,0.936926,1.66167
-0.729016,-0.196566,0.0286076;1.56967,1.01299,1.57263
-0.729262,-0.19655,0.0287712;1.55318,1.02368,1.58594
-0.730716,-0.199422,0.0287889;1.56977,0.820114,1.58077
-0.742104,-0.185287,0.0315916;1.56991,0.724803,1.57342
-0.763915,-0.165609,0.0393383;1.39172,0.637374,1.69037
-0.762096,-0.162255,0.0347886;1.40855,0.753168,1.68467
-0.755618,-0.167144,0.0287459;1.57127,0.838353,1.57911
-0.755645,-0.166446,0.0288164;1.55269,0.87133,1.58456
-0.756797,-0.168055,0.0291834;1.53372,0.760403,1.59923
-0.75987,-0.163313,0.0293399;1.5692,0.663295,1.58095
-0.777419,-0.141205,0.0367682;1.47196,0.565758,1.62853
-0.788517,-0.12596,0.0381791;1.35962,0.599166,1.69807
-0.781584,-0.133241,0.0315624;1.48598,0.684085,1.62824
-0.77882,-0.134978,0.0286102;1.57018,0.774369,1.57225
-0.777318,-0.134951,0.0288411;1.55221,0.833452,1.58472
-0.776751,-0.134744,0.0288175;1.55568,0.752131,1.58209
-0.784972,-0.119874,0.0311618;1.54674,0.627617,1.58613
-0.811364,-0.0913277,0.039937;1.3343,0.586854,1.71759
-0.805738,-0.0943401,0.0357587;1.39944,0.663236,1.67926
-0.794307,-0.0992791,0.0286973;1.56306,0.764169,1.57625
-0.787941,-0.098105,0.0288394;1.54778,1.00088,1.59038
-0.787805,-0.0980827,0.0290405;1.53118,0.969438,1.60384
-0.79095,-0.0940416,0.0291556;1.55204,0.864041,1.58662
-0.831213,-0.0676284,0.0399386;1.31882,0.71731,1.75809
-0.829882,-0.0640841,0.0377342;1.33568,0.797795,1.74494
-0.816787,-0.068921,0.0305284;1.49853,0.908537,1.62743
-0.804381,-0.0693887,0.0286372;1.56508,1.19302,1.57553
-0.804022,-0.0685477,0.0287837;1.54327,1.20922,1.59651
-0.804726,-0.0672773,0.0285755;1.57127,1.12623,1.57057
-0.848076,-0.0496502,0.0407079;1.34915,0.933523,1.76041
-0.855223,-0.0439036,0.0377288;1.25526,1.00573,1.84269
-0.843211,-0.0471178,0.0314835;1.4371,1.11727,1.68985
-0.831324,-0.0466446,0.0285864;1.57431,1.3728,1.56647
-0.831171,-0.0462506,0.0287924;1.51328,1.39163,1.62754
-0.832431,-0.0472987,0.0287477;1.54107,1.30085,1.5999
-0.832431,-0.0472987,0.0287477;1.54107,1.30085,1.5999
-0.850041,-0.0420199,0.0317426;1.51996,1.19398,1.60944
-0.850041,-0.0420199,0.0317426;1.51996,1.19398,1.60944
