-0.125,0.125,0.06;-1.57,-2.98023e-08,-1.57
-0.125,0.125,0.06;-1.57,-2.98023e-08,-1.57
-0.125,0.125,0.06;-1.57,-2.98023e-08,-1.57
-0.125042,0.130926,0.0285871;-1.56957,-0.183944,-1.56986
-0.125631,0.129932,0.028578;-1.57083,-0.129472,-1.57037
-0.127677,0.117278,0.031772;-1.62342,-0.0402457,-1.57385
-0.126145,0.0871943,0.0369647;-1.42919,0.0148166,-1.56601
-0.129282,0.0986388,0.028549;-1.57099,-0.127875,-1.57088
-0.129141,0.0986985,0.0287641;-1.56303,-0.133273,-1.57077
-0.128563,0.0978052,0.0287966;-1.56212,-0.104954,-1.57165
-0.127255,0.0968158,0.0286722;-1.57099,0.0158713,-1.56612
-0.130045,0.085097,0.030849;-1.60259,0.106812,-1.56304
-0.131419,0.0564282,0.0387497;-1.45972,0.191155,-1.58383
-0.13391,0.0536397,0.0347586;-1.4585,0.109187,-1.58077
-0.134802,0.0651369,0.0286532;-1.57999,0.0223972,-1.57011
-0.134297,0.0662093,0.0286425;-1.56829,-0.0155037,-1.57122
-0.133667,0.0650627,0.0285819;-1.57053,0.0729328,-1.57069
-0.136716,0.0565482,0.0299166;-1.59019,0.156949,-1.56479
-0.140125,0.0281868,0.0375721;-1.49751,0.245784,-1.58595
-0.141809,0.0157367,0.0390791;-1.39127,0.231523,-1.59841
-0.143049,0.0214745,0.0344088;-1.4607,0.161421,-1.58724
-0.142748,0.0326779,0.0284957;-1.57074,0.069536,-1.57089
-0.142187,0.0328085,0.0285808;-1.57068,0.08481,-1.57094
-0.142433,0.0323085,0.0286582;-1.57105,0.161068,-1.56621
-0.148045,0.0166661,0.031247;-1.60108,0.254178,-1.56307
-0.152748,-0.0070039,0.0358107;-1.436,0.281405,-1.60336
-0.154263,-0.00294651,0.0322335;-1.49784,0.205766,-1.58493
-0.153157,0.00376899,0.0287598;-1.56307,0.100129,-1.57244
-0.15284,0.00270367,0.0287597;-1.56419,0.145251,-1.57383
-0.152364,0.00269888,0.0285787;-1.5707,0.203927,-1.57094
-0.162179,-0.025265,0.0351078;-1.55337,0.37531,-1.57785
-0.166689,-0.0476449,0.0396501;-1.36655,0.400585,-1.63468
-0.168792,-0.0471902,0.0374924;-1.40285,0.341184,-1.6232
-0.165048,-0.0297762,0.0285528;-1.57162,0.204529,-1.57051
-0.164708,-0.0300275,0.0287587;-1.56202,0.210257,-1.57261
-0.164133,-0.0321982,0.0287156;-1.5638,0.294879,-1.57268
-0.170733,-0.0422887,0.030859;-1.60668,0.442248,-1.55206
-0.181091,-0.0691162,0.0387065;-1.4463,0.523605,-1.62616
-0.185987,-0.0790543,0.0395499;-1.35789,0.492577,-1.65958
-0.180782,-0.060618,0.028461;-1.56987,0.347137,-1.57147
-0.180495,-0.0601282,0.0286299;-1.56968,0.330144,-1.57266
-0.18035,-0.0620044,0.0287602;-1.56305,0.37907,-1.57512
-0.18189,-0.0640808,0.0290038;-1.58042,0.5183,-1.56009
-0.195071,-0.084628,0.0344911;-1.57099,0.613744,-1.57124
-0.205688,-0.107404,0.0394774;-1.33588,0.649095,-1.69512
-0.202155,-0.0909334,0.0284899;-1.57516,0.487915,-1.56817
-0.20016,-0.0889698,0.0285701;-1.57121,0.431293,-1.57036
-0.200018,-0.0888494,0.0287801;-1.56062,0.420752,-1.57519
-0.20012,-0.0904957,0.0286866;-1.57129,0.561938,-1.56467
-0.210966,-0.103128,0.0320443;-1.61977,0.650586,-1.54096
-0.22613,-0.126895,0.0395752;-1.38265,0.724327,-1.68232
-0.225517,-0.115787,0.0285441;-1.57202,0.559504,-1.56853
-0.223576,-0.113869,0.0285763;-1.57091,0.501355,-1.5708
-0.22322,-0.113846,0.0288131;-1.55887,0.490554,-1.57738
-0.223627,-0.115894,0.0286136;-1.5743,0.649779,-1.5655
-0.235099,-0.127363,0.032141;-1.63131,0.741169,-1.53092
-0.251225,-0.150331,0.0394362;-1.36522,0.810552,-1.70674
-0.251858,-0.143292,0.0315751;-1.49692,0.678515,-1.61652
-0.246408,-0.137112,0.0285725;-1.57063,0.615269,-1.57063
-0.246252,-0.13696,0.0287411;-1.56265,0.601514,-1.57641
-0.245797,-0.138524,0.0286651;-1.5717,0.72885,-1.56537
-0.255503,-0.145675,0.0303145;-1.60556,0.813701,-1.54211
-0.274603,-0.166396,0.0380966;-1.39948,0.895284,-1.69784
-0.279424,-0.169836,0.0364275;-1.36485,0.835075,-1.72007
-0.27298,-0.161697,0.0297493;-1.52785,0.762731,-1.59717
-0.271297,-0.160255,0.0285747;-1.57094,0.707113,-1.57088
-0.270925,-0.160473,0.0285874;-1.57015,0.739659,-1.57104
-0.271476,-0.160572,0.0286733;-1.57164,0.817762,-1.56504
-0.287009,-0.172068,0.0322072;-1.62571,0.912051,-1.52795
-0.309864,-0.193699,0.0398218;-1.25326,0.942994,-1.81245
-0.308327,-0.190534,0.036381;-1.34752,0.885406,-1.74204
-0.299404,-0.180678,0.0285267;-1.58434,0.806651,-1.55923
-0.298837,-0.181631,0.0286955;-1.56405,0.81838,-1.57669
-0.298652,-0.182546,0.0285851;-1.56934,0.909411,-1.57089
-0.302893,-0.183554,0.0292428;-1.58969,0.981825,-1.55004
-0.344576,-0.213675,0.0404039;-1.13358,1.09931,-1.94249
-0.348587,-0.214021,0.0386769;-1.21558,1.04082,-1.87387
-0.337407,-0.202873,0.0307266;-1.49351,0.968111,-1.63685
-0.330982,-0.199065,0.0287918;-1.55592,0.870931,-1.58263
-0.331424,-0.200461,0.0285587;-1.57214,0.962472,-1.5695
-0.33318,-0.200463,0.0288161;-1.58474,1.01786,-1.5542
-0.374425,-0.226948,0.0398867;-1.13724,1.15178,-1.95102
-0.381082,-0.22863,0.038271;-1.19471,1.08768,-1.90361
-0.368984,-0.216438,0.0300822;-1.51195,1.00949,-1.62325
-0.362258,-0.212697,0.0287792;-1.55629,0.888404,-1.58258
-0.362814,-0.214122,0.0285674;-1.57017,0.975847,-1.57062
-0.3654,-0.214142,0.0287454;-1.58508,1.03612,-1.55773
-0.408225,-0.240344,0.0395841;-1.11863,1.1666,-1.97073
-0.415012,-0.241647,0.0379589;-1.19867,1.09845,-1.90254
-0.403458,-0.22988,0.0314801;-1.4607,1.02025,-1.66433
-0.395731,-0.225208,0.028779;-1.55563,0.936698,-1.58343
-0.396339,-0.22685,0.0285689;-1.57238,1.03513,-1.56918
-0.39698,-0.226941,0.02867;-1.57093,1.06982,-1.56609
-0.436469,-0.246086,0.0393705;-1.19072,1.21358,-1.91697
-0.445655,-0.248758,0.0376955;-1.16464,1.14069,-1.94024
-0.440202,-0.245429,0.0354394;-1.27143,1.13657,-1.84181
-0.428857,-0.238359,0.0286067;-1.56617,1.01285,-1.57567
-0.429448,-0.239859,0.0287907;-1.55349,1.08176,-1.58806
-0.429029,-0.239988,0.0285963;-1.56972,1.12817,-1.57097
-0.4349,-0.240369,0.0297001;-1.62081,1.21447,-1.5194
-0.477974,-0.257333,0.0398654;-0.911605,1.25629,-2.18934
-0.476268,-0.254357,0.0363869;-1.14176,1.22367,-1.97626
-0.462941,-0.247299,0.0285158;-1.5999,1.15885,-1.54287
-0.462024,-0.247914,0.0287861;-1.54835,1.13487,-1.59207
-0.461871,-0.249488,0.0285773;-1.57123,1.2284,-1.57041
-0.462716,-0.249121,0.0287795;-1.583,1.28633,-1.55203
-0.510446,-0.261424,0.0399089;-0.58708,1.37038,-2.52654
-0.516237,-0.260346,0.0376386;-0.839613,1.3256,-2.28488
-0.499885,-0.251709,0.02876;-1.54135,1.27614,-1.59912
-0.49652,-0.250798,0.0287928;-1.54682,1.15795,-1.59343
-0.497163,-0.252165,0.0285794;-1.57026,1.2456,-1.57124
-0.497884,-0.251744,0.0286687;-1.57485,1.3051,-1.56251
-0.544626,-0.263175,0.0398072;-0.601182,1.39593,-2.51921
-0.55376,-0.263524,0.0382171;-0.746569,1.33483,-2.37544
-0.540597,-0.258549,0.0301749;-1.42564,1.32289,-1.71178
-0.535098,-0.257656,0.0288142;-1.53661,1.24487,-1.6035
-0.536396,-0.259144,0.0286666;-1.55275,1.33883,-1.58837
-0.536388,-0.258943,0.0286218;-1.57185,1.39808,-1.56714
-0.579272,-0.263319,0.0388891;-0.0126744,1.44708,-3.11955
-0.589195,-0.263672,0.0396502;-0.174965,1.37655,-2.95129
-0.58151,-0.260872,0.0343996;-0.772152,1.41947,-2.36232
-0.56891,-0.258479,0.0286299;-1.5673,1.33795,-1.57588
-0.570058,-0.259371,0.0287441;-1.53845,1.38423,-1.6046
-0.570189,-0.260313,0.0285736;-1.57127,1.45745,-1.57046
-0.598028,-0.258813,0.0346275;1.48697,1.51788,1.65382
-0.622811,-0.261843,0.0397556;0.488975,1.36134,2.66171
-0.624871,-0.260018,0.0382689;0.203147,1.39493,2.94165
-0.605189,-0.258338,0.0285538;-1.57055,1.4604,-1.5708
-0.605192,-0.258576,0.0287689;-1.49301,1.4578,-1.64849
-0.606578,-0.259858,0.0287289;-1.30172,1.54609,-1.84048
-0.616979,-0.256524,0.0305136;1.78699,1.43997,1.36008
-0.645545,-0.254133,0.0383626;1.13527,1.3336,2.0029
-0.657449,-0.252722,0.0398024;0.808922,1.29334,2.32775
-0.63802,-0.251508,0.0284131;1.44634,1.52931,1.69621
-0.637398,-0.251565,0.0286754;0.990763,1.56563,2.14918
-0.638038,-0.252087,0.0287536;1.35354,1.53413,1.78694
-0.63984,-0.252113,0.0289203;1.6141,1.38587,1.53438
-0.662133,-0.245798,0.0344238;1.60206,1.29398,1.54103
-0.688822,-0.24355,0.0396359;1.06279,1.19159,2.0681
-0.67306,-0.240803,0.0287814;1.5084,1.4158,1.6326
-0.669704,-0.24211,0.0285674;1.57423,1.47913,1.56783
-0.669495,-0.24204,0.0287975;1.44462,1.49332,1.69588
-0.671245,-0.242376,0.0287079;1.57538,1.34838,1.57209
-0.688562,-0.235781,0.0324614;1.69933,1.25361,1.44858
-0.716934,-0.230697,0.0397359;1.20221,1.14865,1.92417
-0.708095,-0.22771,0.0293465;1.47846,1.33931,1.66075
-0.704038,-0.229326,0.0285634;1.57333,1.40143,1.56885
-0.703832,-0.22949,0.0288172;1.50331,1.41165,1.63684
-0.705623,-0.229779,0.0286058;1.57098,1.26031,1.57231
-0.720147,-0.222126,0.0318879;1.67921,1.1684,1.47094
-0.747693,-0.214318,0.0397043;1.29321,1.07575,1.8279
-0.745487,-0.212211,0.0330746;1.33011,1.20444,1.79648
-0.736857,-0.215076,0.0285778;1.57173,1.28741,1.56989
-0.736779,-0.215183,0.0287415;1.54409,1.30406,1.59516
-0.738302,-0.216386,0.028582;1.57078,1.17568,1.57077
-0.7419,-0.212758,0.0293964;1.603,1.0956,1.5468
-0.766089,-0.199896,0.0365294;1.49901,1.00251,1.63224
-0.782707,-0.190575,0.0372178;1.27271,1.02205,1.83151
-0.768679,-0.195731,0.0289705;1.53081,1.13404,1.60915
-0.76673,-0.197278,0.0285754;1.57108,1.18938,1.57081
-0.768591,-0.198014,0.0286067;1.56812,1.09487,1.5732
-0.768714,-0.19763,0.0286648;1.57083,1.03938,1.57557
-0.780003,-0.188086,0.0313321;1.63281,0.942791,1.52274
-0.812365,-0.16715,0.0398309;1.26785,0.872276,1.81892
-0.804091,-0.170095,0.0342692;1.38354,0.960748,1.72526
-0.793932,-0.176413,0.0284865;1.56462,1.05223,1.57588
-0.793255,-0.176758,0.0286489;1.56904,1.08951,1.56987
-0.792834,-0.176496,0.0285791;1.57075,1.04841,1.5707
-0.794804,-0.173217,0.0291644;1.58912,0.965978,1.56002
-0.836189,-0.146078,0.0396998;1.29993,0.810075,1.78889
-0.83531,-0.143729,0.0373021;1.32018,0.889106,1.76858
-0.819651,-0.150401,0.0287146;1.56117,1.00365,1.57785
-0.810065,-0.151884,0.0286694;1.56258,1.24284,1.57702
-0.809298,-0.150834,0.0285813;1.57021,1.27797,1.57134
-0.809901,-0.149799,0.0286289;1.57882,1.2284,1.56586
-0.852249,-0.134176,0.0410355;1.32849,1.04719,1.79123
-0.859355,-0.129176,0.0373635;1.21424,1.1016,1.89232
-0.84155,-0.13215,0.0288892;1.53591,1.23164,1.6006
-0.835348,-0.134468,0.0287354;1.53898,1.40967,1.60005
-0.835027,-0.133985,0.0285793;1.56944,1.43283,1.57191
-0.835996,-0.132971,0.0285879;1.57441,1.37874,1.56769
-0.835996,-0.132971,0.0285879;1.57441,1.37874,1.56769
-0.85269,-0.127877,0.0325568;1.74082,1.2834,1.40282
-0.85269,-0.127877,0.0325568;1.74082,1.2834,1.40282
