-0.125,0.125,0.06;-1.57,-2.98023e-08,-1.57
-0.125,0.125,0.06;-1.57,-2.98023e-08,-1.57
-0.125,0.125,0.06;-1.57,-2.98023e-08,-1.57
-0.125125,0.130762,0.0285824;-1.57017,-0.186234,-1.57029
-0.125691,0.12952,0.0285627;-1.57016,-0.135468,-1.57047
-0.127723,0.116858,0.0316598;-1.62141,-0.0425994,-1.57437
-0.126706,0.0863069,0.0367434;-1.43269,-0.00145048,-1.56563
-0.13109,0.0972098,0.0284803;-1.57133,-0.175962,-1.57071
-0.131326,0.0976009,0.0287415;-1.56318,-0.216441,-1.56936
-0.131102,0.0975119,0.0287683;-1.56235,-0.207301,-1.56989
-0.129853,0.0968863,0.0285857;-1.57178,-0.0925667,-1.56903
-0.131377,0.0855221,0.0301922;-1.59025,0.00531676,-1.56968
-0.129371,0.0573163,0.038429;-1.46682,0.0889691,-1.57582
-0.131773,0.0542569,0.0341342;-1.47154,-0.00257424,-1.57107
-0.134093,0.0635061,0.0285507;-1.57312,-0.0877219,-1.57195
-0.133662,0.0644778,0.0285356;-1.5685,-0.140729,-1.57065
-0.132404,0.0634415,0.0285827;-1.57068,-0.0536553,-1.57072
-0.133665,0.0547871,0.0293175;-1.58392,0.0366806,-1.5712
-0.132915,0.0273715,0.0373461;-1.50085,0.123864,-1.58091
-0.132651,0.0140638,0.0382747;-1.40763,0.106076,-1.57909
-0.135381,0.0203988,0.0340245;-1.47138,0.0243191,-1.574
-0.137379,0.0304917,0.0284915;-1.56805,-0.0735048,-1.57017
-0.13698,0.0307745,0.0285959;-1.56946,-0.0777474,-1.57011
-0.136502,0.0301546,0.0285721;-1.57067,0.00470819,-1.57009
-0.138856,0.0146576,0.0307532;-1.5879,0.103879,-1.57333
-0.139613,-0.00813934,0.0355903;-1.45562,0.133136,-1.58416
-0.142385,-0.00487281,0.0318984;-1.50777,0.0455806,-1.57472
-0.143079,0.000983313,0.0287249;-1.56439,-0.0695676,-1.57077
-0.142477,5.88622e-05,0.0287398;-1.56508,-0.0162622,-1.57266
-0.141641,0.000113594,0.0285893;-1.57033,0.0551228,-1.57016
-0.147761,-0.0294775,0.0350411;-1.53916,0.234157,-1.58209
-0.149201,-0.0525805,0.0387805;-1.38826,0.265456,-1.60595
-0.151948,-0.0530926,0.0365835;-1.42489,0.197562,-1.59959
-0.15264,-0.034001,0.0285355;-1.56901,0.0244147,-1.57088
-0.152586,-0.0337035,0.028753;-1.56247,0.0084071,-1.57086
-0.151432,-0.0350201,0.0287064;-1.56458,0.0941126,-1.57128
-0.155928,-0.0467055,0.0302442;-1.59253,0.25633,-1.56558
-0.161058,-0.074583,0.0383878;-1.46199,0.339802,-1.60256
-0.163764,-0.085422,0.0385033;-1.39126,0.311949,-1.61869
-0.165729,-0.0660949,0.0284652;-1.57133,0.134461,-1.56766
-0.165615,-0.0653643,0.0286629;-1.5683,0.092645,-1.57244
-0.165298,-0.0660981,0.0287115;-1.56531,0.122006,-1.5724
-0.166008,-0.0693256,0.0287573;-1.57604,0.273012,-1.56528
-0.173592,-0.0914441,0.0341368;-1.55114,0.368626,-1.58149
-0.177856,-0.116457,0.0392952;-1.38907,0.412431,-1.62915
-0.179463,-0.10103,0.028564;-1.56969,0.233958,-1.56905
-0.178303,-0.0985883,0.0285612;-1.57019,0.174038,-1.57092
-0.178155,-0.0984391,0.0287659;-1.56169,0.163111,-1.57235
-0.17763,-0.100215,0.0285901;-1.573,0.310545,-1.56716
-0.185433,-0.115736,0.0315633;-1.59061,0.40722,-1.56546
-0.193005,-0.142833,0.0393252;-1.42412,0.482036,-1.62939
-0.1946,-0.131355,0.0284515;-1.57598,0.306716,-1.56806
-0.192871,-0.128734,0.0285533;-1.56999,0.240742,-1.57077
-0.192896,-0.12879,0.028781;-1.56088,0.225148,-1.57292
-0.19312,-0.13116,0.0285862;-1.57142,0.375437,-1.56993
-0.201286,-0.144881,0.0314156;-1.59555,0.470026,-1.56353
-0.21006,-0.171363,0.0391277;-1.41992,0.542985,-1.64031
-0.212673,-0.163243,0.0311547;-1.51755,0.389959,-1.59214
-0.210074,-0.15687,0.0285704;-1.5712,0.323423,-1.5707
-0.209979,-0.156736,0.0287348;-1.5639,0.3063,-1.57359
-0.209508,-0.158757,0.0285814;-1.57053,0.445081,-1.57082
-0.215894,-0.167396,0.0298874;-1.59087,0.535682,-1.56043
-0.228131,-0.191799,0.0379627;-1.45975,0.619472,-1.63423
-0.233334,-0.196347,0.0357555;-1.422,0.55465,-1.64882
-0.231439,-0.186285,0.029722;-1.53876,0.46971,-1.58488
-0.230343,-0.18424,0.0285757;-1.57114,0.40576,-1.57066
-0.230014,-0.184281,0.0285807;-1.57065,0.431005,-1.57071
-0.230514,-0.185407,0.0285801;-1.5709,0.51452,-1.57
-0.240548,-0.199726,0.0315647;-1.59004,0.6175,-1.56448
-0.25613,-0.228911,0.0390605;-1.35224,0.661684,-1.69283
-0.256769,-0.223658,0.0357232;-1.41627,0.583271,-1.6565
-0.25223,-0.209756,0.028545;-1.57233,0.480366,-1.56987
-0.251301,-0.209953,0.0286284;-1.56868,0.448096,-1.57244
-0.249634,-0.2106,0.028576;-1.57069,0.549596,-1.57124
-0.252796,-0.213381,0.0288315;-1.58279,0.634331,-1.56131
-0.280808,-0.257352,0.0404485;-1.32769,0.771765,-1.72255
-0.285768,-0.259182,0.0379274;-1.35594,0.695622,-1.70701
-0.280384,-0.244019,0.0306217;-1.52137,0.598827,-1.60117
-0.276615,-0.238475,0.028761;-1.56099,0.496339,-1.57613
-0.276121,-0.239827,0.0285412;-1.57307,0.598382,-1.56944
-0.277348,-0.240477,0.0286783;-1.57628,0.667714,-1.5644
-0.306409,-0.280174,0.039798;-1.34292,0.820803,-1.72403
-0.312978,-0.285255,0.0374202;-1.35436,0.751701,-1.71842
-0.306402,-0.269239,0.0298998;-1.53212,0.652022,-1.59787
-0.302252,-0.264438,0.0287718;-1.56007,0.532733,-1.57612
-0.302309,-0.265863,0.0285784;-1.57074,0.620376,-1.57087
-0.304414,-0.26659,0.0286933;-1.57852,0.685456,-1.5661
-0.333709,-0.306491,0.0396325;-1.34288,0.834479,-1.72685
-0.340584,-0.311838,0.0371279;-1.3587,0.761786,-1.71769
-0.334676,-0.297488,0.0310841;-1.50828,0.670825,-1.61166
-0.330074,-0.291456,0.0287572;-1.56066,0.571268,-1.57618
-0.329807,-0.292984,0.0285705;-1.57131,0.668329,-1.57066
-0.329994,-0.293224,0.0285823;-1.57014,0.703881,-1.57095
-0.357458,-0.324807,0.0389502;-1.38552,0.867427,-1.70706
-0.364569,-0.32979,0.0368177;-1.35859,0.793156,-1.72178
-0.360516,-0.324328,0.0349078;-1.41383,0.767878,-1.68021
-0.353397,-0.314614,0.0286014;-1.56961,0.637095,-1.57145
-0.35346,-0.316467,0.0287686;-1.56127,0.715904,-1.57892
-0.35301,-0.316497,0.0285782;-1.5707,0.768722,-1.571
-0.35883,-0.319335,0.029249;-1.5876,0.861522,-1.55605
-0.390843,-0.349758,0.0390027;-1.27054,0.943369,-1.80463
-0.390922,-0.34536,0.035813;-1.36664,0.873221,-1.7282
-0.382252,-0.33336,0.0285413;-1.58304,0.778821,-1.56188
-0.381106,-0.333112,0.0287722;-1.55839,0.730648,-1.57919
-0.380486,-0.334392,0.0285611;-1.57212,0.828219,-1.56992
-0.382045,-0.334775,0.0286572;-1.57446,0.898822,-1.56368
-0.42088,-0.367435,0.0392815;-1.2412,1.0474,-1.84417
-0.426785,-0.368478,0.0369594;-1.30038,0.976781,-1.79706
-0.416104,-0.353184,0.028846;-1.55401,0.87806,-1.58553
-0.412829,-0.351477,0.0287769;-1.55761,0.783517,-1.58014
-0.412738,-0.352897,0.028548;-1.57242,0.877452,-1.56967
-0.413651,-0.352873,0.028611;-1.57154,0.931479,-1.56772
-0.449634,-0.379612,0.0392007;-1.26598,1.08384,-1.8324
-0.457706,-0.382688,0.037284;-1.27001,1.01576,-1.82639
-0.447437,-0.371164,0.0298321;-1.51978,0.936276,-1.61294
-0.443489,-0.368844,0.0287834;-1.556,0.847883,-1.58177
-0.443629,-0.370341,0.0286616;-1.5641,0.932842,-1.5761
-0.443992,-0.37048,0.0285777;-1.57134,0.991205,-1.56955
-0.479851,-0.39086,0.0387639;-1.29757,1.15614,-1.81737
-0.48954,-0.395152,0.0385069;-1.18148,1.10299,-1.91514
-0.483881,-0.387599,0.0340157;-1.3747,1.03851,-1.74138
-0.475114,-0.379768,0.0286651;-1.56677,0.917423,-1.57558
-0.475732,-0.381422,0.0286984;-1.5629,0.972871,-1.57861
-0.475222,-0.382645,0.0285823;-1.56983,1.05972,-1.57194
-0.501433,-0.39214,0.034455;-1.51102,1.23345,-1.63156
-0.523437,-0.404537,0.0391729;-1.02294,1.23956,-2.07869
-0.527106,-0.403028,0.0373415;-1.13928,1.18437,-1.97234
-0.511436,-0.391948,0.0285858;-1.56973,1.03521,-1.57147
-0.511317,-0.391832,0.0287428;-1.55599,1.01258,-1.5832
-0.511895,-0.393502,0.0287479;-1.55316,1.09724,-1.58646
-0.521797,-0.395534,0.0299867;-1.63501,1.26314,-1.50944
-0.548737,-0.406069,0.0380497;-1.15966,1.33075,-1.96944
-0.560681,-0.410412,0.0387953;-0.918371,1.27996,-2.19343
-0.545364,-0.399058,0.0284498;-1.5618,1.15353,-1.57802
-0.54465,-0.398838,0.0286697;-1.56418,1.11317,-1.57806
-0.544869,-0.399786,0.0287266;-1.55459,1.14746,-1.58621
-0.547036,-0.401092,0.0287372;-1.59284,1.31693,-1.54545
-0.570078,-0.405572,0.0335933;-1.47343,1.41261,-1.67111
-0.594659,-0.414546,0.0394673;-0.545629,1.38039,-2.57306
-0.584292,-0.404901,0.0289276;-1.51679,1.28598,-1.62398
-0.580749,-0.404525,0.028572;-1.57008,1.21477,-1.57102
-0.580594,-0.40469,0.0287683;-1.54581,1.20093,-1.59399
-0.582089,-0.406235,0.0285911;-1.57185,1.3565,-1.56846
-0.59878,-0.407264,0.0317655;-1.7134,1.45309,-1.43277
-0.625401,-0.41452,0.0394984;-0.307919,1.43492,-2.82208
-0.619502,-0.406467,0.0292351;-1.48213,1.35022,-1.66014
-0.6155,-0.406095,0.0285699;-1.57157,1.27617,-1.56967
-0.615182,-0.406115,0.0287788;-1.53993,1.25748,-1.60009
-0.616957,-0.407291,0.0285893;-1.57372,1.41547,-1.56667
-0.632644,-0.407707,0.0311929;-1.93799,1.50702,-1.20756
-0.660114,-0.413103,0.0391847;0.14339,1.44717,3.00406
-0.659877,-0.408327,0.0327574;-0.986192,1.42663,-2.15289
-0.651368,-0.406459,0.0285335;-1.57144,1.36225,-1.56982
-0.65098,-0.406435,0.0287199;-1.54619,1.33371,-1.59553
-0.651519,-0.408045,0.0285752;-1.56622,1.44893,-1.57621
-0.657491,-0.406812,0.0289888;-1.82909,1.53599,-1.31142
-0.683517,-0.407603,0.0358174;0.853523,1.49179,2.28334
-0.703182,-0.407162,0.0365142;0.0885833,1.42821,3.05275
-0.688477,-0.402917,0.0287832;-1.44989,1.47827,-1.68953
-0.686104,-0.403256,0.0285531;-1.56463,1.40736,-1.57688
-0.686986,-0.404987,0.0286165;-1.54728,1.48956,-1.59411
-0.687272,-0.40509,0.0285862;-1.52437,1.55824,-1.61623
-0.702164,-0.402587,0.0306788;1.80385,1.4832,1.33574
-0.740785,-0.401864,0.0384845;0.649818,1.35248,2.48666
-0.731318,-0.39906,0.0338265;0.476124,1.46286,2.66197
-0.720287,-0.397838,0.0285038;-1.55072,1.52412,-1.58898
-0.721369,-0.398778,0.0287058;-1.41203,1.54281,-1.73113
-0.721524,-0.399825,0.0285715;1.57577,1.51722,1.56561
-0.725423,-0.397873,0.0288451;1.62801,1.43372,1.51645
-0.77487,-0.393193,0.039232;0.989028,1.2462,2.14553
-0.775341,-0.389949,0.0367289;0.905474,1.33226,2.22127
-0.758201,-0.388218,0.0285844;1.54761,1.49216,1.59571
-0.756387,-0.389066,0.0287578;0.332444,1.56175,2.80913
-0.757561,-0.390193,0.0285789;1.56441,1.46607,1.5774
-0.758031,-0.389791,0.0286134;1.57078,1.41024,1.57302
-0.800794,-0.381079,0.0397751;1.20127,1.21575,1.92916
-0.80796,-0.377353,0.0366364;1.04353,1.27716,2.08013
-0.790067,-0.375677,0.0286683;1.54789,1.42913,1.59265
-0.786586,-0.377265,0.0287687;1.40141,1.51592,1.73997
-0.787904,-0.377981,0.0285298;1.58556,1.42332,1.55742
-0.788839,-0.377033,0.0285794;1.57225,1.36537,1.57
-0.788839,-0.377033,0.0285794;1.57225,1.36537,1.57
-0.80456,-0.37182,0.0317504;1.64746,1.26849,1.49288
-0.80456,-0.37182,0.0317504;1.64746,1.26849,1.49288
