0.5,-0.3,0.06;-1.57,-2.98023e-08,-1.57
0.5,-0.3,0.06;-1.57,-2.98023e-08,-1.57
0.5,-0.3,0.06;-1.57,-2.98023e-08,-1.57
0.500742,-0.299725,0.0289424;-1.57602,-0.214453,-1.58396
0.500633,-0.299643,0.0286569;-1.57172,-0.159442,-1.57369
0.500096,-0.289984,0.0299898;-1.57258,-0.0302012,-1.55283
0.498107,-0.277331,0.032511;-1.60891,0.0716937,-1.54501
0.502958,-0.279126,0.0288432;-1.57167,-0.126241,-1.58396
0.50355,-0.277036,0.0286685;-1.57118,-0.241343,-1.57507
0.504791,-0.274283,0.0286776;-1.5747,-0.332698,-1.57338
0.5033,-0.276256,0.0287091;-1.57713,-0.178976,-1.57197
0.501876,-0.270435,0.0297829;-1.57386,-0.0320814,-1.55804
0.497025,-0.261682,0.0334856;-1.60994,0.0974345,-1.52946
0.503121,-0.262381,0.030102;-1.58085,0.0018853,-1.563
0.505527,-0.263308,0.028905;-1.57063,-0.119446,-1.58627
0.506619,-0.261182,0.0288994;-1.57528,-0.213004,-1.58251
0.505468,-0.263185,0.0286871;-1.57083,-0.10489,-1.57587
0.503535,-0.261223,0.0290932;-1.58195,0.0165582,-1.5639
0.499933,-0.252585,0.0321324;-1.62477,0.129666,-1.55216
0.501737,-0.250027,0.0352022;-1.67852,0.140537,-1.56215
0.507328,-0.247085,0.0339288;-1.65168,0.0369866,-1.59039
0.511709,-0.245732,0.0305377;-1.56961,-0.0715164,-1.60932
0.5124,-0.246336,0.0312989;-1.57463,-0.134805,-1.6136
0.510243,-0.251356,0.0310833;-1.59846,-0.0408195,-1.60033
0.506434,-0.25468,0.0332504;-1.63343,0.081922,-1.59161
0.505515,-0.252783,0.0356951;-1.66203,0.141908,-1.59605
0.510709,-0.250509,0.0360621;-1.63078,0.0782708,-1.6294
0.515707,-0.252999,0.0353105;-1.58869,-0.146481,-1.65252
0.51615,-0.254415,0.0343851;-1.59137,-0.158834,-1.64369
0.513704,-0.260547,0.0337317;-1.57278,-0.0725547,-1.64761
0.510086,-0.253051,0.0364472;-1.66328,0.180877,-1.59956
0.508684,-0.248321,0.0388634;-1.71198,0.229385,-1.58589
0.515124,-0.247503,0.0414436;-1.68165,0.169071,-1.61137
0.524026,-0.249628,0.035508;-1.56853,-0.0738699,-1.66104
0.522144,-0.255258,0.0354781;-1.58256,-0.168366,-1.65189
0.520234,-0.259441,0.0343259;-1.58483,-0.129042,-1.64644
0.515717,-0.261991,0.0342052;-1.57961,0.132566,-1.61973
0.512448,-0.25465,0.0374113;-1.70007,0.22112,-1.57835
0.513536,-0.251951,0.0384838;-1.70651,0.215947,-1.58778
0.523535,-0.245835,0.0326816;-1.56976,-0.00397403,-1.63251
0.522999,-0.249001,0.0324289;-1.58371,-0.118306,-1.62098
0.523751,-0.248564,0.0305609;-1.58336,-0.170188,-1.6016
0.516951,-0.260085,0.0297306;-1.58152,0.0313138,-1.58622
0.513228,-0.255912,0.0315814;-1.63142,0.153208,-1.56829
0.511082,-0.250438,0.0345016;-1.68305,0.234039,-1.55481
0.521864,-0.246108,0.030343;-1.57234,0.0390498,-1.60154
0.523376,-0.243896,0.0295928;-1.57412,-0.0559943,-1.59248
0.52486,-0.244981,0.0296518;-1.5741,-0.134308,-1.59177
0.522745,-0.248267,0.0290104;-1.59144,0.0292452,-1.57061
0.5194,-0.246589,0.0292883;-1.59381,0.143442,-1.55972
0.514283,-0.2465,0.0324731;-1.62755,0.224953,-1.54249
0.523072,-0.248994,0.0295408;-1.56897,0.096247,-1.59535
0.523927,-0.245239,0.0298489;-1.57124,-0.022599,-1.59641
0.525381,-0.244009,0.029441;-1.57287,-0.118736,-1.5906
0.523667,-0.246945,0.0287234;-1.57771,0.00778436,-1.57066
0.520797,-0.244475,0.0293552;-1.59316,0.119664,-1.56046
0.515649,-0.245012,0.0320584;-1.63074,0.202069,-1.54089
0.522813,-0.247754,0.0303793;-1.59156,0.103548,-1.587
0.525667,-0.243817,0.0305137;-1.56953,0.00253356,-1.60723
0.526517,-0.242916,0.0304932;-1.57403,-0.0993963,-1.60304
0.525729,-0.245602,0.0290317;-1.58252,-0.0658538,-1.5821
0.522231,-0.248743,0.030134;-1.61303,0.0436111,-1.56982
0.516256,-0.246613,0.0326546;-1.65114,0.167322,-1.55646
0.519385,-0.24499,0.034994;-1.66626,0.152385,-1.58217
0.524699,-0.242171,0.03341;-1.60208,0.0553327,-1.61941
0.528107,-0.241239,0.0326931;-1.57022,-0.0483523,-1.63103
0.52881,-0.244095,0.0317024;-1.57557,-0.108182,-1.61957
0.52631,-0.250135,0.0319559;-1.60073,-0.00835393,-1.6072
0.521779,-0.254049,0.033406;-1.65313,0.104605,-1.57879
0.518757,-0.248745,0.0381455;-1.71428,0.203905,-1.57768
0.526108,-0.245849,0.0382569;-1.6752,0.141363,-1.61997
0.532289,-0.247563,0.0365237;-1.60002,0.0250772,-1.65634
0.531683,-0.261959,0.0363305;-1.58244,-0.166461,-1.66186
0.528877,-0.265646,0.0332034;-1.56866,-0.068889,-1.64064
0.52771,-0.265019,0.0318489;-1.5674,0.0898748,-1.615
0.519565,-0.249546,0.0374847;-1.74228,0.269457,-1.54091
0.525612,-0.246612,0.0383345;-1.70993,0.207839,-1.58367
0.532438,-0.247097,0.03702;-1.64085,0.110356,-1.63456
0.532148,-0.261949,0.0349079;-1.58858,-0.164829,-1.64938
0.530187,-0.26233,0.0323713;-1.5727,-0.0935814,-1.62883
0.526106,-0.26928,0.0297676;-1.57354,0.0497661,-1.59267
0.521519,-0.251517,0.0368008;-1.74036,0.26464,-1.53106
0.52746,-0.24701,0.0370672;-1.70528,0.203029,-1.5724
0.534286,-0.247939,0.0356649;-1.64111,0.11001,-1.6228
0.534647,-0.257684,0.0333811;-1.58413,-0.152726,-1.63063
0.533595,-0.257979,0.0307654;-1.57498,-0.104218,-1.60737
0.529877,-0.263652,0.029183;-1.58758,0.0412381,-1.57925
0.521736,-0.249141,0.0349605;-1.69335,0.261425,-1.5282
0.525102,-0.247701,0.0347322;-1.69768,0.202737,-1.54902
0.529922,-0.246834,0.032376;-1.61702,0.125591,-1.59483
0.536081,-0.242548,0.0314438;-1.57961,-0.059833,-1.61183
0.536985,-0.243036,0.0292706;-1.57528,-0.0554105,-1.5891
0.53603,-0.245213,0.0286543;-1.57384,-0.00522115,-1.57124
0.526623,-0.244947,0.0321181;-1.62092,0.198855,-1.53487
0.527713,-0.245486,0.032061;-1.60969,0.193408,-1.53622
0.528564,-0.245572,0.0305652;-1.59748,0.186021,-1.55277
0.534259,-0.244247,0.0299919;-1.57322,0.0238128,-1.59683
0.537127,-0.243462,0.0296907;-1.57415,-0.080661,-1.59216
0.537286,-0.244204,0.0286311;-1.57097,-0.0202125,-1.56769
0.534688,-0.243572,0.0306195;-1.5665,0.0981313,-1.54514
0.528238,-0.247146,0.0334716;-1.62312,0.230414,-1.5181
0.532341,-0.246138,0.0324899;-1.6347,0.185322,-1.55145
0.53658,-0.247014,0.0301758;-1.57007,0.0955301,-1.60372
0.540338,-0.24771,0.0308115;-1.57441,-0.0888478,-1.60744
0.54011,-0.24911,0.0294743;-1.58207,-0.0600531,-1.58933
0.536832,-0.25328,0.0290819;-1.58741,0.0863088,-1.57478
0.530168,-0.248394,0.034287;-1.68592,0.255963,-1.53427
0.534116,-0.24627,0.0347702;-1.68361,0.205625,-1.56307
0.539664,-0.245344,0.0334601;-1.60932,0.107665,-1.61838
0.543365,-0.254047,0.0355019;-1.57889,-0.114223,-1.65193
0.543104,-0.255589,0.0331792;-1.57521,-0.0683415,-1.63716
0.538293,-0.263771,0.0310152;-1.58311,0.0758651,-1.6021
0.531977,-0.250945,0.0345477;-1.69453,0.297265,-1.53317
0.535852,-0.248827,0.0344604;-1.67593,0.25225,-1.55215
0.541867,-0.24652,0.0332171;-1.6201,0.165942,-1.60396
0.546413,-0.251803,0.0367867;-1.57189,-0.0225162,-1.66317
0.545319,-0.255203,0.0345184;-1.57807,-0.0203327,-1.65127
0.542197,-0.261665,0.0316718;-1.57546,0.0644034,-1.61516
0.533181,-0.253106,0.033939;-1.67583,0.315455,-1.5335
0.533409,-0.252501,0.034648;-1.68835,0.309821,-1.53165
0.538303,-0.249853,0.0327553;-1.64281,0.234931,-1.57157
0.545501,-0.249889,0.0351186;-1.5777,0.0447437,-1.64829
0.544887,-0.251599,0.0336297;-1.58428,-0.00905148,-1.63514
0.544127,-0.254691,0.0309444;-1.57157,0.0133659,-1.61085
0.536225,-0.255566,0.0315932;-1.61105,0.260785,-1.54238
0.532363,-0.252461,0.0347545;-1.6564,0.306903,-1.51423
0.534401,-0.251198,0.0330356;-1.62026,0.285469,-1.53234
0.541661,-0.247793,0.0307739;-1.57104,0.117568,-1.60883
0.543731,-0.246306,0.0306825;-1.57714,0.038651,-1.60463
0.544675,-0.246372,0.0293975;-1.57982,0.0170408,-1.58644
0.540853,-0.246761,0.0302774;-1.5777,0.21588,-1.54626
0.536412,-0.249734,0.0315148;-1.60194,0.273565,-1.53344
0.535672,-0.251296,0.0322022;-1.60443,0.292802,-1.52554
0.540147,-0.255663,0.0287215;-1.5704,0.148935,-1.57758
0.540776,-0.253629,0.0290626;-1.57581,0.0663308,-1.58641
0.542004,-0.251491,0.0290298;-1.57713,0.00945904,-1.58569
0.540839,-0.250023,0.0296671;-1.57244,0.144822,-1.55354
0.537644,-0.247683,0.0303955;-1.58964,0.237304,-1.5444
0.532961,-0.250502,0.0326208;-1.6233,0.289631,-1.52314
0.537783,-0.256715,0.0287545;-1.57732,0.167151,-1.56784
0.53815,-0.255503,0.0289451;-1.57227,0.0714373,-1.58604
0.540002,-0.252234,0.0300325;-1.57484,0.000113636,-1.59774
0.53929,-0.255142,0.0287935;-1.57852,0.100807,-1.56547
0.537226,-0.249817,0.0309598;-1.56895,0.210005,-1.54335
0.531623,-0.251049,0.0340717;-1.63221,0.290025,-1.51697
0.5381,-0.247772,0.0290441;-1.58784,0.172185,-1.57339
0.539468,-0.246968,0.0302197;-1.57205,0.110196,-1.60124
0.540025,-0.249753,0.0325329;-1.57971,0.0605195,-1.62514
0.53793,-0.260824,0.0295266;-1.5683,0.123496,-1.59184
0.535935,-0.258215,0.0312092;-1.57513,0.228579,-1.55282
0.531906,-0.252258,0.0347837;-1.64552,0.308814,-1.51546
0.537249,-0.250055,0.0305583;-1.61764,0.231895,-1.56368
0.540042,-0.24869,0.030356;-1.57098,0.156735,-1.60382
0.540721,-0.250058,0.0330548;-1.58186,0.103904,-1.62986
0.538518,-0.264206,0.0312043;-1.56694,0.0956115,-1.61435
0.53554,-0.267458,0.0293782;-1.56578,0.182183,-1.57466
0.533619,-0.259854,0.0329403;-1.59213,0.289998,-1.53323
0.534673,-0.252196,0.0347098;-1.59754,0.297871,-1.54247
0.538741,-0.251704,0.0295852;-1.58577,0.216259,-1.5815
0.540382,-0.250242,0.0313539;-1.57367,0.147762,-1.61359
0.538308,-0.261192,0.0325209;-1.57162,0.11754,-1.62828
0.536248,-0.265419,0.0294605;-1.56699,0.182843,-1.59148
0.535125,-0.258959,0.0304975;-1.59369,0.297371,-1.55343
0.530771,-0.255188,0.0341042;-1.64619,0.355258,-1.52265
0.5352,-0.252983,0.0314247;-1.6348,0.28741,-1.55893
0.539142,-0.251903,0.029455;-1.57072,0.198467,-1.59412
0.540027,-0.257203,0.0332316;-1.5772,0.120705,-1.63445
0.539242,-0.261144,0.0310722;-1.56787,0.151363,-1.6128
0.537081,-0.263689,0.0289243;-1.57896,0.249785,-1.57668
0.532216,-0.255745,0.0342875;-1.67794,0.373333,-1.52203
0.535455,-0.254636,0.0330693;-1.67208,0.32984,-1.54226
0.53948,-0.253781,0.0300425;-1.5814,0.235517,-1.59256
0.540292,-0.263459,0.0338567;-1.57601,0.0696183,-1.63855
0.538448,-0.27089,0.032895;-1.56783,0.0978201,-1.63587
0.536362,-0.275146,0.0304057;-1.56606,0.178318,-1.60553
0.530789,-0.258686,0.0342502;-1.6856,0.397651,-1.52153
0.53397,-0.255003,0.0339176;-1.66318,0.34899,-1.54115
0.53903,-0.252112,0.0306866;-1.60421,0.245497,-1.58467
0.542001,-0.254407,0.0327871;-1.57828,0.0908961,-1.62439
0.541241,-0.263735,0.033408;-1.56715,0.111628,-1.64295
0.538802,-0.268625,0.031009;-1.56303,0.152437,-1.61422
0.538802,-0.268625,0.031009;-1.56303,0.152437,-1.61422
0.535991,-0.267583,0.0313165;-1.57007,0.269233,-1.56885
0.535991,-0.267583,0.0313165;-1.57007,0.269233,-1.56885
