0.5,-0.3,0.06;-1.57,-2.98023e-08,-1.57
0.5,-0.3,0.06;-1.57,-2.98023e-08,-1.57
0.5,-0.3,0.06;-1.57,-2.98023e-08,-1.57
0.501904,-0.296232,0.0290409;-1.58099,-0.265933,-1.58566
0.501547,-0.295959,0.0288653;-1.56997,-0.230514,-1.58475
0.501289,-0.28638,0.0294637;-1.57166,-0.103642,-1.56356
0.49895,-0.27056,0.0336155;-1.64256,-0.0017035,-1.5569
0.504937,-0.273729,0.0289658;-1.57389,-0.200775,-1.58659
0.505996,-0.272203,0.0291273;-1.59043,-0.262984,-1.58337
0.506278,-0.271665,0.0291691;-1.59589,-0.273881,-1.58213
0.503099,-0.277937,0.0288378;-1.57045,-0.0476313,-1.58315
0.504091,-0.274105,0.0296185;-1.56011,0.0983875,-1.56874
0.50201,-0.262497,0.0326587;-1.6085,0.217283,-1.54422
0.504761,-0.2663,0.0301365;-1.59176,0.121412,-1.5642
0.505663,-0.268572,0.0289045;-1.57051,0.0212015,-1.58654
0.506542,-0.266627,0.0289134;-1.58216,-0.0689249,-1.57985
0.506654,-0.266102,0.0289759;-1.5783,-0.0586404,-1.58537
0.506262,-0.265323,0.0289001;-1.58085,0.0312281,-1.57574
0.504545,-0.255716,0.0308023;-1.58876,0.15717,-1.55901
0.505231,-0.250338,0.0337085;-1.64082,0.156915,-1.545
0.509192,-0.250988,0.0308996;-1.61977,0.0639122,-1.57075
0.511098,-0.251926,0.0289249;-1.57157,-0.0638564,-1.58704
0.512544,-0.250753,0.0289981;-1.57887,-0.146982,-1.58385
0.510559,-0.251758,0.0290593;-1.58558,-0.0618892,-1.58008
0.508179,-0.249092,0.0288895;-1.57798,0.0483196,-1.57363
0.506245,-0.246135,0.0304035;-1.59419,0.114079,-1.56343
0.508415,-0.248131,0.0288673;-1.58117,0.0537472,-1.5736
0.510669,-0.246051,0.0289897;-1.58255,-0.118886,-1.5801
0.51056,-0.24782,0.028912;-1.57947,-0.110665,-1.57898
0.509267,-0.249986,0.0289945;-1.57861,-0.0626451,-1.58321
0.505333,-0.248966,0.0295298;-1.57238,0.14444,-1.56433
0.502577,-0.245195,0.0321029;-1.6133,0.192885,-1.55264
0.505034,-0.243071,0.0317823;-1.59671,0.119729,-1.55025
0.508035,-0.242323,0.0288515;-1.57149,-0.085012,-1.58396
0.509062,-0.243552,0.028955;-1.57637,-0.152208,-1.58415
0.508895,-0.245971,0.0290102;-1.57947,-0.14292,-1.5843
0.506849,-0.246465,0.0287973;-1.5735,0.0217162,-1.56962
0.504391,-0.241858,0.0310406;-1.58145,0.12352,-1.5499
0.504572,-0.240246,0.0326811;-1.61748,0.121372,-1.54721
0.509743,-0.238445,0.0289261;-1.56916,-0.0697152,-1.58632
0.51024,-0.242287,0.0292279;-1.57312,-0.118547,-1.58639
0.510756,-0.244727,0.0291429;-1.57338,-0.137182,-1.58635
0.508342,-0.249094,0.0287715;-1.57914,0.0226217,-1.57156
0.506099,-0.247009,0.0295866;-1.57528,0.127301,-1.56159
0.502979,-0.245574,0.0318949;-1.59995,0.203489,-1.54522
0.507594,-0.247537,0.0286702;-1.57111,0.035434,-1.57529
0.507895,-0.246701,0.0287764;-1.57177,-0.0623965,-1.57967
0.508934,-0.249332,0.0287379;-1.57153,-0.108126,-1.57864
0.507222,-0.251425,0.0291066;-1.59506,0.0013864,-1.57242
0.504948,-0.248212,0.0289614;-1.57563,0.092601,-1.56819
0.501256,-0.245125,0.0313094;-1.59557,0.198196,-1.55047
0.506377,-0.243048,0.0287305;-1.57291,0.0129708,-1.5758
0.505986,-0.241759,0.0288348;-1.56816,-0.0974752,-1.58023
0.506665,-0.243275,0.0288433;-1.57231,-0.152121,-1.58414
0.506275,-0.246117,0.0289243;-1.58154,-0.0603306,-1.57715
0.503782,-0.244041,0.0290716;-1.57516,0.0529688,-1.56805
0.501234,-0.241073,0.0319606;-1.59755,0.141678,-1.54582
0.507779,-0.239299,0.0287828;-1.58057,0.000252306,-1.57099
0.508214,-0.23955,0.0288141;-1.57044,-0.0629759,-1.58209
0.508061,-0.243184,0.0289009;-1.57543,-0.103354,-1.58193
0.507383,-0.246023,0.0287247;-1.57197,-0.0557916,-1.57679
0.505425,-0.247273,0.0287936;-1.57807,0.0479819,-1.56994
0.502585,-0.244313,0.0315023;-1.58829,0.147349,-1.54583
0.503319,-0.245558,0.0314672;-1.60199,0.144576,-1.5485
0.505667,-0.249504,0.0286636;-1.56975,0.0605742,-1.57461
0.50635,-0.247469,0.0287664;-1.56839,-0.0727614,-1.57901
0.506451,-0.247883,0.0287338;-1.57138,-0.103899,-1.57827
0.505364,-0.248116,0.0290543;-1.59198,-0.0493359,-1.57387
0.502713,-0.248438,0.028991;-1.57347,0.0681223,-1.56997
0.500589,-0.242043,0.0324057;-1.60584,0.148369,-1.54271
0.504646,-0.239416,0.0312443;-1.56719,0.0590393,-1.55302
0.506666,-0.239202,0.0288001;-1.57084,-0.0495266,-1.58186
0.507005,-0.243753,0.0289286;-1.57494,-0.135868,-1.58396
0.506632,-0.245526,0.0288635;-1.57076,-0.100137,-1.58424
0.504861,-0.247154,0.0288143;-1.57803,0.00232071,-1.57492
0.499477,-0.243302,0.0328586;-1.60517,0.174195,-1.53822
0.501861,-0.243727,0.0341511;-1.55609,0.122293,-1.54072
0.504823,-0.245153,0.0286922;-1.57093,0.0166507,-1.57635
0.506004,-0.246838,0.0288848;-1.57948,-0.130519,-1.57786
0.504886,-0.249222,0.0287243;-1.57119,-0.0574267,-1.57758
0.50353,-0.250012,0.029158;-1.5961,0.00227001,-1.57391
0.497467,-0.245251,0.032585;-1.61226,0.203785,-1.54297
0.500472,-0.24472,0.0330823;-1.55211,0.130631,-1.54678
0.503119,-0.243913,0.0289644;-1.58699,0.0191028,-1.57302
0.504288,-0.243915,0.0288787;-1.57517,-0.153698,-1.58131
0.504124,-0.245359,0.0288312;-1.57024,-0.129506,-1.58244
0.503543,-0.247403,0.0286826;-1.57088,-0.0399575,-1.57567
0.498184,-0.241483,0.0320676;-1.5954,0.143876,-1.54518
0.502648,-0.23825,0.0327479;-1.58174,0.0603884,-1.54153
0.505896,-0.23853,0.0287237;-1.57676,-0.017248,-1.57007
0.507101,-0.242178,0.0288355;-1.57286,-0.126367,-1.58124
0.506922,-0.244426,0.0288369;-1.57072,-0.0895141,-1.58272
0.506048,-0.246161,0.0287453;-1.57119,-0.0494029,-1.57849
0.500468,-0.245231,0.0316355;-1.58822,0.155932,-1.54558
0.502385,-0.244786,0.0317022;-1.59588,0.132839,-1.54319
0.503214,-0.244913,0.0307786;-1.59542,0.121292,-1.55206
0.506268,-0.246784,0.0286904;-1.57155,-0.0634764,-1.57569
0.506732,-0.249509,0.0288894;-1.58174,-0.100301,-1.5759
0.505751,-0.250885,0.0291023;-1.59527,-0.0461447,-1.57317
0.503533,-0.251508,0.0289252;-1.58569,0.0345772,-1.57213
0.498597,-0.244997,0.0317646;-1.59721,0.193205,-1.5445
0.502038,-0.242901,0.0316463;-1.54227,0.102451,-1.55551
0.503729,-0.241657,0.0287042;-1.56991,-0.016183,-1.57601
0.50311,-0.242596,0.0288303;-1.5716,-0.145435,-1.58321
0.502806,-0.24407,0.0288092;-1.57096,-0.125057,-1.58185
0.501537,-0.245491,0.0286922;-1.57476,-0.0281188,-1.57254
0.494896,-0.241331,0.0324464;-1.59565,0.142829,-1.53787
0.497729,-0.237745,0.0329644;-1.55214,0.0613714,-1.54265
0.500451,-0.23576,0.0286885;-1.57538,-0.0417215,-1.57179
0.500732,-0.244141,0.0289331;-1.57462,-0.123871,-1.58431
0.500558,-0.245707,0.0289013;-1.57374,-0.11081,-1.58354
0.499344,-0.247156,0.0290341;-1.59237,-0.0300571,-1.5723
0.492491,-0.244605,0.0320032;-1.60944,0.186722,-1.54566
0.493806,-0.245237,0.0325478;-1.61527,0.161252,-1.54056
0.49694,-0.249118,0.0286273;-1.57112,0.0718081,-1.57335
0.498376,-0.248132,0.0287015;-1.57129,-0.106067,-1.57653
0.498307,-0.248758,0.0288042;-1.57729,-0.106865,-1.57558
0.497192,-0.249426,0.0290956;-1.59408,-0.0731091,-1.57445
0.491513,-0.248318,0.0304728;-1.57809,0.144166,-1.55508
0.49117,-0.244583,0.0315876;-1.59444,0.144453,-1.54524
0.495062,-0.23766,0.0295319;-1.59121,0.0512107,-1.5584
0.497251,-0.240056,0.0287962;-1.57105,-0.103067,-1.58107
0.497323,-0.242367,0.0288615;-1.57206,-0.134351,-1.5828
0.497087,-0.243597,0.0288588;-1.57111,-0.124155,-1.58418
0.493224,-0.243651,0.029246;-1.57323,0.0509289,-1.56664
0.489644,-0.241784,0.0321633;-1.5922,0.133617,-1.53987
0.490551,-0.239473,0.0325902;-1.59241,0.1128,-1.53589
0.493447,-0.241891,0.0286997;-1.57066,-0.0625425,-1.57645
0.493855,-0.24176,0.0287604;-1.576,-0.119942,-1.57513
0.493243,-0.244504,0.0287848;-1.57681,-0.104576,-1.57519
0.490252,-0.248907,0.0287435;-1.57874,0.065325,-1.57044
0.487426,-0.24834,0.0313517;-1.5817,0.164701,-1.54405
0.485967,-0.246139,0.0322272;-1.60154,0.202336,-1.53776
0.490677,-0.244324,0.0286974;-1.57082,0.00947344,-1.57634
0.49106,-0.242057,0.0287151;-1.57358,-0.119801,-1.57551
0.491246,-0.243493,0.0287211;-1.57147,-0.153706,-1.57774
0.489705,-0.246252,0.0286804;-1.57304,-0.0261748,-1.57345
0.488603,-0.242957,0.0297356;-1.57191,0.0569618,-1.5578
0.484463,-0.240964,0.0319732;-1.59725,0.135213,-1.54574
0.490498,-0.236027,0.0286888;-1.57437,-0.0475012,-1.57259
0.490617,-0.239397,0.0289515;-1.56724,-0.0946086,-1.58413
0.491029,-0.24339,0.0289188;-1.57437,-0.14503,-1.58396
0.489626,-0.247131,0.0286989;-1.57149,-0.0298037,-1.57625
0.487963,-0.246047,0.0293889;-1.57626,0.0836779,-1.56458
0.484002,-0.244876,0.0319711;-1.59513,0.185153,-1.54333
0.489171,-0.244352,0.0287309;-1.57708,0.0392811,-1.57161
0.489727,-0.243309,0.02871;-1.57038,-0.0671541,-1.57658
0.489895,-0.245477,0.0287381;-1.57093,-0.102704,-1.57823
0.488458,-0.249773,0.0288796;-1.58231,-0.023856,-1.57395
0.486784,-0.249555,0.0290217;-1.57631,0.067136,-1.5687
0.483258,-0.246986,0.0316268;-1.5923,0.156133,-1.54657
0.485529,-0.241162,0.029132;-1.58626,0.0826022,-1.56864
0.487759,-0.239859,0.0287779;-1.57061,-0.0544133,-1.58022
0.487649,-0.241456,0.0289416;-1.57006,-0.112342,-1.58068
0.487301,-0.243881,0.0288765;-1.58312,-0.13383,-1.57455
0.485672,-0.246153,0.0286823;-1.57283,-0.0411231,-1.57406
0.484504,-0.24365,0.0297503;-1.57306,0.0475858,-1.55945
0.483139,-0.235929,0.0318418;-1.58428,0.0668315,-1.54092
0.486098,-0.236753,0.028692;-1.57353,-0.0271343,-1.57375
0.48634,-0.238219,0.0288879;-1.56648,-0.0708824,-1.58085
0.484133,-0.241242,0.0289666;-1.57507,-0.108389,-1.58322
0.482376,-0.24271,0.0287219;-1.57458,-0.0379257,-1.57396
0.479528,-0.243738,0.0290662;-1.58989,0.0480881,-1.57439
0.474108,-0.245515,0.0306186;-1.61395,0.147155,-1.5719
0.476528,-0.247018,0.0294788;-1.59058,0.11131,-1.56928
0.477632,-0.246298,0.0286692;-1.57108,-0.00652684,-1.57521
0.477871,-0.245264,0.02882;-1.57942,-0.113744,-1.57473
0.477183,-0.246329,0.0288347;-1.57708,-0.071779,-1.57701
0.476198,-0.248028,0.0287244;-1.57224,0.00234711,-1.57606
0.473266,-0.247629,0.0300821;-1.58939,0.135905,-1.56808
0.476227,-0.242812,0.0309672;-1.57656,0.0715476,-1.55568
0.478276,-0.241043,0.0286817;-1.57115,-0.0330345,-1.57631
0.478418,-0.24393,0.0290856;-1.56982,-0.151058,-1.58341
0.478197,-0.244391,0.0287181;-1.5709,-0.130747,-1.57713
0.476851,-0.245876,0.0288276;-1.57242,-0.0563466,-1.58155
0.473749,-0.245767,0.0307866;-1.58878,0.115656,-1.55719
0.476268,-0.243183,0.0315941;-1.59209,0.0814476,-1.54833
0.478047,-0.241904,0.0287457;-1.57496,0.0201209,-1.57485
0.478526,-0.242241,0.0288053;-1.57403,-0.12948,-1.57864
0.477955,-0.243633,0.0287225;-1.577,-0.092517,-1.57211
0.476325,-0.245071,0.0289071;-1.58425,-0.0304533,-1.57367
0.476325,-0.245071,0.0289071;-1.58425,-0.0304533,-1.57367
0.474118,-0.247525,0.0290384;-1.58885,0.0794389,-1.57273
0.474118,-0.247525,0.0290384;-1.58885,0.0794389,-1.57273
