0.5,-0.3,0.06;-1.57,-2.98023e-08,-1.57
0.5,-0.3,0.06;-1.57,-2.98023e-08,-1.57
0.5,-0.3,0.06;-1.57,-2.98023e-08,-1.57
0.500729,-0.297026,0.029106;-1.58235,-0.227516,-1.58723
0.500336,-0.298048,0.0290053;-1.57324,-0.194719,-1.58906
0.500265,-0.296867,0.0301926;-1.55511,-0.120641,-1.57862
0.501831,-0.280186,0.0364166;-1.5268,-0.0205475,-1.55966
0.505724,-0.266927,0.028958;-1.57407,-0.0957022,-1.58643
0.506806,-0.264334,0.029034;-1.58349,-0.175009,-1.58628
0.508272,-0.262002,0.0289807;-1.58495,-0.273209,-1.58448
0.506253,-0.266709,0.0291465;-1.5752,-0.187915,-1.58936
0.505341,-0.268603,0.030214;-1.59589,-0.139343,-1.58741
0.503937,-0.2657,0.0335275;-1.62912,-0.0862304,-1.56951
0.504701,-0.265524,0.0320975;-1.61014,-0.157193,-1.56089
0.506545,-0.267742,0.0288785;-1.56925,-0.243353,-1.58587
0.507284,-0.265451,0.0291275;-1.5888,-0.301865,-1.58702
0.507382,-0.265728,0.0291568;-1.57156,-0.266625,-1.58991
0.506414,-0.261266,0.0302713;-1.57601,-0.166941,-1.58985
0.503561,-0.247418,0.0335287;-1.65677,-0.0205861,-1.58377
0.502014,-0.243937,0.0348626;-1.68359,-0.00321749,-1.57838
0.5063,-0.24568,0.0331922;-1.6523,-0.126733,-1.5774
0.509617,-0.252757,0.0286726;-1.5718,-0.246573,-1.57475
0.510203,-0.254067,0.029314;-1.58562,-0.30397,-1.59082
0.509038,-0.256703,0.0292183;-1.57456,-0.26545,-1.59044
0.507797,-0.257984,0.0305325;-1.56779,-0.199305,-1.59552
0.510184,-0.24786,0.0316821;-1.57453,-0.113863,-1.59409
0.512056,-0.242454,0.0303389;-1.59387,-0.113005,-1.5903
0.515263,-0.247912,0.0301527;-1.56842,-0.207101,-1.5882
0.51951,-0.254383,0.0288595;-1.57698,-0.304605,-1.58006
0.519305,-0.255392,0.0290937;-1.58081,-0.284838,-1.58843
0.516687,-0.254187,0.0331614;-1.65273,-0.180327,-1.58785
0.515478,-0.251333,0.035523;-1.69657,-0.140187,-1.5909
0.518796,-0.254595,0.0337826;-1.67194,-0.213005,-1.59779
0.522267,-0.261445,0.0287496;-1.57646,-0.378359,-1.58161
0.522985,-0.2612,0.0289708;-1.59034,-0.415216,-1.57806
0.522719,-0.261514,0.028918;-1.58673,-0.411401,-1.57579
0.520008,-0.255685,0.0303921;-1.60526,-0.188562,-1.58632
0.517218,-0.243296,0.0344548;-1.67158,-0.0461303,-1.58158
0.516343,-0.235076,0.0342423;-1.6755,0.0039605,-1.58171
0.519651,-0.237938,0.0288388;-1.57441,-0.0653938,-1.58444
0.520956,-0.241674,0.0297662;-1.57649,-0.11798,-1.58915
0.522975,-0.247319,0.0301901;-1.55948,-0.185597,-1.58688
0.521006,-0.246522,0.029262;-1.58349,-0.0779316,-1.5729
0.520485,-0.241519,0.0323055;-1.62355,0.00735129,-1.56744
0.519913,-0.236764,0.0349851;-1.6755,0.062536,-1.56463
0.523486,-0.241748,0.0290518;-1.57166,-0.0581656,-1.58797
0.524079,-0.240377,0.029121;-1.58327,-0.0952123,-1.58787
0.524717,-0.243074,0.0295233;-1.57625,-0.130997,-1.59092
0.522421,-0.244659,0.029125;-1.58865,-0.0360539,-1.57405
0.522567,-0.241063,0.0321213;-1.62946,0.0412575,-1.56924
0.521189,-0.237471,0.035153;-1.69386,0.0980997,-1.56566
0.523751,-0.242224,0.0301826;-1.59075,0.0125866,-1.58886
0.523578,-0.242684,0.0294093;-1.57567,-0.0222325,-1.59031
0.525478,-0.241685,0.0291712;-1.58486,-0.0986055,-1.58643
0.523841,-0.244298,0.0290072;-1.57858,-0.0781134,-1.58615
0.521875,-0.244038,0.0302735;-1.6,0.00315017,-1.57619
0.519783,-0.238593,0.0350763;-1.67028,0.100876,-1.54756
0.518988,-0.242515,0.0311968;-1.5344,0.144088,-1.58882
0.518491,-0.241581,0.0298421;-1.55386,0.125865,-1.59242
0.520799,-0.24021,0.0288149;-1.57522,0.0312317,-1.57933
0.522487,-0.244421,0.0293231;-1.56917,-0.127064,-1.58961
0.520974,-0.245501,0.030681;-1.60502,-0.0749653,-1.57014
0.518407,-0.245746,0.0356023;-1.68455,0.0207477,-1.55704
0.516461,-0.248021,0.0339071;-1.66177,0.0811881,-1.56222
0.516215,-0.253486,0.0293727;-1.55985,0.0213873,-1.59984
0.515398,-0.251407,0.0296177;-1.57196,-0.0318685,-1.59253
0.517582,-0.24507,0.0295363;-1.57636,-0.134849,-1.59196
0.51618,-0.247469,0.0290691;-1.57885,-0.0817484,-1.58668
0.511352,-0.249157,0.0311871;-1.61932,0.0520767,-1.57795
0.506547,-0.246746,0.0348731;-1.68706,0.201003,-1.55988
0.508844,-0.245741,0.0338998;-1.66672,0.120455,-1.58228
0.512642,-0.244063,0.029186;-1.56815,0.0206931,-1.59196
0.514642,-0.244293,0.0302067;-1.5741,-0.120998,-1.59993
0.51458,-0.246163,0.0294102;-1.57397,-0.105388,-1.59203
0.512039,-0.252835,0.029878;-1.57964,-0.0178572,-1.59427
0.511888,-0.266953,0.0405373;-1.3479,0.220904,-1.60053
0.510704,-0.271215,0.0416835;-1.31574,0.167428,-1.60459
0.511116,-0.266082,0.0365797;-1.42042,0.161629,-1.59521
0.509018,-0.265602,0.0303925;-1.53106,-0.0840906,-1.56921
0.50868,-0.265353,0.0294332;-1.57472,-0.123819,-1.59213
0.50785,-0.268768,0.0298521;-1.57292,-0.0667398,-1.59589
0.506718,-0.27524,0.0364433;-1.68602,0.102353,-1.57125
0.506044,-0.282632,0.0398541;-1.64347,0.0452587,-1.56709
0.503958,-0.297783,0.0336839;-1.46413,0.00348908,-1.57351
0.501964,-0.289771,0.0290044;-1.58092,-0.166027,-1.58286
0.503008,-0.286298,0.0292718;-1.57432,-0.194048,-1.59054
0.503666,-0.283048,0.0300084;-1.56649,-0.184249,-1.59521
0.503393,-0.263702,0.0355477;-1.68465,0.10427,-1.57605
0.5027,-0.258098,0.0359956;-1.68686,0.138477,-1.58135
0.501424,-0.262724,0.0298402;-1.58772,0.166571,-1.58454
0.501647,-0.260578,0.0286573;-1.57106,-0.0124077,-1.57435
0.502802,-0.257789,0.0289554;-1.57384,-0.124444,-1.58586
0.504563,-0.25473,0.0290812;-1.57461,-0.229465,-1.59165
0.5003,-0.265028,0.0340984;-1.60996,-0.0458402,-1.58955
0.501294,-0.273809,0.0319163;-1.56895,-0.00749404,-1.60486
0.501911,-0.281776,0.0313213;-1.5393,0.0519595,-1.59216
0.500404,-0.275733,0.0287879;-1.5695,-0.0429942,-1.57991
0.497083,-0.271786,0.0288088;-1.56266,-0.294471,-1.5717
0.497939,-0.272643,0.0289486;-1.56977,-0.246483,-1.58728
0.497045,-0.278112,0.030309;-1.59321,-0.153137,-1.59156
0.497122,-0.280379,0.0368965;-1.69498,-0.0138626,-1.59653
0.497527,-0.281464,0.0356109;-1.68695,-0.0688876,-1.6004
0.497523,-0.289565,0.0291385;-1.56493,-0.15291,-1.59088
0.494294,-0.286517,0.0287872;-1.56808,-0.293441,-1.57729
0.493738,-0.283739,0.029009;-1.55922,-0.329095,-1.577
0.4953,-0.283747,0.0296754;-1.55623,-0.274608,-1.58159
0.498245,-0.270249,0.0343494;-1.59955,-0.0302513,-1.58996
0.498617,-0.252733,0.0354391;-1.69012,0.0105925,-1.58702
0.498152,-0.253133,0.0305604;-1.5787,0.00590113,-1.59873
0.498103,-0.248945,0.0289007;-1.57394,-0.0948004,-1.58292
0.498225,-0.246578,0.0288509;-1.57048,-0.156847,-1.58363
0.498602,-0.24683,0.0288581;-1.56248,-0.15099,-1.57401
0.499696,-0.238798,0.0365689;-1.69036,-0.0247135,-1.55888
0.500923,-0.238446,0.0352924;-1.69856,-0.0317878,-1.58182
0.500653,-0.244203,0.0296938;-1.56648,-0.0640236,-1.59579
0.500822,-0.244813,0.0301797;-1.57556,-0.125849,-1.59863
0.50123,-0.246058,0.0302182;-1.57351,-0.152954,-1.59806
0.501814,-0.246252,0.0298372;-1.55603,-0.148341,-1.58552
0.4987,-0.237543,0.0344844;-1.64056,0.0155421,-1.54313
0.499576,-0.233395,0.0381355;-1.61515,0.0343326,-1.55036
0.499127,-0.235264,0.0348681;-1.57474,0.00904751,-1.57902
0.50131,-0.24345,0.0303086;-1.57874,-0.0955398,-1.59933
0.502138,-0.24397,0.029805;-1.58175,-0.119734,-1.59425
0.502985,-0.245218,0.0294887;-1.5756,-0.148515,-1.59265
0.50154,-0.2451,0.0301488;-1.58757,-0.0816928,-1.56977
0.502085,-0.240726,0.0343739;-1.64337,-0.0260219,-1.54861
0.504027,-0.237817,0.0341206;-1.61402,-0.0206009,-1.5564
0.503709,-0.236399,0.0307062;-1.55601,-0.0111912,-1.59515
0.504847,-0.24179,0.0317004;-1.54853,-0.0834131,-1.60076
0.506789,-0.247284,0.0325625;-1.54904,-0.167868,-1.61157
0.505601,-0.246247,0.0309505;-1.60955,-0.112604,-1.57021
0.503953,-0.243059,0.035654;-1.6695,-0.0656527,-1.5455
0.503395,-0.240663,0.0371741;-1.6904,-0.0512238,-1.53716
0.507875,-0.245956,0.0289717;-1.57212,-0.143985,-1.58818
0.50766,-0.246211,0.0293043;-1.58796,-0.158284,-1.58509
0.507948,-0.246328,0.0292028;-1.58949,-0.17121,-1.58555
0.507282,-0.245023,0.0291726;-1.59265,-0.106117,-1.57985
0.505395,-0.235862,0.0329108;-1.64507,0.0167914,-1.55811
0.50265,-0.235049,0.0353072;-1.68209,0.070957,-1.55118
0.50528,-0.236149,0.0314898;-1.63601,0.0159837,-1.57149
0.50757,-0.237198,0.0290557;-1.57595,-0.0408687,-1.58437
0.508247,-0.238651,0.0292228;-1.57793,-0.0555819,-1.58641
0.508665,-0.240636,0.02928;-1.57786,-0.0857884,-1.58786
0.50684,-0.241022,0.0306692;-1.61106,-0.0413453,-1.58092
0.503814,-0.241299,0.0331938;-1.64668,0.00139135,-1.56885
0.506887,-0.243001,0.0303986;-1.6083,-0.0456299,-1.56949
0.506621,-0.243953,0.028771;-1.57331,-0.0504823,-1.5779
0.506594,-0.244682,0.0288316;-1.57572,-0.0574647,-1.57818
0.505734,-0.246004,0.0293656;-1.58801,-0.126774,-1.5841
0.504158,-0.244877,0.0313141;-1.62345,-0.0767285,-1.58086
0.502533,-0.241032,0.0350896;-1.6827,-0.00641911,-1.56929
0.503345,-0.240623,0.032185;-1.64964,-0.00981111,-1.57864
0.503888,-0.243624,0.0288399;-1.57319,-0.0602878,-1.58091
0.503383,-0.244234,0.0289126;-1.58702,-0.0705422,-1.57252
0.50383,-0.246473,0.0288493;-1.57065,-0.179043,-1.58346
0.502736,-0.247989,0.0297916;-1.57892,-0.116771,-1.59255
0.503729,-0.243448,0.0318236;-1.60751,-0.00302765,-1.57775
0.504085,-0.237314,0.0322096;-1.62023,0.0966265,-1.56894
0.50292,-0.238749,0.0295705;-1.59373,0.096617,-1.58072
0.502638,-0.239229,0.0289919;-1.57844,0.0771524,-1.58217
0.505962,-0.239529,0.0289662;-1.5816,-0.0836831,-1.58006
0.506102,-0.240122,0.0291615;-1.59464,-0.0785435,-1.5776
0.503954,-0.241788,0.0311269;-1.62137,-0.0347749,-1.58113
0.5015,-0.239945,0.0348644;-1.6884,0.0658909,-1.57006
0.501412,-0.243605,0.0317605;-1.62982,0.0526253,-1.58176
0.500934,-0.247105,0.0289699;-1.57113,0.045417,-1.58865
0.50237,-0.244798,0.0288359;-1.5771,-0.0420547,-1.57689
0.502928,-0.244259,0.0287299;-1.57114,-0.0749475,-1.5781
0.502295,-0.243357,0.0292741;-1.56713,-0.0109783,-1.57266
0.498394,-0.240237,0.0349411;-1.6808,0.126625,-1.56095
0.498805,-0.24091,0.0338191;-1.66602,0.116337,-1.57614
0.498063,-0.248825,0.0298767;-1.56785,0.0902501,-1.5985
0.498655,-0.248357,0.0289626;-1.57743,0.0209406,-1.58212
0.500092,-0.246593,0.0289989;-1.57769,-0.0765102,-1.58435
0.499925,-0.246737,0.0286762;-1.56861,-0.0898881,-1.57275
0.498102,-0.254471,0.0372627;-1.43669,0.0880395,-1.60206
0.499057,-0.257399,0.0378085;-1.4218,0.116126,-1.61075
0.500438,-0.256245,0.0349259;-1.44839,0.167167,-1.59769
0.500336,-0.254012,0.0310377;-1.52066,0.105576,-1.58028
0.499684,-0.258198,0.0304033;-1.534,0.0155348,-1.57935
0.498422,-0.257722,0.0290158;-1.56058,-0.0340169,-1.57485
0.498422,-0.257722,0.0290158;-1.56058,-0.0340169,-1.57485
0.496965,-0.261721,0.0331183;-1.53858,-0.00408785,-1.55973
0.496965,-0.261721,0.0331183;-1.53858,-0.00408785,-1.55973
