0.5,-0.3,0.06;-1.57,-2.98023e-08,-1.57
0.5,-0.3,0.06;-1.57,-2.98023e-08,-1.57
0.5,-0.3,0.06;-1.57,-2.98023e-08,-1.57
0.500658,-0.295191,0.0290791;-1.58103,-0.225663,-1.58683
0.499916,-0.296644,0.0289815;-1.57276,-0.159515,-1.58818
0.499714,-0.285486,0.0294206;-1.58363,-0.020727,-1.57127
0.495885,-0.270011,0.0341323;-1.66288,0.0915634,-1.5521
0.500961,-0.27058,0.029002;-1.57386,-0.0363061,-1.58818
0.501118,-0.269922,0.0291302;-1.5762,-0.0873284,-1.58571
0.501374,-0.26852,0.0290689;-1.58251,-0.12094,-1.58601
0.499938,-0.27218,0.0289697;-1.56833,-0.00294659,-1.58735
0.499282,-0.266951,0.0289492;-1.57906,0.113503,-1.57268
0.49604,-0.258374,0.0326084;-1.63159,0.209185,-1.55418
0.499156,-0.256101,0.0314137;-1.62183,0.146629,-1.55946
0.502482,-0.256071,0.0289321;-1.5708,0.0643481,-1.5877
0.5031,-0.254655,0.0290782;-1.5799,0.011603,-1.58523
0.501402,-0.257874,0.029098;-1.577,0.0248101,-1.58914
0.499193,-0.260617,0.0293434;-1.59329,0.0986276,-1.57574
0.496832,-0.256283,0.0314202;-1.62146,0.175308,-1.56268
0.496462,-0.251393,0.0333523;-1.66773,0.208458,-1.55642
0.500993,-0.246766,0.0309459;-1.64077,0.131542,-1.56627
0.503694,-0.246928,0.0290303;-1.57337,0.0547562,-1.58945
0.503383,-0.249919,0.0291092;-1.57958,0.0338716,-1.58721
0.501335,-0.25239,0.0290867;-1.57807,0.0915369,-1.58715
0.498946,-0.252533,0.0297806;-1.60006,0.163309,-1.57229
0.49731,-0.251676,0.0321478;-1.64594,0.184412,-1.56284
0.499574,-0.249836,0.0302137;-1.60943,0.149281,-1.57014
0.501645,-0.247803,0.0292094;-1.57555,0.0369849,-1.58592
0.501895,-0.247703,0.0290772;-1.57936,0.0181081,-1.58586
0.501617,-0.250025,0.0291765;-1.58086,0.0228895,-1.58947
0.496364,-0.250544,0.0311556;-1.62043,0.177315,-1.56717
0.495129,-0.247729,0.0343391;-1.66964,0.211603,-1.54687
0.496471,-0.245788,0.0330626;-1.65791,0.188811,-1.55389
0.501803,-0.243549,0.0290574;-1.57609,0.059774,-1.58763
0.502245,-0.243589,0.0290448;-1.57636,0.0232787,-1.58414
0.501795,-0.245683,0.0292071;-1.58511,0.0170284,-1.58668
0.498242,-0.251654,0.0297986;-1.602,0.111203,-1.57474
0.496044,-0.249542,0.0329175;-1.65014,0.172088,-1.56167
0.496056,-0.247467,0.0338591;-1.67449,0.17717,-1.55744
0.502975,-0.241887,0.029047;-1.57352,0.0351107,-1.58979
0.503559,-0.241124,0.0290369;-1.57823,-0.0140054,-1.58555
0.503219,-0.243255,0.0290604;-1.57981,-0.0250883,-1.58517
0.499386,-0.250089,0.0292968;-1.5947,0.0493881,-1.58066
0.496819,-0.251482,0.0312027;-1.62542,0.106939,-1.57317
0.49494,-0.249893,0.0343629;-1.6842,0.142046,-1.56173
0.500581,-0.242822,0.0288842;-1.57199,0.0216279,-1.58393
0.500899,-0.242068,0.0289953;-1.57536,-0.0270428,-1.58596
0.501113,-0.242193,0.0290079;-1.57747,-0.0457764,-1.58467
0.498831,-0.247696,0.0291463;-1.58173,0.00509071,-1.58702
0.495643,-0.250463,0.0300216;-1.60247,0.075033,-1.57519
0.494133,-0.247748,0.0334569;-1.65654,0.138778,-1.56069
0.498367,-0.238169,0.0291683;-1.58976,0.0665226,-1.57885
0.498986,-0.237494,0.0289876;-1.57396,0.0254202,-1.58658
0.49942,-0.23625,0.0290399;-1.57591,-0.0137877,-1.58436
0.497965,-0.241028,0.0292559;-1.58976,0.0251745,-1.58447
0.494162,-0.244477,0.0309242;-1.62288,0.094025,-1.57237
0.491897,-0.244277,0.0347381;-1.69342,0.132025,-1.56044
0.493242,-0.243,0.0300709;-1.60774,0.0925242,-1.57124
0.49457,-0.242908,0.0290224;-1.57378,0.0372973,-1.58835
0.49498,-0.241615,0.0291611;-1.57272,-0.00675645,-1.58547
0.49407,-0.244589,0.0290963;-1.57676,0.0151511,-1.58952
0.491648,-0.247388,0.0299107;-1.60529,0.0630796,-1.57552
0.489409,-0.24845,0.0331155;-1.66146,0.0870358,-1.56849
0.490141,-0.246583,0.0318182;-1.63617,0.101501,-1.56728
0.493679,-0.243484,0.0290067;-1.58294,0.0383403,-1.5786
0.493841,-0.24249,0.0289783;-1.56677,-0.00162706,-1.58488
0.493692,-0.242774,0.0289843;-1.57527,-0.00287497,-1.58539
0.492395,-0.244582,0.0289596;-1.57619,0.0365312,-1.58333
0.490486,-0.247836,0.0305677;-1.60938,0.0512761,-1.5702
0.488927,-0.24541,0.0341886;-1.67101,0.10774,-1.55565
0.492359,-0.237872,0.0317424;-1.61481,0.0615545,-1.56242
0.494788,-0.236144,0.0290414;-1.5736,0.000152498,-1.5898
0.494776,-0.237391,0.0291461;-1.57707,-0.0165593,-1.58554
0.493828,-0.238963,0.0290574;-1.57585,0.0239604,-1.58829
0.491952,-0.241866,0.0295107;-1.6011,0.0538059,-1.5742
0.486682,-0.241301,0.0360412;-1.6962,0.12892,-1.54712
0.490595,-0.235699,0.0345882;-1.63944,0.067944,-1.55891
0.492491,-0.233547,0.0295551;-1.59772,0.0166196,-1.57733
0.492719,-0.236851,0.0290164;-1.57824,-0.0270725,-1.58438
0.491813,-0.23823,0.0291106;-1.57818,0.00675519,-1.58869
0.490603,-0.241148,0.029365;-1.59998,0.031455,-1.57721
0.485356,-0.245209,0.0354399;-1.69505,0.0927753,-1.55609
0.48917,-0.240127,0.034035;-1.65346,0.0320614,-1.55975
0.490142,-0.237799,0.0295997;-1.59318,0.0160136,-1.5772
0.490023,-0.23813,0.0291075;-1.57309,-0.043241,-1.58372
0.489881,-0.239054,0.0289786;-1.57518,-0.0338497,-1.58588
0.488561,-0.241892,0.0294391;-1.60144,-0.00736902,-1.57651
0.484545,-0.246878,0.0351108;-1.68514,0.0270062,-1.56388
0.48578,-0.247609,0.0342587;-1.6709,-0.0119751,-1.56431
0.48607,-0.249009,0.0294818;-1.59497,-0.0154476,-1.57578
0.486183,-0.245992,0.0291142;-1.57412,-0.0913747,-1.58536
0.485787,-0.246296,0.0291179;-1.57762,-0.0813294,-1.59014
0.485156,-0.249279,0.029266;-1.59217,-0.0601443,-1.58433
0.480044,-0.249768,0.0352416;-1.66986,0.0072912,-1.55204
0.481104,-0.24607,0.0335232;-1.64529,-0.0129809,-1.55625
0.480868,-0.242741,0.0312774;-1.61647,0.0186963,-1.56346
0.483656,-0.238749,0.0294193;-1.57442,-0.0528342,-1.58896
0.483049,-0.241478,0.0290553;-1.57997,-0.0854269,-1.58506
0.481887,-0.242943,0.0290761;-1.57698,-0.0461932,-1.58836
0.479877,-0.244024,0.0295261;-1.59363,0.00141186,-1.57143
0.476021,-0.241368,0.0341804;-1.65617,0.065265,-1.55235
0.479852,-0.237814,0.0345766;-1.58576,0.00663214,-1.56186
0.481299,-0.238176,0.0302627;-1.5611,-0.0402646,-1.60953
0.481786,-0.242137,0.0315834;-1.56255,-0.0875169,-1.61107
0.481848,-0.243005,0.0290251;-1.57629,-0.0488389,-1.58667
0.480227,-0.244299,0.0292321;-1.59611,-0.0104465,-1.57749
0.476966,-0.24475,0.0350031;-1.68096,0.0448329,-1.56196
0.479332,-0.240327,0.0338683;-1.65583,0.00272477,-1.5586
0.481223,-0.23829,0.0298463;-1.56647,-0.0389396,-1.57478
0.480616,-0.24197,0.0306174;-1.54419,-0.08454,-1.58125
0.480573,-0.242336,0.0288933;-1.57324,-0.082667,-1.58326
0.479597,-0.24393,0.0292261;-1.59104,-0.0370268,-1.58277
0.476174,-0.245921,0.0357138;-1.67719,0.0138039,-1.5479
0.477412,-0.243181,0.0341503;-1.64524,-0.0176447,-1.55615
0.479588,-0.241956,0.0291195;-1.58541,-0.044633,-1.57922
0.47954,-0.241814,0.0295109;-1.57457,-0.0928845,-1.58986
0.479408,-0.242897,0.0290582;-1.57961,-0.0952311,-1.58571
0.478613,-0.244804,0.0292075;-1.58574,-0.0547818,-1.58721
0.476016,-0.247489,0.0338151;-1.66699,0.00768186,-1.5687
0.476,-0.246082,0.0348135;-1.65647,-0.00390128,-1.54366
0.478186,-0.241635,0.0309144;-1.61051,-0.00989921,-1.56599
0.478735,-0.241288,0.0296902;-1.56061,-0.0780373,-1.5825
0.478326,-0.242295,0.029728;-1.56277,-0.0878995,-1.58389
0.47798,-0.243632,0.0289416;-1.57377,-0.0763,-1.58541
0.475136,-0.247354,0.031934;-1.64194,0.00613473,-1.57397
0.474988,-0.247752,0.0357602;-1.67321,-0.00243736,-1.54681
0.476571,-0.246934,0.0348348;-1.63095,-0.0402475,-1.5537
0.480538,-0.244352,0.0291433;-1.57614,-0.125214,-1.5893
0.480165,-0.24548,0.029554;-1.57482,-0.139352,-1.59088
0.479774,-0.245842,0.0291042;-1.58138,-0.129323,-1.58657
0.476702,-0.248719,0.0302284;-1.60305,-0.0334185,-1.57156
0.476083,-0.247697,0.0338298;-1.66613,-0.00597674,-1.56458
0.475381,-0.250744,0.0358999;-1.65176,-0.0371976,-1.53944
0.479861,-0.249342,0.0290433;-1.574,-0.14831,-1.58998
0.479778,-0.248132,0.0290885;-1.57576,-0.179697,-1.58514
0.479566,-0.248476,0.0290434;-1.57882,-0.181477,-1.58653
0.477828,-0.251829,0.0290434;-1.58682,-0.0814267,-1.57855
0.476463,-0.250673,0.0320937;-1.6127,-0.0173886,-1.5539
0.475493,-0.250921,0.037528;-1.64891,0.00163159,-1.53192
0.482454,-0.24357,0.0290406;-1.57729,-0.0931842,-1.58681
0.482231,-0.243294,0.0296603;-1.57232,-0.112395,-1.59327
0.481533,-0.244378,0.0300522;-1.57287,-0.123837,-1.59666
0.480202,-0.24593,0.02909;-1.58542,-0.0568997,-1.58152
0.478515,-0.245945,0.0316486;-1.61991,-0.00284076,-1.56339
0.478004,-0.245099,0.0361264;-1.68258,0.0158247,-1.54641
0.481368,-0.252716,0.0289682;-1.57433,-0.119987,-1.58627
0.481873,-0.251131,0.0290222;-1.57485,-0.146568,-1.58805
0.481828,-0.248858,0.029077;-1.57581,-0.189189,-1.58551
0.480292,-0.25246,0.0292471;-1.59183,-0.115686,-1.58457
0.478118,-0.255624,0.030885;-1.62253,-0.0637475,-1.57804
0.478347,-0.254649,0.0351898;-1.68771,-0.0503126,-1.57293
0.479807,-0.262395,0.0295424;-1.59347,-0.156136,-1.58158
0.480679,-0.26206,0.0290063;-1.57372,-0.199332,-1.58967
0.48041,-0.259823,0.0291082;-1.57587,-0.231044,-1.58658
0.479539,-0.261916,0.0289899;-1.57349,-0.168032,-1.58797
0.478313,-0.2633,0.0291721;-1.59183,-0.107238,-1.5773
0.477612,-0.262556,0.0331932;-1.63178,-0.0684572,-1.55809
0.478902,-0.262923,0.0351806;-1.61053,-0.120814,-1.56302
0.480261,-0.263952,0.028969;-1.57294,-0.192094,-1.5886
0.480715,-0.261454,0.0290752;-1.57429,-0.232926,-1.58853
0.480144,-0.261735,0.0290398;-1.5803,-0.216984,-1.58778
0.479166,-0.263635,0.0289454;-1.57441,-0.162773,-1.58634
0.477765,-0.265204,0.0302415;-1.59869,-0.109499,-1.57246
0.47765,-0.263383,0.0372537;-1.6113,-0.0920347,-1.54703
0.480577,-0.260041,0.0303457;-1.60812,-0.169767,-1.5801
0.481958,-0.258963,0.0290449;-1.5742,-0.222728,-1.58997
0.482336,-0.258296,0.0291137;-1.57895,-0.243668,-1.58626
0.48135,-0.260694,0.0290142;-1.57488,-0.180331,-1.58809
0.479559,-0.262415,0.0291016;-1.59186,-0.110272,-1.57747
0.478643,-0.260046,0.0374947;-1.65036,-0.0522787,-1.54252
0.482211,-0.259005,0.0343543;-1.6426,-0.146135,-1.56996
0.484787,-0.259679,0.0290306;-1.57553,-0.216496,-1.58853
0.485204,-0.258101,0.028968;-1.57697,-0.255695,-1.58472
0.484552,-0.260513,0.0290487;-1.57742,-0.203909,-1.58801
0.482716,-0.262612,0.0289819;-1.5764,-0.114536,-1.58468
0.480575,-0.26134,0.0352785;-1.67666,-0.0438302,-1.56506
0.483364,-0.262375,0.0338775;-1.66346,-0.133755,-1.57293
0.48691,-0.264633,0.0289978;-1.58303,-0.223577,-1.58458
0.487272,-0.26228,0.0290789;-1.57727,-0.28004,-1.58595
0.486962,-0.263757,0.0289885;-1.578,-0.244691,-1.58694
0.48546,-0.26573,0.0289467;-1.57587,-0.153012,-1.58511
0.48546,-0.26573,0.0289467;-1.57587,-0.153012,-1.58511
0.483287,-0.265359,0.0302371;-1.59755,-0.0750582,-1.57313
0.483287,-0.265359,0.0302371;-1.59755,-0.0750582,-1.57313
