0.5,-0.3,0.06;-1.57,-2.98023e-08,-1.57
0.5,-0.3,0.06;-1.57,-2.98023e-08,-1.57
0.5,-0.3,0.06;-1.57,-2.98023e-08,-1.57
0.500956,-0.298004,0.0286798;-1.57258,-0.273797,-1.57447
0.500854,-0.297637,0.0286807;-1.57392,-0.217856,-1.57321
0.502599,-0.287754,0.0301706;-1.57533,-0.064261,-1.55098
0.501056,-0.276097,0.0323184;-1.60584,0.0330546,-1.53697
0.504744,-0.281077,0.0287329;-1.5728,-0.166261,-1.58069
0.506028,-0.277709,0.0287294;-1.57582,-0.306746,-1.57465
0.507626,-0.274642,0.0288379;-1.58485,-0.411574,-1.57637
0.505753,-0.277844,0.0286814;-1.57569,-0.225253,-1.57201
0.505678,-0.270011,0.030074;-1.57683,-0.0806076,-1.55263
0.500825,-0.259745,0.0340012;-1.6204,0.0577014,-1.52545
0.505994,-0.262196,0.030101;-1.58233,-0.0338574,-1.55359
0.507947,-0.264612,0.0287019;-1.57233,-0.138269,-1.57576
0.508239,-0.262131,0.0287437;-1.57439,-0.268504,-1.57718
0.507389,-0.263833,0.0288984;-1.57123,-0.175036,-1.58564
0.506911,-0.261337,0.0291096;-1.58359,-0.0584215,-1.57421
0.504651,-0.247329,0.0342748;-1.65924,0.0845099,-1.55203
0.504957,-0.2391,0.0358863;-1.71353,0.103326,-1.55652
0.510222,-0.238325,0.0333717;-1.66892,0.00741194,-1.57768
0.513242,-0.240305,0.0292534;-1.57408,-0.0664192,-1.59176
0.513014,-0.244806,0.031456;-1.57586,-0.118771,-1.61513
0.511687,-0.247778,0.0300986;-1.58402,-0.0612405,-1.59928
0.508732,-0.249894,0.0318553;-1.62642,0.0383774,-1.58265
0.506908,-0.244863,0.0331546;-1.65996,0.105542,-1.56643
0.509785,-0.242504,0.0305639;-1.61401,0.0294555,-1.57646
0.51277,-0.244331,0.0295875;-1.5767,-0.121636,-1.59109
0.513103,-0.246602,0.0297815;-1.57542,-0.149508,-1.59379
0.512491,-0.248069,0.0289653;-1.57475,-0.120136,-1.58555
0.508571,-0.245735,0.0300719;-1.58033,0.0967156,-1.55832
0.506462,-0.242733,0.0326877;-1.61383,0.164947,-1.53882
0.509281,-0.24329,0.0319438;-1.60957,0.113703,-1.54292
0.511305,-0.244266,0.0287188;-1.57165,-0.121344,-1.57753
0.512095,-0.247656,0.0290897;-1.56846,-0.170424,-1.58339
0.512323,-0.248284,0.0288032;-1.57287,-0.174683,-1.57962
0.509129,-0.247974,0.0287297;-1.57794,0.00799667,-1.57014
0.505954,-0.243458,0.0313267;-1.59156,0.117076,-1.54818
0.50555,-0.240699,0.0324124;-1.61244,0.127436,-1.53643
0.509558,-0.243966,0.0287455;-1.57012,-0.0613075,-1.57853
0.509138,-0.245374,0.0288633;-1.57064,-0.142852,-1.58173
0.509446,-0.247351,0.0292507;-1.57066,-0.181629,-1.58589
0.508285,-0.248545,0.0289141;-1.58691,-0.0644999,-1.57222
0.505656,-0.24388,0.0296173;-1.57809,0.0452219,-1.56113
0.502971,-0.240802,0.0330991;-1.6211,0.137313,-1.54391
0.508512,-0.24215,0.0288721;-1.57105,-0.0151474,-1.58438
0.507969,-0.24196,0.0290355;-1.57789,-0.0898277,-1.58604
0.509269,-0.243995,0.0292578;-1.58444,-0.13414,-1.58653
0.507092,-0.251663,0.0296869;-1.56908,-0.0152777,-1.59461
0.506179,-0.245365,0.0308652;-1.57671,0.0887735,-1.58497
0.503547,-0.243387,0.035874;-1.62828,0.179651,-1.57574
0.508373,-0.243129,0.031209;-1.59266,0.0183153,-1.60036
0.509072,-0.245739,0.0312193;-1.57032,-0.0340036,-1.6126
0.509991,-0.254228,0.0321483;-1.5802,-0.0853478,-1.6219
0.507468,-0.260391,0.0293956;-1.57085,0.026467,-1.59089
0.506528,-0.25484,0.0296702;-1.56515,0.13141,-1.5782
0.504067,-0.247603,0.0329412;-1.58942,0.219577,-1.56416
0.507472,-0.25016,0.0286851;-1.57283,0.110612,-1.57371
0.508068,-0.249255,0.0288686;-1.57058,0.0222401,-1.58468
0.508486,-0.249818,0.0288472;-1.57412,-0.0262258,-1.58026
0.508447,-0.253754,0.028662;-1.57123,0.0142812,-1.57401
0.507677,-0.254066,0.0288226;-1.5747,0.100417,-1.57139
0.506334,-0.252124,0.0314174;-1.55054,0.207279,-1.54909
0.506839,-0.249946,0.0308333;-1.56171,0.224196,-1.54972
0.507695,-0.25203,0.0286752;-1.57311,0.137925,-1.57296
0.508241,-0.251106,0.0287984;-1.57011,0.0376097,-1.58077
0.508212,-0.252729,0.0287902;-1.57081,0.00264323,-1.58083
0.507192,-0.254291,0.0286752;-1.57253,0.0811505,-1.57357
0.505578,-0.25239,0.0295471;-1.56884,0.164767,-1.56315
0.501638,-0.251181,0.033181;-1.54894,0.279667,-1.53735
0.502751,-0.253163,0.0347943;-1.49833,0.225238,-1.54978
0.501991,-0.255668,0.0287037;-1.57099,0.109023,-1.57662
0.503676,-0.253913,0.0288884;-1.5779,-0.0566605,-1.5786
0.502907,-0.255665,0.0290703;-1.5869,-0.000705838,-1.5784
0.501045,-0.257198,0.0288712;-1.57496,0.0766596,-1.58005
0.497206,-0.248384,0.0351274;-1.59016,0.244017,-1.564
0.500233,-0.248091,0.0393119;-1.54463,0.168091,-1.58505
0.502169,-0.247584,0.0308597;-1.59108,0.0627778,-1.59559
0.504037,-0.252016,0.0307954;-1.5919,-0.0664835,-1.60084
0.503534,-0.255105,0.030185;-1.58037,-0.017644,-1.59894
0.501658,-0.258226,0.0302749;-1.5688,0.063362,-1.60137
0.498479,-0.24631,0.0364251;-1.62127,0.220423,-1.57351
0.50149,-0.242793,0.0394597;-1.55942,0.137198,-1.58227
0.503276,-0.243512,0.0311297;-1.61307,0.036851,-1.59006
0.504468,-0.243057,0.0292124;-1.58937,-0.105521,-1.58519
0.504219,-0.244492,0.0289707;-1.57538,-0.0809933,-1.58506
0.503091,-0.246206,0.029042;-1.58119,-0.0262261,-1.58261
0.49789,-0.243074,0.0322288;-1.5965,0.151321,-1.54354
0.501345,-0.241229,0.0324274;-1.55969,0.0800318,-1.54321
0.503973,-0.237799,0.0287415;-1.57677,0.0161582,-1.56902
0.505474,-0.242184,0.0293629;-1.56391,-0.104166,-1.58536
0.506244,-0.243242,0.028793;-1.5715,-0.111405,-1.58053
0.505749,-0.243933,0.0290592;-1.59283,-0.113562,-1.5746
0.50121,-0.241557,0.0314665;-1.59583,0.0639382,-1.55039
0.502566,-0.239002,0.0310511;-1.59672,0.0615343,-1.55019
0.503107,-0.23752,0.0300767;-1.5883,0.0625711,-1.55385
0.505282,-0.24076,0.0288582;-1.56692,-0.0703559,-1.57991
0.506104,-0.24569,0.0288643;-1.56733,-0.132268,-1.58039
0.505208,-0.246584,0.0288709;-1.58025,-0.0856618,-1.57608
0.503339,-0.247565,0.0288814;-1.58394,0.012574,-1.57208
0.499829,-0.242945,0.0325605;-1.61417,0.168739,-1.54046
0.5029,-0.241386,0.0318765;-1.58016,0.101629,-1.54747
0.504587,-0.241417,0.0288749;-1.5709,0.000739485,-1.58518
0.505115,-0.245122,0.0298548;-1.57501,-0.12726,-1.59529
0.504918,-0.246609,0.0291783;-1.58338,-0.0986953,-1.58838
0.502204,-0.250207,0.0292494;-1.5894,-0.0174931,-1.58483
0.495654,-0.244267,0.0350673;-1.69608,0.195837,-1.55669
0.499244,-0.24027,0.0350534;-1.67801,0.126854,-1.56933
0.502856,-0.239557,0.0312306;-1.61,0.027423,-1.59512
0.505596,-0.244786,0.0314283;-1.57984,-0.118836,-1.61276
0.505917,-0.246405,0.029594;-1.58351,-0.112823,-1.59147
0.50243,-0.25267,0.0296543;-1.57091,-0.0157253,-1.59344
0.496328,-0.246488,0.0335751;-1.65454,0.1907,-1.55554
0.498173,-0.242164,0.0332028;-1.64999,0.154978,-1.55297
0.501558,-0.241149,0.0290832;-1.58785,0.0651963,-1.57682
0.501865,-0.241837,0.0288696;-1.5695,-0.0815639,-1.58332
0.502083,-0.243889,0.0289074;-1.56797,-0.107863,-1.58334
0.501731,-0.244741,0.0289614;-1.58431,-0.0811505,-1.57691
0.496209,-0.244176,0.0316486;-1.60078,0.106868,-1.54838
0.4958,-0.241629,0.0324599;-1.6092,0.138612,-1.53542
0.49831,-0.238274,0.0305073;-1.5638,0.0913739,-1.55125
0.499956,-0.239511,0.0289189;-1.56448,-0.0495764,-1.58034
0.500473,-0.242153,0.0291711;-1.5659,-0.0880895,-1.585
0.500419,-0.243436,0.0288333;-1.57068,-0.107117,-1.58287
0.496392,-0.243597,0.0302043;-1.58109,0.0493258,-1.55589
0.493388,-0.242937,0.032344;-1.60593,0.13045,-1.54088
0.493785,-0.240947,0.0317832;-1.59981,0.132331,-1.53946
0.496262,-0.240724,0.0287005;-1.5705,-0.0441703,-1.5762
0.496223,-0.241339,0.0287703;-1.57135,-0.0998813,-1.58027
0.49654,-0.243509,0.028797;-1.57217,-0.127409,-1.58176
0.494632,-0.244582,0.0287269;-1.57597,0.00208461,-1.57253
0.491904,-0.242597,0.0311211;-1.59906,0.0990495,-1.56055
0.490173,-0.240332,0.033604;-1.64433,0.131334,-1.553
0.495336,-0.239044,0.029114;-1.56962,0.00392009,-1.59059
0.495659,-0.239388,0.0300337;-1.58171,-0.0573746,-1.59533
0.496168,-0.242933,0.0300265;-1.5803,-0.093132,-1.59702
0.493605,-0.250376,0.0299306;-1.57293,0.0277981,-1.59675
0.492405,-0.247978,0.031381;-1.5698,0.123567,-1.58658
0.488849,-0.245564,0.0357604;-1.61124,0.204582,-1.5748
0.493656,-0.24322,0.029997;-1.58309,0.0577314,-1.59632
0.493752,-0.24456,0.0302475;-1.57246,0.00149331,-1.60061
0.493809,-0.251496,0.0308051;-1.57911,-0.0381751,-1.60575
0.49165,-0.258291,0.0290507;-1.57741,0.0508157,-1.58621
0.490239,-0.25887,0.0289445;-1.57462,0.152593,-1.57332
0.487483,-0.256469,0.0309516;-1.55705,0.259864,-1.5517
0.489078,-0.253584,0.0286782;-1.57098,0.178455,-1.57554
0.489101,-0.251461,0.0287004;-1.57073,0.0565058,-1.57658
0.490537,-0.250482,0.0288129;-1.57777,-0.0179638,-1.57505
0.489766,-0.254316,0.0289786;-1.59011,0.0255781,-1.57063
0.488456,-0.255275,0.0293158;-1.57531,0.121094,-1.56328
0.485669,-0.258382,0.0314465;-1.56057,0.237473,-1.54281
0.486143,-0.255119,0.0288153;-1.579,0.240774,-1.56561
0.486911,-0.253701,0.0287506;-1.57077,0.134624,-1.57878
0.488172,-0.251787,0.0287799;-1.57693,0.0371427,-1.57437
0.488545,-0.254081,0.0288946;-1.58514,0.00591425,-1.5716
0.48724,-0.254609,0.0288932;-1.58304,0.073868,-1.56693
0.485108,-0.25704,0.0307924;-1.57036,0.181477,-1.54564
0.483884,-0.256759,0.0331353;-1.526,0.270713,-1.54864
0.483866,-0.256216,0.0286708;-1.57147,0.170981,-1.5751
0.484821,-0.254521,0.028778;-1.57152,0.0666288,-1.57965
0.486574,-0.254458,0.0290334;-1.58147,-0.00707611,-1.58177
0.484986,-0.257029,0.0290787;-1.57555,0.0504056,-1.5895
0.484129,-0.258478,0.0293863;-1.58055,0.133918,-1.58007
0.483306,-0.249411,0.0362979;-1.56517,0.228711,-1.57529
0.485912,-0.247926,0.0353199;-1.57757,0.157209,-1.5942
0.488455,-0.246496,0.0297879;-1.57004,0.0784427,-1.59898
0.49058,-0.248962,0.0303551;-1.58739,-0.0474206,-1.5976
0.489131,-0.253041,0.0297431;-1.57991,-0.0142814,-1.59529
0.486744,-0.256508,0.0299357;-1.57271,0.0683134,-1.59546
0.483087,-0.24937,0.0347602;-1.59171,0.217002,-1.56569
0.485506,-0.243831,0.0364611;-1.52891,0.149707,-1.57446
0.487708,-0.242466,0.02919;-1.58541,0.0561166,-1.58457
0.488747,-0.241404,0.0289073;-1.5765,-0.116637,-1.58129
0.488773,-0.242766,0.0287465;-1.57103,-0.123687,-1.57862
0.487903,-0.24413,0.0288727;-1.58049,-0.0708315,-1.57577
0.483596,-0.24386,0.0316362;-1.58435,0.119466,-1.54411
0.484978,-0.237899,0.0322262;-1.55793,0.0918812,-1.54514
0.487928,-0.234062,0.0289726;-1.58754,0.00597573,-1.57306
0.488631,-0.240245,0.0288837;-1.57002,-0.0777332,-1.5846
0.488739,-0.242152,0.0288132;-1.5704,-0.0946601,-1.5819
0.488581,-0.243473,0.0287644;-1.57728,-0.0787656,-1.57427
0.488581,-0.243473,0.0287644;-1.57728,-0.0787656,-1.57427
0.486893,-0.244248,0.0290051;-1.57697,0.00423078,-1.56848
0.486893,-0.244248,0.0290051;-1.57697,0.00423078,-1.56848
