0.5,-0.3,0.06;-1.57,-2.98023e-08,-1.57
0.5,-0.3,0.06;-1.57,-2.98023e-08,-1.57
0.5,-0.3,0.06;-1.57,-2.98023e-08,-1.57
0.500041,-0.298228,0.0290571;-1.57958,-0.192607,-1.58657
0.499472,-0.299712,0.0290169;-1.57326,-0.131432,-1.58971
0.49979,-0.28961,0.0306251;-1.55118,-0.000638545,-1.57298
0.496745,-0.268059,0.0338502;-1.6726,0.118914,-1.56599
0.50195,-0.265717,0.0290289;-1.57421,-0.0236867,-1.58864
0.502162,-0.264604,0.0290845;-1.58259,-0.0777988,-1.58537
0.502765,-0.263724,0.0291943;-1.58619,-0.105041,-1.58625
0.49994,-0.268551,0.0289653;-1.57192,0.0256034,-1.58823
0.499226,-0.263353,0.0291779;-1.58869,0.143919,-1.57373
0.495272,-0.255043,0.0327098;-1.64665,0.239786,-1.56224
0.498897,-0.24934,0.0313541;-1.62455,0.170231,-1.56459
0.501482,-0.249138,0.029059;-1.57402,0.0992668,-1.58998
0.502293,-0.247727,0.0290507;-1.57628,0.0445843,-1.58395
0.501881,-0.250929,0.0291007;-1.57551,0.0423555,-1.59088
0.49908,-0.25455,0.0295606;-1.59468,0.115178,-1.57713
0.496098,-0.254139,0.0319586;-1.63276,0.198409,-1.5672
0.495891,-0.251384,0.0339736;-1.67619,0.209336,-1.55819
0.499117,-0.246081,0.0314587;-1.62636,0.144985,-1.57247
0.501733,-0.245926,0.0290643;-1.57394,0.0715941,-1.59024
0.502232,-0.246112,0.0291092;-1.58022,0.0107424,-1.58708
0.500808,-0.249052,0.0291098;-1.57727,0.0628707,-1.58939
0.498183,-0.252092,0.029916;-1.60036,0.131167,-1.57471
0.497933,-0.251804,0.0320281;-1.63874,0.155108,-1.56818
0.500531,-0.245676,0.0294389;-1.58541,0.128855,-1.57831
0.502146,-0.243717,0.0289406;-1.57591,-0.000238985,-1.58289
0.502431,-0.243669,0.0290053;-1.57946,-0.0203965,-1.58259
0.50178,-0.246541,0.0289952;-1.57528,-0.0150006,-1.58636
0.496254,-0.251137,0.0307534;-1.60833,0.142536,-1.5692
0.494009,-0.249148,0.0340931;-1.67498,0.175567,-1.56315
0.49603,-0.245292,0.0321248;-1.64061,0.133231,-1.56859
0.498561,-0.243746,0.0289541;-1.56602,0.00506412,-1.58451
0.498982,-0.241603,0.0289141;-1.57524,-0.0308952,-1.58227
0.498333,-0.24433,0.0290076;-1.581,-0.0187842,-1.58151
0.494076,-0.251742,0.0295068;-1.59444,0.0849198,-1.57655
0.491671,-0.251722,0.032309;-1.63135,0.156955,-1.56434
0.491874,-0.248065,0.0334099;-1.65207,0.140335,-1.55855
0.495144,-0.241835,0.0290152;-1.56794,0.0345101,-1.58953
0.495713,-0.240449,0.0289299;-1.57416,-0.0210723,-1.58383
0.496119,-0.239906,0.0290124;-1.57814,-0.0417002,-1.58426
0.493469,-0.24572,0.0291912;-1.59042,0.0334085,-1.58053
0.490476,-0.249082,0.0308146;-1.61391,0.104898,-1.57343
0.487622,-0.246687,0.0345613;-1.66942,0.148051,-1.55395
0.49153,-0.2368,0.0290731;-1.57452,0.0544646,-1.59017
0.491831,-0.235517,0.02891;-1.57129,-0.00571218,-1.58617
0.492593,-0.236159,0.0291795;-1.57641,-0.0326795,-1.58589
0.490565,-0.241205,0.0291273;-1.58285,0.0286432,-1.58496
0.4873,-0.244469,0.0307352;-1.61679,0.0963719,-1.57361
0.483832,-0.244068,0.0348972;-1.68878,0.123234,-1.56415
0.487668,-0.235119,0.0290895;-1.57907,0.0311302,-1.58625
0.487235,-0.234642,0.0292585;-1.57069,-0.0152938,-1.58841
0.488001,-0.236896,0.0295523;-1.5746,-0.0401615,-1.59064
0.48628,-0.241935,0.0292031;-1.58717,0.0176004,-1.58452
0.483736,-0.246021,0.0309542;-1.62033,0.0734823,-1.57507
0.482533,-0.247925,0.0345725;-1.67468,0.0780114,-1.56663
0.486767,-0.243765,0.0295462;-1.59663,-0.0268916,-1.57905
0.486769,-0.242959,0.0290505;-1.57444,-0.0544165,-1.5894
0.487282,-0.241271,0.0291296;-1.57629,-0.0999394,-1.58586
0.486543,-0.24443,0.0291789;-1.5805,-0.0734889,-1.5906
0.484242,-0.247313,0.0303963;-1.60726,-0.010705,-1.57536
0.480896,-0.246552,0.034123;-1.66169,0.0324918,-1.5657
0.481274,-0.23965,0.0322513;-1.63162,0.0267766,-1.56619
0.482788,-0.235895,0.0302748;-1.5563,-0.0104376,-1.57947
0.482482,-0.236029,0.0295633;-1.56943,-0.0336372,-1.58919
0.483113,-0.238177,0.0295989;-1.5746,-0.056658,-1.59222
0.482548,-0.239317,0.0291654;-1.58562,-0.0218896,-1.58463
0.48012,-0.241353,0.0311409;-1.62378,0.0269608,-1.57625
0.478202,-0.241253,0.0352699;-1.68093,0.0612724,-1.55758
0.481638,-0.238221,0.0348397;-1.59045,0.0170625,-1.57136
0.482043,-0.237266,0.0297897;-1.55825,-0.0234502,-1.59106
0.482651,-0.239148,0.0295107;-1.57525,-0.0665671,-1.59053
0.482188,-0.239933,0.0290647;-1.57587,-0.0306723,-1.58886
0.480634,-0.241418,0.0294471;-1.59617,0.0197268,-1.57512
0.477575,-0.244607,0.0359812;-1.68337,0.0503733,-1.55606
0.480135,-0.24492,0.0372232;-1.62657,-0.0114161,-1.57315
0.483137,-0.241278,0.0295379;-1.58099,-0.0584188,-1.58957
0.482935,-0.241206,0.0295536;-1.57649,-0.0996901,-1.59085
0.482362,-0.242992,0.0290487;-1.57651,-0.0574668,-1.58764
0.481038,-0.244856,0.029177;-1.59234,-0.00995489,-1.57856
0.477683,-0.243813,0.0366919;-1.69759,0.0636533,-1.5518
0.480089,-0.242055,0.03605;-1.65412,-0.00111198,-1.57386
0.482821,-0.239996,0.0297043;-1.58417,-0.0471068,-1.58942
0.482888,-0.240679,0.0297498;-1.57488,-0.0894803,-1.59299
0.482652,-0.241618,0.0290451;-1.57624,-0.0547376,-1.58768
0.481262,-0.243797,0.0292377;-1.59594,-0.00820113,-1.57818
0.477775,-0.243596,0.0372588;-1.70108,0.0509273,-1.54727
0.480483,-0.245447,0.0357072;-1.66626,-0.0448727,-1.57551
0.482913,-0.245906,0.0291944;-1.58359,-0.106354,-1.58475
0.483406,-0.244889,0.0291901;-1.57643,-0.147874,-1.58623
0.482849,-0.247107,0.0290578;-1.57664,-0.10157,-1.58831
0.481747,-0.248606,0.0290649;-1.57782,-0.0611093,-1.58705
0.478826,-0.246667,0.0361325;-1.68322,0.0196507,-1.55337
0.481371,-0.246975,0.0341811;-1.66884,-0.0798217,-1.5729
0.482162,-0.253669,0.0311695;-1.61605,-0.131594,-1.57627
0.482981,-0.253803,0.029;-1.57659,-0.21579,-1.58623
0.482529,-0.253965,0.0290604;-1.58113,-0.208985,-1.58574
0.482152,-0.25566,0.0290375;-1.57452,-0.174607,-1.58948
0.48102,-0.257845,0.0294903;-1.59469,-0.125038,-1.57913
0.478169,-0.255847,0.0383137;-1.59502,-0.056474,-1.54968
0.479194,-0.25687,0.0338009;-1.59424,-0.139083,-1.57954
0.480397,-0.255923,0.0291158;-1.57169,-0.187585,-1.59044
0.480589,-0.252084,0.0290499;-1.57915,-0.252648,-1.58713
0.48017,-0.253663,0.0290791;-1.57811,-0.204588,-1.58897
0.479287,-0.255506,0.0290679;-1.58189,-0.153814,-1.58482
0.476372,-0.254343,0.0370802;-1.64304,-0.0566646,-1.5536
0.478175,-0.255476,0.0360151;-1.63697,-0.1566,-1.57843
0.4794,-0.258039,0.0290603;-1.57585,-0.237415,-1.58996
0.479523,-0.25537,0.0290334;-1.58023,-0.299279,-1.58615
0.479328,-0.258589,0.0289983;-1.57679,-0.241545,-1.58628
0.477983,-0.260502,0.0290168;-1.57585,-0.1669,-1.58704
0.476689,-0.256944,0.0364741;-1.65544,-0.0643361,-1.55974
0.479344,-0.255811,0.0356397;-1.64222,-0.164494,-1.57608
0.480822,-0.258279,0.0290462;-1.57547,-0.244934,-1.58953
0.480926,-0.255822,0.0291294;-1.58073,-0.301356,-1.58608
0.4808,-0.25831,0.0290322;-1.57961,-0.253859,-1.58488
0.479777,-0.260339,0.0289876;-1.57217,-0.184681,-1.58882
0.477375,-0.25677,0.0344014;-1.65018,-0.0657928,-1.56553
0.478557,-0.255942,0.0365692;-1.62959,-0.116056,-1.56188
0.479811,-0.259223,0.0301058;-1.6114,-0.210483,-1.58482
0.480484,-0.257868,0.0291537;-1.58053,-0.303082,-1.587
0.480604,-0.257794,0.0291108;-1.58391,-0.288923,-1.58737
0.480251,-0.2596,0.0290802;-1.57674,-0.247028,-1.59013
0.475573,-0.255413,0.0312606;-1.60614,-0.0672049,-1.56903
0.474466,-0.250452,0.0369424;-1.66643,-0.0489426,-1.55668
0.47732,-0.248176,0.0348011;-1.66462,-0.127523,-1.57265
0.479655,-0.255214,0.0289894;-1.57524,-0.286568,-1.58693
0.479577,-0.254819,0.0293649;-1.58115,-0.303293,-1.58918
0.479454,-0.255697,0.0290525;-1.58266,-0.263131,-1.58508
0.475682,-0.252935,0.0290017;-1.58384,-0.0766457,-1.57881
0.472942,-0.246719,0.0341421;-1.65368,-0.0224917,-1.56246
0.473815,-0.243185,0.0356787;-1.67828,-0.0549808,-1.55928
0.477702,-0.253215,0.0290324;-1.5732,-0.245706,-1.59093
0.477575,-0.253111,0.0296394;-1.57856,-0.273471,-1.59174
0.477723,-0.252996,0.0290583;-1.58138,-0.267112,-1.58616
0.475461,-0.255604,0.0289531;-1.57503,-0.123443,-1.58456
0.472411,-0.250221,0.0309703;-1.60267,-0.0308112,-1.56871
0.47116,-0.244947,0.0367878;-1.67505,-0.00655912,-1.55436
0.478022,-0.251525,0.0290598;-1.57668,-0.224795,-1.58762
0.477766,-0.252638,0.0297587;-1.57311,-0.265725,-1.59419
0.477947,-0.253219,0.0299659;-1.57756,-0.269456,-1.59574
0.476883,-0.256648,0.0289667;-1.57315,-0.137882,-1.58686
0.474228,-0.251946,0.0294807;-1.57424,-0.00808033,-1.57281
0.47126,-0.249054,0.0342275;-1.63852,0.0388703,-1.561
0.477963,-0.243849,0.0292164;-1.59379,-0.133411,-1.58165
0.47812,-0.246451,0.0297477;-1.57126,-0.170622,-1.5935
0.477589,-0.248563,0.0302387;-1.57604,-0.194659,-1.59906
0.476011,-0.251933,0.0289593;-1.57211,-0.070235,-1.58731
0.474212,-0.246083,0.0294803;-1.58906,0.0414011,-1.57584
0.470336,-0.246532,0.0327711;-1.64832,0.106335,-1.57327
0.474513,-0.242614,0.0305512;-1.61487,-0.0279179,-1.57762
0.476178,-0.241936,0.0290271;-1.57393,-0.105983,-1.58892
0.476027,-0.244613,0.0295991;-1.57771,-0.136895,-1.59043
0.475229,-0.246604,0.0290307;-1.57424,-0.087451,-1.58896
0.473658,-0.24811,0.0291598;-1.58639,-0.00783106,-1.58309
0.470693,-0.24892,0.030462;-1.60514,0.0844823,-1.5756
0.472061,-0.243529,0.0324233;-1.63013,0.0492209,-1.56511
0.475255,-0.243125,0.0291544;-1.58157,-0.0335291,-1.58795
0.475971,-0.242309,0.0289944;-1.57607,-0.0965408,-1.5857
0.475572,-0.244182,0.0290934;-1.58166,-0.0923665,-1.58539
0.473957,-0.246561,0.0291334;-1.57787,-0.0282952,-1.59046
0.471965,-0.248331,0.0292816;-1.59084,0.0516693,-1.57842
0.46819,-0.247816,0.032706;-1.65177,0.128652,-1.5707
0.471948,-0.244959,0.0316792;-1.59619,0.0468695,-1.57476
0.474394,-0.243923,0.0290323;-1.57334,-0.0265819,-1.58941
0.474819,-0.242515,0.0293045;-1.58028,-0.107701,-1.58668
0.474011,-0.244081,0.029065;-1.57612,-0.0607551,-1.58878
0.472535,-0.245687,0.0291573;-1.58469,0.0133946,-1.58461
0.466219,-0.246486,0.0333594;-1.65813,0.142844,-1.56539
0.469697,-0.243883,0.0343727;-1.60272,0.06943,-1.56921
0.472392,-0.242729,0.0290513;-1.57685,-0.0143698,-1.587
0.473086,-0.242476,0.0292576;-1.57917,-0.108834,-1.58657
0.472371,-0.244322,0.0290937;-1.5797,-0.0577286,-1.5868
0.470922,-0.246234,0.0290849;-1.57697,0.00543129,-1.58843
0.464042,-0.249507,0.032199;-1.63393,0.177305,-1.56865
0.466606,-0.245961,0.0331578;-1.622,0.114714,-1.56889
0.469519,-0.244209,0.0293748;-1.58481,0.0323967,-1.58525
0.471258,-0.241727,0.0290229;-1.57896,-0.0797408,-1.58434
0.470286,-0.243355,0.029071;-1.57971,-0.0544784,-1.58574
0.468858,-0.246086,0.0291993;-1.58182,-0.00860216,-1.58982
0.468858,-0.246086,0.0291993;-1.58182,-0.00860216,-1.58982
0.465442,-0.250113,0.0295109;-1.59423,0.0734165,-1.57987
0.465442,-0.250113,0.0295109;-1.59423,0.0734165,-1.57987
