0.5,-0.3,0.06;-1.57,-2.98023e-08,-1.57
0.5,-0.3,0.06;-1.57,-2.98023e-08,-1.57
0.5,-0.3,0.06;-1.57,-2.98023e-08,-1.57
0.501134,-0.299789,0.0290148;-1.58101,-0.214515,-1.58386
0.501006,-0.300342,0.0288439;-1.56912,-0.152699,-1.58455
0.501376,-0.291479,0.0304505;-1.54288,-0.0379619,-1.56557
0.497373,-0.263806,0.033126;-1.63989,0.0715913,-1.56344
0.502345,-0.262381,0.0289883;-1.57374,-0.0797561,-1.58738
0.503545,-0.260651,0.0290618;-1.58516,-0.152111,-1.58192
0.504201,-0.260245,0.0290808;-1.58823,-0.176342,-1.58082
0.502434,-0.263459,0.0288764;-1.57016,-0.062344,-1.58507
0.502671,-0.259057,0.028822;-1.57133,0.0494439,-1.57394
0.499516,-0.251702,0.030992;-1.58776,0.151631,-1.56118
0.502422,-0.249757,0.0304602;-1.58892,0.0760725,-1.5616
0.504612,-0.250377,0.0289119;-1.57089,-0.0100521,-1.58678
0.505661,-0.249501,0.028984;-1.57821,-0.0716271,-1.58343
0.505262,-0.251384,0.0291852;-1.58926,-0.0785301,-1.5831
0.503436,-0.253952,0.0291916;-1.58808,-0.0119129,-1.58333
0.500834,-0.253104,0.0298819;-1.58358,0.0901184,-1.57414
0.499709,-0.247014,0.0322615;-1.62268,0.120091,-1.56315
0.503179,-0.244913,0.0305518;-1.61202,0.0436411,-1.57782
0.505208,-0.244584,0.0289201;-1.57055,-0.0293971,-1.58715
0.505458,-0.248001,0.0292384;-1.57444,-0.0684083,-1.58707
0.504653,-0.249843,0.0290423;-1.57574,-0.0193335,-1.58768
0.502477,-0.249687,0.0291495;-1.5834,0.0635178,-1.57756
0.500979,-0.246896,0.0301095;-1.59509,0.113275,-1.57265
0.503452,-0.242114,0.0287475;-1.57545,0.0747031,-1.57371
0.505345,-0.242832,0.0292427;-1.57502,-0.0371018,-1.58678
0.505473,-0.243646,0.029117;-1.57681,-0.0353374,-1.58559
0.504847,-0.245302,0.0290093;-1.57504,-0.00802552,-1.58682
0.5008,-0.247367,0.0304827;-1.60216,0.0945315,-1.57174
0.499371,-0.247349,0.0342522;-1.65818,0.109197,-1.55963
0.500841,-0.251057,0.0335483;-1.63835,0.014774,-1.55598
0.503775,-0.257333,0.0289147;-1.57443,-0.162153,-1.58414
0.50385,-0.258519,0.0290655;-1.58126,-0.185781,-1.58553
0.503434,-0.2596,0.0291233;-1.58426,-0.152955,-1.58553
0.501082,-0.261511,0.0290317;-1.58207,0.0164671,-1.57791
0.498043,-0.254103,0.0305373;-1.58198,0.122875,-1.56467
0.497752,-0.252187,0.0328879;-1.62516,0.101749,-1.55499
0.502829,-0.254349,0.0288955;-1.57053,-0.0935248,-1.58577
0.502811,-0.255484,0.0290825;-1.58208,-0.151609,-1.58564
0.50296,-0.256276,0.0290366;-1.57931,-0.174344,-1.58579
0.500529,-0.260081,0.0289869;-1.57654,-0.0531932,-1.58465
0.498918,-0.257964,0.0293393;-1.57094,0.0602847,-1.57278
0.49669,-0.251688,0.03142;-1.59584,0.140494,-1.55981
0.50286,-0.247183,0.0288474;-1.57112,-0.0479522,-1.58299
0.502977,-0.248053,0.02925;-1.57283,-0.102632,-1.58863
0.503121,-0.251934,0.029599;-1.57528,-0.143605,-1.59227
0.50173,-0.256757,0.0290234;-1.57742,-0.0785474,-1.58567
0.499607,-0.257883,0.0291512;-1.57996,0.0119238,-1.57753
0.496038,-0.25404,0.0304551;-1.58244,0.111712,-1.56583
0.501371,-0.245699,0.0289265;-1.5833,-0.017626,-1.57686
0.501762,-0.245794,0.0289171;-1.57196,-0.07004,-1.58623
0.502092,-0.246598,0.0290257;-1.5784,-0.0939984,-1.58537
0.501069,-0.249893,0.0289703;-1.57758,-0.0513729,-1.58299
0.498819,-0.25208,0.0291056;-1.58694,0.00709978,-1.57865
0.495668,-0.254373,0.0311692;-1.58964,0.0475379,-1.56197
0.497643,-0.255899,0.0287554;-1.57803,-0.0257315,-1.5724
0.499022,-0.25482,0.0288711;-1.57068,-0.122926,-1.58443
0.499199,-0.25558,0.0290471;-1.58137,-0.176111,-1.58487
0.498042,-0.258639,0.028999;-1.57499,-0.127251,-1.58695
0.496823,-0.26055,0.0289681;-1.5783,-0.0767121,-1.58239
0.494199,-0.262507,0.0295979;-1.56829,-0.0331096,-1.5702
0.491238,-0.266262,0.0314449;-1.55494,-0.0607485,-1.55258
0.491071,-0.269097,0.0287445;-1.57414,-0.165078,-1.57623
0.491688,-0.267867,0.0287909;-1.57081,-0.254793,-1.58105
0.491752,-0.268519,0.0289089;-1.57667,-0.230787,-1.58222
0.491478,-0.269519,0.028817;-1.5703,-0.169263,-1.58229
0.492055,-0.267292,0.0306129;-1.5368,-0.0813016,-1.5666
0.487107,-0.265283,0.0359406;-1.52946,0.00151962,-1.54194
0.487319,-0.266229,0.0318665;-1.59134,-0.13916,-1.55577
0.487881,-0.266767,0.0289235;-1.58668,-0.230333,-1.57759
0.488701,-0.266353,0.0289964;-1.58521,-0.261359,-1.58216
0.487738,-0.268298,0.0288241;-1.57106,-0.175739,-1.58205
0.488222,-0.266253,0.0287598;-1.56661,-0.0720689,-1.57378
0.484151,-0.250079,0.0343983;-1.61361,0.102571,-1.53466
0.487393,-0.247988,0.0363075;-1.61049,0.000373602,-1.55204
0.491331,-0.252207,0.028908;-1.57879,-0.105343,-1.57918
0.491338,-0.255104,0.0291009;-1.58258,-0.212535,-1.58687
0.49088,-0.257409,0.028857;-1.57054,-0.157879,-1.58387
0.489244,-0.259081,0.0288633;-1.57576,-0.0624717,-1.57963
0.484543,-0.253188,0.0315469;-1.58825,0.133334,-1.55464
0.487683,-0.250434,0.0355413;-1.55981,0.0522446,-1.56325
0.490921,-0.24682,0.0288732;-1.58506,-0.0228569,-1.56968
0.491656,-0.247084,0.0289981;-1.57845,-0.14292,-1.58447
0.491318,-0.248961,0.0288704;-1.57064,-0.109067,-1.58466
0.490393,-0.250293,0.0289936;-1.58053,-0.072286,-1.58135
0.482855,-0.252204,0.031736;-1.58845,0.101618,-1.55397
0.48564,-0.24872,0.0343093;-1.57594,0.0553948,-1.56055
0.487222,-0.246671,0.0298154;-1.58543,0.016695,-1.56171
0.490262,-0.247307,0.0287669;-1.57097,-0.143513,-1.57966
0.489287,-0.248715,0.0288126;-1.57683,-0.0973072,-1.57633
0.488535,-0.249994,0.0290461;-1.5892,-0.0836781,-1.5766
0.483601,-0.25267,0.0304845;-1.56977,0.063696,-1.55422
0.48336,-0.250218,0.0324379;-1.60292,0.0455341,-1.538
0.483653,-0.249568,0.0326607;-1.60703,0.0451922,-1.53875
0.487729,-0.249886,0.0286547;-1.57429,-0.0968148,-1.5712
0.488375,-0.251438,0.0287025;-1.57103,-0.162688,-1.57635
0.487309,-0.252572,0.0286752;-1.57532,-0.0873257,-1.57123
0.485818,-0.251686,0.028987;-1.57487,0.00418867,-1.56786
0.479656,-0.253091,0.0335897;-1.60095,0.0914289,-1.53074
0.48224,-0.25083,0.0361963;-1.58502,0.0247221,-1.53536
0.484224,-0.248481,0.0300363;-1.58587,-0.0269727,-1.5465
0.485752,-0.250246,0.0287253;-1.57144,-0.182745,-1.57741
0.484871,-0.251311,0.028644;-1.57368,-0.116143,-1.57208
0.483214,-0.250215,0.0288884;-1.58557,-0.0207773,-1.57129
0.47811,-0.251218,0.0339062;-1.61279,0.0786671,-1.53335
0.478909,-0.249569,0.0354489;-1.65646,-0.00702113,-1.54058
0.481987,-0.254118,0.028975;-1.58678,-0.0824854,-1.57538
0.484528,-0.25445,0.0286903;-1.57137,-0.236489,-1.57606
0.483496,-0.255765,0.0286568;-1.57072,-0.169844,-1.57433
0.482497,-0.254068,0.0288164;-1.57965,-0.0656889,-1.568
0.476219,-0.248996,0.0336594;-1.59751,0.1239,-1.52853
0.477641,-0.24427,0.0371474;-1.61398,0.0665565,-1.52703
0.480736,-0.247561,0.0312821;-1.61687,-0.0209953,-1.56295
0.483971,-0.250787,0.0286576;-1.57111,-0.221373,-1.57451
0.483565,-0.251892,0.0287011;-1.57429,-0.190854,-1.57427
0.482531,-0.253012,0.0287933;-1.58028,-0.121036,-1.57297
0.479283,-0.255512,0.030708;-1.55876,0.0828637,-1.55302
0.477413,-0.250787,0.0335266;-1.57711,0.114213,-1.53167
0.47995,-0.242891,0.0332953;-1.63314,0.0640115,-1.54223
0.484559,-0.2466,0.0286984;-1.57627,-0.13343,-1.57175
0.484759,-0.246787,0.0287256;-1.57117,-0.18949,-1.57795
0.484351,-0.248203,0.0286608;-1.57146,-0.154702,-1.57455
0.480441,-0.252843,0.0293278;-1.57197,0.0075245,-1.56993
0.478468,-0.25363,0.0310406;-1.56265,0.101086,-1.54851
0.47844,-0.248293,0.0324055;-1.58603,0.0773982,-1.53865
0.484404,-0.248176,0.0286596;-1.57216,-0.0965147,-1.57336
0.485559,-0.247367,0.0286881;-1.57082,-0.183996,-1.57597
0.485378,-0.24795,0.0287299;-1.57129,-0.190357,-1.5778
0.482685,-0.252141,0.0287913;-1.57751,-0.0856356,-1.57507
0.480592,-0.256211,0.0300823;-1.57129,0.00696519,-1.55878
0.477434,-0.255682,0.0315504;-1.57214,0.0566536,-1.54432
0.481282,-0.247262,0.0287234;-1.57766,-0.0538908,-1.57127
0.482399,-0.245427,0.0287096;-1.5715,-0.164617,-1.57727
0.482003,-0.245626,0.0289524;-1.57711,-0.192364,-1.58343
0.47981,-0.247093,0.0287646;-1.57684,-0.0964178,-1.56802
0.47748,-0.247022,0.0294197;-1.57294,-0.0166852,-1.56691
0.472415,-0.251738,0.030509;-1.57079,0.0571175,-1.55528
0.473778,-0.253357,0.0288108;-1.57989,-0.076104,-1.57354
0.475099,-0.251545,0.0286643;-1.57169,-0.172396,-1.57456
0.475809,-0.249811,0.0287253;-1.57208,-0.253527,-1.57809
0.47394,-0.249471,0.0288369;-1.57715,-0.10611,-1.56808
0.470353,-0.247019,0.0304268;-1.57532,-0.0245783,-1.54918
0.467514,-0.253962,0.0310791;-1.55995,0.0486414,-1.54556
0.468351,-0.255273,0.0303546;-1.59873,-0.069449,-1.5593
0.470505,-0.257632,0.0289888;-1.58749,-0.174824,-1.57075
0.473115,-0.25843,0.0286659;-1.57441,-0.288912,-1.57245
0.47118,-0.257445,0.0288989;-1.57928,-0.163295,-1.56593
0.472179,-0.248477,0.0309791;-1.57822,-0.0195602,-1.54611
0.469029,-0.250203,0.0331129;-1.60222,0.0412781,-1.53632
0.470782,-0.247559,0.0352306;-1.66158,-0.0145236,-1.53798
0.474831,-0.25506,0.0290885;-1.59547,-0.127599,-1.57427
0.477218,-0.257301,0.0288955;-1.58459,-0.251187,-1.57261
0.477172,-0.257724,0.0288572;-1.58442,-0.233201,-1.57397
0.476103,-0.254084,0.0296885;-1.57573,-0.115593,-1.5574
0.473251,-0.244534,0.0336329;-1.60759,0.0300226,-1.52919
0.471216,-0.24251,0.0365349;-1.63171,0.05066,-1.51948
0.475118,-0.244607,0.0334054;-1.65222,-0.046584,-1.55667
0.47921,-0.251043,0.0289507;-1.58582,-0.171861,-1.57061
0.480976,-0.25385,0.0287393;-1.57831,-0.245602,-1.57247
0.478992,-0.25391,0.0290478;-1.58413,-0.182104,-1.56336
0.473862,-0.248284,0.0323089;-1.59937,-0.0716697,-1.5306
0.469975,-0.243821,0.0352766;-1.63842,0.0668929,-1.52418
0.472156,-0.242092,0.0358581;-1.65488,-0.0123965,-1.52268
0.477223,-0.249978,0.0299455;-1.6086,-0.128063,-1.57296
0.480431,-0.254025,0.02872;-1.5777,-0.267391,-1.57267
0.479204,-0.254248,0.0286994;-1.57619,-0.218884,-1.5719
0.477093,-0.252719,0.0301291;-1.58413,-0.158631,-1.54986
0.471358,-0.24905,0.034518;-1.60715,0.0492745,-1.51716
0.473373,-0.246431,0.0381061;-1.63854,0.00240481,-1.51816
0.475211,-0.246547,0.0323383;-1.63679,-0.0828738,-1.56161
0.479967,-0.253438,0.0286804;-1.57573,-0.270537,-1.57222
0.478843,-0.253433,0.0289504;-1.58375,-0.229902,-1.56866
0.476871,-0.251529,0.0299677;-1.58615,-0.159149,-1.55298
0.469489,-0.250004,0.0339291;-1.60493,0.0363558,-1.52165
0.471086,-0.246979,0.0368006;-1.63353,0.0180043,-1.51274
0.473943,-0.248032,0.0342966;-1.66353,-0.0605927,-1.55338
0.479363,-0.25568,0.0286529;-1.5743,-0.272242,-1.57193
0.478859,-0.25619,0.0287895;-1.57804,-0.254008,-1.56966
0.477353,-0.255156,0.0294358;-1.58512,-0.194909,-1.56032
0.477353,-0.255156,0.0294358;-1.58512,-0.194909,-1.56032
0.473304,-0.248786,0.0342123;-1.6213,-0.0839753,-1.52184
0.473304,-0.248786,0.0342123;-1.6213,-0.0839753,-1.52184
