0.5,-0.3,0.06;-1.57,-2.98023e-08,-1.57
0.5,-0.3,0.06;-1.57,-2.98023e-08,-1.57
0.5,-0.3,0.06;-1.57,-2.98023e-08,-1.57
0.500919,-0.294377,0.0290662;-1.58146,-0.268892,-1.58656
0.50064,-0.294102,0.0289624;-1.57227,-0.229471,-1.58769
0.500056,-0.282165,0.0297968;-1.58472,-0.0952384,-1.56741
0.497565,-0.267721,0.0337145;-1.653,-0.00356001,-1.56008
0.504052,-0.267609,0.0290135;-1.57504,-0.179193,-1.58835
0.505046,-0.265693,0.0290398;-1.58283,-0.258608,-1.58601
0.505953,-0.263787,0.0290901;-1.59288,-0.307907,-1.58484
0.504126,-0.266623,0.0290056;-1.58211,-0.187219,-1.58413
0.502364,-0.259079,0.0299293;-1.58881,-0.0405256,-1.56511
0.498817,-0.251335,0.0338303;-1.64533,0.0656765,-1.54508
0.504098,-0.24936,0.0314571;-1.62375,-0.0307187,-1.56518
0.508122,-0.250899,0.0290017;-1.57875,-0.144891,-1.58418
0.509565,-0.250249,0.0292125;-1.57908,-0.229032,-1.5867
0.507836,-0.251826,0.0291132;-1.58637,-0.160551,-1.58348
0.506083,-0.247218,0.0294029;-1.5981,-0.059379,-1.56959
0.502159,-0.24248,0.032689;-1.63614,0.028366,-1.5564
0.502355,-0.239646,0.0339787;-1.65782,0.0373306,-1.5492
0.508759,-0.240509,0.0311049;-1.63101,-0.0641633,-1.57635
0.511594,-0.24341,0.0290878;-1.58872,-0.133734,-1.5799
0.511407,-0.24559,0.0290724;-1.5812,-0.147555,-1.58558
0.510118,-0.24534,0.029248;-1.60104,-0.112666,-1.57666
0.506731,-0.242388,0.0300489;-1.61321,-0.0237055,-1.57057
0.504547,-0.239759,0.0318309;-1.63074,0.0343483,-1.56044
0.507919,-0.24065,0.0300679;-1.61124,-0.0223633,-1.573
0.511234,-0.244996,0.0294632;-1.58141,-0.14483,-1.58848
0.511367,-0.246143,0.0293519;-1.57962,-0.153773,-1.58767
0.510948,-0.246592,0.0291915;-1.58762,-0.143346,-1.586
0.504601,-0.241278,0.0311437;-1.62518,0.0230433,-1.56621
0.501203,-0.238893,0.0334943;-1.65557,0.0840048,-1.55143
0.504438,-0.239526,0.0332227;-1.64669,0.0410848,-1.55177
0.510637,-0.242865,0.0293511;-1.5748,-0.118805,-1.5883
0.510534,-0.244395,0.0291015;-1.58401,-0.137711,-1.58449
0.51018,-0.245169,0.0290886;-1.58458,-0.132985,-1.58335
0.504003,-0.244592,0.0300774;-1.60958,-0.00759123,-1.57361
0.499383,-0.24186,0.0325898;-1.63851,0.0917737,-1.557
0.499353,-0.241354,0.0336202;-1.65811,0.0994953,-1.54989
0.507679,-0.242684,0.0289221;-1.57063,-0.0703961,-1.58718
0.508132,-0.243279,0.0291673;-1.57892,-0.123516,-1.58482
0.508062,-0.243899,0.0291014;-1.58574,-0.134388,-1.58308
0.502289,-0.248639,0.0293002;-1.59759,0.00848396,-1.57488
0.498498,-0.246645,0.0310113;-1.6183,0.107025,-1.56651
0.495633,-0.244559,0.0340708;-1.66607,0.18384,-1.54795
0.504747,-0.243635,0.0289985;-1.58427,0.0227906,-1.57718
0.50553,-0.243113,0.0289541;-1.57571,-0.0682938,-1.58445
0.506451,-0.243337,0.0290878;-1.58243,-0.12696,-1.5852
0.502168,-0.248057,0.0292264;-1.59504,0.000750512,-1.57787
0.497242,-0.249031,0.030308;-1.6108,0.0917803,-1.57293
0.492522,-0.245853,0.0328773;-1.63955,0.189472,-1.5593
0.49904,-0.245276,0.0291084;-1.5868,0.0492713,-1.57944
0.499555,-0.24504,0.0288736;-1.5718,-0.015105,-1.58473
0.501505,-0.243714,0.0290705;-1.58201,-0.109771,-1.58445
0.498987,-0.247542,0.0292011;-1.58597,-0.00948163,-1.58566
0.49583,-0.250054,0.0296017;-1.59479,0.0874275,-1.57683
0.49079,-0.247456,0.032097;-1.62769,0.174399,-1.56681
0.494282,-0.245973,0.0290193;-1.58793,0.0921508,-1.57368
0.495012,-0.245905,0.0289797;-1.57279,0.0432201,-1.58785
0.496212,-0.245365,0.0290356;-1.58014,-0.0196706,-1.58342
0.495592,-0.249339,0.0290356;-1.57615,-0.00362674,-1.58714
0.493982,-0.253302,0.0290683;-1.58645,0.0921096,-1.57771
0.49088,-0.255086,0.0307331;-1.57331,0.184754,-1.56384
0.491562,-0.25296,0.0299108;-1.58205,0.185043,-1.56832
0.493558,-0.253063,0.0290376;-1.57717,0.130067,-1.58534
0.494808,-0.25158,0.0289082;-1.57299,0.0570631,-1.58384
0.495221,-0.252981,0.0290165;-1.57695,0.0363823,-1.58541
0.49369,-0.25541,0.0289691;-1.5746,0.106955,-1.58501
0.4921,-0.256111,0.0289718;-1.57302,0.192763,-1.57258
0.489175,-0.255889,0.033036;-1.54558,0.284401,-1.55642
0.491233,-0.25571,0.0340137;-1.52337,0.233857,-1.57333
0.492725,-0.255064,0.0289722;-1.57116,0.147249,-1.58877
0.494085,-0.25699,0.0290842;-1.58049,0.0594973,-1.58503
0.493315,-0.259249,0.0289784;-1.57383,0.108818,-1.58623
0.491778,-0.260306,0.0288058;-1.57517,0.193493,-1.57646
0.48566,-0.256164,0.0315821;-1.60073,0.342062,-1.55261
0.488032,-0.257603,0.0357612;-1.54279,0.296028,-1.56907
0.489522,-0.260294,0.028952;-1.57412,0.197964,-1.58449
0.490428,-0.259795,0.0291009;-1.58187,0.0474871,-1.58452
0.489774,-0.261827,0.0289547;-1.57466,0.105332,-1.58415
0.488663,-0.263165,0.0289093;-1.57561,0.169389,-1.58089
0.483266,-0.258427,0.0309896;-1.57027,0.332596,-1.55409
0.485019,-0.260407,0.0361477;-1.52745,0.268725,-1.56904
0.486204,-0.261348,0.0290629;-1.5769,0.183318,-1.58659
0.488301,-0.258863,0.0291112;-1.5837,0.030545,-1.58291
0.487731,-0.260227,0.0289697;-1.57546,0.0682229,-1.58427
0.487051,-0.261676,0.0289923;-1.57674,0.107783,-1.58403
0.480355,-0.259168,0.0317324;-1.57246,0.262735,-1.555
0.482069,-0.258367,0.0352486;-1.54091,0.214859,-1.57037
0.484194,-0.256019,0.0314445;-1.52394,0.158554,-1.57489
0.486818,-0.252552,0.0290357;-1.58228,0.00349817,-1.58096
0.486779,-0.2534,0.0290739;-1.58632,0.00961178,-1.57897
0.486196,-0.255462,0.0289292;-1.57252,0.013162,-1.58551
0.481638,-0.257333,0.0305915;-1.56828,0.171404,-1.56308
0.482786,-0.253817,0.0329869;-1.54615,0.12357,-1.5683
0.483095,-0.251924,0.0309328;-1.54365,0.11185,-1.56439
0.486198,-0.248141,0.0289253;-1.57643,-0.0403595,-1.58176
0.48703,-0.248422,0.0290599;-1.58499,-0.0966204,-1.58111
0.485639,-0.25054,0.0290782;-1.57878,-0.0483731,-1.58683
0.483745,-0.252361,0.02925;-1.59475,0.0234462,-1.5787
0.479038,-0.247075,0.031521;-1.62459,0.160661,-1.57032
0.482716,-0.242002,0.0319724;-1.57838,0.086112,-1.5684
0.485213,-0.239779,0.0288822;-1.57038,-0.00114927,-1.5852
0.485104,-0.240676,0.0294642;-1.57476,-0.098627,-1.58996
0.484627,-0.240897,0.0289165;-1.57399,-0.0787084,-1.58378
0.482813,-0.241569,0.0288717;-1.57818,-0.00806385,-1.57719
0.47613,-0.240562,0.0322895;-1.64472,0.101453,-1.57147
0.480102,-0.237799,0.0320186;-1.62397,0.0358191,-1.56249
0.484066,-0.235845,0.029021;-1.5872,-0.0377737,-1.57642
0.484093,-0.241359,0.0296497;-1.57424,-0.108099,-1.59212
0.483594,-0.241524,0.0289813;-1.57753,-0.101895,-1.58382
0.482047,-0.242423,0.0290575;-1.59043,-0.0364153,-1.57492
0.475975,-0.24152,0.0326983;-1.64202,0.0902309,-1.56449
0.478021,-0.241536,0.0323099;-1.641,0.0638988,-1.56374
0.481997,-0.241273,0.0290265;-1.58745,-0.0104679,-1.57578
0.483392,-0.243023,0.0297627;-1.57285,-0.125987,-1.5933
0.482421,-0.243708,0.0299224;-1.57211,-0.125383,-1.59382
0.481544,-0.243802,0.0289959;-1.58608,-0.0799196,-1.57689
0.476315,-0.240346,0.0318027;-1.64001,0.0600216,-1.56621
0.476448,-0.240266,0.0326149;-1.64005,0.0599612,-1.55237
0.480043,-0.239621,0.0308154;-1.60665,0.0123045,-1.55589
0.484026,-0.243815,0.0291658;-1.57626,-0.131308,-1.58553
0.483316,-0.244687,0.0292323;-1.57633,-0.13399,-1.58624
0.4828,-0.245018,0.0289637;-1.57517,-0.119619,-1.58507
0.478211,-0.24039,0.0303849;-1.60839,0.0331792,-1.56294
0.475598,-0.240567,0.0329943;-1.6457,0.0743196,-1.54568
0.47715,-0.241274,0.0327366;-1.63052,0.0549349,-1.54602
0.484732,-0.244481,0.0289778;-1.57298,-0.139948,-1.58399
0.484596,-0.247248,0.0289403;-1.57663,-0.169367,-1.58313
0.483942,-0.247863,0.0290241;-1.58368,-0.153213,-1.58135
0.479654,-0.243529,0.0295786;-1.58503,0.0220734,-1.55793
0.475841,-0.242256,0.0322708;-1.63152,0.0844393,-1.55294
0.475018,-0.242487,0.0333511;-1.64857,0.0945772,-1.54656
0.483683,-0.242811,0.0289349;-1.57803,-0.0705318,-1.58088
0.483887,-0.244001,0.0290565;-1.57269,-0.127537,-1.58435
0.482913,-0.244345,0.029055;-1.58385,-0.123184,-1.58221
0.478755,-0.246128,0.0290709;-1.59382,0.0346551,-1.57108
0.475401,-0.245433,0.0299825;-1.60954,0.106619,-1.56875
0.471962,-0.245462,0.0332434;-1.64636,0.155276,-1.54718
0.479344,-0.245726,0.0291012;-1.59148,0.0273309,-1.57488
0.480418,-0.245393,0.0288107;-1.57081,-0.0602232,-1.58212
0.480423,-0.245161,0.0289705;-1.57968,-0.0912523,-1.5814
0.476719,-0.248634,0.0291979;-1.59016,0.0356089,-1.58055
0.473258,-0.249518,0.0292771;-1.59165,0.104822,-1.57242
0.469084,-0.249,0.0320788;-1.6336,0.178462,-1.5607
0.473474,-0.250312,0.0290839;-1.5878,0.105095,-1.57642
0.474194,-0.249544,0.028813;-1.57057,0.024398,-1.58198
0.475494,-0.247991,0.0288792;-1.57581,-0.047945,-1.58101
0.472933,-0.250389,0.0291453;-1.588,0.0289722,-1.58034
0.469975,-0.252613,0.0293411;-1.59748,0.107599,-1.57557
0.466223,-0.252854,0.0311433;-1.61642,0.192242,-1.5688
0.468695,-0.252246,0.0292724;-1.59063,0.165348,-1.57073
0.470151,-0.251689,0.028883;-1.57062,0.0773816,-1.58538
0.471126,-0.250015,0.028867;-1.57481,0.000696123,-1.58053
0.471108,-0.250526,0.0289752;-1.57416,-0.0012953,-1.58634
0.469222,-0.252895,0.0289983;-1.58117,0.0895192,-1.57952
0.467142,-0.254144,0.029564;-1.58251,0.17889,-1.57119
0.467552,-0.252789,0.0308585;-1.59104,0.210975,-1.557
0.469434,-0.252228,0.0289226;-1.57778,0.142173,-1.57917
0.470186,-0.250919,0.028803;-1.57092,0.0616884,-1.58169
0.472112,-0.249229,0.0289038;-1.57962,-0.035293,-1.57768
0.470347,-0.251752,0.0289557;-1.57433,0.0423529,-1.58487
0.468845,-0.25378,0.0290081;-1.58162,0.130396,-1.57509
0.465715,-0.254518,0.0305727;-1.59431,0.240418,-1.56307
0.46721,-0.254416,0.0310155;-1.54116,0.203217,-1.5684
0.468053,-0.253417,0.0288968;-1.57085,0.110959,-1.58602
0.469689,-0.251639,0.028971;-1.58143,0.00971759,-1.57878
0.468679,-0.253873,0.0288856;-1.57184,0.0671782,-1.58399
0.467855,-0.255556,0.0287827;-1.57283,0.138833,-1.57856
0.463766,-0.257721,0.0303369;-1.5659,0.290926,-1.55757
0.464151,-0.258591,0.0331048;-1.51579,0.2729,-1.56701
0.46455,-0.257627,0.02893;-1.57361,0.192461,-1.5858
0.466314,-0.255472,0.0289789;-1.57999,0.0563538,-1.58003
0.465141,-0.257448,0.0289174;-1.57467,0.114221,-1.58226
0.464052,-0.259242,0.0287586;-1.57184,0.164167,-1.57881
0.460361,-0.261009,0.0305004;-1.57043,0.314246,-1.55541
0.461023,-0.262664,0.0320662;-1.53308,0.309592,-1.56446
0.461255,-0.262552,0.0319084;-1.5249,0.256355,-1.57072
0.462771,-0.25935,0.0289821;-1.57954,0.0751463,-1.58055
0.461711,-0.26102,0.0289019;-1.57471,0.114466,-1.58168
0.460303,-0.262398,0.0288791;-1.57615,0.167686,-1.57897
0.460303,-0.262398,0.0288791;-1.57615,0.167686,-1.57897
0.458959,-0.263519,0.0289371;-1.57361,0.231297,-1.57291
0.458959,-0.263519,0.0289371;-1.57361,0.231297,-1.57291
