-0.125,0.125,0.06;-1.57,-2.98023e-08,-1.57
-0.125,0.125,0.06;-1.57,-2.98023e-08,-1.57
-0.125,0.125,0.06;-1.57,-2.98023e-08,-1.57
-0.124131,0.134643,0.0423885;-1.56939,-0.219884,-1.56979
-0.124307,0.131735,0.042339;-1.57071,-0.114021,-1.57121
-0.128745,0.114551,0.0469692;-1.60144,0.0110425,-1.59068
-0.127533,0.0794729,0.0573825;-1.38135,0.0316276,-1.58545
-0.135157,0.110588,0.0422818;-1.57117,-0.182905,-1.57014
-0.135673,0.110658,0.0424316;-1.56749,-0.228308,-1.57005
-0.135394,0.110349,0.0422971;-1.56834,-0.208258,-1.5697
-0.133151,0.107594,0.0423227;-1.57048,-0.0381955,-1.57088
-0.138387,0.0923856,0.0459511;-1.59718,0.0729384,-1.58759
-0.139233,0.0539537,0.0595033;-1.44149,0.14409,-1.60497
-0.143858,0.0481537,0.0514514;-1.46808,0.0263465,-1.58711
-0.145891,0.0654198,0.0423147;-1.5845,-0.0672212,-1.57191
-0.144763,0.0673329,0.0424613;-1.5657,-0.159294,-1.57004
-0.144142,0.0637922,0.0423299;-1.57078,-0.0518345,-1.57085
-0.148721,0.0517383,0.0448107;-1.59028,0.0642422,-1.58518
-0.150987,0.018859,0.0563918;-1.47062,0.15846,-1.61029
-0.153148,-0.00242739,0.0595147;-1.34887,0.132759,-1.60579
-0.158033,0.0139611,0.0532106;-1.4422,0.0394399,-1.58863
-0.159926,0.0341329,0.0421548;-1.56897,-0.0842496,-1.56982
-0.159559,0.0344453,0.0423339;-1.57058,-0.118437,-1.5709
-0.160714,0.0305169,0.0424325;-1.57046,-0.0132212,-1.5744
-0.166311,0.0114897,0.0465307;-1.58237,0.1088,-1.59367
-0.168352,-0.0170281,0.0563518;-1.39862,0.131453,-1.60304
-0.17251,-0.00698875,0.0509774;-1.46958,0.0425427,-1.58687
-0.17256,0.0073655,0.0424127;-1.568,-0.143355,-1.5703
-0.171765,0.00628931,0.0423854;-1.56895,-0.106061,-1.57075
-0.170627,0.00561863,0.0423345;-1.57081,-0.0350756,-1.5712
-0.179177,-0.0321149,0.0515708;-1.52137,0.172115,-1.60793
-0.17902,-0.0703157,0.0614645;-1.3254,0.181181,-1.61587
-0.183494,-0.0702091,0.0581949;-1.37515,0.105438,-1.6001
-0.186068,-0.0366613,0.0423247;-1.57045,-0.111398,-1.57044
-0.187322,-0.0356415,0.0423302;-1.5707,-0.158808,-1.57105
-0.184829,-0.0386464,0.0425266;-1.56473,-0.0719523,-1.57049
-0.192034,-0.0572582,0.045337;-1.58031,0.142568,-1.59363
-0.19514,-0.095628,0.0577983;-1.40316,0.217453,-1.62225
-0.198501,-0.118174,0.0611286;-1.3273,0.168245,-1.61479
-0.201541,-0.08119,0.0422306;-1.56635,-0.043708,-1.57219
-0.201875,-0.0791478,0.0425038;-1.56582,-0.128486,-1.57079
-0.202167,-0.0794411,0.0423949;-1.56868,-0.123617,-1.57085
-0.203569,-0.0885005,0.0431784;-1.57784,0.0707616,-1.58118
-0.209828,-0.122541,0.0506091;-1.51432,0.161902,-1.60758
-0.208495,-0.166488,0.0621357;-1.32006,0.183297,-1.61332
-0.215205,-0.139833,0.0424136;-1.58666,-0.00249952,-1.57433
-0.212489,-0.135674,0.0423192;-1.57081,-0.104188,-1.57067
-0.214094,-0.13459,0.0423302;-1.57073,-0.157148,-1.57089
-0.212964,-0.142307,0.0425863;-1.57258,0.0627943,-1.57708
-0.219483,-0.167661,0.0472515;-1.5706,0.157275,-1.60039
-0.22038,-0.21334,0.0613441;-1.36378,0.214162,-1.62231
-0.230593,-0.203872,0.0420462;-1.58832,-0.00484489,-1.57961
-0.228804,-0.198399,0.0423187;-1.57094,-0.105477,-1.57022
-0.230671,-0.197244,0.0424111;-1.56822,-0.170309,-1.57054
-0.229504,-0.205336,0.0426621;-1.57362,0.0458194,-1.57831
-0.236538,-0.228985,0.0470411;-1.5779,0.15347,-1.60162
-0.238423,-0.271649,0.0607725;-1.3854,0.207858,-1.62302
-0.250431,-0.268301,0.0451544;-1.54369,-0.00371844,-1.58221
-0.248312,-0.259483,0.0423316;-1.57086,-0.0935421,-1.57108
-0.249589,-0.258851,0.0424818;-1.56598,-0.161901,-1.57041
-0.247518,-0.265511,0.0424678;-1.57074,0.00958094,-1.57508
-0.253048,-0.279533,0.0452309;-1.58144,0.121843,-1.59392
-0.256127,-0.316271,0.0570303;-1.43245,0.199897,-1.62004
-0.262332,-0.329195,0.0561429;-1.41264,0.116223,-1.60402
-0.265603,-0.307649,0.0440422;-1.54851,0.0169078,-1.57749
-0.263332,-0.300282,0.042303;-1.57124,-0.0882841,-1.57011
-0.263591,-0.300658,0.0423299;-1.57079,-0.0879897,-1.57081
-0.265652,-0.305243,0.0425932;-1.57271,0.0239685,-1.57719
-0.27128,-0.327025,0.0472863;-1.57037,0.13893,-1.60144
-0.272322,-0.382753,0.0615752;-1.32646,0.152909,-1.6086
-0.275581,-0.370176,0.0559795;-1.40831,0.0728474,-1.59449
-0.278332,-0.343533,0.0424633;-1.5819,-0.0422961,-1.57361
-0.277692,-0.34118,0.0423641;-1.56943,-0.138677,-1.57107
-0.276397,-0.343623,0.0423622;-1.57078,-0.0420961,-1.57189
-0.280236,-0.35284,0.0435343;-1.57875,0.0720248,-1.5836
-0.282022,-0.432784,0.062872;-1.31563,0.179722,-1.61201
-0.285271,-0.439691,0.0598153;-1.34668,0.0992878,-1.59933
-0.291536,-0.413921,0.045898;-1.53577,-0.0111583,-1.58348
-0.290951,-0.403469,0.0423578;-1.5696,-0.191698,-1.5703
-0.288152,-0.407403,0.0422697;-1.56923,-0.0785308,-1.56733
-0.290922,-0.413152,0.042982;-1.5781,0.0257929,-1.58026
-0.29295,-0.491382,0.062672;-1.3497,0.158858,-1.61148
-0.296199,-0.507814,0.0589058;-1.35755,0.0679209,-1.59189
-0.305061,-0.482883,0.0455586;-1.54158,-0.0563873,-1.58472
-0.30609,-0.474337,0.0424325;-1.56731,-0.246823,-1.56988
-0.302973,-0.477716,0.0423441;-1.57029,-0.121869,-1.57002
-0.3053,-0.484157,0.0430143;-1.57811,-0.013903,-1.58216
-0.306826,-0.556116,0.0623184;-1.36158,0.138444,-1.60829
-0.311089,-0.574512,0.0585274;-1.37016,0.0306941,-1.58725
-0.321201,-0.550595,0.0461434;-1.53185,-0.0930216,-1.57953
-0.322417,-0.538992,0.0424316;-1.56775,-0.260979,-1.57029
-0.319339,-0.542654,0.0422657;-1.57069,-0.142889,-1.56884
-0.320454,-0.546287,0.0425225;-1.57079,-0.0713144,-1.57684
-0.322889,-0.606088,0.0597284;-1.3943,0.105982,-1.60474
-0.326699,-0.624706,0.0587474;-1.36028,0.0105324,-1.57851
-0.33051,-0.611745,0.0529729;-1.45683,-0.0254871,-1.58412
-0.332015,-0.590378,0.0424299;-1.56628,-0.231182,-1.57086
-0.331166,-0.591761,0.0424622;-1.56708,-0.205885,-1.5706
-0.330644,-0.593592,0.0423406;-1.57027,-0.116563,-1.57166
-0.334953,-0.604997,0.0441053;-1.57941,0.000637323,-1.58801
-0.331984,-0.67611,0.0614466;-1.32156,0.0716685,-1.58721
-0.335418,-0.666682,0.0565743;-1.39778,0.00201404,-1.58108
-0.340198,-0.640288,0.0423512;-1.58581,-0.110197,-1.57539
-0.340075,-0.636768,0.0423408;-1.57048,-0.227363,-1.57119
-0.337223,-0.639389,0.0422874;-1.5725,-0.11656,-1.57156
-0.338945,-0.645022,0.0427424;-1.57526,-0.0187935,-1.57951
-0.337987,-0.723388,0.0622692;-1.34729,0.110862,-1.60066
-0.341162,-0.735413,0.0589;-1.36003,0.0273229,-1.58348
-0.349791,-0.708338,0.0426419;-1.57169,-0.0914917,-1.58169
-0.349682,-0.703052,0.0423648;-1.56962,-0.260148,-1.57049
-0.346281,-0.706954,0.0424637;-1.56613,-0.146516,-1.56977
-0.34802,-0.710823,0.0426894;-1.57433,-0.0423461,-1.57897
-0.348075,-0.78052,0.0614301;-1.37295,0.110796,-1.60339
-0.351185,-0.799999,0.0584371;-1.36321,0.0130689,-1.57963
-0.360767,-0.775102,0.0443723;-1.54748,-0.107411,-1.57814
-0.36126,-0.768387,0.0423962;-1.5684,-0.285223,-1.57002
-0.358307,-0.771236,0.0424282;-1.56728,-0.197282,-1.56979
-0.359263,-0.774884,0.0425338;-1.57163,-0.0847557,-1.57653
-0.360866,-0.832827,0.0590249;-1.40686,0.0928501,-1.60297
-0.360865,-0.855253,0.0613672;-1.3259,0.0395395,-1.58357
-0.366377,-0.838153,0.0529594;-1.44968,-0.0475257,-1.57763
-0.369091,-0.816826,0.0425646;-1.56418,-0.240479,-1.57021
-0.369127,-0.817308,0.0424059;-1.56825,-0.230898,-1.57035
-0.367605,-0.818571,0.042335;-1.57089,-0.160106,-1.57117
-0.371847,-0.855028,0.0501549;-1.53431,0.0444205,-1.60453
-0.366373,-0.879411,0.0605641;-1.3817,0.0919062,-1.59958
-0.369462,-0.874822,0.0580056;-1.38108,0.0265153,-1.58596
-0.376,-0.841992,0.0421609;-1.56648,-0.195744,-1.56964
-0.377668,-0.84099,0.0423611;-1.57013,-0.259918,-1.57107
-0.378563,-0.841164,0.0423735;-1.569,-0.248121,-1.57007
-0.388923,-0.862674,0.0450258;-1.58035,-0.0341125,-1.59465
-0.383871,-0.884676,0.0544939;-1.47991,0.0508738,-1.60217
-0.384058,-0.88264,0.0583415;-1.44877,0.0537818,-1.59567
-0.391791,-0.857772,0.0423934;-1.57504,-0.153783,-1.57659
-0.391567,-0.855617,0.0424927;-1.56432,-0.246878,-1.57027
-0.392302,-0.855333,0.0424719;-1.56939,-0.275595,-1.57436
-0.394967,-0.862854,0.0430382;-1.57816,-0.12898,-1.58325
-0.384918,-0.878086,0.0497948;-1.55846,-0.00823495,-1.61082
-0.376643,-0.883374,0.0567717;-1.49358,0.0867244,-1.60558
-0.38536,-0.868162,0.0429543;-1.5767,-0.117477,-1.58547
-0.383751,-0.86394,0.0423245;-1.57069,-0.225637,-1.57072
-0.38534,-0.863328,0.0423534;-1.57138,-0.297039,-1.57222
-0.381058,-0.864836,0.043061;-1.58159,-0.213205,-1.58279
-0.36983,-0.875902,0.0499582;-1.60107,-0.0878918,-1.61375
-0.358548,-0.886039,0.0588595;-1.52421,0.0419264,-1.61347
-0.368964,-0.86842,0.0429265;-1.57567,-0.158245,-1.58549
-0.366251,-0.861726,0.0423161;-1.57082,-0.271465,-1.5703
-0.36795,-0.8609,0.0423726;-1.57086,-0.338505,-1.57224
-0.368403,-0.860512,0.0429591;-1.57971,-0.294354,-1.58493
-0.358261,-0.865059,0.0480599;-1.60071,-0.189968,-1.60904
-0.343175,-0.882204,0.060889;-1.52352,-0.034125,-1.61452
-0.349359,-0.871009,0.04717;-1.52347,-0.135443,-1.578
-0.349945,-0.860836,0.0423718;-1.57081,-0.264392,-1.57214
-0.351574,-0.859667,0.0424386;-1.56718,-0.340761,-1.57
-0.350148,-0.861969,0.0423786;-1.57064,-0.242821,-1.57247
-0.352366,-0.871927,0.0439135;-1.57896,-0.124537,-1.58812
-0.342885,-0.885908,0.0525062;-1.52048,-0.00573224,-1.60555
-0.343974,-0.882046,0.0563232;-1.46535,-0.0238885,-1.58769
-0.350209,-0.865379,0.0427098;-1.57973,-0.150253,-1.5771
-0.348893,-0.861959,0.0423351;-1.57081,-0.261653,-1.5706
-0.351598,-0.861557,0.0423805;-1.56929,-0.299075,-1.57069
-0.356384,-0.866096,0.0427993;-1.57596,-0.188658,-1.58161
-0.355945,-0.881211,0.0465273;-1.57919,-0.0809173,-1.60012
-0.346811,-0.884084,0.0588381;-1.4716,0.0301891,-1.59435
-0.352514,-0.878009,0.0496616;-1.49571,-0.0827225,-1.58111
-0.353488,-0.864606,0.0423577;-1.57051,-0.211504,-1.5726
-0.354853,-0.86375,0.0423542;-1.57044,-0.30422,-1.57128
-0.356081,-0.864439,0.0424388;-1.57061,-0.25141,-1.57457
-0.350688,-0.865348,0.0434485;-1.58501,-0.185411,-1.58462
-0.331192,-0.884872,0.0594488;-1.50198,0.0449334,-1.60402
-0.335693,-0.882281,0.0574238;-1.48827,-0.0319751,-1.59462
-0.340999,-0.86595,0.0426772;-1.58082,-0.162581,-1.58328
-0.340702,-0.861698,0.0424269;-1.57065,-0.318681,-1.57368
-0.341544,-0.862046,0.0424328;-1.57083,-0.280285,-1.57407
-0.340907,-0.860284,0.0432611;-1.58917,-0.256247,-1.58194
-0.31592,-0.886165,0.061197;-1.50639,0.00697976,-1.61139
-0.320156,-0.880552,0.0577071;-1.50265,-0.073772,-1.60075
-0.325393,-0.865212,0.0430386;-1.57759,-0.196679,-1.58779
-0.325443,-0.859397,0.0423901;-1.56992,-0.385723,-1.57155
-0.32605,-0.858367,0.0423235;-1.57075,-0.35098,-1.57051
-0.321369,-0.857766,0.0430318;-1.58911,-0.303956,-1.58195
-0.321369,-0.857766,0.0430318;-1.58911,-0.303956,-1.58195
-0.311228,-0.869464,0.0474398;-1.55515,-0.195632,-1.60292
-0.311228,-0.869464,0.0474398;-1.55515,-0.195632,-1.60292
