-0.125,0.125,0.06;-1.57,-2.98023e-08,-1.57
-0.125,0.125,0.06;-1.57,-2.98023e-08,-1.57
-0.125,0.125,0.06;-1.57,-2.98023e-08,-1.57
-0.123985,0.134347,0.0423869;-1.56949,-0.218308,-1.56988
-0.124461,0.131497,0.0423151;-1.57109,-0.111961,-1.57038
-0.128374,0.11467,0.0471727;-1.60471,0.0151491,-1.58967
-0.128716,0.0780756,0.0571973;-1.38214,0.0449178,-1.58514
-0.135668,0.10856,0.0423039;-1.57115,-0.164862,-1.56965
-0.136087,0.108209,0.0423919;-1.56878,-0.202916,-1.57037
-0.135554,0.108315,0.0423597;-1.5697,-0.187952,-1.57078
-0.132751,0.10728,0.0423362;-1.57088,-0.0044723,-1.57013
-0.139579,0.0947672,0.0470158;-1.61855,0.106101,-1.57975
-0.143598,0.0552382,0.0611379;-1.46644,0.173357,-1.6047
-0.14784,0.0378007,0.0515346;-1.45516,0.0707054,-1.58683
-0.15084,0.0543532,0.0422433;-1.58427,-0.0247716,-1.57082
-0.14957,0.0545377,0.042414;-1.56719,-0.105705,-1.57096
-0.149034,0.0544768,0.0423308;-1.57075,-0.052668,-1.57076
-0.154437,0.0472402,0.04513;-1.60911,0.0585023,-1.57436
-0.162556,0.0222817,0.0586466;-1.58426,0.162221,-1.597
-0.166601,-0.0215508,0.0587975;-1.36117,0.179934,-1.60619
-0.171627,-0.0077341,0.0513358;-1.45405,0.0763633,-1.58491
-0.174144,0.0101678,0.0423371;-1.57271,-0.0478706,-1.57052
-0.173565,0.00943207,0.0423372;-1.57033,-0.0901902,-1.57067
-0.174564,0.00709623,0.042334;-1.57208,0.0183725,-1.57097
-0.182422,-0.00749708,0.0483644;-1.63301,0.142551,-1.57518
-0.189334,-0.0405922,0.0575856;-1.48505,0.196315,-1.60243
-0.192419,-0.0546286,0.0491194;-1.48006,0.160404,-1.58912
-0.190853,-0.0466277,0.0423321;-1.57085,0.0343368,-1.57068
-0.190647,-0.0468257,0.0423923;-1.56874,0.047957,-1.57098
-0.189392,-0.0462659,0.0423146;-1.57058,0.111562,-1.57027
-0.207879,-0.0721529,0.0545098;-1.61819,0.327344,-1.57981
-0.220265,-0.112989,0.0636147;-1.36361,0.366665,-1.6527
-0.223907,-0.128848,0.0551868;-1.39273,0.350074,-1.63601
-0.22188,-0.107473,0.0424023;-1.57112,0.149973,-1.56813
-0.2225,-0.107866,0.0423312;-1.57073,0.124207,-1.57087
-0.221807,-0.108305,0.0425195;-1.56524,0.151849,-1.57219
-0.232453,-0.119881,0.046634;-1.6173,0.36611,-1.56585
-0.247395,-0.150457,0.0612169;-1.46572,0.454062,-1.63919
-0.259454,-0.183437,0.0578364;-1.34241,0.458149,-1.67333
-0.258273,-0.15957,0.0426136;-1.58019,0.276382,-1.56767
-0.258039,-0.160629,0.0423415;-1.57062,0.210478,-1.57029
-0.258057,-0.160716,0.042336;-1.57064,0.212687,-1.57077
-0.259306,-0.161113,0.0431556;-1.59136,0.426024,-1.5654
-0.276081,-0.180875,0.0536753;-1.60878,0.521991,-1.57506
-0.295471,-0.224125,0.063792;-1.33203,0.547514,-1.70055
-0.298367,-0.212065,0.0422236;-1.57721,0.380063,-1.57095
-0.294916,-0.209804,0.0424119;-1.57011,0.287053,-1.56742
-0.295378,-0.209909,0.0423312;-1.57077,0.26428,-1.57078
-0.295338,-0.210731,0.0424194;-1.57421,0.446172,-1.56921
-0.309479,-0.221282,0.0489762;-1.63988,0.549547,-1.55003
-0.333343,-0.253942,0.0644942;-1.42632,0.609487,-1.6736
-0.344713,-0.269888,0.0424891;-1.57181,0.52384,-1.5749
-0.34195,-0.268767,0.0424359;-1.5708,0.421179,-1.5675
-0.343338,-0.269925,0.0423299;-1.57079,0.366116,-1.57079
-0.342038,-0.270085,0.0423887;-1.57135,0.449475,-1.572
-0.351945,-0.276049,0.048166;-1.62934,0.547956,-1.5543
-0.372029,-0.302612,0.0644465;-1.46373,0.628704,-1.66014
-0.389564,-0.336634,0.0458093;-1.50376,0.631769,-1.61403
-0.386303,-0.33136,0.0422756;-1.57074,0.554915,-1.57086
-0.385987,-0.332092,0.0423655;-1.57082,0.518258,-1.56963
-0.385716,-0.33239,0.0423288;-1.57085,0.549551,-1.57077
-0.393301,-0.334936,0.0448371;-1.60841,0.653294,-1.55581
-0.412986,-0.351213,0.0602795;-1.51004,0.744776,-1.63962
-0.443208,-0.385245,0.0523132;-1.38305,0.803164,-1.71041
-0.441598,-0.379535,0.0445942;-1.52103,0.746281,-1.60723
-0.439656,-0.377842,0.0423768;-1.57076,0.68666,-1.56903
-0.43977,-0.378071,0.0423307;-1.57075,0.679364,-1.57079
-0.442013,-0.378284,0.0423712;-1.57057,0.767032,-1.57231
-0.451817,-0.38171,0.0479999;-1.60867,0.862489,-1.55778
-0.495553,-0.419709,0.0595808;-1.17804,0.948369,-1.89668
-0.497484,-0.420923,0.0526568;-1.34477,0.936645,-1.75818
-0.488221,-0.411763,0.0425395;-1.58289,0.879771,-1.56081
-0.487757,-0.412368,0.0423316;-1.57074,0.831272,-1.57081
-0.48691,-0.412886,0.0423285;-1.57105,0.920482,-1.57044
-0.489821,-0.412404,0.0428961;-1.59359,0.995514,-1.55757
-0.545882,-0.439539,0.0664643;-1.13032,1.11207,-1.98307
-0.562639,-0.449994,0.0578242;-1.14079,1.0734,-1.95912
-0.551176,-0.439083,0.0445744;-1.50258,1.0406,-1.63489
-0.544761,-0.43668,0.0423228;-1.57079,0.876943,-1.57104
-0.544509,-0.438539,0.0423694;-1.57061,0.96046,-1.56938
-0.544936,-0.43812,0.0424527;-1.57127,1.0002,-1.57402
-0.591029,-0.457469,0.06681;-1.25207,1.14562,-1.88614
-0.616131,-0.472208,0.056939;-1.21065,1.12028,-1.91186
-0.613613,-0.471467,0.0442296;-1.49713,1.14103,-1.64279
-0.609818,-0.471554,0.042347;-1.57079,1.0126,-1.57025
-0.609206,-0.471731,0.0423291;-1.57078,1.04919,-1.57077
-0.609438,-0.471445,0.0425729;-1.57055,1.06455,-1.57762
-0.645066,-0.481558,0.0663135;-1.32247,1.21812,-1.83508
-0.674126,-0.493017,0.0600896;-1.30604,1.21859,-1.84249
-0.684298,-0.500362,0.0446883;-1.43943,1.27658,-1.69998
-0.681783,-0.500256,0.0423684;-1.57096,1.23222,-1.56942
-0.681738,-0.500306,0.0423606;-1.57115,1.25613,-1.56936
-0.680495,-0.499551,0.0423712;-1.57047,1.22815,-1.57241
-0.697764,-0.500407,0.0627902;-1.32263,1.38414,-1.84448
-0.729395,-0.502873,0.0577671;-1.10276,1.36637,-2.04956
-0.745041,-0.507483,0.0497803;-0.876898,1.4199,-2.26507
-0.744382,-0.510117,0.0424087;-1.57,1.40821,-1.56907
-0.744557,-0.509983,0.0423878;-1.56563,1.40567,-1.57483
-0.743163,-0.510493,0.0423292;-1.57078,1.47748,-1.57086
-0.746768,-0.509093,0.0435185;-2.15963,1.55437,-0.990485
-0.809043,-0.506046,0.0610874;0.540036,1.33656,2.57829
-0.823279,-0.508628,0.0525561;0.775112,1.37968,2.35623
-0.81573,-0.509122,0.0423334;1.65807,1.45644,1.48425
-0.816557,-0.509602,0.0423295;1.57132,1.5053,1.57037
-0.81562,-0.508092,0.0423057;1.56584,1.47427,1.57563
-0.815567,-0.505833,0.0429863;1.56519,1.43729,1.56591
-0.847935,-0.502086,0.0641744;1.05153,1.26761,2.04959
-0.872904,-0.501425,0.0535467;1.12334,1.26763,1.98501
-0.872842,-0.500217,0.0431967;1.55422,1.29651,1.57121
-0.864777,-0.49813,0.042318;1.56898,1.42882,1.57236
-0.86199,-0.494011,0.0423169;1.5685,1.45029,1.57264
-0.860032,-0.492229,0.0432303;1.55323,1.44793,1.57154
-0.871615,-0.491173,0.061292;1.00207,1.29279,2.10356
-0.875792,-0.489466,0.0551338;1.24292,1.32316,1.87219
-0.876507,-0.487157,0.0462475;1.69987,1.35114,1.42178
-0.87673,-0.48772,0.042354;1.57808,1.43164,1.56334
-0.874248,-0.483653,0.0423745;1.57612,1.49635,1.5673
-0.871175,-0.480376,0.0425005;1.50313,1.49136,1.63841
-0.875481,-0.476578,0.0589037;0.738845,1.33361,2.37043
-0.877509,-0.475502,0.0564854;0.825659,1.35045,2.29095
-0.881108,-0.474206,0.0463574;1.27242,1.41136,1.8576
-0.880694,-0.474655,0.0423327;1.56917,1.47758,1.5727
-0.875079,-0.470673,0.0423717;-1.6394,1.54545,-1.50222
-0.872904,-0.467881,0.04228;-1.55229,1.53052,-1.5893
-0.869962,-0.465313,0.0533622;0.186307,1.47408,2.92681
-0.880542,-0.46662,0.0635498;0.501922,1.4,2.60694
-0.882991,-0.465876,0.056688;0.77162,1.46093,2.34902
-0.886219,-0.464392,0.0447466;2.21138,1.49994,0.931719
-0.88473,-0.464548,0.0426653;2.30393,1.55424,0.837469
-0.882459,-0.461402,0.0422799;-1.55407,1.50514,-1.58713
-0.878182,-0.457772,0.0462033;-0.865299,1.51018,-2.29121
-0.879296,-0.458332,0.0591576;0.185067,1.44388,2.91982
-0.882276,-0.460901,0.0614713;0.376,1.43849,2.73426
-0.88851,-0.45746,0.0455514;2.77581,1.51622,0.363584
-0.888227,-0.457936,0.0451801;2.76849,1.52161,0.375087
-0.885655,-0.457527,0.0427422;-1.9686,1.53553,-1.17331
-0.880916,-0.452832,0.0433325;-1.27277,1.52947,-1.87967
-0.871431,-0.452659,0.0521698;0.0275925,1.48484,3.09149
-0.870139,-0.454541,0.0625563;0.405925,1.43543,2.70611
-0.888449,-0.457178,0.0451535;2.40584,1.52466,0.726492
-0.887799,-0.457972,0.0443938;2.51775,1.52446,0.624852
-0.887579,-0.458498,0.0428685;2.57281,1.55029,0.568286
-0.885848,-0.457451,0.0429305;0.0525111,1.55219,3.09017
-0.88389,-0.457685,0.0483618;0.389483,1.48204,2.74846
-0.879899,-0.460257,0.0574829;0.488752,1.38666,2.64677
-0.876483,-0.455742,0.0427656;0.872421,1.54741,2.27039
-0.875853,-0.456196,0.0425463;2.25644,1.5653,0.888778
-0.876113,-0.45617,0.0423334;-1.58519,1.56425,-1.55639
-0.87065,-0.449131,0.0431269;-1.62575,1.5633,-1.53093
-0.861005,-0.447346,0.0495608;0.281045,1.50264,2.83846
-0.861829,-0.443296,0.0602078;0.437343,1.42299,2.67784
-0.870179,-0.444162,0.0480991;-0.00887881,1.49131,-3.13536
-0.866265,-0.443028,0.0423683;0,1.56918,-3.13929
-0.866497,-0.443581,0.0423861;-1.57625,1.54327,-1.56348
-0.86518,-0.442134,0.0423784;-1.56821,1.52586,-1.57508
-0.861002,-0.441733,0.0445259;-1.2756,1.51632,-1.88306
-0.855855,-0.440011,0.0546814;-0.178458,1.47802,-2.98892
-0.86788,-0.443921,0.0533865;-0.276149,1.4285,-2.87967
-0.863445,-0.443013,0.042617;-1.35587,1.53232,-1.78633
-0.863066,-0.44315,0.042462;-1.57595,1.53294,-1.56134
-0.863187,-0.443031,0.0423326;-1.57302,1.52398,-1.56853
-0.86176,-0.441914,0.0425013;-1.56098,1.51628,-1.58632
-0.858666,-0.441289,0.047819;-0.601691,1.50514,-2.55694
-0.862629,-0.440398,0.0607956;-0.0135399,1.44442,3.12872
-0.869637,-0.441307,0.0490632;-0.236829,1.47661,-2.90644
-0.866738,-0.441331,0.0423198;0,1.57031,-3.13998
-0.866677,-0.441735,0.0423638;-1.57308,1.54549,-1.56742
-0.866038,-0.440637,0.0423367;-1.58515,1.5566,-1.55683
-0.863164,-0.440353,0.044097;-1.01275,1.54287,-2.14402
-0.858564,-0.440637,0.0648588;0.307626,1.44157,2.8064
-0.866341,-0.444154,0.0539743;-0.199315,1.42005,-2.95884
-0.861455,-0.442145,0.0426733;-1.30261,1.53484,-1.84008
-0.861393,-0.442335,0.0423301;-1.57056,1.51738,-1.57106
-0.861198,-0.441327,0.0423358;-1.58489,1.55362,-1.55684
-0.857213,-0.439824,0.0431045;-1.56631,1.53114,-1.58866
-0.850122,-0.439396,0.0627021;0.366493,1.45238,2.74822
-0.855602,-0.441176,0.057916;-0.127423,1.46225,-3.03196
-0.850045,-0.439022,0.0427016;-1.45163,1.49919,-1.69285
-0.848874,-0.439399,0.0423861;-1.57173,1.4703,-1.56804
-0.848681,-0.439424,0.0423913;-1.57223,1.48951,-1.56741
-0.848407,-0.439881,0.0424841;-1.48298,1.53404,-1.66065
-0.848407,-0.439881,0.0424841;-1.48298,1.53404,-1.66065
-0.848776,-0.438978,0.048075;-0.519838,1.50433,-2.63771
-0.848776,-0.438978,0.048075;-0.519838,1.50433,-2.63771
