-0.125,0.125,0.06;-1.57,-2.98023e-08,-1.57
-0.125,0.125,0.06;-1.57,-2.98023e-08,-1.57
-0.125,0.125,0.06;-1.57,-2.98023e-08,-1.57
-0.124242,0.134295,0.042376;-1.56992,-0.217505,-1.56983
-0.12473,0.131126,0.0423203;-1.57083,-0.111211,-1.57045
-0.129176,0.114271,0.0472604;-1.60724,0.0154992,-1.58935
-0.128537,0.0771133,0.0571424;-1.38094,0.0549683,-1.58558
-0.13494,0.103579,0.0422325;-1.56774,-0.151539,-1.57072
-0.135546,0.104214,0.0423468;-1.57019,-0.198053,-1.57057
-0.135512,0.104174,0.0423541;-1.56997,-0.183137,-1.57069
-0.132641,0.101964,0.0423135;-1.57119,0.000771105,-1.57154
-0.138608,0.0872674,0.046344;-1.60456,0.115098,-1.58366
-0.141266,0.0497139,0.0601541;-1.4467,0.187827,-1.60568
-0.146187,0.0372864,0.0513165;-1.4584,0.0805586,-1.58827
-0.1498,0.0539435,0.0421735;-1.58739,-0.018819,-1.57122
-0.148856,0.0544893,0.0424492;-1.56677,-0.101548,-1.57005
-0.148024,0.0538108,0.0423289;-1.57072,-0.0358465,-1.57079
-0.152655,0.0447685,0.044885;-1.59842,0.0764457,-1.57979
-0.156606,0.0165535,0.0580691;-1.51938,0.178746,-1.60478
-0.158222,-0.0150711,0.0587951;-1.36303,0.184066,-1.60899
-0.16251,-0.0052771,0.0516282;-1.45111,0.0965567,-1.58805
-0.16464,0.0130804,0.0423448;-1.57417,-0.031946,-1.57062
-0.164602,0.0125744,0.0423458;-1.56997,-0.0824962,-1.57086
-0.165622,0.00969325,0.0423496;-1.57192,0.0290324,-1.57057
-0.172395,-0.00680584,0.0482127;-1.61917,0.153134,-1.58245
-0.176293,-0.0381857,0.0559637;-1.44506,0.19729,-1.60713
-0.17914,-0.0422851,0.0494745;-1.4767,0.153411,-1.58995
-0.178436,-0.0336848,0.0423302;-1.5708,0.0156251,-1.57075
-0.177973,-0.0338027,0.0423914;-1.56877,0.0359873,-1.57092
-0.176423,-0.0336438,0.0423268;-1.5707,0.105872,-1.57074
-0.190341,-0.063083,0.05415;-1.58246,0.322549,-1.59404
-0.197307,-0.10206,0.0611585;-1.33123,0.352833,-1.65066
-0.199787,-0.108058,0.0556974;-1.38995,0.312842,-1.63167
-0.197692,-0.084371,0.0423552;-1.57015,0.125067,-1.56916
-0.198199,-0.0842605,0.0423324;-1.57074,0.100687,-1.57075
-0.196841,-0.0852752,0.0425405;-1.56439,0.162337,-1.57216
-0.206781,-0.0977419,0.0468164;-1.61536,0.368826,-1.57066
-0.217461,-0.128566,0.0604928;-1.45741,0.454932,-1.63923
-0.227529,-0.157383,0.0593434;-1.33035,0.434917,-1.67544
-0.225867,-0.128508,0.0425868;-1.57964,0.23531,-1.56874
-0.226146,-0.128792,0.0423808;-1.56917,0.161591,-1.57101
-0.226065,-0.128772,0.0423303;-1.57063,0.16938,-1.57083
-0.227676,-0.133396,0.0433223;-1.59164,0.39574,-1.56748
-0.242095,-0.157505,0.0528963;-1.57828,0.492901,-1.59247
-0.254917,-0.199373,0.0615877;-1.30933,0.516295,-1.6939
-0.257513,-0.179054,0.0419157;-1.58795,0.344168,-1.56821
-0.254708,-0.176917,0.0424009;-1.57087,0.247775,-1.56755
-0.255884,-0.177046,0.0423299;-1.57072,0.211368,-1.57084
-0.254849,-0.178662,0.0424496;-1.57457,0.435558,-1.5701
-0.268527,-0.194303,0.0493824;-1.62871,0.542839,-1.56358
-0.286044,-0.231342,0.0628123;-1.38774,0.597205,-1.6824
-0.295199,-0.238897,0.0425181;-1.57147,0.480709,-1.5768
-0.291882,-0.237155,0.0423901;-1.57099,0.368254,-1.56878
-0.293608,-0.238157,0.0423309;-1.57064,0.305321,-1.57079
-0.29266,-0.240258,0.0424091;-1.57101,0.443198,-1.57311
-0.302965,-0.250453,0.0486023;-1.62553,0.546812,-1.56458
-0.319222,-0.280095,0.0629931;-1.41516,0.620008,-1.67706
-0.329805,-0.295773,0.0458567;-1.5126,0.561391,-1.60733
-0.326453,-0.29016,0.0423219;-1.57089,0.475683,-1.57052
-0.326667,-0.29057,0.042329;-1.57078,0.432128,-1.57083
-0.325919,-0.292192,0.0423306;-1.57084,0.502927,-1.57081
-0.334996,-0.296635,0.0461766;-1.62571,0.61197,-1.54905
-0.353757,-0.317454,0.0597652;-1.55371,0.708837,-1.61157
-0.374699,-0.344871,0.0543497;-1.372,0.68389,-1.70255
-0.370177,-0.328666,0.043841;-1.53818,0.589166,-1.59316
-0.366074,-0.324628,0.0423386;-1.5702,0.488054,-1.57022
-0.366051,-0.324616,0.0423303;-1.57077,0.479499,-1.57078
-0.369269,-0.326956,0.042417;-1.57277,0.591116,-1.57134
-0.384975,-0.33777,0.0494739;-1.64364,0.713722,-1.54427
-0.419147,-0.384189,0.0610156;-1.24529,0.773504,-1.79636
-0.417985,-0.375978,0.0535383;-1.3802,0.714303,-1.70171
-0.410264,-0.358862,0.0424855;-1.58686,0.625526,-1.56158
-0.409948,-0.360038,0.0422993;-1.56909,0.560618,-1.572
-0.408397,-0.360957,0.0423161;-1.57123,0.659514,-1.57078
-0.413074,-0.362004,0.0433486;-1.59378,0.754481,-1.56128
-0.459962,-0.409084,0.0654938;-1.23522,0.866095,-1.82763
-0.470397,-0.419352,0.0578774;-1.27379,0.824918,-1.79671
-0.463942,-0.405115,0.0454831;-1.50955,0.776751,-1.62038
-0.458796,-0.399813,0.0423262;-1.57073,0.61739,-1.57093
-0.457548,-0.401877,0.0422994;-1.5726,0.711796,-1.57026
-0.460017,-0.402663,0.0427125;-1.58009,0.787449,-1.56992
-0.503503,-0.438872,0.0653011;-1.30047,0.931712,-1.79933
-0.521847,-0.455484,0.0565104;-1.27143,0.893995,-1.81081
-0.516301,-0.446347,0.0449016;-1.51878,0.869802,-1.62006
-0.512351,-0.443169,0.0423332;-1.57073,0.696385,-1.57082
-0.511539,-0.444795,0.0423287;-1.57102,0.773414,-1.57068
-0.513773,-0.445434,0.0426049;-1.57332,0.834564,-1.57596
-0.556793,-0.476755,0.0647149;-1.30868,1.00116,-1.80793
-0.578643,-0.49296,0.0557641;-1.25278,0.958913,-1.83875
-0.574044,-0.487147,0.0458094;-1.48581,0.952554,-1.64556
-0.569768,-0.484075,0.0423313;-1.57067,0.811938,-1.57084
-0.568968,-0.485214,0.0423124;-1.57164,0.875017,-1.57016
-0.569014,-0.485202,0.0423309;-1.57125,0.876387,-1.57074
-0.606189,-0.501121,0.0624925;-1.44716,1.06363,-1.70588
-0.634688,-0.518533,0.0559723;-1.20603,1.00798,-1.88826
-0.631662,-0.517585,0.0516435;-1.33757,1.02836,-1.77728
-0.620793,-0.506034,0.0423597;-1.57076,0.89371,-1.56949
-0.620883,-0.506544,0.0424783;-1.56318,0.89111,-1.57675
-0.619982,-0.506682,0.0423289;-1.57048,0.958039,-1.57085
-0.627342,-0.506541,0.0442451;-1.62082,1.07086,-1.53512
-0.686452,-0.53845,0.0601253;-1.03066,1.12267,-2.06277
-0.689314,-0.539605,0.0531265;-1.2466,1.11965,-1.86827
-0.679377,-0.530665,0.0426756;-1.5924,1.07361,-1.55366
-0.679399,-0.531536,0.0423303;-1.57065,1.00649,-1.5709
-0.678273,-0.53302,0.0423267;-1.57002,1.09534,-1.57175
-0.680397,-0.532703,0.0424934;-1.57401,1.16857,-1.57218
-0.731413,-0.554893,0.0636276;-0.970388,1.2683,-2.15582
-0.750312,-0.563293,0.0554898;-1.00326,1.25218,-2.1191
-0.74014,-0.556176,0.0430828;-1.51959,1.24762,-1.62691
-0.737648,-0.556217,0.0423292;-1.57084,1.15836,-1.57077
-0.736927,-0.557021,0.0423467;-1.57088,1.21857,-1.56977
-0.738573,-0.556657,0.0424621;-1.57188,1.27206,-1.57381
-0.786539,-0.568399,0.062435;-0.587406,1.3624,-2.54976
-0.806797,-0.573694,0.055955;-0.700967,1.33976,-2.42932
-0.797597,-0.568746,0.0439279;-1.43193,1.371,-1.71178
-0.794934,-0.568437,0.0423335;-1.57047,1.30606,-1.57092
-0.795032,-0.568343,0.0423464;-1.56884,1.30355,-1.57266
-0.794926,-0.568521,0.042348;-1.57066,1.33707,-1.57153
-0.821784,-0.569695,0.061947;-0.672687,1.46535,-2.48978
-0.845358,-0.577309,0.0603588;-0.424909,1.39257,-2.71611
-0.846105,-0.577358,0.050014;-0.775581,1.43187,-2.36501
-0.838141,-0.575147,0.0423483;-1.57084,1.40065,-1.57018
-0.83778,-0.575226,0.0423268;-1.57005,1.36745,-1.57152
-0.837478,-0.574169,0.042335;-1.57241,1.40084,-1.56933
-0.856684,-0.567142,0.0528406;3.11077,1.53153,0.00472452
-0.88275,-0.57416,0.0660688;0.575272,1.43576,2.54587
-0.883209,-0.573902,0.0605163;0.857533,1.48587,2.26598
-0.876219,-0.571942,0.0423093;-1.57347,1.4982,-1.5669
-0.874779,-0.571344,0.0423668;-1.58071,1.42176,-1.56127
-0.873017,-0.57056,0.0424232;-1.5666,1.3662,-1.57278
-0.879585,-0.566361,0.0455287;-1.96116,1.49633,-1.19581
-0.886374,-0.571902,0.0585611;1.04908,1.51713,2.064
-0.885316,-0.573981,0.0583878;1.33173,1.4904,1.78804
-0.880589,-0.57108,0.0424334;-1.5899,1.50319,-1.55835
-0.879675,-0.57002,0.0423346;-1.57341,1.43493,-1.56804
-0.877052,-0.569944,0.0424178;-1.58564,1.38542,-1.55684
-0.878799,-0.569181,0.0427106;-1.59817,1.50234,-1.55215
-0.886537,-0.575807,0.0503463;1.13065,1.51821,1.98804
-0.882687,-0.581051,0.0560859;1.00215,1.42968,2.1238
-0.881632,-0.577389,0.0426226;-1.77006,1.54036,-1.3812
-0.879244,-0.576835,0.0423174;-1.56903,1.46135,-1.57237
-0.877271,-0.576977,0.042478;-1.59805,1.393,-1.54419
-0.876667,-0.577233,0.0431772;-1.65263,1.43392,-1.49985
-0.881974,-0.585282,0.0496871;-2.05146,1.53723,-1.12567
-0.884446,-0.592959,0.0590066;0.977405,1.47445,2.13344
-0.884955,-0.587992,0.0434613;-1.75796,1.53331,-1.39946
-0.882278,-0.587665,0.0423095;-1.57788,1.47531,-1.56355
-0.881383,-0.587646,0.0423804;-1.58385,1.44804,-1.55813
-0.880193,-0.586649,0.0425504;-1.57048,1.44528,-1.57807
-0.882578,-0.586962,0.0474879;-1.77076,1.5264,-1.3977
-0.884658,-0.594798,0.0592312;0.95633,1.48396,2.15282
-0.886709,-0.592172,0.0487645;2.81587,1.53554,0.307384
-0.879283,-0.590935,0.0423646;-1.59503,1.47092,-1.5485
-0.878699,-0.590456,0.0423487;-1.57489,1.40224,-1.56679
-0.876616,-0.58953,0.0423239;-1.57097,1.39424,-1.57085
-0.878228,-0.588342,0.0433896;-1.63514,1.45229,-1.51765
-0.878901,-0.59303,0.0547166;-0.957241,1.5379,-2.21621
-0.886288,-0.599149,0.0565982;1.24441,1.52471,1.87758
-0.884567,-0.597375,0.0427277;-1.73734,1.5236,-1.40939
-0.88261,-0.596176,0.0423769;-1.5725,1.47551,-1.5675
-0.879507,-0.595158,0.0423551;-1.57121,1.41007,-1.56961
-0.879815,-0.594872,0.0423913;-1.5714,1.44562,-1.57219
-0.884688,-0.595103,0.0462331;-1.26282,1.52624,-1.89577
-0.883125,-0.60271,0.0557506;0.645474,1.44712,2.48574
-0.885926,-0.601097,0.047585;0.261137,1.524,2.86772
-0.880531,-0.59948,0.0423473;-1.55274,1.48966,-1.59217
-0.875787,-0.598842,0.0424507;-1.59231,1.37411,-1.54971
-0.875314,-0.598326,0.0423279;-1.56923,1.38369,-1.5721
-0.875035,-0.599452,0.0432718;-1.61871,1.44415,-1.53506
-0.883387,-0.61381,0.0605503;0.618725,1.4652,2.50272
-0.885436,-0.611835,0.0566405;0.363987,1.51264,2.76034
-0.884225,-0.610085,0.0426473;-1.58415,1.5115,-1.56667
-0.880702,-0.609094,0.042551;-1.62403,1.43346,-1.5182
-0.880247,-0.608795,0.0423295;-1.571,1.43798,-1.57057
-0.881507,-0.608444,0.04293;-1.65866,1.49955,-1.49383
-0.883451,-0.618657,0.0580963;0.8609,1.45999,2.25414
-0.884814,-0.615665,0.0569812;0.4799,1.50185,2.63655
-0.884569,-0.612227,0.0428554;-1.64219,1.52523,-1.51254
-0.87705,-0.610686,0.0423359;-1.57247,1.38471,-1.5697
-0.876538,-0.610558,0.0423287;-1.57125,1.3839,-1.57031
-0.877329,-0.610012,0.0426846;-1.57017,1.42139,-1.58254
-0.877329,-0.610012,0.0426846;-1.57017,1.42139,-1.58254
-0.872568,-0.61196,0.0485137;-1.56108,1.48829,-1.61067
-0.872568,-0.61196,0.0485137;-1.56108,1.48829,-1.61067
