-0.125,0.125,0.06;-1.57,-2.98023e-08,-1.57
-0.125,0.125,0.06;-1.57,-2.98023e-08,-1.57
-0.125,0.125,0.06;-1.57,-2.98023e-08,-1.57
-0.12426,0.134305,0.0423724;-1.56951,-0.216838,-1.5699
-0.124863,0.130798,0.0423227;-1.5706,-0.111589,-1.57067
-0.129415,0.114417,0.0470765;-1.60453,0.0164285,-1.58977
-0.129053,0.0764997,0.0573818;-1.37669,0.0557163,-1.58628
-0.134802,0.105643,0.0423161;-1.57087,-0.151732,-1.57071
-0.135268,0.105253,0.0423956;-1.56868,-0.19364,-1.57035
-0.134876,0.105186,0.0423466;-1.5694,-0.181687,-1.56976
-0.131824,0.10486,0.0423196;-1.57052,0.0130478,-1.57065
-0.138422,0.0919863,0.0467108;-1.61266,0.12656,-1.58137
-0.141933,0.0535427,0.0603741;-1.4708,0.193781,-1.60779
-0.145608,0.0357227,0.0517432;-1.45097,0.111489,-1.59169
-0.148618,0.0523703,0.0421908;-1.58706,0.0160351,-1.57078
-0.147493,0.0532885,0.0424378;-1.56694,-0.0718202,-1.56998
-0.147246,0.0531389,0.0423302;-1.57081,-0.0370978,-1.57077
-0.153317,0.0460203,0.0451765;-1.60835,0.079788,-1.57438
-0.160675,0.0195251,0.057261;-1.58153,0.188207,-1.59867
-0.169889,-0.0326985,0.0572873;-1.37625,0.240201,-1.62195
-0.171214,-0.0243162,0.0514348;-1.4516,0.174038,-1.59802
-0.170364,-0.00708617,0.0424624;-1.57588,0.0586067,-1.57002
-0.170122,-0.00758622,0.0423397;-1.57041,-0.000205755,-1.57088
-0.172287,-0.0103936,0.0424201;-1.5738,0.117558,-1.5705
-0.18273,-0.0249272,0.0481403;-1.63418,0.250121,-1.56963
-0.19375,-0.0579753,0.057372;-1.5419,0.31913,-1.59962
-0.200213,-0.0792909,0.0479592;-1.4883,0.304103,-1.5992
-0.197925,-0.0741155,0.0423157;-1.57125,0.221556,-1.57069
-0.197921,-0.074395,0.0424333;-1.56745,0.225346,-1.57157
-0.196108,-0.0740994,0.0423084;-1.5715,0.296577,-1.57056
-0.216377,-0.0978736,0.0534755;-1.6195,0.507673,-1.57437
-0.232958,-0.135468,0.0645117;-1.41107,0.551564,-1.6675
-0.242939,-0.157951,0.0553425;-1.3679,0.555001,-1.6796
-0.235284,-0.144406,0.0423689;-1.57072,0.429096,-1.56906
-0.235911,-0.144521,0.0423301;-1.57078,0.408832,-1.57078
-0.235563,-0.145053,0.0425706;-1.56327,0.432938,-1.57472
-0.245784,-0.149788,0.0464085;-1.62816,0.607756,-1.54796
-0.265553,-0.172473,0.0603377;-1.54934,0.702455,-1.61471
-0.29083,-0.202948,0.0605799;-1.40414,0.727187,-1.69324
-0.288371,-0.189544,0.0425797;-1.58087,0.570892,-1.56597
-0.288655,-0.189819,0.0423878;-1.56871,0.508588,-1.57174
-0.288397,-0.189911,0.0423288;-1.57074,0.515496,-1.57101
-0.290474,-0.190413,0.0431448;-1.5944,0.67442,-1.56005
-0.309039,-0.201779,0.0521392;-1.63994,0.778076,-1.54722
-0.338269,-0.227453,0.0677385;-1.46558,0.828789,-1.67024
-0.345664,-0.222142,0.0426073;-1.58311,0.683647,-1.56771
-0.3435,-0.221755,0.0423732;-1.57079,0.592791,-1.56934
-0.343953,-0.221355,0.0423312;-1.57065,0.570803,-1.57098
-0.344976,-0.222696,0.0425247;-1.57795,0.725476,-1.5669
-0.360577,-0.228985,0.0486227;-1.6542,0.838743,-1.52818
-0.388831,-0.249451,0.0642058;-1.5178,0.9046,-1.64154
-0.40996,-0.261821,0.042605;-1.57218,0.824299,-1.5781
-0.408068,-0.261065,0.0423717;-1.57082,0.738773,-1.56934
-0.409107,-0.260642,0.0423294;-1.57071,0.697516,-1.57086
-0.408422,-0.26171,0.0423952;-1.57223,0.778104,-1.57081
-0.41892,-0.263604,0.0482184;-1.66398,0.875411,-1.51539
-0.438541,-0.277721,0.0639986;-1.56393,0.925336,-1.61172
-0.461398,-0.301391,0.0431413;-1.54092,0.920517,-1.59933
-0.457009,-0.298181,0.0422943;-1.57077,0.823402,-1.57045
-0.45781,-0.298622,0.0423284;-1.57078,0.770079,-1.57088
-0.457532,-0.298879,0.0423297;-1.57106,0.7823,-1.57066
-0.460953,-0.297605,0.0455105;-1.63404,0.843999,-1.52901
-0.480758,-0.305503,0.0573034;-1.70275,0.95025,-1.48954
-0.532869,-0.336493,0.0488378;-1.46724,1.06676,-1.66771
-0.529399,-0.332678,0.0424055;-1.56966,0.97771,-1.57344
-0.527665,-0.332338,0.0423613;-1.56987,0.907337,-1.5702
-0.52771,-0.332297,0.0423305;-1.57074,0.895095,-1.57081
-0.528619,-0.331382,0.0425371;-1.58221,0.955528,-1.5615
-0.537368,-0.329864,0.048802;-1.72257,1.04498,-1.44963
-0.598406,-0.350569,0.065507;-1.45636,1.21752,-1.69505
-0.602318,-0.352136,0.0527646;-1.41233,1.10884,-1.72816
-0.593261,-0.346963,0.042284;-1.57032,1.01864,-1.57154
-0.593375,-0.346509,0.0423361;-1.57029,0.967334,-1.57114
-0.592702,-0.347604,0.042322;-1.57122,1.03044,-1.57032
-0.595251,-0.346414,0.043617;-1.62165,1.0996,-1.52977
-0.642427,-0.354366,0.0710223;-1.47906,1.25025,-1.6863
-0.650133,-0.353511,0.0633814;-1.41186,1.12964,-1.74155
-0.639254,-0.348799,0.0426508;-1.58767,1.06331,-1.56354
-0.638552,-0.3482,0.0423331;-1.57038,1.00696,-1.57097
-0.638398,-0.348759,0.042349;-1.56905,1.0421,-1.57257
-0.640112,-0.347957,0.0427371;-1.58998,1.09974,-1.55809
-0.683548,-0.355783,0.0675044;-1.47204,1.25148,-1.69772
-0.698025,-0.364115,0.0624795;-1.41964,1.1686,-1.74067
-0.69018,-0.366321,0.0427835;-1.57828,1.12847,-1.57514
-0.689411,-0.366098,0.0423265;-1.57103,1.07818,-1.57054
-0.689031,-0.36639,0.0422497;-1.57492,1.11113,-1.56724
-0.68934,-0.366271,0.0426498;-1.57706,1.12645,-1.57255
-0.730934,-0.373593,0.0659184;-1.38545,1.28152,-1.78316
-0.741557,-0.383422,0.0619308;-1.37094,1.22932,-1.78999
-0.739947,-0.389655,0.0426432;-1.56206,1.22882,-1.58602
-0.739029,-0.389348,0.0423292;-1.57081,1.16219,-1.57078
-0.738597,-0.389794,0.04233;-1.57104,1.20172,-1.57066
-0.738399,-0.389776,0.0423361;-1.57135,1.19877,-1.57058
-0.772154,-0.391718,0.0628593;-1.2227,1.35316,-1.93866
-0.80535,-0.401349,0.0548969;-0.881741,1.30546,-2.2448
-0.803409,-0.401741,0.0507675;-1.0693,1.34348,-2.06537
-0.791271,-0.394754,0.042379;-1.56965,1.21313,-1.56989
-0.79176,-0.395437,0.0424526;-1.55791,1.22403,-1.58237
-0.791131,-0.396155,0.0422748;-1.57316,1.29174,-1.56742
-0.799571,-0.395896,0.0437346;-1.59375,1.40277,-1.56015
-0.838093,-0.409061,0.058394;-0.4258,1.35561,-2.70768
-0.839329,-0.409664,0.0520684;-0.782687,1.39692,-2.35458
-0.828617,-0.40362,0.042631;-1.62125,1.36707,-1.52402
-0.827904,-0.404916,0.0423326;-1.57033,1.26698,-1.57118
-0.826745,-0.406553,0.0423296;-1.57083,1.34849,-1.57074
-0.829564,-0.406703,0.0424672;-1.57143,1.44158,-1.57449
-0.861117,-0.419346,0.0657932;0.242172,1.45082,2.88117
-0.874596,-0.422694,0.0556859;0.157586,1.44327,2.97448
-0.866411,-0.42091,0.0426077;-1.5391,1.53286,-1.61005
-0.862354,-0.423369,0.0423241;-1.56995,1.37038,-1.57171
-0.862254,-0.42323,0.0423296;-1.57152,1.39753,-1.5703
-0.864494,-0.421946,0.0428029;-1.62021,1.45996,-1.53126
-0.884493,-0.429593,0.061518;1.35103,1.47479,1.75345
-0.884106,-0.432324,0.0571701;1.93231,1.44659,1.17344
-0.878227,-0.430342,0.052839;2.62027,1.46002,0.489537
-0.866368,-0.429094,0.0423003;-1.56882,1.39321,-1.57299
-0.865072,-0.428381,0.0423242;-1.5686,1.34688,-1.57226
-0.862238,-0.427471,0.0431175;-1.658,1.33513,-1.48893
-0.880114,-0.437893,0.0610127;-0.870354,1.54736,-2.31251
-0.886463,-0.443912,0.0596428;1.7264,1.50578,1.38714
-0.88647,-0.445305,0.052995;2.53119,1.47476,0.578912
-0.874922,-0.443366,0.0422836;-1.56815,1.4165,-1.57333
-0.874707,-0.443223,0.0423223;-1.57215,1.36052,-1.56925
-0.8728,-0.442152,0.0423929;-1.57168,1.33439,-1.57228
-0.875929,-0.452145,0.0510381;-1.96822,1.49621,-1.20634
-0.88538,-0.462222,0.0617007;0.854906,1.49244,2.25463
-0.885318,-0.466023,0.0546878;1.90649,1.47131,1.20899
-0.884987,-0.465377,0.0422763;-1.57884,1.52154,-1.56243
-0.882564,-0.46524,0.0424564;-1.61437,1.47691,-1.52753
-0.881869,-0.464782,0.0423563;-1.56871,1.46459,-1.57239
-0.884348,-0.463162,0.0442488;-1.94494,1.5416,-1.20873
-0.88546,-0.4674,0.0511691;0.968679,1.49309,2.1603
-0.884165,-0.471338,0.0511517;1.15198,1.45556,1.97407
-0.882951,-0.473753,0.0422401;1.61215,1.50633,1.52757
-0.88425,-0.474221,0.042337;-1.56252,1.55425,-1.57855
-0.884212,-0.474001,0.0423265;-1.5725,1.51772,-1.56932
-0.879507,-0.471185,0.0431822;-1.78737,1.51677,-1.36201
-0.875503,-0.474593,0.0503756;1.87639,1.53867,1.24359
-0.882414,-0.480491,0.0627955;1.30422,1.43568,1.81579
-0.882285,-0.483481,0.049115;2.01591,1.41686,1.10793
-0.882693,-0.484161,0.042317;1.59319,1.53049,1.54961
-0.883055,-0.484502,0.0423308;0,1.5708,-3.14152
-0.880005,-0.482402,0.042364;0,1.56859,-3.13864
-0.882494,-0.481375,0.045007;1.32989,1.50447,1.80333
-0.880846,-0.487365,0.0523339;0.997774,1.40025,2.13795
-0.88024,-0.49237,0.0427893;1.59996,1.38289,1.53307
-0.878825,-0.494706,0.0424186;1.61384,1.50578,1.52854
-0.87974,-0.495874,0.0423311;1.57669,1.56175,1.56498
-0.877616,-0.494285,0.0423427;1.51926,1.55962,1.62278
-0.874068,-0.492696,0.0441608;2.06579,1.53661,1.06783
-0.878698,-0.495096,0.0604213;1.5114,1.45637,1.6103
-0.879191,-0.501796,0.0509607;1.97459,1.36796,1.14572
-0.880985,-0.502312,0.0422389;1.55077,1.42555,1.59065
-0.881332,-0.503997,0.0423105;1.56346,1.49652,1.5785
-0.88024,-0.503311,0.0424173;1.56742,1.52486,1.57689
-0.875683,-0.50117,0.042667;1.40384,1.52685,1.74152
-0.868972,-0.499469,0.0489777;0.653792,1.48477,2.47967
-0.881399,-0.502823,0.0486647;1.43318,1.39852,1.69621
-0.880447,-0.50478,0.0443444;1.6873,1.39043,1.44419
-0.880572,-0.506277,0.0424442;1.60267,1.47255,1.53971
-0.880579,-0.507351,0.0424433;1.54692,1.51827,1.59702
-0.878877,-0.506111,0.0424384;1.56305,1.52175,1.58172
-0.872311,-0.503615,0.0452545;0.737806,1.51033,2.40052
-0.881759,-0.504242,0.0567057;1.20359,1.4131,1.92137
-0.881436,-0.507161,0.0482029;1.73863,1.39984,1.38523
-0.881029,-0.508103,0.0428809;1.66848,1.4194,1.47115
-0.882056,-0.50935,0.0423668;1.57285,1.49368,1.57008
-0.881221,-0.509667,0.0424369;1.57479,1.49301,1.57025
-0.880409,-0.508711,0.0429458;1.34572,1.50352,1.79941
-0.878514,-0.509761,0.0550819;0.745514,1.36705,2.39996
-0.879184,-0.511629,0.0501537;0.938378,1.39547,2.2032
-0.877959,-0.512563,0.0422897;1.62421,1.45597,1.51769
-0.87722,-0.515301,0.0423283;-1.59136,1.56689,-1.55029
-0.876003,-0.515748,0.0423283;1.58649,1.54132,1.55502
-0.875292,-0.515408,0.042368;1.52692,1.53731,1.6158
-0.871989,-0.514885,0.0569457;0.640824,1.39334,2.48782
-0.881638,-0.518834,0.0541806;1.35872,1.42011,1.76814
-0.883002,-0.519305,0.0468359;1.89843,1.41791,1.23309
-0.883373,-0.521252,0.0423286;1.56984,1.50095,1.57181
-0.88309,-0.521361,0.0423308;1.56981,1.49983,1.57183
-0.882687,-0.521775,0.0425262;1.52532,1.49426,1.61873
-0.882687,-0.521775,0.0425262;1.52532,1.49426,1.61873
-0.880537,-0.521267,0.0449373;1.00661,1.49002,2.13478
-0.880537,-0.521267,0.0449373;1.00661,1.49002,2.13478
