-0.125,0.125,0.06;-1.57,-2.98023e-08,-1.57
-0.125,0.125,0.06;-1.57,-2.98023e-08,-1.57
-0.125,0.125,0.06;-1.57,-2.98023e-08,-1.57
-0.124264,0.1343,0.0423704;-1.56955,-0.216922,-1.5699
-0.124748,0.130876,0.0423227;-1.5705,-0.111867,-1.57093
-0.128679,0.113862,0.0471693;-1.60595,0.0139179,-1.58969
-0.127534,0.073556,0.0568639;-1.38556,0.0505031,-1.58601
-0.134236,0.102354,0.0422712;-1.56957,-0.164546,-1.57055
-0.134904,0.102362,0.042364;-1.56976,-0.209644,-1.57051
-0.134523,0.102315,0.0423368;-1.57058,-0.192809,-1.57092
-0.131252,0.0997353,0.0423351;-1.57244,-0.00135109,-1.5709
-0.137433,0.0848305,0.0463025;-1.60448,0.110665,-1.58385
-0.140526,0.046528,0.0601849;-1.44979,0.179901,-1.60496
-0.144949,0.034176,0.0509498;-1.46427,0.0718175,-1.58711
-0.147737,0.0508759,0.0425903;-1.58345,-0.0267939,-1.57095
-0.146458,0.0516311,0.0424332;-1.56724,-0.112543,-1.57055
-0.14522,0.0502734,0.0423297;-1.57077,-0.0393857,-1.57081
-0.14994,0.0412425,0.0451223;-1.6033,0.0743148,-1.57837
-0.155943,0.0150863,0.0579463;-1.54574,0.175295,-1.60226
-0.157977,-0.0151869,0.0584228;-1.37143,0.172724,-1.60338
-0.163162,-0.00197251,0.0511948;-1.456,0.0712058,-1.58546
-0.165497,0.0167341,0.042498;-1.57646,-0.0591425,-1.57114
-0.165143,0.0163469,0.0423446;-1.57026,-0.112402,-1.57059
-0.166312,0.0134921,0.0423475;-1.57158,-0.00516009,-1.57078
-0.172883,-0.00118521,0.0480034;-1.61801,0.115014,-1.58425
-0.177541,-0.0301373,0.0561421;-1.452,0.155846,-1.6019
-0.180912,-0.0337632,0.0491715;-1.48126,0.0966181,-1.58388
-0.180269,-0.0242288,0.0423287;-1.5708,-0.0683667,-1.57085
-0.179814,-0.0243914,0.0424062;-1.56831,-0.0427957,-1.57066
-0.178613,-0.0235892,0.0423275;-1.57075,0.0197022,-1.5709
-0.191806,-0.0509314,0.0542579;-1.61297,0.232176,-1.58881
-0.197627,-0.0914333,0.0621602;-1.33267,0.25807,-1.63001
-0.200502,-0.0989433,0.0560498;-1.39106,0.206672,-1.61277
-0.203056,-0.0698473,0.0423729;-1.57056,-0.0320683,-1.56914
-0.203568,-0.0704514,0.0423323;-1.57072,-0.06401,-1.57077
-0.202081,-0.0716728,0.042551;-1.56416,-0.00719583,-1.57114
-0.209926,-0.0847571,0.0464722;-1.60783,0.191533,-1.58003
-0.216581,-0.116181,0.0607098;-1.47265,0.278273,-1.61705
-0.222351,-0.144455,0.0599941;-1.3387,0.245699,-1.62749
-0.228869,-0.109869,0.042253;-1.57053,0.0106537,-1.57058
-0.228872,-0.11021,0.0423628;-1.56978,-0.050424,-1.57068
-0.228635,-0.110237,0.0423366;-1.57047,-0.0369204,-1.57091
-0.230582,-0.113578,0.0430864;-1.58595,0.177504,-1.57358
-0.241024,-0.13853,0.0529906;-1.59723,0.271822,-1.59042
-0.246894,-0.183157,0.0626145;-1.33005,0.292596,-1.63659
-0.254324,-0.16523,0.0419384;-1.58631,0.105186,-1.57235
-0.252289,-0.162901,0.0423793;-1.57084,0.00684669,-1.5675
-0.253059,-0.163357,0.0423331;-1.57068,-0.0298637,-1.57077
-0.25217,-0.164577,0.0424811;-1.5748,0.185518,-1.57106
-0.26207,-0.180281,0.0492209;-1.63382,0.285592,-1.57389
-0.271709,-0.219546,0.0634573;-1.43762,0.343299,-1.63043
-0.27894,-0.230905,0.0426401;-1.57546,0.207393,-1.5769
-0.275839,-0.228085,0.0423733;-1.5706,0.0795844,-1.56923
-0.277203,-0.229545,0.0423306;-1.57073,0.0020271,-1.57085
-0.276189,-0.230493,0.0424137;-1.57091,0.127537,-1.57335
-0.283912,-0.243213,0.0486793;-1.62226,0.235121,-1.58084
-0.292332,-0.275792,0.0629341;-1.43945,0.311794,-1.62667
-0.299021,-0.290406,0.0448241;-1.53294,0.20957,-1.58427
-0.297425,-0.281215,0.0422482;-1.56893,0.0889714,-1.57079
-0.297597,-0.282062,0.0423266;-1.57083,0.0271427,-1.57094
-0.296147,-0.28322,0.0423305;-1.57069,0.105701,-1.57088
-0.301486,-0.291538,0.0454732;-1.59997,0.206093,-1.57925
-0.309022,-0.318141,0.0597147;-1.50878,0.291835,-1.614
-0.315121,-0.33989,0.0528209;-1.4337,0.250447,-1.61095
-0.319453,-0.319148,0.0435242;-1.5474,0.122076,-1.57797
-0.317779,-0.313971,0.0423247;-1.5699,0.014267,-1.56993
-0.317701,-0.314213,0.0423301;-1.57079,0.00841482,-1.57079
-0.320029,-0.317676,0.0423539;-1.57034,0.11506,-1.57189
-0.325209,-0.330287,0.0484327;-1.60211,0.20461,-1.58486
-0.331361,-0.382127,0.0615615;-1.31961,0.274192,-1.63762
-0.333664,-0.377156,0.0528236;-1.4341,0.215863,-1.60568
-0.33443,-0.358725,0.0425798;-1.57989,0.11741,-1.56979
-0.332987,-0.358834,0.0423284;-1.57075,0.038255,-1.57086
-0.33122,-0.358356,0.0423112;-1.56981,0.113472,-1.5713
-0.334071,-0.360569,0.0431006;-1.58503,0.192688,-1.57476
-0.349906,-0.422116,0.0665255;-1.34883,0.32393,-1.64461
-0.353819,-0.440227,0.0582638;-1.35651,0.279616,-1.635
-0.354638,-0.422642,0.0441667;-1.54063,0.204193,-1.58318
-0.351718,-0.416122,0.0423295;-1.57085,0.00481199,-1.5708
-0.349894,-0.416778,0.0423143;-1.57164,0.091294,-1.57134
-0.351847,-0.419002,0.0425708;-1.57181,0.166342,-1.57729
-0.365943,-0.472426,0.0649036;-1.37873,0.323568,-1.63829
-0.370053,-0.49498,0.0575497;-1.36611,0.283454,-1.63053
-0.37242,-0.47902,0.043768;-1.54807,0.20715,-1.58353
-0.369387,-0.472466,0.0423252;-1.57075,-0.00218985,-1.57059
-0.367573,-0.472065,0.0423473;-1.57287,0.0736163,-1.56933
-0.368928,-0.473884,0.042688;-1.57315,0.133571,-1.57976
-0.380877,-0.517123,0.0646252;-1.40072,0.283123,-1.63039
-0.385379,-0.539344,0.0584435;-1.35539,0.234951,-1.62455
-0.388004,-0.524356,0.0446088;-1.53616,0.164444,-1.58227
-0.386122,-0.518314,0.0423298;-1.57077,-0.0379503,-1.57072
-0.385356,-0.518284,0.0423304;-1.57079,0.0199543,-1.57081
-0.385476,-0.518554,0.0424026;-1.57086,0.0310197,-1.57298
-0.38934,-0.546807,0.0622726;-1.50637,0.172302,-1.6089
-0.393704,-0.575812,0.0574914;-1.36925,0.135852,-1.60494
-0.393685,-0.570487,0.0512173;-1.45632,0.125152,-1.59096
-0.394335,-0.554978,0.0423292;-1.57084,-0.0187538,-1.57079
-0.393463,-0.555143,0.0423771;-1.56931,0.00896916,-1.57039
-0.392978,-0.554701,0.042325;-1.5709,0.0577311,-1.5709
-0.39619,-0.558492,0.0436783;-1.5858,0.142094,-1.5782
-0.40662,-0.618459,0.0616452;-1.34116,0.239507,-1.62683
-0.408556,-0.623872,0.0541018;-1.41561,0.197351,-1.60477
-0.407874,-0.608504,0.0424162;-1.57371,0.127895,-1.57127
-0.406465,-0.607392,0.0423289;-1.5708,0.0355952,-1.57089
-0.404467,-0.606714,0.0423282;-1.57069,0.124879,-1.57084
-0.405765,-0.607572,0.0424801;-1.57108,0.185527,-1.57509
-0.417131,-0.659258,0.0644654;-1.3918,0.323262,-1.63784
-0.420905,-0.679316,0.0566653;-1.37951,0.285939,-1.63066
-0.420639,-0.663752,0.0423599;-1.57622,0.221634,-1.57577
-0.418191,-0.659656,0.0423246;-1.57083,0.0816088,-1.57068
-0.417026,-0.660668,0.0423416;-1.57068,0.152435,-1.57021
-0.417988,-0.661881,0.0424991;-1.57069,0.208977,-1.57609
-0.428149,-0.699055,0.0638177;-1.42861,0.346698,-1.63612
-0.434079,-0.723202,0.0575359;-1.35896,0.307114,-1.63816
-0.434491,-0.709192,0.0430122;-1.55425,0.242724,-1.58028
-0.433354,-0.706178,0.0423199;-1.57075,0.127167,-1.57065
-0.433251,-0.706798,0.0423456;-1.57013,0.151718,-1.57071
-0.433422,-0.707424,0.042354;-1.57092,0.1919,-1.5717
-0.443347,-0.734346,0.062012;-1.4279,0.346406,-1.63823
-0.450548,-0.760852,0.0600502;-1.3285,0.339481,-1.65521
-0.450652,-0.753543,0.0497221;-1.47102,0.296757,-1.60443
-0.447925,-0.742601,0.0423294;-1.57079,0.172483,-1.57083
-0.448014,-0.742596,0.0423298;-1.57082,0.16753,-1.57081
-0.44984,-0.741753,0.0423302;-1.57089,0.227839,-1.57084
-0.461208,-0.757204,0.0525668;-1.56058,0.386633,-1.60048
-0.472734,-0.787354,0.0651758;-1.383,0.427544,-1.65851
-0.479868,-0.803265,0.057935;-1.35304,0.392418,-1.65991
-0.475833,-0.783781,0.0423443;-1.57137,0.280845,-1.57091
-0.474892,-0.778526,0.0424679;-1.57573,0.127445,-1.57193
-0.474553,-0.777603,0.0423919;-1.57023,0.0756404,-1.56949
-0.478385,-0.785038,0.0450511;-1.58404,0.235601,-1.5853
-0.484053,-0.805659,0.0599623;-1.50161,0.317924,-1.61918
-0.491353,-0.836125,0.060487;-1.32267,0.313615,-1.65113
-0.491266,-0.820083,0.0423968;-1.57585,0.225861,-1.57182
-0.492587,-0.817897,0.0423475;-1.57106,0.16686,-1.57168
-0.4909,-0.809604,0.0424844;-1.57553,-0.0011473,-1.57158
-0.494159,-0.811855,0.0430795;-1.57541,0.0646912,-1.58201
-0.497154,-0.825822,0.0531497;-1.57943,0.136616,-1.59974
-0.499648,-0.855536,0.0661648;-1.38715,0.165572,-1.61405
-0.503052,-0.855269,0.0425329;-1.57855,0.0764524,-1.57823
-0.501566,-0.852338,0.0423228;-1.57137,0.00934656,-1.57023
-0.500788,-0.846238,0.0424647;-1.57397,-0.152296,-1.57293
-0.502467,-0.847854,0.0427699;-1.57371,-0.11666,-1.58231
-0.503497,-0.860482,0.0503078;-1.57979,-0.0435778,-1.60107
-0.495788,-0.87849,0.0659759;-1.44609,0.0437387,-1.60046
-0.501267,-0.878156,0.0424639;-1.5777,-0.0560606,-1.5824
-0.498657,-0.874755,0.0423282;-1.57102,-0.136082,-1.57104
-0.498397,-0.871184,0.0423939;-1.57136,-0.250058,-1.57263
-0.497008,-0.870567,0.0424468;-1.57121,-0.216126,-1.5749
-0.489423,-0.871384,0.047695;-1.56973,-0.123199,-1.5964
-0.479624,-0.883348,0.0615101;-1.47349,-0.0160253,-1.60181
-0.483085,-0.881202,0.0472083;-1.53515,-0.0836222,-1.57919
-0.482735,-0.877622,0.0423173;-1.57087,-0.162899,-1.57061
-0.483081,-0.876264,0.0424522;-1.57398,-0.193226,-1.57254
-0.483332,-0.874664,0.0423288;-1.5708,-0.18419,-1.57084
-0.483709,-0.87783,0.0432973;-1.56564,-0.112886,-1.58128
-0.477316,-0.8846,0.0544992;-1.49669,-0.00866597,-1.59709
-0.477299,-0.883313,0.0575079;-1.47389,-0.00563592,-1.58494
-0.481135,-0.880569,0.0424142;-1.57706,-0.0806057,-1.57473
-0.480566,-0.879623,0.0423455;-1.57122,-0.151474,-1.57013
-0.481977,-0.876267,0.0423352;-1.57077,-0.197184,-1.57066
-0.482139,-0.877048,0.0423761;-1.57053,-0.151216,-1.57241
-0.48079,-0.88222,0.0468012;-1.54843,-0.0627032,-1.58921
-0.47403,-0.883242,0.060592;-1.44084,0.0263712,-1.58635
-0.47728,-0.884578,0.049956;-1.53707,-0.0208499,-1.5839
-0.478078,-0.882147,0.0423156;-1.5698,-0.0917416,-1.57236
-0.479516,-0.877134,0.0424004;-1.57165,-0.184703,-1.57294
-0.479665,-0.876921,0.0423299;-1.57078,-0.162332,-1.5708
-0.478857,-0.879465,0.0431173;-1.57075,-0.0840028,-1.58087
-0.46942,-0.882255,0.0618539;-1.43798,0.0505545,-1.59099
-0.472489,-0.883475,0.0579022;-1.46894,-9.22382e-05,-1.58798
-0.474,-0.877767,0.0426781;-1.58426,-0.0790043,-1.5769
-0.473415,-0.873207,0.042425;-1.57309,-0.225565,-1.5731
-0.473841,-0.872832,0.0423284;-1.57098,-0.218758,-1.57063
-0.469985,-0.871768,0.0429656;-1.57948,-0.157636,-1.58139
-0.455291,-0.884395,0.062537;-1.46028,0.0179182,-1.60216
-0.460056,-0.881521,0.0604786;-1.48109,-0.0439214,-1.59547
-0.465755,-0.877791,0.0426438;-1.57259,-0.123429,-1.58205
-0.46517,-0.874034,0.0424184;-1.57336,-0.220495,-1.57242
-0.465156,-0.873887,0.0423289;-1.5708,-0.216871,-1.57084
-0.465628,-0.875484,0.0425657;-1.57209,-0.160576,-1.57885
-0.465628,-0.875484,0.0425657;-1.57209,-0.160576,-1.57885
-0.459552,-0.87719,0.0483636;-1.56704,-0.070832,-1.59879
-0.459552,-0.87719,0.0483636;-1.56704,-0.070832,-1.59879
