-0.125,0.125,0.06;-1.57,-2.98023e-08,-1.57
-0.125,0.125,0.06;-1.57,-2.98023e-08,-1.57
-0.125,0.125,0.06;-1.57,-2.98023e-08,-1.57
-0.124264,0.134325,0.0423743;-1.56943,-0.216452,-1.56996
-0.124695,0.132715,0.0423367;-1.571,-0.147885,-1.57083
-0.1294,0.125329,0.0473091;-1.62829,-0.0499213,-1.58457
-0.130478,0.0867584,0.0590464;-1.3705,-0.0295216,-1.58406
-0.13562,0.104856,0.0422661;-1.57116,-0.151018,-1.57009
-0.13571,0.104721,0.0423297;-1.57078,-0.166815,-1.57082
-0.13577,0.104652,0.0423292;-1.57078,-0.165878,-1.57082
-0.135376,0.105061,0.0423282;-1.57072,-0.0780655,-1.5708
-0.137599,0.09873,0.0451913;-1.57905,-0.0150708,-1.58584
-0.139687,0.0747147,0.0621203;-1.48064,0.040936,-1.59786
-0.140403,0.0669826,0.0522964;-1.46308,-0.0659499,-1.58283
-0.140225,0.0832041,0.0423517;-1.58307,-0.143615,-1.57284
-0.139827,0.0839189,0.0425371;-1.56449,-0.216297,-1.56978
-0.139402,0.082693,0.0423292;-1.57066,-0.139459,-1.57075
-0.144613,0.076387,0.0457189;-1.61906,-0.0380374,-1.5774
-0.151144,0.0591712,0.0563502;-1.69206,0.0445252,-1.59112
-0.153237,0.00323525,0.0628434;-1.30362,0.0695114,-1.59327
-0.156413,0.012998,0.0515541;-1.45203,0.012193,-1.57738
-0.157415,0.0298129,0.0423258;-1.57122,-0.0967665,-1.57103
-0.157248,0.0299863,0.0423304;-1.57072,-0.12285,-1.57071
-0.157909,0.0292287,0.0423544;-1.57077,-0.0812592,-1.57151
-0.160998,0.0231682,0.0466073;-1.60654,0.00343285,-1.58724
-0.162653,0.00568591,0.0570533;-1.51436,0.0228819,-1.59198
-0.165554,0.00307119,0.0526925;-1.44918,-0.0547841,-1.57804
-0.167234,0.0168941,0.0425061;-1.56453,-0.218249,-1.56889
-0.16614,0.0163297,0.0423721;-1.569,-0.169356,-1.57016
-0.165256,0.0168269,0.0423291;-1.57077,-0.113746,-1.57086
-0.175716,-0.0092507,0.0541544;-1.63726,0.0889889,-1.59271
-0.177019,-0.0494234,0.0639527;-1.36218,0.115081,-1.6002
-0.17994,-0.0581962,0.0579281;-1.36954,0.057004,-1.58812
-0.185605,-0.0305326,0.0423612;-1.5704,-0.135456,-1.56936
-0.185985,-0.0307295,0.0423296;-1.57079,-0.15943,-1.57087
-0.184641,-0.0317008,0.0424889;-1.56569,-0.104035,-1.57025
-0.189235,-0.0372491,0.0460938;-1.61581,0.022385,-1.57897
-0.193643,-0.057454,0.0600373;-1.57994,0.0903973,-1.59989
-0.196529,-0.0872998,0.063064;-1.32533,0.0486014,-1.60258
-0.202233,-0.0570478,0.0421889;-1.56856,-0.142869,-1.57022
-0.202536,-0.0569648,0.0425346;-1.56419,-0.181532,-1.56952
-0.202341,-0.056942,0.0423295;-1.57073,-0.162406,-1.57088
-0.20385,-0.0610125,0.0427768;-1.57575,0.0300833,-1.57796
-0.204875,-0.0859377,0.051972;-1.55376,0.113524,-1.59579
-0.202219,-0.122048,0.063182;-1.37367,0.122193,-1.59898
-0.209891,-0.108057,0.0423726;-1.58156,-0.024735,-1.57429
-0.208209,-0.105461,0.0423327;-1.57226,-0.116744,-1.5682
-0.208771,-0.105764,0.0423308;-1.57073,-0.139829,-1.57079
-0.207292,-0.107628,0.0424958;-1.57616,0.030133,-1.57069
-0.214767,-0.117081,0.048682;-1.64456,0.118028,-1.57386
-0.223355,-0.147371,0.0636125;-1.57938,0.173845,-1.59654
-0.229786,-0.154192,0.0424486;-1.58447,-0.0550773,-1.5769
-0.228088,-0.152315,0.042316;-1.57057,-0.133133,-1.56953
-0.229573,-0.152459,0.0423246;-1.57097,-0.182086,-1.57077
-0.228775,-0.155001,0.0424193;-1.57095,-0.0333546,-1.57367
-0.231118,-0.168637,0.0472434;-1.5867,0.0506613,-1.59133
-0.233897,-0.195777,0.0633626;-1.46211,0.105876,-1.60251
-0.242051,-0.201123,0.0452926;-1.53216,-0.0515897,-1.5766
-0.240224,-0.193503,0.0423205;-1.57064,-0.14498,-1.57077
-0.240943,-0.193524,0.0424915;-1.56551,-0.195735,-1.56974
-0.239333,-0.195092,0.0423283;-1.57081,-0.0797693,-1.57064
-0.244116,-0.200332,0.0466246;-1.63103,0.00371394,-1.57516
-0.252159,-0.217548,0.0580193;-1.71027,0.0879497,-1.5831
-0.257505,-0.251,0.0590258;-1.37659,0.0407278,-1.59915
-0.260376,-0.237819,0.0440752;-1.54254,-0.00568014,-1.57456
-0.25951,-0.235932,0.0423452;-1.57076,-0.0596761,-1.57026
-0.259444,-0.235892,0.04233;-1.5708,-0.0481301,-1.5708
-0.259858,-0.237058,0.042429;-1.57085,0.00670092,-1.57392
-0.262078,-0.248106,0.0479226;-1.55219,0.103178,-1.59249
-0.267067,-0.290435,0.0647789;-1.27504,0.142594,-1.61705
-0.272564,-0.2767,0.0589767;-1.37384,0.0522037,-1.59882
-0.275792,-0.250788,0.0427973;-1.58634,-0.0677095,-1.57155
-0.274907,-0.250321,0.0423495;-1.57004,-0.120397,-1.57096
-0.273168,-0.249489,0.0423299;-1.57077,-0.0313879,-1.57081
-0.276793,-0.251161,0.0439058;-1.59964,0.0515122,-1.57202
-0.293386,-0.307705,0.0700078;-1.46604,0.169814,-1.61143
-0.298582,-0.338355,0.0618113;-1.3121,0.126476,-1.61034
-0.303408,-0.315942,0.0452469;-1.53162,0.0253748,-1.5814
-0.302094,-0.309086,0.0423255;-1.57076,-0.106666,-1.57098
-0.301665,-0.309392,0.0423214;-1.57116,-0.0469004,-1.57097
-0.302738,-0.31183,0.0425612;-1.57171,0.0335133,-1.57712
-0.310188,-0.350397,0.0679095;-1.42659,0.123055,-1.61197
-0.312466,-0.368075,0.061882;-1.32851,0.0334464,-1.60492
-0.31879,-0.34278,0.044827;-1.548,-0.0901732,-1.58395
-0.318159,-0.340936,0.0426544;-1.56025,-0.174842,-1.56888
-0.31572,-0.342333,0.0423042;-1.57143,-0.0651204,-1.57073
-0.318457,-0.345325,0.0430112;-1.58845,0.0276472,-1.57368
-0.335462,-0.392456,0.0662887;-1.55937,0.179163,-1.60484
-0.340412,-0.429552,0.0598012;-1.37298,0.104025,-1.61296
-0.343711,-0.417822,0.0450237;-1.53345,0.0262987,-1.57865
-0.342647,-0.410286,0.0423285;-1.57077,-0.138275,-1.57082
-0.342437,-0.410693,0.0423285;-1.57056,-0.0877182,-1.57058
-0.34258,-0.411653,0.0423778;-1.57075,-0.063157,-1.57229
-0.345978,-0.436877,0.0624647;-1.54229,0.068542,-1.60416
-0.34654,-0.458976,0.0608892;-1.33716,-0.0249859,-1.5867
-0.348209,-0.449407,0.0542592;-1.43959,-0.0522319,-1.58355
-0.349592,-0.428218,0.0424863;-1.56588,-0.222432,-1.56974
-0.348359,-0.428917,0.0425354;-1.56446,-0.171383,-1.56997
-0.348049,-0.428542,0.0423272;-1.57067,-0.112379,-1.57077
-0.352072,-0.436834,0.0443194;-1.59512,0.00791942,-1.57926
-0.352548,-0.502359,0.0612079;-1.32376,0.0880685,-1.59285
-0.35638,-0.499198,0.0558399;-1.39678,0.0210786,-1.58156
-0.361711,-0.477346,0.0425295;-1.58761,-0.0875544,-1.5721
-0.361018,-0.477419,0.0423434;-1.57003,-0.155037,-1.57109
-0.358972,-0.476588,0.0423045;-1.57188,-0.0666393,-1.57102
-0.360703,-0.477332,0.0427318;-1.58246,0.00170568,-1.57208
-0.372683,-0.521938,0.0658411;-1.52781,0.118482,-1.60321
-0.375664,-0.54875,0.062848;-1.32253,0.0362821,-1.60629
-0.381509,-0.522346,0.0426888;-1.56883,-0.0950769,-1.57985
-0.380524,-0.520727,0.0423294;-1.57077,-0.203757,-1.57081
-0.378698,-0.521473,0.0423396;-1.57041,-0.119205,-1.57032
-0.380485,-0.524333,0.0424359;-1.57079,-0.0269385,-1.57416
-0.381979,-0.57143,0.0633667;-1.44265,0.112684,-1.60219
-0.383622,-0.593165,0.0578428;-1.36721,0.0544475,-1.5902
-0.389915,-0.572983,0.0439111;-1.54637,-0.0508834,-1.57628
-0.38985,-0.566274,0.0423441;-1.57038,-0.200858,-1.57062
-0.388322,-0.566948,0.0424593;-1.56664,-0.138815,-1.57026
-0.389208,-0.567565,0.0423676;-1.57206,-0.0789436,-1.57088
-0.401952,-0.594263,0.0601953;-1.67376,0.0928152,-1.588
-0.406915,-0.627181,0.0656046;-1.38862,0.0619977,-1.60325
-0.411785,-0.626474,0.0581391;-1.38408,-0.0144126,-1.58499
-0.414956,-0.609742,0.0423568;-1.56979,-0.122687,-1.57049
-0.414807,-0.609775,0.0423284;-1.57075,-0.106435,-1.5709
-0.414367,-0.609621,0.0423277;-1.57072,-0.0762678,-1.57075
-0.417222,-0.624683,0.05196;-1.52775,0.068237,-1.59461
-0.421077,-0.650712,0.0658886;-1.38876,0.0909864,-1.59991
-0.423364,-0.662614,0.0617861;-1.32072,0.0431266,-1.5923
-0.428948,-0.629898,0.0422966;-1.5711,-0.16638,-1.57053
-0.429587,-0.629747,0.0424403;-1.5672,-0.194183,-1.57007
-0.428272,-0.631187,0.0425812;-1.56379,-0.131273,-1.5712
-0.434128,-0.636513,0.0461993;-1.62474,0.0246528,-1.57412
-0.44218,-0.656402,0.0580996;-1.66909,0.101874,-1.58634
-0.447425,-0.691065,0.0660024;-1.39023,0.0842446,-1.6072
-0.453965,-0.680669,0.0424196;-1.58343,-0.0341405,-1.57141
-0.453656,-0.681246,0.042336;-1.57074,-0.0839296,-1.57057
-0.453778,-0.681378,0.0423287;-1.57073,-0.0809784,-1.57086
-0.454457,-0.682105,0.0425327;-1.57137,0.0357666,-1.57694
-0.457964,-0.696132,0.0517537;-1.558,0.10452,-1.5949
-0.462497,-0.725843,0.0676899;-1.38319,0.12003,-1.60879
-0.472695,-0.70947,0.0424925;-1.57215,-0.0717013,-1.57468
-0.470779,-0.706136,0.0423759;-1.57084,-0.172346,-1.56913
-0.472066,-0.706018,0.0424032;-1.56838,-0.213372,-1.57023
-0.473317,-0.712336,0.0429332;-1.58367,0.00610966,-1.57744
-0.481714,-0.728306,0.0518523;-1.67231,0.123579,-1.58019
-0.48988,-0.763865,0.0682556;-1.61337,0.172681,-1.60882
-0.494407,-0.792184,0.04197;-1.59292,0.0210661,-1.57173
-0.49359,-0.792096,0.0423257;-1.57086,-0.0400442,-1.56957
-0.49391,-0.791949,0.0423578;-1.57094,-0.0759512,-1.57176
-0.499171,-0.791241,0.0428669;-1.58486,0.0205174,-1.5738
-0.505248,-0.800494,0.0459129;-1.60043,0.0999009,-1.58333
-0.510829,-0.821124,0.0632385;-1.5222,0.151603,-1.60639
-0.518651,-0.833883,0.0519372;-1.45894,0.0141565,-1.58704
-0.518727,-0.819097,0.0422386;-1.57049,-0.095792,-1.57076
-0.5198,-0.819264,0.0426259;-1.56292,-0.151039,-1.57146
-0.522568,-0.819787,0.0423325;-1.57123,-0.0816681,-1.57062
-0.528721,-0.828318,0.044193;-1.60012,0.0451417,-1.57548
-0.53615,-0.85238,0.0556561;-1.61785,0.143012,-1.59429
-0.540837,-0.877375,0.055323;-1.42071,0.106246,-1.59597
-0.544583,-0.858513,0.042369;-1.5824,0.00512644,-1.57206
-0.54325,-0.854924,0.0423645;-1.57121,-0.0795157,-1.56833
-0.541058,-0.85016,0.0424258;-1.56763,-0.245794,-1.56995
-0.541487,-0.850788,0.0423598;-1.57187,-0.197401,-1.57137
-0.545158,-0.858322,0.0473922;-1.62604,-0.103183,-1.58954
-0.54049,-0.88072,0.0654747;-1.43224,-0.0243273,-1.58532
-0.543991,-0.872808,0.0524625;-1.4511,-0.109747,-1.5727
-0.545318,-0.856566,0.042177;-1.56629,-0.233899,-1.57016
-0.546399,-0.856004,0.0423288;-1.57089,-0.278139,-1.57079
-0.548747,-0.856494,0.0422904;-1.56997,-0.207296,-1.57083
-0.551611,-0.865163,0.0431165;-1.58187,-0.0798583,-1.58115
-0.542666,-0.883337,0.060007;-1.47778,0.0603617,-1.58902
-0.546378,-0.883601,0.0580596;-1.48539,-0.00665109,-1.58667
-0.552039,-0.872292,0.0425784;-1.58527,-0.127547,-1.57793
-0.551302,-0.869247,0.0423678;-1.57071,-0.271406,-1.57195
-0.550527,-0.868779,0.0423278;-1.57091,-0.235405,-1.57073
-0.547305,-0.868191,0.043086;-1.59094,-0.185954,-1.57744
-0.53612,-0.876604,0.0574093;-1.61549,-0.0402364,-1.62066
-0.536227,-0.882241,0.0607874;-1.53364,-0.0712178,-1.61036
-0.537211,-0.875243,0.042822;-1.56915,-0.181213,-1.5868
-0.537983,-0.870659,0.0423283;-1.57086,-0.255737,-1.57085
-0.538069,-0.8706,0.0423297;-1.57076,-0.241443,-1.57077
-0.539485,-0.87477,0.0427115;-1.57143,-0.139969,-1.58235
-0.539485,-0.87477,0.0427115;-1.57143,-0.139969,-1.58235
-0.534798,-0.882339,0.0472626;-1.56987,-0.0478751,-1.60313
-0.534798,-0.882339,0.0472626;-1.56987,-0.0478751,-1.60313
