-0.125,0.125,0.06;-1.57,-2.98023e-08,-1.57
-0.125,0.125,0.06;-1.57,-2.98023e-08,-1.57
-0.125,0.125,0.06;-1.57,-2.98023e-08,-1.57
-0.123988,0.132241,0.042374;-1.57143,-0.221556,-1.56797
-0.124788,0.132595,0.0427004;-1.57644,-0.120315,-1.5649
-0.128103,0.117797,0.0494949;-1.65314,-0.00943058,-1.58152
-0.126199,0.0724357,0.0567773;-1.38923,0.0480464,-1.58056
-0.131198,0.0872278,0.0423359;-1.56863,-0.132992,-1.56672
-0.131844,0.0860982,0.0423765;-1.57085,-0.185702,-1.56928
-0.131702,0.0861394,0.0423416;-1.57047,-0.175001,-1.57031
-0.129963,0.0901451,0.0427591;-1.57469,-0.0220233,-1.56101
-0.137193,0.0829455,0.0486372;-1.64767,0.0869005,-1.56769
-0.143862,0.0533381,0.0613622;-1.61006,0.163531,-1.58762
-0.147384,0.0117641,0.0500689;-1.47563,0.117177,-1.58649
-0.148752,0.0233959,0.0427595;-1.58682,0.00490703,-1.57021
-0.147782,0.0207256,0.0424827;-1.56863,-0.0817986,-1.56793
-0.147277,0.0214179,0.0424868;-1.57089,-0.0480169,-1.56579
-0.149883,0.0191102,0.0461658;-1.61495,0.0298739,-1.57
-0.155441,0.00273253,0.0591045;-1.65962,0.140468,-1.58236
-0.162539,-0.0475075,0.0587168;-1.36037,0.157633,-1.60371
-0.164022,-0.0461359,0.0510935;-1.46018,0.118345,-1.58615
-0.165124,-0.0401637,0.0424551;-1.57538,0.0450692,-1.56743
-0.165028,-0.0416086,0.0423992;-1.57057,-0.0119608,-1.56871
-0.165187,-0.0406555,0.0426652;-1.57497,0.03993,-1.56357
-0.169046,-0.0453471,0.0491168;-1.65118,0.134113,-1.56504
-0.174087,-0.0618427,0.0591113;-1.59421,0.17903,-1.57936
-0.177627,-0.0759306,0.0474481;-1.51117,0.115233,-1.58168
-0.177868,-0.0768624,0.0424004;-1.57074,0.0361725,-1.56865
-0.177855,-0.0768748,0.0424615;-1.57088,0.0382926,-1.56663
-0.177843,-0.0763412,0.0424569;-1.57089,0.0497393,-1.56673
-0.181418,-0.0794333,0.0556958;-1.63818,0.204109,-1.57758
-0.18658,-0.0989273,0.0681409;-1.5096,0.213805,-1.59846
-0.190447,-0.107787,0.0596434;-1.44043,0.123436,-1.60009
-0.192897,-0.0986384,0.0424324;-1.57062,-0.0118092,-1.56735
-0.193283,-0.0991848,0.0424332;-1.57081,-0.0279689,-1.56754
-0.193103,-0.0989403,0.0424129;-1.57072,-0.01074,-1.56811
-0.193086,-0.101833,0.0463594;-1.5724,0.119092,-1.57886
-0.193241,-0.116006,0.0641496;-1.49273,0.191971,-1.60054
-0.195286,-0.123415,0.0665975;-1.44569,0.129661,-1.5964
-0.196885,-0.102714,0.042442;-1.57304,-0.0594305,-1.568
-0.197577,-0.1045,0.0425318;-1.56438,-0.099743,-1.56999
-0.197804,-0.104388,0.0423599;-1.57041,-0.0966536,-1.56955
-0.197254,-0.102698,0.042706;-1.57819,0.0602812,-1.56872
-0.197534,-0.113706,0.0542325;-1.5415,0.125269,-1.58603
-0.20239,-0.130851,0.0696018;-1.4644,0.100779,-1.59199
-0.209057,-0.114372,0.0425397;-1.58135,-0.125864,-1.57203
-0.208055,-0.116068,0.0424531;-1.57109,-0.211502,-1.56657
-0.208967,-0.117063,0.042361;-1.57045,-0.237935,-1.56947
-0.208296,-0.113519,0.0427079;-1.57863,-0.0642666,-1.56614
-0.208573,-0.125705,0.0495731;-1.60164,0.0173579,-1.58487
-0.207285,-0.149139,0.0661947;-1.48518,0.067179,-1.58678
-0.213415,-0.145699,0.0429363;-1.58734,-0.166643,-1.57593
-0.210214,-0.145951,0.0424032;-1.57267,-0.307441,-1.56602
-0.212251,-0.150088,0.0424284;-1.56736,-0.408222,-1.56936
-0.212291,-0.147313,0.0430574;-1.58442,-0.242954,-1.57098
-0.212979,-0.166232,0.0512134;-1.6562,-0.125707,-1.59955
-0.205214,-0.19799,0.0651308;-1.48368,-0.0416699,-1.57858
-0.212371,-0.201948,0.0443124;-1.54628,-0.244272,-1.56783
-0.210849,-0.197545,0.0422951;-1.56722,-0.357407,-1.56689
-0.211071,-0.200218,0.0424767;-1.56558,-0.441375,-1.56852
-0.210257,-0.19852,0.0425385;-1.57117,-0.330964,-1.56381
-0.212827,-0.211149,0.0483082;-1.64454,-0.223524,-1.59065
-0.210114,-0.237222,0.0619879;-1.59021,-0.118362,-1.59652
-0.203254,-0.272514,0.0550328;-1.41527,-0.13504,-1.54943
-0.211128,-0.261204,0.0438167;-1.5483,-0.249899,-1.5649
-0.209331,-0.260804,0.0424685;-1.57096,-0.376899,-1.56645
-0.209339,-0.261302,0.0424265;-1.57057,-0.389229,-1.56764
-0.211048,-0.261001,0.0431039;-1.58243,-0.288902,-1.56833
-0.21277,-0.275281,0.0512706;-1.6674,-0.187116,-1.5984
-0.20406,-0.327428,0.0637264;-1.39957,-0.101266,-1.55349
-0.203166,-0.337284,0.0544866;-1.4172,-0.133736,-1.55138
-0.208403,-0.328781,0.0426307;-1.58809,-0.208519,-1.573
-0.207174,-0.331189,0.042383;-1.57038,-0.301804,-1.56935
-0.206016,-0.32886,0.0424975;-1.57111,-0.227892,-1.5652
-0.208312,-0.328724,0.0444522;-1.5964,-0.15755,-1.5728
-0.207963,-0.381222,0.0707447;-1.48208,-0.0017243,-1.58468
-0.207216,-0.404644,0.0619415;-1.43124,-0.0436328,-1.57267
-0.208643,-0.402589,0.0443837;-1.54521,-0.0876628,-1.57213
-0.207846,-0.400252,0.0424182;-1.57081,-0.225927,-1.568
-0.206899,-0.398261,0.0424817;-1.57092,-0.164961,-1.56587
-0.208629,-0.396432,0.0428643;-1.58158,-0.0974663,-1.57196
-0.207406,-0.431635,0.0681833;-1.51014,0.02484,-1.59154
-0.207165,-0.450041,0.064108;-1.50347,-0.0255822,-1.58499
-0.207599,-0.446811,0.0424259;-1.58034,-0.102233,-1.5782
-0.205058,-0.448765,0.0423879;-1.57088,-0.264713,-1.56901
-0.204671,-0.447749,0.0424827;-1.571,-0.230582,-1.56586
-0.205641,-0.447167,0.0425229;-1.57487,-0.182671,-1.5739
-0.206435,-0.462054,0.0687983;-1.55592,-0.0626934,-1.59776
-0.207759,-0.471904,0.0650604;-1.51531,-0.188425,-1.58432
-0.212824,-0.460821,0.0425949;-1.57907,-0.287788,-1.5739
-0.211728,-0.46392,0.0423737;-1.57081,-0.395968,-1.56939
-0.21145,-0.462422,0.0424877;-1.57124,-0.339472,-1.56605
-0.211738,-0.462392,0.0424524;-1.57093,-0.318576,-1.56691
-0.207203,-0.475069,0.0664942;-1.51872,-0.190569,-1.58062
-0.206395,-0.482244,0.061619;-1.45318,-0.298067,-1.54947
-0.21019,-0.473773,0.0505053;-1.50154,-0.341202,-1.55715
-0.212178,-0.466415,0.0424908;-1.56697,-0.457855,-1.5674
-0.212226,-0.467041,0.0424379;-1.57063,-0.448333,-1.56727
-0.212495,-0.46549,0.0425696;-1.571,-0.394142,-1.56299
-0.211952,-0.4667,0.0436434;-1.57229,-0.30569,-1.57395
-0.206432,-0.492717,0.0683846;-1.45001,-0.28028,-1.54671
-0.209606,-0.491361,0.0565614;-1.4502,-0.376747,-1.53957
-0.216047,-0.477572,0.0428296;-1.58599,-0.497344,-1.57554
-0.2149,-0.480433,0.0423556;-1.5709,-0.596429,-1.56986
-0.21438,-0.47746,0.0424846;-1.57089,-0.516177,-1.56588
-0.216344,-0.477744,0.043284;-1.58792,-0.411298,-1.57496
-0.203401,-0.520887,0.0681568;-1.449,-0.309918,-1.54413
-0.201117,-0.529938,0.0608336;-1.41373,-0.403327,-1.52365
-0.212454,-0.513947,0.0428339;-1.58695,-0.543166,-1.58014
-0.210642,-0.514184,0.0425148;-1.56274,-0.741824,-1.56524
-0.210298,-0.511765,0.0423313;-1.5711,-0.640322,-1.57081
-0.212045,-0.513023,0.043232;-1.58546,-0.551165,-1.57276
-0.195794,-0.559383,0.0662123;-1.52151,-0.362766,-1.57269
-0.186335,-0.580607,0.0607029;-1.39747,-0.448636,-1.50167
-0.199724,-0.570704,0.0429796;-1.55908,-0.586088,-1.56536
-0.197877,-0.572658,0.0424043;-1.56744,-0.798783,-1.56827
-0.197428,-0.571406,0.0424229;-1.56793,-0.757101,-1.56766
-0.198722,-0.570897,0.042749;-1.57728,-0.695986,-1.56642
-0.189221,-0.605086,0.0623496;-1.61979,-0.479839,-1.61894
-0.174084,-0.634586,0.0665379;-1.45792,-0.491041,-1.5258
-0.167147,-0.646926,0.0506569;-1.44965,-0.521657,-1.51337
-0.170426,-0.642226,0.0424589;-1.56705,-0.69035,-1.56717
-0.170409,-0.642282,0.0423376;-1.57048,-0.682641,-1.57048
-0.169936,-0.64064,0.04244;-1.57172,-0.629008,-1.56718
-0.170415,-0.656025,0.0538509;-1.69328,-0.444077,-1.63788
-0.157455,-0.686114,0.0685666;-1.53809,-0.383984,-1.5763
-0.146008,-0.713212,0.0600908;-1.42209,-0.402273,-1.5162
-0.14599,-0.71247,0.0424046;-1.56993,-0.517248,-1.56657
-0.146244,-0.713184,0.042398;-1.57082,-0.555561,-1.56866
-0.146073,-0.71315,0.0424575;-1.56654,-0.537985,-1.56813
-0.148249,-0.71491,0.0471512;-1.63123,-0.411099,-1.59677
-0.144322,-0.732369,0.0609043;-1.63716,-0.307282,-1.61592
-0.136906,-0.758063,0.0679128;-1.46353,-0.329189,-1.54653
-0.137312,-0.764748,0.0425943;-1.57838,-0.442448,-1.57209
-0.136438,-0.766405,0.0423991;-1.57082,-0.497342,-1.56861
-0.136281,-0.767002,0.0424385;-1.57083,-0.513853,-1.56738
-0.138263,-0.763566,0.043426;-1.58587,-0.380212,-1.5742
-0.137674,-0.775874,0.0525794;-1.66275,-0.273064,-1.6137
-0.12503,-0.791533,0.0693153;-1.53094,-0.229487,-1.57968
-0.130713,-0.787897,0.0424023;-1.57218,-0.386813,-1.57235
-0.129026,-0.788482,0.0424751;-1.57081,-0.468777,-1.56608
-0.129054,-0.789772,0.0424129;-1.57078,-0.495513,-1.56816
-0.130813,-0.787035,0.0425383;-1.57472,-0.399383,-1.56861
-0.131054,-0.791117,0.0499122;-1.65029,-0.310104,-1.6086
-0.118987,-0.802852,0.0668647;-1.56816,-0.209959,-1.59494
-0.127211,-0.795737,0.0425138;-1.58663,-0.429598,-1.57919
-0.126363,-0.795465,0.0424548;-1.5709,-0.494553,-1.56688
-0.126714,-0.796539,0.0423627;-1.57079,-0.519866,-1.56977
-0.127087,-0.794449,0.0424534;-1.57325,-0.403892,-1.5678
-0.124443,-0.798976,0.0487099;-1.5777,-0.328115,-1.58571
-0.117372,-0.810232,0.0669669;-1.52075,-0.251042,-1.58003
-0.127009,-0.795834,0.0473954;-1.52201,-0.409807,-1.55722
-0.12722,-0.789699,0.042332;-1.56985,-0.516499,-1.56867
-0.127409,-0.790885,0.0424859;-1.56499,-0.55139,-1.56763
-0.127127,-0.789231,0.0425222;-1.57118,-0.479021,-1.5649
-0.126602,-0.794622,0.0445291;-1.60084,-0.377192,-1.58475
-0.119182,-0.809512,0.058171;-1.52482,-0.304275,-1.57246
-0.118854,-0.815296,0.0593592;-1.432,-0.342126,-1.53321
-0.128394,-0.795391,0.0428134;-1.58687,-0.464809,-1.57713
-0.126437,-0.79547,0.0424602;-1.56939,-0.563195,-1.56684
-0.125141,-0.794289,0.0424635;-1.56842,-0.500935,-1.56749
-0.126091,-0.793431,0.0426393;-1.57599,-0.441505,-1.56628
-0.123775,-0.80766,0.0495098;-1.63338,-0.322159,-1.60292
-0.112921,-0.830351,0.0644417;-1.40275,-0.256626,-1.5305
-0.124871,-0.811364,0.0512248;-1.45739,-0.373951,-1.53974
-0.127984,-0.797545,0.0423757;-1.57068,-0.493809,-1.56804
-0.127713,-0.79836,0.0424074;-1.56803,-0.52354,-1.56915
-0.126784,-0.795781,0.0425291;-1.57106,-0.440888,-1.56425
-0.130604,-0.7992,0.0451719;-1.60927,-0.334308,-1.58245
-0.108213,-0.840923,0.0702778;-1.49473,-0.135525,-1.56841
-0.112494,-0.850637,0.0575225;-1.38585,-0.212316,-1.53785
-0.125578,-0.832807,0.042139;-1.5884,-0.349557,-1.57543
-0.124254,-0.832142,0.0424058;-1.5683,-0.455469,-1.56917
-0.122799,-0.829411,0.0423558;-1.5725,-0.344663,-1.57066
-0.126266,-0.82932,0.0442517;-1.60747,-0.256856,-1.57986
-0.112257,-0.859004,0.0711455;-1.6978,-0.0552054,-1.63458
-0.107564,-0.877542,0.0605425;-1.51679,-0.0914613,-1.57564
-0.109591,-0.876774,0.0424057;-1.5713,-0.170919,-1.57323
-0.10985,-0.873011,0.0423288;-1.5708,-0.225896,-1.57076
-0.110025,-0.872124,0.042366;-1.5709,-0.196115,-1.56976
-0.111267,-0.870898,0.0428808;-1.58464,-0.145813,-1.57257
-0.111267,-0.870898,0.0428808;-1.58464,-0.145813,-1.57257
-0.113584,-0.875558,0.0512399;-1.66969,-0.0461174,-1.59065
-0.113584,-0.875558,0.0512399;-1.66969,-0.0461174,-1.59065
