-0.125,0.125,0.06;-1.57,-2.98023e-08,-1.57
-0.125,0.125,0.06;-1.57,-2.98023e-08,-1.57
-0.125,0.125,0.06;-1.57,-2.98023e-08,-1.57
-0.12424,0.134624,0.0423945;-1.56936,-0.218847,-1.56941
-0.124317,0.131551,0.042327;-1.57076,-0.111649,-1.57125
-0.128877,0.114573,0.0472069;-1.60556,0.0149349,-1.58989
-0.128627,0.0790243,0.0573931;-1.38239,0.0352056,-1.58619
-0.135923,0.107948,0.0422684;-1.57105,-0.17877,-1.57017
-0.136283,0.107767,0.0424286;-1.56757,-0.217727,-1.57007
-0.135504,0.108006,0.0423927;-1.56861,-0.193647,-1.57056
-0.133381,0.10642,0.0423218;-1.57056,-0.0331946,-1.57048
-0.138944,0.092323,0.046286;-1.60533,0.0817114,-1.58461
-0.140489,0.0549646,0.0602946;-1.45912,0.152674,-1.60363
-0.145073,0.0471667,0.051271;-1.46707,0.0266517,-1.58626
-0.147082,0.0638686,0.0423607;-1.58418,-0.0700442,-1.57244
-0.146098,0.0651233,0.0424841;-1.56572,-0.16222,-1.56978
-0.144676,0.062289,0.0423263;-1.57071,-0.0586304,-1.57094
-0.149358,0.0505093,0.0451587;-1.59883,0.0602036,-1.58199
-0.151146,0.0196158,0.0576302;-1.49716,0.159389,-1.60559
-0.153719,-0.00276838,0.0593131;-1.35193,0.133998,-1.60513
-0.159012,0.0120856,0.0531086;-1.43994,0.0389921,-1.58564
-0.161356,0.0318849,0.0420303;-1.56462,-0.089116,-1.57017
-0.161088,0.0325256,0.0423305;-1.5707,-0.121013,-1.57071
-0.162256,0.0293372,0.042322;-1.5703,-0.0225478,-1.57104
-0.167612,0.0120486,0.0475349;-1.6037,0.103423,-1.58785
-0.169589,-0.016032,0.0560337;-1.4186,0.120825,-1.60258
-0.174183,-0.00866197,0.0511405;-1.46215,0.0397984,-1.5836
-0.174322,0.00539072,0.042426;-1.56772,-0.138048,-1.57032
-0.173288,0.00477406,0.0424167;-1.56792,-0.0914208,-1.57055
-0.172149,0.00557249,0.0423308;-1.5707,-0.0196909,-1.57083
-0.181424,-0.0270554,0.0538047;-1.55717,0.191925,-1.59943
-0.182828,-0.0631673,0.0609221;-1.32109,0.209253,-1.62145
-0.186275,-0.0615513,0.0576193;-1.3727,0.144868,-1.60613
-0.188751,-0.0301247,0.0423549;-1.57061,-0.0739308,-1.56914
-0.189408,-0.0300425,0.0423294;-1.57077,-0.096334,-1.57089
-0.187131,-0.032676,0.0425015;-1.56529,-9.38773e-05,-1.57074
-0.19458,-0.0465105,0.0463959;-1.60445,0.201714,-1.58139
-0.199141,-0.0803709,0.059816;-1.446,0.283495,-1.62259
-0.204058,-0.103014,0.0609286;-1.32336,0.239066,-1.63448
-0.206848,-0.0679204,0.0421568;-1.57029,0.0319893,-1.57117
-0.207058,-0.0671848,0.0425015;-1.56538,-0.0289257,-1.57063
-0.206368,-0.0672278,0.0423385;-1.57042,-0.00121656,-1.57092
-0.208707,-0.0710319,0.0430266;-1.58291,0.207988,-1.57507
-0.218918,-0.0978972,0.0525651;-1.57885,0.305618,-1.59492
-0.224509,-0.140807,0.0621499;-1.32724,0.318384,-1.64631
-0.230083,-0.115753,0.0423423;-1.58248,0.127309,-1.57175
-0.227562,-0.112409,0.0423837;-1.57068,0.0246219,-1.56867
-0.228454,-0.11182,0.0423402;-1.57045,-0.00967652,-1.57096
-0.227078,-0.117148,0.0424213;-1.57253,0.243605,-1.57186
-0.237676,-0.136611,0.0486031;-1.61021,0.352113,-1.581
-0.247357,-0.177123,0.0619156;-1.39345,0.406919,-1.65024
-0.254782,-0.16562,0.0425124;-1.58262,0.192944,-1.57518
-0.252009,-0.162729,0.0423477;-1.5711,0.0743993,-1.56865
-0.254319,-0.162383,0.0423878;-1.56897,-0.0012624,-1.57079
-0.253668,-0.167257,0.0424725;-1.57215,0.21298,-1.57369
-0.26382,-0.187218,0.0483936;-1.60813,0.324035,-1.58386
-0.271115,-0.224823,0.0612682;-1.39101,0.391666,-1.64991
-0.279064,-0.213525,0.0440606;-1.54761,0.204594,-1.58351
-0.275813,-0.207737,0.0423241;-1.57064,0.112076,-1.57102
-0.276668,-0.207408,0.0424501;-1.56699,0.0600445,-1.57099
-0.275685,-0.212446,0.0423294;-1.57082,0.228326,-1.5709
-0.284397,-0.224997,0.0461124;-1.60608,0.342904,-1.57533
-0.295121,-0.257284,0.0587404;-1.44943,0.431655,-1.64164
-0.301676,-0.266464,0.0554747;-1.40164,0.35511,-1.64112
-0.301139,-0.245662,0.0439186;-1.54049,0.250719,-1.58297
-0.297917,-0.239598,0.0423434;-1.57052,0.139355,-1.57045
-0.297985,-0.239786,0.04233;-1.57077,0.139565,-1.57084
-0.300903,-0.242881,0.0424262;-1.57108,0.250263,-1.57344
-0.311215,-0.260769,0.0485075;-1.5967,0.37006,-1.58486
-0.323369,-0.304176,0.0614135;-1.30707,0.399713,-1.67669
-0.324358,-0.292275,0.0557026;-1.39484,0.326502,-1.63623
-0.321459,-0.267597,0.0427297;-1.58446,0.196752,-1.56786
-0.320616,-0.266944,0.0423293;-1.57064,0.11469,-1.57115
-0.31904,-0.268026,0.0423155;-1.57072,0.219583,-1.57123
-0.32472,-0.274051,0.0434694;-1.58709,0.337474,-1.57373
-0.346997,-0.344141,0.062828;-1.29221,0.453596,-1.68776
-0.351402,-0.347966,0.0592275;-1.33507,0.38723,-1.6678
-0.350589,-0.321369,0.0455974;-1.5311,0.273904,-1.5918
-0.346682,-0.31053,0.0423432;-1.57038,0.10801,-1.57085
-0.344189,-0.314649,0.0421545;-1.57633,0.249005,-1.56951
-0.349004,-0.318753,0.0427157;-1.57696,0.369377,-1.57516
-0.375399,-0.383157,0.0631666;-1.34322,0.510418,-1.68579
-0.382583,-0.39578,0.0588867;-1.33734,0.431342,-1.67734
-0.381683,-0.369267,0.0446048;-1.54465,0.313387,-1.59262
-0.378248,-0.361392,0.0423946;-1.56852,0.11457,-1.57112
-0.375643,-0.364504,0.0421494;-1.57666,0.243087,-1.56941
-0.380461,-0.368967,0.0428116;-1.57738,0.357858,-1.57772
-0.404915,-0.429799,0.0622261;-1.34271,0.520255,-1.68873
-0.412525,-0.441915,0.0586574;-1.34184,0.436352,-1.67749
-0.411918,-0.415284,0.0454021;-1.53162,0.315881,-1.59263
-0.409098,-0.407056,0.0423813;-1.56917,0.120328,-1.571
-0.406903,-0.410534,0.0422634;-1.57368,0.239963,-1.5711
-0.409447,-0.41342,0.042394;-1.57074,0.30513,-1.57278
-0.432629,-0.464357,0.060484;-1.38407,0.489725,-1.67163
-0.441161,-0.47564,0.0589313;-1.33769,0.408153,-1.67063
-0.439374,-0.463242,0.0521376;-1.45083,0.374434,-1.62821
-0.434835,-0.44458,0.0424281;-1.56691,0.190284,-1.57168
-0.433631,-0.447228,0.0425452;-1.56428,0.260428,-1.57312
-0.433386,-0.447568,0.0423289;-1.57085,0.329677,-1.57067
-0.441396,-0.454345,0.0439715;-1.58697,0.450933,-1.57554
-0.46947,-0.512952,0.0612542;-1.28806,0.516517,-1.71528
-0.470477,-0.504938,0.0561715;-1.37601,0.451088,-1.66583
-0.4655,-0.480125,0.0424722;-1.58734,0.333,-1.56579
-0.464687,-0.479092,0.0423461;-1.57012,0.236069,-1.57112
-0.46242,-0.480869,0.0423056;-1.57226,0.357543,-1.5706
-0.466449,-0.483899,0.0425462;-1.57235,0.467854,-1.5755
-0.500094,-0.545385,0.0623758;-1.32228,0.597933,-1.7164
-0.506786,-0.552234,0.0586414;-1.33031,0.526188,-1.7014
-0.501582,-0.52551,0.042658;-1.5755,0.410144,-1.57644
-0.499528,-0.52173,0.042344;-1.57038,0.226732,-1.5709
-0.497309,-0.525744,0.0425213;-1.56446,0.354213,-1.57257
-0.500793,-0.527989,0.0425086;-1.57223,0.468563,-1.57459
-0.532739,-0.581827,0.0614386;-1.34962,0.630202,-1.71081
-0.542545,-0.593541,0.0585485;-1.32506,0.544518,-1.7062
-0.537397,-0.567182,0.0435719;-1.54932,0.433651,-1.58629
-0.535124,-0.562989,0.0423735;-1.56932,0.273559,-1.57115
-0.533797,-0.565887,0.0424336;-1.56726,0.361891,-1.57183
-0.535274,-0.568061,0.0423335;-1.57077,0.452902,-1.57097
-0.564395,-0.611158,0.0597647;-1.38714,0.646546,-1.69731
-0.576069,-0.627724,0.0612816;-1.2732,0.591403,-1.74386
-0.572187,-0.610515,0.0526672;-1.4244,0.519268,-1.65457
-0.564056,-0.590363,0.0424865;-1.5645,0.338697,-1.57301
-0.56392,-0.590801,0.0423553;-1.56981,0.362121,-1.57125
-0.562766,-0.591568,0.0422822;-1.5724,0.429424,-1.57028
-0.584561,-0.61573,0.0521756;-1.5591,0.638672,-1.6053
-0.601775,-0.649868,0.0611294;-1.26251,0.648107,-1.76063
-0.605649,-0.649834,0.0588522;-1.3147,0.592152,-1.72152
-0.593614,-0.618867,0.0422643;-1.57025,0.385126,-1.57013
-0.59429,-0.618262,0.042367;-1.56951,0.348669,-1.57128
-0.593796,-0.621611,0.0425386;-1.56398,0.437448,-1.57414
-0.606838,-0.630968,0.0453546;-1.59816,0.647026,-1.57195
-0.627025,-0.658449,0.0584632;-1.41873,0.725973,-1.69124
-0.641968,-0.678586,0.0615167;-1.2504,0.676128,-1.77913
-0.628249,-0.642453,0.042368;-1.57725,0.489155,-1.56769
-0.627108,-0.641753,0.0425222;-1.56383,0.410178,-1.57368
-0.626969,-0.641549,0.0423451;-1.57012,0.419667,-1.57123
-0.631735,-0.646061,0.0427636;-1.57709,0.629275,-1.57523
-0.651341,-0.666543,0.0513006;-1.57144,0.723763,-1.5978
-0.674698,-0.704455,0.0616067;-1.2482,0.731333,-1.78913
-0.668745,-0.677993,0.0420916;-1.58661,0.558973,-1.56819
-0.663671,-0.674449,0.0423366;-1.57116,0.45165,-1.56911
-0.664616,-0.67358,0.0423275;-1.57082,0.406013,-1.57085
-0.667862,-0.680466,0.0424697;-1.571,0.655535,-1.57487
-0.685947,-0.695507,0.0485004;-1.60936,0.759464,-1.5704
-0.700661,-0.729329,0.0618136;-1.29966,0.841123,-1.78287
-0.693551,-0.709871,0.0421661;-1.58685,0.673008,-1.56818
-0.688781,-0.70634,0.0422669;-1.5724,0.556377,-1.56928
-0.689258,-0.701678,0.0423477;-1.57069,0.428672,-1.57132
-0.697575,-0.70168,0.043312;-1.59357,0.545737,-1.56468
-0.712888,-0.721156,0.0464879;-1.56934,0.646724,-1.59901
-0.724655,-0.750219,0.0598092;-1.32042,0.747611,-1.7578
-0.717864,-0.734199,0.0498027;-1.46273,0.667261,-1.65025
-0.709863,-0.717292,0.0424099;-1.57376,0.540152,-1.57462
-0.710199,-0.712384,0.0423745;-1.57115,0.401784,-1.57229
-0.711123,-0.711027,0.0423681;-1.5701,0.418289,-1.57282
-0.710251,-0.713216,0.0451936;-1.61469,0.457095,-1.55864
-0.707898,-0.722508,0.063289;-1.8014,0.548496,-1.4885
-0.717832,-0.755298,0.0564112;-1.35464,0.621922,-1.7065
-0.707754,-0.732897,0.0425122;-1.58511,0.527064,-1.56917
-0.705342,-0.725718,0.0423063;-1.57184,0.390004,-1.57011
-0.70676,-0.72192,0.0424031;-1.56902,0.289221,-1.57051
-0.705071,-0.720538,0.0429848;-1.58775,0.314543,-1.56458
-0.701839,-0.721472,0.0510475;-1.68107,0.359667,-1.54566
-0.692169,-0.728237,0.0688286;-1.6544,0.502079,-1.56832
-0.682953,-0.710448,0.0465596;-1.62528,0.416874,-1.56042
-0.68013,-0.707925,0.0423512;-1.57023,0.290428,-1.5723
-0.680126,-0.707489,0.0423899;-1.56865,0.23976,-1.57125
-0.6793,-0.708376,0.0422627;-1.56926,0.312598,-1.57068
-0.682103,-0.713826,0.0432961;-1.58317,0.409081,-1.57602
-0.691333,-0.771873,0.0608035;-1.28056,0.594786,-1.73557
-0.692715,-0.766287,0.0582363;-1.34645,0.53108,-1.69514
-0.685628,-0.740257,0.0425432;-1.59094,0.41959,-1.56674
-0.683543,-0.735542,0.0424077;-1.57073,0.217951,-1.57322
-0.684179,-0.735155,0.0423291;-1.57104,0.241802,-1.57121
-0.686022,-0.735825,0.0432207;-1.58951,0.301826,-1.57109
-0.681229,-0.765997,0.0673497;-1.59143,0.513262,-1.60394
-0.689749,-0.78099,0.0585269;-1.43224,0.444044,-1.65981
-0.686457,-0.759815,0.0428139;-1.57529,0.318221,-1.5804
-0.683794,-0.74835,0.0423658;-1.57072,0.058468,-1.57188
-0.68457,-0.748076,0.0423266;-1.571,0.0803059,-1.57113
-0.688469,-0.748216,0.0432533;-1.59415,0.139733,-1.57185
-0.688469,-0.748216,0.0432533;-1.59415,0.139733,-1.57185
-0.686449,-0.751535,0.0533085;-1.69051,0.19774,-1.56976
-0.686449,-0.751535,0.0533085;-1.69051,0.19774,-1.56976
