-0.125,0.125,0.06;-1.57,-2.98023e-08,-1.57
-0.125,0.125,0.06;-1.57,-2.98023e-08,-1.57
-0.125,0.125,0.06;-1.57,-2.98023e-08,-1.57
-0.123927,0.13319,0.042347;-1.56723,-0.225192,-1.56903
-0.123768,0.129923,0.0423241;-1.57054,-0.125354,-1.57104
-0.127508,0.111477,0.0467652;-1.58978,-0.000327945,-1.58933
-0.127246,0.0771645,0.0566363;-1.39711,0.0165555,-1.58639
-0.135146,0.104394,0.0422073;-1.57026,-0.206828,-1.56912
-0.135554,0.10394,0.0424054;-1.56826,-0.262866,-1.57008
-0.135612,0.103825,0.0423495;-1.56984,-0.257023,-1.57087
-0.133727,0.103433,0.0423198;-1.5705,-0.10835,-1.57069
-0.137957,0.0860681,0.0452875;-1.57094,0.00089407,-1.58697
-0.13738,0.0476059,0.0581904;-1.40609,0.087923,-1.60069
-0.143933,0.0464172,0.0500752;-1.48611,-0.0452098,-1.58458
-0.147698,0.059586,0.042466;-1.58407,-0.146652,-1.57361
-0.146041,0.0596631,0.0424659;-1.56618,-0.24113,-1.56981
-0.144525,0.0576046,0.0423286;-1.57066,-0.158812,-1.57085
-0.147437,0.0445903,0.0442604;-1.56684,-0.0455545,-1.58681
-0.145725,0.011807,0.0561678;-1.4154,0.061137,-1.60349
-0.146183,-0.000141384,0.0571936;-1.39709,0.03204,-1.5974
-0.153884,0.0144149,0.0504073;-1.48161,-0.0731045,-1.58243
-0.156376,0.0285277,0.0423155;-1.5708,-0.203523,-1.57021
-0.155607,0.0277452,0.04233;-1.57069,-0.258174,-1.57065
-0.155246,0.0248907,0.0423602;-1.57124,-0.167929,-1.5719
-0.157143,0.00456962,0.0475734;-1.52635,-0.0451398,-1.59239
-0.15432,-0.0189419,0.0554055;-1.42439,-0.0063893,-1.59142
-0.16173,-0.0087734,0.047025;-1.51595,-0.119754,-1.57775
-0.162244,-0.00415868,0.0423849;-1.56884,-0.348745,-1.57016
-0.162348,-0.00472736,0.0423676;-1.56937,-0.346389,-1.57024
-0.161794,-0.00403906,0.0423301;-1.57076,-0.293749,-1.57081
-0.158684,-0.037319,0.0536224;-1.45709,-0.0711282,-1.59184
-0.149206,-0.055548,0.0589128;-1.37642,-0.00266156,-1.58954
-0.156163,-0.0487625,0.0539634;-1.44449,-0.0954597,-1.5842
-0.163093,-0.0282447,0.0423986;-1.57073,-0.343139,-1.56847
-0.164593,-0.0314226,0.0423291;-1.57071,-0.424105,-1.57084
-0.163346,-0.0325542,0.0424838;-1.56641,-0.370878,-1.56825
-0.16312,-0.0487057,0.046747;-1.53303,-0.198647,-1.58676
-0.152196,-0.0739557,0.0575597;-1.40144,-0.0689384,-1.58603
-0.151636,-0.0788261,0.0573785;-1.40213,-0.0881243,-1.58221
-0.167067,-0.050804,0.0422616;-1.57039,-0.33872,-1.57049
-0.166114,-0.0525309,0.0424285;-1.56883,-0.434317,-1.56842
-0.166689,-0.0536877,0.0423291;-1.57077,-0.451672,-1.57086
-0.165955,-0.0578725,0.0430781;-1.56282,-0.310479,-1.58029
-0.159904,-0.0818252,0.0532502;-1.46278,-0.187888,-1.58257
-0.146969,-0.0981115,0.0591346;-1.37257,-0.0839417,-1.57471
-0.166795,-0.0714722,0.0425217;-1.5753,-0.314475,-1.57647
-0.163842,-0.0689969,0.0424071;-1.57008,-0.430302,-1.56698
-0.164759,-0.0721917,0.0423186;-1.57066,-0.514331,-1.57115
-0.162924,-0.0741778,0.0424895;-1.57029,-0.361736,-1.57533
-0.159019,-0.0930445,0.0497052;-1.5038,-0.244274,-1.58303
-0.143897,-0.113942,0.0588655;-1.38036,-0.104471,-1.57358
-0.161714,-0.0905723,0.0424843;-1.57848,-0.317161,-1.58022
-0.158862,-0.0872715,0.0424507;-1.57077,-0.441464,-1.56641
-0.15979,-0.0912494,0.0423389;-1.57012,-0.542555,-1.57054
-0.158147,-0.093963,0.0425508;-1.5692,-0.392277,-1.57595
-0.153204,-0.112753,0.0496755;-1.50397,-0.274776,-1.58177
-0.137408,-0.132412,0.0587247;-1.38349,-0.131158,-1.57009
-0.153931,-0.112409,0.0435013;-1.55397,-0.319025,-1.57846
-0.153466,-0.108027,0.0422855;-1.57035,-0.426921,-1.56985
-0.152767,-0.110378,0.0423613;-1.57084,-0.514638,-1.56975
-0.151277,-0.113223,0.042319;-1.57063,-0.394885,-1.57094
-0.1489,-0.126303,0.0463295;-1.53806,-0.278147,-1.58441
-0.135944,-0.149038,0.0573836;-1.40363,-0.141007,-1.57621
-0.140541,-0.145105,0.052873;-1.46187,-0.213299,-1.5761
-0.150096,-0.131384,0.0429542;-1.5572,-0.318458,-1.57335
-0.148063,-0.127188,0.0423739;-1.57116,-0.443327,-1.56902
-0.147965,-0.127761,0.042331;-1.57071,-0.454931,-1.57065
-0.146613,-0.131089,0.0425516;-1.57001,-0.353549,-1.57676
-0.142046,-0.150967,0.0501293;-1.4988,-0.230075,-1.58294
-0.12935,-0.169844,0.0582438;-1.38912,-0.11934,-1.57491
-0.138674,-0.159141,0.0526872;-1.45907,-0.215469,-1.57175
-0.147054,-0.14252,0.0423444;-1.57421,-0.359636,-1.57181
-0.14583,-0.143087,0.0423271;-1.57074,-0.477796,-1.57084
-0.145542,-0.143015,0.0423281;-1.57069,-0.423619,-1.57066
-0.145479,-0.150065,0.0434014;-1.56024,-0.328099,-1.58011
-0.121765,-0.18829,0.0603729;-1.34876,-0.080959,-1.56386
-0.128845,-0.183552,0.0567268;-1.40951,-0.166493,-1.56958
-0.143155,-0.163156,0.0438526;-1.55069,-0.307706,-1.57646
-0.141631,-0.158628,0.042325;-1.57089,-0.50927,-1.57089
-0.139666,-0.159563,0.0423301;-1.56918,-0.413976,-1.56737
-0.139406,-0.164235,0.042696;-1.56967,-0.291728,-1.5792
-0.119733,-0.205461,0.0604192;-1.34866,-0.0302195,-1.57311
-0.124339,-0.205419,0.0567583;-1.40847,-0.117344,-1.57661
-0.13859,-0.183978,0.0432052;-1.56123,-0.264471,-1.58198
-0.135858,-0.181027,0.0423333;-1.57082,-0.488488,-1.57073
-0.134152,-0.181891,0.0423659;-1.57201,-0.396156,-1.56879
-0.134974,-0.187757,0.0428217;-1.56992,-0.275877,-1.58116
-0.115678,-0.226291,0.0602169;-1.34989,-0.00113907,-1.57827
-0.119898,-0.227295,0.0567527;-1.40858,-0.0929569,-1.58044
-0.133706,-0.206259,0.0435129;-1.55169,-0.238838,-1.57845
-0.132409,-0.202832,0.0423445;-1.5708,-0.452438,-1.57035
-0.130445,-0.20459,0.0423208;-1.57053,-0.35298,-1.57016
-0.130807,-0.207436,0.0424821;-1.57069,-0.26977,-1.57568
-0.117254,-0.244678,0.0591141;-1.36986,-0.000837594,-1.58536
-0.120807,-0.244547,0.0558991;-1.41429,-0.0814305,-1.57789
-0.126242,-0.235007,0.0500387;-1.49038,-0.143134,-1.58069
-0.128732,-0.223471,0.0424618;-1.56847,-0.37854,-1.56773
-0.127564,-0.226098,0.0425224;-1.56433,-0.361901,-1.5685
-0.127018,-0.225174,0.0423289;-1.57083,-0.29771,-1.57075
-0.127126,-0.234644,0.0444509;-1.55427,-0.176383,-1.58435
-0.114092,-0.26768,0.059494;-1.36157,0.0123031,-1.58697
-0.12337,-0.256947,0.0535387;-1.44884,-0.104927,-1.58127
-0.129921,-0.23885,0.0424212;-1.57373,-0.255245,-1.57216
-0.12906,-0.239846,0.0423295;-1.5705,-0.392281,-1.57093
-0.12781,-0.239868,0.0423783;-1.57082,-0.306368,-1.56924
-0.127605,-0.243189,0.0426447;-1.56834,-0.196553,-1.57783
-0.113081,-0.284496,0.0603037;-1.34536,0.0679081,-1.59367
-0.117835,-0.282352,0.0564697;-1.41106,-0.0226405,-1.58932
-0.128491,-0.259464,0.0426532;-1.574,-0.172553,-1.57945
-0.126648,-0.258775,0.0423347;-1.57052,-0.393209,-1.57056
-0.124483,-0.260175,0.0423753;-1.57174,-0.306279,-1.56977
-0.125394,-0.263854,0.0425278;-1.57077,-0.19437,-1.57697
-0.112373,-0.305513,0.0600356;-1.35272,0.0701322,-1.5952
-0.115697,-0.305197,0.0566514;-1.4027,-0.0126614,-1.58754
-0.12726,-0.282032,0.0423371;-1.57681,-0.161982,-1.57787
-0.124554,-0.281397,0.0423297;-1.57069,-0.361915,-1.57086
-0.122456,-0.283045,0.042424;-1.5677,-0.28168,-1.56991
-0.122169,-0.284616,0.0423683;-1.57067,-0.200154,-1.57201
-0.113793,-0.325244,0.0589761;-1.37083,0.0616835,-1.59756
-0.114047,-0.331081,0.0591219;-1.36373,0.03479,-1.5914
-0.123657,-0.313416,0.0503106;-1.48314,-0.0888366,-1.58074
-0.125693,-0.299487,0.0423753;-1.57032,-0.315185,-1.56948
-0.125984,-0.299763,0.0423473;-1.57005,-0.311148,-1.57066
-0.125301,-0.299484,0.0423201;-1.57063,-0.251459,-1.57033
-0.123851,-0.328075,0.0530655;-1.46054,-0.0167168,-1.59445
-0.113649,-0.347255,0.0608234;-1.3338,0.0775206,-1.59238
-0.119573,-0.341351,0.0569086;-1.40116,-0.0083938,-1.58809
-0.127447,-0.314212,0.0423032;-1.5708,-0.259379,-1.56991
-0.128301,-0.316002,0.0423268;-1.57068,-0.327133,-1.57098
-0.126435,-0.317803,0.0424625;-1.56648,-0.260352,-1.5698
-0.128312,-0.332935,0.0456518;-1.54415,-0.0610831,-1.58829
-0.122824,-0.360074,0.0581287;-1.38225,0.0630841,-1.59906
-0.121309,-0.368662,0.0597607;-1.35284,0.0600969,-1.59372
-0.133844,-0.334984,0.0422495;-1.57337,-0.188654,-1.57107
-0.1332,-0.33519,0.0424038;-1.56891,-0.275768,-1.56956
-0.133673,-0.335841,0.0423286;-1.57073,-0.288834,-1.57088
-0.134131,-0.34081,0.0425888;-1.57046,-0.115733,-1.57856
-0.134662,-0.365068,0.0517381;-1.47595,0.00785877,-1.59566
-0.124926,-0.389048,0.0612154;-1.32764,0.104301,-1.59789
-0.138129,-0.359539,0.042554;-1.57946,-0.117519,-1.57635
-0.135905,-0.355258,0.0424066;-1.57076,-0.229801,-1.56801
-0.137097,-0.356488,0.0423288;-1.57079,-0.289634,-1.57085
-0.135925,-0.361945,0.0424271;-1.57077,-0.0628596,-1.57391
-0.139923,-0.383259,0.0480041;-1.53711,0.0606607,-1.59622
-0.135593,-0.415423,0.0602689;-1.34362,0.159023,-1.61214
-0.146511,-0.393435,0.042688;-1.57764,-0.0528995,-1.57851
-0.14326,-0.389353,0.0423805;-1.57129,-0.176991,-1.56819
-0.144747,-0.390099,0.0423329;-1.57056,-0.250031,-1.57077
-0.143252,-0.394895,0.0424098;-1.57073,-0.0589704,-1.57323
-0.147948,-0.412616,0.0471012;-1.56834,0.0698099,-1.59416
-0.14615,-0.446016,0.0593966;-1.35486,0.164105,-1.61205
-0.155274,-0.434822,0.0493324;-1.48836,-0.00339172,-1.58155
-0.155767,-0.420841,0.0422458;-1.56923,-0.132537,-1.57012
-0.156224,-0.421031,0.0424255;-1.56774,-0.20113,-1.57015
-0.154587,-0.421635,0.0423054;-1.57184,-0.108233,-1.57071
-0.158115,-0.429449,0.0434445;-1.57967,0.0137711,-1.58219
-0.161158,-0.456488,0.0542053;-1.47975,0.125057,-1.60572
-0.164418,-0.476058,0.0572598;-1.37974,0.0685932,-1.59284
-0.170662,-0.45029,0.0422079;-1.58456,-0.0593316,-1.57259
-0.169065,-0.446572,0.0423841;-1.57055,-0.158382,-1.56884
-0.167317,-0.448315,0.0424268;-1.56752,-0.0967881,-1.57039
-0.168725,-0.450143,0.0423188;-1.57078,-0.0166506,-1.57037
-0.174827,-0.466768,0.0466615;-1.59335,0.104688,-1.58931
-0.178542,-0.518431,0.0617035;-1.31639,0.147702,-1.61203
-0.182944,-0.501152,0.0523465;-1.44702,0.0578094,-1.58757
-0.184123,-0.481593,0.0423099;-1.57173,-0.0720687,-1.57075
-0.184482,-0.481429,0.0423546;-1.56978,-0.123642,-1.57088
-0.182988,-0.480666,0.042314;-1.57165,-0.035027,-1.57074
-0.186507,-0.487396,0.0432036;-1.58183,0.0795009,-1.57833
-0.191729,-0.556539,0.0616258;-1.31483,0.189236,-1.61805
-0.195154,-0.553874,0.0573787;-1.376,0.120561,-1.60361
-0.199971,-0.527046,0.0427181;-1.58361,-0.00721434,-1.57495
-0.198301,-0.527709,0.042331;-1.57076,-0.114154,-1.57082
-0.194806,-0.530107,0.0422733;-1.5729,0.0180717,-1.5697
-0.197163,-0.53321,0.0424279;-1.57151,0.126614,-1.57331
-0.210048,-0.596535,0.0618189;-1.39228,0.287023,-1.6327
-0.214046,-0.609775,0.0568508;-1.3849,0.209217,-1.62046
-0.217971,-0.582897,0.0427227;-1.57864,0.0764719,-1.5774
-0.216244,-0.579947,0.0423603;-1.56983,-0.0981577,-1.57072
-0.214341,-0.583047,0.0423093;-1.57042,0.00898665,-1.56998
-0.217142,-0.586471,0.0424363;-1.57022,0.114252,-1.57467
-0.217142,-0.586471,0.0424363;-1.57022,0.114252,-1.57467
-0.224725,-0.605544,0.048047;-1.56895,0.23365,-1.59611
-0.224725,-0.605544,0.048047;-1.56895,0.23365,-1.59611
