-0.125,0.125,0.06;-1.57,-2.98023e-08,-1.57
-0.125,0.125,0.06;-1.57,-2.98023e-08,-1.57
-0.125,0.125,0.06;-1.57,-2.98023e-08,-1.57
-0.12477,0.130516,0.0423568;-1.57116,-0.161727,-1.56944
-0.125023,0.129549,0.0422919;-1.57004,-0.0913672,-1.57092
-0.127599,0.120868,0.0465335;-1.59441,0.000823528,-1.5877
-0.128222,0.0902704,0.0571805;-1.39221,0.012753,-1.58667
-0.133102,0.110853,0.0422788;-1.57038,-0.139034,-1.57032
-0.133541,0.110821,0.042332;-1.57076,-0.161551,-1.57078
-0.133503,0.110782,0.0423308;-1.5707,-0.155916,-1.57077
-0.131722,0.112381,0.0423306;-1.57093,-0.0403328,-1.57056
-0.135037,0.106053,0.0456633;-1.60188,0.035662,-1.58276
-0.137133,0.082184,0.0616229;-1.51377,0.0961944,-1.59927
-0.140113,0.0754142,0.0498124;-1.48905,-0.0388041,-1.58418
-0.140657,0.0883947,0.0424011;-1.58474,-0.10552,-1.57266
-0.140329,0.0882222,0.0424764;-1.56607,-0.148392,-1.56999
-0.139819,0.0875585,0.0423291;-1.57079,-0.0938932,-1.57082
-0.142613,0.0827896,0.0445706;-1.60115,-0.0168525,-1.57866
-0.145955,0.0650135,0.0577049;-1.60383,0.0778908,-1.59696
-0.150114,0.0325561,0.0594187;-1.36653,0.0340843,-1.59267
-0.153418,0.0481584,0.0519398;-1.46133,-0.0597886,-1.58086
-0.153879,0.0637412,0.0423001;-1.57012,-0.153483,-1.57022
-0.153937,0.0636348,0.0423364;-1.5701,-0.176289,-1.57077
-0.154529,0.0636514,0.0423518;-1.57158,-0.116393,-1.57091
-0.15781,0.0550236,0.0473835;-1.62445,-0.0172222,-1.58458
-0.159461,0.0362811,0.0577003;-1.53245,0.00609116,-1.58948
-0.162073,0.0330557,0.0488965;-1.48968,-0.0883905,-1.57464
-0.162725,0.0417075,0.0424715;-1.56608,-0.230207,-1.56976
-0.162439,0.0417999,0.0423955;-1.56857,-0.210808,-1.57032
-0.161786,0.0428464,0.0423284;-1.57077,-0.16781,-1.57087
-0.168208,0.0221847,0.0532616;-1.6385,0.0154848,-1.59334
-0.168842,-0.0108235,0.0665591;-1.45078,0.0285754,-1.59219
-0.171874,-0.0236337,0.0569268;-1.39566,-0.0442805,-1.58244
-0.174331,0.000717584,0.0423806;-1.57078,-0.229952,-1.56904
-0.174731,0.000730341,0.0423303;-1.57068,-0.246127,-1.57083
-0.173478,0.000399602,0.0425155;-1.56499,-0.198599,-1.5698
-0.177995,-0.00670961,0.046384;-1.61988,-0.0429004,-1.58135
-0.179892,-0.0318477,0.0604088;-1.57532,0.0388152,-1.59891
-0.182811,-0.0598987,0.0647616;-1.41693,-0.00410156,-1.58796
-0.18749,-0.0412169,0.0421245;-1.56764,-0.193688,-1.57003
-0.187972,-0.0410912,0.0425095;-1.56492,-0.235382,-1.56933
-0.187771,-0.0409665,0.042354;-1.56995,-0.221929,-1.57064
-0.189093,-0.0393779,0.0432168;-1.58916,-0.0668733,-1.57576
-0.194164,-0.05845,0.052263;-1.64202,0.0285626,-1.59194
-0.194401,-0.096935,0.0677286;-1.45357,0.0406967,-1.59489
-0.201149,-0.0906176,0.0428453;-1.58784,-0.155794,-1.5736
-0.199655,-0.0891067,0.0423627;-1.5696,-0.245369,-1.56832
-0.200464,-0.089065,0.0423282;-1.57082,-0.271552,-1.57084
-0.199608,-0.0889751,0.0424109;-1.57331,-0.12125,-1.57131
-0.203482,-0.100745,0.0486871;-1.63579,-0.0284655,-1.58845
-0.202544,-0.133992,0.0641441;-1.50764,0.030037,-1.59794
-0.207097,-0.135113,0.042799;-1.58725,-0.190957,-1.5779
-0.206014,-0.133902,0.0423607;-1.57118,-0.284133,-1.56924
-0.207989,-0.134616,0.0423549;-1.56988,-0.348354,-1.57037
-0.207135,-0.135157,0.0424248;-1.57268,-0.23066,-1.57247
-0.210098,-0.144119,0.0486343;-1.63464,-0.147611,-1.59733
-0.2069,-0.170601,0.0634388;-1.52944,-0.0837339,-1.5961
-0.21104,-0.17775,0.0424606;-1.5719,-0.272294,-1.57645
-0.210606,-0.174422,0.0423231;-1.57094,-0.328652,-1.57074
-0.210988,-0.17527,0.0424831;-1.5655,-0.353722,-1.56896
-0.209427,-0.175581,0.0423297;-1.5709,-0.268233,-1.57095
-0.211426,-0.184393,0.0457222;-1.60626,-0.182729,-1.5892
-0.210427,-0.205564,0.0601719;-1.54197,-0.114351,-1.59494
-0.210415,-0.223952,0.0549336;-1.4228,-0.194836,-1.559
-0.216687,-0.210363,0.0429963;-1.55375,-0.268053,-1.56904
-0.21647,-0.207241,0.0423446;-1.57036,-0.326689,-1.56974
-0.216473,-0.207446,0.0423297;-1.5708,-0.319856,-1.57079
-0.2172,-0.20945,0.0423828;-1.57065,-0.241983,-1.5724
-0.218018,-0.221548,0.0485188;-1.59575,-0.149741,-1.59393
-0.214033,-0.262681,0.0610076;-1.33005,-0.114919,-1.54655
-0.218359,-0.256694,0.0551341;-1.40999,-0.167881,-1.55376
-0.224823,-0.241026,0.0427391;-1.58923,-0.250343,-1.57502
-0.224392,-0.241587,0.0423315;-1.57065,-0.280242,-1.57075
-0.223773,-0.240223,0.0423299;-1.57075,-0.210364,-1.57077
-0.224296,-0.244182,0.0430059;-1.57178,-0.119984,-1.57993
-0.22187,-0.290708,0.0663229;-1.37916,-0.0315017,-1.56873
-0.222797,-0.302991,0.0577636;-1.36879,-0.0780081,-1.5606
-0.230119,-0.288634,0.0456045;-1.52865,-0.153661,-1.57323
-0.230479,-0.284215,0.042332;-1.57068,-0.219759,-1.5708
-0.229245,-0.283896,0.0423444;-1.57139,-0.140161,-1.57058
-0.228583,-0.285682,0.0425616;-1.57006,-0.0699366,-1.57738
-0.225432,-0.323705,0.0638597;-1.42146,0.0360549,-1.58136
-0.226615,-0.338437,0.0580377;-1.42004,-0.0183122,-1.57701
-0.231627,-0.328419,0.0442086;-1.54721,-0.090825,-1.57988
-0.231221,-0.325521,0.0423314;-1.57079,-0.181212,-1.57075
-0.230642,-0.325298,0.0423257;-1.5711,-0.118173,-1.57051
-0.230613,-0.32611,0.0426354;-1.56951,-0.0844753,-1.57916
-0.223604,-0.351648,0.0623009;-1.4351,0.0621458,-1.58585
-0.22463,-0.367295,0.0574379;-1.43905,-0.000181228,-1.58226
-0.231114,-0.358706,0.0452306;-1.52883,-0.0858493,-1.57312
-0.231926,-0.354605,0.0423284;-1.5707,-0.203248,-1.57084
-0.231489,-0.353978,0.0423301;-1.57078,-0.152747,-1.5708
-0.231445,-0.354107,0.0423324;-1.57087,-0.14454,-1.57095
-0.216795,-0.382487,0.0579033;-1.41589,0.0417819,-1.57705
-0.215809,-0.397144,0.0540124;-1.41814,-0.0235721,-1.56843
-0.217946,-0.394182,0.0510101;-1.45998,-0.0526954,-1.57068
-0.221353,-0.38555,0.0423698;-1.57081,-0.156951,-1.56952
-0.22138,-0.385931,0.0423563;-1.57066,-0.151679,-1.56973
-0.221111,-0.38476,0.0423293;-1.57076,-0.0990269,-1.57089
-0.217943,-0.389869,0.0439217;-1.54807,0.00507494,-1.57615
-0.215015,-0.419632,0.0600598;-1.40411,0.0454666,-1.57271
-0.215877,-0.42787,0.0519299;-1.45034,0.00875666,-1.5753
-0.220574,-0.418751,0.0424735;-1.57467,-0.0716892,-1.57234
-0.21959,-0.418775,0.0423019;-1.57131,-0.118577,-1.56953
-0.219892,-0.418326,0.0423147;-1.57131,-0.0779395,-1.56987
-0.21834,-0.419104,0.0425146;-1.56839,0.00622652,-1.57468
-0.2101,-0.44994,0.0611304;-1.41836,0.110801,-1.5851
-0.210547,-0.464292,0.0551883;-1.43095,0.0726278,-1.58268
-0.215828,-0.45547,0.043025;-1.5541,-0.00281966,-1.57626
-0.215141,-0.453426,0.042323;-1.57077,-0.0995375,-1.57097
-0.21462,-0.453494,0.0423355;-1.57073,-0.0562333,-1.56957
-0.214248,-0.454036,0.0424471;-1.57023,1.04904e-05,-1.57402
-0.204324,-0.483418,0.0597484;-1.4223,0.149411,-1.59025
-0.204771,-0.497767,0.0555488;-1.42438,0.0943276,-1.58292
-0.209826,-0.49046,0.0436774;-1.5465,0.0164987,-1.57579
-0.20896,-0.488492,0.0423303;-1.57076,-0.0945096,-1.57081
-0.208828,-0.48855,0.0423688;-1.57074,-0.0816972,-1.56957
-0.208542,-0.488536,0.042343;-1.57085,-0.0461861,-1.57142
-0.19566,-0.513949,0.0569213;-1.41842,0.144079,-1.59047
-0.196534,-0.52649,0.057979;-1.38032,0.0938252,-1.58248
-0.199676,-0.522813,0.0492042;-1.48097,0.0369076,-1.57959
-0.20194,-0.514569,0.0423429;-1.57077,-0.0628758,-1.5704
-0.201967,-0.514566,0.0423338;-1.57087,-0.0596547,-1.57063
-0.201895,-0.514034,0.04233;-1.5708,-0.037944,-1.57082
-0.194135,-0.529305,0.0509015;-1.4768,0.141354,-1.59065
-0.193642,-0.543896,0.0614938;-1.40315,0.141555,-1.59232
-0.195596,-0.554427,0.0551649;-1.40126,0.0960601,-1.58996
-0.200132,-0.539743,0.0423179;-1.57098,-0.0194029,-1.57078
-0.20013,-0.540003,0.042318;-1.57113,-0.0265473,-1.57024
-0.199914,-0.540448,0.0422913;-1.57099,-0.0179932,-1.56947
-0.19617,-0.546897,0.0454207;-1.53518,0.127726,-1.58431
-0.193888,-0.559914,0.0569596;-1.44369,0.181717,-1.60008
-0.197224,-0.574259,0.0611924;-1.3921,0.146944,-1.59722
-0.202191,-0.561147,0.0426312;-1.58337,0.0157748,-1.57075
-0.201911,-0.561655,0.042353;-1.57072,-0.0126152,-1.57004
-0.201983,-0.561839,0.0423302;-1.57082,-0.0121071,-1.5707
-0.201153,-0.562769,0.042577;-1.56944,0.123764,-1.57733
-0.202347,-0.57849,0.0506696;-1.50545,0.20274,-1.59697
-0.206744,-0.601005,0.0650097;-1.40003,0.199138,-1.6103
-0.214169,-0.593879,0.0426756;-1.5653,0.0692372,-1.57683
-0.212787,-0.591147,0.042393;-1.5704,0.00151917,-1.56834
-0.21304,-0.591495,0.0423335;-1.57075,-0.0134443,-1.57066
-0.211847,-0.592461,0.0423568;-1.57082,0.124656,-1.57296
-0.215186,-0.605077,0.0481926;-1.55782,0.211473,-1.59254
-0.220348,-0.62949,0.0647291;-1.43266,0.244365,-1.61956
-0.228381,-0.625748,0.042165;-1.58288,0.0782871,-1.57683
-0.226535,-0.623818,0.0423708;-1.57143,0.00149792,-1.56749
-0.227238,-0.624459,0.0423294;-1.57071,-0.0345942,-1.5708
-0.22704,-0.62606,0.042369;-1.57126,0.0621916,-1.57158
-0.230664,-0.634409,0.0475915;-1.60241,0.149781,-1.58559
-0.235934,-0.656238,0.0643174;-1.4843,0.214198,-1.61382
-0.244958,-0.66075,0.0488146;-1.49212,0.0508124,-1.58534
-0.244114,-0.651836,0.0422159;-1.5684,-0.032135,-1.57047
-0.24445,-0.65185,0.042437;-1.56743,-0.055031,-1.57052
-0.243406,-0.651293,0.0423293;-1.57074,0.00544432,-1.57086
-0.245712,-0.653408,0.0435851;-1.59099,0.0797352,-1.57441
-0.250651,-0.667291,0.0554989;-1.61524,0.163102,-1.59008
-0.260328,-0.702972,0.0567397;-1.39714,0.0817497,-1.60059
-0.26227,-0.681077,0.0428128;-1.58727,-0.0175738,-1.57141
-0.260834,-0.680657,0.0424;-1.56964,-0.0859562,-1.56928
-0.25991,-0.680591,0.0424597;-1.56672,-0.0464335,-1.5703
-0.260232,-0.680417,0.0423278;-1.57102,-0.00304094,-1.57087
-0.264039,-0.687077,0.0470893;-1.62172,0.0851463,-1.57897
-0.271793,-0.736412,0.0640227;-1.3825,0.109733,-1.60716
-0.275169,-0.72691,0.0518369;-1.46092,0.0258102,-1.58822
-0.274357,-0.710876,0.0422545;-1.56899,-0.0791194,-1.57126
-0.274518,-0.710805,0.0423661;-1.56956,-0.110243,-1.57075
-0.273463,-0.709486,0.0423286;-1.57076,-0.0480818,-1.57086
-0.276062,-0.710099,0.0435032;-1.5932,0.0347286,-1.57418
-0.285678,-0.767328,0.0675053;-1.42506,0.140033,-1.60702
-0.289811,-0.778762,0.0575667;-1.38874,0.0601499,-1.60274
-0.291989,-0.755327,0.0426873;-1.5829,-0.0535175,-1.57054
-0.291109,-0.753066,0.0423308;-1.5707,-0.160016,-1.57084
-0.28869,-0.753266,0.0423559;-1.57064,-0.0710113,-1.5699
-0.290255,-0.753653,0.0425453;-1.57732,0.0132021,-1.57126
-0.301202,-0.803266,0.0650204;-1.50311,0.148472,-1.60664
-0.304471,-0.820434,0.0609108;-1.43654,0.0463588,-1.60547
-0.30595,-0.802178,0.0429425;-1.58804,-0.0711466,-1.57624
-0.306013,-0.800793,0.0423707;-1.56944,-0.238768,-1.57039
-0.304231,-0.801386,0.0423477;-1.57077,-0.17719,-1.56995
-0.305522,-0.802838,0.0425341;-1.57701,-0.113864,-1.57182
-0.305522,-0.802838,0.0425341;-1.57701,-0.113864,-1.57182
-0.310815,-0.814236,0.0489647;-1.63798,-0.0101212,-1.58836
-0.310815,-0.814236,0.0489647;-1.63798,-0.0101212,-1.58836
