-0.125,0.125,0.06;-1.57,-2.98023e-08,-1.57
-0.125,0.125,0.06;-1.57,-2.98023e-08,-1.57
-0.125,0.125,0.06;-1.57,-2.98023e-08,-1.57
-0.125716,0.119778,0.0286084;-1.57079,-0.161848,-1.56946
-0.125098,0.120566,0.028593;-1.56938,-0.114215,-1.57125
-0.122327,0.131289,0.031924;-1.51904,-0.0311528,-1.57235
-0.120345,0.156929,0.0373089;-1.73745,0.0209938,-1.57528
-0.119257,0.146906,0.0285678;-1.57208,-0.0857062,-1.57321
-0.119245,0.146192,0.0286537;-1.57092,-0.09474,-1.56719
-0.119269,0.146466,0.0286823;-1.57107,-0.0892224,-1.5658
-0.119042,0.148668,0.0287374;-1.56573,-0.00260794,-1.57532
-0.114346,0.156535,0.0329657;-1.50623,0.0729235,-1.58973
-0.108912,0.178248,0.0414237;-1.5237,0.187219,-1.58993
-0.107131,0.184633,0.0327973;-1.65303,0.122297,-1.56593
-0.109506,0.174166,0.0287015;-1.56377,0.0441483,-1.57961
-0.109706,0.173772,0.0286144;-1.57076,0.0170357,-1.56841
-0.109696,0.174489,0.028695;-1.57073,0.0834522,-1.57632
-0.106133,0.17985,0.0311468;-1.53298,0.147619,-1.58796
-0.0986592,0.201424,0.0397388;-1.52477,0.264713,-1.59395
-0.0947215,0.218145,0.0392379;-1.7793,0.25896,-1.52936
-0.0939424,0.213889,0.0343983;-1.69125,0.210801,-1.55079
-0.0971359,0.204526,0.028683;-1.57241,0.155786,-1.57731
-0.0971842,0.20415,0.028579;-1.57082,0.156456,-1.57067
-0.0965886,0.203838,0.02883;-1.56658,0.221309,-1.58022
-0.0894621,0.213892,0.0334763;-1.49759,0.306385,-1.60578
-0.0818917,0.231447,0.0376569;-1.62092,0.365623,-1.56123
-0.0803056,0.232133,0.0329071;-1.66525,0.309703,-1.54573
-0.0830952,0.226608,0.0286512;-1.57089,0.239477,-1.5674
-0.082973,0.227344,0.0286791;-1.57113,0.261175,-1.56569
-0.0828838,0.228132,0.0285778;-1.57053,0.303199,-1.5711
-0.0678045,0.246642,0.0375273;-1.4599,0.456236,-1.63282
-0.0581751,0.265492,0.0428979;-1.68839,0.519719,-1.52556
-0.0548604,0.270308,0.0376492;-1.7726,0.466285,-1.48597
-0.0635965,0.255975,0.028576;-1.57025,0.366098,-1.57079
-0.0638333,0.255666,0.0286472;-1.57146,0.366643,-1.5672
-0.0636875,0.257295,0.0286374;-1.57128,0.422597,-1.56773
-0.0552999,0.263525,0.032763;-1.5002,0.529743,-1.62013
-0.0406327,0.281876,0.0411248;-1.5568,0.642491,-1.59016
-0.0309619,0.296156,0.0390622;-1.81279,0.631895,-1.44105
-0.0385246,0.284536,0.0287222;-1.57116,0.528409,-1.57802
-0.0391035,0.283861,0.0286359;-1.57098,0.520188,-1.56797
-0.0389972,0.283911,0.0286749;-1.57119,0.531381,-1.5659
-0.0360171,0.285449,0.0297447;-1.54717,0.61772,-1.59381
-0.0214506,0.296834,0.0368258;-1.43446,0.719047,-1.67457
-0.00664446,0.312634,0.0439041;-1.70127,0.797642,-1.49011
-0.00954195,0.308045,0.0287619;-1.54975,0.687234,-1.59249
-0.0108357,0.307695,0.0285794;-1.57033,0.656906,-1.57122
-0.0110941,0.307508,0.0286488;-1.57143,0.658812,-1.56703
-0.00973806,0.308869,0.0289182;-1.55957,0.767182,-1.58692
0.00253473,0.314279,0.0343842;-1.44674,0.845002,-1.67861
0.0210691,0.327961,0.0422802;-1.67388,0.949784,-1.50152
0.0230502,0.328756,0.0287648;-1.57089,0.852669,-1.57921
0.0208439,0.328023,0.0285799;-1.57051,0.819231,-1.57098
0.020361,0.327897,0.0286611;-1.5718,0.818328,-1.56665
0.0218209,0.328858,0.028963;-1.55547,0.918151,-1.59244
0.0358933,0.333595,0.0339631;-1.43477,0.994908,-1.70034
0.0571239,0.345833,0.041876;-1.77468,1.09558,-1.40711
0.0585536,0.344401,0.0302292;-1.6413,1.00577,-1.51629
0.051722,0.34157,0.0285574;-1.56346,0.952158,-1.58143
0.0512374,0.341249,0.0286536;-1.57127,0.946183,-1.56676
0.0521394,0.341708,0.0287297;-1.57037,1.01932,-1.57822
0.0610629,0.343125,0.0319945;-1.4712,1.08537,-1.67181
0.0822438,0.350337,0.0403573;-1.57197,1.20018,-1.58172
0.0914567,0.354217,0.0360188;-1.91982,1.13831,-1.2582
0.0814004,0.349448,0.0289489;-1.59528,1.08685,-1.55537
0.0786857,0.349115,0.0285599;-1.57022,1.05037,-1.57068
0.0785671,0.349083,0.0285799;-1.57082,1.06808,-1.57081
0.0787868,0.348161,0.0289428;-1.55204,1.12846,-1.59849
0.0930693,0.34896,0.0347239;-1.3159,1.2092,-1.82382
0.126352,0.359336,0.0405155;-2.28374,1.22462,-0.903509
0.125451,0.356617,0.0366259;-2.05079,1.2173,-1.1227
0.113752,0.353235,0.0287841;-1.54016,1.19915,-1.60705
0.113137,0.353492,0.0286661;-1.57378,1.19626,-1.56416
0.114396,0.354198,0.0285786;-1.57163,1.263,-1.57021
0.117722,0.352863,0.0302202;-1.47344,1.30495,-1.67416
0.160602,0.357255,0.0442586;-2.6243,1.41148,-0.54243
0.171609,0.35699,0.0396397;-2.60271,1.31813,-0.562662
0.162155,0.355529,0.0307456;-1.85242,1.39575,-1.29903
0.157034,0.356478,0.0286415;-1.57126,1.37416,-1.56733
0.158998,0.356879,0.0285635;-1.56023,1.45171,-1.58318
0.160387,0.355809,0.0291295;-1.38864,1.48591,-1.76324
0.201113,0.351423,0.0428309;2.46301,1.3936,0.662255
0.213314,0.349106,0.0400009;2.87801,1.34327,0.25713
0.205135,0.349639,0.0304844;2.60983,1.5139,0.524959
0.200972,0.351517,0.0286493;1.62549,1.56678,1.51954
0.20278,0.351425,0.028565;1.55968,1.49365,1.58079
0.204241,0.350201,0.0290919;1.50067,1.46113,1.62819
0.244613,0.338515,0.0415855;2.09921,1.22347,1.03925
0.25329,0.334386,0.0400463;2.29351,1.24622,0.857271
0.24421,0.33578,0.0309177;1.82592,1.36207,1.31613
0.238397,0.338598,0.02865;1.57171,1.41511,1.5733
0.239597,0.338727,0.0285846;1.57139,1.33881,1.56936
0.240014,0.338112,0.0288675;1.55141,1.31734,1.58045
0.271982,0.322346,0.0416037;1.71369,1.13218,1.42564
0.283071,0.317088,0.0387045;2.06865,1.13701,1.10521
0.276725,0.31889,0.0344905;1.88405,1.18793,1.27362
0.265277,0.3243,0.0285987;1.57324,1.30251,1.56959
0.266401,0.324414,0.0287517;1.58196,1.25798,1.56519
0.266824,0.324218,0.0285989;1.57073,1.22607,1.56992
0.270572,0.319657,0.030992;1.47687,1.16757,1.64526
0.305133,0.298542,0.041816;1.80568,1.00024,1.35894
0.307479,0.29581,0.0368709;1.90557,1.04796,1.27223
0.297347,0.30245,0.0288725;1.55348,1.1289,1.57726
0.296778,0.303141,0.0286582;1.57146,1.14524,1.57418
0.298488,0.302876,0.0285375;1.57294,1.0799,1.56624
0.298509,0.301542,0.029172;1.54388,1.04532,1.58539
0.327056,0.274668,0.0438658;1.67424,0.855989,1.47841
0.335281,0.267333,0.0388051;1.90475,0.888416,1.29785
0.32533,0.274731,0.0290133;1.59346,0.97094,1.54425
0.323853,0.277388,0.0286806;1.57592,1.00192,1.57011
0.325558,0.276397,0.028554;1.57065,0.928503,1.56965
0.325452,0.275688,0.0289546;1.55815,0.895569,1.57041
0.34907,0.245553,0.0420767;1.69065,0.704906,1.47453
0.356505,0.235427,0.0389581;1.85223,0.739448,1.37256
0.348777,0.243583,0.029368;1.60234,0.803313,1.54216
0.347232,0.246783,0.0286526;1.57096,0.839386,1.57425
0.348288,0.24598,0.0286196;1.57116,0.791582,1.57255
0.348116,0.245639,0.028766;1.56705,0.758509,1.56696
0.36506,0.215808,0.0411791;1.60047,0.575951,1.54161
0.374532,0.203286,0.0389957;1.81859,0.570252,1.42333
0.369848,0.206051,0.034452;1.71834,0.644308,1.47735
0.36384,0.216105,0.0286543;1.57203,0.715864,1.57302
0.364074,0.215885,0.0286877;1.57227,0.703312,1.57427
0.364867,0.215296,0.0285783;1.57141,0.655011,1.57025
0.370407,0.19452,0.0370247;1.44852,0.501927,1.61597
0.381278,0.175468,0.0433463;1.6784,0.428335,1.51137
0.384746,0.167462,0.0384654;1.79261,0.467599,1.46236
0.377034,0.182963,0.0285621;1.57088,0.583088,1.57169
0.376848,0.183576,0.028648;1.57097,0.58715,1.57408
0.377508,0.182483,0.0287033;1.57358,0.548496,1.57303
0.377612,0.174281,0.0324923;1.50668,0.453229,1.585
0.384018,0.152408,0.0407402;1.5377,0.339772,1.57128
0.390516,0.136058,0.0403543;1.74107,0.318313,1.50201
0.386327,0.145294,0.0285909;1.57205,0.426643,1.56136
0.386096,0.145904,0.0286087;1.57113,0.444868,1.57226
0.386058,0.145864,0.0286712;1.5711,0.437509,1.57513
0.385645,0.143115,0.0295747;1.55203,0.343874,1.56812
0.385938,0.125406,0.0365366;1.46202,0.242885,1.58283
0.390823,0.103666,0.0442866;1.65423,0.159512,1.5438
0.389251,0.107059,0.0287318;1.56829,0.271241,1.56224
0.389632,0.109208,0.0285715;1.56971,0.304546,1.57062
0.389741,0.10965,0.0286494;1.57134,0.302502,1.57404
0.390106,0.106792,0.0289951;1.55951,0.19403,1.5638
0.388001,0.0927678,0.0345928;1.48655,0.110661,1.56504
0.388876,0.0695244,0.042506;1.64867,0.00354958,1.55382
0.388396,0.0683011,0.0289936;1.58289,0.104394,1.56186
0.389239,0.0705873,0.0285712;1.57047,0.133644,1.57111
0.389355,0.0709342,0.0286528;1.57105,0.131541,1.57416
0.389175,0.0688719,0.0288994;1.56467,0.0322296,1.56155
0.385046,0.056013,0.0337428;1.49934,-0.0486675,1.5525
0.381677,0.0325775,0.0418656;1.64687,-0.156995,1.56601
0.380314,0.027373,0.032631;1.65505,-0.0808998,1.57299
0.382746,0.0349068,0.0286063;1.57252,-0.0334133,1.56685
0.382813,0.0356796,0.028645;1.57096,-0.0244068,1.57393
0.382689,0.0344279,0.0286064;1.57016,-0.0863781,1.5688
0.379519,0.0306907,0.0305359;1.53857,-0.138705,1.55467
0.371404,0.0106006,0.0381998;1.48511,-0.248074,1.5383
0.364789,-0.0133838,0.0374929;1.75232,-0.244178,1.60919
0.368481,-0.000195126,0.0290635;1.54987,-0.186564,1.56076
0.369703,0.0013872,0.0285784;1.57035,-0.15003,1.57078
0.370016,-0.000239513,0.0285887;1.57145,-0.214387,1.57112
0.36957,-0.000219976,0.0288286;1.56534,-0.247817,1.56204
0.362314,-0.00986375,0.0335935;1.4953,-0.322347,1.53281
0.345891,-0.0457576,0.0392539;1.79959,-0.414794,1.6547
0.346069,-0.0404772,0.034197;1.69301,-0.367608,1.61087
0.350477,-0.0323787,0.0285421;1.57461,-0.318161,1.56607
0.350828,-0.0318288,0.0286707;1.57112,-0.328391,1.57539
0.350504,-0.0327154,0.0285699;1.57094,-0.373401,1.57052
0.347092,-0.034731,0.0300201;1.54177,-0.420896,1.54765
0.324906,-0.0683963,0.0436419;1.69899,-0.589353,1.62862
0.320482,-0.0733346,0.0379653;1.78738,-0.523133,1.67466
0.327252,-0.0621548,0.0286188;1.54936,-0.477468,1.55164
0.328566,-0.0613658,0.0286493;1.57103,-0.450076,1.57433
0.3283,-0.0631941,0.0285561;1.57139,-0.522778,1.56988
0.327423,-0.0630593,0.0290028;1.55738,-0.555902,1.55462
0.300814,-0.0885328,0.0429514;1.65328,-0.743062,1.61259
0.292288,-0.0972939,0.0387575;1.83211,-0.670124,1.72852
0.299299,-0.0887115,0.0289948;1.58417,-0.640232,1.5698
0.301847,-0.0871827,0.0286625;1.57229,-0.613708,1.57519
0.300957,-0.0887723,0.0285719;1.57095,-0.686965,1.57076
0.300236,-0.0887231,0.0289303;1.56156,-0.720599,1.55423
0.300236,-0.0887231,0.0289303;1.56156,-0.720599,1.55423
0.287267,-0.0960339,0.0341408;1.46142,-0.802809,1.47653
0.287267,-0.0960339,0.0341408;1.46142,-0.802809,1.47653
