-0.125,0.125,0.06;-1.57,-2.98023e-08,-1.57
-0.125,0.125,0.06;-1.57,-2.98023e-08,-1.57
-0.125,0.125,0.06;-1.57,-2.98023e-08,-1.57
-0.12575,0.119845,0.0285696;-1.57273,-0.164004,-1.56956
-0.125216,0.120557,0.0285712;-1.57123,-0.114838,-1.57103
-0.122557,0.130807,0.0321015;-1.5153,-0.0320356,-1.57246
-0.119358,0.158011,0.0387772;-1.7648,0.0102594,-1.58089
-0.12027,0.14843,0.0287442;-1.57108,-0.0570333,-1.58171
-0.120219,0.147755,0.028652;-1.5708,-0.0622001,-1.56733
-0.12027,0.147918,0.0286844;-1.57119,-0.0511413,-1.56573
-0.120313,0.150211,0.0290023;-1.56623,0.0273336,-1.58717
-0.114725,0.159317,0.0338954;-1.50299,0.102603,-1.60303
-0.107705,0.181348,0.0426258;-1.56321,0.21665,-1.59018
-0.105702,0.190351,0.0348481;-1.68443,0.173386,-1.56265
-0.109542,0.179075,0.0289154;-1.56178,0.108701,-1.58611
-0.110052,0.178398,0.0285841;-1.5711,0.0848901,-1.56978
-0.110161,0.178296,0.0288945;-1.57037,0.155588,-1.58592
-0.105078,0.185463,0.0319498;-1.53279,0.220781,-1.60147
-0.0952304,0.207668,0.0404223;-1.5991,0.337429,-1.5825
-0.090521,0.221808,0.0408606;-1.80781,0.321878,-1.51433
-0.0905511,0.218647,0.0364363;-1.72923,0.286525,-1.53649
-0.0949038,0.210025,0.0288844;-1.57096,0.260949,-1.5859
-0.0952674,0.20899,0.0285958;-1.57121,0.276352,-1.57125
-0.094726,0.2086,0.0290784;-1.56354,0.335706,-1.59092
-0.0850516,0.219614,0.0346498;-1.48528,0.42029,-1.62954
-0.0745445,0.237227,0.0386639;-1.68352,0.479405,-1.53608
-0.0715439,0.239908,0.0351167;-1.71415,0.43211,-1.51679
-0.0758908,0.234361,0.0286411;-1.57092,0.410582,-1.56779
-0.0755926,0.234992,0.0286685;-1.57121,0.442515,-1.56601
-0.0754652,0.235641,0.0287712;-1.57055,0.471313,-1.57995
-0.0556982,0.25245,0.0383543;-1.48558,0.633555,-1.6425
-0.041624,0.26944,0.0431962;-1.7658,0.686985,-1.46904
-0.0363848,0.274969,0.039592;-1.83641,0.63974,-1.42064
-0.0475231,0.267136,0.0286741;-1.57036,0.619409,-1.5757
-0.047738,0.267126,0.0286392;-1.5713,0.624178,-1.56755
-0.0470479,0.268374,0.0286004;-1.57137,0.677084,-1.56961
-0.0355342,0.273618,0.0338978;-1.4803,0.773058,-1.6609
-0.016173,0.288154,0.0423182;-1.63045,0.887795,-1.5457
-0.00266112,0.299146,0.0407468;-1.91878,0.85812,-1.32124
-0.0132763,0.29263,0.0289006;-1.56568,0.828117,-1.59184
-0.0137777,0.292348,0.0285849;-1.57056,0.82302,-1.57039
-0.0135247,0.292664,0.0286543;-1.5711,0.845464,-1.56676
-0.00959273,0.293592,0.0304346;-1.53909,0.930956,-1.62023
0.00931958,0.29999,0.0383496;-1.4022,1.04001,-1.74132
0.0296173,0.310462,0.044448;-1.88936,1.10165,-1.31026
0.0281865,0.310986,0.0309569;-1.63502,1.06066,-1.53457
0.0252201,0.310628,0.0286731;-1.57221,1.04217,-1.57488
0.0249904,0.310575,0.028637;-1.57097,1.05172,-1.56783
0.0280682,0.311245,0.029362;-1.55424,1.13991,-1.60708
0.0459555,0.312343,0.0357563;-1.31891,1.23188,-1.8372
0.0698122,0.318255,0.0430743;-2.10074,1.30947,-1.08479
0.0722622,0.318333,0.0316681;-1.7333,1.26746,-1.43284
0.0679209,0.318711,0.0287203;-1.57028,1.24883,-1.57821
0.0675628,0.318656,0.0286433;-1.5713,1.25667,-1.56714
0.0699191,0.318767,0.0292932;-1.54951,1.34235,-1.61197
0.0855981,0.316514,0.0353277;-1.04936,1.41323,-2.11649
0.110025,0.319197,0.0427068;-2.90241,1.42601,-0.272504
0.11324,0.319107,0.0332753;-2.27356,1.44657,-0.88654
0.104912,0.320658,0.0288599;-1.5726,1.43129,-1.58281
0.104485,0.32072,0.0286086;-1.57043,1.42905,-1.56945
0.104707,0.320876,0.0290163;-1.52063,1.50854,-1.63868
0.114787,0.316945,0.0332245;0.203625,1.51738,2.90982
0.138016,0.313566,0.0410179;2.06549,1.434,1.05469
0.147628,0.312598,0.0388245;2.71729,1.36497,0.415889
0.139482,0.314525,0.0320781;2.57697,1.49398,0.549517
0.134751,0.315781,0.0287351;1.54993,1.55539,1.5838
0.134338,0.315813,0.0287355;1.569,1.53493,1.5652
0.134602,0.314626,0.0292664;1.47724,1.47907,1.64371
0.149686,0.306737,0.0360056;1.12553,1.36057,1.98115
0.181769,0.29815,0.0424835;2.34179,1.2096,0.807996
0.179864,0.297528,0.0391381;2.27906,1.27422,0.865967
0.1696,0.302418,0.0289397;1.51512,1.3644,1.60491
0.169364,0.303247,0.0286088;1.57251,1.35629,1.57086
0.169847,0.303541,0.0288456;1.56926,1.30154,1.55929
0.173071,0.299412,0.031132;1.48762,1.25808,1.62477
0.212743,0.277415,0.0443959;1.94889,1.03419,1.20762
0.220239,0.271854,0.042151;2.0896,1.05638,1.08555
0.212979,0.276373,0.0339522;1.77669,1.12454,1.36478
0.207543,0.281689,0.0286176;1.57175,1.15667,1.57195
0.208178,0.2813,0.0287156;1.57126,1.09138,1.56381
0.209236,0.27906,0.0300048;1.54659,1.062,1.56685
0.241729,0.250803,0.0434802;1.85182,0.841374,1.32113
0.249115,0.243346,0.0422746;1.95912,0.873167,1.2407
0.242703,0.249094,0.03387;1.7154,0.930074,1.43427
0.238154,0.256396,0.02862;1.57109,0.952898,1.57257
0.238503,0.256767,0.0287213;1.57051,0.874738,1.56435
0.239232,0.254428,0.0299463;1.55696,0.851263,1.55553
0.266751,0.219363,0.0421655;1.85027,0.633867,1.3625
0.269794,0.21365,0.0420733;1.87351,0.683454,1.34525
0.265054,0.219813,0.0340539;1.69685,0.728754,1.47009
0.261927,0.227313,0.0286078;1.57081,0.743934,1.57211
0.262109,0.227619,0.0288078;1.57055,0.672461,1.56011
0.262214,0.22688,0.029142;1.56134,0.660626,1.5564
0.277291,0.19232,0.0427946;1.70318,0.46666,1.48207
0.28212,0.181183,0.040956;1.84231,0.504629,1.42124
0.279716,0.185315,0.0374662;1.75893,0.520237,1.46213
0.275417,0.197924,0.028614;1.57076,0.588861,1.56907
0.276414,0.196947,0.0286605;1.57196,0.526291,1.57416
0.276573,0.196639,0.0289032;1.56983,0.512452,1.55645
0.276034,0.189582,0.0321426;1.52451,0.453459,1.56349
0.28697,0.14901,0.0432827;1.73526,0.293979,1.49571
0.287656,0.143803,0.0394453;1.78661,0.34282,1.48191
0.286262,0.155517,0.0292155;1.56217,0.365604,1.55164
0.286604,0.15646,0.0286345;1.57089,0.36565,1.57357
0.287534,0.155245,0.0287326;1.57008,0.304084,1.56324
0.286684,0.153199,0.02982;1.5566,0.276753,1.55053
0.287402,0.112649,0.044965;1.68458,0.0733291,1.5349
0.287691,0.0997535,0.0411255;1.80786,0.120555,1.52375
0.287834,0.108812,0.0326633;1.63498,0.141234,1.54189
0.289588,0.114767,0.0286281;1.57096,0.15502,1.57314
0.289461,0.113688,0.0286193;1.5705,0.0987633,1.56856
0.288676,0.112369,0.0295378;1.5659,0.0766934,1.54833
0.282002,0.0731028,0.0435119;1.70862,-0.124177,1.55565
0.279605,0.0604928,0.0414856;1.81249,-0.0739056,1.57032
0.281388,0.0692713,0.0331128;1.64429,-0.0559392,1.55667
0.284105,0.074904,0.028621;1.57084,-0.0413134,1.57325
0.28393,0.0740692,0.0285779;1.57072,-0.0894171,1.57076
0.283351,0.0734304,0.029162;1.56415,-0.113892,1.55003
0.26771,0.038012,0.0429726;1.64987,-0.316568,1.56971
0.26271,0.0232105,0.0419804;1.82944,-0.295343,1.6249
0.263377,0.0270682,0.0376487;1.73846,-0.264392,1.59751
0.26927,0.0381167,0.0286043;1.57081,-0.227411,1.5696
0.269083,0.0376236,0.0286244;1.57091,-0.253659,1.57304
0.269441,0.0372477,0.0288433;1.57059,-0.295121,1.55811
0.254076,0.0187103,0.0387379;1.47366,-0.448014,1.50158
0.24322,-0.00152607,0.0445799;1.73983,-0.520315,1.62693
0.237724,-0.00988611,0.0411705;1.8353,-0.47341,1.67542
0.247864,0.00125633,0.0288131;1.57017,-0.446187,1.5595
0.248293,0.00168571,0.0285914;1.57133,-0.450225,1.57141
0.248256,0.00111642,0.0286404;1.57395,-0.49713,1.57292
0.238629,-0.00465006,0.0343417;1.48761,-0.592122,1.49116
0.222601,-0.0206762,0.0430379;1.57525,-0.708417,1.54876
0.209552,-0.0349836,0.0417751;1.85539,-0.709855,1.72429
0.216728,-0.0278848,0.0293994;1.56021,-0.660905,1.53884
0.218236,-0.0275945,0.028678;1.57098,-0.649707,1.56607
0.218287,-0.0275922,0.028603;1.57093,-0.665395,1.57211
0.214563,-0.02848,0.0309587;1.54408,-0.740519,1.52101
0.197692,-0.0371549,0.0391636;1.4194,-0.852288,1.42401
0.180057,-0.0507432,0.0461374;1.78242,-0.930833,1.70968
0.177306,-0.05282,0.0337333;1.68506,-0.859065,1.63174
0.184323,-0.0506689,0.028768;1.57252,-0.846505,1.56187
0.184964,-0.0506374,0.028577;1.57057,-0.850712,1.57122
0.182563,-0.0505172,0.0300757;1.55265,-0.926788,1.5264
0.165292,-0.0555616,0.0371985;1.39002,-1.02889,1.37913
0.143894,-0.066824,0.0443234;1.9111,-1.11614,1.8404
0.139755,-0.0679298,0.0341172;1.73316,-1.05069,1.6854
0.146858,-0.0669557,0.0288119;1.571,-1.03747,1.55969
0.14754,-0.0669152,0.0286038;1.57195,-1.03989,1.57235
0.146088,-0.0667279,0.0297184;1.54817,-1.12116,1.52245
0.130453,-0.0672586,0.0365452;1.30924,-1.2101,1.28825
0.108223,-0.0733053,0.0443051;2.01529,-1.30098,1.96676
0.0989168,-0.0749159,0.0375312;2.02029,-1.22237,1.97225
0.110045,-0.0743379,0.0290894;1.5662,-1.23585,1.54884
0.110986,-0.0748986,0.0286404;1.57082,-1.22548,1.56787
0.111121,-0.0749534,0.0289718;1.56497,-1.2787,1.54779
0.104584,-0.0724042,0.032624;1.39544,-1.33111,1.36404
0.0832017,-0.0713166,0.0414455;1.0893,-1.43937,1.06223
0.0552685,-0.0734003,0.0412109;2.67267,-1.31887,2.63565
0.0646463,-0.0733743,0.0332491;1.96088,-1.40983,1.92837
0.0710825,-0.0745581,0.0287858;1.57608,-1.40501,1.56612
0.0714341,-0.0749749,0.0286752;1.56689,-1.45643,1.56183
0.0704745,-0.0740072,0.0295063;1.46063,-1.47159,1.43473
0.0575288,-0.0685674,0.0363425;0.0796461,-1.47642,0.0402681
0.0177864,-0.0642358,0.0422406;-2.76529,-1.31112,-2.78373
0.0201518,-0.0638749,0.0386711;-2.8431,-1.3959,-2.86596
0.0316772,-0.066263,0.0293276;-1.16718,-1.5463,-1.19352
0.0329569,-0.0671025,0.0285803;-1.57319,-1.54078,-1.57302
0.0329911,-0.0671312,0.0289682;-1.53841,-1.50818,-1.55555
0.0292822,-0.0632814,0.0321842;-1.28286,-1.45533,-1.32113
-0.00962843,-0.049068,0.045927;-2.02,-1.24501,-2.03287
-0.0190192,-0.0453185,0.0417592;-2.35827,-1.23616,-2.35615
-0.0105789,-0.0484421,0.0336841;-1.89784,-1.35632,-1.9199
-0.00413632,-0.0533591,0.0285799;-1.57159,-1.37547,-1.57138
-0.00420512,-0.0533971,0.0287968;-1.57102,-1.32047,-1.58124
-0.00548284,-0.0513078,0.0303588;-1.52355,-1.3003,-1.55878
-0.0380414,-0.0312695,0.0459635;-1.79136,-1.08352,-1.80171
-0.0504214,-0.0244993,0.0423252;-2.11477,-1.08658,-2.09044
-0.0441475,-0.0280949,0.0348125;-1.80092,-1.16444,-1.81181
-0.0379086,-0.0352725,0.0285757;-1.573,-1.18298,-1.57179
-0.0377455,-0.0355273,0.0287682;-1.57081,-1.12345,-1.57991
-0.038493,-0.0333697,0.0302302;-1.54948,-1.10362,-1.58523
-0.038493,-0.0333697,0.0302302;-1.54948,-1.10362,-1.58523
-0.049756,-0.0206579,0.0373869;-1.4057,-0.990504,-1.47123
-0.049756,-0.0206579,0.0373869;-1.4057,-0.990504,-1.47123
