-0.125,0.125,0.06;-1.57,-2.98023e-08,-1.57
-0.125,0.125,0.06;-1.57,-2.98023e-08,-1.57
-0.125,0.125,0.06;-1.57,-2.98023e-08,-1.57
-0.125768,0.119872,0.0285637;-1.57285,-0.163962,-1.56976
-0.12515,0.120676,0.0285995;-1.56976,-0.115956,-1.57275
-0.122434,0.130409,0.0321033;-1.51495,-0.0338443,-1.57227
-0.120744,0.157506,0.0378173;-1.75048,0.0278015,-1.57375
-0.120202,0.147154,0.028623;-1.57095,-0.0639128,-1.57403
-0.120279,0.146353,0.0286562;-1.57092,-0.0734181,-1.56708
-0.120419,0.146782,0.0286832;-1.57113,-0.0586115,-1.56556
-0.120398,0.148657,0.0286786;-1.57065,0.0254557,-1.57591
-0.116164,0.156924,0.0325703;-1.51593,0.0953355,-1.59016
-0.110318,0.180555,0.040774;-1.58584,0.208778,-1.57781
-0.109024,0.190561,0.0340956;-1.68151,0.18533,-1.55491
-0.110883,0.180935,0.0287105;-1.56111,0.117734,-1.58042
-0.111116,0.180284,0.0286017;-1.57092,0.0969084,-1.56925
-0.111199,0.180399,0.0286846;-1.5708,0.154123,-1.57572
-0.107889,0.185734,0.0306113;-1.54653,0.213898,-1.5882
-0.0985143,0.208859,0.0388773;-1.61113,0.329716,-1.57239
-0.0947406,0.222495,0.0395603;-1.7944,0.322901,-1.51186
-0.0943058,0.218832,0.0354175;-1.71443,0.284582,-1.53548
-0.0969733,0.211475,0.0286391;-1.57065,0.243514,-1.57789
-0.0971777,0.21108,0.0285802;-1.57083,0.249189,-1.57075
-0.0968266,0.211145,0.0287638;-1.57077,0.301291,-1.58013
-0.0886737,0.221736,0.0330374;-1.50633,0.388307,-1.60839
-0.0779385,0.241723,0.0364186;-1.71004,0.449028,-1.52019
-0.077245,0.241876,0.0336226;-1.69104,0.41229,-1.52683
-0.0815505,0.235712,0.028649;-1.57094,0.353462,-1.56736
-0.0811699,0.23663,0.0286726;-1.57128,0.388613,-1.56589
-0.0809694,0.237339,0.0285799;-1.57094,0.4278,-1.57091
-0.0641636,0.255025,0.0366843;-1.49381,0.582603,-1.62513
-0.0520555,0.275217,0.0398356;-1.83841,0.62652,-1.43044
-0.0501503,0.27698,0.0387102;-1.81531,0.594963,-1.43819
-0.0587166,0.267651,0.0285737;-1.57104,0.543702,-1.57078
-0.0591255,0.267337,0.0286461;-1.57132,0.541543,-1.56736
-0.0583019,0.269335,0.0286329;-1.57155,0.609113,-1.56741
-0.0497548,0.273873,0.0322131;-1.50677,0.709225,-1.62654
-0.0309848,0.289843,0.0405751;-1.63278,0.82181,-1.53809
-0.0196225,0.301131,0.0400564;-1.89803,0.798866,-1.34104
-0.0299321,0.292451,0.028619;-1.57165,0.748778,-1.5788
-0.0305442,0.291938,0.0286326;-1.57102,0.740428,-1.56797
-0.0300123,0.292409,0.0286761;-1.57123,0.76094,-1.56564
-0.0274333,0.293361,0.0294321;-1.55158,0.852084,-1.5955
-0.00972516,0.301872,0.0364881;-1.43771,0.951106,-1.69198
0.0103877,0.316125,0.0415937;-1.91487,1.00116,-1.29587
0.00651946,0.313131,0.0287916;-1.56581,0.96006,-1.58461
0.00534467,0.312933,0.0285742;-1.57044,0.934461,-1.57092
0.00505148,0.312903,0.0286493;-1.57112,0.936115,-1.56727
0.00713534,0.314315,0.0288315;-1.56393,1.04593,-1.58597
0.0209472,0.316763,0.033935;-1.40435,1.12264,-1.73646
0.044665,0.325203,0.0417972;-1.88332,1.21558,-1.2928
0.0458237,0.324849,0.0291127;-1.61748,1.16303,-1.53505
0.0435612,0.324857,0.028565;-1.57023,1.13593,-1.57078
0.0430832,0.324779,0.028682;-1.57522,1.13232,-1.56323
0.0453038,0.325496,0.0288201;-1.56489,1.2399,-1.58705
0.0590271,0.325373,0.0336859;-1.30755,1.31156,-1.84166
0.0843838,0.330595,0.0413408;-2.2917,1.37809,-0.877867
0.0867505,0.33045,0.0313279;-1.84236,1.34881,-1.31012
0.0800063,0.329866,0.0286487;-1.57311,1.29997,-1.57292
0.0794667,0.32962,0.0286511;-1.57106,1.28729,-1.5671
0.0806332,0.329797,0.0287211;-1.57048,1.36212,-1.57778
0.0888334,0.328353,0.0315401;-1.30287,1.42314,-1.84937
0.114117,0.328199,0.0399651;-2.54873,1.5077,-0.607305
0.124307,0.328108,0.036586;-2.80217,1.40449,-0.350642
0.11579,0.327221,0.0299117;-1.87767,1.45573,-1.26965
0.11286,0.327547,0.0285478;-1.56667,1.42717,-1.57356
0.112794,0.327641,0.0285814;-1.57112,1.44708,-1.57057
0.112836,0.327136,0.0288655;-1.51081,1.50016,-1.64098
0.127919,0.323205,0.0340977;0.294244,1.49471,2.83307
0.159189,0.321687,0.0406882;2.74204,1.32296,0.394804
0.157742,0.319882,0.0374376;2.83653,1.38497,0.303832
0.148001,0.320529,0.0288268;1.10599,1.54847,2.02835
0.147917,0.320865,0.0286603;1.58631,1.55543,1.55951
0.14927,0.321078,0.0285774;1.56841,1.48966,1.57286
0.151289,0.319124,0.029745;1.44637,1.44523,1.68355
0.194669,0.305658,0.0421697;2.18148,1.1956,0.968002
0.200752,0.302307,0.0406072;2.31524,1.21801,0.847468
0.191811,0.30524,0.0311558;1.80385,1.32161,1.33671
0.187162,0.307727,0.0286428;1.57132,1.35962,1.57342
0.188833,0.307396,0.0285916;1.57352,1.28604,1.56653
0.189475,0.306184,0.029033;1.5426,1.24738,1.58584
0.228163,0.284239,0.0412739;1.96531,1.01845,1.20288
0.233997,0.279505,0.0406573;2.05654,1.05225,1.1279
0.225472,0.284076,0.0314111;1.72011,1.12913,1.42944
0.220999,0.288665,0.0286486;1.57118,1.16225,1.57391
0.222301,0.287989,0.0285681;1.57065,1.09299,1.5705
0.222732,0.286853,0.0289516;1.56089,1.05527,1.56668
0.257231,0.258786,0.0409428;1.91262,0.843589,1.2879
0.260526,0.254494,0.0404752;1.92941,0.885515,1.27214
0.253862,0.260225,0.031581;1.68075,0.943481,1.47693
0.25028,0.264698,0.0286517;1.57093,0.989422,1.57412
0.25146,0.264487,0.0285827;1.57108,0.909101,1.57055
0.251514,0.263925,0.0288315;1.56368,0.887405,1.56708
0.275576,0.234613,0.0405841;1.74477,0.697868,1.43964
0.28227,0.226837,0.0395968;1.86462,0.715754,1.36821
0.279004,0.230804,0.0349391;1.7393,0.733924,1.45173
0.27213,0.238806,0.0286031;1.57084,0.825879,1.57195
0.273115,0.237962,0.0286882;1.5713,0.777794,1.57593
0.273383,0.237783,0.0285934;1.57092,0.74783,1.57011
0.274322,0.232872,0.0306679;1.53401,0.691564,1.5822
0.297252,0.193812,0.0392954;1.81792,0.520112,1.42975
0.29641,0.192833,0.0376759;1.78637,0.566846,1.44814
0.291888,0.202862,0.0288389;1.56446,0.610445,1.56529
0.29176,0.20363,0.0286622;1.57114,0.61935,1.57494
0.292878,0.202264,0.0285623;1.57179,0.5553,1.5688
0.292454,0.20085,0.0290648;1.55772,0.518572,1.56645
0.305567,0.159529,0.04217;1.73012,0.317477,1.50254
0.307692,0.149773,0.0399033;1.81197,0.355397,1.47747
0.305189,0.159617,0.0296044;1.59862,0.385512,1.55293
0.305505,0.163139,0.0286522;1.57197,0.406466,1.57394
0.306642,0.161287,0.0285747;1.57068,0.318714,1.5708
0.306401,0.160716,0.0288547;1.56726,0.284223,1.56023
0.30987,0.119849,0.0410115;1.72432,0.093143,1.53562
0.310793,0.109482,0.0399671;1.79892,0.127555,1.53333
0.310492,0.119054,0.0298619;1.60744,0.151966,1.55981
0.311004,0.122187,0.0286798;1.57251,0.182458,1.57399
0.311503,0.120686,0.0286116;1.57021,0.116612,1.57294
0.311065,0.120066,0.028735;1.57059,0.0859605,1.56318
0.305486,0.0844585,0.0407846;1.64777,-0.0941083,1.56346
0.304833,0.0698095,0.0404784;1.80646,-0.0866147,1.58179
0.304654,0.07522,0.0350878;1.70217,-0.050701,1.57274
0.306617,0.0845869,0.028634;1.57075,0.00201029,1.57358
0.306538,0.0840017,0.0286691;1.57107,-0.0227916,1.57535
0.306616,0.0829005,0.0285796;1.57168,-0.0710501,1.57026
0.297217,0.0622663,0.0364371;1.49555,-0.222721,1.54154
0.291797,0.0379155,0.040755;1.78853,-0.288733,1.61405
0.290232,0.0336362,0.0395755;1.79722,-0.256066,1.62218
0.295317,0.0462867,0.028541;1.57068,-0.193126,1.5715
0.295566,0.04672,0.0286517;1.5711,-0.187174,1.57424
0.295274,0.0450623,0.0286543;1.57122,-0.245116,1.57479
0.289543,0.0379616,0.0317891;1.52492,-0.35188,1.54196
0.27771,0.0154784,0.0399097;1.61876,-0.464945,1.57995
0.270795,0.00036132,0.0404529;1.83068,-0.459974,1.6764
0.276596,0.0119423,0.0287631;1.56835,-0.398875,1.56017
0.276946,0.0125297,0.0286007;1.57111,-0.380448,1.57239
0.276899,0.012326,0.0286701;1.57145,-0.395943,1.57602
0.275,0.0105662,0.0292567;1.55334,-0.498768,1.55178
0.261932,-0.0029427,0.0359826;1.47091,-0.597536,1.5012
0.247557,-0.0232967,0.0424511;1.78464,-0.670827,1.6872
0.249095,-0.0224062,0.0291335;1.59382,-0.62478,1.5765
0.250551,-0.0215382,0.0285795;1.57046,-0.600838,1.5704
0.25088,-0.0214004,0.0286683;1.57261,-0.601936,1.57505
0.249527,-0.022855,0.0288601;1.56587,-0.714166,1.55734
0.236569,-0.0304981,0.0339649;1.4697,-0.797548,1.483
0.21706,-0.0472775,0.041826;1.78238,-0.891444,1.71741
0.216096,-0.0486647,0.0295933;1.61182,-0.849128,1.59576
0.21889,-0.04775,0.0285607;1.57039,-0.820944,1.57094
0.219391,-0.0475502,0.0286815;1.57289,-0.82021,1.57579
0.217708,-0.048556,0.0288109;1.56785,-0.919023,1.55853
0.204509,-0.0533743,0.0331789;1.46462,-0.995728,1.46588
0.181442,-0.0658793,0.0408672;1.87135,-1.08733,1.82034
0.17746,-0.0690497,0.0333962;1.77269,-1.05143,1.74283
0.184645,-0.0670446,0.0286838;1.57036,-1.02674,1.56485
0.185265,-0.0668043,0.0286472;1.57088,-1.0194,1.57405
0.184256,-0.0674034,0.0285779;1.57226,-1.0892,1.57181
0.179862,-0.0671089,0.03012;1.52566,-1.1407,1.51825
0.158463,-0.0717538,0.0379047;1.42921,-1.25052,1.42506
0.135837,-0.0796392,0.0384177;2.15334,-1.20895,2.11727
0.147387,-0.0766851,0.0286378;1.55651,-1.21874,1.55013
0.150007,-0.0767447,0.0285404;1.56685,-1.18993,1.5672
0.148637,-0.0776888,0.0285775;1.57118,-1.25823,1.5714
0.148347,-0.0774342,0.0287834;1.56032,-1.28811,1.55348
0.135817,-0.0763949,0.0330454;1.28328,-1.3572,1.27453
0.097152,-0.0815005,0.0402745;2.74121,-1.31978,2.71928
0.102531,-0.0794445,0.034976;2.29774,-1.37547,2.28347
0.111201,-0.0789614,0.0286844;1.57383,-1.38135,1.56527
0.111409,-0.0789753,0.0286725;1.57256,-1.40262,1.57713
0.110659,-0.0793146,0.0285784;1.56852,-1.4538,1.56826
0.107927,-0.0776013,0.0298859;1.28636,-1.49912,1.27584
0.0621493,-0.0734178,0.0404182;-2.69028,-1.33466,-2.69993
0.0590475,-0.0717528,0.0390727;-2.88617,-1.35299,-2.88738
0.0708803,-0.0728892,0.0285723;-1.0712,-1.5475,-1.08158
0.0726523,-0.0735697,0.0286446;0,-1.56937,0.00323311
0.0705597,-0.074191,0.0285366;-1.58616,-1.48724,-1.58917
0.0703921,-0.0734533,0.0289234;-1.51741,-1.45243,-1.52834
0.0312035,-0.0590964,0.0416317;-1.97213,-1.23377,-1.9697
0.0202168,-0.0550471,0.0397924;-2.28111,-1.22162,-2.25702
0.0299007,-0.0592674,0.0295327;-1.66912,-1.31879,-1.6732
0.032493,-0.0612371,0.0286796;-1.57803,-1.34663,-1.57463
0.0305415,-0.0610085,0.0285519;-1.56738,-1.27342,-1.56749
0.0303087,-0.0606124,0.0288787;-1.55979,-1.2433,-1.57178
0.0303087,-0.0606124,0.0288787;-1.55979,-1.2433,-1.57178
0.0184756,-0.0517425,0.0337821;-1.41005,-1.15463,-1.44006
0.0184756,-0.0517425,0.0337821;-1.41005,-1.15463,-1.44006
