-0.125,0.125,0.06;-1.57,-2.98023e-08,-1.57
-0.125,0.125,0.06;-1.57,-2.98023e-08,-1.57
-0.125,0.125,0.06;-1.57,-2.98023e-08,-1.57
-0.125746,0.119849,0.0286097;-1.5707,-0.161965,-1.56942
-0.125208,0.120894,0.0285838;-1.57048,-0.113873,-1.57112
-0.122465,0.131047,0.0319981;-1.51641,-0.02957,-1.57216
-0.119766,0.156981,0.038657;-1.76136,0.0131702,-1.58051
-0.120508,0.147226,0.0287057;-1.57102,-0.0578465,-1.58066
-0.12047,0.146597,0.0286529;-1.5709,-0.0624503,-1.56715
-0.120562,0.146809,0.0286815;-1.57156,-0.0509491,-1.56597
-0.120915,0.148554,0.0289712;-1.56681,0.0327937,-1.58596
-0.115019,0.158326,0.0336651;-1.5065,0.111194,-1.60208
-0.107966,0.180122,0.0423571;-1.57011,0.224959,-1.5885
-0.105497,0.189003,0.0347501;-1.68595,0.180699,-1.55969
-0.108951,0.177582,0.0288889;-1.56026,0.116144,-1.58444
-0.109536,0.176881,0.0285968;-1.57097,0.0912587,-1.56942
-0.109814,0.176718,0.0288836;-1.57057,0.163579,-1.58534
-0.105336,0.182891,0.0317427;-1.53569,0.229552,-1.60014
-0.0951581,0.204496,0.0405298;-1.5982,0.344504,-1.58207
-0.0905022,0.218665,0.0407242;-1.80849,0.329581,-1.51031
-0.0903122,0.215271,0.0361466;-1.72434,0.296761,-1.53439
-0.0941067,0.207678,0.0288273;-1.57152,0.269016,-1.58545
-0.0944632,0.206586,0.0285838;-1.57098,0.285717,-1.57092
-0.0938402,0.206145,0.0290473;-1.56473,0.343715,-1.59053
-0.0838495,0.217388,0.0344902;-1.4876,0.432515,-1.62872
-0.0731171,0.235301,0.0384834;-1.69107,0.490461,-1.52954
-0.070385,0.237727,0.0347605;-1.71002,0.44472,-1.51486
-0.0760325,0.231177,0.0286515;-1.57086,0.414089,-1.56725
-0.0758975,0.231547,0.0286747;-1.57134,0.442867,-1.56572
-0.0758876,0.232094,0.0287351;-1.57087,0.47338,-1.57813
-0.0565814,0.248798,0.0384419;-1.47935,0.629555,-1.64547
-0.0427128,0.265971,0.0430414;-1.75565,0.683802,-1.47314
-0.0378636,0.27149,0.0392102;-1.83168,0.638639,-1.42104
-0.0486712,0.263884,0.02862;-1.57037,0.615544,-1.57324
-0.0489776,0.263682,0.0286447;-1.57113,0.618731,-1.56728
-0.0484303,0.264936,0.0286116;-1.57157,0.669016,-1.56861
-0.0378666,0.270269,0.0336456;-1.48429,0.761166,-1.6548
-0.0185679,0.284953,0.0420524;-1.62873,0.87688,-1.54542
-0.00523713,0.296302,0.0402372;-1.91326,0.850004,-1.32232
-0.015769,0.290274,0.0287615;-1.57112,0.825436,-1.58347
-0.0161147,0.290049,0.0286158;-1.57081,0.817908,-1.5689
-0.015916,0.290379,0.0286803;-1.57129,0.838527,-1.56529
-0.0118816,0.291228,0.030085;-1.54338,0.922292,-1.61239
0.00690793,0.298375,0.0377376;-1.40507,1.02578,-1.73428
0.0273526,0.309447,0.0440541;-1.87369,1.08745,-1.3224
0.0249868,0.309165,0.029918;-1.61003,1.04754,-1.5518
0.0229867,0.309095,0.0286158;-1.57053,1.02621,-1.57273
0.0227364,0.309054,0.0286711;-1.57422,1.03229,-1.56475
0.0256904,0.310015,0.0290941;-1.55097,1.13125,-1.60642
0.0425309,0.311697,0.0351754;-1.3322,1.21651,-1.81892
0.0666393,0.318498,0.0426047;-2.05333,1.29985,-1.1271
0.0678546,0.318518,0.0306845;-1.71168,1.25647,-1.44992
0.0642587,0.318804,0.0286389;-1.56964,1.23301,-1.57486
0.0638491,0.318792,0.0286877;-1.57614,1.2357,-1.5623
0.0663447,0.319091,0.0291151;-1.54145,1.32667,-1.61733
0.0829305,0.317747,0.0347801;-1.12466,1.4004,-2.03597
0.108354,0.320552,0.0419759;-2.81801,1.41848,-0.354132
0.110081,0.321077,0.0322086;-2.14354,1.44502,-1.01104
0.102014,0.321761,0.0287921;-1.56996,1.41283,-1.58419
0.101413,0.321704,0.0286435;-1.5716,1.40517,-1.56691
0.102536,0.321878,0.0289056;-1.56613,1.47941,-1.59104
0.112699,0.318834,0.0328226;-0.413422,1.51566,-2.75033
0.136877,0.316346,0.0406343;2.20372,1.46229,0.918232
0.14594,0.316556,0.0375319;2.82121,1.3938,0.31335
0.13896,0.315262,0.0314086;3.0798,1.51427,0.0531999
0.134099,0.316169,0.0286373;-1.56074,1.54524,-1.5851
0.133449,0.316277,0.0286636;0,1.56965,3.13765
0.133872,0.315157,0.0291641;1.44547,1.51023,1.67797
0.149807,0.308455,0.0354963;1.07377,1.39373,2.03849
0.181919,0.301472,0.041791;2.40251,1.23777,0.746926
0.179862,0.300904,0.0382343;2.33555,1.30423,0.812001
0.17034,0.304963,0.0288476;1.55906,1.398,1.56826
0.170417,0.305512,0.0286525;1.57442,1.39615,1.57078
0.171167,0.305995,0.0287351;1.57074,1.33656,1.56322
0.174566,0.302435,0.0305727;1.48006,1.29574,1.63745
0.215539,0.282348,0.0438417;1.95779,1.06484,1.1986
0.22364,0.277006,0.0414589;2.11025,1.08412,1.06678
0.216017,0.281642,0.0327633;1.75393,1.14947,1.38943
0.211471,0.285905,0.0286451;1.57439,1.1865,1.57084
0.212544,0.285455,0.0286359;1.5712,1.12357,1.56773
0.213646,0.283556,0.0295683;1.55246,1.09352,1.56798
0.247715,0.255555,0.0424504;1.87204,0.871841,1.30409
0.253828,0.248591,0.0415611;1.96335,0.906216,1.23415
0.247028,0.254028,0.0326144;1.69397,0.960944,1.45468
0.24342,0.259502,0.0286548;1.57209,0.991499,1.57308
0.244396,0.259613,0.0286315;1.57081,0.913094,1.56773
0.245401,0.257403,0.0295037;1.56206,0.886522,1.55729
0.274755,0.222928,0.0414307;1.8612,0.677952,1.35309
0.277423,0.217587,0.041398;1.87828,0.722954,1.33892
0.271844,0.224289,0.0328354;1.68443,0.7685,1.4823
0.269026,0.230926,0.0286536;1.57091,0.809161,1.57426
0.26979,0.230539,0.0286719;1.57108,0.74089,1.56617
0.269873,0.230001,0.0290163;1.56511,0.721399,1.5577
0.28756,0.196282,0.0420973;1.70902,0.531155,1.4754
0.293427,0.18588,0.0402343;1.84577,0.562795,1.41322
0.291095,0.190667,0.0363407;1.74907,0.576906,1.46484
0.286191,0.201351,0.0285704;1.57045,0.652625,1.57126
0.28734,0.200153,0.0286892;1.57184,0.60028,1.57499
0.287589,0.200009,0.0288004;1.57038,0.581209,1.56034
0.287871,0.191909,0.0315334;1.5309,0.513911,1.5684
0.302228,0.149996,0.041228;1.77159,0.347267,1.47933
0.302222,0.147224,0.0384939;1.77845,0.389982,1.48123
0.300584,0.158356,0.028875;1.55879,0.412679,1.56036
0.300819,0.158817,0.0286623;1.57109,0.421415,1.57475
0.302033,0.157515,0.0286;1.56981,0.362424,1.56807
0.30145,0.155356,0.0294274;1.55758,0.335728,1.55723
0.305591,0.113837,0.0441097;1.69529,0.141543,1.53031
0.306745,0.101993,0.0403602;1.80496,0.184363,1.51505
0.306492,0.111613,0.0312723;1.61647,0.198637,1.54665
0.307278,0.115897,0.0286883;1.57306,0.219224,1.57343
0.30781,0.114375,0.0285905;1.57092,0.151206,1.57004
0.307216,0.113214,0.0292149;1.5652,0.127498,1.55309
0.302887,0.0720688,0.0423941;1.71934,-0.0684256,1.55367
0.301583,0.0613441,0.0407899;1.80599,-0.0215136,1.56361
0.30343,0.0707747,0.0315155;1.62475,-0.00899121,1.56001
0.305263,0.074965,0.0286741;1.57196,0.0131902,1.57427
0.305429,0.0731802,0.0285777;1.57044,-0.0442553,1.57108
0.304951,0.0727436,0.0290238;1.56611,-0.0704925,1.55334
0.292189,0.0363187,0.0420016;1.65369,-0.25905,1.57093
0.288438,0.021424,0.0411693;1.82014,-0.244905,1.61726
0.289549,0.0257743,0.0360413;1.72012,-0.220577,1.59622
0.294701,0.035735,0.0286095;1.57084,-0.183275,1.5725
0.29451,0.0349447,0.0286715;1.57106,-0.208831,1.57535
0.294684,0.0341923,0.0287105;1.57075,-0.249791,1.5647
0.280697,0.0152106,0.0377442;1.48085,-0.402628,1.51394
0.270762,-0.00591866,0.0436091;1.73917,-0.468126,1.62491
0.266149,-0.0130884,0.0400047;1.81795,-0.422863,1.6652
0.275342,-0.00250472,0.028696;1.57065,-0.392895,1.56515
0.275601,-0.0020483,0.028661;1.57302,-0.395395,1.57492
0.275395,-0.00317299,0.0286483;1.5728,-0.443867,1.57467
0.266706,-0.00954025,0.0331121;1.5069,-0.536181,1.51444
0.251174,-0.0280164,0.0414717;1.6,-0.651334,1.57023
0.240139,-0.0430209,0.0400983;1.84957,-0.647894,1.72432
0.248392,-0.0354709,0.0288964;1.56914,-0.609127,1.55427
0.248831,-0.0350628,0.0286054;1.57091,-0.600036,1.57236
0.248421,-0.0354263,0.0286764;1.57103,-0.620687,1.57556
0.245281,-0.0370722,0.0298581;1.55025,-0.708857,1.53878
0.229143,-0.0472812,0.0374124;1.43924,-0.811262,1.45303
0.210889,-0.0628075,0.0441577;1.797,-0.888725,1.72539
0.210617,-0.0635362,0.0308359;1.62871,-0.845121,1.60045
0.213649,-0.0624685,0.028642;1.57072,-0.823693,1.5672
0.213863,-0.062384,0.0286501;1.57109,-0.831811,1.5744
0.21122,-0.0640753,0.0292419;1.55786,-0.926431,1.54299
0.195989,-0.069178,0.0351952;1.42305,-1.01005,1.42123
0.174187,-0.0807027,0.0428958;1.86448,-1.10339,1.80915
0.173204,-0.0822524,0.0312223;1.66738,-1.05702,1.64165
0.177393,-0.0817026,0.0286459;1.57006,-1.02982,1.56618
0.177707,-0.0817141,0.0286736;1.57328,-1.03237,1.57614
0.175274,-0.0826279,0.0290948;1.55787,-1.12461,1.5412
0.158849,-0.0842039,0.0346927;1.35994,-1.20577,1.34897
0.134147,-0.0909193,0.0419624;2.08607,-1.28694,2.04192
0.129827,-0.0929506,0.034496;1.93965,-1.23947,1.91465
0.138333,-0.0926468,0.0288183;1.56947,-1.23426,1.5569
0.138914,-0.0923968,0.0286422;1.57096,-1.22731,1.57388
0.137313,-0.0929908,0.028795;1.56979,-1.2903,1.55961
0.132196,-0.0912136,0.0310971;1.45257,-1.34088,1.43419
0.10974,-0.0906564,0.0392532;1.13479,-1.44974,1.11864
0.0828407,-0.0925298,0.039206;2.70574,-1.34015,2.68763
0.0939581,-0.0943533,0.0295918;1.71892,-1.45615,1.70604
0.0969461,-0.0952938,0.0285878;1.56978,-1.43427,1.56866
0.0954617,-0.095898,0.0285683;1.57947,-1.49507,1.57852
0.0950655,-0.0954906,0.0290504;1.45893,-1.5194,1.44178
0.0819842,-0.0907968,0.0342615;-0.413244,-1.49246,-0.438537
0.0427387,-0.0855273,0.0408871;-2.66199,-1.30294,-2.66003
0.0472291,-0.0863078,0.0358679;-2.54456,-1.39958,-2.5461
0.0555998,-0.0900818,0.0288696;-1.56731,-1.49533,-1.58206
0.0558425,-0.0900587,0.0286703;-1.57359,-1.48208,-1.56916
0.0551579,-0.0902929,0.0287494;-1.57045,-1.43907,-1.57856
0.0516727,-0.0867217,0.0306311;-1.4458,-1.38573,-1.46794
0.00951364,-0.070293,0.0429171;-2.0253,-1.17359,-2.01751
0.00350857,-0.0669757,0.0398504;-2.18732,-1.18878,-2.16505
0.0134164,-0.0729026,0.0295975;-1.64677,-1.27493,-1.65907
0.0154478,-0.0749809,0.0286658;-1.57628,-1.29819,-1.57307
0.013787,-0.0747074,0.0286092;-1.57295,-1.23059,-1.57409
0.0129512,-0.0733104,0.0292418;-1.54958,-1.2045,-1.5685
-0.0196132,-0.0506339,0.0434114;-1.78094,-0.999909,-1.77171
-0.0296202,-0.0433224,0.0405342;-2.01937,-1.01276,-1.97238
-0.0223251,-0.0486763,0.0311319;-1.66388,-1.0723,-1.66627
-0.0192995,-0.0524569,0.0286905;-1.57549,-1.09588,-1.57177
-0.0209895,-0.0519498,0.0285706;-1.5701,-1.02644,-1.57146
-0.0214856,-0.0510242,0.029202;-1.56135,-1.00102,-1.58106
-0.0214856,-0.0510242,0.029202;-1.56135,-1.00102,-1.58106
-0.0314995,-0.0385846,0.0350292;-1.44959,-0.908844,-1.50007
-0.0314995,-0.0385846,0.0350292;-1.44959,-0.908844,-1.50007
