0.5,-0.3,0.06;-1.57,-2.98023e-08,-1.57
0.5,-0.3,0.06;-1.57,-2.98023e-08,-1.57
0.5,-0.3,0.06;-1.57,-2.98023e-08,-1.57
0.498219,-0.303418,0.0286878;-1.56899,-0.306439,-1.56616
0.498965,-0.301283,0.0287213;-1.57047,-0.243025,-1.56431
0.501144,-0.290571,0.0292751;-1.5603,-0.128329,-1.56073
0.499907,-0.279343,0.0302249;-1.57184,-0.0398733,-1.55208
0.500265,-0.2865,0.0285796;-1.57076,-0.278384,-1.57083
0.498914,-0.289808,0.0286041;-1.57157,-0.407171,-1.5695
0.499409,-0.29023,0.0285812;-1.57094,-0.489817,-1.5708
0.49704,-0.29281,0.0290126;-1.58021,-0.312316,-1.58536
0.496386,-0.290695,0.0298218;-1.57521,-0.20039,-1.59078
0.49533,-0.272316,0.032397;-1.63746,-0.071695,-1.58541
0.497826,-0.269006,0.0293595;-1.59062,-0.154178,-1.57818
0.499055,-0.269647,0.0285822;-1.57122,-0.246846,-1.57134
0.498657,-0.270238,0.02862;-1.56874,-0.312794,-1.57017
0.498747,-0.269904,0.0285791;-1.57087,-0.251553,-1.5707
0.499436,-0.268375,0.0286052;-1.56888,-0.149722,-1.5709
0.498632,-0.259864,0.029627;-1.57039,-0.0225181,-1.56588
0.498446,-0.256704,0.0303756;-1.59409,0.00546422,-1.57013
0.500235,-0.258107,0.0285942;-1.57066,-0.0836156,-1.57169
0.50011,-0.257965,0.0285794;-1.57078,-0.168127,-1.57068
0.499936,-0.257474,0.0285798;-1.57077,-0.239773,-1.5708
0.499563,-0.258049,0.0286363;-1.57074,-0.169771,-1.57355
0.50039,-0.257451,0.0287567;-1.57037,-0.0875364,-1.57929
0.501915,-0.250717,0.0292302;-1.5649,-0.0483993,-1.56801
0.50229,-0.250678,0.0285799;-1.57075,-0.0860457,-1.57084
0.501813,-0.252474,0.0286157;-1.57082,-0.215489,-1.56908
0.501867,-0.252641,0.0285797;-1.57081,-0.22841,-1.57078
0.502172,-0.252005,0.0285788;-1.57089,-0.177913,-1.57077
0.502312,-0.251452,0.0290926;-1.58388,-0.0618243,-1.58311
0.501296,-0.247704,0.0311566;-1.61065,-0.0144035,-1.58799
0.502269,-0.244045,0.0307463;-1.60434,-0.0600959,-1.58645
0.504282,-0.244948,0.0294924;-1.5673,-0.151361,-1.58751
0.504559,-0.247483,0.029709;-1.56476,-0.191312,-1.59085
0.504968,-0.248118,0.030066;-1.57147,-0.203295,-1.59473
0.503802,-0.249084,0.0291308;-1.58631,-0.0991235,-1.58333
0.50184,-0.246812,0.0296184;-1.58713,0.00213102,-1.58193
0.501153,-0.245424,0.0292117;-1.58278,0.0189261,-1.57724
0.501965,-0.247815,0.0285876;-1.57036,-0.108811,-1.57046
0.500967,-0.249176,0.0285901;-1.57067,-0.166952,-1.57024
0.50065,-0.249822,0.0286107;-1.5691,-0.215982,-1.57035
0.50125,-0.249027,0.0285795;-1.571,-0.100875,-1.57079
0.501687,-0.248619,0.0289207;-1.57785,-0.030756,-1.57744
0.500542,-0.247211,0.0295719;-1.58185,0.0619623,-1.57801
0.499833,-0.253787,0.0288356;-1.57059,-0.0191418,-1.58292
0.499819,-0.252442,0.0288275;-1.57229,-0.0950795,-1.58189
0.500833,-0.249824,0.0290338;-1.58363,-0.193753,-1.58243
0.500927,-0.249987,0.0294276;-1.58382,-0.167097,-1.58794
0.500143,-0.250173,0.0306398;-1.56879,-0.0512188,-1.59721
0.500232,-0.245339,0.0328185;-1.55153,0.060912,-1.60645
0.499923,-0.254884,0.0287736;-1.57064,-0.0203227,-1.57993
0.499806,-0.254908,0.0286217;-1.57094,-0.0917584,-1.56885
0.500441,-0.256295,0.0285993;-1.57079,-0.156888,-1.56992
0.500856,-0.255638,0.0285816;-1.57079,-0.084589,-1.57125
0.502691,-0.254375,0.0293176;-1.55464,-0.0271142,-1.57292
0.504577,-0.24424,0.0325926;-1.5122,0.0374891,-1.57375
0.503496,-0.245201,0.0317466;-1.50666,-0.0670707,-1.56294
0.502726,-0.245407,0.0286536;-1.56862,-0.14365,-1.57316
0.502332,-0.247178,0.0288572;-1.56365,-0.167402,-1.57577
0.502564,-0.246916,0.0288332;-1.57064,-0.166505,-1.58276
0.502566,-0.246169,0.0289939;-1.57784,-0.111856,-1.58416
0.502135,-0.244935,0.0308048;-1.61426,-0.0479477,-1.583
0.502714,-0.240399,0.0307722;-1.61675,-0.0609487,-1.57798
0.503098,-0.243223,0.028781;-1.57038,-0.120481,-1.57999
0.502674,-0.245896,0.0291607;-1.55534,-0.144646,-1.5809
0.502939,-0.246708,0.0293714;-1.55775,-0.170758,-1.58253
0.502288,-0.246467,0.0289064;-1.57538,-0.112847,-1.58236
0.501945,-0.246155,0.0291648;-1.58939,-0.0466448,-1.58132
0.499081,-0.243144,0.0324518;-1.65084,0.0244568,-1.57509
0.5015,-0.241671,0.031332;-1.63129,-0.0302964,-1.57778
0.502876,-0.242466,0.0288435;-1.57264,-0.0964779,-1.5816
0.501921,-0.246175,0.0290681;-1.55817,-0.152366,-1.57966
0.501801,-0.246243,0.0286633;-1.57219,-0.114791,-1.5741
0.501033,-0.24651,0.0290885;-1.59013,-0.0604817,-1.57742
0.496806,-0.242437,0.0312583;-1.61584,0.124027,-1.57121
0.497645,-0.243158,0.0298605;-1.59003,0.0756186,-1.56719
0.498359,-0.246254,0.0286239;-1.57031,-0.0068396,-1.56892
0.494075,-0.254243,0.0287433;-1.56559,-0.271815,-1.56656
0.494394,-0.253323,0.0286306;-1.56832,-0.262372,-1.56996
0.495164,-0.250553,0.028624;-1.5701,-0.177543,-1.56918
0.493702,-0.234782,0.0339243;-1.6704,0.0310632,-1.57621
0.495789,-0.236898,0.0357377;-1.69393,-0.0168665,-1.59137
0.497598,-0.240744,0.0328475;-1.64869,-0.0729023,-1.59628
0.498189,-0.251237,0.029493;-1.59488,-0.214476,-1.58486
0.498638,-0.250173,0.0291059;-1.58201,-0.20137,-1.58713
0.499814,-0.247351,0.0300547;-1.57711,-0.186475,-1.59553
0.496105,-0.235988,0.0347361;-1.68635,-0.00523036,-1.58268
0.497077,-0.237988,0.0343157;-1.67045,-0.0440636,-1.57365
0.499408,-0.245375,0.0286192;-1.57088,-0.133879,-1.56914
0.498219,-0.252826,0.0288424;-1.56038,-0.25336,-1.56544
0.498663,-0.251292,0.028737;-1.57099,-0.231386,-1.56312
0.499399,-0.248857,0.0287749;-1.57041,-0.176336,-1.56126
0.499397,-0.237763,0.0310527;-1.59157,0.0117899,-1.55082
0.499952,-0.238898,0.0319098;-1.60556,-0.0154424,-1.54495
0.499959,-0.240296,0.0316011;-1.61239,-0.0263707,-1.54921
0.501003,-0.25007,0.028796;-1.57821,-0.134481,-1.57488
0.500388,-0.254534,0.0291095;-1.58805,-0.173583,-1.58226
0.500016,-0.254887,0.0291547;-1.58439,-0.131948,-1.58658
0.50049,-0.249676,0.0300892;-1.60503,-0.0875654,-1.57972
0.496527,-0.242913,0.0363263;-1.72356,0.0594029,-1.56906
0.495816,-0.246349,0.035405;-1.71289,0.0490048,-1.56745
0.495719,-0.255397,0.0287672;-1.56262,0.00267566,-1.57482
0.493897,-0.261611,0.0286061;-1.57082,-0.128379,-1.56958
0.494027,-0.260945,0.028578;-1.57097,-0.115506,-1.57102
0.495357,-0.256997,0.0287342;-1.56936,-0.0877051,-1.57878
0.496409,-0.24331,0.0344666;-1.61643,0.105833,-1.58243
0.496297,-0.247627,0.0361753;-1.66034,0.0887578,-1.58244
0.496248,-0.255911,0.0305788;-1.60537,0.0558206,-1.58546
0.493937,-0.264587,0.0289651;-1.58778,-0.0817609,-1.57486
0.494249,-0.264149,0.0286153;-1.57203,-0.0819417,-1.57008
0.494966,-0.262952,0.0285942;-1.5697,-0.0465038,-1.57166
0.497243,-0.251549,0.0323181;-1.53055,0.134907,-1.58429
0.496998,-0.252552,0.0328611;-1.51091,0.0749747,-1.57188
0.496328,-0.254935,0.0286932;-1.57086,-0.0327637,-1.56536
0.495008,-0.259431,0.0286137;-1.57085,-0.215909,-1.5693
0.495454,-0.258053,0.0286007;-1.57116,-0.223345,-1.57011
0.495474,-0.256942,0.0288963;-1.56968,-0.223584,-1.58601
0.495051,-0.241069,0.0340531;-1.60928,-0.0838554,-1.61026
0.494042,-0.239731,0.037689;-1.65653,-0.0677425,-1.60655
0.49752,-0.242619,0.0359834;-1.71327,-0.113099,-1.60114
0.497623,-0.25171,0.0298255;-1.58049,-0.182861,-1.59461
0.497303,-0.251098,0.030082;-1.59389,-0.201436,-1.59397
0.4981,-0.248116,0.0295413;-1.57937,-0.206569,-1.59852
0.49632,-0.241257,0.031321;-1.58021,-0.0991625,-1.60676
0.493596,-0.238117,0.0332234;-1.64465,-0.0409201,-1.59153
0.493271,-0.239312,0.0319939;-1.62896,-0.0565179,-1.57048
0.493658,-0.245597,0.0287794;-1.56068,-0.169757,-1.56904
0.493258,-0.247277,0.0288856;-1.55643,-0.185242,-1.56868
0.493173,-0.247624,0.0289158;-1.55543,-0.19292,-1.56875
0.492948,-0.248054,0.0290058;-1.57874,-0.0899507,-1.58397
0.492513,-0.247419,0.0309365;-1.57512,-0.00888526,-1.6019
0.492241,-0.241981,0.0338362;-1.64507,0.00397954,-1.59611
0.496073,-0.247527,0.0313938;-1.59086,-0.0640484,-1.60741
0.497303,-0.250131,0.0300136;-1.58651,-0.0975019,-1.59492
0.497476,-0.250695,0.031713;-1.59679,-0.133523,-1.61216
0.499272,-0.245871,0.032388;-1.60548,-0.102009,-1.6153
0.497971,-0.244335,0.0350837;-1.64526,-0.0598389,-1.62039
0.49629,-0.241331,0.0363188;-1.66298,-0.0291465,-1.62046
0.497352,-0.243655,0.0289746;-1.57563,-0.098484,-1.58333
0.497137,-0.244091,0.0285799;-1.57066,-0.129353,-1.57087
0.496757,-0.245348,0.0285788;-1.57072,-0.163397,-1.57088
0.496976,-0.244472,0.0285816;-1.57065,-0.106286,-1.57109
0.497771,-0.242502,0.028886;-1.56952,-0.0672359,-1.57242
0.498803,-0.237828,0.0298176;-1.5805,-0.0321752,-1.58127
0.500036,-0.242017,0.0288878;-1.57302,-0.107541,-1.58334
0.499815,-0.243146,0.0288859;-1.56822,-0.122049,-1.58267
0.499647,-0.245614,0.0289235;-1.57586,-0.139221,-1.58289
0.499495,-0.246188,0.0294468;-1.58401,-0.106122,-1.58762
0.500211,-0.242626,0.0312925;-1.59087,-0.0762172,-1.60289
0.500601,-0.239106,0.0327233;-1.64405,-0.066293,-1.59244
0.501272,-0.242874,0.0318912;-1.59578,-0.0989081,-1.60631
0.501223,-0.245635,0.0288989;-1.57077,-0.118226,-1.58598
0.50094,-0.247192,0.0288982;-1.57687,-0.123548,-1.5806
0.500061,-0.249078,0.0291127;-1.58468,-0.0945442,-1.58375
0.499856,-0.24995,0.0292739;-1.57749,-0.0567932,-1.58733
0.502089,-0.242628,0.0317358;-1.58765,-0.0316694,-1.60781
0.501645,-0.241642,0.0333055;-1.64571,-0.0175001,-1.59182
0.500932,-0.247639,0.0301299;-1.58924,-0.00944363,-1.59082
0.500872,-0.251499,0.0289485;-1.5746,-0.000566691,-1.58439
0.50002,-0.255928,0.0288163;-1.57821,-0.0448012,-1.57495
0.499339,-0.257146,0.0288474;-1.57339,0.00676411,-1.58125
0.500408,-0.255676,0.0289498;-1.56581,0.0344081,-1.57883
0.500856,-0.255614,0.0334011;-1.48714,0.106001,-1.57424
0.499438,-0.255663,0.0286002;-1.57182,0.0504118,-1.5716
0.499499,-0.256401,0.0285807;-1.57075,0.00778686,-1.57092
0.500428,-0.257031,0.0285884;-1.57151,-0.128205,-1.57087
0.500157,-0.256993,0.0287692;-1.57072,-0.108027,-1.57978
0.500544,-0.254956,0.0290417;-1.57303,-0.111481,-1.58434
0.501921,-0.24458,0.03486;-1.61278,-0.00245017,-1.6274
0.505305,-0.248818,0.0372846;-1.63807,-0.0592738,-1.64831
0.508355,-0.252546,0.0346209;-1.61671,-0.0864469,-1.6344
0.506342,-0.26239,0.0329404;-1.5973,-0.120951,-1.62418
0.50513,-0.26184,0.0335709;-1.58385,-0.0775874,-1.63575
0.504805,-0.26148,0.0305828;-1.56539,-0.0300069,-1.60636
0.50546,-0.242419,0.0338414;-1.58509,0.0968696,-1.61883
0.505209,-0.24436,0.0329065;-1.62002,0.0553645,-1.60553
0.504529,-0.247355,0.0288408;-1.57152,0.0269373,-1.5822
0.503882,-0.249144,0.0285799;-1.5707,-0.117768,-1.57102
0.503973,-0.249492,0.0285822;-1.57079,-0.118403,-1.57086
0.503895,-0.250162,0.0288256;-1.57053,-0.0709667,-1.58256
0.503895,-0.250162,0.0288256;-1.57053,-0.0709667,-1.58256
0.505117,-0.245673,0.0303058;-1.56701,-0.0437407,-1.59614
0.505117,-0.245673,0.0303058;-1.56701,-0.0437407,-1.59614
