0.5,-0.3,0.06;-1.57,-2.98023e-08,-1.57
0.5,-0.3,0.06;-1.57,-2.98023e-08,-1.57
0.5,-0.3,0.06;-1.57,-2.98023e-08,-1.57
0.499327,-0.302292,0.0286022;-1.57098,-0.264264,-1.56884
0.49976,-0.301775,0.0285813;-1.5708,-0.205227,-1.5711
0.501223,-0.294528,0.0307202;-1.53007,-0.0903936,-1.55983
0.499441,-0.264791,0.037783;-1.75427,0.000812084,-1.57386
0.504297,-0.267248,0.0287717;-1.56982,-0.142102,-1.58095
0.502686,-0.265825,0.0286381;-1.57094,-0.249816,-1.57382
0.50344,-0.265136,0.0285853;-1.57091,-0.356522,-1.57071
0.504171,-0.26286,0.0287755;-1.5669,-0.287487,-1.56334
0.506408,-0.250984,0.0304842;-1.54357,-0.179111,-1.55028
0.50381,-0.239566,0.0352505;-1.57902,-0.0355002,-1.52737
0.502839,-0.235807,0.0332378;-1.5298,0.00221053,-1.53587
0.50397,-0.240772,0.0309032;-1.51545,-0.0606376,-1.56781
0.50467,-0.243147,0.0311855;-1.51247,-0.0880483,-1.56839
0.504949,-0.24568,0.031003;-1.53439,-0.132633,-1.58564
0.504867,-0.244868,0.0290535;-1.58903,-0.0894509,-1.57754
0.504306,-0.243221,0.0310898;-1.61238,-0.00560075,-1.56953
0.501079,-0.237845,0.0347823;-1.65327,0.0579031,-1.5345
0.505197,-0.238208,0.0315638;-1.5954,-0.0319607,-1.53994
0.505712,-0.24273,0.0289113;-1.55604,-0.103585,-1.56767
0.505119,-0.244698,0.0288164;-1.56236,-0.131578,-1.57267
0.50511,-0.244918,0.0285793;-1.57072,-0.103481,-1.57079
0.504537,-0.244633,0.028797;-1.5739,-0.0724546,-1.56926
0.50255,-0.241208,0.0305181;-1.59179,0.00162298,-1.55332
0.501949,-0.238769,0.0308126;-1.58457,0.0188393,-1.54105
0.504358,-0.240421,0.0290895;-1.57945,-0.0771217,-1.5781
0.504713,-0.241276,0.0287632;-1.57094,-0.106558,-1.57953
0.50461,-0.24185,0.0287588;-1.57069,-0.116322,-1.57926
0.502477,-0.241217,0.0296101;-1.58176,-0.0199406,-1.56203
0.49886,-0.239084,0.0331353;-1.60859,0.0497349,-1.53348
0.49753,-0.238848,0.0332232;-1.59661,0.0420638,-1.5125
0.498225,-0.243407,0.0286219;-1.5707,-0.0630131,-1.56883
0.498764,-0.24393,0.0288301;-1.57551,-0.142504,-1.57863
0.499719,-0.244421,0.0291214;-1.58432,-0.151445,-1.58576
0.495777,-0.247212,0.0295109;-1.59846,-0.0644877,-1.57928
0.492081,-0.244851,0.0315617;-1.61269,0.0393889,-1.56809
0.491052,-0.245238,0.0336455;-1.62001,0.0383451,-1.53634
0.492131,-0.251704,0.0287418;-1.57161,-0.0734457,-1.56289
0.490982,-0.256189,0.0287351;-1.56795,-0.186234,-1.56557
0.491203,-0.256608,0.0285816;-1.571,-0.209825,-1.5708
0.490137,-0.257426,0.0289947;-1.58163,-0.130708,-1.5813
0.488612,-0.253433,0.0301142;-1.5815,-0.0137948,-1.56537
0.486627,-0.251903,0.0355548;-1.65998,0.0397697,-1.5615
0.485924,-0.259488,0.0290769;-1.56977,-0.0526572,-1.5545
0.486709,-0.262895,0.0287915;-1.56673,-0.130753,-1.56359
0.486498,-0.265201,0.0286379;-1.57099,-0.182839,-1.56763
0.487082,-0.266739,0.0285796;-1.57084,-0.125019,-1.5709
0.488326,-0.265122,0.0295769;-1.55178,-0.0182571,-1.56363
0.489005,-0.258417,0.0350546;-1.51488,0.107961,-1.55799
0.482655,-0.251719,0.0299854;-1.57873,0.14173,-1.54321
0.48334,-0.255399,0.0288441;-1.57095,0.0863239,-1.56005
0.48372,-0.258415,0.0287039;-1.57013,0.0428756,-1.56467
0.485121,-0.259437,0.0291081;-1.59406,-0.0371997,-1.57471
0.483308,-0.260907,0.0291208;-1.58998,0.030526,-1.57718
0.482565,-0.261765,0.0300556;-1.56654,0.131171,-1.57484
0.478958,-0.260551,0.0317142;-1.56593,0.164556,-1.52917
0.478169,-0.262504,0.0310259;-1.56734,0.144986,-1.53219
0.477216,-0.264808,0.0287469;-1.57058,0.118828,-1.56305
0.476753,-0.266555,0.0285809;-1.57057,0.0275302,-1.57062
0.477415,-0.266196,0.0290211;-1.56006,0.0377819,-1.56867
0.47957,-0.26297,0.032759;-1.54242,0.0634052,-1.58923
0.475282,-0.267964,0.0326316;-1.51468,0.13233,-1.56152
0.474174,-0.269004,0.0319979;-1.51318,0.121981,-1.55965
0.472672,-0.269079,0.0288763;-1.56948,0.101207,-1.55812
0.47232,-0.271467,0.0285921;-1.57078,0.0038193,-1.57026
0.472388,-0.271678,0.0287636;-1.56759,0.00207794,-1.56521
0.473032,-0.272097,0.0302825;-1.54187,0.00895196,-1.56538
0.471836,-0.271033,0.0388002;-1.45672,0.130813,-1.57386
0.474219,-0.267669,0.0346348;-1.53916,0.149894,-1.57722
0.473824,-0.267747,0.0287439;-1.56594,0.142125,-1.5742
0.474111,-0.267328,0.0286831;-1.57089,0.122666,-1.56579
0.474118,-0.267427,0.028741;-1.57105,0.108533,-1.56298
0.474247,-0.267525,0.0289232;-1.5636,0.111558,-1.56227
0.471484,-0.273034,0.0358557;-1.47786,0.154279,-1.57463
0.472142,-0.271055,0.0330375;-1.48668,0.123522,-1.57552
0.470453,-0.271131,0.0295515;-1.54494,0.107056,-1.57088
0.470343,-0.269841,0.0287096;-1.5709,0.120026,-1.56453
0.470418,-0.270199,0.0287663;-1.57128,0.104687,-1.56199
0.470531,-0.269929,0.0289947;-1.5725,0.106135,-1.55919
0.469584,-0.273962,0.0318061;-1.56569,0.133629,-1.58551
0.468848,-0.274391,0.0320285;-1.5242,0.133442,-1.58285
0.469075,-0.273878,0.0285413;-1.56886,0.0942999,-1.57078
0.469155,-0.272615,0.028734;-1.57097,0.145657,-1.56321
0.469251,-0.272495,0.0287462;-1.57129,0.145426,-1.5626
0.469028,-0.271699,0.0286674;-1.57539,0.158061,-1.57031
0.469286,-0.272755,0.0298978;-1.57431,0.188781,-1.58229
0.466534,-0.278539,0.0328957;-1.50318,0.160837,-1.58408
0.46436,-0.282082,0.0287783;-1.56867,0.106325,-1.56372
0.464357,-0.283032,0.028797;-1.57825,0.137941,-1.56677
0.464411,-0.282167,0.0287441;-1.57099,0.156967,-1.56272
0.464803,-0.281125,0.0288018;-1.57102,0.164831,-1.56003
0.466296,-0.280195,0.0310853;-1.54254,0.225004,-1.58143
0.462266,-0.284432,0.0355214;-1.45903,0.224737,-1.58641
0.460824,-0.286133,0.0333426;-1.48528,0.210162,-1.57788
0.460604,-0.284574,0.0287167;-1.57086,0.200375,-1.5642
0.4603,-0.286071,0.0286464;-1.5714,0.164733,-1.56808
0.460085,-0.285888,0.0286861;-1.57064,0.150841,-1.56582
0.461406,-0.280995,0.0297239;-1.5576,0.161622,-1.56171
0.461135,-0.272511,0.0373932;-1.47235,0.277351,-1.56947
0.460447,-0.271146,0.0367437;-1.44664,0.296511,-1.57893
0.459617,-0.269159,0.0286655;-1.57173,0.254074,-1.56564
0.458762,-0.271558,0.0286218;-1.57083,0.186074,-1.56881
0.458758,-0.272098,0.0287641;-1.57628,0.151903,-1.56653
0.458981,-0.270133,0.0288819;-1.57279,0.145408,-1.56023
0.461835,-0.261883,0.0348583;-1.59464,0.126592,-1.56895
0.460591,-0.26808,0.0329495;-1.50566,0.18016,-1.56525
0.460171,-0.267636,0.0286898;-1.57179,0.185984,-1.56444
0.459998,-0.267121,0.0287353;-1.57398,0.201925,-1.5652
0.459888,-0.268572,0.0287663;-1.57105,0.159897,-1.56191
0.45999,-0.268632,0.0291497;-1.57436,0.14321,-1.55579
0.461372,-0.267813,0.0352384;-1.49135,0.1452,-1.56477
0.459015,-0.271708,0.0373753;-1.43792,0.173204,-1.57335
0.458659,-0.27058,0.0314399;-1.53156,0.173558,-1.56066
0.459203,-0.267121,0.028709;-1.57093,0.225049,-1.56455
0.459027,-0.267589,0.0286574;-1.57085,0.209325,-1.56705
0.459228,-0.266885,0.0286489;-1.57081,0.223146,-1.56753
0.460582,-0.261943,0.031732;-1.59184,0.152598,-1.57763
0.459431,-0.261737,0.0386343;-1.4918,0.113678,-1.56231
0.456747,-0.266829,0.0347471;-1.46042,0.114648,-1.56765
0.457793,-0.263184,0.0287277;-1.57214,0.169638,-1.56428
0.457767,-0.262986,0.0286739;-1.57089,0.176435,-1.56619
0.457811,-0.262489,0.0285768;-1.57081,0.197989,-1.5709
0.458062,-0.260677,0.0292317;-1.57423,0.176076,-1.57628
0.458983,-0.257526,0.0334595;-1.62542,0.12514,-1.57512
0.45799,-0.255318,0.0391396;-1.63481,0.0705853,-1.54673
0.454699,-0.266295,0.0287141;-1.57139,0.093232,-1.56365
0.455992,-0.265175,0.0286808;-1.57113,0.126571,-1.56584
0.455917,-0.264933,0.0285801;-1.57081,0.142716,-1.57075
0.457462,-0.25876,0.0296349;-1.55848,0.177611,-1.56161
0.458715,-0.251772,0.0314873;-1.57686,0.179762,-1.54732
0.456369,-0.25459,0.0379758;-1.5103,0.125493,-1.54058
0.453127,-0.275379,0.0289634;-1.58433,0.0552757,-1.5692
0.452663,-0.276227,0.028813;-1.58137,0.104845,-1.57116
0.450915,-0.278003,0.0286416;-1.57152,0.212704,-1.57298
0.450807,-0.278444,0.0285875;-1.57022,0.259092,-1.57035
0.450667,-0.276111,0.0303778;-1.54429,0.241191,-1.56421
0.451032,-0.272494,0.0350655;-1.55233,0.218113,-1.54283
0.444378,-0.29011,0.0288643;-1.56742,0.089362,-1.56103
0.444209,-0.290996,0.0287367;-1.57047,0.0879563,-1.56352
0.444217,-0.29127,0.0285812;-1.57133,0.100491,-1.57128
0.44369,-0.292906,0.0287478;-1.57063,0.195288,-1.57881
0.444771,-0.289257,0.0297246;-1.57334,0.188722,-1.58788
0.446104,-0.274358,0.0344758;-1.6098,0.220085,-1.57805
0.449971,-0.27371,0.033475;-1.67159,0.0608532,-1.56336
0.450171,-0.279658,0.0288916;-1.58407,0.0593729,-1.57187
0.448519,-0.283024,0.0289926;-1.58694,0.0724995,-1.57349
0.446208,-0.287638,0.0286414;-1.57121,0.263903,-1.57407
0.447293,-0.286488,0.0289329;-1.56787,0.273214,-1.57321
0.451574,-0.277926,0.0327906;-1.50939,0.316869,-1.5907
0.45347,-0.270895,0.0331218;-1.64658,0.204338,-1.54068
0.453214,-0.27901,0.0289357;-1.58746,0.180866,-1.56948
0.452221,-0.281607,0.0295131;-1.60179,0.199929,-1.57166
0.446949,-0.292548,0.0290879;-1.57821,0.35021,-1.58639
0.446627,-0.294779,0.0298823;-1.56486,0.39943,-1.59538
0.449468,-0.289475,0.0318028;-1.54054,0.419733,-1.60586
0.449129,-0.287659,0.032402;-1.50101,0.359622,-1.58729
0.446001,-0.290095,0.0289118;-1.57034,0.319444,-1.55928
0.445873,-0.290229,0.028732;-1.57054,0.332067,-1.56373
0.443844,-0.291573,0.0288094;-1.57501,0.43968,-1.57604
0.442867,-0.294195,0.0293404;-1.56978,0.496912,-1.5932
0.444545,-0.293325,0.0319305;-1.56192,0.521797,-1.61993
0.442421,-0.294147,0.0351233;-1.47171,0.462479,-1.63178
0.440128,-0.291783,0.0299479;-1.53876,0.403952,-1.57879
0.439935,-0.291176,0.0287896;-1.57084,0.393081,-1.56059
0.441086,-0.289444,0.0286206;-1.57107,0.47969,-1.56861
0.441021,-0.289304,0.0285961;-1.57119,0.534872,-1.57157
0.440917,-0.28994,0.0289221;-1.57088,0.56185,-1.5857
0.444267,-0.289704,0.0359608;-1.59004,0.480796,-1.6138
0.44075,-0.292456,0.0355822;-1.60034,0.394776,-1.58815
0.438064,-0.293435,0.0293989;-1.58241,0.347668,-1.57946
0.437597,-0.293319,0.0290506;-1.59148,0.417182,-1.56636
0.434774,-0.295403,0.0288023;-1.57209,0.52387,-1.57941
0.433744,-0.297831,0.0288758;-1.57041,0.599981,-1.58514
0.437533,-0.290945,0.0344979;-1.52352,0.610969,-1.64244
0.438608,-0.289658,0.0359196;-1.61531,0.549394,-1.59684
0.440284,-0.290426,0.0322262;-1.60752,0.46836,-1.58973
0.441643,-0.288986,0.0295995;-1.60183,0.350535,-1.56557
0.439457,-0.291705,0.0293052;-1.58694,0.406799,-1.57919
0.43723,-0.293212,0.0313614;-1.58017,0.472047,-1.60623
0.43723,-0.293212,0.0313614;-1.58017,0.472047,-1.60623
0.441014,-0.289225,0.0330652;-1.56213,0.55235,-1.62998
0.441014,-0.289225,0.0330652;-1.56213,0.55235,-1.62998
