0.5,-0.3,0.06;-1.57,-2.98023e-08,-1.57
0.5,-0.3,0.06;-1.57,-2.98023e-08,-1.57
0.5,-0.3,0.06;-1.57,-2.98023e-08,-1.57
0.500527,-0.298143,0.0286613;-1.57124,-0.247736,-1.57565
0.5004,-0.298214,0.0287556;-1.5699,-0.193414,-1.5798
0.501685,-0.287719,0.0301716;-1.54938,-0.0777712,-1.56975
0.4999,-0.268107,0.0372558;-1.71359,-0.0130573,-1.55373
0.503252,-0.282208,0.0286036;-1.57452,-0.222051,-1.57095
0.502003,-0.283864,0.0286167;-1.57085,-0.328674,-1.57284
0.502733,-0.280339,0.028752;-1.57997,-0.452041,-1.57494
0.503213,-0.279691,0.0287563;-1.57117,-0.453165,-1.57893
0.503265,-0.276827,0.0290102;-1.57548,-0.359541,-1.58365
0.500991,-0.260223,0.0338326;-1.61864,-0.206068,-1.57621
0.500339,-0.258871,0.0344428;-1.64928,-0.255031,-1.55806
0.504785,-0.26795,0.0292597;-1.5849,-0.378382,-1.56657
0.506359,-0.271681,0.028642;-1.56956,-0.482758,-1.56815
0.506426,-0.270139,0.0287592;-1.571,-0.504305,-1.57956
0.506178,-0.269886,0.0289958;-1.57731,-0.435113,-1.58732
0.505493,-0.257201,0.0300004;-1.5846,-0.323099,-1.58984
0.50106,-0.253279,0.0352287;-1.67278,-0.249069,-1.57857
0.502425,-0.259954,0.0342415;-1.6666,-0.329686,-1.57876
0.504185,-0.274606,0.0289976;-1.57593,-0.416755,-1.55986
0.505778,-0.278525,0.0285797;-1.57078,-0.523222,-1.57084
0.505778,-0.278588,0.0287583;-1.57056,-0.49369,-1.57924
0.505595,-0.273972,0.0290396;-1.57812,-0.443804,-1.58624
0.504156,-0.265188,0.0297703;-1.59138,-0.371914,-1.58275
0.505232,-0.267205,0.0290657;-1.58922,-0.384042,-1.57983
0.506631,-0.277954,0.0291704;-1.57594,-0.508708,-1.56328
0.507545,-0.281111,0.0289641;-1.57183,-0.529676,-1.56444
0.507652,-0.281387,0.0286592;-1.56646,-0.500939,-1.56872
0.504765,-0.278242,0.0291443;-1.57961,-0.371116,-1.57973
0.501409,-0.27044,0.0304234;-1.59279,-0.282411,-1.57935
0.502668,-0.272637,0.0339393;-1.55522,-0.284777,-1.57627
0.507127,-0.297635,0.0290033;-1.57421,-0.391816,-1.56204
0.507517,-0.299694,0.0293636;-1.5707,-0.423723,-1.55604
0.508057,-0.301274,0.029384;-1.56322,-0.416668,-1.55777
0.509654,-0.297493,0.0320053;-1.50486,-0.330989,-1.54936
0.506813,-0.288359,0.0333503;-1.50316,-0.233214,-1.55841
0.504857,-0.284898,0.034873;-1.48301,-0.187575,-1.57354
0.509016,-0.299419,0.0302069;-1.53741,-0.26009,-1.57425
0.50951,-0.302204,0.0296747;-1.54421,-0.273124,-1.56818
0.509675,-0.303801,0.030009;-1.53817,-0.283849,-1.56298
0.511939,-0.304029,0.0355494;-1.43502,-0.257584,-1.54596
0.514823,-0.30006,0.0383228;-1.40438,-0.157981,-1.54821
0.512266,-0.287512,0.0370518;-1.44133,-0.0900283,-1.55251
0.513965,-0.290923,0.0339891;-1.49386,-0.152552,-1.59408
0.514897,-0.293549,0.0296719;-1.55139,-0.142711,-1.58144
0.514256,-0.29455,0.0287788;-1.56607,-0.184328,-1.56492
0.515806,-0.28689,0.0304428;-1.55973,-0.081448,-1.54054
0.51871,-0.276456,0.0347434;-1.48728,-0.0451603,-1.53633
0.518366,-0.264125,0.0361093;-1.52364,0.0312736,-1.5448
0.5204,-0.271583,0.0288559;-1.5686,-0.0595867,-1.58375
0.519719,-0.272157,0.0287345;-1.56477,-0.102151,-1.57187
0.519139,-0.274292,0.0285806;-1.57074,-0.115924,-1.57084
0.520868,-0.268535,0.0298861;-1.54544,-0.0090645,-1.56136
0.523278,-0.259247,0.0347431;-1.48227,0.0893738,-1.55155
0.522953,-0.248594,0.0388458;-1.52178,0.180185,-1.5518
0.524134,-0.24953,0.0287179;-1.57053,0.0334385,-1.56414
0.523838,-0.25027,0.028589;-1.57064,-0.031538,-1.57154
0.523726,-0.251669,0.0285803;-1.57081,-0.0701605,-1.57083
0.524534,-0.251301,0.0286331;-1.57102,-0.104501,-1.56815
0.526481,-0.245252,0.0297503;-1.55141,-0.0469449,-1.55979
0.525058,-0.237977,0.0335631;-1.57842,0.0333261,-1.54385
0.525384,-0.236093,0.0345806;-1.55451,0.0599051,-1.55022
0.526311,-0.241881,0.0291629;-1.55074,-0.0138981,-1.56872
0.525998,-0.24243,0.0287447;-1.56631,-0.0512051,-1.57419
0.525132,-0.244743,0.0289196;-1.56309,-0.105461,-1.57861
0.525344,-0.244383,0.0285763;-1.57176,-0.088287,-1.56957
0.525178,-0.24083,0.0295312;-1.5752,-0.0354187,-1.56607
0.518591,-0.23526,0.0354222;-1.62493,0.0659445,-1.52499
0.520318,-0.235034,0.0354035;-1.58816,0.0180984,-1.51965
0.521516,-0.242063,0.0288469;-1.57122,-0.0543291,-1.55794
0.522488,-0.246553,0.0285845;-1.57045,-0.113096,-1.57084
0.522442,-0.246506,0.0285787;-1.57082,-0.0671547,-1.57065
0.522855,-0.24405,0.0286941;-1.56873,0.00419207,-1.56697
0.521452,-0.238739,0.0359487;-1.61522,0.115099,-1.5485
0.520984,-0.237209,0.0383051;-1.59329,0.068532,-1.53363
0.521079,-0.241183,0.0314408;-1.59168,-0.0136025,-1.53562
0.5201,-0.251123,0.0286846;-1.571,-0.131866,-1.56572
0.520674,-0.251072,0.0285952;-1.57092,-0.0889694,-1.57
0.52082,-0.251602,0.0286974;-1.57095,-0.007023,-1.5779
0.522931,-0.235838,0.0320373;-1.61497,0.0794578,-1.56944
0.522343,-0.236054,0.0349726;-1.60864,0.0482989,-1.54267
0.520071,-0.243902,0.0301248;-1.57761,-0.033189,-1.54613
0.519862,-0.258108,0.0288558;-1.56532,-0.181883,-1.56202
0.520298,-0.258038,0.0288687;-1.5567,-0.149892,-1.56855
0.520766,-0.25703,0.0285847;-1.57103,-0.107722,-1.57128
0.521854,-0.235359,0.0314157;-1.60322,0.0289274,-1.58228
0.520812,-0.237669,0.0334609;-1.57502,0.00404228,-1.5754
0.52067,-0.242847,0.0294405;-1.55315,-0.0526783,-1.56004
0.524524,-0.252798,0.0296146;-1.54836,-0.134583,-1.56032
0.5264,-0.253932,0.0289918;-1.56664,-0.136149,-1.55484
0.526597,-0.253909,0.0290193;-1.56077,-0.12999,-1.5583
0.528346,-0.239283,0.0301726;-1.57582,0.0182652,-1.58455
0.527079,-0.237846,0.0315355;-1.53845,0.0312663,-1.5748
0.526341,-0.238478,0.0314517;-1.5206,0.0291157,-1.56829
0.524027,-0.246923,0.0289379;-1.56755,-0.101779,-1.55824
0.526452,-0.254585,0.0291613;-1.55938,-0.154367,-1.55773
0.527167,-0.253292,0.028867;-1.57098,-0.133142,-1.55682
0.528692,-0.250322,0.0291124;-1.55028,-0.0660064,-1.56372
0.527959,-0.235535,0.0306542;-1.57524,0.061829,-1.5817
0.530188,-0.239149,0.0311223;-1.54142,0.00507598,-1.58684
0.529965,-0.242502,0.0286652;-1.56498,-0.0635002,-1.57012
0.529241,-0.252093,0.0289021;-1.56751,-0.202926,-1.55807
0.529722,-0.250851,0.0290071;-1.56464,-0.1886,-1.55507
0.530788,-0.247302,0.0291182;-1.55962,-0.14515,-1.55385
0.525086,-0.234443,0.0299028;-1.58498,0.0508687,-1.58259
0.526884,-0.238668,0.0314113;-1.54506,-0.0194997,-1.59301
0.526933,-0.241612,0.0301605;-1.55624,-0.0728372,-1.59264
0.525605,-0.244606,0.0287837;-1.56406,-0.148426,-1.56655
0.526026,-0.244953,0.028947;-1.56195,-0.145778,-1.56068
0.52624,-0.242796,0.0292498;-1.57191,-0.113328,-1.55334
0.523381,-0.233847,0.0316108;-1.59866,0.048715,-1.56834
0.522854,-0.23367,0.0312829;-1.55216,0.0306932,-1.5803
0.522531,-0.235545,0.0289616;-1.55389,-0.00874644,-1.57197
0.521952,-0.241738,0.0289427;-1.56076,-0.101833,-1.56204
0.521585,-0.245379,0.0290849;-1.55391,-0.134499,-1.56084
0.521709,-0.24538,0.0290085;-1.56747,-0.130603,-1.55312
0.521893,-0.234061,0.0322451;-1.57418,0.0197883,-1.54834
0.521099,-0.233746,0.0333688;-1.57592,0.0410626,-1.55195
0.521698,-0.234995,0.0311309;-1.51861,0.0231403,-1.56931
0.521758,-0.2409,0.028992;-1.55217,-0.0439942,-1.57111
0.521513,-0.244119,0.0289146;-1.55466,-0.0801729,-1.56929
0.522228,-0.24535,0.0290147;-1.55086,-0.0845268,-1.56782
0.523249,-0.236347,0.0311708;-1.55352,0.0424965,-1.54951
0.523816,-0.236942,0.0353409;-1.54525,0.0828964,-1.56028
0.524581,-0.238544,0.0340831;-1.49858,0.0859384,-1.55986
0.525934,-0.239825,0.0292279;-1.5449,0.0236881,-1.5764
0.525809,-0.243436,0.0290295;-1.55248,-0.0203112,-1.57348
0.526034,-0.245315,0.0291197;-1.54919,-0.048957,-1.57383
0.527489,-0.242025,0.0292351;-1.55611,0.038538,-1.56485
0.526452,-0.239209,0.0315231;-1.54836,0.111364,-1.55852
0.522919,-0.242969,0.0326205;-1.55707,0.162344,-1.54908
0.525581,-0.242541,0.0288595;-1.56275,0.035636,-1.56518
0.525405,-0.245085,0.0288943;-1.5566,4.90546e-05,-1.57156
0.525261,-0.249114,0.0289498;-1.55642,-0.033548,-1.57348
0.526667,-0.249484,0.028652;-1.56738,0.0401723,-1.57089
0.527726,-0.241472,0.031226;-1.53362,0.137,-1.56537
0.527472,-0.242894,0.0333506;-1.52636,0.162314,-1.56106
0.530197,-0.246524,0.0302749;-1.54222,0.0165431,-1.56204
0.529845,-0.249122,0.0289286;-1.55427,-0.0149453,-1.56998
0.52985,-0.252911,0.0289303;-1.55596,-0.0536652,-1.57187
0.531067,-0.253082,0.0288841;-1.55597,-0.0102193,-1.57061
0.532943,-0.250701,0.0299881;-1.54224,0.0343842,-1.57
0.533749,-0.240356,0.0346916;-1.48545,0.108094,-1.56977
0.530229,-0.247249,0.0305029;-1.55822,0.00238213,-1.54782
0.529945,-0.253976,0.0288722;-1.56679,-0.071599,-1.56068
0.529923,-0.258887,0.0288104;-1.56642,-0.130823,-1.56359
0.531709,-0.260012,0.0287141;-1.56442,-0.142684,-1.56988
0.533722,-0.258389,0.0294696;-1.5548,-0.0686263,-1.57392
0.535442,-0.252706,0.0348196;-1.47173,0.0110099,-1.57414
0.533517,-0.245606,0.0365391;-1.44019,-0.0075133,-1.55499
0.531437,-0.252293,0.0290336;-1.57824,-0.101841,-1.55493
0.530943,-0.258344,0.0292018;-1.57082,-0.171995,-1.55783
0.533063,-0.263356,0.0288008;-1.57094,-0.219757,-1.56019
0.534346,-0.261527,0.0288397;-1.55795,-0.134978,-1.56882
0.537019,-0.256097,0.0302829;-1.54906,-0.0337514,-1.57484
0.537536,-0.244292,0.0353425;-1.44708,0.0152145,-1.56833
0.53725,-0.25025,0.0287608;-1.57098,-0.086106,-1.56202
0.53784,-0.253514,0.0288087;-1.57207,-0.156297,-1.56187
0.538915,-0.263922,0.0287498;-1.57068,-0.305818,-1.56254
0.53916,-0.26306,0.0288014;-1.56556,-0.275477,-1.5637
0.540778,-0.257278,0.0294433;-1.55442,-0.198496,-1.56774
0.537942,-0.252116,0.0325726;-1.50133,-0.117385,-1.55657
0.537226,-0.254494,0.0333725;-1.47803,-0.147691,-1.55748
0.536832,-0.257245,0.0287326;-1.56541,-0.250056,-1.56738
0.538343,-0.262978,0.029043;-1.57342,-0.318106,-1.55888
0.538793,-0.261679,0.0288343;-1.57092,-0.29355,-1.55853
0.539683,-0.258061,0.0291729;-1.55044,-0.227365,-1.56104
0.53643,-0.248407,0.0323839;-1.50923,-0.0732314,-1.56048
0.53553,-0.250001,0.0341837;-1.46819,-0.101595,-1.5614
0.535544,-0.251535,0.0324255;-1.49223,-0.151343,-1.56498
0.534102,-0.255355,0.0287587;-1.57117,-0.255011,-1.56216
0.533945,-0.255128,0.0290613;-1.56751,-0.253835,-1.5567
0.533751,-0.251168,0.0297765;-1.56345,-0.198965,-1.54931
0.530609,-0.237939,0.0325557;-1.55685,0.0170599,-1.54877
0.529247,-0.239374,0.0313453;-1.52474,0.0124817,-1.57496
0.528732,-0.241409,0.0310544;-1.52545,-0.0338024,-1.5827
0.528516,-0.245824,0.0289657;-1.55469,-0.118524,-1.57113
0.528385,-0.249344,0.0294919;-1.54111,-0.154417,-1.56681
0.528348,-0.249449,0.0301627;-1.53492,-0.136196,-1.56012
0.528348,-0.249449,0.0301627;-1.53492,-0.136196,-1.56012
0.527149,-0.244007,0.0324419;-1.52484,-0.0499388,-1.54867
0.527149,-0.244007,0.0324419;-1.52484,-0.0499388,-1.54867
