0.5,-0.3,0.06;-1.57,-2.98023e-08,-1.57
0.5,-0.3,0.06;-1.57,-2.98023e-08,-1.57
0.5,-0.3,0.06;-1.57,-2.98023e-08,-1.57
0.498964,-0.302387,0.0285831;-1.57074,-0.224307,-1.57028
0.499451,-0.300779,0.0286652;-1.56803,-0.181872,-1.56869
0.501898,-0.287688,0.0303262;-1.54717,-0.0723701,-1.55748
0.501258,-0.265856,0.0325251;-1.59612,-0.00820747,-1.52875
0.504669,-0.273491,0.0285872;-1.57146,-0.198012,-1.56943
0.503492,-0.275639,0.028691;-1.56549,-0.272842,-1.56901
0.503308,-0.276109,0.0286084;-1.57085,-0.301339,-1.56941
0.504115,-0.273689,0.0286848;-1.56566,-0.192368,-1.56982
0.506551,-0.263987,0.0306293;-1.53216,-0.0833137,-1.56032
0.506099,-0.247282,0.0357787;-1.52956,0.0410892,-1.53904
0.505559,-0.245312,0.0320432;-1.58635,-0.00165072,-1.52906
0.50692,-0.252863,0.028963;-1.57554,-0.0657982,-1.55699
0.506258,-0.256483,0.0287815;-1.56501,-0.147279,-1.5658
0.505828,-0.257768,0.0285806;-1.57074,-0.157541,-1.57083
0.506783,-0.258056,0.0291603;-1.55438,-0.0963309,-1.58094
0.509856,-0.251474,0.0318538;-1.52377,-0.0266769,-1.58145
0.506197,-0.239484,0.0375368;-1.56225,0.032253,-1.54368
0.509315,-0.241903,0.0376327;-1.56918,-0.0449178,-1.5531
0.510786,-0.248722,0.0286112;-1.57085,-0.129708,-1.56942
0.510283,-0.250253,0.0290172;-1.58825,-0.134088,-1.57693
0.509573,-0.251577,0.0292333;-1.58223,-0.10063,-1.59143
0.509375,-0.250341,0.0304792;-1.5665,-0.0522055,-1.59992
0.510078,-0.241867,0.0339719;-1.67472,-0.00665282,-1.57888
0.509922,-0.234766,0.0366824;-1.70469,-0.00408859,-1.54865
0.512097,-0.249597,0.0300084;-1.60845,-0.0930545,-1.57867
0.511428,-0.25409,0.029705;-1.59651,-0.0902972,-1.58485
0.511628,-0.256126,0.0309395;-1.59762,-0.0831542,-1.60239
0.5127,-0.255266,0.0342341;-1.55787,0.0248879,-1.62524
0.512886,-0.248026,0.0395431;-1.63662,0.0757281,-1.60364
0.511601,-0.244816,0.0424053;-1.70166,0.0493095,-1.55929
0.511935,-0.263127,0.0302216;-1.61032,-0.0711134,-1.57692
0.51058,-0.266719,0.0289942;-1.58493,-0.113139,-1.58199
0.510913,-0.267095,0.0290213;-1.58459,-0.108789,-1.5832
0.510827,-0.266388,0.030374;-1.56415,-0.109532,-1.60303
0.512302,-0.258643,0.0358868;-1.49017,-0.0500714,-1.59514
0.510793,-0.254527,0.040377;-1.53882,-0.0499265,-1.55804
0.50811,-0.258705,0.0289108;-1.57607,-0.166237,-1.56067
0.508073,-0.2606,0.0288644;-1.55794,-0.188591,-1.56705
0.508104,-0.260589,0.0286252;-1.57073,-0.190845,-1.56862
0.508183,-0.260403,0.028581;-1.57076,-0.163936,-1.57079
0.509536,-0.258187,0.0296424;-1.55094,-0.121815,-1.56376
0.510873,-0.253455,0.031734;-1.55203,-0.0776018,-1.55324
0.506678,-0.253122,0.0300877;-1.57267,-0.158256,-1.5436
0.506347,-0.257101,0.0289033;-1.56647,-0.200171,-1.55885
0.506013,-0.258651,0.0287285;-1.57047,-0.225634,-1.56399
0.505928,-0.258548,0.0286152;-1.57072,-0.210533,-1.5725
0.507055,-0.259158,0.0289704;-1.55587,-0.132639,-1.57283
0.508209,-0.255928,0.0303528;-1.54539,-0.0375109,-1.57184
0.50181,-0.261499,0.0304406;-1.5769,-0.12131,-1.53865
0.498838,-0.272946,0.0289245;-1.56916,-0.230774,-1.55902
0.498625,-0.276916,0.0288261;-1.56321,-0.27071,-1.56413
0.498879,-0.275428,0.0286311;-1.57076,-0.217276,-1.57323
0.500529,-0.274504,0.0294872;-1.53732,-0.176384,-1.57115
0.503585,-0.264369,0.0344628;-1.4716,-0.0777263,-1.56978
0.498228,-0.260756,0.03112;-1.57344,-0.164694,-1.52717
0.498378,-0.270111,0.0294071;-1.57221,-0.267639,-1.55224
0.497314,-0.278436,0.0293224;-1.55869,-0.328776,-1.5592
0.497334,-0.278929,0.0287564;-1.57072,-0.284477,-1.57929
0.498274,-0.279284,0.0302165;-1.56574,-0.244467,-1.60097
0.500042,-0.273362,0.0330602;-1.53549,-0.158583,-1.61108
0.495828,-0.258176,0.0361697;-1.71379,-0.0881195,-1.58587
0.498688,-0.263321,0.0368225;-1.73751,-0.185789,-1.59872
0.499961,-0.272778,0.0340785;-1.66962,-0.244964,-1.58139
0.504732,-0.280754,0.0294451;-1.59634,-0.298825,-1.5853
0.505522,-0.277993,0.0306745;-1.57062,-0.263063,-1.60664
0.506876,-0.264589,0.0323613;-1.5581,-0.146677,-1.62875
0.50492,-0.237448,0.0385284;-1.7132,-0.0400746,-1.61171
0.506446,-0.240948,0.0387516;-1.72999,-0.0943675,-1.6155
0.50669,-0.241916,0.035726;-1.72136,-0.111054,-1.58992
0.506964,-0.246687,0.029391;-1.5922,-0.109652,-1.5799
0.505492,-0.248596,0.0293039;-1.58634,-0.0778827,-1.58788
0.504315,-0.249884,0.0308735;-1.57314,-0.0697528,-1.61007
0.503179,-0.251841,0.0348464;-1.62863,-0.00959205,-1.61732
0.503022,-0.247749,0.0346664;-1.68294,-0.0842196,-1.593
0.50357,-0.24795,0.0343533;-1.6875,-0.118548,-1.58191
0.51261,-0.2664,0.0293732;-1.57911,-0.298569,-1.56278
0.512218,-0.265488,0.0287569;-1.57091,-0.27401,-1.56218
0.51187,-0.264998,0.0286358;-1.57121,-0.24501,-1.57377
0.51419,-0.266462,0.0306104;-1.55214,-0.113942,-1.59432
0.512262,-0.265568,0.0291586;-1.58652,-0.124994,-1.57711
0.511437,-0.266836,0.0304825;-1.5985,-0.138832,-1.55576
0.520719,-0.284799,0.03057;-1.5783,-0.332964,-1.54279
0.522985,-0.287874,0.0294984;-1.57651,-0.383046,-1.55406
0.523875,-0.289339,0.028848;-1.57376,-0.409789,-1.56175
0.526561,-0.288187,0.0305892;-1.53506,-0.376947,-1.57853
0.524036,-0.286658,0.028861;-1.57169,-0.40737,-1.56827
0.523207,-0.284688,0.0314818;-1.59074,-0.407025,-1.53826
0.524648,-0.287905,0.0302669;-1.57546,-0.446215,-1.54643
0.526581,-0.291073,0.0290996;-1.57117,-0.493334,-1.55635
0.527698,-0.292404,0.0288177;-1.57158,-0.525396,-1.56016
0.529589,-0.292738,0.029236;-1.54884,-0.491531,-1.5735
0.529094,-0.290947,0.0293898;-1.56495,-0.489053,-1.55881
0.527722,-0.28732,0.0307162;-1.58062,-0.45813,-1.54289
0.52774,-0.287913,0.0289608;-1.57048,-0.475508,-1.55825
0.531259,-0.294829,0.0294843;-1.57219,-0.57264,-1.55511
0.532199,-0.29507,0.0294231;-1.57677,-0.579809,-1.55684
0.531811,-0.294259,0.0287806;-1.58082,-0.534078,-1.57503
0.531614,-0.286688,0.0321102;-1.60366,-0.42722,-1.6144
0.531122,-0.282104,0.0320997;-1.65335,-0.449835,-1.61111
0.531304,-0.28192,0.0321044;-1.65958,-0.46031,-1.61128
0.538213,-0.294246,0.0315107;-1.63373,-0.578904,-1.59215
0.540588,-0.295614,0.0315158;-1.64672,-0.595678,-1.60793
0.542259,-0.298227,0.0304069;-1.60158,-0.597345,-1.60671
0.546267,-0.297832,0.0354085;-1.60293,-0.496941,-1.65702
0.544503,-0.293545,0.0343772;-1.63522,-0.518955,-1.64723
0.543618,-0.290214,0.0348012;-1.71949,-0.532533,-1.64782
0.541879,-0.293401,0.0302721;-1.59808,-0.537358,-1.57989
0.541609,-0.293328,0.0305505;-1.60907,-0.547222,-1.58329
0.542226,-0.293791,0.0304808;-1.59905,-0.576475,-1.60281
0.545912,-0.299007,0.033473;-1.55993,-0.560196,-1.63637
0.54386,-0.297183,0.0319631;-1.57712,-0.594784,-1.62191
0.542516,-0.295732,0.0310765;-1.64243,-0.604976,-1.61254
0.542276,-0.296633,0.0295362;-1.55758,-0.560707,-1.56286
0.541521,-0.293761,0.0296368;-1.56568,-0.502921,-1.55669
0.541232,-0.294153,0.0294353;-1.56786,-0.492198,-1.55499
0.548459,-0.301626,0.0342307;-1.46823,-0.410502,-1.54941
0.549228,-0.302474,0.0342843;-1.4663,-0.378093,-1.54656
0.546998,-0.299494,0.0287145;-1.57401,-0.396464,-1.56855
0.547709,-0.30113,0.0291018;-1.57234,-0.43216,-1.55998
0.5499,-0.307774,0.0292091;-1.57592,-0.521765,-1.56007
0.551052,-0.312139,0.0298862;-1.5719,-0.570094,-1.54565
0.55607,-0.312609,0.0316345;-1.49699,-0.548833,-1.53499
0.557471,-0.307955,0.0343581;-1.45169,-0.43248,-1.52362
0.556121,-0.307027,0.0320995;-1.4973,-0.4271,-1.54107
0.556164,-0.306063,0.0289207;-1.57673,-0.505759,-1.56237
0.556591,-0.307874,0.0289098;-1.57103,-0.537881,-1.56106
0.557088,-0.309523,0.0293115;-1.57432,-0.565408,-1.55797
0.558984,-0.307034,0.0311489;-1.58066,-0.571755,-1.5369
0.556294,-0.29552,0.0312745;-1.58091,-0.445059,-1.55053
0.554921,-0.286261,0.0294235;-1.56286,-0.417484,-1.56479
0.55403,-0.283171,0.028632;-1.57087,-0.441839,-1.5684
0.55439,-0.283942,0.0287534;-1.56953,-0.461473,-1.56313
0.555058,-0.287186,0.0288162;-1.57064,-0.529992,-1.56129
0.553375,-0.28715,0.0297258;-1.57299,-0.511255,-1.54657
0.54943,-0.28092,0.0301387;-1.5858,-0.391344,-1.57148
0.54865,-0.274756,0.0315176;-1.58042,-0.332766,-1.59863
0.548204,-0.27005,0.0289251;-1.5709,-0.350686,-1.58691
0.54848,-0.269845,0.0287028;-1.57073,-0.36734,-1.57657
0.551038,-0.273393,0.0290961;-1.59324,-0.41662,-1.58248
0.555309,-0.282951,0.0306403;-1.62565,-0.413456,-1.59058
0.553773,-0.277745,0.0318892;-1.63091,-0.346322,-1.60237
0.553559,-0.273357,0.0325495;-1.58015,-0.286861,-1.62247
0.553959,-0.268079,0.0310852;-1.57013,-0.281656,-1.61351
0.554004,-0.267157,0.0289446;-1.57466,-0.292787,-1.58539
0.555007,-0.26889,0.0293708;-1.59023,-0.317153,-1.58548
0.558889,-0.277672,0.0327862;-1.66944,-0.437124,-1.61306
0.557086,-0.273489,0.0343102;-1.68344,-0.404247,-1.61873
0.555255,-0.269169,0.0334055;-1.64255,-0.348228,-1.618
0.551925,-0.26198,0.0323797;-1.5598,-0.296385,-1.61605
0.552961,-0.261301,0.0291174;-1.57647,-0.295448,-1.59104
0.553295,-0.261529,0.0286862;-1.57086,-0.303515,-1.57588
0.556557,-0.268976,0.0294767;-1.60037,-0.438956,-1.57738
0.555536,-0.270013,0.0311617;-1.59896,-0.427556,-1.5526
0.553444,-0.26827,0.0321943;-1.61072,-0.379441,-1.5658
0.551616,-0.262607,0.0318697;-1.50429,-0.340028,-1.55238
0.551176,-0.262613,0.0328418;-1.48419,-0.33874,-1.54455
0.551019,-0.262434,0.0321429;-1.48953,-0.33398,-1.55151
0.555489,-0.270453,0.0290586;-1.57552,-0.51554,-1.56175
0.556455,-0.272748,0.030708;-1.57758,-0.542047,-1.53831
0.555074,-0.272657,0.0311653;-1.58242,-0.529445,-1.53746
0.555741,-0.268279,0.0308738;-1.55293,-0.507454,-1.54666
0.553867,-0.267253,0.0302112;-1.53794,-0.498989,-1.55833
0.553607,-0.267423,0.0304266;-1.52556,-0.493955,-1.55855
0.555088,-0.269795,0.0287371;-1.57128,-0.551092,-1.56337
0.55547,-0.270118,0.0298268;-1.57788,-0.54793,-1.55085
0.556059,-0.271719,0.0308728;-1.57673,-0.551083,-1.53653
0.55628,-0.267816,0.0333901;-1.57721,-0.489373,-1.53442
0.551246,-0.264877,0.0306546;-1.53676,-0.436096,-1.55335
0.550018,-0.26434,0.0304092;-1.52741,-0.424385,-1.55866
0.550111,-0.26601,0.0287555;-1.56222,-0.486933,-1.56523
0.551894,-0.267435,0.0288315;-1.57317,-0.517593,-1.56163
0.554106,-0.269945,0.0293904;-1.57473,-0.536445,-1.55223
0.552219,-0.271919,0.0357975;-1.64736,-0.462428,-1.57399
0.550847,-0.264208,0.0362886;-1.57174,-0.446399,-1.57173
0.547274,-0.262737,0.0330806;-1.53208,-0.396928,-1.58358
0.547217,-0.262887,0.032044;-1.54167,-0.386967,-1.59677
0.548921,-0.264147,0.028884;-1.56974,-0.438936,-1.58051
0.550593,-0.266163,0.0301855;-1.62095,-0.478662,-1.59639
0.550593,-0.266163,0.0301855;-1.62095,-0.478662,-1.59639
0.552679,-0.269731,0.0343718;-1.69718,-0.503511,-1.62644
0.552679,-0.269731,0.0343718;-1.69718,-0.503511,-1.62644
