0.5,-0.3,0.06;-1.57,-2.98023e-08,-1.57
0.5,-0.3,0.06;-1.57,-2.98023e-08,-1.57
0.5,-0.3,0.06;-1.57,-2.98023e-08,-1.57
0.499844,-0.303716,0.0287127;-1.57661,-0.208488,-1.57088
0.500493,-0.302562,0.0286722;-1.57396,-0.246861,-1.57292
0.501807,-0.298886,0.0299502;-1.55951,-0.233864,-1.57528
0.502759,-0.284546,0.0349404;-1.57265,-0.176801,-1.56376
0.50202,-0.292073,0.028632;-1.57338,-0.237174,-1.57147
0.501763,-0.292729,0.0288249;-1.58014,-0.237816,-1.57045
0.501344,-0.293712,0.0287248;-1.57634,-0.229517,-1.57068
0.500439,-0.291403,0.0286741;-1.56912,-0.0864205,-1.57664
0.50387,-0.278112,0.0303573;-1.55111,-0.00993754,-1.57842
0.506806,-0.253991,0.0332914;-1.65725,0.0722161,-1.57483
0.507919,-0.249922,0.0318408;-1.62163,0.0182011,-1.56234
0.509719,-0.256421,0.0285887;-1.57103,-0.0769486,-1.5712
0.510277,-0.257041,0.0286382;-1.57329,-0.130626,-1.57146
0.511944,-0.257359,0.0286373;-1.57351,-0.217473,-1.57142
0.512844,-0.255413,0.0291618;-1.57613,-0.171921,-1.58686
0.516812,-0.246055,0.0305712;-1.58523,-0.116188,-1.59516
0.517055,-0.238464,0.0340318;-1.58365,-0.0470708,-1.59297
0.516202,-0.240166,0.030382;-1.60952,-0.0629854,-1.58209
0.516135,-0.241518,0.028605;-1.57048,-0.0795777,-1.5722
0.515659,-0.242402,0.0286454;-1.57383,-0.0642902,-1.57111
0.515062,-0.243314,0.0288018;-1.57127,-0.025785,-1.5814
0.515551,-0.243079,0.0296158;-1.57821,0.00974942,-1.58941
0.517054,-0.237825,0.030706;-1.5999,0.0168509,-1.58738
0.517868,-0.234845,0.0289116;-1.58255,-0.017678,-1.5773
0.51847,-0.239858,0.0290686;-1.56132,-0.0769376,-1.57683
0.519174,-0.242189,0.029203;-1.56089,-0.113682,-1.57965
0.519689,-0.243443,0.0291499;-1.57112,-0.136444,-1.58874
0.521948,-0.24182,0.0309248;-1.57416,-0.106841,-1.60118
0.522186,-0.238451,0.032836;-1.5783,-0.0583042,-1.60928
0.521698,-0.238193,0.0334439;-1.54339,-0.0532116,-1.59777
0.520654,-0.241174,0.0287124;-1.5745,-0.0942178,-1.5754
0.520059,-0.242177,0.0286641;-1.57452,-0.0607207,-1.57152
0.519201,-0.2436,0.0286947;-1.5748,-0.0250676,-1.57297
0.518805,-0.244081,0.0294139;-1.57573,0.0782499,-1.58564
0.520129,-0.239209,0.03139;-1.5947,0.116187,-1.59718
0.520924,-0.237702,0.0322231;-1.60402,0.0914588,-1.59708
0.523088,-0.235672,0.0287554;-1.57088,0.00365648,-1.58036
0.523447,-0.236406,0.028661;-1.57307,-0.0370143,-1.57327
0.524223,-0.23961,0.0287692;-1.57217,-0.0857379,-1.58079
0.524839,-0.240036,0.0288571;-1.57484,-0.0754992,-1.58225
0.525886,-0.237048,0.0301351;-1.5786,-0.0380665,-1.59276
0.525883,-0.234264,0.0327871;-1.60809,0.00246203,-1.6051
0.525016,-0.235045,0.0288723;-1.57092,-0.0170165,-1.58479
0.525083,-0.236065,0.0286223;-1.57077,-0.0170384,-1.57281
0.524763,-0.237244,0.0286491;-1.57085,-0.00312895,-1.57404
0.524001,-0.239718,0.0287572;-1.57037,0.0651208,-1.57984
0.523788,-0.239652,0.0294604;-1.5788,0.112627,-1.58445
0.524288,-0.240945,0.0330154;-1.58091,0.137391,-1.59723
0.525474,-0.238722,0.0287979;-1.56975,0.0430226,-1.58052
0.5252,-0.239031,0.0285898;-1.56981,-0.0158522,-1.57023
0.524333,-0.242266,0.0287137;-1.56594,-0.0812662,-1.56873
0.524444,-0.244128,0.0285833;-1.57144,-0.139029,-1.57139
0.525232,-0.241942,0.0300138;-1.57281,-0.109444,-1.59006
0.524783,-0.238412,0.0319138;-1.59567,-0.0573013,-1.60056
0.523498,-0.238326,0.0323846;-1.53914,-0.0522312,-1.6092
0.523376,-0.238484,0.028861;-1.56978,-0.0613884,-1.58406
0.523448,-0.239402,0.0286997;-1.57113,-0.0572293,-1.57715
0.52331,-0.241639,0.0288799;-1.57097,0.000692755,-1.58636
0.523347,-0.24285,0.0293056;-1.58005,0.0350964,-1.58724
0.523369,-0.243285,0.0308807;-1.5778,0.0773813,-1.59833
0.523439,-0.241416,0.0300158;-1.57526,0.060668,-1.59352
0.523179,-0.240261,0.02887;-1.57196,0.0262838,-1.58427
0.523017,-0.240325,0.0287139;-1.57087,-0.00976894,-1.57804
0.522345,-0.240974,0.0287087;-1.57002,-0.0813839,-1.57697
0.522457,-0.241038,0.0287548;-1.57918,-0.085448,-1.57156
0.52284,-0.241252,0.0293275;-1.59477,-0.0783957,-1.58035
0.522888,-0.238245,0.0325413;-1.6209,-0.0421144,-1.58666
0.522742,-0.239928,0.0307649;-1.57346,-0.0426978,-1.60532
0.52262,-0.240306,0.0302271;-1.56208,-0.0421467,-1.60103
0.522905,-0.241132,0.0286758;-1.57099,-0.0275432,-1.57607
0.522727,-0.242221,0.0287705;-1.57075,0.00890949,-1.58103
0.522666,-0.243141,0.029076;-1.57933,0.0313489,-1.58817
0.522556,-0.24272,0.0323164;-1.58348,0.088806,-1.60903
0.522818,-0.241485,0.0335256;-1.51762,0.05498,-1.60624
0.522403,-0.239989,0.0292053;-1.56158,0.0350869,-1.57795
0.521767,-0.243589,0.0288352;-1.56088,-0.0503839,-1.56791
0.521866,-0.243785,0.0285832;-1.5722,-0.0660519,-1.57079
0.522492,-0.243762,0.0290308;-1.58881,-0.0657081,-1.57689
0.52397,-0.242186,0.0312086;-1.60744,-0.0330757,-1.58708
0.524083,-0.244565,0.0329545;-1.55359,-0.0651746,-1.59814
0.52343,-0.246109,0.03288;-1.5173,-0.065108,-1.595
0.523888,-0.245498,0.0287983;-1.5702,-0.0493321,-1.58087
0.523655,-0.246538,0.0287328;-1.57079,0.00217715,-1.57869
0.523786,-0.247643,0.0290369;-1.56977,0.0383745,-1.58765
0.525053,-0.243566,0.0323669;-1.57468,0.120903,-1.60927
0.524679,-0.238793,0.033197;-1.60506,0.10143,-1.59459
0.524303,-0.240168,0.0289061;-1.57365,0.0923904,-1.58305
0.524399,-0.24192,0.0286061;-1.57083,0.000231832,-1.57216
0.524468,-0.241951,0.0285928;-1.57172,-0.00273124,-1.57127
0.524512,-0.241713,0.0289248;-1.58744,-0.00559577,-1.57118
0.52486,-0.238606,0.0317337;-1.57688,0.0603081,-1.61242
0.525977,-0.239572,0.0323125;-1.5495,0.0251887,-1.61427
0.526189,-0.240391,0.0327435;-1.54356,0.0239999,-1.61241
0.526651,-0.244433,0.032813;-1.51916,0.00358612,-1.59842
0.527053,-0.243789,0.0286077;-1.57078,0.0452099,-1.57211
0.526238,-0.244784,0.0287871;-1.57111,0.110608,-1.58039
0.525796,-0.24514,0.0290556;-1.57889,0.130852,-1.58431
0.525516,-0.247746,0.0330774;-1.61277,0.158516,-1.60036
0.525527,-0.249368,0.0311624;-1.60427,0.114678,-1.58469
0.525723,-0.250722,0.0288808;-1.57067,0.0882949,-1.58515
0.526118,-0.251302,0.028579;-1.57078,0.0555678,-1.57086
0.526184,-0.251176,0.0285797;-1.571,0.0517215,-1.57084
0.526471,-0.250765,0.0285875;-1.57153,0.0324073,-1.57134
0.530084,-0.248066,0.0324869;-1.59589,0.0109964,-1.60085
0.530413,-0.248451,0.0333947;-1.55289,-0.0276286,-1.59939
0.531417,-0.251225,0.0324801;-1.53465,-0.0447698,-1.61089
0.532436,-0.25223,0.0286488;-1.57668,-0.0487525,-1.57211
0.5322,-0.250882,0.028691;-1.57108,0.00178644,-1.56547
0.531795,-0.25039,0.02898;-1.57642,0.0300547,-1.5568
0.531672,-0.248367,0.0320934;-1.62215,0.129614,-1.58067
0.531611,-0.244851,0.0313098;-1.61407,0.126111,-1.58041
0.531761,-0.245787,0.0289545;-1.57456,0.113426,-1.58424
0.532056,-0.246783,0.0286591;-1.57423,0.0834449,-1.57018
0.532024,-0.247007,0.0286181;-1.57255,0.0744054,-1.57071
0.532286,-0.246721,0.0285924;-1.57124,0.0788132,-1.57
0.533154,-0.240023,0.0316744;-1.60457,0.0984179,-1.57252
0.534796,-0.238996,0.0348939;-1.59636,0.0542022,-1.57321
0.534963,-0.24596,0.0312584;-1.56354,-0.0163753,-1.57859
0.534579,-0.249906,0.0290911;-1.55745,-0.0394751,-1.57582
0.534544,-0.249342,0.0287625;-1.57212,-0.0172316,-1.56306
0.534258,-0.247775,0.0289262;-1.57439,0.0348134,-1.55736
0.532383,-0.24217,0.0304784;-1.57848,0.149225,-1.56042
0.531666,-0.245462,0.0374486;-1.5866,0.163107,-1.56753
0.529327,-0.252601,0.0391555;-1.52308,0.121483,-1.56968
0.525594,-0.262484,0.0285796;-1.57078,0.0429749,-1.57078
0.525343,-0.262682,0.0286338;-1.57221,0.0604103,-1.57183
0.525012,-0.262462,0.0286026;-1.57215,0.0935842,-1.57044
0.524996,-0.25826,0.028645;-1.57174,0.207921,-1.57316
0.525516,-0.248196,0.0314073;-1.61667,0.215866,-1.57306
0.526894,-0.243523,0.034761;-1.65443,0.168621,-1.56676
0.528026,-0.244898,0.0286315;-1.57089,0.10852,-1.57315
0.52792,-0.245505,0.028675;-1.57432,0.100321,-1.5723
0.527751,-0.246071,0.0285962;-1.5712,0.119059,-1.57154
0.527184,-0.24643,0.0285937;-1.57017,0.213494,-1.57105
0.526793,-0.24826,0.0301406;-1.57186,0.236599,-1.57755
0.527238,-0.249438,0.0341071;-1.64872,0.231048,-1.57797
0.52858,-0.249238,0.0286504;-1.56851,0.121227,-1.57247
0.528797,-0.249203,0.0285801;-1.57073,0.0949237,-1.5708
0.528685,-0.249478,0.0285803;-1.57073,0.0882752,-1.57082
0.528721,-0.249962,0.0287643;-1.5707,0.143497,-1.57969
0.528026,-0.250228,0.0294053;-1.58044,0.191205,-1.58441
0.528096,-0.250379,0.0332671;-1.63468,0.200488,-1.58227
0.528871,-0.252433,0.0286394;-1.56441,0.0706768,-1.5721
0.528941,-0.25289,0.0285799;-1.57072,0.0350685,-1.5708
0.528529,-0.253467,0.028582;-1.57137,-0.000153333,-1.57102
0.528999,-0.253821,0.0287001;-1.56969,0.124613,-1.57649
0.531015,-0.249046,0.0295141;-1.57447,0.206072,-1.58615
0.531576,-0.248258,0.0318092;-1.57064,0.241541,-1.59922
0.535004,-0.242315,0.0289667;-1.58475,0.141368,-1.57363
0.535633,-0.243557,0.0286171;-1.57086,0.0835399,-1.569
0.535407,-0.246505,0.0285934;-1.57098,0.0192488,-1.57028
0.535266,-0.246629,0.0285798;-1.5709,0.0367666,-1.57075
0.53459,-0.246844,0.0287708;-1.57261,0.11683,-1.57807
0.535138,-0.244544,0.030501;-1.57763,0.188875,-1.58816
0.538877,-0.239731,0.0317472;-1.63394,0.112035,-1.57286
0.540067,-0.240746,0.0286075;-1.57102,0.0532023,-1.57263
0.540378,-0.242713,0.0286319;-1.56847,-0.0157031,-1.57113
0.540071,-0.246011,0.0285851;-1.57045,-0.0346807,-1.57095
0.540227,-0.244886,0.0285763;-1.57098,0.048675,-1.57092
0.539752,-0.244195,0.0290376;-1.58272,0.133883,-1.57917
0.540891,-0.242171,0.0328916;-1.63085,0.154378,-1.58203
0.54313,-0.238914,0.0302023;-1.60707,0.0866798,-1.57324
0.543989,-0.240642,0.0286846;-1.57001,0.0147542,-1.57519
0.543599,-0.243376,0.0287698;-1.56384,-0.0130687,-1.57269
0.543566,-0.242982,0.0285814;-1.5709,0.0122916,-1.57057
0.543308,-0.241257,0.028677;-1.5739,0.0967817,-1.56829
0.545192,-0.241129,0.0347658;-1.63344,0.140802,-1.57833
0.547514,-0.237134,0.0326272;-1.61437,0.0717182,-1.56948
0.548569,-0.242,0.0288544;-1.56704,-0.00515001,-1.58013
0.549289,-0.249171,0.0287145;-1.56489,-0.0907006,-1.57074
0.549543,-0.248348,0.0286906;-1.56958,-0.0743082,-1.56666
0.549939,-0.24572,0.0289268;-1.57563,-0.0234748,-1.5602
0.548316,-0.238271,0.0337783;-1.6263,0.107258,-1.58599
0.548445,-0.236677,0.0327022;-1.63063,0.0806912,-1.57825
0.549317,-0.239683,0.0296777;-1.57445,0.0329961,-1.57515
0.549606,-0.242201,0.0285883;-1.57093,0.00389482,-1.57128
0.549739,-0.242723,0.0287252;-1.56706,-0.0032684,-1.56734
0.549463,-0.241966,0.0290675;-1.58483,0.0167594,-1.5612
0.549463,-0.241966,0.0290675;-1.58483,0.0167594,-1.5612
0.54896,-0.239151,0.0307149;-1.61244,0.0453929,-1.56062
0.54896,-0.239151,0.0307149;-1.61244,0.0453929,-1.56062
