0.5,-0.3,0.06;-1.57,-2.98023e-08,-1.57
0.5,-0.3,0.06;-1.57,-2.98023e-08,-1.57
0.5,-0.3,0.06;-1.57,-2.98023e-08,-1.57
0.501596,-0.296208,0.0286184;-1.57136,-0.306864,-1.5728
0.501281,-0.296421,0.0288789;-1.57352,-0.281153,-1.58299
0.500676,-0.297763,0.0294591;-1.57697,-0.213734,-1.58775
0.502191,-0.286435,0.0301982;-1.59418,-0.171082,-1.58824
0.50446,-0.282573,0.028816;-1.572,-0.305478,-1.58103
0.504909,-0.281325,0.0288395;-1.57884,-0.347507,-1.57829
0.50556,-0.2799,0.0288385;-1.58101,-0.400871,-1.57783
0.503243,-0.282552,0.0289832;-1.58104,-0.253856,-1.58268
0.502589,-0.282519,0.0291628;-1.57817,-0.17602,-1.58463
0.5032,-0.272394,0.031417;-1.60995,-0.0712277,-1.59013
0.505744,-0.263443,0.0300117;-1.60362,-0.129924,-1.58139
0.507488,-0.262235,0.0288757;-1.57338,-0.228995,-1.5837
0.508035,-0.26119,0.0286375;-1.57079,-0.307071,-1.57384
0.506458,-0.263846,0.028867;-1.57526,-0.202721,-1.58223
0.505306,-0.264416,0.0289928;-1.58651,-0.103253,-1.5785
0.505342,-0.256546,0.032459;-1.63768,0.0205406,-1.57472
0.504768,-0.250188,0.0351586;-1.69573,0.0640201,-1.56441
0.506908,-0.255056,0.0328745;-1.65968,-0.0233516,-1.57362
0.507598,-0.261771,0.0287136;-1.57561,-0.131297,-1.57326
0.508394,-0.26331,0.0287243;-1.57568,-0.234314,-1.56987
0.507502,-0.262339,0.0287683;-1.57684,-0.158198,-1.56884
0.508762,-0.258059,0.029983;-1.55614,-0.044284,-1.57194
0.508626,-0.255797,0.034044;-1.58285,0.0336226,-1.5703
0.507961,-0.258529,0.0301659;-1.57717,-0.0402076,-1.56706
0.506899,-0.262779,0.0287385;-1.57581,-0.225396,-1.56905
0.507856,-0.262537,0.0286909;-1.5753,-0.309568,-1.57093
0.507737,-0.262325,0.0286393;-1.57341,-0.279832,-1.57269
0.510932,-0.250815,0.0332151;-1.5124,-0.0617271,-1.57717
0.510518,-0.241879,0.0370307;-1.5663,0.000615478,-1.57949
0.510582,-0.241132,0.0349679;-1.5804,-0.0759252,-1.576
0.511842,-0.250948,0.0294484;-1.55729,-0.216643,-1.58107
0.51232,-0.253191,0.0295189;-1.55123,-0.248085,-1.57817
0.512595,-0.253396,0.0295903;-1.55462,-0.250222,-1.57866
0.513652,-0.251311,0.0292255;-1.57506,-0.107789,-1.58522
0.514392,-0.243973,0.0313313;-1.60866,5.40018e-05,-1.58481
0.514069,-0.241565,0.0327979;-1.6518,-0.00727398,-1.5777
0.517418,-0.247148,0.0289744;-1.56699,-0.163811,-1.58867
0.518128,-0.250595,0.029363;-1.55403,-0.208406,-1.57812
0.518476,-0.252272,0.0292869;-1.5552,-0.234713,-1.57878
0.517615,-0.253673,0.0289093;-1.57561,-0.145523,-1.58248
0.517169,-0.25379,0.030126;-1.60084,-0.0507304,-1.58063
0.516773,-0.246119,0.033935;-1.67218,0.0520685,-1.57482
0.519455,-0.248286,0.0290128;-1.58906,-0.119359,-1.57272
0.519758,-0.251586,0.0287982;-1.57622,-0.217342,-1.56664
0.519212,-0.255024,0.0289984;-1.57028,-0.290562,-1.56797
0.519685,-0.249569,0.0292445;-1.57976,-0.166369,-1.55888
0.520108,-0.239575,0.0341058;-1.64438,-0.0210505,-1.5454
0.518621,-0.234635,0.0384701;-1.72905,0.0565453,-1.54614
0.517559,-0.242607,0.0326302;-1.63009,-0.0574533,-1.55577
0.516204,-0.251418,0.0293396;-1.57631,-0.155825,-1.55982
0.514154,-0.254393,0.0294117;-1.56902,-0.256643,-1.5602
0.51476,-0.248862,0.0304651;-1.5773,-0.187199,-1.54212
0.514347,-0.242529,0.0347848;-1.62034,-0.0898893,-1.53685
0.512989,-0.23758,0.0388851;-1.67916,-0.00321356,-1.545
0.513101,-0.24454,0.03392;-1.63337,-0.0971506,-1.54064
0.514196,-0.252541,0.0291189;-1.57617,-0.20769,-1.55952
0.513402,-0.255595,0.0296843;-1.56005,-0.28996,-1.56177
0.514624,-0.255309,0.0291475;-1.57592,-0.294523,-1.56137
0.515323,-0.251857,0.0295852;-1.56646,-0.225911,-1.56449
0.5169,-0.244056,0.0336947;-1.64338,-0.108206,-1.56402
0.515906,-0.240165,0.0335936;-1.63424,-0.0591137,-1.56051
0.519445,-0.246916,0.0287693;-1.56703,-0.160009,-1.57839
0.520419,-0.250503,0.0294727;-1.55692,-0.211326,-1.57922
0.521604,-0.253318,0.029548;-1.56263,-0.255785,-1.58658
0.521289,-0.253534,0.0287446;-1.57357,-0.222903,-1.57752
0.520568,-0.250082,0.0294502;-1.59272,-0.12755,-1.57772
0.519305,-0.239967,0.0335134;-1.67036,-0.0461287,-1.57775
0.52242,-0.243315,0.0302536;-1.61354,-0.103474,-1.57779
0.5229,-0.245075,0.0289388;-1.5844,-0.144434,-1.57792
0.522456,-0.248059,0.0288129;-1.56961,-0.180899,-1.58058
0.521993,-0.248696,0.0289104;-1.58033,-0.148896,-1.58146
0.520329,-0.250784,0.029114;-1.59177,-0.0916791,-1.58072
0.513354,-0.259585,0.0326317;-1.61342,0.0987471,-1.59698
0.515004,-0.254802,0.032387;-1.60127,0.0336627,-1.5908
0.515218,-0.255111,0.0288739;-1.57383,-0.0226869,-1.58174
0.515273,-0.253093,0.0286638;-1.57102,-0.145423,-1.57508
0.515104,-0.253339,0.0286287;-1.572,-0.110803,-1.5725
0.513797,-0.256154,0.0289278;-1.57475,0.038191,-1.58344
0.511383,-0.256622,0.0332442;-1.57112,0.239831,-1.59752
0.510836,-0.257474,0.0366866;-1.50204,0.195709,-1.59745
0.509856,-0.260335,0.0289829;-1.57565,0.109055,-1.58447
0.508266,-0.256901,0.0286066;-1.5706,-0.163614,-1.57237
0.508359,-0.256787,0.028645;-1.57383,-0.159118,-1.57211
0.507896,-0.257634,0.0289932;-1.5757,-0.113186,-1.58612
0.507891,-0.257797,0.0326841;-1.5478,0.107408,-1.60507
0.507069,-0.261502,0.0330989;-1.58115,0.0702262,-1.59677
0.506117,-0.268355,0.0287485;-1.57187,0.0248038,-1.57999
0.505892,-0.265067,0.0287121;-1.57699,-0.181675,-1.57392
0.506405,-0.262921,0.0287241;-1.57498,-0.2401,-1.57605
0.506535,-0.262006,0.0288766;-1.57046,-0.265678,-1.58491
0.50738,-0.266196,0.0320481;-1.56823,-0.165699,-1.61639
0.505642,-0.265931,0.0318012;-1.54536,-0.19763,-1.59156
0.504779,-0.265531,0.0301372;-1.56092,-0.207576,-1.58409
0.504493,-0.262013,0.0286323;-1.57084,-0.408573,-1.57324
0.503867,-0.262304,0.0288046;-1.56661,-0.444578,-1.57599
0.503819,-0.262441,0.0287702;-1.57082,-0.426125,-1.57983
0.504351,-0.26274,0.0290311;-1.57667,-0.375174,-1.58754
0.507239,-0.25869,0.0319448;-1.55431,-0.254812,-1.59373
0.507833,-0.256392,0.0294949;-1.57974,-0.323129,-1.59047
0.507985,-0.257895,0.0291486;-1.57149,-0.352107,-1.58796
0.508203,-0.259882,0.0292124;-1.55535,-0.400334,-1.57501
0.508387,-0.259415,0.0286245;-1.57119,-0.368659,-1.57302
0.507974,-0.260245,0.0286899;-1.57038,-0.296196,-1.57604
0.505865,-0.240485,0.0354151;-1.68159,-0.0659392,-1.57233
0.506867,-0.242442,0.03538;-1.67794,-0.108653,-1.58157
0.509792,-0.250786,0.029116;-1.59287,-0.199621,-1.5781
0.50928,-0.258519,0.0288949;-1.57466,-0.37828,-1.56771
0.509127,-0.25874,0.0288704;-1.57531,-0.378685,-1.5656
0.50902,-0.258559,0.0289633;-1.58059,-0.32731,-1.5669
0.511822,-0.258475,0.0370303;-1.57591,-0.105293,-1.57281
0.510176,-0.257207,0.0398109;-1.59236,-0.106681,-1.55049
0.50779,-0.263927,0.0317111;-1.61332,-0.162748,-1.55382
0.506946,-0.275244,0.0291864;-1.57358,-0.32787,-1.56237
0.505496,-0.27602,0.0290751;-1.56994,-0.42215,-1.56409
0.505268,-0.27367,0.0292737;-1.57222,-0.395995,-1.55764
0.50596,-0.257767,0.0381402;-1.54853,-0.170565,-1.55589
0.502775,-0.24984,0.0392625;-1.6201,-0.122451,-1.57155
0.503792,-0.256228,0.0341446;-1.67213,-0.171361,-1.57894
0.505659,-0.26804,0.0286626;-1.5692,-0.346521,-1.56775
0.506162,-0.270463,0.0286282;-1.56967,-0.404164,-1.56922
0.506223,-0.270733,0.0285793;-1.5707,-0.40637,-1.57077
0.508237,-0.265725,0.0324759;-1.5226,-0.230296,-1.57487
0.50638,-0.255331,0.0369969;-1.48768,-0.11289,-1.56851
0.505106,-0.253133,0.0366764;-1.5522,-0.140567,-1.57502
0.504621,-0.260723,0.0290418;-1.56155,-0.28955,-1.5813
0.504145,-0.260588,0.0287809;-1.57116,-0.309889,-1.58096
0.504238,-0.260304,0.0288011;-1.56995,-0.317805,-1.58039
0.505617,-0.261894,0.0293794;-1.569,-0.177632,-1.58849
0.507766,-0.253315,0.0335452;-1.51668,-0.0551066,-1.59081
0.505483,-0.242876,0.0342138;-1.57053,-0.00241542,-1.58337
0.506346,-0.243922,0.0294936;-1.56225,-0.0856703,-1.58978
0.506006,-0.24417,0.0291567;-1.55684,-0.10886,-1.5829
0.505714,-0.244363,0.0290227;-1.56635,-0.13899,-1.58552
0.505677,-0.246758,0.0289558;-1.57528,-0.0784626,-1.58455
0.506045,-0.248666,0.0302448;-1.57566,-0.0334603,-1.5966
0.505795,-0.248434,0.0326803;-1.54919,0.0446548,-1.60567
0.504604,-0.254344,0.0288271;-1.57138,-0.0420368,-1.58254
0.50408,-0.253903,0.0286698;-1.57064,-0.11292,-1.57523
0.504619,-0.253292,0.0286521;-1.57117,-0.168805,-1.57384
0.504022,-0.254297,0.0289389;-1.57206,-0.135888,-1.58702
0.504531,-0.255486,0.0298821;-1.57949,-0.0866186,-1.59424
0.504548,-0.254466,0.032668;-1.55349,0.00922753,-1.60845
0.502845,-0.25782,0.0289792;-1.57537,-0.0470692,-1.58542
0.502581,-0.257587,0.0286481;-1.57074,-0.102092,-1.57409
0.502618,-0.257142,0.0287193;-1.57683,-0.117383,-1.57242
0.503109,-0.255594,0.028757;-1.57345,-0.174713,-1.57718
0.503271,-0.255893,0.0299313;-1.57052,-0.139752,-1.59444
0.504621,-0.25657,0.0332517;-1.53649,-0.0676193,-1.61005
0.500413,-0.258261,0.0307874;-1.5345,-0.106274,-1.57119
0.499526,-0.256387,0.028772;-1.57114,-0.182171,-1.57984
0.499061,-0.256095,0.0287482;-1.57046,-0.211142,-1.57852
0.498871,-0.256337,0.0287986;-1.57069,-0.196709,-1.58113
0.498588,-0.257056,0.0288929;-1.57298,-0.143171,-1.58439
0.499409,-0.254489,0.0307437;-1.56552,-0.0728894,-1.5944
0.498868,-0.246601,0.0307445;-1.58011,-0.0490203,-1.58365
0.499305,-0.249131,0.0289357;-1.57595,-0.0973507,-1.58323
0.499089,-0.251161,0.0290742;-1.56076,-0.11583,-1.5832
0.498892,-0.250682,0.0289817;-1.56498,-0.152287,-1.58343
0.498713,-0.252728,0.0289675;-1.57336,-0.127373,-1.5871
0.498008,-0.255734,0.029297;-1.58279,-0.0777082,-1.58789
0.495811,-0.258313,0.0311775;-1.56427,0.00897223,-1.59308
0.496224,-0.256437,0.0289802;-1.57925,-0.0489839,-1.58183
0.497081,-0.255817,0.0287254;-1.57057,-0.114278,-1.57768
0.497736,-0.254993,0.0286398;-1.57074,-0.167162,-1.57359
0.497022,-0.255829,0.0287104;-1.5713,-0.117294,-1.57646
0.496139,-0.256948,0.0288625;-1.57295,-0.0403922,-1.58214
0.496853,-0.247635,0.0328171;-1.58331,0.138688,-1.58812
0.496002,-0.246073,0.0321878;-1.61962,0.112152,-1.58523
0.495524,-0.248018,0.0289128;-1.57328,0.0803671,-1.58383
0.495613,-0.248075,0.0286115;-1.57239,-0.0912348,-1.57143
0.495898,-0.248317,0.0285801;-1.57086,-0.106202,-1.57073
0.495719,-0.249267,0.02874;-1.57051,-0.0414054,-1.57834
0.495528,-0.247809,0.0342776;-1.49983,0.136128,-1.59221
0.494086,-0.252485,0.0351723;-1.44792,0.155519,-1.57972
0.492864,-0.253484,0.028657;-1.57312,0.104789,-1.56912
0.490566,-0.259996,0.0287769;-1.57567,-0.0669682,-1.56635
0.490728,-0.260622,0.0286527;-1.57072,-0.110156,-1.56744
0.491166,-0.259681,0.0287998;-1.56283,-0.0868137,-1.5674
0.491166,-0.259681,0.0287998;-1.56283,-0.0868137,-1.5674
0.494793,-0.255955,0.0324944;-1.5008,0.00886884,-1.56704
0.494793,-0.255955,0.0324944;-1.5008,0.00886884,-1.56704
