0.5,-0.3,0.06;-1.57,-2.98023e-08,-1.57
0.5,-0.3,0.06;-1.57,-2.98023e-08,-1.57
0.5,-0.3,0.06;-1.57,-2.98023e-08,-1.57
0.500932,-0.299309,0.0286715;-1.57132,-0.23004,-1.57504
0.50044,-0.299406,0.0289359;-1.57674,-0.191379,-1.58296
0.501119,-0.299223,0.0300625;-1.57174,-0.121219,-1.59202
0.501273,-0.273469,0.0321791;-1.63431,-0.0218521,-1.58346
0.502776,-0.270354,0.0288074;-1.58465,-0.124569,-1.57094
0.500786,-0.274909,0.0291001;-1.57862,-0.25128,-1.56514
0.499804,-0.275,0.0292826;-1.57898,-0.381799,-1.56302
0.499789,-0.278558,0.0294628;-1.57915,-0.372241,-1.55707
0.501026,-0.281407,0.0319654;-1.51677,-0.327176,-1.55767
0.503107,-0.280528,0.0372971;-1.44511,-0.240742,-1.55616
0.503113,-0.264861,0.0292099;-1.58335,-0.24512,-1.58323
0.503576,-0.262601,0.0289212;-1.57479,-0.312548,-1.58533
0.503404,-0.261798,0.0287938;-1.56999,-0.359065,-1.58025
0.503069,-0.260694,0.0288667;-1.5707,-0.38906,-1.58455
0.502357,-0.261166,0.0292752;-1.5911,-0.341299,-1.58375
0.501669,-0.261745,0.0316324;-1.61876,-0.267371,-1.59787
0.500142,-0.262447,0.0329916;-1.6191,-0.246418,-1.58476
0.499364,-0.26196,0.0290809;-1.58929,-0.319648,-1.57938
0.499634,-0.26075,0.0288627;-1.57948,-0.359873,-1.56844
0.499353,-0.255571,0.0295185;-1.57117,-0.335008,-1.55942
0.499855,-0.254602,0.0294614;-1.57954,-0.30611,-1.55688
0.499537,-0.252395,0.0326465;-1.61524,-0.24458,-1.55312
0.499689,-0.252902,0.0348669;-1.65659,-0.228785,-1.56472
0.500707,-0.258955,0.0289362;-1.57902,-0.285144,-1.58206
0.500957,-0.258336,0.0287825;-1.57584,-0.378231,-1.57877
0.50122,-0.258227,0.0287629;-1.57401,-0.381399,-1.57883
0.501258,-0.258331,0.0288251;-1.57583,-0.373953,-1.58093
0.500034,-0.259673,0.0303886;-1.58181,-0.24128,-1.59283
0.499894,-0.249203,0.0322264;-1.64021,-0.157623,-1.58893
0.500527,-0.247942,0.0327238;-1.6355,-0.189771,-1.58663
0.499607,-0.25763,0.0287838;-1.5763,-0.362708,-1.56807
0.49929,-0.25781,0.029184;-1.56493,-0.367387,-1.56657
0.499807,-0.256593,0.0295903;-1.55283,-0.345292,-1.56747
0.498859,-0.248719,0.0319958;-1.53353,-0.195574,-1.55705
0.49742,-0.240194,0.0354495;-1.61467,-0.0613274,-1.5699
0.497592,-0.238537,0.0352608;-1.61781,-0.0505941,-1.57531
0.500484,-0.247149,0.0288896;-1.57113,-0.186374,-1.58482
0.500195,-0.248839,0.0288836;-1.56844,-0.207626,-1.58019
0.500034,-0.249892,0.0289513;-1.5667,-0.23403,-1.58364
0.500216,-0.250254,0.0289854;-1.57868,-0.179619,-1.58373
0.499191,-0.250266,0.0305906;-1.61117,-0.100262,-1.5842
0.497651,-0.248741,0.032851;-1.64241,-0.0238858,-1.58699
0.500729,-0.241356,0.0289613;-1.58447,-0.101731,-1.57694
0.501504,-0.246311,0.0292118;-1.5692,-0.176213,-1.56838
0.502566,-0.251735,0.029473;-1.56504,-0.256228,-1.56476
0.502993,-0.254367,0.0292554;-1.57963,-0.292221,-1.55807
0.502291,-0.253786,0.0312668;-1.60015,-0.22331,-1.56026
0.500962,-0.248499,0.0354877;-1.67032,-0.108886,-1.56131
0.50402,-0.246735,0.0290717;-1.58722,-0.174587,-1.58104
0.503907,-0.247784,0.0287549;-1.57092,-0.194447,-1.57929
0.503794,-0.248499,0.0287431;-1.57074,-0.196211,-1.57861
0.503977,-0.248099,0.028907;-1.57705,-0.203373,-1.5819
0.503022,-0.247016,0.0300706;-1.60556,-0.161299,-1.58166
0.500539,-0.245867,0.0334813;-1.66411,-0.0990383,-1.5862
0.49914,-0.247557,0.0289712;-1.58665,-0.149605,-1.57634
0.498828,-0.24814,0.0287316;-1.57593,-0.159159,-1.56938
0.499023,-0.246956,0.0295377;-1.56365,-0.113822,-1.56502
0.501016,-0.242136,0.0290631;-1.58719,-0.106498,-1.56568
0.502044,-0.241136,0.0295662;-1.59936,-0.0773605,-1.57494
0.50197,-0.239769,0.0339872;-1.67409,-0.0571002,-1.57512
0.501064,-0.24684,0.0312411;-1.62607,-0.109001,-1.58105
0.501225,-0.248483,0.0290577;-1.58543,-0.124883,-1.58094
0.501047,-0.249096,0.0287667;-1.57064,-0.136055,-1.57968
0.501264,-0.247797,0.0288025;-1.57096,-0.182985,-1.58149
0.500916,-0.248051,0.0288592;-1.57302,-0.150735,-1.58219
0.500291,-0.247486,0.029506;-1.59496,-0.112169,-1.58212
0.498506,-0.246134,0.0353924;-1.68574,-0.0501488,-1.56247
0.499045,-0.251996,0.0348802;-1.67825,-0.121723,-1.56586
0.495775,-0.267795,0.0289344;-1.57809,-0.211913,-1.56222
0.49382,-0.275763,0.0288901;-1.57491,-0.344807,-1.56696
0.49412,-0.275311,0.0286337;-1.57179,-0.351383,-1.57283
0.494325,-0.275007,0.0287996;-1.57406,-0.334044,-1.57949
0.49237,-0.256142,0.0347074;-1.68458,-0.0880598,-1.58992
0.493441,-0.251943,0.0342808;-1.6868,-0.120133,-1.59017
0.493593,-0.257513,0.0292486;-1.57776,-0.135528,-1.58734
0.493368,-0.258146,0.0287026;-1.57083,-0.171024,-1.57661
0.493496,-0.257723,0.0286497;-1.57085,-0.171506,-1.57416
0.49372,-0.255936,0.0286582;-1.57119,-0.230404,-1.57429
0.49191,-0.252218,0.0380828;-1.60294,-0.0442191,-1.56753
0.489105,-0.255559,0.0427272;-1.54312,-0.029085,-1.55481
0.484097,-0.262877,0.0361274;-1.44704,-0.0239215,-1.54453
0.485237,-0.260733,0.0337751;-1.52998,-0.0367429,-1.51359
0.486858,-0.254126,0.029107;-1.57663,-0.00145832,-1.56051
0.487774,-0.251186,0.0288026;-1.57765,0.0021638,-1.56725
0.490263,-0.245352,0.0342418;-1.67521,0.0311921,-1.57849
0.489871,-0.246801,0.0337703;-1.63483,0.0266499,-1.5929
0.488064,-0.252506,0.0289061;-1.574,0.042921,-1.5829
0.488242,-0.255751,0.0287048;-1.57071,0.0715693,-1.57668
0.488142,-0.25573,0.0287995;-1.57072,0.0603185,-1.58123
0.488423,-0.254568,0.0290788;-1.57907,0.0281032,-1.58643
0.489974,-0.247007,0.034613;-1.66768,0.0111588,-1.56466
0.487833,-0.248036,0.035273;-1.67554,0.0136956,-1.54756
0.483727,-0.257382,0.0349851;-1.65793,0.0442951,-1.53771
0.479511,-0.272067,0.0293764;-1.57691,0.10584,-1.5589
0.479588,-0.273263,0.0291214;-1.57511,0.0828584,-1.56195
0.479942,-0.269048,0.0289139;-1.58177,0.105933,-1.56074
0.479924,-0.263194,0.0293438;-1.58376,0.128721,-1.56665
0.47753,-0.256532,0.0356718;-1.70608,0.244067,-1.55114
0.478106,-0.261106,0.035003;-1.64821,0.265469,-1.56327
0.478393,-0.265651,0.0287305;-1.5714,0.290788,-1.57692
0.477953,-0.26764,0.028892;-1.57411,0.268966,-1.56431
0.476643,-0.268832,0.0293146;-1.57759,0.233193,-1.55612
0.475651,-0.264746,0.030239;-1.60092,0.234841,-1.55279
0.470617,-0.261136,0.0379389;-1.75328,0.302213,-1.52888
0.465716,-0.267475,0.0391881;-1.78659,0.271319,-1.51471
0.463819,-0.269688,0.0389738;-1.78971,0.257691,-1.51821
0.465577,-0.283616,0.0411189;-1.77818,0.189275,-1.50434
0.467757,-0.291966,0.0385584;-1.70494,0.144616,-1.50728
0.466982,-0.298394,0.0319842;-1.54863,0.120606,-1.53352
0.461295,-0.297158,0.0458037;-1.2397,-0.00593889,-1.57877
0.459239,-0.295899,0.0422526;-1.31257,-0.0177404,-1.57915
0.460539,-0.295632,0.0338256;-1.4721,0.0114055,-1.5694
0.459851,-0.297945,0.028818;-1.57319,0.0379676,-1.5667
0.460182,-0.29699,0.0287242;-1.57534,0.048513,-1.56822
0.459811,-0.29626,0.0289166;-1.56503,0.0378818,-1.58141
0.46636,-0.27944,0.0390602;-1.39447,0.108833,-1.5939
0.467247,-0.26832,0.0391357;-1.39616,0.138092,-1.58422
0.465385,-0.277782,0.0334432;-1.47922,0.14614,-1.58402
0.464236,-0.284405,0.0291076;-1.56864,0.129093,-1.56389
0.464454,-0.284623,0.0291743;-1.56485,0.130381,-1.56334
0.465081,-0.282323,0.0289902;-1.57168,0.143547,-1.56082
0.470934,-0.269558,0.0384596;-1.39122,0.231162,-1.60149
0.473279,-0.257476,0.0409857;-1.37919,0.251749,-1.59152
0.471075,-0.258904,0.0413852;-1.36744,0.259415,-1.58042
0.473368,-0.259851,0.0348206;-1.50005,0.296521,-1.54161
0.475114,-0.257366,0.0345855;-1.52605,0.320973,-1.52007
0.474246,-0.258314,0.0358306;-1.52653,0.311504,-1.50582
0.47399,-0.256631,0.0395746;-1.42092,0.328575,-1.55989
0.473883,-0.255312,0.0415847;-1.38376,0.300439,-1.57298
0.474024,-0.253616,0.0440452;-1.38741,0.269815,-1.56813
0.473062,-0.255469,0.0427472;-1.34965,0.286889,-1.56848
0.473828,-0.254997,0.0427071;-1.39784,0.294007,-1.53359
0.474959,-0.254217,0.0411382;-1.45941,0.293339,-1.49733
0.474693,-0.255146,0.0415729;-1.40593,0.302058,-1.54345
0.475053,-0.253679,0.0433127;-1.40653,0.277548,-1.54083
0.479408,-0.247781,0.0487183;-1.55698,0.188115,-1.54081
0.479595,-0.250322,0.0299724;-1.59603,0.223066,-1.55864
0.479235,-0.257133,0.03001;-1.56831,0.238836,-1.54892
0.479588,-0.261339,0.0297758;-1.5586,0.22639,-1.56067
0.479703,-0.26066,0.0291759;-1.5959,0.217011,-1.57006
0.478439,-0.252845,0.0295979;-1.58867,0.229045,-1.57228
0.477818,-0.246339,0.0343121;-1.66723,0.222198,-1.56783
0.47393,-0.25087,0.0329439;-1.63409,0.208862,-1.53384
0.471061,-0.257908,0.0295436;-1.5895,0.206397,-1.55387
0.47006,-0.260852,0.0296723;-1.58007,0.206973,-1.55442
0.469904,-0.267862,0.0299393;-1.57835,0.15568,-1.54494
0.468485,-0.266834,0.0345413;-1.51198,0.15857,-1.54125
0.465231,-0.264126,0.0444158;-1.44441,0.144555,-1.54814
0.458424,-0.264751,0.0397806;-1.48195,0.045809,-1.53687
0.457085,-0.268423,0.0347815;-1.51474,0.068395,-1.52167
0.459387,-0.264291,0.0351194;-1.58851,0.122533,-1.50479
0.459501,-0.269881,0.0342011;-1.53431,0.18585,-1.51734
0.463318,-0.263191,0.0348804;-1.50003,0.219244,-1.54746
0.466489,-0.255103,0.0372446;-1.55016,0.222993,-1.55516
0.466601,-0.253588,0.0409505;-1.59025,0.193531,-1.537
0.463115,-0.256626,0.0341352;-1.64654,0.186231,-1.52334
0.461242,-0.2619,0.0311795;-1.58158,0.195256,-1.53128
0.458764,-0.273875,0.0311639;-1.56027,0.244412,-1.53665
0.457598,-0.270414,0.0292981;-1.58143,0.287266,-1.55353
0.456443,-0.266103,0.0332702;-1.65739,0.301156,-1.54395
0.456297,-0.262562,0.0377554;-1.72884,0.270174,-1.52201
0.455332,-0.265107,0.0361439;-1.6881,0.26841,-1.51504
0.451655,-0.269993,0.0326993;-1.62299,0.286808,-1.52259
0.443595,-0.282779,0.0336489;-1.61251,0.270122,-1.51274
0.445049,-0.279969,0.0354993;-1.6549,0.309644,-1.50103
0.445561,-0.276527,0.0331594;-1.64121,0.332913,-1.52582
0.452598,-0.268893,0.0358562;-1.69695,0.285048,-1.54177
0.456246,-0.269908,0.034079;-1.67617,0.206027,-1.55145
0.456119,-0.275381,0.0290416;-1.59186,0.19607,-1.57169
0.453475,-0.281974,0.0289988;-1.57677,0.134305,-1.56101
0.452995,-0.283716,0.0288418;-1.57738,0.129957,-1.56403
0.453492,-0.283994,0.0286939;-1.57432,0.150637,-1.5684
0.459323,-0.270892,0.0328628;-1.56904,0.151357,-1.59986
0.462155,-0.265225,0.0315559;-1.61406,0.0677368,-1.58529
0.463287,-0.265823,0.0290821;-1.58459,0.0367097,-1.58048
0.460481,-0.268189,0.0289009;-1.58509,0.0900909,-1.57285
0.459056,-0.270243,0.0286787;-1.57308,0.140447,-1.57386
0.458287,-0.271139,0.0289947;-1.57627,0.154935,-1.58601
0.458287,-0.271139,0.0289947;-1.57627,0.154935,-1.58601
0.457818,-0.270918,0.0297389;-1.58208,0.15159,-1.59207
0.457818,-0.270918,0.0297389;-1.58208,0.15159,-1.59207
