0.5,-0.3,0.06;-1.57,-2.98023e-08,-1.57
0.5,-0.3,0.06;-1.57,-2.98023e-08,-1.57
0.5,-0.3,0.06;-1.57,-2.98023e-08,-1.57
0.499166,-0.300147,0.0285529;-1.572,-0.259121,-1.57125
0.49948,-0.298849,0.028584;-1.5707,-0.225509,-1.57077
0.501194,-0.290922,0.0294064;-1.54958,-0.147168,-1.56173
0.497745,-0.266437,0.0332909;-1.62471,-0.0063674,-1.54153
0.500572,-0.277848,0.0289126;-1.57493,-0.12768,-1.55893
0.501153,-0.285489,0.0287285;-1.57153,-0.218273,-1.56426
0.502858,-0.287468,0.028664;-1.57162,-0.325491,-1.56779
0.503449,-0.288343,0.0289988;-1.55338,-0.275473,-1.56933
0.505009,-0.286657,0.0293632;-1.54922,-0.219658,-1.5689
0.505696,-0.28059,0.0342807;-1.47701,-0.145549,-1.55875
0.503026,-0.268919,0.0295877;-1.56297,-0.177794,-1.55636
0.504324,-0.272803,0.0290936;-1.57617,-0.260672,-1.55665
0.506632,-0.278872,0.0290426;-1.5724,-0.352019,-1.55982
0.507484,-0.284517,0.028687;-1.57078,-0.459206,-1.5656
0.507857,-0.283169,0.0286057;-1.56911,-0.408285,-1.57035
0.50824,-0.279585,0.0298788;-1.55822,-0.31918,-1.56846
0.50647,-0.271975,0.0307777;-1.53493,-0.235146,-1.56147
0.506042,-0.270187,0.0285797;-1.57094,-0.293561,-1.571
0.506588,-0.271809,0.0285919;-1.57072,-0.379578,-1.57002
0.507439,-0.2771,0.0288177;-1.57038,-0.44749,-1.55971
0.507761,-0.277462,0.0289041;-1.571,-0.418962,-1.55488
0.505696,-0.277103,0.0290993;-1.56138,-0.31773,-1.55575
0.503903,-0.278855,0.0297371;-1.55435,-0.187672,-1.5657
0.504284,-0.282341,0.0304467;-1.53155,-0.169401,-1.56978
0.503796,-0.282103,0.0286013;-1.57082,-0.250811,-1.56971
0.503969,-0.282588,0.0286322;-1.57084,-0.276914,-1.56834
0.504232,-0.283082,0.0287371;-1.57096,-0.295538,-1.56333
0.505671,-0.269919,0.0330871;-1.50969,-0.213233,-1.53914
0.505735,-0.252775,0.0338188;-1.5601,-0.143621,-1.55413
0.504357,-0.245157,0.0292021;-1.5677,-0.131373,-1.57225
0.504947,-0.248762,0.029122;-1.54956,-0.180162,-1.57193
0.505024,-0.248424,0.0287054;-1.56719,-0.17854,-1.57268
0.505107,-0.248696,0.0286382;-1.56787,-0.180883,-1.57032
0.502889,-0.24835,0.0292714;-1.57304,-0.0933038,-1.55984
0.499844,-0.248752,0.036358;-1.53475,0.0406459,-1.56211
0.498452,-0.24817,0.0399885;-1.5184,0.121762,-1.55993
0.494284,-0.253387,0.0288755;-1.55751,0.149759,-1.57168
0.493917,-0.253589,0.0286049;-1.57062,0.1069,-1.57206
0.493908,-0.254268,0.028615;-1.57081,0.0934922,-1.57258
0.494851,-0.251545,0.0291006;-1.57771,0.0411175,-1.58817
0.497502,-0.245915,0.0308004;-1.59219,0.0133791,-1.59488
0.500286,-0.239793,0.0346455;-1.688,-0.0139236,-1.57905
0.503082,-0.241395,0.0300444;-1.60755,-0.0884728,-1.57881
0.504536,-0.243631,0.0288858;-1.58556,-0.115877,-1.57273
0.50508,-0.245486,0.0289136;-1.57709,-0.134824,-1.58134
0.502895,-0.247338,0.0297052;-1.60457,-0.0891693,-1.57867
0.497592,-0.252256,0.0336141;-1.64776,0.0271327,-1.59539
0.494129,-0.254469,0.0355022;-1.62933,0.136522,-1.61785
0.489671,-0.266111,0.0315466;-1.59527,0.210564,-1.59845
0.489652,-0.268794,0.0293881;-1.58886,0.194073,-1.57745
0.489917,-0.267923,0.0298281;-1.60451,0.159778,-1.57168
0.501023,-0.255368,0.0323751;-1.64202,-0.0506489,-1.58968
0.504712,-0.250534,0.0337968;-1.6434,-0.0839667,-1.60642
0.508139,-0.242098,0.0373609;-1.71174,-0.080296,-1.61135
0.511143,-0.243423,0.0337159;-1.64325,-0.110231,-1.6072
0.512582,-0.244904,0.0306659;-1.61848,-0.125635,-1.58665
0.511506,-0.246138,0.0296186;-1.60102,-0.114744,-1.58027
0.508558,-0.250157,0.0348894;-1.70733,-0.101197,-1.58416
0.508248,-0.252027,0.0373742;-1.75224,-0.0823928,-1.58932
0.507438,-0.255886,0.039802;-1.77407,-0.0452807,-1.60085
0.504672,-0.257192,0.0373267;-1.68037,0.0253812,-1.61654
0.506587,-0.258432,0.0343528;-1.63578,0.00452437,-1.61345
0.509332,-0.256819,0.0308985;-1.58998,-0.0348409,-1.60221
0.513372,-0.259541,0.0314474;-1.61573,-0.0758464,-1.60239
0.513664,-0.258096,0.0331297;-1.66726,-0.0792878,-1.58448
0.513606,-0.257714,0.0360435;-1.72431,-0.08333,-1.58945
0.515373,-0.256797,0.0374129;-1.71736,-0.108351,-1.60798
0.515718,-0.257017,0.036331;-1.6918,-0.0935682,-1.61322
0.513128,-0.265622,0.0328801;-1.61938,-0.0378422,-1.6113
0.509705,-0.276282,0.0297201;-1.57679,0.0789624,-1.59279
0.509427,-0.275381,0.0299826;-1.57626,0.0743574,-1.5961
0.509175,-0.276804,0.0317637;-1.59574,0.0765446,-1.60356
0.5126,-0.268864,0.0390611;-1.77842,0.0368117,-1.56752
0.513722,-0.266587,0.0374876;-1.74158,0.0253232,-1.57771
0.511103,-0.273441,0.0324191;-1.63531,0.0622631,-1.58621
0.512089,-0.272566,0.0290648;-1.58676,-0.0128836,-1.5798
0.512718,-0.271152,0.0290605;-1.58677,-0.0448892,-1.58061
0.512611,-0.271211,0.0292817;-1.59804,-0.0398988,-1.57873
0.514302,-0.268398,0.035191;-1.63693,-0.0568799,-1.61815
0.513496,-0.25903,0.0336534;-1.65064,-0.116233,-1.60093
0.514598,-0.256843,0.0308445;-1.62396,-0.143085,-1.58217
0.515119,-0.257554,0.0287108;-1.57707,-0.164969,-1.57193
0.514585,-0.258529,0.0286926;-1.57083,-0.119928,-1.57605
0.514262,-0.258618,0.0291019;-1.58524,-0.104283,-1.58297
0.51551,-0.256336,0.0335673;-1.65669,-0.105533,-1.59539
0.518028,-0.252252,0.0316985;-1.63833,-0.16549,-1.58996
0.519163,-0.252071,0.0290671;-1.58927,-0.195883,-1.57985
0.519077,-0.253207,0.0286614;-1.57092,-0.0684355,-1.56683
0.518471,-0.251342,0.0286601;-1.57097,0.0351428,-1.56675
0.517754,-0.250422,0.0286474;-1.57091,0.0960064,-1.56754
0.518636,-0.25167,0.0310659;-1.56215,0.20021,-1.59369
0.51916,-0.25408,0.0291025;-1.57729,0.158572,-1.57992
0.519141,-0.25689,0.0286695;-1.57144,0.138978,-1.5757
0.517549,-0.258634,0.0285856;-1.57064,-0.0165345,-1.57047
0.517015,-0.260743,0.0289206;-1.56303,-0.0957599,-1.56134
0.517161,-0.258261,0.0288838;-1.57145,-0.0428555,-1.55668
0.517519,-0.253852,0.0294957;-1.57116,0.0197685,-1.55419
0.517662,-0.250572,0.0295113;-1.57741,0.109062,-1.57173
0.517009,-0.255735,0.0309832;-1.52356,0.0477984,-1.56955
0.515776,-0.257628,0.02858;-1.57076,-0.00188747,-1.57081
0.515618,-0.258403,0.0285952;-1.57068,-0.0173425,-1.57001
0.515713,-0.258133,0.0285794;-1.5707,0.00291831,-1.57078
0.515833,-0.257865,0.0285924;-1.57056,0.0490451,-1.57062
0.516058,-0.25615,0.0351662;-1.47991,0.117093,-1.55577
0.51589,-0.260254,0.0324673;-1.49804,0.0822596,-1.57157
0.514832,-0.259659,0.028673;-1.57075,0.0185842,-1.5753
0.51472,-0.259652,0.0286334;-1.57343,0.0263587,-1.57031
0.5147,-0.259784,0.0285795;-1.57079,0.0330406,-1.57085
0.514558,-0.25938,0.0288184;-1.57125,0.0241084,-1.58152
0.51622,-0.258138,0.0313156;-1.56049,0.0269317,-1.58925
0.514503,-0.252742,0.0337935;-1.51856,0.0271628,-1.56798
0.51251,-0.254995,0.0311167;-1.52895,-0.0288632,-1.55622
0.511602,-0.257897,0.0286006;-1.57081,-0.0672291,-1.57169
0.511611,-0.257319,0.0286055;-1.57095,-0.0660053,-1.57196
0.511491,-0.256667,0.0288331;-1.5706,-0.0815669,-1.58278
0.512189,-0.255003,0.032901;-1.57653,-0.0285008,-1.60466
0.512496,-0.255765,0.0344202;-1.56539,0.0150226,-1.60434
0.513656,-0.255051,0.0301529;-1.59362,0.0206147,-1.58382
0.51154,-0.262313,0.029175;-1.58627,0.0529704,-1.57065
0.510757,-0.264311,0.0290924;-1.59225,0.0886038,-1.57262
0.510104,-0.266084,0.0290309;-1.57599,0.127226,-1.58622
0.513538,-0.257366,0.0333026;-1.61412,0.0797253,-1.61107
0.515298,-0.254506,0.0357296;-1.65234,0.0628536,-1.61203
0.5166,-0.248532,0.034357;-1.65042,0.0262561,-1.59881
0.517885,-0.251765,0.028975;-1.57958,-0.0762279,-1.58164
0.517939,-0.251998,0.0289942;-1.58782,-0.120113,-1.57606
0.519907,-0.247905,0.0293715;-1.59021,-0.16177,-1.57184
0.522562,-0.242995,0.03369;-1.64475,-0.106469,-1.60144
0.522976,-0.240585,0.0366488;-1.69507,-0.0751987,-1.60894
0.523186,-0.241784,0.0375402;-1.70461,-0.0624642,-1.61467
0.525251,-0.250912,0.0346039;-1.65471,-0.0434568,-1.61186
0.525336,-0.255723,0.0331975;-1.62129,-0.0398041,-1.61073
0.52611,-0.257268,0.0338254;-1.63532,-0.0232682,-1.60921
0.526063,-0.250031,0.0353664;-1.70387,0.0527641,-1.56729
0.5284,-0.239577,0.0369874;-1.71809,0.0686947,-1.57846
0.527918,-0.23595,0.0394923;-1.73757,0.0868822,-1.59801
0.53117,-0.239459,0.035856;-1.6486,-0.0111494,-1.6251
0.532239,-0.242409,0.0340659;-1.63262,-0.0548355,-1.61453
0.533712,-0.245301,0.0341975;-1.63957,-0.104794,-1.61898
0.534611,-0.244152,0.0359738;-1.72275,-0.0629395,-1.58349
0.533645,-0.23998,0.0377778;-1.75901,-0.00277138,-1.57367
0.532303,-0.234967,0.0398457;-1.79914,0.0559812,-1.56287
0.53097,-0.236492,0.0368063;-1.73111,0.0545896,-1.5744
0.53289,-0.238811,0.0342953;-1.69206,0.0250635,-1.57493
0.53242,-0.240913,0.0348474;-1.69654,0.0311887,-1.57925
0.53401,-0.246324,0.035939;-1.72142,0.0274659,-1.57543
0.535808,-0.245019,0.0374351;-1.71142,0.0473521,-1.59181
0.53586,-0.237457,0.0395299;-1.70742,0.105778,-1.60457
0.533285,-0.235931,0.038122;-1.74317,0.0787854,-1.57006
0.534483,-0.23762,0.0360185;-1.72432,0.0526075,-1.57416
0.535857,-0.24117,0.0349244;-1.69916,0.0157056,-1.57649
0.53873,-0.243422,0.0344393;-1.6941,-0.0356198,-1.58272
0.537843,-0.243573,0.0366575;-1.73286,-0.00495704,-1.57863
0.538669,-0.243382,0.0380221;-1.75967,0.00134555,-1.57716
0.535326,-0.242524,0.0377194;-1.71335,0.0369628,-1.59821
0.532631,-0.245133,0.0362316;-1.70376,0.0798455,-1.58465
0.529677,-0.250233,0.0354909;-1.7085,0.122455,-1.56499
0.530289,-0.253821,0.0383978;-1.76958,0.113446,-1.55607
0.532579,-0.254285,0.0374367;-1.72806,0.0929966,-1.58278
0.532822,-0.25407,0.0381201;-1.69396,0.115281,-1.60724
0.535291,-0.246674,0.0390823;-1.70094,0.0793543,-1.61549
0.539607,-0.243025,0.0359417;-1.68564,0.0199073,-1.60325
0.542167,-0.242682,0.0333055;-1.64327,-0.0102637,-1.59872
0.543522,-0.245405,0.0340505;-1.68359,-0.0261428,-1.57886
0.542388,-0.248313,0.035421;-1.71695,-0.0446112,-1.57612
0.540301,-0.249389,0.0368452;-1.7399,-0.015117,-1.57525
0.533023,-0.254954,0.0399854;-1.73582,0.117846,-1.59661
0.534033,-0.25319,0.0379866;-1.69904,0.102911,-1.60388
0.53654,-0.252269,0.0333538;-1.63455,0.0589621,-1.60755
0.540056,-0.249227,0.0292239;-1.58863,-0.0207493,-1.58198
0.542968,-0.247155,0.0295515;-1.60151,-0.0783441,-1.58122
0.542891,-0.247159,0.0327427;-1.65921,-0.0822071,-1.58149
0.542954,-0.239068,0.0368865;-1.7126,0.0566383,-1.58097
0.542616,-0.236643,0.0364435;-1.67451,0.0826415,-1.60209
0.544648,-0.237937,0.033194;-1.602,0.0592425,-1.61777
0.54757,-0.240973,0.0290757;-1.58969,0.0108914,-1.57563
0.546913,-0.241105,0.0291485;-1.59541,0.0231965,-1.57345
0.546208,-0.241422,0.0294571;-1.60108,0.0250573,-1.5742
0.546208,-0.241422,0.0294571;-1.60108,0.0250573,-1.5742
0.544051,-0.239528,0.0326564;-1.65461,0.0606894,-1.56995
0.544051,-0.239528,0.0326564;-1.65461,0.0606894,-1.56995
