0.5,-0.3,0.06;-1.57,-2.98023e-08,-1.57
0.5,-0.3,0.06;-1.57,-2.98023e-08,-1.57
0.5,-0.3,0.06;-1.57,-2.98023e-08,-1.57
0.499607,-0.297397,0.0285857;-1.5703,-0.290955,-1.57142
0.500048,-0.29617,0.0285886;-1.57029,-0.232525,-1.57023
0.501108,-0.286524,0.0299263;-1.56775,-0.10876,-1.54602
0.499077,-0.275846,0.0322879;-1.57812,-0.0243111,-1.5167
0.501829,-0.281603,0.028578;-1.57058,-0.226531,-1.57077
0.500131,-0.283078,0.0286141;-1.56864,-0.34534,-1.57047
0.499946,-0.28308,0.02858;-1.57081,-0.366577,-1.57079
0.49999,-0.281926,0.0286263;-1.57062,-0.229512,-1.5684
0.501167,-0.273137,0.0298932;-1.57153,-0.112141,-1.54488
0.496935,-0.262397,0.033379;-1.59299,0.024172,-1.5107
0.497814,-0.265564,0.0318848;-1.5795,-0.0152054,-1.51992
0.500256,-0.273281,0.0288424;-1.57226,-0.123912,-1.55923
0.49859,-0.276977,0.0286874;-1.56716,-0.259384,-1.56821
0.498564,-0.277445,0.0285802;-1.5708,-0.23616,-1.57093
0.498921,-0.275316,0.0288107;-1.56832,-0.141981,-1.56175
0.497649,-0.265028,0.0312353;-1.57415,-0.0097121,-1.53356
0.494394,-0.258864,0.033514;-1.59354,0.0491109,-1.50897
0.49919,-0.263201,0.0303648;-1.57476,-0.0643419,-1.53911
0.500646,-0.267852,0.0286481;-1.57075,-0.184221,-1.56728
0.499555,-0.269038,0.0285793;-1.57073,-0.261745,-1.57087
0.499775,-0.268477,0.0285849;-1.57056,-0.174385,-1.57063
0.500974,-0.260546,0.029383;-1.56754,-0.0539982,-1.55496
0.498523,-0.250695,0.0314831;-1.58097,0.0595591,-1.52824
0.49849,-0.251857,0.0302179;-1.57582,0.0150273,-1.54091
0.496886,-0.260011,0.0288366;-1.56068,-0.18934,-1.56628
0.495684,-0.26218,0.0286025;-1.57036,-0.265618,-1.5699
0.495618,-0.262546,0.0285794;-1.57084,-0.21811,-1.57076
0.495459,-0.25031,0.0310016;-1.5763,0.011552,-1.53556
0.491122,-0.242405,0.0334421;-1.59673,0.123933,-1.51244
0.490846,-0.242732,0.0324101;-1.5868,0.0918648,-1.51647
0.493058,-0.254852,0.0289321;-1.5715,-0.101353,-1.56117
0.492291,-0.261197,0.0287515;-1.56711,-0.224744,-1.56523
0.491845,-0.262378,0.028668;-1.56807,-0.245656,-1.56853
0.492464,-0.257829,0.0288554;-1.56759,-0.0783749,-1.56009
0.489999,-0.247182,0.0318266;-1.58517,0.0768216,-1.52892
0.487538,-0.24265,0.0326083;-1.58987,0.126494,-1.51927
0.489988,-0.252549,0.0298008;-1.57427,-0.0823747,-1.54743
0.491369,-0.256784,0.0292031;-1.56447,-0.159631,-1.56165
0.490542,-0.260384,0.0287423;-1.56874,-0.202495,-1.56467
0.49081,-0.259243,0.0285798;-1.57074,-0.108355,-1.57101
0.490505,-0.250836,0.0303772;-1.57405,0.0274437,-1.543
0.486095,-0.244928,0.0319709;-1.58851,0.137381,-1.53114
0.489172,-0.253125,0.0300508;-1.57899,-0.0459984,-1.54187
0.490551,-0.258713,0.0291635;-1.56931,-0.134785,-1.55907
0.489638,-0.263302,0.0287874;-1.57058,-0.196553,-1.56337
0.490155,-0.261895,0.0285853;-1.57066,-0.103778,-1.57063
0.489489,-0.255192,0.0295739;-1.56863,0.0445721,-1.55477
0.485783,-0.249828,0.0310785;-1.57751,0.163789,-1.54459
0.4869,-0.257664,0.0291754;-1.57416,0.0282986,-1.55628
0.485342,-0.261679,0.0291965;-1.57214,-0.0420625,-1.55712
0.482441,-0.266822,0.0292775;-1.56904,-0.126208,-1.55723
0.482753,-0.265833,0.0288729;-1.56948,-0.0789573,-1.55744
0.484687,-0.26057,0.0292411;-1.56308,0.00313983,-1.56052
0.483382,-0.252725,0.0302657;-1.56757,0.137795,-1.5562
0.485027,-0.25464,0.0293526;-1.57157,0.0829608,-1.55582
0.484323,-0.257901,0.0288729;-1.57403,0.0164328,-1.5595
0.481616,-0.261899,0.0292725;-1.56832,-0.0624467,-1.55764
0.4812,-0.26421,0.028718;-1.5701,-0.0736701,-1.56114
0.482281,-0.263311,0.0290822;-1.55684,-0.0247633,-1.56387
0.484456,-0.256588,0.0303713;-1.54357,0.0862966,-1.56474
0.484372,-0.248343,0.0303954;-1.56413,0.128112,-1.5484
0.483636,-0.250886,0.0291533;-1.57308,0.0714577,-1.55714
0.481196,-0.255766,0.0289672;-1.57655,-0.000809401,-1.55741
0.480038,-0.263349,0.0290927;-1.57141,-0.0925424,-1.55864
0.480517,-0.263762,0.0289406;-1.56578,-0.0768108,-1.56083
0.483709,-0.257985,0.0313309;-1.52075,0.0122308,-1.56181
0.484809,-0.251938,0.0323567;-1.51121,0.10502,-1.56155
0.484929,-0.253857,0.0301664;-1.55199,0.0521947,-1.55918
0.484254,-0.256867,0.0287501;-1.5697,-0.0588541,-1.56383
0.48314,-0.264747,0.0299459;-1.54378,-0.131825,-1.56481
0.484106,-0.266962,0.0300156;-1.53479,-0.0919011,-1.56581
0.485633,-0.26646,0.0320133;-1.50717,-0.00275427,-1.55986
0.489307,-0.253164,0.0330443;-1.5065,0.174403,-1.56075
0.489776,-0.255405,0.0335512;-1.50808,0.11932,-1.55569
0.488127,-0.259402,0.0288931;-1.56169,0.0154798,-1.5652
0.486357,-0.267549,0.0301288;-1.53728,-0.082587,-1.56842
0.487535,-0.270601,0.0299413;-1.53647,-0.0593033,-1.571
0.490703,-0.270441,0.0308779;-1.53547,0.0196064,-1.55685
0.497089,-0.255334,0.0346404;-1.48226,0.207581,-1.56141
0.497182,-0.25643,0.0332479;-1.49639,0.139277,-1.56965
0.495453,-0.256144,0.0286119;-1.56925,0.0504826,-1.57116
0.493787,-0.259147,0.0294402;-1.55006,-0.0313003,-1.57276
0.493329,-0.260577,0.0300016;-1.53681,0.0069293,-1.57095
0.493897,-0.258842,0.031604;-1.54165,0.0655487,-1.54715
0.49787,-0.256319,0.0357881;-1.47527,0.172129,-1.55669
0.49903,-0.256156,0.0372235;-1.4335,0.142851,-1.56961
0.498484,-0.258727,0.0332714;-1.47214,0.0675233,-1.57148
0.49637,-0.257352,0.0288859;-1.55842,-0.072703,-1.57193
0.495623,-0.259935,0.0293834;-1.55092,-0.0653201,-1.56773
0.494647,-0.260987,0.0303329;-1.55525,-0.0485724,-1.54998
0.500711,-0.254004,0.0371234;-1.47146,0.112982,-1.54221
0.502114,-0.250977,0.0348856;-1.4718,0.093135,-1.55604
0.501216,-0.252778,0.0332461;-1.48039,0.0574843,-1.56564
0.499811,-0.253612,0.0288927;-1.55906,-0.105875,-1.57266
0.49863,-0.259274,0.0295391;-1.551,-0.139404,-1.56719
0.498659,-0.256834,0.0293203;-1.57541,-0.0947241,-1.54947
0.502018,-0.249681,0.0317846;-1.54554,-0.00350279,-1.53982
0.504646,-0.243942,0.0345774;-1.49869,0.0983084,-1.5501
0.505675,-0.24395,0.0303538;-1.53131,0.0279434,-1.56874
0.504654,-0.243537,0.029142;-1.5522,-0.0632567,-1.5782
0.504196,-0.243764,0.0289988;-1.55816,-0.10414,-1.57677
0.504398,-0.243494,0.0286773;-1.57276,-0.0798315,-1.56623
0.504136,-0.242133,0.0289577;-1.57629,-0.0156157,-1.55936
0.505062,-0.240085,0.0313039;-1.56051,0.120379,-1.54461
0.506335,-0.240254,0.0329534;-1.49231,0.0911535,-1.56864
0.506741,-0.238897,0.03015;-1.53334,0.00515851,-1.57326
0.506194,-0.239655,0.0289373;-1.56031,-0.0809053,-1.57645
0.505892,-0.240606,0.0286643;-1.5665,-0.0844262,-1.56898
0.505577,-0.240214,0.0287918;-1.57366,-0.0556277,-1.56356
0.503343,-0.239095,0.0324901;-1.57819,0.0972686,-1.52608
0.504587,-0.238531,0.0327645;-1.53708,0.0858608,-1.54415
0.505646,-0.238427,0.0285899;-1.57072,0.00446905,-1.57025
0.504832,-0.23957,0.0289222;-1.56194,-0.0781477,-1.57771
0.504793,-0.240084,0.0285906;-1.57025,-0.0803939,-1.57123
0.504528,-0.240542,0.028581;-1.57073,-0.0625612,-1.57077
0.501227,-0.239378,0.0317687;-1.58182,0.0591587,-1.53079
0.500981,-0.239672,0.0322098;-1.58595,0.0684636,-1.52425
0.501593,-0.239431,0.0313962;-1.54975,0.0577225,-1.54252
0.500768,-0.241178,0.0288828;-1.56179,-0.0830754,-1.5755
0.501015,-0.241551,0.0288601;-1.56289,-0.0820455,-1.57568
0.50091,-0.241988,0.0285917;-1.57153,-0.0860658,-1.57145
0.498032,-0.239166,0.0301754;-1.57799,0.0134531,-1.54705
0.494975,-0.238657,0.0327436;-1.59075,0.0878843,-1.52113
0.494465,-0.23888,0.0313336;-1.58017,0.0865033,-1.5322
0.495891,-0.240437,0.0289175;-1.56115,-0.0769267,-1.57678
0.495978,-0.242371,0.0289348;-1.56232,-0.0878393,-1.57854
0.495892,-0.24325,0.0289509;-1.56005,-0.0934882,-1.57692
0.494158,-0.24248,0.0288036;-1.57209,0.0068823,-1.56344
0.491275,-0.23996,0.0312692;-1.58202,0.0959501,-1.53553
0.488584,-0.240355,0.0321564;-1.59461,0.13177,-1.52477
0.492862,-0.240112,0.028587;-1.57043,-0.0255358,-1.57093
0.492374,-0.241142,0.0287705;-1.56574,-0.0790095,-1.57461
0.491675,-0.243463,0.0289385;-1.56206,-0.0980068,-1.57833
0.490856,-0.244277,0.0286806;-1.5756,-0.0381477,-1.57106
0.488207,-0.242933,0.0293225;-1.573,0.050875,-1.55863
0.483638,-0.241758,0.032564;-1.59258,0.145057,-1.52346
0.486602,-0.242093,0.028582;-1.57072,0.0498005,-1.57083
0.484657,-0.242999,0.0286944;-1.56485,-0.0826139,-1.57028
0.483736,-0.243934,0.0288167;-1.56529,-0.110364,-1.57612
0.483157,-0.243859,0.0285805;-1.57063,-0.040623,-1.57085
0.480633,-0.240882,0.0289889;-1.57302,0.0314522,-1.56046
0.476479,-0.24275,0.0305637;-1.58233,0.101652,-1.55026
0.477662,-0.243249,0.0301166;-1.57498,0.0940593,-1.54327
0.47699,-0.245516,0.028717;-1.56772,-0.01034,-1.56645
0.475037,-0.246499,0.0287748;-1.56319,-0.107857,-1.57175
0.474723,-0.246592,0.0285806;-1.57053,-0.0386865,-1.57077
0.474568,-0.245122,0.0287625;-1.5694,0.0439057,-1.56312
0.472291,-0.245715,0.0293926;-1.57317,0.110324,-1.56265
0.471899,-0.246687,0.0318479;-1.57269,0.126575,-1.51973
0.473212,-0.249746,0.0287448;-1.57087,0.0496592,-1.56278
0.471264,-0.253506,0.0287718;-1.56335,-0.0942898,-1.56812
0.470281,-0.254808,0.0285779;-1.57089,-0.1234,-1.57079
0.470704,-0.25285,0.0286794;-1.56923,0.00191781,-1.56737
0.470565,-0.247745,0.0297468;-1.57013,0.113292,-1.55439
0.468584,-0.249133,0.0308559;-1.58116,0.162473,-1.53943
0.470252,-0.250294,0.0295713;-1.57588,0.116206,-1.54942
0.47037,-0.254203,0.0287684;-1.5677,-0.0210993,-1.56398
0.467763,-0.257872,0.0285808;-1.57059,-0.205681,-1.57088
0.467856,-0.25793,0.0285893;-1.56908,-0.131703,-1.57144
0.469315,-0.255977,0.0288606;-1.56201,-0.0294011,-1.5654
0.468118,-0.245971,0.0314465;-1.5754,0.122806,-1.53467
0.468138,-0.244654,0.0304035;-1.57544,0.0811942,-1.53911
0.469196,-0.248144,0.0289327;-1.57526,0.00707844,-1.55816
0.468868,-0.254851,0.0286325;-1.57046,-0.236289,-1.56823
0.46876,-0.255693,0.0286571;-1.5704,-0.224341,-1.57472
0.469252,-0.255555,0.028703;-1.56465,-0.134754,-1.56993
0.469361,-0.244721,0.0340215;-1.52109,0.0988937,-1.54382
0.469492,-0.243912,0.0349607;-1.50097,0.0774597,-1.54037
0.468196,-0.242859,0.0291459;-1.58042,-0.00878253,-1.55205
0.469766,-0.248482,0.0286227;-1.5685,-0.155103,-1.57043
0.469779,-0.250206,0.028775;-1.56803,-0.118904,-1.5773
0.47081,-0.252598,0.0286398;-1.56732,-0.0252229,-1.56998
0.469129,-0.249753,0.0308653;-1.53762,0.161259,-1.56461
0.469405,-0.250585,0.0326837;-1.51686,0.151871,-1.55648
0.467908,-0.247378,0.0288763;-1.57468,0.11763,-1.55692
0.469811,-0.254799,0.0288744;-1.56886,-0.000173718,-1.56357
0.469583,-0.256771,0.0287241;-1.56418,-0.0218397,-1.57022
0.469683,-0.257879,0.0288704;-1.55688,-0.00204766,-1.57074
0.469683,-0.257879,0.0288704;-1.55688,-0.00204766,-1.57074
0.471018,-0.25716,0.0289933;-1.55858,0.0753388,-1.56556
0.471018,-0.25716,0.0289933;-1.55858,0.0753388,-1.56556
