0.5,-0.3,0.06;-1.57,-2.98023e-08,-1.57
0.5,-0.3,0.06;-1.57,-2.98023e-08,-1.57
0.5,-0.3,0.06;-1.57,-2.98023e-08,-1.57
0.499613,-0.29863,0.0285792;-1.57072,-0.277564,-1.57066
0.49991,-0.298069,0.0285821;-1.57053,-0.209868,-1.57093
0.501013,-0.295075,0.028856;-1.56317,-0.111612,-1.56387
0.502509,-0.279779,0.0298507;-1.56066,0.0165758,-1.55947
0.501333,-0.276087,0.0286805;-1.57222,-0.166811,-1.57679
0.501228,-0.27337,0.0285801;-1.57086,-0.295156,-1.57095
0.501261,-0.272912,0.0285805;-1.57123,-0.340552,-1.57095
0.499351,-0.27674,0.0288081;-1.57068,-0.174035,-1.58146
0.500146,-0.278137,0.0288268;-1.57372,-0.066468,-1.57998
0.500541,-0.27547,0.0300764;-1.56161,0.0617297,-1.57582
0.502058,-0.264836,0.0296059;-1.57511,0.0562734,-1.58863
0.502601,-0.260076,0.0298436;-1.57148,-0.039255,-1.5961
0.502947,-0.255284,0.0291413;-1.5748,-0.131713,-1.58635
0.502098,-0.257582,0.0287565;-1.57159,-0.0640267,-1.57871
0.50214,-0.258401,0.0285806;-1.5705,0.0313936,-1.57098
0.502725,-0.256429,0.0293931;-1.56361,0.138277,-1.56225
0.506808,-0.250304,0.0298416;-1.55312,0.268443,-1.57357
0.507984,-0.252237,0.0329431;-1.48437,0.195567,-1.58486
0.508265,-0.255805,0.0326352;-1.48304,0.106181,-1.58096
0.506527,-0.260897,0.0290391;-1.55435,-0.0273157,-1.56458
0.506717,-0.259625,0.0285922;-1.5708,0.0488219,-1.57014
0.506873,-0.257162,0.0287959;-1.56504,0.134364,-1.5665
0.506276,-0.25553,0.0292498;-1.56205,0.195349,-1.56858
0.506896,-0.253573,0.0293039;-1.54853,0.206289,-1.57823
0.506958,-0.257935,0.0290909;-1.54865,0.00965506,-1.56826
0.50552,-0.260444,0.0286666;-1.56669,-0.0677861,-1.57036
0.504828,-0.260332,0.028742;-1.57851,-0.0316363,-1.57128
0.499693,-0.261905,0.0293465;-1.59078,0.114285,-1.57448
0.49779,-0.264184,0.0305125;-1.60178,0.13644,-1.57635
0.501759,-0.26219,0.0306928;-1.56935,0.12867,-1.59999
0.503361,-0.257043,0.0296295;-1.57229,0.0588739,-1.59288
0.503522,-0.25657,0.028823;-1.57075,0.00712755,-1.5824
0.503671,-0.25741,0.0286307;-1.57066,0.00239253,-1.57327
0.502926,-0.260159,0.0287668;-1.56523,0.0941455,-1.56788
0.502801,-0.261218,0.0296323;-1.55533,0.0903425,-1.56001
0.503673,-0.26225,0.0312053;-1.52087,0.0865202,-1.56947
0.502218,-0.260311,0.0290855;-1.55819,0.0248936,-1.5827
0.501342,-0.259307,0.0287929;-1.56528,-0.015736,-1.57531
0.50059,-0.259286,0.0286196;-1.56893,-0.0601824,-1.57118
0.501066,-0.260328,0.0287385;-1.57103,-0.0187527,-1.56312
0.500802,-0.260047,0.0290401;-1.56275,-0.00972873,-1.56286
0.500719,-0.261132,0.0300077;-1.55152,-0.0183452,-1.55766
0.503499,-0.263206,0.0304321;-1.55138,-0.128884,-1.59735
0.50335,-0.264032,0.0333273;-1.53811,-0.139903,-1.62178
0.503355,-0.263974,0.0336534;-1.5364,-0.14784,-1.62371
0.503532,-0.264709,0.0287091;-1.57411,-0.073715,-1.57411
0.502306,-0.265263,0.0288631;-1.5787,-0.027919,-1.57611
0.501363,-0.265635,0.0297909;-1.58184,-0.00497483,-1.57461
0.511586,-0.267021,0.0326425;-1.55907,-0.101598,-1.63261
0.509994,-0.267477,0.0338857;-1.54348,-0.149345,-1.63124
0.507446,-0.262801,0.0300927;-1.56207,-0.220526,-1.59439
0.507087,-0.262107,0.0286246;-1.57079,-0.177778,-1.56864
0.506505,-0.259573,0.0288221;-1.56403,-0.0801901,-1.56477
0.503428,-0.256527,0.0302319;-1.57005,-0.015189,-1.5532
0.510331,-0.256867,0.0294317;-1.55937,-0.0723312,-1.58042
0.508927,-0.254338,0.0289914;-1.56642,-0.163628,-1.58558
0.507527,-0.253193,0.0289944;-1.56121,-0.216213,-1.5791
0.506901,-0.252813,0.0285793;-1.57082,-0.20245,-1.57082
0.507082,-0.250717,0.0289721;-1.56072,-0.126013,-1.55973
0.504275,-0.244544,0.0320201;-1.57595,-0.0385835,-1.52047
0.507153,-0.245338,0.0294266;-1.56237,-0.0270729,-1.57221
0.509794,-0.242835,0.0291391;-1.57244,-0.111089,-1.58655
0.509952,-0.244451,0.0296842;-1.56835,-0.144116,-1.59167
0.508854,-0.247023,0.0308491;-1.56558,-0.186637,-1.60587
0.507861,-0.247263,0.0291283;-1.59349,-0.149414,-1.57833
0.506404,-0.247541,0.0291618;-1.59883,-0.0983327,-1.57306
0.50257,-0.244937,0.0317038;-1.61857,-0.00362528,-1.56429
0.508606,-0.246996,0.0298005;-1.58057,-0.0885293,-1.57775
0.512955,-0.24855,0.0292238;-1.55849,-0.192883,-1.58082
0.511372,-0.251155,0.0289126;-1.55913,-0.254086,-1.57468
0.512195,-0.251665,0.0286194;-1.57059,-0.177367,-1.57295
0.512288,-0.249599,0.0287198;-1.57104,-0.0791608,-1.56403
0.506093,-0.243252,0.0315743;-1.58689,0.0962327,-1.53007
0.508728,-0.241486,0.0335267;-1.55836,0.0508002,-1.52858
0.510618,-0.247225,0.0291834;-1.56043,-0.0209161,-1.56985
0.508363,-0.254001,0.028967;-1.5569,-0.141549,-1.56865
0.509669,-0.252479,0.0286381;-1.56832,-0.0602528,-1.57015
0.510179,-0.251085,0.0286603;-1.57089,0.00537327,-1.56697
0.504595,-0.246183,0.0292478;-1.59164,0.175239,-1.55494
0.50597,-0.247122,0.0308696;-1.59368,0.149446,-1.54358
0.506042,-0.250248,0.0288552;-1.57157,0.133591,-1.5725
0.503028,-0.255643,0.0291175;-1.56922,-0.0823394,-1.56846
0.503402,-0.256451,0.028772;-1.56902,-0.0762004,-1.57242
0.503583,-0.2568,0.0288319;-1.5828,-0.0723511,-1.57187
0.497716,-0.251518,0.0292418;-1.59725,0.0682952,-1.56368
0.497514,-0.248921,0.0292204;-1.57522,0.0847891,-1.5562
0.497519,-0.247551,0.028886;-1.5696,0.100659,-1.5575
0.496067,-0.25351,0.0288859;-1.55795,-0.0511034,-1.56815
0.49565,-0.254961,0.0289111;-1.55619,-0.0612231,-1.56836
0.495338,-0.256053,0.0287055;-1.57072,-0.0766066,-1.56475
0.49299,-0.253723,0.028987;-1.57709,0.0455959,-1.55694
0.491415,-0.251919,0.0288653;-1.57288,0.0979456,-1.55882
0.491141,-0.251896,0.0288414;-1.57294,0.106402,-1.55999
0.490716,-0.254011,0.028694;-1.56586,0.000944853,-1.56984
0.488759,-0.256308,0.0289167;-1.55927,-0.0686453,-1.56504
0.488976,-0.256341,0.0286857;-1.57094,-0.0587402,-1.56569
0.488768,-0.256158,0.0288132;-1.57305,-0.0417265,-1.56153
0.484004,-0.254658,0.0292504;-1.59915,0.0631237,-1.56496
0.484349,-0.254206,0.0290478;-1.59343,0.0646036,-1.56941
0.485453,-0.253691,0.0287161;-1.57019,0.012383,-1.57715
0.484514,-0.251276,0.0286755;-1.56966,-0.108145,-1.57424
0.48452,-0.251395,0.0285875;-1.57073,-0.120536,-1.5701
0.484832,-0.250466,0.0289947;-1.56501,-0.0806532,-1.55572
0.483372,-0.249629,0.030174;-1.58083,-0.0200447,-1.54419
0.486595,-0.253078,0.0288779;-1.57213,-0.0789146,-1.55764
0.487965,-0.254259,0.0286198;-1.57106,-0.152868,-1.56904
0.487653,-0.254063,0.0287534;-1.56597,-0.17966,-1.57341
0.487452,-0.253793,0.0286457;-1.5676,-0.205387,-1.57009
0.48853,-0.252329,0.0288942;-1.56123,-0.136298,-1.56334
0.488659,-0.250495,0.0304686;-1.58086,-0.0536805,-1.54183
0.49147,-0.25527,0.0298113;-1.57092,-0.116762,-1.5473
0.491882,-0.258376,0.0287009;-1.57013,-0.178764,-1.56483
0.491855,-0.258644,0.0287993;-1.5653,-0.234169,-1.57482
0.491338,-0.25804,0.0285804;-1.57085,-0.269514,-1.57097
0.491786,-0.257821,0.028842;-1.56141,-0.244642,-1.56466
0.488193,-0.254108,0.0293831;-1.5755,-0.147647,-1.55335
0.487731,-0.255113,0.0306426;-1.57612,-0.127095,-1.53849
0.488697,-0.257263,0.0288562;-1.57484,-0.142439,-1.562
0.488748,-0.258631,0.0287234;-1.57086,-0.178488,-1.57747
0.488741,-0.258157,0.02864;-1.56911,-0.196057,-1.57192
0.488478,-0.257686,0.0285793;-1.57087,-0.223423,-1.57078
0.488203,-0.251217,0.0294209;-1.56754,-0.0588936,-1.55175
0.487848,-0.251136,0.0295174;-1.57303,-0.050811,-1.55005
0.489817,-0.254098,0.0302243;-1.57234,-0.0856932,-1.54149
0.490887,-0.260953,0.028577;-1.57065,-0.251262,-1.57091
0.490774,-0.260839,0.0285961;-1.57051,-0.256727,-1.57021
0.490619,-0.261171,0.0286984;-1.56597,-0.256708,-1.56843
0.491323,-0.257581,0.0288833;-1.56773,-0.102725,-1.55856
0.489819,-0.25391,0.0297494;-1.57306,-0.0516288,-1.547
0.489486,-0.253213,0.0305142;-1.57191,-0.0304012,-1.53737
0.493736,-0.260143,0.0286295;-1.57037,-0.173027,-1.56857
0.493479,-0.260534,0.0287073;-1.56449,-0.196172,-1.56975
0.493484,-0.261023,0.0286391;-1.57048,-0.182401,-1.57357
0.492047,-0.263021,0.0288504;-1.58385,-0.0473938,-1.57165
0.490857,-0.261887,0.0290589;-1.59257,-0.0144052,-1.56976
0.488279,-0.260429,0.0292266;-1.597,0.0404724,-1.56477
0.488421,-0.259972,0.0287361;-1.5782,0.0566684,-1.57053
0.488135,-0.260621,0.0285799;-1.57053,-3.73125e-05,-1.57079
0.487767,-0.260347,0.0286004;-1.57054,-0.0632952,-1.57199
0.48727,-0.261346,0.0286191;-1.57277,-0.0368924,-1.57101
0.485512,-0.260281,0.0287907;-1.57784,0.025245,-1.56757
0.483206,-0.259041,0.0289996;-1.57871,0.0887357,-1.55727
0.48357,-0.259966,0.0287019;-1.57094,0.0598486,-1.56497
0.48342,-0.262298,0.028638;-1.56866,-0.063363,-1.56929
0.483006,-0.262891,0.0286212;-1.56865,-0.0938625,-1.57066
0.482635,-0.263356,0.0285797;-1.57087,-0.0995214,-1.5708
0.481548,-0.262617,0.0287132;-1.57165,-0.0591029,-1.56332
0.479608,-0.259855,0.0290584;-1.57169,0.0136201,-1.55637
0.478215,-0.25813,0.0287501;-1.57132,0.0507916,-1.56101
0.478545,-0.259481,0.0285807;-1.57051,-0.0458207,-1.57081
0.477604,-0.259608,0.0285793;-1.57078,-0.136052,-1.57078
0.47751,-0.258561,0.0285792;-1.57096,-0.218696,-1.57052
0.477479,-0.257469,0.0288035;-1.56749,-0.202901,-1.55889
0.477424,-0.249208,0.0306443;-1.56591,-0.0866974,-1.5368
0.474915,-0.24609,0.0312006;-1.5584,-0.0104589,-1.52939
0.474004,-0.246901,0.0291758;-1.55449,-0.0312376,-1.5578
0.473046,-0.24858,0.0292627;-1.54459,-0.0645489,-1.56186
0.471747,-0.248618,0.028584;-1.57055,-0.146603,-1.57084
0.471964,-0.248232,0.0290471;-1.55419,-0.128248,-1.56227
0.472298,-0.245869,0.0300238;-1.55611,-0.0785475,-1.54772
0.469242,-0.247933,0.0292609;-1.57079,-0.0567732,-1.55404
0.469246,-0.24804,0.0298737;-1.5574,-0.0512476,-1.54818
0.468291,-0.248615,0.0286144;-1.57082,-0.0838746,-1.56913
0.467204,-0.249903,0.0286386;-1.56794,-0.190011,-1.57016
0.467586,-0.249612,0.0287744;-1.56124,-0.131459,-1.56925
0.468522,-0.247543,0.0288562;-1.56779,-0.0548348,-1.56042
0.46763,-0.251499,0.030853;-1.57086,-0.0726469,-1.53275
0.467935,-0.250364,0.0295265;-1.55886,-0.0432531,-1.55112
0.467005,-0.251609,0.0295617;-1.54244,-0.0534775,-1.56252
0.464801,-0.24959,0.0285786;-1.57078,-0.191345,-1.57084
0.464782,-0.249026,0.0285797;-1.57087,-0.196903,-1.57084
0.464719,-0.249,0.0285866;-1.57153,-0.19439,-1.57009
0.464887,-0.249309,0.0303148;-1.57401,-0.172377,-1.53936
0.464301,-0.247358,0.030071;-1.56626,-0.112902,-1.54378
0.463962,-0.249452,0.0308058;-1.53174,-0.123681,-1.5525
0.46246,-0.249565,0.0286113;-1.57084,-0.227623,-1.56929
0.462697,-0.249446,0.0286053;-1.57061,-0.188111,-1.57208
0.462784,-0.249446,0.0286311;-1.57038,-0.187344,-1.56849
0.462784,-0.249446,0.0286311;-1.57038,-0.187344,-1.56849
0.463193,-0.248848,0.028778;-1.57095,-0.150952,-1.56127
0.463193,-0.248848,0.028778;-1.57095,-0.150952,-1.56127
