0.5,-0.3,0.06;-1.57,-2.98023e-08,-1.57
0.5,-0.3,0.06;-1.57,-2.98023e-08,-1.57
0.5,-0.3,0.06;-1.57,-2.98023e-08,-1.57
0.500019,-0.296564,0.0285613;-1.56987,-0.308761,-1.57032
0.500274,-0.296226,0.0285782;-1.57091,-0.266186,-1.57096
0.500664,-0.292517,0.0288381;-1.56325,-0.183302,-1.56364
0.496986,-0.281215,0.0291765;-1.57395,-0.000507802,-1.56844
0.498163,-0.282999,0.0291058;-1.57292,-0.0572699,-1.59
0.499793,-0.277645,0.0299528;-1.58108,-0.140349,-1.59612
0.502444,-0.270948,0.0306602;-1.58452,-0.233655,-1.60544
0.502157,-0.270181,0.0307505;-1.58176,-0.231552,-1.60732
0.500093,-0.272065,0.0300067;-1.57435,-0.159529,-1.59427
0.499777,-0.258495,0.0309489;-1.6022,-0.0231584,-1.57103
0.501529,-0.248804,0.0286922;-1.56989,-0.00323201,-1.56619
0.501522,-0.250832,0.0285823;-1.57063,-0.108981,-1.57117
0.501206,-0.251502,0.028642;-1.5707,-0.116521,-1.57373
0.50125,-0.252837,0.0286839;-1.57036,-0.0502851,-1.57569
0.501463,-0.252541,0.0287005;-1.57363,-0.059825,-1.57403
0.502015,-0.251972,0.0291528;-1.57621,-0.0697355,-1.57289
0.501874,-0.244552,0.0314376;-1.62531,-0.0169247,-1.57849
0.505934,-0.24051,0.0306091;-1.6037,-0.085849,-1.59377
0.508281,-0.241698,0.0306514;-1.58619,-0.106526,-1.60369
0.508292,-0.243772,0.0311359;-1.58208,-0.124837,-1.6102
0.505084,-0.247897,0.0299512;-1.58105,-0.0656419,-1.59342
0.501581,-0.254972,0.0294748;-1.57734,0.010568,-1.58759
0.500817,-0.255678,0.0290414;-1.58036,0.0353004,-1.57931
0.501589,-0.253779,0.0285786;-1.57077,0.0137722,-1.57067
0.501536,-0.250936,0.0286379;-1.57069,-0.127971,-1.57355
0.500825,-0.249808,0.0286909;-1.56828,-0.181372,-1.57313
0.5006,-0.249132,0.0286675;-1.57072,-0.202939,-1.57487
0.49816,-0.246156,0.0293745;-1.5821,-0.0444748,-1.57091
0.495923,-0.2511,0.0312836;-1.62311,-0.00528866,-1.57922
0.496225,-0.258253,0.0327431;-1.64212,0.000389248,-1.58444
0.496342,-0.273065,0.0305401;-1.57411,0.0357274,-1.60389
0.496189,-0.269915,0.0299038;-1.57654,-0.017179,-1.59494
0.496062,-0.259557,0.0298414;-1.5736,-0.102054,-1.59357
0.49695,-0.252865,0.0286196;-1.5709,-0.154977,-1.56891
0.49477,-0.246619,0.0300127;-1.57488,-0.0594262,-1.5543
0.495893,-0.24761,0.0301433;-1.57442,-0.10148,-1.55338
0.497251,-0.252803,0.0286128;-1.57066,-0.131542,-1.57241
0.497124,-0.255139,0.0285877;-1.5709,-0.058374,-1.57127
0.496998,-0.25566,0.0286393;-1.57074,-0.0408999,-1.5736
0.496923,-0.253684,0.0287955;-1.57046,-0.0709855,-1.58106
0.497631,-0.250921,0.0294202;-1.58569,-0.0773727,-1.58272
0.497683,-0.246066,0.0333483;-1.66092,-0.0488196,-1.58321
0.502344,-0.245498,0.0313441;-1.60979,-0.158576,-1.60374
0.501772,-0.248268,0.0302936;-1.57745,-0.189126,-1.60121
0.500133,-0.251075,0.0293589;-1.58838,-0.153844,-1.58544
0.499547,-0.252784,0.0286394;-1.57084,-0.076705,-1.57362
0.499302,-0.251622,0.0287746;-1.56594,0.0270141,-1.56625
0.497476,-0.248495,0.0294937;-1.56822,0.0952598,-1.5664
0.500211,-0.248658,0.0286021;-1.57067,-0.00337706,-1.57183
0.499879,-0.247847,0.0285799;-1.57057,-0.101291,-1.57078
0.499227,-0.248172,0.0287533;-1.569,-0.190217,-1.57706
0.498759,-0.248448,0.0289442;-1.57701,-0.140078,-1.58277
0.498978,-0.246219,0.0294512;-1.58638,-0.0974053,-1.5841
0.49839,-0.244399,0.032572;-1.64601,-0.0635997,-1.58642
0.495538,-0.252362,0.0316282;-1.60167,0.020823,-1.60178
0.492422,-0.265393,0.0296066;-1.57093,0.0802701,-1.5938
0.491378,-0.268766,0.0288679;-1.57347,0.093725,-1.58258
0.492966,-0.265052,0.0286081;-1.57042,-0.0390998,-1.57228
0.494398,-0.26218,0.0286844;-1.56842,-0.08833,-1.56744
0.496319,-0.253305,0.029389;-1.5649,-0.0516139,-1.56353
0.497428,-0.248341,0.0290592;-1.56682,-0.0237601,-1.56254
0.496607,-0.250671,0.0285908;-1.57021,-0.0779259,-1.57136
0.496426,-0.252198,0.0286538;-1.5702,-0.0513082,-1.57452
0.496097,-0.257579,0.0288453;-1.57267,0.0216678,-1.58246
0.497264,-0.255692,0.0297074;-1.57182,-0.00842382,-1.59613
0.500152,-0.250617,0.0315187;-1.60766,-0.0595601,-1.6033
0.502902,-0.24175,0.033432;-1.66633,-0.0848095,-1.58485
0.503814,-0.243629,0.0299893;-1.60935,-0.118044,-1.58588
0.504189,-0.244943,0.0289037;-1.57716,-0.146471,-1.58082
0.503555,-0.247136,0.0286708;-1.57063,-0.147847,-1.57518
0.503315,-0.248774,0.0286138;-1.57079,-0.0693839,-1.5724
0.503089,-0.249751,0.0285799;-1.57087,-0.018524,-1.57092
0.501626,-0.249985,0.0296877;-1.56764,0.0674916,-1.56679
0.501009,-0.253551,0.0324688;-1.50473,0.0487248,-1.5726
0.502166,-0.249565,0.028754;-1.57419,-0.0495826,-1.57788
0.502468,-0.246954,0.0290401;-1.57921,-0.158574,-1.58591
0.502663,-0.246394,0.0296596;-1.58305,-0.154586,-1.59266
0.502456,-0.245763,0.030486;-1.59764,-0.141529,-1.5946
0.500363,-0.244272,0.034106;-1.68126,-0.0978853,-1.58757
0.50026,-0.244594,0.0332845;-1.66784,-0.0924735,-1.58522
0.499914,-0.247388,0.0289947;-1.57791,-0.0939345,-1.58393
0.500196,-0.251729,0.0286878;-1.57053,0.00359989,-1.576
0.500233,-0.251463,0.0286421;-1.57083,0.00530147,-1.57367
0.500324,-0.25034,0.0286175;-1.57081,-0.013628,-1.57256
0.502204,-0.2428,0.0301062;-1.5749,-0.0516225,-1.55833
0.5062,-0.245317,0.0289251;-1.57378,-0.13267,-1.57097
0.50702,-0.247245,0.0286354;-1.57087,-0.176959,-1.57347
0.503139,-0.25669,0.0295793;-1.59095,-0.0747166,-1.58822
0.501125,-0.266837,0.0303306;-1.57284,0.0572813,-1.60289
0.500265,-0.27291,0.030205;-1.56615,0.137286,-1.60195
0.500491,-0.255269,0.0310918;-1.57888,0.155491,-1.58652
0.505046,-0.247892,0.029722;-1.57935,0.0321562,-1.57904
0.507602,-0.246445,0.0286834;-1.56816,-0.0644063,-1.56836
0.505956,-0.249648,0.0286886;-1.56994,-0.205499,-1.57518
0.505781,-0.250224,0.028645;-1.57059,-0.160029,-1.57374
0.50554,-0.251159,0.0286335;-1.57076,-0.0981595,-1.57349
0.505356,-0.25148,0.0286011;-1.57037,0.013478,-1.56973
0.504243,-0.249623,0.0295565;-1.57608,0.0803921,-1.56916
0.508706,-0.247814,0.029074;-1.58138,-0.0409278,-1.57839
0.511082,-0.247052,0.0289955;-1.57986,-0.161787,-1.58361
0.510225,-0.252252,0.0301116;-1.60056,-0.224287,-1.59285
0.510387,-0.250333,0.0305617;-1.60515,-0.218266,-1.59542
0.509222,-0.250304,0.0299486;-1.59426,-0.189231,-1.5893
0.501734,-0.246726,0.0305353;-1.58783,0.0447207,-1.56358
0.502502,-0.243091,0.0291969;-1.56957,0.0275522,-1.56075
0.503902,-0.242764,0.0286748;-1.5707,-0.0636477,-1.57539
0.502062,-0.246866,0.0286859;-1.57057,-0.154375,-1.57586
0.502051,-0.247139,0.0286408;-1.57077,-0.15549,-1.57367
0.501948,-0.246929,0.0287403;-1.57476,-0.145167,-1.57555
0.499847,-0.242711,0.029582;-1.58812,-0.03427,-1.58215
0.502292,-0.24059,0.0293361;-1.58157,-0.070444,-1.582
0.504935,-0.243004,0.0294697;-1.58332,-0.109443,-1.58895
0.505826,-0.247621,0.0303611;-1.59587,-0.137769,-1.59739
0.503277,-0.253719,0.0305217;-1.58458,-0.0915923,-1.60069
0.498957,-0.263648,0.0298956;-1.57465,0.0178766,-1.59703
0.496756,-0.266244,0.0295136;-1.57934,0.141063,-1.57746
0.499263,-0.257483,0.0293394;-1.56927,0.122312,-1.56888
0.504024,-0.248754,0.0286121;-1.5693,0.0391249,-1.57078
0.503422,-0.246466,0.0287891;-1.56697,-0.157936,-1.57645
0.503152,-0.247225,0.0286625;-1.57082,-0.14504,-1.57469
0.502804,-0.248857,0.0287321;-1.57047,-0.0935767,-1.57801
0.497982,-0.257443,0.0291635;-1.58581,0.0605881,-1.57913
0.493674,-0.268126,0.031405;-1.58201,0.189589,-1.58424
0.495122,-0.265765,0.0323863;-1.53438,0.177169,-1.6051
0.499276,-0.252941,0.0311008;-1.57065,-0.0271421,-1.61137
0.502622,-0.245188,0.0293218;-1.57887,-0.137971,-1.58724
0.502569,-0.245701,0.0297231;-1.58571,-0.140985,-1.59117
0.502642,-0.245498,0.0286078;-1.571,-0.128251,-1.57218
0.502554,-0.246214,0.0291733;-1.5755,-0.107715,-1.56985
0.499118,-0.249662,0.0294101;-1.56994,-0.072092,-1.55976
0.497686,-0.251314,0.0287091;-1.57063,-0.0579105,-1.57687
0.497586,-0.250932,0.0286667;-1.57089,-0.0893079,-1.57486
0.497464,-0.251322,0.0287786;-1.56755,-0.0897397,-1.57767
0.497407,-0.250647,0.0289836;-1.58026,-0.068972,-1.58131
0.498122,-0.248553,0.030428;-1.61049,-0.0666661,-1.57968
0.49986,-0.247555,0.0338257;-1.67157,-0.110625,-1.58402
0.503517,-0.248515,0.0321449;-1.6367,-0.173088,-1.59934
0.502831,-0.250483,0.0294983;-1.58196,-0.180325,-1.58998
0.502449,-0.251222,0.0292112;-1.58304,-0.184366,-1.58505
0.501439,-0.254299,0.0286364;-1.57076,-0.0660399,-1.5735
0.500218,-0.253197,0.0288358;-1.567,0.022903,-1.56648
0.498776,-0.25231,0.0294848;-1.56762,0.0626392,-1.56544
0.498063,-0.259204,0.0286831;-1.56679,-0.146157,-1.56922
0.498281,-0.258487,0.0285798;-1.57084,-0.186539,-1.57077
0.498484,-0.257562,0.0286354;-1.57087,-0.232073,-1.57343
0.49778,-0.258065,0.0290755;-1.58306,-0.187229,-1.58482
0.494448,-0.263102,0.0306885;-1.61037,-0.0968648,-1.58537
0.490301,-0.268214,0.0345807;-1.66592,0.0494105,-1.58457
0.488151,-0.276105,0.0331191;-1.61288,0.0789858,-1.60737
0.486323,-0.28082,0.0296998;-1.57156,0.0155594,-1.59491
0.486101,-0.276958,0.0290614;-1.58236,-0.0610313,-1.58289
0.489879,-0.270375,0.0286341;-1.5708,-0.240649,-1.57334
0.490073,-0.269651,0.028587;-1.57053,-0.215591,-1.57057
0.489376,-0.264132,0.0291885;-1.5652,-0.108459,-1.55991
0.486026,-0.256366,0.0290257;-1.57981,0.0165723,-1.56376
0.485406,-0.260346,0.0286149;-1.57038,-0.0263702,-1.57236
0.484697,-0.261588,0.0287267;-1.57128,-0.0297653,-1.57758
0.486287,-0.25856,0.029088;-1.58074,-0.121861,-1.58626
0.489646,-0.25053,0.0295928;-1.58538,-0.192949,-1.59064
0.490731,-0.24813,0.0312254;-1.60457,-0.176412,-1.59772
0.489391,-0.244145,0.0326237;-1.63492,-0.1081,-1.59341
0.490394,-0.245294,0.029902;-1.5852,-0.132606,-1.59115
0.490342,-0.24636,0.0289121;-1.57248,-0.146119,-1.58495
0.488424,-0.250029,0.0286363;-1.57075,-0.142024,-1.57363
0.488392,-0.249896,0.0286941;-1.57123,-0.145047,-1.57629
0.48703,-0.251117,0.0288314;-1.57458,-0.0795319,-1.57961
0.486176,-0.247931,0.0293747;-1.57899,0.00301001,-1.57687
0.488453,-0.244422,0.0287954;-1.57371,-0.0274384,-1.57397
0.489369,-0.24298,0.0288462;-1.56727,-0.106497,-1.58009
0.490155,-0.246152,0.0296445;-1.58309,-0.143751,-1.59076
0.491296,-0.246035,0.0304418;-1.59312,-0.148067,-1.59812
0.49159,-0.246667,0.0310664;-1.60577,-0.149241,-1.6009
0.484415,-0.250694,0.0340911;-1.67671,-0.000405908,-1.57935
0.48196,-0.253231,0.032094;-1.63401,0.0508701,-1.57971
0.4808,-0.257917,0.0289051;-1.57229,0.0768642,-1.58455
0.480383,-0.256908,0.0286618;-1.57063,-0.0237181,-1.57463
0.481455,-0.254863,0.0285813;-1.5706,-0.0978025,-1.57087
0.481905,-0.254005,0.0285791;-1.57101,-0.131398,-1.57065
0.481905,-0.254005,0.0285791;-1.57101,-0.131398,-1.57065
0.482802,-0.253154,0.0287882;-1.57014,-0.168672,-1.56595
0.482802,-0.253154,0.0287882;-1.57014,-0.168672,-1.56595
