0.5,-0.3,0.06;-1.57,-2.98023e-08,-1.57
0.5,-0.3,0.06;-1.57,-2.98023e-08,-1.57
0.5,-0.3,0.06;-1.57,-2.98023e-08,-1.57
0.499016,-0.2977,0.0286518;-1.5711,-0.278312,-1.57451
0.499477,-0.297012,0.0285795;-1.57087,-0.240675,-1.57129
0.500389,-0.295932,0.0289292;-1.55668,-0.176718,-1.56473
0.50057,-0.288329,0.0291648;-1.56124,-0.119347,-1.56282
0.500074,-0.288414,0.0285855;-1.57093,-0.182213,-1.5715
0.499996,-0.28869,0.0285796;-1.57083,-0.221304,-1.57083
0.500142,-0.288864,0.0285792;-1.57093,-0.296539,-1.57096
0.499142,-0.288016,0.0285803;-1.57076,-0.175477,-1.57094
0.500213,-0.286577,0.0289586;-1.55567,-0.0908101,-1.56547
0.501443,-0.281404,0.0309756;-1.52872,0.017717,-1.56157
0.501916,-0.275317,0.0287643;-1.56405,0.0205152,-1.56878
0.501948,-0.27347,0.0287782;-1.57052,-0.081413,-1.58094
0.502496,-0.27229,0.0286962;-1.57129,-0.147334,-1.57701
0.501953,-0.274162,0.0287744;-1.57081,-0.11348,-1.58012
0.502209,-0.2759,0.0287082;-1.56884,-0.0299261,-1.57483
0.504031,-0.272889,0.0314932;-1.5257,0.0743072,-1.56774
0.50552,-0.243984,0.0326684;-1.64888,0.186257,-1.5702
0.509373,-0.239137,0.0312448;-1.6202,0.0935492,-1.57736
0.512294,-0.237714,0.0290932;-1.57925,-0.0106486,-1.58687
0.512924,-0.249045,0.0294317;-1.57807,-0.116243,-1.5887
0.511904,-0.252287,0.0293016;-1.60323,-0.0576637,-1.57587
0.510481,-0.257623,0.0293537;-1.57523,0.0594628,-1.58169
0.511518,-0.254132,0.031033;-1.54783,0.136074,-1.58257
0.51197,-0.247286,0.0321076;-1.5095,0.167455,-1.58384
0.514225,-0.237932,0.0287899;-1.57479,-0.0305449,-1.57698
0.515901,-0.240948,0.0288555;-1.57498,-0.117337,-1.58031
0.515617,-0.244034,0.0289686;-1.57524,-0.133878,-1.58557
0.514031,-0.247352,0.0291742;-1.5795,-0.00464298,-1.57729
0.513595,-0.245364,0.030018;-1.56874,0.104236,-1.57425
0.513012,-0.24137,0.0295577;-1.55566,0.146245,-1.56895
0.513113,-0.238151,0.0286814;-1.5675,0.0426475,-1.57244
0.512306,-0.238256,0.0286063;-1.56975,-0.0346866,-1.57105
0.512071,-0.239452,0.0286792;-1.57069,-0.0925234,-1.5755
0.511799,-0.242466,0.0285845;-1.57114,-0.0450452,-1.57055
0.511672,-0.242589,0.0290783;-1.57282,-0.0204496,-1.57242
0.512057,-0.243882,0.0293866;-1.56416,0.026638,-1.56812
0.511785,-0.241858,0.0289409;-1.56004,0.0242421,-1.57741
0.51125,-0.240957,0.0285799;-1.57076,-0.027425,-1.57074
0.510803,-0.240751,0.0286304;-1.57061,-0.0564986,-1.57329
0.51077,-0.242629,0.0286548;-1.57075,-0.0452608,-1.57433
0.510983,-0.244528,0.0287664;-1.57001,-0.00244814,-1.57097
0.511337,-0.24665,0.02971;-1.5628,0.0583242,-1.56507
0.510241,-0.247837,0.0298609;-1.53669,0.0667087,-1.56981
0.509599,-0.24695,0.028828;-1.55892,0.0277899,-1.57109
0.509032,-0.246197,0.0285807;-1.57054,-0.0207357,-1.57081
0.508588,-0.244708,0.0285797;-1.57076,-0.098833,-1.57073
0.508904,-0.245373,0.028892;-1.56613,-0.0262866,-1.57028
0.50912,-0.245348,0.0297295;-1.56432,0.0358622,-1.56677
0.508606,-0.248651,0.0300752;-1.53123,0.11474,-1.5751
0.507743,-0.245689,0.0288386;-1.56867,0.0414965,-1.58106
0.507711,-0.242633,0.0287483;-1.57054,-0.00372628,-1.57894
0.509297,-0.240677,0.028785;-1.57117,-0.0995068,-1.58099
0.507849,-0.242902,0.0288833;-1.58125,-0.0473189,-1.57562
0.506426,-0.246405,0.0296133;-1.57982,-0.00687596,-1.5774
0.506567,-0.244781,0.0311155;-1.52481,0.104971,-1.57612
0.506758,-0.240118,0.02894;-1.57392,0.0557339,-1.58453
0.507341,-0.239171,0.0286646;-1.57111,0.0289298,-1.57503
0.509786,-0.242326,0.0286226;-1.57138,-0.0924491,-1.56855
0.508313,-0.244465,0.0297552;-1.5779,-0.0810944,-1.54606
0.505751,-0.244657,0.0320139;-1.58163,-0.00570011,-1.52557
0.49822,-0.258586,0.0348599;-1.48503,0.224346,-1.55325
0.496943,-0.260576,0.0316157;-1.52728,0.248286,-1.55851
0.496387,-0.260199,0.0288081;-1.56869,0.238526,-1.56217
0.492186,-0.264296,0.0288995;-1.56701,0.0432848,-1.55944
0.491207,-0.265984,0.0295997;-1.56437,0.00155479,-1.54759
0.491277,-0.265401,0.0319549;-1.54304,-0.00100067,-1.53338
0.493306,-0.264661,0.0366589;-1.4587,0.0555786,-1.54327
0.492599,-0.2648,0.0379452;-1.43732,0.07778,-1.54911
0.492882,-0.262661,0.0362829;-1.46218,0.0922226,-1.54207
0.490966,-0.263151,0.0290499;-1.56324,0.0216376,-1.56189
0.489919,-0.263876,0.0287985;-1.57031,-0.00697162,-1.56085
0.489174,-0.265283,0.0294144;-1.55945,-0.0334093,-1.55511
0.489507,-0.266706,0.0334256;-1.49429,0.000727594,-1.55606
0.490415,-0.266627,0.03527;-1.45272,0.0491587,-1.56051
0.490702,-0.264062,0.033677;-1.50227,0.0647748,-1.54566
0.487484,-0.267286,0.0288003;-1.56431,-0.0683547,-1.56622
0.48652,-0.268179,0.0286677;-1.57074,-0.139524,-1.56663
0.485384,-0.270425,0.0290571;-1.5513,-0.225305,-1.56232
0.485258,-0.266752,0.0329148;-1.49395,-0.140336,-1.54343
0.485408,-0.265746,0.0328914;-1.49227,-0.0436916,-1.55396
0.486351,-0.262914,0.0327795;-1.49219,0.046031,-1.56346
0.486123,-0.262618,0.0286969;-1.5708,0.0609835,-1.5764
0.487058,-0.26108,0.0289378;-1.57982,0.00139535,-1.57881
0.4876,-0.260175,0.0287308;-1.57812,-0.043563,-1.57129
0.489644,-0.255159,0.0301148;-1.57765,-0.0833375,-1.56094
0.48972,-0.256244,0.0341292;-1.56432,-0.0134624,-1.5676
0.485173,-0.263627,0.0315912;-1.52135,0.0603858,-1.58691
0.485404,-0.260366,0.0290242;-1.57991,0.0236368,-1.58256
0.486434,-0.259151,0.0290064;-1.58191,-0.00445955,-1.58007
0.487367,-0.258514,0.0290433;-1.59127,-0.0291946,-1.57355
0.485955,-0.259157,0.0308848;-1.58588,-0.0348852,-1.54589
0.485624,-0.261536,0.0330095;-1.54162,0.042305,-1.57228
0.482724,-0.26639,0.0327278;-1.51206,0.111902,-1.5861
0.479968,-0.272348,0.0319056;-1.50461,0.173051,-1.57891
0.481102,-0.267882,0.0286056;-1.57185,0.20827,-1.57025
0.481129,-0.267114,0.0286641;-1.57127,0.108992,-1.56459
0.4808,-0.26693,0.0292374;-1.56808,0.0321829,-1.55465
0.485404,-0.250008,0.032833;-1.55235,0.0438421,-1.53425
0.484014,-0.250268,0.0334866;-1.52969,0.0430239,-1.53953
0.479697,-0.257361,0.0287005;-1.57114,0.0563141,-1.56327
0.480915,-0.257309,0.0291536;-1.55018,0.12339,-1.56429
0.480816,-0.257334,0.028945;-1.56549,0.106914,-1.55676
0.479454,-0.260984,0.0293667;-1.56828,0.0150847,-1.5511
0.480228,-0.253422,0.0339766;-1.54097,0.0753422,-1.52688
0.480029,-0.255595,0.0356936;-1.46243,0.0681939,-1.55211
0.478014,-0.259217,0.0353536;-1.45353,0.0667251,-1.55944
0.477454,-0.258686,0.0289551;-1.55839,0.0847394,-1.56574
0.476692,-0.258932,0.0287685;-1.56727,0.0443367,-1.56513
0.47596,-0.260753,0.0289315;-1.57303,-0.0143703,-1.5546
0.476076,-0.25982,0.0322833;-1.57758,-0.0158314,-1.53036
0.478615,-0.258176,0.0355525;-1.54374,0.0113186,-1.56148
0.472778,-0.265411,0.0331862;-1.49537,0.056309,-1.58199
0.466823,-0.274356,0.0289331;-1.57815,0.179489,-1.58067
0.466441,-0.275534,0.0289907;-1.57983,0.167535,-1.58104
0.467254,-0.274701,0.0291918;-1.59271,0.144105,-1.57826
0.468179,-0.271454,0.0309829;-1.60921,0.0490797,-1.56523
0.469817,-0.269261,0.0318061;-1.59995,-0.00180653,-1.583
0.470534,-0.269167,0.0319634;-1.56627,0.0168439,-1.60741
0.466327,-0.271462,0.0307889;-1.57939,0.0327793,-1.60172
0.468073,-0.268229,0.0292065;-1.58576,-0.0183878,-1.58366
0.468745,-0.267321,0.0293693;-1.59071,-0.0177079,-1.58192
0.470768,-0.264691,0.0305715;-1.61904,-0.0813184,-1.57547
0.470144,-0.265479,0.0317069;-1.6196,-0.0912857,-1.57176
0.472474,-0.264103,0.0320259;-1.60665,-0.0542627,-1.59629
0.462337,-0.275684,0.0308833;-1.5487,0.0493562,-1.59631
0.461252,-0.277496,0.0288799;-1.57426,0.0517089,-1.58119
0.461279,-0.278406,0.0289559;-1.57714,0.0788255,-1.58171
0.46247,-0.275985,0.0287815;-1.57484,-0.024686,-1.57637
0.464412,-0.270581,0.0292121;-1.57309,-0.0551446,-1.56852
0.470368,-0.256421,0.030217;-1.58387,-0.0426395,-1.57296
0.467797,-0.254611,0.02875;-1.56979,-0.0201684,-1.57877
0.466448,-0.257078,0.0286557;-1.57299,0.0124711,-1.57217
0.466154,-0.259731,0.0287117;-1.57083,0.104039,-1.57698
0.466343,-0.259909,0.0286015;-1.57083,0.063036,-1.57197
0.466283,-0.259644,0.0288819;-1.5704,0.0687573,-1.5657
0.46544,-0.258163,0.0296161;-1.56841,0.116172,-1.56555
0.46496,-0.258026,0.0314752;-1.51354,0.10041,-1.57741
0.464144,-0.260071,0.0293324;-1.55391,0.140992,-1.57907
0.464095,-0.2607,0.0287846;-1.5707,0.165014,-1.58045
0.465859,-0.258787,0.0288053;-1.57853,0.0517799,-1.57403
0.466989,-0.258407,0.0290994;-1.58994,0.000363231,-1.5651
0.46672,-0.257159,0.0314805;-1.60196,0.0167279,-1.55048
0.468639,-0.255115,0.0299709;-1.59249,0.0573262,-1.58484
0.466478,-0.256825,0.0296382;-1.57594,0.105294,-1.59359
0.462918,-0.263628,0.0290796;-1.58182,0.195456,-1.58181
0.460957,-0.271269,0.0294428;-1.58873,0.24106,-1.57759
0.461179,-0.27065,0.0320413;-1.64679,0.228653,-1.55576
0.462002,-0.269814,0.0364083;-1.71513,0.193594,-1.53112
0.472109,-0.257787,0.0342277;-1.67303,0.10086,-1.57555
0.472759,-0.257178,0.0324134;-1.60622,0.101615,-1.60542
0.467712,-0.263357,0.0318718;-1.5879,0.167725,-1.60891
0.466035,-0.266843,0.0304627;-1.58164,0.193444,-1.59802
0.464911,-0.267812,0.0316206;-1.64733,0.228686,-1.55848
0.464495,-0.268281,0.0344232;-1.6944,0.202077,-1.54622
0.469431,-0.260637,0.0352785;-1.69623,0.211877,-1.55885
0.465618,-0.260924,0.03229;-1.59351,0.283915,-1.6077
0.463053,-0.263181,0.0312838;-1.57283,0.31556,-1.61329
0.45967,-0.268295,0.0293071;-1.57416,0.346174,-1.58735
0.458244,-0.270349,0.0292387;-1.58406,0.356817,-1.58108
0.457363,-0.271729,0.029734;-1.6041,0.346277,-1.56693
0.458789,-0.269793,0.0324208;-1.64341,0.31012,-1.55762
0.459002,-0.269521,0.0299291;-1.58792,0.335369,-1.5843
0.458636,-0.269531,0.0295331;-1.57392,0.343607,-1.59095
0.456369,-0.271718,0.0288532;-1.57367,0.371342,-1.57999
0.454912,-0.273622,0.0288816;-1.57612,0.39368,-1.58019
0.4551,-0.273725,0.0289794;-1.5907,0.366611,-1.57137
0.452919,-0.280339,0.0302351;-1.59012,0.317391,-1.5657
0.453687,-0.287138,0.030006;-1.57335,0.322715,-1.59463
0.454208,-0.286947,0.0300161;-1.56824,0.354394,-1.60125
0.454127,-0.287058,0.0288591;-1.57062,0.393515,-1.58412
0.45389,-0.286714,0.0288664;-1.57055,0.346655,-1.58464
0.454807,-0.285615,0.0289748;-1.57466,0.277905,-1.58471
0.456412,-0.286511,0.0339467;-1.65403,0.141329,-1.54466
0.461446,-0.285816,0.0339273;-1.66772,0.115513,-1.5723
0.4615,-0.285648,0.0330822;-1.6272,0.124225,-1.59391
0.457971,-0.286309,0.0308345;-1.5875,0.219503,-1.59472
0.455764,-0.291506,0.0299134;-1.58915,0.269776,-1.58186
0.454465,-0.295105,0.0299118;-1.60327,0.29256,-1.56916
0.454465,-0.295105,0.0299118;-1.60327,0.29256,-1.56916
0.4524,-0.301026,0.0331937;-1.66098,0.25895,-1.54357
0.4524,-0.301026,0.0331937;-1.66098,0.25895,-1.54357
