0.5,-0.3,0.06;-1.57,-2.98023e-08,-1.57
0.5,-0.3,0.06;-1.57,-2.98023e-08,-1.57
0.5,-0.3,0.06;-1.57,-2.98023e-08,-1.57
0.499012,-0.302372,0.0285781;-1.57076,-0.214331,-1.57052
0.499492,-0.300786,0.0286992;-1.57009,-0.152265,-1.56578
0.501012,-0.293411,0.0301408;-1.55624,-0.0480675,-1.54976
0.498891,-0.278292,0.032818;-1.58253,0.0726943,-1.51426
0.501604,-0.288109,0.0287536;-1.57089,-0.123771,-1.56239
0.500513,-0.291433,0.0286976;-1.57094,-0.243656,-1.56516
0.500172,-0.293805,0.0285976;-1.57145,-0.330404,-1.56999
0.499778,-0.292872,0.0285798;-1.57074,-0.252216,-1.57094
0.500904,-0.29075,0.0291638;-1.55334,-0.189787,-1.56222
0.501824,-0.279905,0.0331752;-1.52214,-0.0646461,-1.53681
0.499922,-0.279105,0.0316614;-1.57367,-0.110078,-1.52443
0.501903,-0.282441,0.0292177;-1.5761,-0.193444,-1.55456
0.503362,-0.285569,0.0287601;-1.56961,-0.305948,-1.56295
0.503458,-0.286317,0.0285796;-1.57078,-0.308289,-1.57074
0.504138,-0.28469,0.0287615;-1.5666,-0.234555,-1.56518
0.505075,-0.28091,0.0294143;-1.55831,-0.150029,-1.56016
0.504605,-0.276387,0.031382;-1.54357,-0.107413,-1.5432
0.505265,-0.28108,0.0294703;-1.57132,-0.193118,-1.55369
0.505732,-0.28817,0.0290028;-1.5776,-0.302121,-1.55842
0.507763,-0.292261,0.028667;-1.57091,-0.455021,-1.56666
0.507887,-0.290606,0.028662;-1.56989,-0.389409,-1.56722
0.508356,-0.287038,0.0288605;-1.56241,-0.281737,-1.56253
0.508039,-0.284059,0.0290311;-1.55735,-0.242832,-1.55871
0.507819,-0.284475,0.0288137;-1.5688,-0.283977,-1.56104
0.508315,-0.290897,0.0287848;-1.57072,-0.490348,-1.56125
0.50834,-0.292838,0.0290966;-1.57276,-0.511829,-1.55874
0.508,-0.292853,0.0290676;-1.56765,-0.494466,-1.55645
0.505212,-0.279633,0.0307859;-1.5681,-0.316992,-1.53697
0.499893,-0.272909,0.0310389;-1.56571,-0.203653,-1.53743
0.500085,-0.273015,0.0290658;-1.56456,-0.230413,-1.56155
0.499632,-0.278645,0.0287173;-1.5633,-0.470271,-1.56717
0.50036,-0.281305,0.0287422;-1.57218,-0.534131,-1.56447
0.500273,-0.284887,0.0289332;-1.57444,-0.54334,-1.5612
0.493553,-0.281663,0.0368685;-1.46904,-0.378852,-1.48697
0.489934,-0.277726,0.0401382;-1.45283,-0.23766,-1.47793
0.488758,-0.272737,0.0381345;-1.46371,-0.185966,-1.5001
0.492139,-0.274958,0.0286111;-1.57131,-0.36633,-1.56901
0.49281,-0.276776,0.0287693;-1.57292,-0.437455,-1.56381
0.493408,-0.278997,0.0288574;-1.57468,-0.471816,-1.56153
0.487188,-0.277031,0.034579;-1.5092,-0.367112,-1.50438
0.48248,-0.27317,0.0387962;-1.51627,-0.240384,-1.47366
0.481477,-0.267299,0.0411754;-1.49709,-0.120417,-1.47227
0.487082,-0.26282,0.0319548;-1.52698,-0.233546,-1.54205
0.487812,-0.264791,0.0286211;-1.56974,-0.319147,-1.56928
0.48796,-0.26683,0.0286758;-1.56697,-0.378053,-1.56819
0.486713,-0.266173,0.0299165;-1.56718,-0.303686,-1.54451
0.481154,-0.261973,0.0336378;-1.58242,-0.201892,-1.50377
0.475691,-0.259547,0.0388759;-1.54117,-0.0765255,-1.47968
0.478344,-0.252797,0.0310743;-1.57702,-0.170274,-1.53446
0.481194,-0.251791,0.0292833;-1.56727,-0.219213,-1.56206
0.483284,-0.255263,0.0291454;-1.55672,-0.273386,-1.56806
0.483256,-0.258056,0.0288419;-1.55916,-0.257548,-1.56628
0.480955,-0.257577,0.0302004;-1.56819,-0.212997,-1.54386
0.474067,-0.252965,0.0334003;-1.58567,-0.0823923,-1.51032
0.471539,-0.250037,0.0316043;-1.5823,-0.106738,-1.52565
0.475484,-0.254485,0.0294279;-1.57696,-0.202342,-1.55248
0.47805,-0.258845,0.0290977;-1.57169,-0.265216,-1.55964
0.478893,-0.260946,0.0287601;-1.57085,-0.275079,-1.56216
0.479628,-0.258448,0.028946;-1.56109,-0.192064,-1.55902
0.477643,-0.250313,0.0305949;-1.56883,-0.0687038,-1.54193
0.475895,-0.243437,0.0313995;-1.5749,-0.0205388,-1.53154
0.477053,-0.24746,0.0299662;-1.57893,-0.113196,-1.54352
0.478156,-0.255832,0.0296466;-1.57602,-0.220507,-1.55126
0.480917,-0.264256,0.0288868;-1.57433,-0.317988,-1.56001
0.48022,-0.262613,0.0289337;-1.57074,-0.277028,-1.55339
0.480361,-0.255622,0.0296872;-1.5673,-0.17783,-1.54946
0.473092,-0.239527,0.0314244;-1.56995,0.0454726,-1.53473
0.474996,-0.24188,0.0314903;-1.55138,-0.0289606,-1.54431
0.476089,-0.246536,0.0291548;-1.57647,-0.108898,-1.55656
0.476626,-0.257266,0.0296661;-1.57502,-0.261012,-1.54983
0.477585,-0.258309,0.0298935;-1.57108,-0.261399,-1.54608
0.477001,-0.25562,0.03075;-1.57081,-0.210831,-1.53423
0.46972,-0.243389,0.0325429;-1.57795,-0.0108824,-1.51412
0.468436,-0.239756,0.0333227;-1.53418,-0.00581846,-1.5313
0.469688,-0.23923,0.028955;-1.57584,-0.0409566,-1.55776
0.470643,-0.244985,0.0292765;-1.57342,-0.161414,-1.55723
0.469994,-0.249665,0.0301039;-1.57464,-0.193812,-1.54301
0.468202,-0.252663,0.0327958;-1.57614,-0.185989,-1.5085
0.472225,-0.262791,0.0399246;-1.50102,-0.0322542,-1.48572
0.474254,-0.258459,0.0361463;-1.51999,-0.0502618,-1.50888
0.473951,-0.25343,0.0300675;-1.57772,-0.0841467,-1.54207
0.475448,-0.26377,0.0296586;-1.57865,-0.248104,-1.55191
0.474962,-0.265234,0.0324732;-1.57632,-0.241837,-1.51346
0.472229,-0.265353,0.0337756;-1.57695,-0.206081,-1.49671
0.476315,-0.271922,0.042208;-1.46751,-0.0545439,-1.47141
0.478193,-0.266929,0.0398747;-1.48061,-0.0842519,-1.48715
0.478909,-0.256862,0.0305237;-1.57874,-0.118353,-1.53496
0.481177,-0.260967,0.0287133;-1.57095,-0.25841,-1.56436
0.481159,-0.260944,0.0288806;-1.57209,-0.253715,-1.55763
0.480857,-0.262974,0.0302639;-1.57701,-0.261676,-1.54098
0.473124,-0.254883,0.0374885;-1.56506,-0.052985,-1.48306
0.474241,-0.250829,0.0378522;-1.53579,-0.058143,-1.49188
0.47381,-0.241127,0.033384;-1.5912,-0.0349979,-1.51037
0.479547,-0.243929,0.0292052;-1.55916,-0.147105,-1.56968
0.480715,-0.247121,0.0288309;-1.56251,-0.188768,-1.57308
0.481191,-0.248,0.028708;-1.56707,-0.150519,-1.56778
0.480598,-0.243285,0.0298048;-1.56869,-0.0722033,-1.55001
0.474123,-0.243272,0.0327456;-1.58195,0.0572896,-1.52134
0.472674,-0.241938,0.0343071;-1.57301,0.0402735,-1.50776
0.473907,-0.237208,0.0308107;-1.58714,-0.0139617,-1.53591
0.477669,-0.242183,0.02876;-1.57202,-0.118794,-1.56319
0.477852,-0.242989,0.0287062;-1.57028,-0.123051,-1.564
0.477898,-0.243029,0.0287496;-1.56975,-0.106259,-1.56128
0.472947,-0.23957,0.0309443;-1.57596,0.0615602,-1.54371
0.472969,-0.23887,0.0323243;-1.56658,0.0495343,-1.52872
0.473404,-0.237155,0.0295213;-1.57775,-0.0168863,-1.54982
0.474147,-0.241605,0.0294146;-1.57279,-0.106777,-1.55408
0.475235,-0.243547,0.0293662;-1.57121,-0.120453,-1.55518
0.47598,-0.245809,0.0293835;-1.57664,-0.12951,-1.55162
0.473013,-0.237843,0.0305745;-1.56582,0.0339319,-1.54787
0.472945,-0.235164,0.0307545;-1.57127,0.0242425,-1.54154
0.474309,-0.236451,0.0288948;-1.57551,-0.0329137,-1.56041
0.474191,-0.240361,0.029935;-1.55157,-0.085641,-1.56098
0.473452,-0.244672,0.0307314;-1.57229,-0.122303,-1.53702
0.474094,-0.247549,0.0320914;-1.57837,-0.130799,-1.51758
0.476394,-0.247243,0.0334707;-1.57702,-0.0011017,-1.51514
0.476561,-0.243669,0.0315465;-1.57701,0.023219,-1.53351
0.476896,-0.240712,0.0297451;-1.57243,0.00911958,-1.55077
0.478297,-0.244225,0.0292911;-1.57223,-0.112694,-1.55747
0.477901,-0.247139,0.0296882;-1.57564,-0.153828,-1.55061
0.477371,-0.249706,0.0316146;-1.57671,-0.167245,-1.52454
0.478414,-0.250881,0.0359529;-1.5651,-0.0470926,-1.49535
0.47975,-0.250965,0.0396664;-1.49619,0.0515764,-1.49727
0.480967,-0.24263,0.0364044;-1.50949,0.0622725,-1.52087
0.482325,-0.236169,0.0287721;-1.57367,-0.0364164,-1.56161
0.481903,-0.23801,0.0294043;-1.56199,-0.0604499,-1.5615
0.480948,-0.240764,0.0295524;-1.57651,-0.0877849,-1.55091
0.475887,-0.241601,0.0349304;-1.59751,-0.0188618,-1.48895
0.476885,-0.245911,0.0412442;-1.50797,0.0814153,-1.47843
0.479316,-0.246814,0.0435119;-1.4431,0.11997,-1.4928
0.481808,-0.235709,0.0339632;-1.5247,0.0380171,-1.52927
0.482542,-0.232936,0.0287886;-1.57038,0.0253532,-1.56374
0.482462,-0.23413,0.0288725;-1.57054,-0.00321484,-1.5618
0.480434,-0.238924,0.0324557;-1.58566,-0.018249,-1.51327
0.474262,-0.243138,0.0355583;-1.59781,0.0352382,-1.48466
0.467722,-0.250183,0.0408911;-1.52438,0.122996,-1.47525
0.469346,-0.238713,0.0391064;-1.50366,0.0686001,-1.49237
0.473498,-0.233606,0.039132;-1.50698,0.0198675,-1.48009
0.475394,-0.234198,0.038661;-1.50194,0.0174091,-1.49318
0.477609,-0.239206,0.0346296;-1.59846,-0.0246934,-1.49552
0.477729,-0.24822,0.033522;-1.58979,-0.0473819,-1.50565
0.47392,-0.260682,0.0380993;-1.55947,0.0235625,-1.47881
0.474044,-0.253466,0.034206;-1.56005,-0.0477054,-1.50869
0.476288,-0.249345,0.029206;-1.5731,-0.0865819,-1.55615
0.476682,-0.249297,0.0287148;-1.57021,-0.105833,-1.56358
0.476833,-0.249697,0.0286906;-1.57006,-0.0898163,-1.565
0.476754,-0.249877,0.0296602;-1.56759,-0.0762192,-1.55234
0.474055,-0.247931,0.032511;-1.57629,0.00934507,-1.52449
0.471525,-0.243609,0.0310825;-1.57586,0.00378845,-1.52971
0.470447,-0.244264,0.0300515;-1.57753,-0.0256754,-1.54376
0.471625,-0.245837,0.0293781;-1.57422,-0.0637463,-1.55604
0.472223,-0.246483,0.028872;-1.57576,-0.0606144,-1.56199
0.472072,-0.246821,0.0285876;-1.5714,-0.0409706,-1.57124
0.4721,-0.247098,0.0286718;-1.57315,-0.00630937,-1.57324
0.471445,-0.24669,0.0300808;-1.57021,0.0629417,-1.54904
0.470416,-0.24281,0.0303421;-1.57547,0.0503362,-1.53913
0.469927,-0.243429,0.0293237;-1.5753,0.0082503,-1.55558
0.469825,-0.246513,0.029419;-1.57327,-0.0316798,-1.55504
0.469823,-0.247521,0.0290756;-1.58029,-0.0310556,-1.55647
0.469585,-0.247516,0.0286937;-1.57351,-0.0126988,-1.56818
0.469327,-0.248446,0.029207;-1.56476,0.0651534,-1.56525
0.469283,-0.246822,0.029878;-1.56835,0.056753,-1.55167
0.469685,-0.247407,0.0287888;-1.5738,0.00061205,-1.56379
0.468845,-0.247452,0.0294137;-1.57172,-0.036278,-1.55456
0.469348,-0.249346,0.029812;-1.57501,-0.048871,-1.54682
0.469803,-0.2506,0.0308059;-1.57704,-0.0454483,-1.53295
0.470721,-0.26013,0.0318344;-1.57287,0.0101467,-1.53359
0.471457,-0.25692,0.0299666;-1.56919,0.000595957,-1.54996
0.47212,-0.257323,0.0288703;-1.57464,-0.03812,-1.56062
0.471431,-0.257247,0.0293578;-1.57242,-0.0862861,-1.55465
0.470688,-0.259866,0.0302066;-1.57421,-0.102527,-1.5429
0.470086,-0.260512,0.0329352;-1.58697,-0.0889027,-1.50976
0.475638,-0.269979,0.0354959;-1.58468,-0.0518551,-1.49839
0.479967,-0.275237,0.0355017;-1.50439,-0.0966527,-1.52312
0.479783,-0.271604,0.0297905;-1.57547,-0.119859,-1.54749
0.478452,-0.271672,0.0295668;-1.57467,-0.152968,-1.55238
0.477486,-0.273511,0.0313622;-1.57567,-0.158218,-1.52897
0.473818,-0.270348,0.0339976;-1.59227,-0.0938475,-1.50148
0.473818,-0.270348,0.0339976;-1.59227,-0.0938475,-1.50148
0.474796,-0.267191,0.0359487;-1.60715,-0.0346371,-1.4833
0.474796,-0.267191,0.0359487;-1.60715,-0.0346371,-1.4833
