0.5,-0.3,0.06;-1.57,-2.98023e-08,-1.57
0.5,-0.3,0.06;-1.57,-2.98023e-08,-1.57
0.5,-0.3,0.06;-1.57,-2.98023e-08,-1.57
0.499255,-0.298972,0.0285344;-1.5718,-0.29742,-1.56973
0.498594,-0.299869,0.0285836;-1.57065,-0.216194,-1.57102
0.498291,-0.300317,0.0288622;-1.57569,-0.119956,-1.57996
0.499024,-0.293269,0.0318097;-1.62856,-0.0171756,-1.58011
0.501332,-0.291157,0.0294414;-1.57276,-0.109156,-1.59149
0.501734,-0.288369,0.0290515;-1.58568,-0.180912,-1.58146
0.502841,-0.286424,0.0285922;-1.57116,-0.256703,-1.57145
0.503685,-0.284693,0.0285794;-1.57073,-0.182248,-1.57081
0.505427,-0.275659,0.0299804;-1.56805,-0.0662434,-1.54669
0.502433,-0.262468,0.0348571;-1.64454,0.0822117,-1.53224
0.506058,-0.264516,0.0334765;-1.6644,0.0607301,-1.57471
0.506162,-0.269195,0.0290295;-1.5652,-0.0369615,-1.59152
0.506101,-0.267802,0.0289164;-1.57949,-0.08943,-1.58108
0.50659,-0.267299,0.0285865;-1.57062,-0.0686992,-1.57086
0.507471,-0.264729,0.0289584;-1.56812,0.0176807,-1.55479
0.508026,-0.254823,0.0302432;-1.57257,0.123407,-1.53649
0.509418,-0.248591,0.0323948;-1.64076,0.190813,-1.56754
0.511103,-0.252629,0.0321332;-1.61191,0.143662,-1.59165
0.507018,-0.269361,0.0303468;-1.56541,0.0949786,-1.60175
0.50417,-0.273762,0.0287089;-1.57072,0.0315726,-1.57693
0.504403,-0.272357,0.028705;-1.57077,0.0664743,-1.56426
0.504431,-0.267549,0.0294471;-1.57264,0.154663,-1.55088
0.506026,-0.257621,0.031845;-1.59699,0.20732,-1.53744
0.509041,-0.257387,0.0329932;-1.65196,0.182438,-1.56329
0.511416,-0.264788,0.0319887;-1.59197,0.022894,-1.60951
0.508248,-0.271178,0.0300255;-1.58253,0.0138679,-1.59456
0.507118,-0.274063,0.0290225;-1.57586,0.080355,-1.58687
0.508028,-0.262076,0.0296213;-1.57648,0.230865,-1.54823
0.507318,-0.25472,0.0304408;-1.58992,0.301543,-1.55008
0.509291,-0.255748,0.031114;-1.61631,0.301551,-1.56964
0.509818,-0.269505,0.0301156;-1.57575,0.156315,-1.59649
0.509194,-0.274866,0.0303963;-1.58205,0.0698793,-1.59824
0.507038,-0.281327,0.0302012;-1.58593,0.116497,-1.59221
0.505423,-0.278796,0.0291427;-1.58244,0.262686,-1.55985
0.508391,-0.262273,0.0326423;-1.61911,0.328334,-1.52737
0.509034,-0.258509,0.0349224;-1.65827,0.345755,-1.51496
0.509745,-0.270266,0.0290335;-1.57097,0.233429,-1.58741
0.507458,-0.277944,0.0299391;-1.5798,0.149932,-1.59096
0.504987,-0.287496,0.0297111;-1.57606,0.0851849,-1.59202
0.50682,-0.286438,0.0293753;-1.58258,0.21312,-1.57618
0.510491,-0.270614,0.0335984;-1.66859,0.307214,-1.53136
0.509778,-0.259024,0.0354235;-1.70737,0.374406,-1.51557
0.515037,-0.262083,0.0299241;-1.57001,0.26641,-1.59918
0.514231,-0.268835,0.0313238;-1.57507,0.173769,-1.61247
0.506405,-0.28849,0.0305648;-1.57877,0.117195,-1.59991
0.505827,-0.294793,0.0290315;-1.57368,0.15479,-1.58877
0.5087,-0.284112,0.0293622;-1.59764,0.227654,-1.56728
0.508604,-0.266896,0.0353519;-1.71505,0.322606,-1.52337
0.517677,-0.261609,0.0315353;-1.60857,0.173643,-1.59485
0.509845,-0.271866,0.0298827;-1.57377,0.106741,-1.59417
0.498567,-0.285187,0.028922;-1.57505,0.0952869,-1.58237
0.500379,-0.287617,0.0293692;-1.57353,0.19778,-1.57263
0.502882,-0.276816,0.0314404;-1.61743,0.319624,-1.54191
0.502304,-0.266799,0.0370641;-1.74223,0.401944,-1.49245
0.512352,-0.263912,0.0362483;-1.70555,0.260848,-1.55936
0.513938,-0.265685,0.0315701;-1.56201,0.1684,-1.62614
0.509828,-0.273031,0.031371;-1.57921,0.103246,-1.60619
0.505351,-0.284172,0.0287511;-1.57072,0.218573,-1.57882
0.503365,-0.286172,0.0288055;-1.57813,0.32927,-1.57242
0.502479,-0.282493,0.0300854;-1.58491,0.43694,-1.54355
0.506225,-0.278412,0.0309201;-1.57483,0.414298,-1.58976
0.506509,-0.280471,0.0308176;-1.5636,0.332049,-1.61521
0.507529,-0.274773,0.0317868;-1.56372,0.207666,-1.62071
0.504034,-0.276414,0.0286387;-1.57058,0.147556,-1.57361
0.5037,-0.275686,0.0289287;-1.57287,0.204494,-1.55781
0.503447,-0.273416,0.0312862;-1.5647,0.310791,-1.52887
0.502517,-0.269753,0.0337849;-1.62189,0.455403,-1.49954
0.508582,-0.269858,0.0336742;-1.67256,0.402753,-1.54703
0.515307,-0.267302,0.0317932;-1.57219,0.277336,-1.61943
0.515873,-0.266038,0.0289115;-1.57386,0.0214591,-1.5833
0.516038,-0.267007,0.0285827;-1.5711,0.0954276,-1.56975
0.516994,-0.265105,0.0292179;-1.55936,0.175413,-1.55643
0.515092,-0.25609,0.0310631;-1.58146,0.370777,-1.52466
0.51739,-0.257816,0.0291331;-1.57952,0.379601,-1.56866
0.519837,-0.260836,0.030347;-1.56917,0.335793,-1.60528
0.517442,-0.262775,0.0294318;-1.57503,0.0516883,-1.58913
0.51762,-0.262107,0.0286868;-1.57505,0.0698342,-1.56855
0.519145,-0.257256,0.0302257;-1.56359,0.136114,-1.54744
0.513466,-0.251113,0.0346575;-1.57802,0.286522,-1.48187
0.515335,-0.253611,0.035658;-1.63454,0.308661,-1.49429
0.515835,-0.26093,0.0340572;-1.67181,0.270711,-1.5302
0.518013,-0.280861,0.0318948;-1.58557,0.0587105,-1.60641
0.516679,-0.278799,0.030349;-1.5741,0.0480156,-1.58248
0.518968,-0.268129,0.0306404;-1.5767,0.115861,-1.54968
0.517843,-0.248172,0.0357904;-1.61356,0.24516,-1.48701
0.518925,-0.249233,0.0350541;-1.61235,0.247186,-1.49812
0.518788,-0.255905,0.0299464;-1.5689,0.232658,-1.54458
0.517754,-0.274095,0.0308534;-1.56724,0.131613,-1.60266
0.5171,-0.27453,0.030644;-1.58313,0.111801,-1.59321
0.51825,-0.264307,0.0305427;-1.60793,0.145424,-1.56125
0.515056,-0.247356,0.0373743;-1.66487,0.233049,-1.49385
0.513544,-0.248256,0.0381779;-1.67176,0.235541,-1.48741
0.511276,-0.250758,0.0360174;-1.62085,0.269049,-1.48632
0.511855,-0.270901,0.0297546;-1.56336,0.193418,-1.56477
0.507871,-0.283697,0.0308115;-1.52926,0.162833,-1.57897
0.509342,-0.281814,0.032651;-1.5164,0.179338,-1.56918
0.510176,-0.268223,0.0354438;-1.52741,0.221677,-1.52004
0.510131,-0.248129,0.036296;-1.59366,0.239483,-1.47607
0.512948,-0.248444,0.0332282;-1.58371,0.216572,-1.5031
0.513772,-0.253892,0.0296018;-1.56918,0.175934,-1.55294
0.511689,-0.267565,0.0290144;-1.55958,0.100403,-1.58132
0.511296,-0.266886,0.0290326;-1.55649,0.101962,-1.57798
0.511952,-0.261486,0.0292881;-1.57844,0.147712,-1.55847
0.509148,-0.24614,0.0347927;-1.60902,0.217086,-1.49548
0.511824,-0.24344,0.0361886;-1.63086,0.166722,-1.50274
0.513145,-0.246203,0.0326177;-1.6308,0.144126,-1.54
0.512491,-0.261964,0.0298637;-1.5461,0.0452431,-1.57393
0.511806,-0.261936,0.0301062;-1.53507,0.0332203,-1.57313
0.512242,-0.255515,0.0326199;-1.52728,0.103148,-1.53951
0.510795,-0.243806,0.0368457;-1.62034,0.182861,-1.49134
0.514087,-0.241233,0.0384567;-1.64065,0.137891,-1.49818
0.514823,-0.241718,0.0334787;-1.65207,0.1219,-1.54635
0.517168,-0.258473,0.0294335;-1.56661,0.0141575,-1.58605
0.517244,-0.258541,0.0287073;-1.5706,0.0119687,-1.58032
0.518136,-0.257412,0.0288129;-1.56658,0.0768885,-1.56395
0.517202,-0.245211,0.0325391;-1.56596,0.19859,-1.5128
0.517862,-0.245004,0.0327981;-1.56617,0.190776,-1.51336
0.519259,-0.242295,0.0324696;-1.5631,0.140936,-1.53165
0.521797,-0.246028,0.0298548;-1.58478,-0.0146621,-1.58643
0.518956,-0.254529,0.0299933;-1.56954,-0.0102009,-1.58352
0.517804,-0.258867,0.030102;-1.53241,0.0560132,-1.57161
0.517838,-0.245421,0.0342418;-1.57386,0.197246,-1.48595
0.516929,-0.245245,0.0353512;-1.57241,0.196289,-1.47546
0.518911,-0.244683,0.0356005;-1.55079,0.176711,-1.48394
0.527231,-0.24066,0.0307625;-1.62477,0.000527501,-1.57285
0.527161,-0.250112,0.0295979;-1.57117,-0.0212769,-1.58451
0.527017,-0.25439,0.0303534;-1.56701,0.00617299,-1.59691
0.531039,-0.249886,0.0309269;-1.57256,0.205815,-1.52803
0.530221,-0.248008,0.0324886;-1.57505,0.24043,-1.51085
0.530047,-0.248098,0.0325342;-1.57623,0.240808,-1.50995
0.531903,-0.248372,0.0286296;-1.57246,0.110875,-1.57359
0.531088,-0.244432,0.029694;-1.56696,-0.00953859,-1.58712
0.530513,-0.242433,0.0307153;-1.58449,-0.0701216,-1.59792
0.527293,-0.245407,0.0303848;-1.57081,0.0867993,-1.54092
0.5246,-0.242434,0.0325401;-1.58017,0.158627,-1.51199
0.521245,-0.246543,0.0347525;-1.58055,0.218841,-1.48142
0.523201,-0.251551,0.0322909;-1.56888,0.137303,-1.51623
0.522452,-0.256895,0.0290033;-1.57013,0.0389,-1.56221
0.520377,-0.254123,0.0296612;-1.57768,-0.102432,-1.5767
0.521211,-0.245338,0.030315;-1.55055,-0.0435786,-1.57419
0.518598,-0.234214,0.032608;-1.6224,0.0526693,-1.54107
0.514832,-0.23933,0.0327158;-1.6012,0.12512,-1.5213
0.515283,-0.247684,0.0289181;-1.56946,0.133465,-1.55643
0.513939,-0.250949,0.0286857;-1.56787,-0.0118323,-1.56834
0.513509,-0.252892,0.0285802;-1.57061,-0.100657,-1.57083
0.51466,-0.248664,0.0297451;-1.5869,-0.0916633,-1.57316
0.512144,-0.238819,0.0348043;-1.59142,0.00263757,-1.54436
0.506591,-0.236255,0.0372241;-1.64078,0.0789374,-1.49152
0.504836,-0.241062,0.0348141;-1.61154,0.118594,-1.51027
0.504865,-0.249349,0.0311517;-1.56564,0.0591384,-1.52898
0.504878,-0.25873,0.0292492;-1.56841,-0.0395564,-1.55431
0.507023,-0.258514,0.0302311;-1.55084,-0.0879502,-1.57244
0.507229,-0.24735,0.0342775;-1.5499,0.00560561,-1.55048
0.501259,-0.235531,0.0377466;-1.70047,0.0690049,-1.51811
0.502659,-0.234777,0.0367584;-1.65722,0.052235,-1.51927
0.502275,-0.238714,0.0310563;-1.60972,0.0645014,-1.55522
0.503187,-0.244023,0.0286873;-1.57056,0.00160512,-1.56574
0.502533,-0.246691,0.0286553;-1.57043,-0.0426128,-1.57429
0.504138,-0.246803,0.0301154;-1.53363,0.0234494,-1.56938
0.503544,-0.239003,0.0340581;-1.51086,0.0836138,-1.54254
0.502724,-0.234023,0.0394291;-1.5772,0.0464289,-1.51523
0.499427,-0.235931,0.0348733;-1.62031,0.044066,-1.51269
0.501424,-0.242635,0.0326315;-1.59223,-0.0106872,-1.52693
0.502514,-0.255929,0.0294717;-1.56977,-0.111587,-1.55458
0.502608,-0.254517,0.0309864;-1.55489,-0.0484062,-1.54562
0.503485,-0.252403,0.0372816;-1.45994,0.0352998,-1.52656
0.497947,-0.240264,0.043407;-1.42799,0.103585,-1.476
0.501564,-0.240675,0.0455154;-1.43018,0.0664375,-1.48966
0.50862,-0.239843,0.0346739;-1.67086,0.000732452,-1.55463
0.51129,-0.254947,0.0286801;-1.56658,-0.0985495,-1.57098
0.512047,-0.256792,0.0290012;-1.5554,-0.0328706,-1.56832
0.514872,-0.25313,0.0326225;-1.4999,0.0602188,-1.56328
0.511242,-0.242872,0.0385949;-1.50458,0.154724,-1.48864
0.509911,-0.240581,0.0371719;-1.51291,0.0995743,-1.49513
0.512446,-0.236597,0.0348079;-1.64202,0.0466312,-1.53816
0.515975,-0.259011,0.029934;-1.56828,-0.0970398,-1.57194
0.51657,-0.263966,0.0311112;-1.53272,-0.0612049,-1.57532
0.518684,-0.263319,0.0361057;-1.45576,0.0403717,-1.54795
0.518684,-0.263319,0.0361057;-1.45576,0.0403717,-1.54795
0.518605,-0.258498,0.0406398;-1.42945,0.122241,-1.51851
0.518605,-0.258498,0.0406398;-1.42945,0.122241,-1.51851
