0.5,-0.3,0.06;-1.57,-2.98023e-08,-1.57
0.5,-0.3,0.06;-1.57,-2.98023e-08,-1.57
0.5,-0.3,0.06;-1.57,-2.98023e-08,-1.57
0.501126,-0.295833,0.0288022;-1.57194,-0.294882,-1.5806
0.501244,-0.295746,0.0287143;-1.57028,-0.260334,-1.57753
0.500918,-0.290481,0.0303552;-1.54285,-0.146878,-1.55294
0.49785,-0.280084,0.03361;-1.60303,-0.0705923,-1.52822
0.500965,-0.287123,0.0286598;-1.57073,-0.259587,-1.57525
0.500759,-0.285814,0.0287112;-1.57102,-0.347089,-1.57773
0.501897,-0.283106,0.0288545;-1.58167,-0.429381,-1.57861
0.501978,-0.284347,0.028901;-1.55459,-0.304071,-1.5658
0.503674,-0.274878,0.0321752;-1.51519,-0.180778,-1.54271
0.500246,-0.263673,0.0371503;-1.55438,-0.0579381,-1.51828
0.502909,-0.261807,0.0308177;-1.57219,-0.140234,-1.53828
0.504423,-0.265338,0.0287407;-1.56353,-0.216887,-1.5687
0.50455,-0.264621,0.0286212;-1.57064,-0.298219,-1.57335
0.504641,-0.264833,0.0286393;-1.57065,-0.267447,-1.57371
0.504882,-0.259839,0.0301613;-1.54751,-0.173858,-1.5507
0.502421,-0.247379,0.0344328;-1.59905,-0.0350498,-1.52499
0.500003,-0.238058,0.0354739;-1.63798,0.01077,-1.5224
0.504252,-0.239497,0.0321572;-1.61124,-0.0664733,-1.54761
0.506699,-0.245342,0.0287904;-1.56415,-0.15605,-1.5732
0.506006,-0.248054,0.0289571;-1.56667,-0.201658,-1.58404
0.50607,-0.24789,0.0286986;-1.56821,-0.155891,-1.56702
0.505326,-0.242325,0.0309465;-1.55983,-0.0483503,-1.5398
0.504498,-0.235342,0.0335792;-1.60685,0.00741682,-1.52743
0.507643,-0.237807,0.0311286;-1.55645,-0.052044,-1.55358
0.509034,-0.245582,0.0293034;-1.56502,-0.166067,-1.58394
0.508717,-0.246675,0.0289136;-1.57222,-0.185935,-1.58568
0.50823,-0.247659,0.0287621;-1.57192,-0.161499,-1.57848
0.50577,-0.246121,0.030366;-1.56899,-0.00348849,-1.55153
0.502735,-0.245464,0.0336018;-1.5923,0.0666395,-1.53156
0.505847,-0.243278,0.0334849;-1.56648,0.0193251,-1.53693
0.508658,-0.245161,0.0286278;-1.57069,-0.163926,-1.573
0.508752,-0.246903,0.0288465;-1.57183,-0.197974,-1.58354
0.508654,-0.247748,0.0287586;-1.57113,-0.195582,-1.57941
0.506767,-0.249152,0.029421;-1.56018,-0.0628529,-1.56414
0.504141,-0.24656,0.0318698;-1.58532,0.0418401,-1.5403
0.50311,-0.245633,0.0331901;-1.58539,0.0586541,-1.53246
0.508155,-0.246794,0.0287168;-1.57601,-0.0906601,-1.5727
0.508061,-0.246355,0.0286955;-1.57082,-0.171894,-1.57664
0.508172,-0.246556,0.0287643;-1.57136,-0.186961,-1.5792
0.506766,-0.247855,0.0290115;-1.57688,-0.0640468,-1.57151
0.505315,-0.243307,0.0303101;-1.57808,0.0349985,-1.55548
0.502625,-0.24165,0.033418;-1.61699,0.115515,-1.53884
0.50882,-0.242114,0.0289263;-1.56698,-0.0129718,-1.56954
0.508107,-0.2431,0.0286213;-1.56966,-0.105209,-1.57242
0.508163,-0.244399,0.0288477;-1.57215,-0.157832,-1.58409
0.506394,-0.245947,0.0290672;-1.59105,-0.0585734,-1.57531
0.504962,-0.243814,0.0299631;-1.5764,0.0346199,-1.55751
0.501379,-0.244514,0.0334686;-1.59403,0.127729,-1.53314
0.50643,-0.244062,0.0296685;-1.55521,0.00768162,-1.55745
0.506191,-0.243822,0.0286361;-1.57067,-0.0772357,-1.57339
0.506672,-0.243733,0.0288963;-1.57457,-0.151136,-1.58258
0.505773,-0.245358,0.0289634;-1.58799,-0.096037,-1.57409
0.503721,-0.245119,0.0294939;-1.5784,-0.0383511,-1.56606
0.500604,-0.244595,0.0329479;-1.60171,0.0519781,-1.53946
0.505089,-0.241899,0.0309171;-1.55972,-0.00369648,-1.54059
0.506349,-0.243226,0.0285805;-1.57078,-0.0704261,-1.57102
0.506782,-0.244337,0.0287891;-1.57091,-0.150544,-1.58094
0.50587,-0.246634,0.028637;-1.56955,-0.154257,-1.57285
0.505111,-0.247125,0.0292479;-1.57831,-0.0902851,-1.56918
0.503437,-0.2454,0.0311371;-1.57668,0.00669458,-1.54618
0.504312,-0.24302,0.0312867;-1.5764,0.0158804,-1.53458
0.507241,-0.241938,0.0292459;-1.57695,-0.0545276,-1.55757
0.507911,-0.243481,0.0286113;-1.56965,-0.132303,-1.57191
0.507311,-0.245098,0.0288009;-1.57081,-0.16542,-1.58142
0.506485,-0.246047,0.0290035;-1.58297,-0.117315,-1.58047
0.504774,-0.245681,0.0293242;-1.56988,-0.0314017,-1.56489
0.501825,-0.241165,0.0332906;-1.60677,0.0836342,-1.53155
0.505922,-0.237332,0.033718;-1.56678,0.0317815,-1.54272
0.507845,-0.238803,0.0289524;-1.57262,-0.0476582,-1.56935
0.507784,-0.243282,0.0290332;-1.56712,-0.128274,-1.58418
0.507222,-0.243863,0.0288795;-1.57678,-0.0908754,-1.57967
0.505587,-0.244219,0.0291097;-1.59113,-0.0152686,-1.57439
0.500507,-0.243354,0.0343009;-1.61526,0.1674,-1.52911
0.504169,-0.243583,0.0373192;-1.53817,0.117563,-1.54492
0.506218,-0.244587,0.0290002;-1.575,0.0267983,-1.56952
0.506981,-0.2451,0.0287678;-1.57211,-0.168524,-1.57993
0.506932,-0.245713,0.0286809;-1.57098,-0.147306,-1.57551
0.505669,-0.246567,0.0289475;-1.58473,-0.0989546,-1.5727
0.501129,-0.246092,0.0338046;-1.59787,0.0895969,-1.53168
0.504992,-0.245033,0.0379042;-1.52147,0.046387,-1.54736
0.507919,-0.243556,0.0317662;-1.52571,-0.0168654,-1.5484
0.508575,-0.245504,0.0288659;-1.57203,-0.173818,-1.58494
0.508438,-0.246223,0.0286809;-1.57169,-0.162697,-1.57557
0.507246,-0.247173,0.0290044;-1.58957,-0.128632,-1.57521
0.500449,-0.245921,0.0336166;-1.61008,0.0483585,-1.53658
0.503694,-0.245568,0.0350496;-1.54559,0.0350745,-1.55041
0.506059,-0.242815,0.0313837;-1.53963,0.00581342,-1.5452
0.506595,-0.243353,0.0287738;-1.57203,-0.138615,-1.58042
0.506418,-0.244492,0.0286222;-1.57112,-0.145512,-1.5729
0.505686,-0.245638,0.0288662;-1.57932,-0.134725,-1.57696
0.502896,-0.246477,0.0313121;-1.57956,0.0252164,-1.54751
0.504,-0.242242,0.03171;-1.57696,0.0189875,-1.53724
0.504812,-0.240398,0.0313459;-1.57497,0.0377882,-1.53403
0.50867,-0.239523,0.0286557;-1.56695,-0.0812514,-1.57032
0.508505,-0.243059,0.0288316;-1.57137,-0.125167,-1.58297
0.507554,-0.244079,0.0289465;-1.57989,-0.0818228,-1.58004
0.506333,-0.243864,0.0292427;-1.57573,0.00207192,-1.56598
0.502621,-0.242899,0.0338185;-1.60523,0.156681,-1.52353
0.506657,-0.239629,0.033396;-1.56814,0.111675,-1.53404
0.509622,-0.240386,0.0289203;-1.57957,0.0371175,-1.56582
0.509823,-0.24335,0.0287629;-1.57132,-0.143784,-1.57971
0.509779,-0.24401,0.0287091;-1.57231,-0.135329,-1.5761
0.508353,-0.244755,0.0290223;-1.58713,-0.0789385,-1.57252
0.503343,-0.244632,0.0336291;-1.60152,0.095096,-1.53259
0.506394,-0.241038,0.0359272;-1.53621,0.0804453,-1.54427
0.51,-0.237018,0.0308243;-1.55161,0.0243356,-1.54384
0.511712,-0.242581,0.0288704;-1.57085,-0.124225,-1.58483
0.511538,-0.243435,0.0286229;-1.57079,-0.126369,-1.5729
0.510266,-0.244351,0.0290542;-1.59107,-0.086135,-1.57552
0.504557,-0.243984,0.0329781;-1.60245,0.0697283,-1.5388
0.506615,-0.24173,0.0334751;-1.57721,0.0595239,-1.53464
0.509688,-0.238576,0.0322564;-1.52287,0.025604,-1.54458
0.51169,-0.241779,0.0288156;-1.57158,-0.113732,-1.58263
0.511677,-0.242756,0.0287318;-1.57102,-0.121811,-1.5783
0.510781,-0.243789,0.0290045;-1.58679,-0.0974289,-1.5768
0.508262,-0.245396,0.0313699;-1.57627,0.0506275,-1.54561
0.506153,-0.243927,0.0333556;-1.59205,0.065879,-1.52661
0.509904,-0.23938,0.0346989;-1.51407,0.0372358,-1.53844
0.513674,-0.240115,0.0288441;-1.56381,-0.0872413,-1.57575
0.513548,-0.241869,0.0288881;-1.56976,-0.108516,-1.58442
0.513424,-0.242336,0.0287267;-1.5713,-0.105078,-1.57788
0.510594,-0.243029,0.0296605;-1.56615,0.0463882,-1.56196
0.507958,-0.242554,0.0340651;-1.59342,0.13672,-1.53077
0.508768,-0.239621,0.0339936;-1.57276,0.113952,-1.52844
0.513664,-0.239053,0.0287074;-1.56855,-0.031694,-1.56922
0.513952,-0.242118,0.0287697;-1.57091,-0.120951,-1.58001
0.513812,-0.243154,0.0287677;-1.57098,-0.12761,-1.57975
0.511923,-0.244419,0.0293168;-1.57007,-0.0212929,-1.56632
0.510357,-0.243644,0.0314335;-1.57588,0.0681329,-1.54253
0.507625,-0.241324,0.0333807;-1.59652,0.10473,-1.52204
0.513227,-0.236261,0.0296077;-1.57458,0.0057897,-1.55261
0.513907,-0.239331,0.0289125;-1.56308,-0.0752503,-1.57835
0.514771,-0.242265,0.0288821;-1.56997,-0.118129,-1.58484
0.513033,-0.243949,0.0290535;-1.59133,-0.0641155,-1.57471
0.511867,-0.243615,0.0299234;-1.57743,0.00672146,-1.5599
0.509118,-0.242703,0.0336591;-1.60433,0.0986244,-1.53162
0.514875,-0.235919,0.0314881;-1.52407,0.0376325,-1.55161
0.515382,-0.235364,0.0287568;-1.5672,-0.0315862,-1.57559
0.516552,-0.239472,0.0289212;-1.57153,-0.07798,-1.58437
0.515457,-0.2416,0.0289647;-1.58832,-0.0627996,-1.57317
0.512983,-0.243331,0.0299294;-1.5766,-0.0132119,-1.55783
0.509512,-0.243959,0.0331115;-1.60093,0.0723342,-1.53555
0.514715,-0.236294,0.0313097;-1.54626,0.0201834,-1.54185
0.515913,-0.236624,0.0287369;-1.56337,-0.0418361,-1.57042
0.516479,-0.239305,0.0287927;-1.5677,-0.0753793,-1.58113
0.515017,-0.241328,0.02861;-1.57181,-0.0455582,-1.57128
0.513703,-0.241002,0.0295864;-1.56681,0.0231202,-1.56178
0.511033,-0.239276,0.0328651;-1.59653,0.106149,-1.5343
0.512272,-0.236331,0.0327477;-1.55062,0.0665478,-1.53487
0.514124,-0.235939,0.0288739;-1.58013,0.0057092,-1.56613
0.514849,-0.238779,0.0287754;-1.56652,-0.0728225,-1.57579
0.514353,-0.241421,0.0288329;-1.57202,-0.0910872,-1.58188
0.512992,-0.24272,0.028941;-1.58539,-0.0443958,-1.57433
0.511836,-0.243311,0.0301705;-1.56158,0.0254524,-1.55541
0.511459,-0.238716,0.0339894;-1.55533,0.0706566,-1.53087
0.514499,-0.234737,0.0325475;-1.5269,0.0262622,-1.53885
0.515529,-0.235686,0.0287573;-1.5653,-0.0337841,-1.57352
0.516878,-0.24123,0.0288169;-1.57214,-0.098997,-1.58141
0.516255,-0.242312,0.0289658;-1.58162,-0.0741627,-1.57919
0.515257,-0.243743,0.0292955;-1.57861,-0.0116201,-1.56914
0.512156,-0.241465,0.0333343;-1.59826,0.0834834,-1.52243
0.51558,-0.236827,0.0358399;-1.50576,0.0571532,-1.53951
0.517547,-0.23526,0.0306198;-1.56021,0.0105214,-1.54042
0.518345,-0.240866,0.0288174;-1.5697,-0.0958233,-1.58386
0.517979,-0.241387,0.0288456;-1.5783,-0.0923026,-1.57716
0.516789,-0.242763,0.0290986;-1.58737,-0.0541975,-1.57379
0.512048,-0.243521,0.0335011;-1.59801,0.0849684,-1.52933
0.515454,-0.23976,0.0370217;-1.5055,0.0692581,-1.54573
0.517968,-0.235842,0.0333485;-1.49692,0.0376724,-1.54941
0.518936,-0.238261,0.0287647;-1.57092,-0.0655135,-1.58238
0.518794,-0.238858,0.0286367;-1.57094,-0.058412,-1.5748
0.517979,-0.240102,0.0289437;-1.58848,-0.0308582,-1.57172
0.513223,-0.2397,0.0336987;-1.62055,0.12048,-1.53732
0.514887,-0.238557,0.032464;-1.5991,0.104827,-1.53277
0.517593,-0.236828,0.0308145;-1.55175,0.0714001,-1.54834
0.518631,-0.238721,0.0287364;-1.57064,-0.0706491,-1.58041
0.518505,-0.239805,0.0287038;-1.57003,-0.0760546,-1.57755
0.517625,-0.240768,0.0286611;-1.57472,-0.0497541,-1.56968
0.517625,-0.240768,0.0286611;-1.57472,-0.0497541,-1.56968
0.516053,-0.24143,0.0294039;-1.5806,-0.0131065,-1.56815
0.516053,-0.24143,0.0294039;-1.5806,-0.0131065,-1.56815
