0.5,-0.3,0.06;-1.57,-2.98023e-08,-1.57
0.5,-0.3,0.06;-1.57,-2.98023e-08,-1.57
0.5,-0.3,0.06;-1.57,-2.98023e-08,-1.57
0.500076,-0.298327,0.0287374;-1.57328,-0.243759,-1.57682
0.499801,-0.298743,0.028656;-1.57077,-0.204122,-1.57439
0.50043,-0.299058,0.0287346;-1.56402,-0.16307,-1.5689
0.501671,-0.292957,0.0293816;-1.55382,-0.105994,-1.56305
0.50081,-0.290239,0.0287385;-1.5707,-0.219131,-1.5783
0.500865,-0.29004,0.0285818;-1.57116,-0.23849,-1.57116
0.500878,-0.289947,0.0285843;-1.57136,-0.249788,-1.57125
0.501046,-0.289325,0.0285834;-1.5706,-0.160956,-1.57092
0.502681,-0.287274,0.029223;-1.54818,-0.100408,-1.56167
0.504673,-0.28118,0.0316514;-1.51612,-0.0310112,-1.55512
0.506773,-0.271694,0.029038;-1.55888,0.00149924,-1.56064
0.505934,-0.271291,0.0285959;-1.57075,-0.0903375,-1.57226
0.505629,-0.270398,0.0285886;-1.57142,-0.139379,-1.57028
0.50568,-0.270564,0.0285799;-1.57078,-0.120777,-1.57082
0.506264,-0.270538,0.0288465;-1.55929,-0.0857075,-1.56836
0.507415,-0.269126,0.0296582;-1.55066,-0.050868,-1.56097
0.508401,-0.267566,0.0306023;-1.53492,-0.011526,-1.55977
0.507314,-0.268752,0.0286966;-1.56659,-0.0826857,-1.56897
0.506296,-0.268704,0.0285868;-1.57048,-0.16521,-1.57147
0.506391,-0.268217,0.0285809;-1.57083,-0.186464,-1.57094
0.506814,-0.268263,0.0285825;-1.57066,-0.139391,-1.57096
0.508166,-0.267735,0.0290203;-1.55333,-0.0886791,-1.56534
0.509736,-0.266042,0.0301232;-1.53813,-0.057834,-1.56215
0.508716,-0.266283,0.0287332;-1.56346,-0.0958238,-1.56999
0.508296,-0.265452,0.028579;-1.57084,-0.200481,-1.57092
0.508377,-0.265475,0.0285799;-1.57082,-0.217519,-1.57085
0.508214,-0.265974,0.028637;-1.5739,-0.217438,-1.57173
0.510156,-0.266132,0.0291596;-1.56632,-0.0870283,-1.56962
0.512124,-0.260541,0.0296135;-1.56251,-0.0198845,-1.56925
0.512119,-0.259077,0.0295709;-1.54828,-0.0395517,-1.56273
0.51044,-0.257826,0.0288394;-1.56852,-0.160159,-1.58079
0.510347,-0.258261,0.0288128;-1.57203,-0.167139,-1.58096
0.510222,-0.258998,0.028892;-1.57529,-0.16106,-1.58179
0.509416,-0.26079,0.0286619;-1.57042,-0.0403026,-1.575
0.511298,-0.258362,0.0296006;-1.56972,-0.0121592,-1.57281
0.512138,-0.257769,0.0294874;-1.56996,-0.0217075,-1.57275
0.511784,-0.257639,0.028664;-1.57088,-0.124346,-1.57536
0.512103,-0.257256,0.0287107;-1.57695,-0.156687,-1.57278
0.511984,-0.257401,0.029032;-1.58667,-0.149778,-1.57927
0.510095,-0.259919,0.0288468;-1.57395,-0.0150556,-1.5809
0.510024,-0.259504,0.0290599;-1.58205,0.0256316,-1.5821
0.511145,-0.255966,0.0296181;-1.58124,0.0656328,-1.58365
0.514968,-0.25282,0.0290821;-1.58312,-0.0161204,-1.58278
0.515849,-0.252371,0.0290747;-1.58663,-0.0777508,-1.58008
0.516222,-0.252015,0.0291655;-1.59468,-0.113714,-1.57829
0.515145,-0.254367,0.0292059;-1.59041,-0.0649454,-1.58267
0.514231,-0.25628,0.0294323;-1.5891,-0.0283262,-1.58495
0.513915,-0.257071,0.0303254;-1.5851,0.0292343,-1.59063
0.515634,-0.257487,0.0290945;-1.58304,-0.0287919,-1.58351
0.516615,-0.256303,0.0291281;-1.58594,-0.0830098,-1.58327
0.516972,-0.255302,0.0292534;-1.59636,-0.0976201,-1.57763
0.515909,-0.256963,0.0293267;-1.59508,-0.0722422,-1.57999
0.514839,-0.258909,0.0302549;-1.59894,-0.0205984,-1.58763
0.514876,-0.258291,0.0309106;-1.59755,0.0342253,-1.59051
0.516958,-0.252835,0.0289755;-1.58439,0.047564,-1.5786
0.517569,-0.251665,0.0290604;-1.58634,0.00514712,-1.58258
0.518188,-0.251283,0.0292014;-1.59515,-0.0159223,-1.57683
0.51771,-0.251719,0.0291443;-1.59397,0.0010463,-1.57752
0.516571,-0.251595,0.0296327;-1.59502,0.0341377,-1.5775
0.514952,-0.248588,0.0304989;-1.60252,0.0884483,-1.57833
0.517257,-0.248879,0.0302084;-1.59987,0.051307,-1.57965
0.518432,-0.249525,0.0290326;-1.58472,0.0234433,-1.58206
0.518629,-0.250018,0.0290265;-1.58405,0.00643893,-1.58278
0.518762,-0.250229,0.0290851;-1.58954,-0.000300139,-1.5792
0.517986,-0.250873,0.0292142;-1.59569,0.026326,-1.57892
0.517437,-0.251561,0.0290972;-1.58856,0.0427626,-1.58077
0.516068,-0.251157,0.0300943;-1.59302,0.0720025,-1.58327
0.517604,-0.250796,0.0291008;-1.5783,0.0221563,-1.58302
0.518131,-0.252333,0.0291168;-1.57075,-0.0121365,-1.58776
0.518568,-0.254378,0.0290294;-1.5896,-0.0272279,-1.57592
0.517782,-0.25448,0.0289258;-1.58703,0.028016,-1.57122
0.517497,-0.253888,0.0286474;-1.57406,0.0614565,-1.5709
0.517817,-0.24305,0.0307566;-1.55998,0.164258,-1.56169
0.519457,-0.241536,0.0295052;-1.55658,0.132322,-1.56883
0.519412,-0.241064,0.028856;-1.57342,0.114057,-1.58312
0.519969,-0.241767,0.028633;-1.57068,0.0490256,-1.57425
0.519822,-0.242167,0.0287015;-1.57033,0.0562348,-1.57868
0.519634,-0.242891,0.0288834;-1.57645,0.0734647,-1.58182
0.520099,-0.242069,0.0298862;-1.57088,0.122355,-1.57279
0.519629,-0.243421,0.0312053;-1.51827,0.0986904,-1.56674
0.518781,-0.244191,0.0291801;-1.54853,0.0777201,-1.56752
0.518043,-0.245294,0.0286433;-1.57033,0.0459947,-1.56819
0.517862,-0.245892,0.0286742;-1.56734,0.0385609,-1.5695
0.518179,-0.245743,0.0287188;-1.56971,0.0440268,-1.56513
0.5193,-0.243991,0.0304296;-1.5592,0.0769189,-1.54936
0.518462,-0.246761,0.0316602;-1.52633,0.0476102,-1.55605
0.518351,-0.249335,0.0311541;-1.51466,0.0311359,-1.56868
0.518803,-0.25026,0.028888;-1.55611,0.0225131,-1.57115
0.518986,-0.249977,0.0285942;-1.57078,0.0254983,-1.5718
0.519131,-0.250128,0.0286112;-1.56908,0.029363,-1.57099
0.519862,-0.249708,0.0299961;-1.54793,0.0667933,-1.56374
0.519569,-0.250903,0.0311537;-1.51935,0.0533214,-1.56904
0.519404,-0.250862,0.0308375;-1.52281,0.048968,-1.5704
0.516982,-0.253222,0.0293298;-1.54174,0.0035559,-1.57165
0.516965,-0.253965,0.0286855;-1.56986,-0.00180197,-1.56667
0.517026,-0.253854,0.0286574;-1.56979,0.0119021,-1.57526
0.517204,-0.253959,0.0286645;-1.56979,0.0241574,-1.57571
0.519938,-0.250096,0.0329099;-1.4934,0.102733,-1.56534
0.519378,-0.251595,0.0345991;-1.46233,0.0839789,-1.56417
0.517323,-0.253196,0.0314106;-1.5184,0.027694,-1.55993
0.516014,-0.253966,0.0290136;-1.56516,0.0039459,-1.55569
0.515983,-0.254147,0.0290263;-1.56275,0.00485756,-1.55743
0.516036,-0.253825,0.0289683;-1.56238,0.0126426,-1.56066
0.517544,-0.248261,0.0311751;-1.53257,0.0924326,-1.55826
0.517924,-0.248523,0.0334627;-1.484,0.0889201,-1.5644
0.516961,-0.249617,0.0300572;-1.52799,0.0381186,-1.56576
0.516211,-0.24965,0.0286906;-1.57084,0.0216606,-1.56553
0.516261,-0.249909,0.0285854;-1.57038,0.025468,-1.57126
0.516407,-0.250853,0.0289543;-1.55675,0.0368112,-1.57517
0.516673,-0.250318,0.0299236;-1.56716,0.0892805,-1.57537
0.516811,-0.250572,0.0304373;-1.54068,0.0777511,-1.56952
0.516349,-0.25146,0.0306276;-1.52495,0.0343216,-1.56966
0.516006,-0.253663,0.0286933;-1.57618,-0.0354483,-1.57108
0.515761,-0.254215,0.0287066;-1.57407,-0.0210948,-1.56823
0.51545,-0.254139,0.0289163;-1.58649,-0.00968725,-1.57171
0.513517,-0.25408,0.0309239;-1.5776,0.0317845,-1.55648
0.514371,-0.251208,0.0327396;-1.55818,0.0358434,-1.5568
0.514615,-0.244477,0.0339015;-1.50599,0.0432083,-1.55863
0.515274,-0.251396,0.028998;-1.58827,-0.00862958,-1.57428
0.515688,-0.253284,0.0289701;-1.58276,-0.0218102,-1.57783
0.515737,-0.253865,0.0290513;-1.5916,-0.0185408,-1.57323
0.515109,-0.255424,0.0292227;-1.58105,0.018572,-1.58244
0.516072,-0.25307,0.0304403;-1.57437,0.0321888,-1.58986
0.517583,-0.246281,0.0308541;-1.55768,0.0219846,-1.58833
0.516656,-0.247973,0.0289509;-1.57522,0.00566003,-1.58396
0.516083,-0.248684,0.0291238;-1.58621,0.0244261,-1.58101
0.516284,-0.249244,0.0291052;-1.58471,0.0134628,-1.58172
0.515375,-0.250765,0.0294915;-1.59363,0.0301011,-1.57957
0.515068,-0.250027,0.0310542;-1.6119,0.0434307,-1.57979
0.515154,-0.24728,0.0325364;-1.63062,0.0358829,-1.5773
0.515526,-0.248925,0.0292958;-1.58933,-0.0319975,-1.5766
0.51504,-0.249856,0.0291477;-1.597,-0.0252932,-1.57103
0.514407,-0.250896,0.0290849;-1.59434,-0.00638507,-1.57228
0.513521,-0.25245,0.0296522;-1.60025,0.00565064,-1.57752
0.513417,-0.253015,0.0300391;-1.5931,0.0210519,-1.58
0.513764,-0.250199,0.0305433;-1.58517,0.054566,-1.58342
0.513699,-0.25097,0.0299869;-1.56854,-0.0469914,-1.59768
0.513295,-0.251528,0.0290053;-1.57743,-0.0661248,-1.58488
0.51235,-0.252702,0.0291283;-1.59083,-0.0295768,-1.57784
0.511463,-0.255053,0.0290604;-1.5789,0.0207332,-1.58536
0.511505,-0.254253,0.0294103;-1.57522,0.0530871,-1.58463
0.512609,-0.245201,0.0311713;-1.55388,0.114531,-1.58333
0.51398,-0.241697,0.0321837;-1.51977,0.0468467,-1.59807
0.514084,-0.241438,0.028915;-1.5685,0.0180063,-1.58471
0.51415,-0.243386,0.0287478;-1.5712,0.0142607,-1.57872
0.513791,-0.245134,0.0287283;-1.57438,0.0593715,-1.57389
0.513205,-0.245794,0.0290603;-1.57156,0.066966,-1.57351
0.513579,-0.24601,0.0302069;-1.55324,0.0920236,-1.56603
0.514177,-0.246246,0.0331452;-1.48133,0.0468006,-1.57661
0.513878,-0.24452,0.0310732;-1.51456,0.0280667,-1.57261
0.513504,-0.242893,0.0286487;-1.57033,0.0319835,-1.5738
0.513247,-0.24471,0.0288187;-1.5707,0.0608541,-1.58208
0.513332,-0.245487,0.0288497;-1.5729,0.0724074,-1.58122
0.513271,-0.246679,0.0292361;-1.58004,0.0786418,-1.58226
0.514202,-0.246495,0.0320976;-1.50986,0.0576998,-1.57991
0.513756,-0.242725,0.0290084;-1.56424,0.0262708,-1.58503
0.513369,-0.242477,0.0288832;-1.56561,0.0288862,-1.58024
0.513717,-0.242858,0.0286026;-1.57046,0.0526257,-1.57191
0.513605,-0.24381,0.0287076;-1.5706,0.0716415,-1.5768
0.513807,-0.244908,0.0287063;-1.57095,0.0870561,-1.57701
0.513745,-0.249745,0.0337696;-1.47266,0.0713914,-1.56913
0.511722,-0.251578,0.0317851;-1.50339,0.00733278,-1.5712
0.509654,-0.250377,0.0291226;-1.55379,-0.0740829,-1.57852
0.5095,-0.2515,0.0285801;-1.57069,-0.0860986,-1.57077
0.509494,-0.251796,0.0285803;-1.57068,-0.0673296,-1.57075
0.509455,-0.25282,0.0287895;-1.56571,-0.0359865,-1.57564
0.511695,-0.253967,0.0317791;-1.51113,0.0472615,-1.57014
0.510763,-0.254515,0.0341579;-1.45852,0.0232145,-1.57368
0.509524,-0.253059,0.0320016;-1.49381,-0.00401805,-1.56908
0.508641,-0.249511,0.0285848;-1.57077,-0.0324048,-1.5711
0.508937,-0.250221,0.0287437;-1.56776,-0.00267759,-1.57575
0.509207,-0.25043,0.0287934;-1.56367,0.0164633,-1.57408
0.510846,-0.253223,0.0328653;-1.49269,0.0868138,-1.56834
0.509595,-0.254258,0.0340474;-1.46255,0.0489563,-1.57462
0.507132,-0.250458,0.0288812;-1.56662,-0.0121527,-1.58094
0.50651,-0.249533,0.0285805;-1.57079,-0.0508559,-1.57102
0.506618,-0.250382,0.0287072;-1.57022,-0.0295936,-1.57653
0.506515,-0.25049,0.0288254;-1.57072,-0.0316228,-1.58238
0.506515,-0.25049,0.0288254;-1.57072,-0.0316228,-1.58238
0.506425,-0.251503,0.0291279;-1.57537,-0.0132722,-1.58404
0.506425,-0.251503,0.0291279;-1.57537,-0.0132722,-1.58404
