0.5,-0.3,0.06;-1.57,-2.98023e-08,-1.57
0.5,-0.3,0.06;-1.57,-2.98023e-08,-1.57
0.5,-0.3,0.06;-1.57,-2.98023e-08,-1.57
0.498789,-0.301435,0.0286291;-1.56973,-0.270964,-1.56879
0.498997,-0.300632,0.0286362;-1.57141,-0.219679,-1.56771
0.499878,-0.299258,0.0291483;-1.55301,-0.139744,-1.55749
0.500642,-0.299044,0.032232;-1.52741,-0.075228,-1.542
0.496677,-0.305077,0.0286437;-1.57056,-0.273458,-1.57471
0.497118,-0.304783,0.0286519;-1.57117,-0.361321,-1.56724
0.497278,-0.304599,0.0286029;-1.57109,-0.376043,-1.56969
0.497396,-0.305056,0.0288642;-1.57043,-0.344017,-1.58397
0.500885,-0.308283,0.030287;-1.5589,-0.23352,-1.58937
0.504106,-0.304271,0.0354252;-1.47492,-0.120944,-1.57137
0.500783,-0.296468,0.0324852;-1.50649,-0.180198,-1.56173
0.497721,-0.300328,0.0291303;-1.56621,-0.266867,-1.56588
0.496606,-0.301503,0.0289407;-1.56167,-0.299248,-1.55929
0.498136,-0.300374,0.0288076;-1.56289,-0.216921,-1.56587
0.501348,-0.297713,0.0299246;-1.53967,-0.116441,-1.55951
0.505297,-0.291332,0.0332967;-1.4975,0.00926487,-1.54897
0.504068,-0.285698,0.036233;-1.47836,-0.0163109,-1.52745
0.501273,-0.288538,0.033073;-1.51651,-0.11404,-1.53691
0.49794,-0.293759,0.028982;-1.56364,-0.218635,-1.55694
0.497675,-0.297346,0.0287721;-1.56778,-0.258613,-1.56374
0.499674,-0.295689,0.0289738;-1.55658,-0.161916,-1.56346
0.502709,-0.292284,0.029214;-1.5497,-0.0317362,-1.56339
0.504023,-0.28917,0.0309613;-1.53173,0.00617994,-1.56473
0.50243,-0.28791,0.0285818;-1.57098,-0.0684765,-1.57047
0.499719,-0.291592,0.0288003;-1.56577,-0.259595,-1.56387
0.499519,-0.292036,0.0286414;-1.57097,-0.294246,-1.56782
0.499572,-0.292079,0.0285797;-1.57093,-0.285078,-1.57099
0.503086,-0.292813,0.0302527;-1.56188,-0.0709364,-1.58357
0.502991,-0.287386,0.0312922;-1.52868,0.000187069,-1.56675
0.504167,-0.283119,0.028846;-1.56342,-0.00930722,-1.5653
0.50248,-0.284374,0.0285809;-1.57067,-0.27264,-1.57013
0.50252,-0.28501,0.0285798;-1.57122,-0.334454,-1.57057
0.502661,-0.284457,0.0286837;-1.56843,-0.328556,-1.56686
0.506049,-0.277585,0.0295516;-1.55075,-0.132799,-1.56083
0.508253,-0.268548,0.029551;-1.55505,-0.0215084,-1.55959
0.508864,-0.264222,0.0293424;-1.55911,0.00518032,-1.56273
0.508746,-0.265119,0.0285811;-1.57084,-0.192937,-1.57106
0.508485,-0.265533,0.0285798;-1.57077,-0.228926,-1.57084
0.508508,-0.265487,0.0286317;-1.57073,-0.21687,-1.56829
0.510792,-0.26147,0.0296159;-1.56161,-0.0672363,-1.55427
0.514731,-0.25547,0.0328669;-1.5162,0.0543872,-1.55971
0.514747,-0.241662,0.0355288;-1.56043,0.0791721,-1.54971
0.518841,-0.240631,0.03173;-1.51873,-0.0574827,-1.58726
0.519411,-0.24069,0.0287356;-1.56318,-0.0919083,-1.57005
0.518907,-0.242904,0.0288769;-1.55807,-0.120533,-1.5713
0.518775,-0.243826,0.0287424;-1.57604,-0.0494905,-1.56855
0.517885,-0.242158,0.0296326;-1.56468,0.059026,-1.5519
0.515422,-0.243617,0.031989;-1.55827,0.171774,-1.53282
0.517915,-0.244461,0.0287699;-1.57093,0.0612085,-1.56171
0.516592,-0.247482,0.0286403;-1.57086,-0.0896567,-1.56789
0.515676,-0.24848,0.0285798;-1.57077,-0.175033,-1.57073
0.516032,-0.248236,0.0285869;-1.57076,-0.103374,-1.57037
0.516508,-0.245792,0.0290278;-1.55994,0.0161794,-1.55942
0.515693,-0.240965,0.0314565;-1.58388,0.138011,-1.5503
0.517628,-0.239625,0.0289024;-1.58177,0.0863783,-1.56999
0.517925,-0.240145,0.0285838;-1.57086,0.0188737,-1.57174
0.517249,-0.24071,0.0287232;-1.5639,-0.020812,-1.5707
0.516716,-0.240609,0.0288213;-1.57078,0.000116318,-1.58167
0.514662,-0.242771,0.0294285;-1.59141,0.0875535,-1.57815
0.513008,-0.242841,0.0303902;-1.59322,0.168018,-1.58349
0.513284,-0.241189,0.0297104;-1.58921,0.142717,-1.56999
0.514405,-0.2421,0.0288156;-1.57101,0.100629,-1.55948
0.514368,-0.243645,0.0287446;-1.56977,0.0478165,-1.564
0.513968,-0.245442,0.0286491;-1.57064,0.0182517,-1.56764
0.514832,-0.244466,0.0286983;-1.57085,0.0999061,-1.5651
0.515167,-0.244804,0.0290146;-1.56536,0.187671,-1.56182
0.513162,-0.246847,0.0306368;-1.58502,0.222093,-1.55398
0.514786,-0.242331,0.0310342;-1.58059,0.144719,-1.53487
0.517013,-0.240204,0.0295054;-1.57687,0.0504147,-1.55035
0.516811,-0.243946,0.0294203;-1.57035,-0.0171588,-1.55498
0.517099,-0.240203,0.0290617;-1.57178,0.0358852,-1.55474
0.516071,-0.238003,0.0295887;-1.58274,0.0970458,-1.55268
0.508098,-0.250365,0.0362425;-1.65559,0.272827,-1.54827
0.510504,-0.245585,0.033319;-1.61152,0.202383,-1.53651
0.51116,-0.24408,0.0305968;-1.56423,0.172344,-1.54105
0.51196,-0.246752,0.0289875;-1.56858,0.034179,-1.56187
0.512177,-0.245392,0.0287763;-1.57095,0.0747443,-1.5613
0.511856,-0.244214,0.0290759;-1.5752,0.101158,-1.55285
0.504577,-0.249757,0.0306386;-1.57321,0.256156,-1.55144
0.505405,-0.249872,0.0301901;-1.54659,0.253418,-1.56767
0.505289,-0.249194,0.028654;-1.56724,0.245927,-1.57165
0.504422,-0.249104,0.0288371;-1.55833,0.196864,-1.57325
0.504354,-0.249012,0.0287181;-1.56416,0.195488,-1.57188
0.504508,-0.249158,0.0286608;-1.57462,0.196354,-1.57006
0.502971,-0.250396,0.0298571;-1.5749,0.272352,-1.56962
0.504192,-0.248175,0.0296163;-1.55135,0.232582,-1.57002
0.50435,-0.247325,0.0285851;-1.57046,0.206775,-1.57047
0.504027,-0.247436,0.0288806;-1.55605,0.190091,-1.57337
0.503909,-0.246995,0.0285797;-1.57074,0.176673,-1.57074
0.503966,-0.247396,0.0287515;-1.57091,0.167422,-1.56255
0.500494,-0.247166,0.032862;-1.62344,0.232482,-1.54046
0.502099,-0.247647,0.0309078;-1.57764,0.228106,-1.53741
0.502905,-0.247151,0.0308748;-1.58108,0.219547,-1.53783
0.504087,-0.246334,0.028813;-1.56388,0.112958,-1.56691
0.5037,-0.246995,0.0288746;-1.56417,0.0907951,-1.56362
0.503325,-0.246413,0.0289601;-1.57443,0.113287,-1.555
0.501277,-0.2436,0.0312207;-1.58729,0.173406,-1.52683
0.493764,-0.250668,0.0358234;-1.60647,0.244281,-1.4798
0.496975,-0.247961,0.0350194;-1.57572,0.22888,-1.50234
0.497635,-0.246346,0.0298762;-1.58693,0.205537,-1.53827
0.496395,-0.249295,0.0288295;-1.56282,0.127689,-1.56758
0.496091,-0.249506,0.0285816;-1.57075,0.0982741,-1.57057
0.495815,-0.248443,0.0289648;-1.57496,0.14403,-1.55508
0.491895,-0.248978,0.0347937;-1.66446,0.254328,-1.53704
0.494096,-0.246928,0.0350077;-1.66856,0.212375,-1.53213
0.49483,-0.246346,0.0310322;-1.61048,0.18139,-1.54838
0.493823,-0.249952,0.0288818;-1.55795,0.105434,-1.57012
0.493603,-0.249982,0.0286692;-1.57082,0.0916626,-1.57499
0.49314,-0.250796,0.0287046;-1.57077,0.123742,-1.57663
0.48966,-0.251103,0.0296837;-1.58339,0.251212,-1.57553
0.491507,-0.248814,0.0294319;-1.56474,0.215413,-1.55819
0.492217,-0.248747,0.0287902;-1.57136,0.151152,-1.56116
0.491631,-0.251685,0.0288857;-1.56139,0.0377785,-1.56575
0.491006,-0.252945,0.0287975;-1.56554,-0.00659393,-1.56541
0.491265,-0.252571,0.0288203;-1.5709,0.00909502,-1.55921
0.487034,-0.247979,0.0320388;-1.62399,0.175385,-1.56319
0.485729,-0.246179,0.0343712;-1.68112,0.206626,-1.55706
0.487186,-0.246029,0.0322206;-1.64863,0.176226,-1.5598
0.48845,-0.24955,0.0293091;-1.57304,0.0547428,-1.55742
0.488174,-0.251103,0.0300343;-1.59468,0.0299866,-1.55848
0.488607,-0.252471,0.0312606;-1.60952,0.0272496,-1.55283
0.483497,-0.243628,0.0378344;-1.74788,0.178917,-1.53631
0.481402,-0.246427,0.0389247;-1.76486,0.226609,-1.53253
0.482379,-0.24609,0.0358921;-1.71683,0.208552,-1.54602
0.481508,-0.24966,0.0290978;-1.57072,0.171917,-1.554
0.480716,-0.250827,0.0294153;-1.56736,0.136264,-1.55449
0.479563,-0.254497,0.0302052;-1.56793,0.105895,-1.54321
0.478296,-0.247637,0.034399;-1.65656,0.2094,-1.52373
0.478744,-0.247732,0.0365304;-1.68466,0.234881,-1.51939
0.479388,-0.247625,0.0349113;-1.65337,0.228946,-1.52797
0.482217,-0.244834,0.0287665;-1.56987,0.184715,-1.56145
0.482016,-0.245067,0.0289039;-1.5576,0.184254,-1.56998
0.481686,-0.245266,0.0286185;-1.56966,0.163919,-1.56987
0.480612,-0.245861,0.0310582;-1.63053,0.170213,-1.56148
0.479382,-0.245546,0.0342352;-1.68568,0.202765,-1.55565
0.478733,-0.246542,0.0362915;-1.7239,0.21852,-1.55185
0.484618,-0.242452,0.0303354;-1.60378,0.10731,-1.58141
0.484751,-0.242827,0.0288904;-1.57459,0.101204,-1.58136
0.4842,-0.243729,0.0288207;-1.57313,0.122162,-1.57944
0.483271,-0.245594,0.0300702;-1.60518,0.154925,-1.57569
0.481049,-0.245229,0.0332977;-1.66683,0.193035,-1.56006
0.480285,-0.245071,0.0350198;-1.69502,0.200954,-1.55569
0.483514,-0.246074,0.0286459;-1.57088,0.144016,-1.57399
0.483674,-0.245539,0.0287971;-1.56038,0.0826195,-1.57096
0.483141,-0.245145,0.02879;-1.56154,0.0407194,-1.57201
0.482998,-0.244804,0.0286058;-1.57206,0.038902,-1.57069
0.481257,-0.243164,0.0308742;-1.6168,0.0807757,-1.56397
0.476524,-0.241466,0.0350586;-1.68234,0.142217,-1.54825
0.477694,-0.245366,0.034925;-1.69551,0.0959282,-1.55401
0.476855,-0.248198,0.0309382;-1.62957,0.0924823,-1.56461
0.476548,-0.248981,0.0290433;-1.57035,0.102273,-1.56187
0.478478,-0.250774,0.0296329;-1.61044,0.0832977,-1.56948
0.476985,-0.249052,0.0333503;-1.67421,0.11247,-1.55904
0.474989,-0.24528,0.0359826;-1.7222,0.164783,-1.55097
0.475202,-0.24562,0.0378698;-1.75023,0.109126,-1.54497
0.474442,-0.247952,0.0341508;-1.6822,0.106567,-1.55495
0.473178,-0.248399,0.0293449;-1.5839,0.139531,-1.56046
0.473625,-0.249693,0.0287248;-1.57096,0.104725,-1.56383
0.473528,-0.249087,0.0289307;-1.57815,0.126385,-1.55923
0.472872,-0.247046,0.029465;-1.59493,0.162409,-1.57082
0.471614,-0.245674,0.0347125;-1.68319,0.162857,-1.55193
0.473467,-0.245889,0.0313095;-1.62212,0.133978,-1.55564
0.474227,-0.247296,0.0289516;-1.57503,0.0999985,-1.5559
0.473822,-0.247986,0.0289265;-1.56537,0.0836237,-1.55994
0.474252,-0.248639,0.0291526;-1.59826,0.0775438,-1.56867
0.474095,-0.24869,0.0305422;-1.61885,0.0922079,-1.56923
0.470579,-0.250681,0.0362064;-1.71235,0.169681,-1.56329
0.473862,-0.245271,0.0350522;-1.70244,0.107976,-1.56331
0.474096,-0.246671,0.0311285;-1.63218,0.091369,-1.56701
0.474517,-0.248358,0.0296779;-1.59545,0.0215676,-1.56416
0.474594,-0.249796,0.0295721;-1.58618,0.00984488,-1.56129
0.473764,-0.250826,0.0319357;-1.62922,0.0288474,-1.55098
0.468271,-0.244246,0.0355875;-1.70484,0.184767,-1.54729
0.470602,-0.243768,0.0337131;-1.66624,0.160187,-1.54993
0.472,-0.24711,0.0293017;-1.57906,0.130834,-1.55506
0.470528,-0.250782,0.0293472;-1.57057,0.0932913,-1.55667
0.469112,-0.255939,0.0299437;-1.57525,0.0581813,-1.54731
0.468259,-0.259911,0.0327422;-1.57789,0.0375712,-1.50789
0.468259,-0.259911,0.0327422;-1.57789,0.0375712,-1.50789
0.4695,-0.256383,0.0357321;-1.63394,0.0876488,-1.50211
0.4695,-0.256383,0.0357321;-1.63394,0.0876488,-1.50211
