0.5,-0.3,0.06;-1.57,-2.98023e-08,-1.57
0.5,-0.3,0.06;-1.57,-2.98023e-08,-1.57
0.5,-0.3,0.06;-1.57,-2.98023e-08,-1.57
0.499176,-0.300467,0.0285818;-1.5707,-0.273533,-1.57048
0.499838,-0.299604,0.0286394;-1.56813,-0.197573,-1.56994
0.501568,-0.29453,0.0292598;-1.55314,-0.0816452,-1.56219
0.499599,-0.282489,0.0317677;-1.56148,-0.00141838,-1.5303
0.498341,-0.292172,0.0286777;-1.56978,-0.273928,-1.56431
0.500876,-0.292312,0.0287209;-1.57754,-0.434962,-1.57455
0.502543,-0.290768,0.0290966;-1.59073,-0.491791,-1.58754
0.497898,-0.304563,0.0295637;-1.58371,-0.301664,-1.59165
0.498343,-0.308274,0.0307858;-1.56745,-0.181505,-1.60191
0.498218,-0.301994,0.0324002;-1.53951,-0.0486767,-1.59396
0.496945,-0.292098,0.0291652;-1.58277,-0.126101,-1.57656
0.497286,-0.296042,0.0287477;-1.57317,-0.260508,-1.56544
0.497793,-0.298662,0.0288775;-1.56711,-0.401245,-1.55837
0.497878,-0.297777,0.0286233;-1.57081,-0.366035,-1.56874
0.499213,-0.295765,0.0288248;-1.56034,-0.264684,-1.56607
0.499539,-0.29088,0.0301104;-1.54232,-0.163909,-1.55821
0.498526,-0.285507,0.0308529;-1.52743,-0.127169,-1.55645
0.498012,-0.287739,0.0286577;-1.56843,-0.228183,-1.5688
0.496795,-0.286042,0.0286915;-1.56932,-0.363306,-1.57709
0.497646,-0.284157,0.0288614;-1.58144,-0.449436,-1.57929
0.496998,-0.28901,0.0293595;-1.57747,-0.36718,-1.5899
0.498631,-0.289287,0.0315331;-1.55216,-0.220466,-1.59146
0.49654,-0.276079,0.0329802;-1.58891,-0.12793,-1.59967
0.496908,-0.269736,0.031006;-1.58922,-0.20486,-1.6029
0.497925,-0.267385,0.0297727;-1.57394,-0.318922,-1.59444
0.49848,-0.27035,0.0289144;-1.56898,-0.30312,-1.58025
0.499611,-0.271353,0.028633;-1.57097,-0.205903,-1.56747
0.502336,-0.25556,0.0340441;-1.51617,0.0508435,-1.53495
0.502088,-0.247115,0.0346207;-1.51473,0.138069,-1.53452
0.50292,-0.245629,0.0318325;-1.5297,0.0574602,-1.55413
0.501255,-0.248122,0.0290494;-1.55795,-0.108931,-1.57895
0.501238,-0.24917,0.0289354;-1.56618,-0.112803,-1.58272
0.500566,-0.252847,0.0288441;-1.57337,-0.0879492,-1.58097
0.496411,-0.259279,0.0293975;-1.58741,0.112355,-1.58131
0.495458,-0.258166,0.032138;-1.58244,0.229516,-1.58752
0.495936,-0.25126,0.0354083;-1.68652,0.223569,-1.56521
0.500939,-0.247843,0.0291592;-1.56685,0.0240223,-1.59013
0.50275,-0.245736,0.0291578;-1.58488,-0.069222,-1.58535
0.503165,-0.248132,0.0289713;-1.57787,-0.124641,-1.58333
0.501851,-0.252388,0.0285807;-1.57049,0.0590254,-1.57094
0.502294,-0.251747,0.0289845;-1.56332,0.127505,-1.5682
0.50236,-0.24932,0.0296966;-1.557,0.184887,-1.56469
0.502224,-0.250635,0.0286604;-1.57079,-0.0158789,-1.567
0.501038,-0.254183,0.0287388;-1.56772,-0.141451,-1.56552
0.501509,-0.257143,0.0286777;-1.56633,-0.213678,-1.57045
0.500329,-0.261568,0.0286893;-1.57073,0.00378788,-1.57601
0.500412,-0.263017,0.0293081;-1.57567,0.111603,-1.58274
0.499903,-0.260483,0.0313574;-1.55732,0.206554,-1.59541
0.503761,-0.253442,0.0309788;-1.57876,0.0260464,-1.60446
0.505572,-0.248419,0.0292354;-1.57736,-0.0719135,-1.58855
0.507096,-0.248393,0.0297585;-1.59207,-0.135668,-1.58715
0.503753,-0.251916,0.028844;-1.57827,0.00167552,-1.56549
0.503621,-0.252004,0.0290762;-1.55759,0.0921067,-1.56098
0.504561,-0.250686,0.029963;-1.55134,0.17292,-1.56443
0.505011,-0.248321,0.0318465;-1.50271,0.0846453,-1.57284
0.504347,-0.246686,0.0285898;-1.57037,-0.0174721,-1.57102
0.504021,-0.246097,0.0286374;-1.57066,-0.082304,-1.57345
0.504029,-0.248731,0.0285806;-1.57087,-0.0632609,-1.57091
0.504536,-0.248023,0.0290195;-1.55932,0.00819135,-1.56063
0.50398,-0.249736,0.0316082;-1.53619,0.10952,-1.55188
0.506665,-0.246925,0.0323731;-1.51356,0.112804,-1.58407
0.507806,-0.245132,0.0321892;-1.54386,0.0104676,-1.61023
0.509308,-0.243867,0.0311831;-1.57348,-0.0622228,-1.61273
0.508932,-0.247614,0.0310491;-1.57486,-0.088158,-1.61068
0.507117,-0.25102,0.0291648;-1.58722,-0.017615,-1.58289
0.505331,-0.253558,0.02899;-1.58076,0.0975904,-1.5796
0.504318,-0.249557,0.0318219;-1.55624,0.229693,-1.53822
0.506807,-0.247328,0.0346245;-1.48691,0.14715,-1.5554
0.506323,-0.24842,0.0285814;-1.57059,0.0223502,-1.57071
0.504879,-0.248439,0.0286778;-1.5705,-0.113746,-1.5753
0.505153,-0.250334,0.0286146;-1.57174,-0.0339412,-1.57181
0.505259,-0.250866,0.0286218;-1.56855,0.0507791,-1.57056
0.505087,-0.24885,0.0300717;-1.55534,0.220588,-1.571
0.505892,-0.247556,0.0316359;-1.53108,0.125653,-1.58273
0.507041,-0.242074,0.0294124;-1.58554,0.0111638,-1.57907
0.511659,-0.251855,0.0315853;-1.58633,-0.15414,-1.61231
0.510242,-0.255823,0.0304106;-1.57897,-0.0976859,-1.6024
0.507867,-0.26053,0.0304223;-1.59009,-0.0188559,-1.59417
0.507126,-0.254188,0.0305746;-1.56052,0.228165,-1.58262
0.507109,-0.253313,0.0332091;-1.4809,0.166535,-1.57776
0.505316,-0.250396,0.0286161;-1.57058,0.0443026,-1.5724
0.503574,-0.252379,0.028644;-1.56921,-0.150942,-1.56896
0.503572,-0.254425,0.0288548;-1.55828,-0.115628,-1.5702
0.50414,-0.253651,0.0288068;-1.56957,-0.0690983,-1.56117
0.505587,-0.247813,0.0296035;-1.56014,0.110123,-1.56423
0.505125,-0.247465,0.0313701;-1.51699,0.0578731,-1.56751
0.503846,-0.244544,0.0287475;-1.56996,-0.0266542,-1.57797
0.50503,-0.247967,0.0310309;-1.5735,-0.112656,-1.61019
0.505079,-0.251901,0.029806;-1.57731,-0.0676763,-1.59804
0.503985,-0.254529,0.0299337;-1.59872,-0.0427747,-1.58304
0.500635,-0.253282,0.0339771;-1.6113,0.152285,-1.57485
0.5012,-0.248208,0.0338589;-1.5961,0.115506,-1.57469
0.500709,-0.248919,0.0301948;-1.54789,0.107262,-1.57708
0.499084,-0.246101,0.0288437;-1.56515,-0.0869844,-1.5774
0.498746,-0.249264,0.0288281;-1.56679,-0.0836711,-1.57842
0.4984,-0.25058,0.0285801;-1.5708,-0.0143575,-1.57088
0.498715,-0.25052,0.0287164;-1.56636,0.0638481,-1.56885
0.499378,-0.246014,0.0317152;-1.56848,0.203695,-1.54038
0.500976,-0.24446,0.0328375;-1.50766,0.159641,-1.56049
0.501608,-0.245761,0.0326604;-1.4808,0.0805415,-1.57549
0.504635,-0.241592,0.0291725;-1.58395,-0.0812066,-1.58778
0.50364,-0.246342,0.0298659;-1.5888,-0.0345924,-1.59279
0.500731,-0.252058,0.0301947;-1.57779,0.0510362,-1.59819
0.496174,-0.25218,0.0339169;-1.59406,0.235481,-1.59973
0.496657,-0.246149,0.036913;-1.54271,0.196788,-1.59124
0.498861,-0.24365,0.0332416;-1.49641,0.124924,-1.57806
0.501079,-0.241496,0.0287019;-1.57068,-0.0845006,-1.57661
0.501302,-0.244063,0.0288435;-1.56506,-0.0459229,-1.57757
0.501287,-0.246185,0.0286172;-1.57056,0.0101782,-1.57269
0.500398,-0.246759,0.029606;-1.5624,0.144741,-1.56787
0.500759,-0.244879,0.0300813;-1.54171,0.0995531,-1.56863
0.499786,-0.245296,0.0299087;-1.53627,0.0567606,-1.57023
0.499653,-0.245519,0.0287513;-1.56759,-0.118959,-1.57549
0.499174,-0.252551,0.0294436;-1.57062,-0.127267,-1.5798
0.498328,-0.255991,0.0290795;-1.59057,-0.0656193,-1.57648
0.497567,-0.253562,0.0324506;-1.59601,0.141234,-1.603
0.498199,-0.249485,0.0355285;-1.64741,0.135638,-1.60623
0.499654,-0.246883,0.0324154;-1.59135,0.068995,-1.61151
0.501165,-0.243541,0.0303581;-1.57483,-0.0618136,-1.60108
0.501651,-0.244997,0.0290587;-1.57062,-0.079805,-1.58605
0.500899,-0.248843,0.0290317;-1.55421,-0.0605622,-1.57457
0.500558,-0.245983,0.0301794;-1.56391,0.0802126,-1.55017
0.500712,-0.244771,0.031474;-1.54269,0.161144,-1.55424
0.501207,-0.244293,0.0317669;-1.51621,0.144289,-1.56767
0.499673,-0.24545,0.0286066;-1.57017,0.0388273,-1.56979
0.498872,-0.246227,0.0285797;-1.57069,-0.0362237,-1.57073
0.498826,-0.246324,0.0286042;-1.57082,-0.0487041,-1.57195
0.496254,-0.251567,0.0290953;-1.58861,0.0871905,-1.57713
0.494498,-0.255475,0.0333448;-1.58448,0.192164,-1.57191
0.494616,-0.25245,0.0377526;-1.6083,0.229631,-1.57344
0.499401,-0.241548,0.0307184;-1.5961,0.110215,-1.61145
0.502284,-0.236907,0.0297063;-1.58029,0.0169259,-1.59082
0.503465,-0.239241,0.0292447;-1.57694,-0.0439622,-1.58705
0.502312,-0.244968,0.0286888;-1.57073,0.0389311,-1.57591
0.502737,-0.246187,0.028908;-1.56575,0.0896429,-1.56802
0.502771,-0.245035,0.0305005;-1.54755,0.158804,-1.5605
0.503538,-0.243476,0.0338907;-1.50273,0.0768474,-1.54562
0.502827,-0.245937,0.0289226;-1.55575,-0.0421954,-1.56863
0.502654,-0.246527,0.0287486;-1.56697,-0.0894789,-1.5751
0.502284,-0.250415,0.028734;-1.57066,0.0199386,-1.57812
0.500867,-0.252535,0.0291147;-1.58128,0.100777,-1.58219
0.499121,-0.254002,0.0306751;-1.57058,0.202292,-1.59352
0.503031,-0.246314,0.0326955;-1.52082,0.0562993,-1.60458
0.504238,-0.242645,0.0301886;-1.57683,-0.0300041,-1.599
0.505145,-0.245455,0.0311392;-1.59212,-0.100301,-1.6008
0.503256,-0.254734,0.0290836;-1.58867,-0.0560838,-1.57817
0.500999,-0.257418,0.0288684;-1.57801,0.0657095,-1.57685
0.499692,-0.256496,0.0295619;-1.56099,0.172924,-1.56893
0.498651,-0.254157,0.0286515;-1.56735,0.0729027,-1.57087
0.497974,-0.252075,0.0286498;-1.57074,-0.0137536,-1.57405
0.497368,-0.251368,0.0285994;-1.57036,-0.092569,-1.57141
0.496927,-0.252283,0.0286834;-1.57167,-0.0976461,-1.5662
0.496081,-0.25218,0.0293788;-1.5713,-0.0661984,-1.55341
0.497043,-0.248592,0.0297485;-1.56034,0.0233685,-1.55235
0.497959,-0.249882,0.032144;-1.52707,0.0780728,-1.59299
0.499031,-0.244314,0.0305795;-1.57291,-0.0178485,-1.6051
0.499996,-0.243448,0.0316956;-1.57322,-0.0615196,-1.61883
0.499342,-0.250211,0.0325093;-1.57962,-0.0956759,-1.62565
0.497771,-0.253627,0.0291604;-1.59236,-0.0428658,-1.57831
0.49488,-0.25572,0.0293687;-1.57707,0.0543778,-1.56718
0.49278,-0.256757,0.0336819;-1.50107,0.200624,-1.55565
0.492128,-0.25767,0.0343894;-1.4721,0.151512,-1.56661
0.490808,-0.257464,0.0287349;-1.56359,0.0764356,-1.57125
0.489659,-0.256228,0.0285797;-1.5708,-0.0806203,-1.57084
0.48934,-0.256631,0.0285797;-1.57077,-0.0348275,-1.57089
0.489682,-0.256748,0.0285931;-1.57072,0.00948041,-1.57019
0.4909,-0.25506,0.0316128;-1.52018,0.162785,-1.5647
0.491441,-0.254011,0.0355739;-1.46213,0.114851,-1.56969
0.492749,-0.251155,0.0354708;-1.46134,0.0315245,-1.57252
0.498771,-0.244784,0.0303906;-1.59056,-0.135406,-1.59831
0.497531,-0.250447,0.0309473;-1.59444,-0.0853058,-1.60149
0.4952,-0.255321,0.0315056;-1.60224,-0.0115029,-1.60181
0.490583,-0.258427,0.0311497;-1.58052,0.185086,-1.59907
0.490991,-0.255439,0.0312128;-1.54088,0.125641,-1.59152
0.491058,-0.254453,0.0303288;-1.52887,0.0494181,-1.57079
0.491013,-0.255337,0.028771;-1.57207,-0.153986,-1.56286
0.491067,-0.255329,0.0287172;-1.56905,-0.123405,-1.56552
0.490963,-0.255004,0.0286484;-1.56898,-0.0795541,-1.56907
0.490963,-0.255004,0.0286484;-1.56898,-0.0795541,-1.56907
0.491342,-0.253907,0.0288044;-1.56676,-0.00564453,-1.56727
0.491342,-0.253907,0.0288044;-1.56676,-0.00564453,-1.56727
