-0.125,0.125,0.06;-1.57,-2.98023e-08,-1.57
-0.125,0.125,0.06;-1.57,-2.98023e-08,-1.57
-0.125,0.125,0.06;-1.57,-2.98023e-08,-1.57
-0.12383,0.131537,0.0286258;-1.57079,-0.263018,-1.57378
-0.124277,0.131371,0.0288269;-1.57438,-0.250553,-1.57984
-0.125261,0.126811,0.0298165;-1.5735,-0.166402,-1.58763
-0.12723,0.109938,0.0347191;-1.46664,-0.107989,-1.56986
-0.127315,0.117894,0.0285657;-1.57069,-0.299182,-1.57057
-0.126904,0.118955,0.0286847;-1.57031,-0.348977,-1.57555
-0.126916,0.119216,0.0286685;-1.57087,-0.359885,-1.57512
-0.126878,0.119002,0.0285895;-1.57152,-0.338061,-1.57199
-0.127991,0.11401,0.0294319;-1.56323,-0.240658,-1.57818
-0.128855,0.0993847,0.0348756;-1.48379,-0.131656,-1.57571
-0.131706,0.0931107,0.0320338;-1.49767,-0.20112,-1.55716
-0.133173,0.0954757,0.0285588;-1.57211,-0.264225,-1.57145
-0.133081,0.095391,0.0286102;-1.57033,-0.28367,-1.57253
-0.133033,0.0951637,0.0285812;-1.57104,-0.252742,-1.57059
-0.132913,0.0951157,0.0290007;-1.56471,-0.164541,-1.56181
-0.132335,0.085018,0.033848;-1.52098,-0.0376572,-1.57288
-0.133259,0.0751921,0.0359695;-1.45526,-0.00259677,-1.55674
-0.136998,0.070806,0.0319867;-1.49755,-0.0737467,-1.55367
-0.138701,0.0707683,0.0288294;-1.57184,-0.15029,-1.5582
-0.138802,0.0698474,0.0286027;-1.57084,-0.172621,-1.56974
-0.138521,0.0704529,0.0286656;-1.57085,-0.13487,-1.56673
-0.137629,0.0698148,0.0292172;-1.55872,-0.0356368,-1.57073
-0.138442,0.0604693,0.0329381;-1.49592,0.0394131,-1.58187
-0.14042,0.0592356,0.0298472;-1.53667,-0.0339106,-1.56552
-0.141643,0.0577656,0.0286306;-1.57073,-0.108193,-1.57321
-0.141657,0.0566277,0.0286522;-1.57054,-0.0638131,-1.57432
-0.141476,0.0562688,0.0285773;-1.57116,-0.0244359,-1.57057
-0.141987,0.0479528,0.0318679;-1.51428,0.156493,-1.59151
-0.14139,0.0367086,0.0359405;-1.43649,0.219996,-1.61069
-0.143501,0.0355068,0.0341951;-1.45219,0.14195,-1.5853
-0.14701,0.0361809,0.0286648;-1.57109,-0.0220633,-1.56663
-0.147222,0.0359696,0.0285794;-1.57073,-0.0201275,-1.57084
-0.147027,0.0350893,0.0286143;-1.56963,0.0421441,-1.57012
-0.150633,0.0315478,0.0299398;-1.55417,0.21925,-1.55958
-0.152924,0.0210535,0.035963;-1.48391,0.311398,-1.58487
-0.154997,0.0123314,0.0388349;-1.44966,0.322794,-1.58378
-0.159646,0.00921137,0.0294206;-1.57173,0.112722,-1.54911
-0.159441,0.00832645,0.0289115;-1.57063,0.0842479,-1.56039
-0.16005,0.0086795,0.0288953;-1.57522,0.100435,-1.55939
-0.161751,0.01276,0.0326426;-1.59233,0.230603,-1.51225
-0.16928,0.00426943,0.0382953;-1.59812,0.371697,-1.51672
-0.171147,-0.0103072,0.0430219;-1.47679,0.462291,-1.57244
-0.174957,-0.0100706,0.0303547;-1.57944,0.239109,-1.53245
-0.174062,-0.0112213,0.0289614;-1.5703,0.185414,-1.5582
-0.173096,-0.0115759,0.0288599;-1.57356,0.159358,-1.55917
-0.170492,-0.00830986,0.0301355;-1.57303,0.223633,-1.53908
-0.173521,-0.0113844,0.0312368;-1.54844,0.361232,-1.55768
-0.178212,-0.0238646,0.0373244;-1.45054,0.50638,-1.60902
-0.186184,-0.027637,0.0305104;-1.52118,0.361807,-1.58031
-0.188108,-0.0274039,0.0287162;-1.57101,0.260856,-1.56389
-0.189012,-0.0279281,0.0287734;-1.56127,0.224328,-1.57276
-0.187168,-0.0282107,0.0291048;-1.54378,0.319869,-1.57938
-0.189863,-0.0341105,0.0304484;-1.52779,0.423518,-1.59132
-0.194664,-0.0480993,0.0358934;-1.41833,0.521477,-1.64869
-0.200308,-0.0541039,0.034358;-1.43476,0.457974,-1.62569
-0.199468,-0.0513993,0.0293134;-1.53858,0.433184,-1.57765
-0.200462,-0.0515223,0.0290461;-1.54882,0.385673,-1.57666
-0.198382,-0.0506518,0.0286981;-1.5646,0.4619,-1.57335
-0.198218,-0.052175,0.0291468;-1.54415,0.516502,-1.58265
-0.203024,-0.0641843,0.0347776;-1.42582,0.627892,-1.6612
-0.208442,-0.0695944,0.0359808;-1.38236,0.614898,-1.6757
-0.21225,-0.070614,0.0341891;-1.43081,0.549056,-1.64025
-0.213677,-0.0691524,0.029168;-1.54879,0.479585,-1.57197
-0.213229,-0.0692084,0.0288557;-1.56729,0.487767,-1.56237
-0.211894,-0.0688856,0.0291859;-1.5439,0.54466,-1.57833
-0.21012,-0.0701643,0.0321047;-1.48374,0.623453,-1.61591
-0.213583,-0.0811326,0.0377996;-1.34033,0.731993,-1.7128
-0.219044,-0.0832106,0.0358642;-1.38345,0.668545,-1.68064
-0.220352,-0.0803426,0.029452;-1.53641,0.609166,-1.58257
-0.222241,-0.0809707,0.0289461;-1.55372,0.555625,-1.57653
-0.219846,-0.0808666,0.029076;-1.5491,0.634358,-1.57712
-0.218021,-0.0815175,0.0296405;-1.52835,0.701963,-1.59604
-0.229182,-0.0994254,0.0374464;-1.30011,0.861021,-1.77234
-0.236436,-0.106107,0.0368165;-1.33272,0.793166,-1.73913
-0.233895,-0.100918,0.0329122;-1.44381,0.743203,-1.6527
-0.231914,-0.0992179,0.0289923;-1.54422,0.724826,-1.58811
-0.228717,-0.0991885,0.0290206;-1.54325,0.84427,-1.58781
-0.227401,-0.0993853,0.0291746;-1.53067,0.918461,-1.59792
-0.243264,-0.109563,0.038386;-1.19926,1.05051,-1.88565
-0.249539,-0.110417,0.0372578;-1.251,0.975607,-1.83594
-0.250145,-0.107709,0.0344754;-1.36407,0.931838,-1.73207
-0.250639,-0.106802,0.0290826;-1.53652,0.864127,-1.59413
-0.248082,-0.107049,0.029017;-1.55434,0.937348,-1.5705
-0.245226,-0.107474,0.0293393;-1.55305,1.00976,-1.5722
-0.264021,-0.119756,0.039485;-1.08121,1.24664,-1.99538
-0.268187,-0.118334,0.0396735;-1.15986,1.19983,-1.90521
-0.270906,-0.114269,0.0365077;-1.34073,1.13092,-1.73351
-0.279164,-0.110222,0.031036;-1.53262,0.970804,-1.57179
-0.276896,-0.109938,0.0308553;-1.57487,1.01516,-1.52906
-0.27555,-0.109047,0.0311009;-1.58308,1.0394,-1.51781
-0.28817,-0.11772,0.0386484;-1.21219,1.28913,-1.86257
-0.29716,-0.119883,0.0394683;-1.17658,1.24513,-1.88422
-0.295981,-0.117457,0.0391308;-1.23218,1.22564,-1.82505
-0.301375,-0.114433,0.0320113;-1.54906,1.09812,-1.54098
-0.298978,-0.113824,0.0289701;-1.56993,1.07003,-1.56127
-0.295469,-0.113188,0.0299508;-1.5774,1.11931,-1.53771
-0.293067,-0.112769,0.0312288;-1.5847,1.2158,-1.51992
-0.32227,-0.124496,0.0388769;-0.732364,1.35408,-2.36454
-0.326658,-0.123009,0.0379998;-0.931986,1.30973,-2.16713
-0.327576,-0.120082,0.0316049;-1.38415,1.27308,-1.73426
-0.330123,-0.118152,0.028693;-1.57098,1.17263,-1.56517
-0.327627,-0.119629,0.0288224;-1.56718,1.28044,-1.56378
-0.325896,-0.12066,0.0291339;-1.45865,1.36553,-1.67641
-0.33784,-0.1252,0.0377245;-0.122086,1.39448,-3.00873
-0.344802,-0.122925,0.0378497;-0.437986,1.37057,-2.68606
-0.345759,-0.119899,0.0349161;-0.900471,1.35941,-2.22248
-0.342796,-0.119087,0.0290264;-1.49477,1.34264,-1.64032
-0.340116,-0.120869,0.028885;-1.5211,1.4435,-1.61177
-0.338332,-0.122517,0.0290489;-1.12543,1.54329,-2.00526
-0.343183,-0.124803,0.0377429;0.659708,1.37589,2.49324
-0.348666,-0.12134,0.0384715;0.275322,1.40075,2.89086
-0.349781,-0.117428,0.0357;-0.291278,1.43591,-2.82702
-0.358393,-0.113237,0.0295523;-1.41331,1.39204,-1.71663
-0.357751,-0.113943,0.0290996;-1.48873,1.41174,-1.63977
-0.355455,-0.115591,0.0290469;-1.49956,1.49191,-1.62508
-0.360872,-0.118973,0.037013;0.860599,1.36896,2.29608
-0.363362,-0.118192,0.0384442;0.703555,1.36301,2.45627
-0.365347,-0.1145,0.0372614;0.371417,1.40403,2.78834
-0.370053,-0.110562,0.0293358;-1.23035,1.47848,-1.90359
-0.370095,-0.110691,0.0291431;-1.29896,1.48101,-1.8381
-0.36828,-0.112533,0.028841;-1.18694,1.55994,-1.94624
-0.373936,-0.112599,0.0319025;1.2246,1.36074,1.91099
-0.387722,-0.112603,0.0381228;0.998899,1.24354,2.13041
-0.392694,-0.108398,0.0377266;0.846973,1.29796,2.28613
-0.386773,-0.109552,0.0289484;1.54398,1.42645,1.61104
-0.387204,-0.109783,0.0290421;1.43392,1.42847,1.70943
-0.385763,-0.111637,0.0288078;1.52959,1.3425,1.61259
-0.386124,-0.1117,0.0291183;1.5307,1.17024,1.613
-0.405252,-0.100649,0.0354248;1.31613,1.02631,1.79751
-0.417624,-0.0927868,0.039182;1.1685,1.03807,1.93481
-0.413495,-0.0896526,0.0325072;1.34765,1.17569,1.78582
-0.411669,-0.0910818,0.0291801;1.51711,1.20988,1.63118
-0.411467,-0.0915482,0.029003;1.52642,1.20761,1.61707
-0.408393,-0.0942554,0.0299775;1.56241,1.06954,1.60258
-0.418635,-0.0841193,0.0346236;1.47027,0.921455,1.68262
-0.434582,-0.0766359,0.0410328;1.33269,0.804917,1.78776
-0.434013,-0.0646019,0.0382333;1.35377,0.960997,1.80269
-0.432396,-0.0629099,0.0339882;1.50543,1.05597,1.69131
-0.431387,-0.0642524,0.0331236;1.52449,1.07588,1.66631
-0.425874,-0.0686858,0.0327896;1.59708,0.933527,1.6098
-0.429384,-0.0638488,0.0357805;1.55064,0.793154,1.64611
-0.447399,-0.054357,0.0416222;1.42095,0.625954,1.72715
-0.440412,-0.0458507,0.0399166;1.37535,0.823285,1.78156
-0.436331,-0.0488483,0.0372128;1.44977,0.966072,1.75014
-0.437723,-0.04985,0.0355168;1.49424,1.00437,1.71097
-0.437481,-0.0542355,0.0311947;1.581,0.889289,1.60767
-0.438533,-0.0529433,0.0332066;1.53502,0.78204,1.63463
-0.455417,-0.0419112,0.0398761;1.40419,0.61576,1.7082
-0.458138,-0.0333922,0.0376908;1.35556,0.738854,1.7497
-0.45731,-0.0324665,0.0346867;1.41692,0.84673,1.71345
-0.458058,-0.0305276,0.0305167;1.50267,0.880237,1.6372
-0.459357,-0.0329319,0.0289672;1.56624,0.80604,1.58942
-0.459009,-0.0351625,0.0297601;1.53364,0.710494,1.6026
-0.464673,-0.0262763,0.034093;1.45458,0.563599,1.64395
-0.47693,-0.00621234,0.0376332;1.36382,0.566916,1.69665
-0.476327,-0.00625522,0.0342429;1.42604,0.646184,1.66958
-0.475689,-0.00459541,0.0290081;1.55039,0.70243,1.59594
-0.476385,-0.00527755,0.028886;1.55639,0.665957,1.58809
-0.475977,-0.00756778,0.0289457;1.57014,0.587994,1.5869
-0.477081,-0.00330232,0.03083;1.5422,0.475636,1.60019
-0.490441,0.020207,0.0388601;1.40926,0.339972,1.65795
-0.488705,0.0240218,0.0365167;1.42136,0.425574,1.65735
-0.486719,0.0257833,0.0311913;1.5309,0.522027,1.61503
-0.48724,0.0272484,0.0291396;1.54936,0.550098,1.59087
-0.487607,0.0250955,0.0288343;1.57336,0.478697,1.58213
-0.487045,0.0244592,0.0295126;1.56776,0.39602,1.58737
-0.498887,0.0528551,0.0379496;1.41302,0.146017,1.61721
-0.496275,0.057897,0.037028;1.41736,0.219571,1.62384
-0.492847,0.0596427,0.0325996;1.48002,0.312882,1.60629
-0.491711,0.0613973,0.0290486;1.54723,0.400084,1.58122
-0.492833,0.0599744,0.0285754;1.57107,0.321804,1.57051
-0.494629,0.061469,0.0287218;1.56776,0.205051,1.56636
-0.500093,0.0883759,0.0356819;1.44505,0.0139682,1.57429
-0.499603,0.0996766,0.0360356;1.4188,0.0933813,1.58936
-0.49748,0.0964525,0.0332586;1.47225,0.128861,1.59012
-0.497392,0.0937071,0.0289653;1.55343,0.162572,1.57526
-0.497974,0.092427,0.0285798;1.57086,0.108863,1.57083
-0.497546,0.0937663,0.0286598;1.57071,0.0332801,1.56693
-0.497546,0.0937663,0.0286598;1.57071,0.0332801,1.56693
-0.497062,0.103249,0.0298634;1.54891,-0.0942488,1.56048
-0.497062,0.103249,0.0298634;1.54891,-0.0942488,1.56048
