-0.125,0.125,0.06;-1.57,-2.98023e-08,-1.57
-0.125,0.125,0.06;-1.57,-2.98023e-08,-1.57
-0.125,0.125,0.06;-1.57,-2.98023e-08,-1.57
-0.123917,0.126141,0.028632;-1.56947,-0.209559,-1.56769
-0.12412,0.126753,0.0287075;-1.57107,-0.16594,-1.56415
-0.125036,0.124719,0.0291315;-1.57482,-0.0436082,-1.57185
-0.124235,0.112965,0.0308673;-1.53102,0.0478732,-1.5699
-0.127867,0.111157,0.0289662;-1.57155,-0.0754415,-1.55224
-0.12953,0.108275,0.0297048;-1.54321,-0.101828,-1.55426
-0.130422,0.1073,0.0304493;-1.5382,-0.107387,-1.54629
-0.127136,0.115428,0.0299348;-1.57299,0.00792777,-1.54121
-0.128316,0.112977,0.0298929;-1.57491,0.113864,-1.55697
-0.13061,0.0963917,0.0309279;-1.53606,0.260321,-1.58629
-0.134143,0.0946699,0.028884;-1.56914,0.157651,-1.57126
-0.134292,0.0950177,0.0286719;-1.57163,0.0595957,-1.56704
-0.13446,0.0927561,0.0287346;-1.56582,-0.054504,-1.56806
-0.134383,0.093388,0.0287176;-1.571,-0.0122641,-1.56394
-0.135687,0.093229,0.028997;-1.57559,0.0815681,-1.56891
-0.137977,0.0812113,0.0309062;-1.54055,0.219494,-1.58096
-0.140349,0.0638423,0.0374518;-1.43051,0.251989,-1.5884
-0.143293,0.0664266,0.0362467;-1.44037,0.166171,-1.5701
-0.144995,0.0696015,0.0314387;-1.54627,0.0830953,-1.53831
-0.14575,0.0685713,0.0291344;-1.55969,0.0515859,-1.55578
-0.144985,0.0701753,0.0289449;-1.57505,0.109992,-1.55668
-0.147495,0.0689132,0.0290076;-1.58005,0.227113,-1.57165
-0.152077,0.0536023,0.0303031;-1.55082,0.331929,-1.58666
-0.154195,0.0534524,0.0286916;-1.56981,0.270568,-1.56646
-0.155035,0.0509209,0.0287991;-1.56342,0.0917662,-1.56824
-0.155167,0.0507714,0.0287687;-1.56468,0.0966197,-1.56842
-0.154653,0.0514993,0.0287961;-1.57102,0.130129,-1.56029
-0.161157,0.0432583,0.0325396;-1.52786,0.331209,-1.56948
-0.165727,0.0232269,0.0392902;-1.40052,0.438688,-1.61967
-0.170417,0.0183057,0.0381558;-1.40318,0.368551,-1.60997
-0.170795,0.0256946,0.0290005;-1.56462,0.230363,-1.55704
-0.171169,0.0250192,0.0288492;-1.56139,0.225246,-1.56721
-0.17088,0.0251277,0.0287457;-1.56494,0.260984,-1.56869
-0.172384,0.0262603,0.0290547;-1.57524,0.419886,-1.56927
-0.176966,0.0148127,0.0309011;-1.54167,0.580006,-1.60177
-0.179362,0.00770038,0.0317949;-1.51298,0.608277,-1.61236
-0.180712,0.0142798,0.0287238;-1.57156,0.369925,-1.56389
-0.181883,0.0129749,0.0289101;-1.5602,0.291025,-1.56803
-0.182231,0.0127881,0.0291305;-1.55169,0.29133,-1.56789
-0.179657,0.0171976,0.030606;-1.57125,0.391663,-1.53554
-0.187347,0.00750018,0.0340334;-1.50278,0.52546,-1.5826
-0.196218,-0.0133728,0.0382568;-1.39277,0.641208,-1.66037
-0.200679,-0.00798964,0.0287683;-1.57165,0.454557,-1.56067
-0.200617,-0.00913025,0.0287445;-1.5691,0.367222,-1.56512
-0.201382,-0.00939616,0.0287677;-1.56464,0.349491,-1.5696
-0.200666,-0.0076722,0.0287828;-1.57648,0.472884,-1.56178
-0.20318,-0.0081927,0.0293982;-1.57603,0.604374,-1.56738
-0.208421,-0.0208942,0.0314076;-1.52099,0.761145,-1.62118
-0.210883,-0.0190847,0.0287471;-1.57047,0.572841,-1.56228
-0.211198,-0.0197733,0.0289169;-1.56758,0.511017,-1.55872
-0.214325,-0.0210952,0.0294452;-1.54363,0.475967,-1.57357
-0.207516,-0.0178129,0.0303726;-1.56649,0.583746,-1.54157
-0.212047,-0.0240371,0.0306778;-1.55158,0.694335,-1.56852
-0.223202,-0.0403139,0.0354764;-1.42234,0.83615,-1.6762
-0.227149,-0.0380155,0.0286945;-1.56887,0.696046,-1.56769
-0.227065,-0.0384566,0.0287036;-1.5707,0.605679,-1.56478
-0.228893,-0.0391392,0.0287594;-1.56447,0.538184,-1.5708
-0.228194,-0.0383248,0.0287284;-1.57112,0.599005,-1.56337
-0.229336,-0.0378388,0.0291455;-1.57735,0.691394,-1.56405
-0.238185,-0.0468445,0.0307682;-1.53583,0.840539,-1.6096
-0.245226,-0.0532817,0.0319723;-1.47473,0.838237,-1.63505
-0.247975,-0.0514942,0.0307437;-1.52143,0.763958,-1.58865
-0.251641,-0.0512173,0.029202;-1.5499,0.68876,-1.56622
-0.252462,-0.0517232,0.0291281;-1.5488,0.687619,-1.57089
-0.250459,-0.0511102,0.0289237;-1.57364,0.751854,-1.55464
-0.254052,-0.0520641,0.0294073;-1.57715,0.875076,-1.56399
-0.270671,-0.0669604,0.031683;-1.48045,1.06926,-1.66111
-0.270714,-0.0625724,0.0289269;-1.56373,0.976358,-1.57737
-0.269978,-0.0609194,0.0286918;-1.57187,0.850301,-1.56519
-0.272024,-0.0625566,0.0287599;-1.56354,0.726862,-1.57241
-0.271336,-0.0622544,0.0287482;-1.57109,0.779391,-1.5626
-0.271318,-0.0607756,0.0288966;-1.57178,0.856442,-1.56173
-0.292608,-0.0793168,0.0389348;-1.23278,1.11306,-1.85779
-0.300911,-0.0811829,0.0383328;-1.25979,1.04085,-1.82354
-0.299373,-0.0759904,0.0338651;-1.39564,0.949839,-1.70153
-0.300598,-0.0747621,0.0291019;-1.54274,0.879249,-1.58497
-0.298476,-0.075014,0.0287645;-1.57125,0.958598,-1.56126
-0.298829,-0.0733724,0.0288513;-1.58305,1.04725,-1.55289
-0.321296,-0.0859914,0.0321309;-1.34704,1.35121,-1.80338
-0.327441,-0.0869872,0.0324601;-1.34846,1.28324,-1.78664
-0.321358,-0.0790989,0.0288851;-1.56165,1.14321,-1.57365
-0.322852,-0.0798751,0.0287505;-1.56216,0.949782,-1.57462
-0.321643,-0.0799053,0.0288229;-1.57071,1.0036,-1.55932
-0.320728,-0.0789134,0.029404;-1.57034,1.05717,-1.55373
-0.342916,-0.0891573,0.0393156;-1.02718,1.2928,-2.07312
-0.353038,-0.0919186,0.0376575;-1.12303,1.23218,-1.98188
-0.351585,-0.0868481,0.0320497;-1.40604,1.16394,-1.71104
-0.352527,-0.0851926,0.0287996;-1.55721,1.04905,-1.5788
-0.351616,-0.0849702,0.0287818;-1.57167,1.09666,-1.5604
-0.351591,-0.0846428,0.0287214;-1.57219,1.12172,-1.5626
-0.365359,-0.0891374,0.0311117;-1.43978,1.36884,-1.71643
-0.374637,-0.0916438,0.0304853;-1.43488,1.36693,-1.71005
-0.373368,-0.089883,0.0291844;-1.53456,1.33238,-1.60558
-0.374904,-0.0892962,0.0288757;-1.5539,1.17123,-1.57877
-0.375428,-0.0890783,0.0295962;-1.50186,1.17329,-1.62481
-0.37279,-0.089566,0.0292859;-1.5424,1.21153,-1.57923
-0.371563,-0.0905731,0.0304265;-1.53462,1.30014,-1.58172
-0.400565,-0.0981086,0.03401;-0.441522,1.46369,-2.69603
-0.398926,-0.0946574,0.0300213;-1.3457,1.44637,-1.79079
-0.396938,-0.0928781,0.0287558;-1.57303,1.36039,-1.56005
-0.39904,-0.0928203,0.0286687;-1.56629,1.27617,-1.57215
-0.39828,-0.0931997,0.0287371;-1.5758,1.33743,-1.55846
-0.397318,-0.0920922,0.0287739;-1.58511,1.41385,-1.5474
-0.415339,-0.094858,0.0325815;1.46031,1.46207,1.65467
-0.423321,-0.0939999,0.0309932;0.872631,1.5034,2.2688
-0.419281,-0.089825,0.0289188;-1.48819,1.51843,-1.6411
-0.422011,-0.0880266,0.0294738;-1.35663,1.44167,-1.77305
-0.420883,-0.089226,0.0292763;-1.33644,1.49132,-1.7893
-0.418978,-0.0904479,0.0290744;-1.09239,1.55951,-2.03045
-0.435203,-0.0891579,0.0323758;1.63352,1.34313,1.47824
-0.44476,-0.0871239,0.0313027;1.5659,1.36909,1.56228
-0.4435,-0.0865828,0.0287876;1.64847,1.46452,1.49564
-0.446557,-0.0872989,0.0286183;-1.5738,1.54945,-1.566
-0.446965,-0.0868393,0.0286261;-1.60764,1.56534,-1.53161
-0.446093,-0.0858106,0.0290815;1.91473,1.52099,1.2344
-0.456677,-0.0806094,0.0336681;1.69398,1.28906,1.42782
-0.470818,-0.0767605,0.0354143;1.48544,1.25872,1.64313
-0.473063,-0.0733871,0.0303399;1.42139,1.3345,1.72354
-0.474129,-0.0705908,0.0290358;1.46422,1.43912,1.68549
-0.47443,-0.0704284,0.0287976;1.52262,1.43396,1.62299
-0.473775,-0.0707316,0.028902;1.60652,1.38932,1.54475
-0.47778,-0.0641866,0.0341814;1.77678,1.20758,1.36467
-0.48872,-0.059558,0.0366505;1.67098,1.08195,1.44191
-0.495282,-0.0556515,0.0331043;1.65563,1.10526,1.47515
-0.496306,-0.0561226,0.0290516;1.63538,1.24348,1.51138
-0.497266,-0.0558666,0.0287905;1.59943,1.26264,1.54474
-0.497841,-0.0546809,0.0286863;1.58574,1.2425,1.55622
-0.496099,-0.0509248,0.0313055;1.66814,1.1049,1.48557
-0.500916,-0.0470468,0.0370445;1.60173,0.989024,1.53202
-0.51028,-0.0415766,0.040374;1.53201,0.949088,1.59415
-0.512722,-0.0371667,0.0290266;1.60237,1.12939,1.55185
-0.514021,-0.0373282,0.028778;1.5954,1.17753,1.54844
-0.514005,-0.0369596,0.028999;1.62255,1.16933,1.52245
-0.511919,-0.0349792,0.030987;1.67935,1.05679,1.47505
-0.514776,-0.0311213,0.0350629;1.70797,0.94051,1.436
-0.523997,-0.0268235,0.0381322;1.671,0.833177,1.44581
-0.525542,-0.0251838,0.0300515;1.6405,0.997519,1.51021
-0.526976,-0.0262832,0.0290799;1.61859,1.04196,1.52918
-0.527489,-0.025786,0.0289343;1.6049,1.04916,1.54092
-0.524618,-0.0237004,0.0301277;1.61389,0.941044,1.54793
-0.525981,-0.0194327,0.0346047;1.65876,0.834217,1.50423
-0.534513,-0.0119267,0.0407588;1.59245,0.746847,1.53265
-0.540978,-0.00413495,0.029564;1.61682,0.898154,1.53089
-0.541903,-0.00590979,0.0298325;1.63456,0.933964,1.51741
-0.543128,-0.00562696,0.029147;1.61683,0.951702,1.53174
-0.542216,-0.00376855,0.0311589;1.66681,0.904936,1.49608
-0.542034,-0.000404753,0.0355807;1.74033,0.80625,1.44067
-0.547191,0.00555558,0.0387589;1.69037,0.692739,1.44503
-0.553256,0.0112613,0.0322502;1.67709,0.762865,1.49115
-0.554919,0.0098567,0.0299598;1.62808,0.805334,1.52882
-0.555552,0.00998803,0.0289559;1.59753,0.82573,1.55086
-0.554732,0.0104332,0.0294181;1.58816,0.785602,1.5713
-0.5549,0.0126877,0.0324131;1.64899,0.698237,1.5304
-0.55795,0.0178653,0.0371519;1.65321,0.592184,1.50536
-0.566751,0.0325893,0.0345871;1.67092,0.557602,1.4903
-0.566193,0.0312133,0.031362;1.64818,0.624325,1.52286
-0.568303,0.0308471,0.0298167;1.61916,0.661608,1.54042
-0.568091,0.0322467,0.0291539;1.60373,0.659701,1.54847
-0.566148,0.0323412,0.0313807;1.6462,0.622052,1.53047
-0.564821,0.0348626,0.0355366;1.70776,0.525243,1.49721
-0.571024,0.0493695,0.0379437;1.65201,0.397148,1.5044
-0.570211,0.0514099,0.0322579;1.63168,0.486975,1.53666
-0.571332,0.0506184,0.0291456;1.59674,0.54898,1.56211
-0.572084,0.0521713,0.0289701;1.57995,0.574332,1.56845
-0.570969,0.052068,0.0291921;1.60112,0.528814,1.5586
-0.570007,0.0536308,0.032129;1.65127,0.465286,1.52997
-0.576632,0.0674295,0.0392068;1.6555,0.270188,1.49225
-0.57681,0.0700099,0.0356426;1.64701,0.338928,1.51838
-0.576059,0.0668782,0.0308524;1.63088,0.428657,1.54426
-0.577683,0.0672038,0.0290987;1.59879,0.477211,1.55728
-0.576553,0.068568,0.0291896;1.60182,0.439837,1.55904
-0.574703,0.0693231,0.0312425;1.64026,0.396385,1.54398
-0.575213,0.0817755,0.0383917;1.61148,0.208328,1.52894
-0.575578,0.0882415,0.040237;1.58807,0.262514,1.55375
-0.573657,0.0872658,0.0290425;1.58468,0.354795,1.57516
-0.576281,0.0893489,0.0288191;1.58044,0.453279,1.56915
-0.575404,0.0897064,0.0290664;1.59598,0.412521,1.55989
-0.573995,0.0899209,0.0311294;1.63428,0.36695,1.55191
-0.573995,0.0899209,0.0311294;1.63428,0.36695,1.55191
-0.57215,0.0937565,0.0355345;1.68651,0.269889,1.53186
-0.57215,0.0937565,0.0355345;1.68651,0.269889,1.53186
