-0.125,0.125,0.06;-1.57,-2.98023e-08,-1.57
-0.125,0.125,0.06;-1.57,-2.98023e-08,-1.57
-0.125,0.125,0.06;-1.57,-2.98023e-08,-1.57
-0.123093,0.12645,0.0286348;-1.57003,-0.212965,-1.56879
-0.123333,0.127163,0.0288383;-1.57115,-0.169187,-1.55806
-0.125544,0.125475,0.0302981;-1.58199,-0.066258,-1.55888
-0.126262,0.108541,0.035548;-1.45015,-0.00631635,-1.55178
-0.127194,0.109691,0.0288506;-1.57105,-0.135263,-1.55769
-0.127353,0.109087,0.0285957;-1.57043,-0.145312,-1.5696
-0.127561,0.108699,0.0286154;-1.57073,-0.142731,-1.56915
-0.127396,0.1103,0.0289695;-1.5705,-0.068918,-1.55172
-0.129808,0.110059,0.030375;-1.57764,0.0279123,-1.5489
-0.132833,0.0957047,0.0347562;-1.52729,0.158953,-1.56292
-0.135485,0.0809451,0.0339453;-1.47844,0.0660765,-1.55371
-0.137335,0.0816307,0.0289519;-1.57124,-0.00545561,-1.55243
-0.137835,0.0802149,0.0287887;-1.56623,-0.0555102,-1.56508
-0.137559,0.0806715,0.0288851;-1.57111,0.00510483,-1.55595
-0.138948,0.0799258,0.0296614;-1.56364,0.0791306,-1.55418
-0.142002,0.0672863,0.0330272;-1.509,0.200827,-1.57008
-0.144317,0.0546993,0.0382882;-1.40065,0.210399,-1.58061
-0.146171,0.0539941,0.0352354;-1.44583,0.140149,-1.57218
-0.147504,0.056401,0.0289271;-1.57107,0.0738819,-1.55372
-0.147976,0.0555418,0.0286842;-1.57083,0.0595291,-1.56584
-0.147862,0.0566188,0.028893;-1.57103,0.119363,-1.55569
-0.149439,0.0557593,0.030194;-1.5627,0.215039,-1.55275
-0.154008,0.0424112,0.0336844;-1.48445,0.281558,-1.57792
-0.157863,0.036459,0.0337102;-1.47283,0.218299,-1.57464
-0.158831,0.0372006,0.0289353;-1.55866,0.149689,-1.56745
-0.158834,0.0373137,0.0286906;-1.56762,0.162009,-1.56913
-0.158345,0.038004,0.0288044;-1.57099,0.192675,-1.55991
-0.165568,0.0295195,0.0319095;-1.52588,0.404764,-1.57428
-0.17191,0.00984035,0.0384489;-1.39404,0.491556,-1.63404
-0.175787,0.00715347,0.0379472;-1.38834,0.418852,-1.62197
-0.177315,0.0119137,0.0289389;-1.56637,0.292299,-1.55915
-0.177848,0.0114539,0.0287621;-1.56513,0.283384,-1.56908
-0.177355,0.0116825,0.0286811;-1.56741,0.319579,-1.57
-0.179508,0.0123815,0.0301418;-1.56912,0.46986,-1.55416
-0.189183,-0.00290119,0.0361083;-1.44161,0.608457,-1.6315
-0.196013,-0.0151334,0.0389163;-1.37276,0.605147,-1.66423
-0.196348,-0.00959046,0.0288724;-1.57267,0.455941,-1.55574
-0.197498,-0.0105559,0.0288109;-1.56232,0.409156,-1.57083
-0.197673,-0.0105933,0.0287592;-1.56387,0.410805,-1.57114
-0.197097,-0.0086443,0.0293064;-1.57058,0.51121,-1.55601
-0.20412,-0.014326,0.0318638;-1.53134,0.647286,-1.58
-0.215109,-0.0331397,0.0391542;-1.36425,0.751193,-1.68961
-0.220187,-0.0321506,0.030809;-1.5199,0.597303,-1.58701
-0.220219,-0.032036,0.0288403;-1.56799,0.545252,-1.56224
-0.22092,-0.0321656,0.0286262;-1.56965,0.533192,-1.57016
-0.219138,-0.0304106,0.0288966;-1.56995,0.657632,-1.55596
-0.223919,-0.0318523,0.0305273;-1.55776,0.774237,-1.56319
-0.238104,-0.0459305,0.0378532;-1.37285,0.902933,-1.70549
-0.246893,-0.04824,0.0342289;-1.43681,0.744705,-1.64111
-0.247817,-0.0475888,0.0290585;-1.56294,0.689014,-1.55904
-0.250052,-0.0485966,0.0290257;-1.55068,0.655892,-1.5771
-0.247623,-0.0472455,0.0288133;-1.57252,0.778163,-1.55941
-0.251329,-0.048174,0.0299488;-1.56256,0.885924,-1.56713
-0.266015,-0.0606652,0.0364388;-1.3651,1.01399,-1.73363
-0.275131,-0.0599028,0.0352768;-1.3876,0.874035,-1.69054
-0.27579,-0.0588624,0.0305183;-1.53457,0.796817,-1.57453
-0.279171,-0.059571,0.0291914;-1.54104,0.751589,-1.58314
-0.277027,-0.0592422,0.0286864;-1.57137,0.856444,-1.56534
-0.277609,-0.0587652,0.0291382;-1.5624,0.944467,-1.57176
-0.289364,-0.0655783,0.0333938;-1.42338,1.07304,-1.69817
-0.301263,-0.0705161,0.0360803;-1.30755,1.03223,-1.78135
-0.301613,-0.0687807,0.0321858;-1.43423,0.968263,-1.67234
-0.301927,-0.0678937,0.0289195;-1.56512,0.913404,-1.56219
-0.301996,-0.0679807,0.0287193;-1.57101,0.912802,-1.56392
-0.301433,-0.0671551,0.0288005;-1.57228,0.976381,-1.55839
-0.306711,-0.0669712,0.0300513;-1.55865,1.09889,-1.56972
-0.336566,-0.0811412,0.0386961;-1.08579,1.21716,-2.012
-0.337767,-0.0791911,0.0354538;-1.242,1.15659,-1.86591
-0.335473,-0.0758142,0.0295313;-1.54012,1.10358,-1.58329
-0.337471,-0.0755658,0.0286929;-1.56264,1.0427,-1.57652
-0.335775,-0.0758741,0.0288459;-1.57137,1.10402,-1.55728
-0.334678,-0.0750334,0.0293555;-1.55719,1.18446,-1.57067
-0.364422,-0.084853,0.039439;-0.648737,1.37571,-2.46043
-0.372751,-0.0847931,0.038762;-0.836141,1.31554,-2.27147
-0.369808,-0.0804061,0.0346059;-1.16787,1.25674,-1.94506
-0.370953,-0.0790028,0.0290277;-1.52652,1.18707,-1.60666
-0.368673,-0.0799436,0.0287998;-1.57224,1.26728,-1.55874
-0.367317,-0.0794767,0.028776;-1.57177,1.35375,-1.56006
-0.393281,-0.0821077,0.0373189;0.271728,1.44464,2.881
-0.404875,-0.0813698,0.0383706;-0.182861,1.40934,-2.93659
-0.399237,-0.0760883,0.0355894;-0.817223,1.37647,-2.29877
-0.403429,-0.0727158,0.0292024;-1.48788,1.28456,-1.64345
-0.401731,-0.0735975,0.0287738;-1.57186,1.34741,-1.56025
-0.400756,-0.0725108,0.0286713;-1.57611,1.4336,-1.56186
-0.419911,-0.0739056,0.0358528;0.856014,1.40966,2.28455
-0.429911,-0.0725152,0.0376526;0.395032,1.41449,2.75874
-0.425225,-0.0669886,0.0343391;-0.395022,1.4514,-2.72952
-0.429156,-0.0638087,0.0291384;-1.4594,1.38547,-1.6737
-0.427938,-0.0646871,0.0287482;-1.5751,1.45437,-1.55799
-0.427564,-0.0644855,0.0287223;-1.57753,1.49377,-1.55689
-0.440903,-0.0646427,0.0335318;1.1183,1.3926,2.01391
-0.452133,-0.0620416,0.0356042;0.767246,1.40091,2.37353
-0.451307,-0.0602502,0.0343108;0.723088,1.42803,2.42616
-0.452807,-0.0568751,0.0291579;-1.22364,1.52583,-1.90511
-0.453535,-0.0569107,0.0288913;-1.12141,1.54277,-2.01711
-0.45218,-0.0579078,0.0288323;1.57783,1.54693,1.57595
-0.451368,-0.0578501,0.029413;1.504,1.44659,1.64896
-0.483637,-0.0506299,0.0380483;1.15315,1.19662,1.97973
-0.485072,-0.0459295,0.0369147;1.01655,1.26741,2.12102
-0.481574,-0.0430112,0.0342365;1.01113,1.3604,2.13622
-0.485643,-0.0401875,0.0292083;1.36703,1.45538,1.78057
-0.484043,-0.0421675,0.0287932;1.56767,1.39486,1.5838
-0.482585,-0.0434124,0.0288313;1.5651,1.30618,1.58717
-0.505911,-0.0341046,0.0374245;1.31636,1.04092,1.8043
-0.515145,-0.0278465,0.0375663;1.22015,1.09196,1.89843
-0.508856,-0.0257386,0.0349656;1.2184,1.19378,1.91348
-0.512075,-0.0207644,0.0292725;1.47198,1.32442,1.67292
-0.51106,-0.0228572,0.028816;1.5657,1.26173,1.58535
-0.509854,-0.0237154,0.0287598;1.57185,1.17844,1.5791
-0.526962,-0.0143023,0.0358011;1.39577,0.918081,1.71669
-0.535713,-0.00722,0.0370713;1.31234,0.967846,1.79923
-0.530193,-0.00508038,0.034105;1.34075,1.07156,1.78733
-0.532642,0.00200558,0.0299661;1.46555,1.20562,1.67695
-0.532477,0.00148984,0.0290452;1.52941,1.18813,1.61627
-0.531498,6.12367e-05,0.0287308;1.57121,1.12404,1.57783
-0.544184,0.00792989,0.0343357;1.43081,0.853023,1.67687
-0.556472,0.0160411,0.0370547;1.35752,0.834888,1.74055
-0.55321,0.0191367,0.0351451;1.35234,0.919464,1.75738
-0.551684,0.0255262,0.0310383;1.4489,1.06429,1.68721
-0.5519,0.0259672,0.0298538;1.498,1.06856,1.64179
-0.551148,0.023904,0.0288418;1.57126,1.02523,1.58303
-0.554738,0.0275756,0.0305725;1.52299,0.796101,1.60699
-0.570566,0.0401637,0.0372713;1.40221,0.66413,1.68487
-0.574345,0.0477314,0.0367822;1.37133,0.714193,1.71386
-0.567549,0.0515791,0.0320755;1.44864,0.878067,1.67506
-0.568462,0.0539606,0.0306957;1.48565,0.907507,1.64654
-0.568915,0.0531142,0.0291298;1.53832,0.891238,1.60241
-0.568811,0.0505508,0.0288807;1.56103,0.702766,1.58184
-0.576303,0.0623294,0.033417;1.47599,0.563947,1.61938
-0.587559,0.0754222,0.0368182;1.41322,0.516203,1.65823
-0.580028,0.0786508,0.0329055;1.45471,0.681147,1.65791
-0.580219,0.0834505,0.030632;1.50181,0.745588,1.62729
-0.580832,0.0840008,0.0292065;1.53826,0.744649,1.59954
-0.58078,0.0798753,0.0286968;1.57103,0.588296,1.57642
-0.582234,0.0849063,0.0296793;1.54734,0.462897,1.58082
-0.593162,0.101705,0.0365784;1.44346,0.336472,1.61916
-0.589428,0.109284,0.0339127;1.44478,0.500797,1.6415
-0.587381,0.113369,0.0305558;1.51003,0.591256,1.61311
-0.587619,0.115559,0.0296371;1.53132,0.613029,1.6002
-0.588378,0.111619,0.0286783;1.57114,0.469132,1.57566
-0.589094,0.113182,0.029204;1.55618,0.346056,1.57732
-0.595904,0.127363,0.0353525;1.46591,0.213246,1.59583
-0.592928,0.136294,0.0335066;1.46432,0.367163,1.62028
-0.590194,0.13795,0.0313707;1.50379,0.436907,1.61265
-0.589548,0.142489,0.0313033;1.4975,0.48247,1.61321
-0.590585,0.139213,0.0287892;1.57088,0.390268,1.58094
-0.591714,0.140871,0.0289655;1.56158,0.263268,1.57331
-0.596542,0.154456,0.0347042;1.47288,0.120097,1.57909
-0.594635,0.166394,0.034078;1.45538,0.22284,1.60489
-0.590487,0.166932,0.0314045;1.50485,0.30175,1.60181
-0.588666,0.170483,0.0314756;1.49756,0.343964,1.60504
-0.590372,0.169249,0.0290719;1.55754,0.303237,1.58589
-0.591592,0.167193,0.0286773;1.56938,0.196482,1.57434
-0.591439,0.175796,0.0307105;1.53746,0.0614359,1.56754
-0.592526,0.200623,0.0351062;1.44111,0.022388,1.5789
-0.588061,0.197203,0.0328352;1.47918,0.110498,1.58935
-0.58475,0.198683,0.0311717;1.50689,0.173978,1.59163
-0.584471,0.200707,0.0291292;1.55018,0.174527,1.58079
-0.585506,0.198533,0.0287457;1.57165,0.0943602,1.57951
-0.585217,0.200955,0.0289382;1.56655,-0.022822,1.56718
-0.5843,0.230117,0.0356313;1.44376,-0.182696,1.55034
-0.580147,0.228721,0.0340624;1.45654,-0.0968402,1.56823
-0.576281,0.225682,0.0313553;1.50577,-0.0150524,1.58043
-0.572835,0.230546,0.030061;1.53001,0.0448988,1.57853
-0.574186,0.229285,0.0289167;1.55939,-0.000387222,1.57793
-0.575286,0.227837,0.0286004;1.57081,-0.0975842,1.57194
-0.571751,0.252112,0.0359073;1.44309,-0.345331,1.52869
-0.567632,0.258333,0.0355854;1.42813,-0.274171,1.53661
-0.56491,0.252028,0.0331429;1.47099,-0.181158,1.56068
-0.560122,0.254787,0.0312766;1.5044,-0.0904306,1.57151
-0.563091,0.253178,0.0292774;1.54587,-0.144388,1.57365
-0.565744,0.25111,0.0287394;1.57078,-0.232203,1.57826
-0.561914,0.267824,0.0349931;1.45713,-0.473027,1.51766
-0.556807,0.277007,0.0358216;1.42261,-0.404123,1.51781
-0.554301,0.270366,0.0332758;1.46672,-0.307441,1.54758
-0.549275,0.270969,0.0323361;1.48119,-0.210691,1.55853
-0.550404,0.271847,0.0323322;1.48536,-0.242281,1.55659
-0.553719,0.269745,0.0290667;1.55384,-0.303178,1.57295
-0.553719,0.269745,0.0290667;1.55384,-0.303178,1.57295
-0.553197,0.273482,0.0291174;1.56242,-0.42294,1.56431
-0.553197,0.273482,0.0291174;1.56242,-0.42294,1.56431
