-0.125,0.125,0.06;-1.57,-2.98023e-08,-1.57
-0.125,0.125,0.06;-1.57,-2.98023e-08,-1.57
-0.125,0.125,0.06;-1.57,-2.98023e-08,-1.57
-0.123726,0.130776,0.0286059;-1.57091,-0.226343,-1.57242
-0.12471,0.129077,0.0288021;-1.57043,-0.158783,-1.58149
-0.12556,0.123725,0.029764;-1.56264,-0.0662631,-1.58652
-0.12522,0.111065,0.0344481;-1.47894,-0.0349108,-1.58312
-0.124772,0.120068,0.028979;-1.58142,-0.176405,-1.58147
-0.124504,0.120387,0.0287376;-1.57018,-0.18951,-1.57769
-0.124422,0.120592,0.0286875;-1.57124,-0.197499,-1.57589
-0.12596,0.117409,0.0288317;-1.57418,-0.0795173,-1.57948
-0.127913,0.11221,0.0295569;-1.5709,-0.000727713,-1.58433
-0.130051,0.0947814,0.034397;-1.49426,0.082563,-1.5946
-0.130338,0.0874881,0.0310954;-1.53383,-0.00629769,-1.58528
-0.129828,0.0922608,0.0289352;-1.57691,-0.067611,-1.58206
-0.129009,0.0933622,0.0286575;-1.57019,-0.0980234,-1.57439
-0.130484,0.0911038,0.0289021;-1.57526,-0.0163621,-1.58157
-0.132476,0.0876796,0.0293197;-1.58045,0.0604968,-1.58287
-0.135206,0.0756578,0.0327507;-1.5246,0.13498,-1.59869
-0.13766,0.0588557,0.03663;-1.42852,0.132007,-1.60177
-0.138481,0.0659555,0.0323447;-1.51039,0.0578162,-1.58908
-0.137786,0.0721199,0.0288067;-1.57145,-0.0174311,-1.58088
-0.137496,0.0718062,0.028614;-1.57081,-0.0108932,-1.57237
-0.139049,0.070106,0.0286357;-1.57189,0.0668118,-1.57284
-0.141454,0.0663397,0.0295274;-1.58811,0.162651,-1.57504
-0.144748,0.0553875,0.0341554;-1.53801,0.232985,-1.57902
-0.14687,0.0520653,0.0299746;-1.54627,0.165376,-1.5723
-0.145741,0.0527136,0.0286985;-1.57442,0.0757743,-1.56848
-0.146071,0.0526207,0.0287734;-1.57734,0.0779515,-1.56765
-0.146511,0.0533099,0.0290225;-1.58291,0.115451,-1.5602
-0.153108,0.0505522,0.0377225;-1.69537,0.299589,-1.51288
-0.156869,0.0384607,0.0435807;-1.58416,0.412758,-1.54644
-0.162029,0.0273521,0.0399531;-1.5333,0.350439,-1.55851
-0.163139,0.0308021,0.0292553;-1.59501,0.236068,-1.55638
-0.163746,0.0296835,0.0289972;-1.58111,0.229926,-1.56148
-0.164771,0.0294048,0.0293143;-1.5813,0.242624,-1.55858
-0.167673,0.0350923,0.0380625;-1.70931,0.359409,-1.47787
-0.170854,0.0319028,0.0421504;-1.7588,0.483047,-1.45844
-0.177956,0.0173376,0.0451603;-1.64357,0.527175,-1.50475
-0.182175,0.0113149,0.0320816;-1.63256,0.37745,-1.5255
-0.183233,0.00816046,0.029117;-1.57931,0.354958,-1.55995
-0.184352,0.00708706,0.029172;-1.58262,0.350419,-1.55945
-0.186916,0.0102462,0.0335629;-1.63975,0.445723,-1.50619
-0.189956,0.00979118,0.0390655;-1.74723,0.544789,-1.44908
-0.196016,-0.0011519,0.0441936;-1.63862,0.674846,-1.51162
-0.204086,-0.0121025,0.0290335;-1.58398,0.513642,-1.55345
-0.203585,-0.0132189,0.0289643;-1.58432,0.482843,-1.55785
-0.205324,-0.0148529,0.0288063;-1.58029,0.478902,-1.5641
-0.206574,-0.0135435,0.0292689;-1.58848,0.576986,-1.55094
-0.211482,-0.015152,0.0314474;-1.62256,0.675681,-1.53644
-0.221203,-0.0242355,0.0374787;-1.51656,0.792309,-1.61215
-0.226092,-0.0288536,0.0289566;-1.58935,0.625574,-1.56512
-0.22437,-0.0289496,0.0285552;-1.56938,0.562261,-1.57118
-0.224809,-0.0292449,0.0286858;-1.56788,0.558703,-1.57714
-0.22766,-0.0311645,0.0288264;-1.57063,0.698594,-1.58261
-0.231749,-0.0340386,0.0301324;-1.561,0.768422,-1.59609
-0.244448,-0.0452594,0.0358644;-1.41655,0.833872,-1.70352
-0.249648,-0.0496035,0.0287507;-1.57147,0.736967,-1.57887
-0.247692,-0.0485929,0.0288992;-1.58415,0.692824,-1.5698
-0.247213,-0.0487611,0.0286792;-1.57021,0.678943,-1.57611
-0.249437,-0.0493295,0.028927;-1.57922,0.758431,-1.577
-0.253079,-0.0506414,0.029436;-1.58084,0.826771,-1.57776
-0.263842,-0.057469,0.0331452;-1.49853,0.906211,-1.65206
-0.276548,-0.065055,0.0336243;-1.43389,0.884732,-1.68686
-0.271641,-0.0599082,0.0287781;-1.57368,0.819284,-1.57767
-0.269016,-0.0594641,0.028884;-1.58444,0.760836,-1.56611
-0.269172,-0.0597442,0.0287035;-1.57079,0.769907,-1.57673
-0.271538,-0.0596145,0.028992;-1.58413,0.841084,-1.57168
-0.277914,-0.0614772,0.0301381;-1.57156,0.928381,-1.58909
-0.303088,-0.077321,0.0367801;-1.27863,1.00022,-1.82383
-0.300638,-0.0736114,0.0343463;-1.38981,0.939779,-1.72643
-0.29403,-0.0675976,0.0287958;-1.57596,0.851294,-1.57476
-0.293063,-0.0678459,0.0286691;-1.57068,0.82674,-1.57526
-0.294631,-0.0681317,0.0286845;-1.57866,0.888624,-1.56475
-0.296439,-0.0674529,0.0288939;-1.59386,0.966823,-1.55367
-0.3147,-0.0773706,0.0406246;-1.34426,1.18788,-1.77579
-0.324238,-0.0808011,0.0379323;-1.35411,1.10002,-1.76265
-0.320388,-0.0750118,0.0288408;-1.60688,1.01089,-1.53917
-0.320983,-0.0759444,0.0288308;-1.58674,0.963228,-1.55469
-0.32139,-0.0747725,0.0290173;-1.59423,1.00658,-1.54254
-0.321048,-0.0718275,0.0313607;-1.65146,1.06628,-1.47737
-0.332003,-0.0719526,0.04352;-1.81882,1.30323,-1.32007
-0.344493,-0.0759218,0.0430662;-1.61405,1.24948,-1.51185
-0.343831,-0.0731971,0.0332391;-1.75987,1.16626,-1.37449
-0.350733,-0.0761957,0.0292369;-1.60508,1.10264,-1.53182
-0.3519,-0.0748479,0.0296665;-1.62037,1.12972,-1.51347
-0.349633,-0.072322,0.0339346;-1.75775,1.15949,-1.36182
-0.354948,-0.0684426,0.0437352;-2.22807,1.33906,-0.909401
-0.368812,-0.0713499,0.0450181;-1.95969,1.35363,-1.16905
-0.375275,-0.071751,0.0352348;-1.925,1.29317,-1.19372
-0.383795,-0.0764035,0.0290473;-1.59898,1.21589,-1.53695
-0.382954,-0.0761426,0.029197;-1.61018,1.22966,-1.52057
-0.38206,-0.0751304,0.0318866;-1.73036,1.24391,-1.39335
-0.389646,-0.0728323,0.0406093;-2.20518,1.39469,-0.927768
-0.402879,-0.0726151,0.0413619;-1.89234,1.41991,-1.23118
-0.414927,-0.0731888,0.0336651;-1.47264,1.42403,-1.64396
-0.416927,-0.0738709,0.0288385;-1.61479,1.31111,-1.52746
-0.418364,-0.0734536,0.0287596;-1.5853,1.30665,-1.55534
-0.418061,-0.0728725,0.0287339;-1.59329,1.35177,-1.54656
-0.418778,-0.070938,0.029541;-1.66579,1.42858,-1.47272
-0.444671,-0.0722819,0.0363373;0.223343,1.42307,2.91921
-0.446046,-0.0708741,0.0341568;-0.384217,1.45725,-2.76129
-0.438785,-0.0688808,0.0288249;-1.64779,1.42755,-1.49929
-0.437971,-0.0695289,0.0286895;-1.57198,1.38731,-1.57494
-0.440275,-0.0694167,0.0287512;-1.57145,1.4647,-1.5783
-0.441979,-0.0683855,0.0288655;-1.66796,1.53365,-1.4836
-0.468915,-0.0675224,0.036657;0.739802,1.40864,2.3818
-0.483011,-0.0681111,0.0353061;0.556709,1.43351,2.56783
-0.473131,-0.0673557,0.0287961;-3.0312,1.56263,-0.123562
-0.471033,-0.0690483,0.0286834;-1.5704,1.5124,-1.5761
-0.472799,-0.0679907,0.0287026;1.58567,1.5519,1.55047
-0.474339,-0.0665458,0.028912;1.6306,1.48993,1.50036
-0.498274,-0.0606476,0.0359;1.19155,1.31493,1.91948
-0.515605,-0.0579373,0.035022;1.05424,1.32735,2.0682
-0.509073,-0.0591008,0.0287366;1.56948,1.40777,1.56489
-0.506561,-0.061011,0.028647;1.57089,1.48914,1.56742
-0.507921,-0.0601585,0.0286416;1.57131,1.43841,1.5674
-0.508454,-0.059129,0.0288941;1.5995,1.39848,1.53222
-0.521994,-0.0536824,0.0342177;1.33212,1.22997,1.77215
-0.534223,-0.0496962,0.0363336;1.15103,1.2018,1.95815
-0.534381,-0.0499883,0.0318691;1.34362,1.2731,1.78216
-0.529653,-0.0519886,0.0285881;1.56617,1.4203,1.5743
-0.52985,-0.0519122,0.0285944;1.57135,1.41062,1.56945
-0.530006,-0.0515848,0.0286508;1.58966,1.38782,1.55201
-0.532739,-0.0477415,0.0330395;1.70639,1.21436,1.44714
-0.542257,-0.0448038,0.0407814;1.47771,1.10358,1.65941
-0.554771,-0.0386482,0.038088;1.39738,1.12361,1.74683
-0.555443,-0.0368958,0.0290994;1.62994,1.26227,1.52143
-0.55606,-0.036749,0.0288691;1.59779,1.27476,1.55096
-0.555988,-0.0361004,0.0290197;1.59737,1.2625,1.55083
-0.551715,-0.0324597,0.0357586;1.79029,1.12069,1.40579
-0.55567,-0.027709,0.0413909;1.79317,0.992301,1.40427
-0.571135,-0.0193661,0.0450705;1.58456,0.947779,1.59156
-0.57668,-0.0116618,0.0309973;1.63148,1.0977,1.54388
-0.577857,-0.0118129,0.02939;1.61312,1.12972,1.54094
-0.578883,-0.0112243,0.0291761;1.59443,1.13001,1.55791
-0.574161,-0.010635,0.0345472;1.71736,1.04019,1.48452
-0.572271,-0.00802178,0.0402049;1.84573,0.926051,1.38948
-0.581038,-0.00163409,0.0453506;1.70673,0.808501,1.49408
-0.601395,0.0157078,0.0316009;1.63801,0.922478,1.54355
-0.603148,0.0155921,0.0296855;1.6175,0.961959,1.54387
-0.60387,0.016457,0.0289686;1.58821,0.969085,1.56237
-0.600321,0.016323,0.0311473;1.61899,0.899038,1.55983
-0.599232,0.018065,0.0362422;1.71833,0.802557,1.4926
-0.603916,0.0252638,0.0407633;1.6552,0.674204,1.52712
-0.622184,0.045375,0.0288106;1.5731,0.754416,1.57866
-0.623131,0.0450202,0.0290746;1.60515,0.802947,1.54567
-0.624582,0.0457206,0.0287238;1.57676,0.842094,1.5692
-0.62395,0.0462722,0.0288328;1.58803,0.800059,1.55831
-0.624456,0.0488918,0.0294456;1.58818,0.719166,1.5544
-0.62958,0.0556808,0.0356053;1.48699,0.620417,1.60632
-0.635196,0.0648708,0.0305857;1.51484,0.697812,1.60179
-0.633201,0.0624798,0.0286654;1.57055,0.778289,1.56604
-0.632819,0.0605518,0.0286083;1.57,0.829952,1.56951
-0.633117,0.0615281,0.0289068;1.57761,0.776458,1.55541
-0.633352,0.0640051,0.029119;1.58278,0.707208,1.55064
-0.637299,0.0715987,0.0315673;1.54463,0.625474,1.56199
-0.650741,0.0918403,0.0348652;1.42462,0.604396,1.65113
-0.645083,0.0855267,0.0287249;1.57611,0.686585,1.56078
-0.644877,0.082631,0.0287826;1.58328,0.751813,1.56161
-0.645638,0.0844011,0.0286433;1.57087,0.690083,1.56766
-0.645285,0.086455,0.0289287;1.57721,0.623956,1.55576
-0.646477,0.0906494,0.0298613;1.57305,0.548795,1.55164
-0.660277,0.119776,0.0364183;1.40891,0.442601,1.6349
-0.659177,0.116559,0.0321362;1.49309,0.483838,1.60146
-0.656788,0.111544,0.0288403;1.57773,0.562983,1.56051
-0.657211,0.110581,0.0286809;1.57075,0.582524,1.56613
-0.657386,0.111458,0.0287841;1.57067,0.53717,1.56133
-0.657279,0.113459,0.0288919;1.57452,0.466816,1.55734
-0.664532,0.133077,0.0364559;1.42672,0.290905,1.60092
-0.667553,0.140563,0.0339267;1.46887,0.32062,1.59537
-0.663912,0.135166,0.0289229;1.5834,0.416917,1.55946
-0.665153,0.134491,0.028628;1.57337,0.507155,1.56951
-0.664583,0.134671,0.0287019;1.57727,0.471482,1.56795
-0.663269,0.133781,0.0290996;1.58586,0.420737,1.57393
-0.662613,0.140195,0.0398843;1.60815,0.209648,1.56629
-0.665608,0.155584,0.0407438;1.56746,0.22579,1.58858
-0.666853,0.163706,0.0292196;1.58154,0.280747,1.58358
-0.668198,0.165423,0.0289905;1.5844,0.366519,1.57301
-0.667506,0.165609,0.0291841;1.58472,0.356013,1.57506
-0.665906,0.164037,0.0314224;1.60451,0.332213,1.58762
-0.665906,0.164037,0.0314224;1.60451,0.332213,1.58762
-0.663162,0.162627,0.0370177;1.68026,0.243674,1.58157
-0.663162,0.162627,0.0370177;1.68026,0.243674,1.58157
