-0.125,0.125,0.06;-1.57,-2.98023e-08,-1.57
-0.125,0.125,0.06;-1.57,-2.98023e-08,-1.57
-0.125,0.125,0.06;-1.57,-2.98023e-08,-1.57
-0.124198,0.125826,0.0286332;-1.57034,-0.21305,-1.56718
-0.124177,0.12678,0.0288741;-1.57089,-0.192056,-1.55666
-0.124064,0.129265,0.0298849;-1.56687,-0.135102,-1.55051
-0.126559,0.116786,0.034502;-1.49925,-0.0370397,-1.54387
-0.126439,0.109853,0.0288415;-1.57098,-0.103078,-1.55806
-0.126691,0.108876,0.0286678;-1.57085,-0.14972,-1.56655
-0.126735,0.108547,0.0286687;-1.57064,-0.160785,-1.56664
-0.126377,0.110601,0.0289302;-1.57087,-0.111332,-1.55383
-0.126624,0.113397,0.0301404;-1.56839,-0.0724731,-1.54594
-0.127422,0.112517,0.0326133;-1.58403,-0.0224177,-1.5419
-0.12686,0.107826,0.0309709;-1.5702,-0.107854,-1.53281
-0.127485,0.105931,0.0290439;-1.57313,-0.136599,-1.55415
-0.127704,0.104541,0.0287556;-1.5659,-0.157298,-1.56646
-0.127867,0.105379,0.028823;-1.57121,-0.113608,-1.55903
-0.127654,0.106016,0.0292853;-1.55773,-0.0829512,-1.5599
-0.126918,0.105218,0.0331043;-1.49307,-0.0199152,-1.55749
-0.127606,0.10644,0.0378067;-1.41661,-0.0768796,-1.53973
-0.126448,0.111707,0.034127;-1.46427,-0.154979,-1.54224
-0.126438,0.114158,0.0288891;-1.57205,-0.196451,-1.55605
-0.126774,0.112743,0.0287104;-1.56952,-0.220861,-1.56523
-0.127358,0.113466,0.028869;-1.57131,-0.168969,-1.55703
-0.12988,0.112432,0.0303566;-1.57456,-0.0830192,-1.54821
-0.133951,0.0991675,0.0325203;-1.55162,0.00674211,-1.54736
-0.136634,0.0850106,0.0331409;-1.49486,-0.0202267,-1.54846
-0.137972,0.0835367,0.0288571;-1.56383,-0.0917223,-1.56376
-0.138135,0.0834155,0.0287828;-1.56437,-0.0904128,-1.56685
-0.137976,0.0840108,0.028752;-1.57104,-0.0721049,-1.56253
-0.136976,0.0876475,0.0306547;-1.56859,0.0207112,-1.54465
-0.138723,0.083968,0.0351451;-1.55139,0.0841385,-1.54629
-0.142688,0.0787227,0.0348306;-1.49987,0.0469755,-1.5333
-0.145184,0.0732742,0.0288551;-1.56939,-0.0217081,-1.5591
-0.145814,0.0725053,0.0286791;-1.571,-0.0415729,-1.56594
-0.145861,0.0726333,0.0286889;-1.57087,-0.0372019,-1.56557
-0.144713,0.0758397,0.029907;-1.54529,0.0148056,-1.56282
-0.143005,0.0781734,0.0353696;-1.45596,0.0627399,-1.57038
-0.142776,0.0818823,0.037178;-1.43177,0.015023,-1.55723
-0.140448,0.0911623,0.0288435;-1.57066,-0.122301,-1.55767
-0.141055,0.0898425,0.0288444;-1.56151,-0.149445,-1.56586
-0.141476,0.0891941,0.0287672;-1.56503,-0.150848,-1.56664
-0.141984,0.0909227,0.0291819;-1.57002,-0.0496417,-1.55729
-0.143957,0.0854055,0.0311238;-1.5413,0.0760617,-1.55619
-0.143234,0.0680151,0.0381025;-1.42216,0.138677,-1.56968
-0.147861,0.0636948,0.0309349;-1.529,-0.0117031,-1.5541
-0.148141,0.0638494,0.0288926;-1.56705,-0.0516545,-1.55941
-0.148658,0.0632621,0.0286973;-1.56758,-0.06355,-1.56816
-0.148639,0.065479,0.0289853;-1.57452,0.00252968,-1.5589
-0.150367,0.0674583,0.0305743;-1.57791,0.0804076,-1.54942
-0.1543,0.0651622,0.0329003;-1.57652,0.16229,-1.54296
-0.163992,0.0455671,0.0326776;-1.5201,0.0964835,-1.54315
-0.16533,0.042089,0.0291606;-1.5658,0.0510643,-1.55427
-0.16638,0.0399034,0.0288328;-1.56818,0.00782313,-1.56122
-0.166116,0.0412548,0.0287208;-1.57102,0.0445587,-1.56396
-0.164449,0.0444743,0.0295751;-1.55237,0.0939062,-1.56764
-0.162342,0.0480997,0.0336977;-1.5037,0.158786,-1.57333
-0.161657,0.0533254,0.0321842;-1.53396,-0.00205138,-1.53773
-0.162779,0.0509012,0.0293419;-1.56974,-0.051562,-1.5493
-0.163693,0.0484005,0.0290492;-1.55497,-0.0785102,-1.56264
-0.163384,0.0499711,0.0287217;-1.57113,-0.0229625,-1.56402
-0.163477,0.0495903,0.0289648;-1.56677,0.0572427,-1.56789
-0.162099,0.0409034,0.0336908;-1.48385,0.154467,-1.58137
-0.16489,0.0384228,0.0360518;-1.43755,0.0778922,-1.56448
-0.164306,0.042945,0.0317108;-1.51477,0.00567347,-1.55813
-0.164886,0.0427626,0.0289454;-1.56754,-0.0513294,-1.55643
-0.164972,0.0426396,0.0287252;-1.57091,-0.0595029,-1.56379
-0.165478,0.0432581,0.0288555;-1.57306,-0.00881528,-1.55966
-0.168557,0.0419136,0.0305092;-1.57662,0.088003,-1.55048
-0.178883,0.00714305,0.0379369;-1.43101,0.264162,-1.5872
-0.181297,-0.000906052,0.0349668;-1.45786,0.233876,-1.58227
-0.182612,-0.00105839,0.0301802;-1.5532,0.207788,-1.55361
-0.184549,-0.0027541,0.0286816;-1.57055,0.139312,-1.56596
-0.183719,-0.00176077,0.0288456;-1.57129,0.172014,-1.55787
-0.182804,-6.8276e-05,0.0289377;-1.56568,0.204336,-1.56232
-0.182236,0.000932323,0.0356269;-1.52655,0.346926,-1.56637
-0.185709,-0.00371118,0.0370423;-1.47062,0.304817,-1.56965
-0.190122,-0.00544943,0.0332795;-1.50995,0.264663,-1.55481
-0.194193,-0.0106694,0.0289694;-1.55991,0.18014,-1.56465
-0.193767,-0.00983374,0.0287627;-1.57097,0.211814,-1.56175
-0.192977,-0.00853262,0.0286514;-1.57086,0.282569,-1.56739
-0.189433,-0.00671575,0.036953;-1.43552,0.375,-1.61443
-0.19087,-0.00354219,0.0379013;-1.421,0.280566,-1.59945
-0.191187,0.00478607,0.0344295;-1.46961,0.176925,-1.56809
-0.192221,0.00341157,0.0291356;-1.55179,0.07071,-1.56421
-0.191109,0.00500963,0.0287735;-1.57155,0.133218,-1.5615
-0.192321,0.00603777,0.0288351;-1.57633,0.211824,-1.56243
-0.201604,-0.0141734,0.0345336;-1.48208,0.472892,-1.60744
-0.206914,-0.0270867,0.0367593;-1.44038,0.436594,-1.60792
-0.210715,-0.02666,0.0333296;-1.48925,0.39404,-1.57926
-0.215874,-0.030106,0.02912;-1.5523,0.273218,-1.56742
-0.21495,-0.0292199,0.0287506;-1.57136,0.30317,-1.56202
-0.214736,-0.0287974,0.0288233;-1.57427,0.310492,-1.56114
-0.214864,-0.0283758,0.0315328;-1.57126,0.459105,-1.55702
-0.218411,-0.0308955,0.0332767;-1.5319,0.437896,-1.5637
-0.222283,-0.0329949,0.0325635;-1.52982,0.446933,-1.55938
-0.230402,-0.0403688,0.0291985;-1.5572,0.354582,-1.55832
-0.231088,-0.0409245,0.0287496;-1.56983,0.340708,-1.56395
-0.230487,-0.0403094,0.0287712;-1.57111,0.364956,-1.56136
-0.228693,-0.0387079,0.0293336;-1.55305,0.403548,-1.57153
-0.222572,-0.0318038,0.0372597;-1.43885,0.44279,-1.61604
-0.220187,-0.0252605,0.0360126;-1.45209,0.343335,-1.59326
-0.219151,-0.0202777,0.0327153;-1.51629,0.272464,-1.55322
-0.225035,-0.0263148,0.0291656;-1.55087,0.202519,-1.56589
-0.223192,-0.024873,0.0287932;-1.57082,0.253475,-1.56062
-0.222853,-0.023601,0.0287645;-1.57222,0.336436,-1.56262
-0.228243,-0.0388963,0.0373652;-1.42585,0.535213,-1.63284
-0.23322,-0.0437696,0.0376865;-1.40887,0.458976,-1.62631
-0.234293,-0.0374196,0.0345709;-1.45259,0.363345,-1.59522
-0.238556,-0.0397783,0.0295269;-1.54292,0.254587,-1.56931
-0.236736,-0.0388957,0.0289406;-1.56287,0.293841,-1.5634
-0.23609,-0.0373515,0.0287891;-1.57267,0.352157,-1.56155
-0.244009,-0.040832,0.0331538;-1.53625,0.588415,-1.57544
-0.254164,-0.0508545,0.0356394;-1.47095,0.567008,-1.60205
-0.260444,-0.0528055,0.0326328;-1.50155,0.514245,-1.58093
-0.270044,-0.0581137,0.0299285;-1.54422,0.3868,-1.56242
-0.270409,-0.0584595,0.0291463;-1.55424,0.384922,-1.56498
-0.268984,-0.0574843,0.0287796;-1.5708,0.415493,-1.56112
-0.261242,-0.0510121,0.0329886;-1.5181,0.544702,-1.59263
-0.260553,-0.0505498,0.0345076;-1.49813,0.521747,-1.5901
-0.261425,-0.0498906,0.033265;-1.49657,0.453599,-1.57881
-0.269863,-0.052871,0.0312801;-1.51112,0.35971,-1.5754
-0.271413,-0.0549269,0.030288;-1.53311,0.339123,-1.56828
-0.269122,-0.0540296,0.0289676;-1.56735,0.378848,-1.5567
-0.266028,-0.0560736,0.0311904;-1.52134,0.537071,-1.59673
-0.26544,-0.0587033,0.0372332;-1.40889,0.573478,-1.65564
-0.266737,-0.0555037,0.0365596;-1.41759,0.496632,-1.63525
-0.267057,-0.0459272,0.0311696;-1.52026,0.34211,-1.56645
-0.270018,-0.0491769,0.031387;-1.50383,0.302477,-1.58063
-0.268249,-0.0486265,0.0292488;-1.5488,0.323969,-1.56986
-0.268324,-0.0465782,0.0292416;-1.57455,0.475263,-1.56264
-0.278575,-0.0549783,0.0315073;-1.54099,0.62631,-1.58491
-0.292054,-0.0731407,0.0363433;-1.42973,0.700131,-1.65059
-0.303051,-0.0792966,0.0321179;-1.49655,0.62542,-1.59296
-0.307674,-0.0802211,0.0295427;-1.54225,0.551938,-1.57079
-0.308766,-0.0813423,0.0293268;-1.54395,0.544171,-1.57548
-0.305841,-0.0796765,0.0287241;-1.571,0.621955,-1.56356
-0.303723,-0.0773731,0.0299725;-1.57145,0.707763,-1.55898
-0.306951,-0.0793708,0.0334833;-1.52948,0.794182,-1.58468
-0.318454,-0.0818288,0.0318964;-1.50482,0.705479,-1.58615
-0.323489,-0.0822974,0.0311806;-1.51406,0.657465,-1.58326
-0.327777,-0.0842154,0.0303918;-1.52911,0.615785,-1.57618
-0.321767,-0.0836756,0.0287822;-1.57022,0.714999,-1.5617
-0.319119,-0.083391,0.0302194;-1.53167,0.758578,-1.59601
-0.317143,-0.0829133,0.035977;-1.40882,0.793658,-1.68681
-0.310408,-0.0703736,0.0328352;-1.48247,0.600426,-1.60254
-0.311672,-0.0688076,0.0306426;-1.52763,0.537935,-1.57092
-0.317264,-0.0714666,0.0323054;-1.47804,0.485324,-1.60327
-0.312993,-0.0711053,0.0290043;-1.5644,0.569779,-1.5596
-0.31552,-0.0732831,0.0292654;-1.57206,0.688024,-1.56957
-0.325497,-0.0854445,0.0332441;-1.46262,0.83384,-1.6585
-0.338655,-0.0957913,0.0328004;-1.45185,0.757928,-1.64061
-0.342304,-0.0937325,0.0304392;-1.52857,0.690078,-1.57828
-0.347532,-0.0942039,0.0308704;-1.50495,0.63606,-1.5968
-0.345601,-0.0951057,0.0290227;-1.5632,0.658063,-1.56028
-0.343516,-0.0945551,0.0287718;-1.56789,0.714867,-1.56563
-0.343129,-0.0940425,0.030012;-1.58074,0.812224,-1.55929
-0.359409,-0.0995588,0.0329013;-1.49561,0.8914,-1.61262
-0.365485,-0.0995741,0.0306233;-1.52017,0.843638,-1.59144
-0.369714,-0.0995977,0.0297119;-1.54123,0.794572,-1.57293
-0.371729,-0.100693,0.029182;-1.54738,0.773781,-1.57476
-0.369949,-0.100529,0.028917;-1.56367,0.80425,-1.56486
-0.367224,-0.100281,0.0289634;-1.56469,0.846823,-1.57601
-0.362542,-0.097526,0.0346129;-1.43518,0.877729,-1.67113
-0.359029,-0.0935563,0.0327157;-1.46025,0.778453,-1.63857
-0.359812,-0.0914881,0.0305399;-1.52696,0.724729,-1.57968
-0.366296,-0.0932128,0.0313362;-1.49674,0.669454,-1.60249
-0.362834,-0.0929157,0.0291072;-1.55659,0.714373,-1.56564
-0.360397,-0.0933678,0.0288601;-1.56172,0.811939,-1.57029
-0.36506,-0.102531,0.0363766;-1.36206,0.94942,-1.73996
-0.368198,-0.100353,0.0355825;-1.37125,0.868074,-1.71672
-0.365443,-0.0944706,0.0326281;-1.45799,0.786275,-1.63868
-0.370059,-0.0934435,0.0324147;-1.46046,0.698662,-1.63165
-0.367749,-0.094332,0.0324703;-1.4609,0.733142,-1.63497
-0.362005,-0.0933915,0.029059;-1.56508,0.797001,-1.5607
-0.375206,-0.0962503,0.0314259;-1.54431,1.04686,-1.59255
-0.390372,-0.103281,0.0339959;-1.43752,1.02305,-1.67435
-0.396547,-0.103411,0.0307525;-1.50075,0.976993,-1.61514
-0.403525,-0.102358,0.0301117;-1.51757,0.883205,-1.59585
-0.402443,-0.103706,0.0305102;-1.52057,0.901791,-1.58986
-0.399474,-0.103808,0.0290836;-1.54668,0.929519,-1.58028
-0.399474,-0.103808,0.0290836;-1.54668,0.929519,-1.58028
-0.395837,-0.103482,0.0291289;-1.56321,0.985086,-1.57741
-0.395837,-0.103482,0.0291289;-1.56321,0.985086,-1.57741
