-0.125,0.125,0.06;-1.57,-2.98023e-08,-1.57
-0.125,0.125,0.06;-1.57,-2.98023e-08,-1.57
-0.125,0.125,0.06;-1.57,-2.98023e-08,-1.57
-0.126465,0.120989,0.0284862;-1.57154,-0.253322,-1.5702
-0.125344,0.121853,0.0285805;-1.57108,-0.177045,-1.57045
-0.123958,0.126623,0.0290181;-1.58554,-0.0370017,-1.57024
-0.124647,0.137478,0.0337512;-1.67695,0.0462687,-1.57079
-0.123987,0.139095,0.028653;-1.57015,-0.154269,-1.57373
-0.124342,0.140595,0.0286448;-1.57071,-0.239245,-1.57381
-0.124245,0.140288,0.0287469;-1.57028,-0.23608,-1.57841
-0.121188,0.133063,0.0307768;-1.56358,-0.0903547,-1.60902
-0.116832,0.127663,0.0347508;-1.50072,0.0321617,-1.61974
-0.110923,0.124545,0.0385879;-1.42279,0.188157,-1.62533
-0.109407,0.152836,0.0303585;-1.57811,0.160659,-1.60299
-0.108713,0.159559,0.0288126;-1.57048,0.0756421,-1.5819
-0.109245,0.161353,0.0285502;-1.57202,-0.0465002,-1.57092
-0.109441,0.160192,0.0285787;-1.57062,-0.037057,-1.57094
-0.110007,0.158555,0.0287284;-1.5749,0.0340101,-1.57373
-0.110276,0.157409,0.0308733;-1.61601,0.119683,-1.5718
-0.10688,0.170365,0.0366116;-1.72661,0.179452,-1.55288
-0.105672,0.172085,0.0314143;-1.63467,0.136756,-1.56555
-0.105327,0.172265,0.0287609;-1.57159,0.0514951,-1.58057
-0.106391,0.173012,0.0288464;-1.57056,-0.0272018,-1.58347
-0.106623,0.167214,0.0304676;-1.56306,0.0349749,-1.60723
-0.106594,0.159833,0.0354221;-1.50671,0.112898,-1.63636
-0.105464,0.155017,0.0374498;-1.45996,0.175616,-1.64568
-0.104729,0.163913,0.032897;-1.52878,0.140065,-1.62008
-0.104897,0.173403,0.0285945;-1.57076,-0.0240145,-1.57144
-0.105122,0.173389,0.0285797;-1.57085,-0.035817,-1.57076
-0.10423,0.172914,0.0285587;-1.56987,0.0406788,-1.57073
-0.10199,0.170479,0.0295252;-1.59466,0.241351,-1.56936
-0.0954535,0.178893,0.034921;-1.68859,0.320623,-1.54386
-0.0905796,0.192067,0.0372528;-1.7539,0.31358,-1.51867
-0.0904626,0.189723,0.0285832;-1.57083,0.249978,-1.57091
-0.0903703,0.19036,0.0286495;-1.56929,0.202956,-1.57327
-0.0906109,0.189311,0.0287529;-1.57059,0.219787,-1.57911
-0.0923431,0.178619,0.0334288;-1.53369,0.345266,-1.63678
-0.0926633,0.168707,0.038869;-1.41614,0.438367,-1.68635
-0.0934177,0.166298,0.0405577;-1.36665,0.43314,-1.69833
-0.089117,0.182693,0.0300111;-1.56343,0.292054,-1.60462
-0.0885831,0.18799,0.0288203;-1.57101,0.208806,-1.58162
-0.0892173,0.18881,0.0287109;-1.57049,0.161389,-1.57721
-0.090604,0.185974,0.0286657;-1.57123,0.272435,-1.57426
-0.0914597,0.18425,0.0303561;-1.61465,0.349453,-1.55905
-0.0900114,0.182544,0.0372005;-1.71907,0.37404,-1.51988
-0.0922597,0.180343,0.0286324;-1.56787,0.246304,-1.57673
-0.0917023,0.18187,0.02866;-1.57103,0.204762,-1.57471
-0.0912816,0.182157,0.0286974;-1.57065,0.198232,-1.57638
-0.0906886,0.174116,0.0310456;-1.56036,0.348807,-1.61911
-0.0887842,0.166579,0.0347375;-1.52071,0.439945,-1.65415
-0.0875329,0.157881,0.0418875;-1.50908,0.528239,-1.65566
-0.0883912,0.15653,0.0377909;-1.43923,0.341794,-1.66822
-0.0864055,0.163288,0.0329715;-1.52196,0.281344,-1.63009
-0.0859452,0.170373,0.0293945;-1.56138,0.208217,-1.59211
-0.0880823,0.167818,0.0309496;-1.56054,0.26007,-1.61663
-0.0909523,0.162873,0.0315754;-1.57427,0.331368,-1.60806
-0.094836,0.157001,0.0369363;-1.66105,0.408462,-1.57147
-0.0951842,0.16742,0.0289748;-1.57534,0.293787,-1.58355
-0.0954606,0.169876,0.0289605;-1.56804,0.19911,-1.587
-0.095033,0.171693,0.0287347;-1.57034,0.125386,-1.57861
-0.0957205,0.165067,0.0299122;-1.56517,0.193836,-1.60136
-0.0934617,0.160204,0.0342787;-1.52525,0.305475,-1.64257
-0.0903287,0.158663,0.0393897;-1.44768,0.454088,-1.67728
-0.0800253,0.171061,0.0398484;-1.51144,0.460741,-1.67756
-0.0779458,0.171522,0.0369385;-1.48813,0.375375,-1.67726
-0.0777533,0.176208,0.0337428;-1.54318,0.314751,-1.64572
-0.0801633,0.18127,0.0320076;-1.56035,0.249999,-1.62507
-0.0796318,0.179333,0.0322146;-1.55022,0.314435,-1.62982
-0.0752191,0.17985,0.0348204;-1.50501,0.465012,-1.64632
-0.0638026,0.203326,0.0382219;-1.74067,0.612117,-1.51262
-0.0603574,0.208897,0.0354145;-1.7043,0.535171,-1.52194
-0.0598393,0.207347,0.0288133;-1.56982,0.413937,-1.58437
-0.0601501,0.209325,0.0286919;-1.57063,0.301573,-1.57621
-0.0607379,0.206662,0.0290414;-1.56824,0.385474,-1.59039
-0.060161,0.199862,0.0326325;-1.53596,0.496231,-1.63692
-0.0476465,0.192476,0.0440673;-1.2165,0.78238,-1.82319
-0.0437261,0.195179,0.0451641;-1.32418,0.706139,-1.77232
-0.0404755,0.199491,0.0394565;-1.39421,0.614474,-1.73272
-0.0393166,0.208711,0.0333004;-1.54948,0.473028,-1.64262
-0.0410292,0.208322,0.0359137;-1.52146,0.501371,-1.67854
-0.0411966,0.205023,0.0369181;-1.48138,0.556953,-1.69179
-0.0391429,0.19313,0.0450056;-1.12149,0.799843,-1.88663
-0.0406498,0.194658,0.044849;-1.16881,0.718213,-1.85441
-0.0383345,0.206472,0.0387307;-1.37935,0.641288,-1.73373
-0.032181,0.221967,0.0288079;-1.56846,0.450707,-1.58065
-0.0344746,0.219115,0.0289856;-1.56824,0.490331,-1.58912
-0.0381317,0.215003,0.0308749;-1.55909,0.542187,-1.61453
-0.0377243,0.194515,0.0418263;-1.27684,0.773506,-1.81459
-0.0350812,0.192853,0.044996;-1.11712,0.770395,-1.90122
-0.0285996,0.199581,0.0439331;-1.19143,0.761628,-1.87049
-0.0166354,0.21691,0.0338584;-1.53771,0.655654,-1.65563
-0.0210468,0.215125,0.0353073;-1.52816,0.645788,-1.67524
-0.0232724,0.214744,0.0351759;-1.51638,0.612806,-1.67185
-0.0324292,0.209615,0.0409228;-1.37761,0.704821,-1.76727
-0.032327,0.208286,0.0418627;-1.29857,0.696769,-1.79217
-0.0280169,0.214253,0.0390001;-1.3812,0.702261,-1.74663
-0.0196933,0.229559,0.0288067;-1.56862,0.549658,-1.58096
-0.0193558,0.230116,0.0286323;-1.57308,0.500337,-1.57056
-0.0198009,0.228346,0.0289464;-1.56719,0.550031,-1.58742
-0.0207884,0.222844,0.0309304;-1.5491,0.659015,-1.61936
-0.0194436,0.209273,0.0401298;-1.3216,0.831313,-1.80604
-0.0169217,0.211693,0.0408888;-1.30087,0.791914,-1.81243
-0.00857116,0.221291,0.0347621;-1.49537,0.744477,-1.68313
-0.00395148,0.224245,0.0318048;-1.54517,0.685412,-1.63166
-0.00690946,0.222866,0.0341309;-1.54111,0.704574,-1.66232
-0.00789167,0.22296,0.0345189;-1.5295,0.721867,-1.67114
-0.0123054,0.214611,0.0406394;-1.29963,0.87074,-1.83057
-0.0106541,0.214515,0.0417265;-1.22069,0.852956,-1.87137
-0.00306456,0.226418,0.0359131;-1.42967,0.79623,-1.72197
0.00523906,0.23778,0.0288911;-1.5636,0.65916,-1.58439
0.00367156,0.23696,0.0289386;-1.5657,0.675245,-1.58708
0.000534441,0.234005,0.0302223;-1.55758,0.720443,-1.60828
-0.00518853,0.219999,0.0387149;-1.34891,0.915278,-1.80267
-0.00409718,0.219307,0.0410669;-1.2658,0.88721,-1.85211
0.00308417,0.228712,0.0367652;-1.43302,0.829738,-1.73176
0.0122392,0.238686,0.029305;-1.5565,0.720098,-1.59617
0.010803,0.237035,0.0303645;-1.55384,0.742574,-1.60832
0.00891546,0.234237,0.0318632;-1.54209,0.769767,-1.63946
-0.000802394,0.225936,0.0373427;-1.44065,0.883299,-1.73572
-0.0027089,0.222322,0.0393902;-1.35029,0.872176,-1.79978
-0.000249272,0.227028,0.0392127;-1.37152,0.818695,-1.77791
0.00950476,0.235074,0.032382;-1.53894,0.739605,-1.64086
0.00985554,0.240019,0.0293592;-1.55638,0.681799,-1.59397
0.0074205,0.239749,0.0297155;-1.5599,0.686546,-1.60022
0.00160589,0.233347,0.0342034;-1.5302,0.899942,-1.67049
0.00412383,0.229182,0.0393895;-1.57208,0.954415,-1.64878
0.0139064,0.227617,0.0408052;-1.52445,0.908957,-1.69186
0.0213808,0.224011,0.034138;-1.52503,0.832099,-1.67711
0.0229946,0.224685,0.0342042;-1.53124,0.809224,-1.66917
0.0220256,0.224812,0.0349682;-1.53159,0.814054,-1.67685
0.0175615,0.2223,0.0370742;-1.4542,0.940071,-1.75322
0.0120745,0.223509,0.0399321;-1.44669,1.02885,-1.76382
0.014121,0.223074,0.0437233;-1.48418,1.02549,-1.73542
0.0241981,0.232137,0.0321644;-1.52918,0.843468,-1.6545
0.0256955,0.235072,0.0300484;-1.55011,0.781695,-1.60861
0.0261328,0.236962,0.0288528;-1.56136,0.755883,-1.58716
0.0214172,0.23478,0.029842;-1.56526,0.858921,-1.60025
0.0168704,0.233796,0.0323101;-1.55787,0.995085,-1.62458
0.0168695,0.233301,0.0371256;-1.64391,1.08922,-1.56935
0.0402893,0.236893,0.032254;-1.53203,0.987494,-1.65393
0.0433449,0.236216,0.0308366;-1.53811,0.934986,-1.63283
0.0428429,0.234058,0.0311117;-1.53222,0.925387,-1.63455
0.0371715,0.224577,0.035754;-1.46575,1.05396,-1.74577
0.035139,0.223708,0.038048;-1.34326,1.16159,-1.86818
0.0363263,0.229005,0.0415931;-1.31929,1.30553,-1.8916
0.0540917,0.239049,0.0373924;-1.33959,1.22416,-1.87302
0.0575268,0.240102,0.0342728;-1.46724,1.1814,-1.73573
0.0593447,0.241497,0.0336389;-1.48923,1.14714,-1.70428
0.0576589,0.249381,0.0323159;-1.53512,1.09512,-1.65212
0.0516021,0.250689,0.0341715;-1.53195,1.15996,-1.67375
0.0457471,0.249361,0.0368503;-1.5846,1.24439,-1.6368
0.0669405,0.251275,0.0346127;-1.50457,1.23347,-1.70475
0.0731109,0.251199,0.0326977;-1.4971,1.17689,-1.69145
0.0728264,0.249023,0.0325922;-1.49066,1.14173,-1.69117
0.0679359,0.242592,0.0342454;-1.47121,1.1869,-1.73169
0.0659014,0.24201,0.0353326;-1.44429,1.19598,-1.77154
0.0625167,0.240397,0.0384092;-1.32139,1.27569,-1.89448
0.0667907,0.240302,0.0427115;-1.17333,1.26052,-2.02678
0.0700503,0.242782,0.0349684;-1.46122,1.17441,-1.74932
0.0709069,0.244009,0.0335857;-1.49651,1.11896,-1.69963
0.0706274,0.250424,0.0289733;-1.55877,1.02943,-1.59363
0.0670614,0.251303,0.0295559;-1.55622,1.04747,-1.60507
0.0624701,0.248618,0.0316323;-1.52586,1.12548,-1.64841
0.0655675,0.237258,0.0351473;-1.33289,1.26444,-1.84571
0.0766664,0.238751,0.033018;-1.44023,1.26189,-1.74147
0.0867611,0.242178,0.0293472;-1.55065,1.18666,-1.61033
0.0888715,0.243352,0.0289369;-1.55657,1.1327,-1.59571
0.0846802,0.241002,0.0308131;-1.5421,1.18273,-1.63345
0.0798374,0.235745,0.035306;-1.4586,1.25704,-1.7546
0.0721137,0.223227,0.0423093;-0.731044,1.34011,-2.47042
0.0744374,0.223178,0.0433909;-0.730587,1.3005,-2.45765
0.0848793,0.226481,0.0388165;-1.16139,1.31397,-2.05105
0.0942864,0.229346,0.0339264;-1.49917,1.23034,-1.70402
0.0913218,0.233446,0.0359026;-1.48849,1.21706,-1.73667
0.0909134,0.236867,0.0342978;-1.50416,1.19526,-1.70266
0.0846557,0.229524,0.0377727;-1.21447,1.33692,-1.99119
0.0854499,0.228129,0.038698;-1.08653,1.30811,-2.09808
0.0961415,0.232074,0.0338716;-1.47909,1.26929,-1.72273
0.104735,0.232994,0.0294076;-1.54761,1.18034,-1.6089
0.100512,0.231274,0.0315818;-1.51543,1.22199,-1.66296
0.0964621,0.228067,0.0347095;-1.46996,1.26802,-1.74071
0.0964621,0.228067,0.0347095;-1.46996,1.26802,-1.74071
0.0931133,0.22421,0.0379744;-1.32923,1.32664,-1.9015
0.0931133,0.22421,0.0379744;-1.32923,1.32664,-1.9015
