-0.125,0.125,0.06;-1.57,-2.98023e-08,-1.57
-0.125,0.125,0.06;-1.57,-2.98023e-08,-1.57
-0.125,0.125,0.06;-1.57,-2.98023e-08,-1.57
-0.125756,0.121578,0.0285413;-1.57194,-0.238931,-1.57059
-0.124927,0.120594,0.0285805;-1.57085,-0.188611,-1.57081
-0.122632,0.11959,0.0290985;-1.57812,-0.0792555,-1.57324
-0.117984,0.122223,0.0340166;-1.64294,0.0185052,-1.57544
-0.120096,0.125943,0.0289156;-1.56832,-0.108022,-1.58426
-0.120288,0.127223,0.0287581;-1.57064,-0.140934,-1.57912
-0.120345,0.127269,0.0288121;-1.56772,-0.146846,-1.57853
-0.118904,0.121214,0.029753;-1.56436,-0.055718,-1.59721
-0.115798,0.113231,0.0304906;-1.56851,0.0170958,-1.59435
-0.109448,0.106835,0.035399;-1.63905,0.071655,-1.58655
-0.112388,0.109189,0.0334358;-1.64997,-0.035432,-1.57778
-0.11467,0.104497,0.0287491;-1.56888,-0.109199,-1.58222
-0.115302,0.105892,0.0285981;-1.57184,-0.191698,-1.56985
-0.11451,0.104206,0.0287221;-1.57064,-0.111906,-1.57743
-0.110085,0.101629,0.0305225;-1.55557,-0.00758363,-1.59587
-0.103783,0.103681,0.0306709;-1.5613,0.104684,-1.58426
-0.0954083,0.131017,0.0409204;-1.71954,0.17839,-1.58373
-0.0930936,0.140443,0.0368811;-1.64151,0.129476,-1.60478
-0.0918238,0.143085,0.030223;-1.56394,0.0793852,-1.60449
-0.0923415,0.146157,0.0290189;-1.56378,0.0520705,-1.58518
-0.092322,0.144295,0.0290544;-1.56737,0.0835737,-1.589
-0.091443,0.138287,0.029944;-1.5711,0.164657,-1.5856
-0.0903689,0.133003,0.0328835;-1.61807,0.193109,-1.57265
-0.0932044,0.134697,0.0318124;-1.61588,0.107406,-1.57417
-0.0952756,0.135884,0.0286433;-1.57337,-0.0660829,-1.57042
-0.0952778,0.136116,0.0286049;-1.57096,-0.047084,-1.5694
-0.0949717,0.134681,0.0288808;-1.56885,0.0176864,-1.58339
-0.0830411,0.13279,0.0312935;-1.55667,0.270422,-1.59762
-0.0742397,0.146631,0.0400409;-1.67857,0.38296,-1.58019
-0.0683123,0.164831,0.0413013;-1.71845,0.343144,-1.57787
-0.0659,0.171303,0.0297883;-1.56698,0.229939,-1.59518
-0.0660554,0.173902,0.0287487;-1.57013,0.17952,-1.57833
-0.065933,0.173087,0.0287218;-1.57072,0.212288,-1.57751
-0.0644725,0.170597,0.0294887;-1.57387,0.338718,-1.57545
-0.060368,0.171721,0.033527;-1.62377,0.437765,-1.56029
-0.0561217,0.178462,0.0410057;-1.77256,0.431253,-1.50659
-0.0612754,0.17655,0.0288169;-1.57125,0.266526,-1.58325
-0.060833,0.177382,0.0286726;-1.57306,0.198842,-1.56752
-0.0607196,0.177488,0.0286138;-1.57098,0.20365,-1.56911
-0.0582071,0.173637,0.02985;-1.56516,0.40486,-1.59599
-0.0520888,0.177495,0.0338712;-1.57548,0.563944,-1.60863
-0.0450441,0.189457,0.0429908;-1.75154,0.668504,-1.52747
-0.0381373,0.193968,0.030962;-1.57234,0.479111,-1.61159
-0.0378814,0.196895,0.028805;-1.57021,0.409719,-1.58134
-0.0371032,0.197507,0.0285605;-1.57089,0.373591,-1.56987
-0.0368035,0.194772,0.028743;-1.57014,0.535614,-1.57849
-0.035487,0.192278,0.0298144;-1.5681,0.620134,-1.58569
-0.0295882,0.192907,0.0357356;-1.64376,0.720406,-1.54677
-0.0302798,0.199682,0.0305478;-1.61641,0.532261,-1.55127
-0.0311857,0.199172,0.028638;-1.57058,0.488271,-1.57392
-0.0310995,0.199344,0.0285796;-1.57047,0.468067,-1.57056
-0.0311427,0.19453,0.0300645;-1.55897,0.654855,-1.60521
-0.0254459,0.194944,0.0330435;-1.54147,0.806479,-1.6398
-0.0185179,0.202322,0.0414621;-1.7368,0.916914,-1.50081
-0.0154682,0.206442,0.0347044;-1.6218,0.764702,-1.5837
-0.0175447,0.207469,0.0293218;-1.56915,0.666492,-1.59194
-0.0159833,0.208678,0.0286027;-1.57193,0.600137,-1.56965
-0.0159192,0.207066,0.0286688;-1.56865,0.676211,-1.57467
-0.0152849,0.205927,0.0293145;-1.56266,0.742858,-1.58241
-0.0114029,0.205098,0.0314573;-1.58823,0.839285,-1.56799
-0.00391163,0.205591,0.0368635;-1.71529,0.848458,-1.48475
-0.00418439,0.207059,0.0316176;-1.58702,0.812486,-1.58714
-0.0029089,0.20929,0.028842;-1.57172,0.751564,-1.58181
-0.00276235,0.208505,0.0290007;-1.56133,0.759546,-1.5906
-0.00404748,0.205349,0.0306045;-1.55105,0.82716,-1.61914
-0.00475896,0.203972,0.03293;-1.56334,0.932981,-1.62142
-0.00224291,0.203648,0.0431634;-1.86144,0.970367,-1.38389
-0.00381487,0.206589,0.0401791;-1.84198,0.883234,-1.38343
-0.0104904,0.206783,0.0287935;-1.55877,0.802674,-1.59243
-0.0096302,0.208214,0.0286186;-1.57096,0.717387,-1.56848
-0.0094732,0.207204,0.0285891;-1.57083,0.825042,-1.57125
-0.00978906,0.204351,0.0289882;-1.56476,0.920707,-1.58467
0.00506069,0.195714,0.037468;-1.75927,1.14563,-1.42359
0.0209925,0.203684,0.0448941;-2.09566,1.06111,-1.11186
0.0250819,0.206485,0.0316347;-1.63686,1.03764,-1.5293
0.0268789,0.207909,0.0288631;-1.56264,1.0001,-1.58864
0.0233452,0.205236,0.0299675;-1.56098,1.05651,-1.60648
0.0203028,0.201956,0.0317672;-1.53554,1.12193,-1.65155
0.0155728,0.18898,0.0419479;-1.96159,1.21377,-1.24469
0.0191438,0.193299,0.0448414;-2.09221,1.08021,-1.11601
0.0127966,0.19435,0.0330817;-1.72225,0.996131,-1.44418
0.00828644,0.194852,0.0287023;-1.57601,0.875648,-1.5642
0.00862683,0.193791,0.0286855;-1.57048,0.999526,-1.57627
0.00766295,0.189494,0.0290677;-1.55328,1.1121,-1.59937
0.0230442,0.178655,0.0329619;-1.50672,1.36818,-1.65633
0.0416368,0.18212,0.0399986;-2.20619,1.30985,-0.965213
0.0524889,0.185949,0.0380936;-2.08387,1.27886,-1.09256
0.0557737,0.189739,0.0289868;-1.56777,1.2317,-1.5858
0.0545835,0.188883,0.0294947;-1.5584,1.25124,-1.60296
0.0528833,0.188075,0.0295741;-1.53091,1.2704,-1.63176
0.0403352,0.182816,0.0357359;-2.03274,1.39175,-1.12558
0.038938,0.18192,0.0388627;-2.18185,1.28772,-0.992232
0.0356601,0.180108,0.0368638;-2.00138,1.30904,-1.17629
0.0257352,0.183626,0.028868;-1.59181,1.17777,-1.55718
0.0269485,0.182621,0.0286546;-1.57102,1.14801,-1.56707
0.0258345,0.180835,0.0288031;-1.56261,1.24519,-1.58738
0.0242139,0.174871,0.0319512;-1.46456,1.37196,-1.71517
0.0489369,0.163503,0.0409866;2.77473,1.44076,0.31768
0.0676974,0.164348,0.0417872;-3.09046,1.42408,-0.112074
0.0704739,0.161778,0.0314481;-1.33581,1.49184,-1.85912
0.0764591,0.163336,0.0287765;-1.56936,1.41516,-1.58158
0.0739642,0.162781,0.0288426;-1.57083,1.47414,-1.58321
0.0709124,0.161068,0.028949;-1.50219,1.5651,-1.65395
0.0723205,0.152753,0.0375569;2.0576,1.38374,1.06511
0.0827056,0.152318,0.0453329;2.81639,1.28682,0.329307
0.0779948,0.156342,0.0354655;-3.00801,1.44253,-0.135291
0.0724583,0.159622,0.0286271;-1.563,1.44819,-1.57506
0.072934,0.158817,0.0285939;-1.57902,1.53106,-1.56363
0.0704137,0.15615,0.0288513;1.52032,1.48386,1.61232
0.0842392,0.143639,0.0396877;1.81205,1.17089,1.3008
0.0999191,0.137877,0.0450005;2.02727,1.16798,1.06356
0.101883,0.135775,0.0375546;1.76481,1.28001,1.31628
0.107229,0.136648,0.0288318;1.58683,1.44475,1.54504
0.10723,0.136393,0.0286906;1.56959,1.44512,1.56678
0.105075,0.135797,0.0287297;1.55049,1.36711,1.58764
0.107864,0.130849,0.0331852;1.69544,1.19605,1.44715
0.114563,0.125417,0.041857;2.02484,1.13563,1.12393
0.11695,0.125265,0.0411901;2.08906,1.19534,1.0509
0.111549,0.133799,0.0289981;1.65236,1.3866,1.48535
0.111931,0.132783,0.0285793;1.57043,1.4208,1.57146
0.110748,0.132598,0.0287517;1.55862,1.3642,1.57687
0.110601,0.127715,0.0335416;1.5881,1.08791,1.5195
0.117216,0.124946,0.0419628;1.79433,0.986362,1.31755
0.12072,0.121051,0.0441482;1.87989,1.03086,1.22086
0.113888,0.127452,0.0303384;1.56344,1.26815,1.54468
0.116252,0.127492,0.0286312;1.57653,1.34651,1.56404
0.116462,0.127197,0.0286782;1.58698,1.33797,1.55598
0.109711,0.12497,0.0292978;1.56416,1.11697,1.56787
0.107319,0.121041,0.0317884;1.57486,1.01379,1.54884
0.111139,0.111781,0.0407889;1.80284,0.944114,1.34114
0.114852,0.11637,0.0290444;1.56326,1.09823,1.55864
0.116579,0.115316,0.0287774;1.58173,1.1522,1.55579
0.116866,0.114731,0.0286106;1.57076,1.17617,1.56939
0.106506,0.116487,0.0318733;1.53462,1.01042,1.5544
0.103666,0.116963,0.0350531;1.58192,0.915665,1.50838
0.104729,0.11569,0.0434455;1.7531,0.844207,1.36667
0.111173,0.119706,0.0332011;1.65567,1.02661,1.46807
0.112306,0.121768,0.0288158;1.57161,1.1064,1.55876
0.112858,0.120502,0.0286132;1.5718,1.16047,1.57203
0.109799,0.118497,0.0288832;1.56595,0.986888,1.56914
0.107712,0.113184,0.0301047;1.56125,0.859141,1.5667
0.110781,0.101795,0.0323761;1.55184,0.714706,1.54558
0.1207,0.0935126,0.0368052;1.74256,0.76215,1.4326
0.123691,0.0950469,0.0293771;1.57694,0.793855,1.55071
0.126105,0.0912362,0.0287753;1.56818,0.888447,1.5628
0.119138,0.0947307,0.0308539;1.5416,0.774477,1.55794
0.115376,0.097191,0.032425;1.54946,0.703518,1.54542
0.112586,0.10147,0.0385095;1.6675,0.635266,1.47344
0.112563,0.100506,0.0388098;1.76316,0.732739,1.40775
0.112038,0.108535,0.0296415;1.5667,0.803454,1.54819
0.116493,0.107921,0.0290256;1.5955,0.870207,1.54626
0.114794,0.107265,0.0286105;1.57081,0.832023,1.56918
0.111073,0.107551,0.0289589;1.55739,0.722991,1.57164
0.109245,0.104074,0.0299933;1.5599,0.617032,1.57064
0.111191,0.0814139,0.0425764;1.79285,0.497668,1.424
0.113022,0.0802676,0.0364371;1.64257,0.538761,1.48306
0.116381,0.0806807,0.0313147;1.56654,0.582398,1.53097
0.119676,0.075852,0.0289128;1.5736,0.623442,1.5553
0.115933,0.0805788,0.0301309;1.558,0.55454,1.54785
0.111597,0.0851306,0.0313628;1.55945,0.484613,1.54419
0.103645,0.0838114,0.0415558;1.78164,0.420713,1.45222
0.106587,0.0811866,0.0416833;1.83768,0.494914,1.42966
0.106914,0.0933156,0.0292786;1.55463,0.607333,1.55491
0.107777,0.0918214,0.0285807;1.57093,0.705717,1.57078
0.105817,0.0932309,0.0286965;1.57108,0.593017,1.56395
0.100939,0.0946919,0.0303574;1.5526,0.486059,1.55135
0.09225,0.0722886,0.0375963;1.64711,0.225869,1.51494
0.0987837,0.0503197,0.0438818;1.7731,0.258623,1.45802
0.0996829,0.045557,0.034995;1.59608,0.32881,1.50289
0.103389,0.0385819,0.0288123;1.57078,0.434385,1.55969
0.102689,0.0400179,0.0289319;1.56723,0.402881,1.5586
0.100384,0.0430259,0.0292871;1.56515,0.328318,1.55363
0.0915504,0.0464862,0.0330276;1.60279,0.161628,1.54728
0.0930847,0.0395278,0.0424998;1.79249,0.212433,1.49767
0.0955985,0.0413638,0.0397261;1.79274,0.281854,1.50434
0.0991643,0.0496516,0.0287348;1.57804,0.43574,1.56682
0.0989565,0.0497479,0.0286007;1.57018,0.407311,1.56823
0.0948758,0.051679,0.0293087;1.55913,0.278234,1.5556
0.0948758,0.051679,0.0293087;1.55913,0.278234,1.5556
0.088204,0.0508098,0.0297138;1.56213,0.135803,1.56548
0.088204,0.0508098,0.0297138;1.56213,0.135803,1.56548
