-0.125,0.125,0.06;-1.57,-2.98023e-08,-1.57
-0.125,0.125,0.06;-1.57,-2.98023e-08,-1.57
-0.125,0.125,0.06;-1.57,-2.98023e-08,-1.57
-0.125644,0.124001,0.0285812;-1.57106,-0.224408,-1.57072
-0.124929,0.123609,0.0285639;-1.57136,-0.147912,-1.57085
-0.122695,0.123518,0.0292934;-1.5592,-0.0332498,-1.56975
-0.121787,0.136684,0.0297703;-1.59196,0.0691411,-1.57998
-0.119717,0.142213,0.0288898;-1.57174,-0.147772,-1.58469
-0.117826,0.145692,0.0291623;-1.59488,-0.244194,-1.58163
-0.116002,0.148554,0.0291248;-1.59362,-0.347059,-1.58351
-0.118329,0.144309,0.0288552;-1.57061,-0.174668,-1.58387
-0.11626,0.142455,0.0292421;-1.55784,-0.0411097,-1.57298
-0.113847,0.148715,0.0337511;-1.48628,0.0848387,-1.56916
-0.115996,0.16368,0.0288849;-1.57111,-0.0288684,-1.5733
-0.116507,0.16514,0.0285746;-1.57073,-0.138273,-1.57043
-0.117216,0.165816,0.0286021;-1.57298,-0.219452,-1.56965
-0.116643,0.165924,0.0285797;-1.57081,-0.153707,-1.57074
-0.11497,0.166837,0.0289392;-1.5627,-0.0503978,-1.57112
-0.113478,0.171347,0.0313615;-1.54696,0.0902516,-1.58146
-0.111759,0.188528,0.0382096;-1.69359,0.120346,-1.60594
-0.109305,0.191829,0.0345753;-1.65164,0.0312512,-1.60041
-0.10675,0.19359,0.0290049;-1.57269,-0.0691878,-1.58887
-0.10592,0.195575,0.02858;-1.57088,-0.123969,-1.57074
-0.105054,0.196123,0.0285742;-1.57029,-0.0367233,-1.57161
-0.102994,0.197084,0.0294497;-1.55651,0.0760722,-1.57044
-0.100797,0.204336,0.0303319;-1.55005,0.164957,-1.57653
-0.100555,0.20913,0.0286677;-1.57077,0.095287,-1.57494
-0.10107,0.210597,0.0285851;-1.57086,-0.0522166,-1.5705
-0.101108,0.210453,0.0285799;-1.57082,-0.0522794,-1.57085
-0.102121,0.209055,0.0286264;-1.57088,0.0392843,-1.57294
-0.100439,0.207578,0.032425;-1.57751,0.298014,-1.60125
-0.0964694,0.221049,0.0378386;-1.66734,0.412138,-1.58117
-0.0927312,0.232799,0.0365433;-1.68437,0.329301,-1.57223
-0.0901752,0.233432,0.0285775;-1.57072,0.114673,-1.57051
-0.0897171,0.233037,0.0285693;-1.56982,0.0765065,-1.57076
-0.0897034,0.232842,0.0286067;-1.57087,0.108628,-1.56945
-0.0862573,0.235586,0.0292115;-1.55799,0.293964,-1.57413
-0.0835287,0.241284,0.0316895;-1.5295,0.44335,-1.58384
-0.0784398,0.254174,0.0312335;-1.57055,0.48766,-1.58433
-0.0733983,0.261767,0.0288829;-1.57022,0.262984,-1.58568
-0.0706907,0.264287,0.0290011;-1.5889,0.157076,-1.57053
-0.0689583,0.265372,0.0291702;-1.59333,0.107806,-1.57466
-0.0727485,0.261188,0.0294985;-1.57566,0.287803,-1.58998
-0.0707992,0.264,0.0311013;-1.55121,0.442297,-1.59495
-0.0666607,0.272449,0.0341678;-1.50868,0.569782,-1.60783
-0.0599683,0.285616,0.0286203;-1.5707,0.346853,-1.57288
-0.0602977,0.285997,0.0285529;-1.56849,0.277487,-1.57118
-0.0604128,0.285519,0.0285748;-1.57075,0.246032,-1.5711
-0.0601038,0.284631,0.0286048;-1.56785,0.400813,-1.57535
-0.0575131,0.28297,0.0298002;-1.54696,0.526625,-1.58341
-0.0523804,0.287226,0.0340429;-1.47521,0.684712,-1.62983
-0.0411057,0.301886,0.0306967;-1.5844,0.505254,-1.59766
-0.0363678,0.305355,0.0294362;-1.57967,0.409744,-1.58658
-0.0297651,0.309814,0.0292762;-1.59885,0.322091,-1.5692
-0.033982,0.307786,0.0288863;-1.57305,0.465873,-1.58206
-0.0349359,0.305988,0.0292215;-1.56491,0.597131,-1.57897
-0.0303156,0.307075,0.0338396;-1.47109,0.731167,-1.62556
-0.0164333,0.326364,0.028856;-1.5663,0.629969,-1.5831
-0.0166203,0.328558,0.0287358;-1.57039,0.534472,-1.57837
-0.0159714,0.329506,0.0285791;-1.57074,0.464881,-1.57086
-0.015798,0.329276,0.0285824;-1.57055,0.534556,-1.57072
-0.0148425,0.329179,0.0287732;-1.57561,0.637918,-1.5736
-0.0129208,0.328787,0.0317245;-1.56153,0.777124,-1.59405
0.00449426,0.34294,0.0359052;-1.67102,0.798708,-1.55288
0.00683453,0.344624,0.0300797;-1.557,0.70058,-1.61465
0.00823773,0.347309,0.0288596;-1.57247,0.609787,-1.58271
0.00888929,0.347409,0.0285796;-1.57078,0.590123,-1.57082
0.0102885,0.3474,0.0285736;-1.57134,0.681696,-1.57042
0.0139926,0.349681,0.0294713;-1.55372,0.798725,-1.57993
0.0282929,0.363022,0.0318379;-1.63693,0.998501,-1.53665
0.0339331,0.365797,0.03173;-1.63884,0.89204,-1.53757
0.0344894,0.365475,0.0286809;-1.57087,0.789608,-1.57612
0.0362996,0.365899,0.0286564;-1.57188,0.676823,-1.57334
0.0341448,0.365619,0.0290852;-1.58428,0.755358,-1.57584
0.0309193,0.3643,0.0302497;-1.57833,0.866742,-1.59358
0.0461324,0.376067,0.0374748;-1.82077,1.1561,-1.39043
0.0562534,0.383816,0.0355594;-1.80013,1.02491,-1.39215
0.0555454,0.379156,0.0286245;-1.56986,0.919892,-1.57466
0.0560033,0.379503,0.0285804;-1.57113,0.816666,-1.57032
0.0557979,0.379467,0.0285807;-1.57065,0.903498,-1.57114
0.055137,0.378104,0.0286006;-1.57031,0.981369,-1.57273
0.0631097,0.380022,0.0333771;-1.44399,1.2538,-1.68349
0.0754348,0.38775,0.0325141;-1.76471,1.19562,-1.40207
0.0804297,0.38739,0.0295174;-1.57188,1.11663,-1.59146
0.0903291,0.388483,0.0291592;-1.60835,0.926204,-1.54651
0.0886703,0.388663,0.0290069;-1.58577,0.974104,-1.57027
0.085631,0.388729,0.0289142;-1.58235,1.07431,-1.57093
0.0860294,0.386883,0.0331787;-1.29478,1.3315,-1.82393
0.103241,0.391852,0.0333258;-1.33558,1.30704,-1.79716
0.113896,0.39485,0.0292762;-1.55804,1.2568,-1.5991
0.116879,0.397867,0.0286024;-1.57071,1.1043,-1.57186
0.116734,0.397675,0.028573;-1.57184,1.14796,-1.56925
0.116712,0.397406,0.0285971;-1.56997,1.17057,-1.57053
0.125558,0.39852,0.0305957;-1.6296,1.39259,-1.51402
0.13909,0.399972,0.033415;-1.83813,1.3601,-1.34192
0.146241,0.400021,0.0345968;-1.79967,1.36266,-1.40023
0.15634,0.40042,0.02906;-1.59592,1.18976,-1.56084
0.159508,0.399506,0.0286105;-1.57269,1.10178,-1.56971
0.159551,0.399303,0.0285817;-1.57063,1.19323,-1.5713
0.159457,0.397126,0.0287852;-1.54523,1.30304,-1.59796
0.180751,0.400211,0.0314878;-2.1199,1.54672,-1.03852
0.193408,0.401899,0.0316346;-1.94514,1.48695,-1.22442
0.195556,0.401757,0.0287942;-1.56975,1.40023,-1.58205
0.197473,0.402562,0.0285798;-1.57131,1.29825,-1.57026
0.195764,0.403691,0.0287533;-1.57957,1.38128,-1.56852
0.192556,0.404217,0.0294156;-1.61686,1.48404,-1.545
0.204913,0.402047,0.0389334;1.97803,1.34346,1.11733
0.225004,0.401002,0.0376567;2.043,1.35939,1.04786
0.228618,0.399409,0.0304825;1.48668,1.48571,1.61704
0.2341,0.398294,0.0286115;-1.56979,1.48055,-1.57326
0.233582,0.398337,0.0285785;-1.57131,1.52996,-1.57035
0.233823,0.397987,0.0285815;1.57224,1.55278,1.56939
0.242311,0.396365,0.0310511;1.54464,1.28873,1.60171
0.255828,0.39228,0.0313238;1.56621,1.30387,1.54816
0.261162,0.391258,0.0298913;1.52954,1.35359,1.58426
0.271573,0.389507,0.0289889;1.88581,1.5438,1.24477
0.270813,0.389958,0.0291761;1.90919,1.51914,1.22134
0.26745,0.392456,0.0294891;1.80258,1.44338,1.33501
0.266067,0.395691,0.0326624;1.56373,1.16796,1.56246
0.281697,0.390963,0.0341077;1.66011,1.13782,1.4616
0.295306,0.384333,0.030174;1.56104,1.19045,1.55149
0.299571,0.385688,0.0286746;1.57033,1.33452,1.56684
0.300045,0.385586,0.0285971;1.57092,1.35349,1.56985
0.300031,0.385648,0.0285788;1.57028,1.31773,1.57113
0.305264,0.382225,0.0297075;1.55273,1.09857,1.58856
0.314062,0.378639,0.0332499;1.67867,0.966232,1.46075
0.327069,0.37012,0.0356039;1.68785,0.993552,1.41844
0.334032,0.361004,0.0306877;1.57851,1.17899,1.52685
0.337889,0.35708,0.0291284;1.61714,1.25539,1.5148
0.33797,0.357223,0.0291011;1.63549,1.24104,1.50526
0.333707,0.35943,0.0288084;1.5585,1.0363,1.57672
0.335161,0.355168,0.0319068;1.49546,0.899932,1.63247
0.349834,0.345859,0.031862;1.5764,0.845518,1.54816
0.363897,0.335502,0.0289756;1.56161,0.969732,1.56463
0.365789,0.335065,0.0286712;1.57071,1.03775,1.56656
0.36622,0.334733,0.0285787;1.57082,1.06152,1.57084
0.36505,0.336621,0.0288128;1.57402,0.88433,1.55878
0.362737,0.337679,0.0309754;1.56683,0.747004,1.54646
0.368354,0.329348,0.0385996;1.65376,0.625843,1.47771
0.383893,0.308926,0.0331828;1.58822,0.731314,1.50001
0.387951,0.305053,0.0292313;1.5743,0.824213,1.55074
0.388936,0.30269,0.0286899;1.57077,0.904748,1.56562
0.388489,0.302494,0.0285974;1.57024,0.804207,1.57247
0.389606,0.299694,0.0292736;1.55965,0.707782,1.58081
0.393283,0.294477,0.030776;1.56249,0.56433,1.58326
0.404477,0.277992,0.029992;1.55537,0.618712,1.55276
0.408311,0.277376,0.0291032;1.55845,0.681314,1.56299
0.410097,0.274296,0.0288176;1.57415,0.791122,1.55945
0.409158,0.278553,0.0292264;1.60499,0.673044,1.54417
0.408824,0.283835,0.0321706;1.63756,0.548864,1.51947
0.412206,0.278398,0.0362605;1.67723,0.390338,1.49725
0.422402,0.255754,0.0309282;1.56157,0.435328,1.53181
0.425746,0.254368,0.0290506;1.56433,0.527144,1.55709
0.427454,0.252629,0.0286978;1.57063,0.605316,1.56535
0.427125,0.252387,0.028582;1.57061,0.568043,1.57097
0.427206,0.251407,0.0285905;1.57032,0.497824,1.5705
0.430094,0.246896,0.0299884;1.56996,0.372521,1.57614
0.436444,0.228645,0.0316251;1.58101,0.294638,1.53071
0.437381,0.223656,0.0307478;1.56325,0.361465,1.53315
0.438906,0.216055,0.0299536;1.57538,0.455412,1.54271
0.438174,0.211032,0.0292101;1.59482,0.501191,1.54994
0.43873,0.214147,0.02909;1.58724,0.415702,1.55472
0.438412,0.217666,0.0293575;1.57729,0.292333,1.55762
0.439191,0.205959,0.0330985;1.50452,0.11396,1.57604
0.440825,0.190415,0.0303179;1.56644,0.156114,1.54124
0.4439,0.187719,0.0290845;1.56288,0.228169,1.55613
0.445446,0.18536,0.0285992;1.57079,0.319469,1.56989
0.445247,0.185684,0.0285898;1.57003,0.269455,1.5708
0.444961,0.185342,0.0285802;1.57046,0.221934,1.57102
0.444608,0.178501,0.0354202;1.62268,0.00028789,1.54422
0.443398,0.161252,0.036875;1.6537,0.0417485,1.50935
0.441677,0.155439,0.0328042;1.56995,0.107842,1.50774
0.441794,0.144221,0.0288831;1.57499,0.289733,1.55927
0.441725,0.145121,0.0285669;1.57085,0.246633,1.57155
0.441418,0.144716,0.0285825;1.57072,0.173141,1.57078
0.441573,0.133875,0.030811;1.5955,-0.0699735,1.58086
0.440014,0.121447,0.0314649;1.59991,-0.0591064,1.55197
0.438299,0.117085,0.0298022;1.56048,-0.0309364,1.54565
0.4417,0.111975,0.0287052;1.57073,0.110126,1.56488
0.441777,0.112838,0.028685;1.57075,0.0620656,1.56585
0.442487,0.114462,0.0286157;1.57124,-0.0205836,1.56919
0.442487,0.114462,0.0286157;1.57124,-0.0205836,1.56919
0.443518,0.116677,0.0297396;1.59227,-0.134355,1.56313
0.443518,0.116677,0.0297396;1.59227,-0.134355,1.56313
