-0.125,0.125,0.06;-1.57,-2.98023e-08,-1.57
-0.125,0.125,0.06;-1.57,-2.98023e-08,-1.57
-0.125,0.125,0.06;-1.57,-2.98023e-08,-1.57
-0.125394,0.12163,0.028496;-1.56824,-0.243414,-1.5683
-0.1245,0.120816,0.0286229;-1.5711,-0.160634,-1.57331
-0.121207,0.120284,0.0305587;-1.56275,-0.00741065,-1.59102
-0.119202,0.139543,0.0376441;-1.67269,0.0829122,-1.59908
-0.120084,0.139727,0.028609;-1.5711,-0.138897,-1.57326
-0.119401,0.139614,0.0286421;-1.57065,-0.217688,-1.56728
-0.119372,0.139468,0.0286393;-1.57082,-0.225379,-1.56806
-0.119225,0.14145,0.0285847;-1.57078,-0.0537912,-1.5713
-0.116891,0.13996,0.0304033;-1.56476,0.0915371,-1.59061
-0.114162,0.148695,0.0369285;-1.63869,0.254267,-1.59577
-0.112453,0.160797,0.035193;-1.6329,0.159606,-1.59778
-0.113057,0.15981,0.0289022;-1.57034,0.0393596,-1.58646
-0.112831,0.162784,0.0286125;-1.57325,-0.100795,-1.56962
-0.112293,0.163546,0.0286837;-1.57051,-0.0398155,-1.56605
-0.110998,0.166267,0.0288154;-1.56969,0.0773907,-1.56654
-0.109063,0.172974,0.0333217;-1.62349,0.230849,-1.56741
-0.102024,0.190383,0.0402842;-1.69336,0.278953,-1.59761
-0.102486,0.193296,0.036664;-1.67231,0.182169,-1.58599
-0.102447,0.191524,0.0289068;-1.57053,0.0657829,-1.58676
-0.101357,0.192934,0.0285945;-1.5708,-0.015449,-1.57012
-0.0998591,0.19465,0.0286399;-1.57035,0.0863564,-1.5685
-0.0965482,0.196802,0.0295294;-1.5703,0.234713,-1.57923
-0.0907299,0.205513,0.0344963;-1.61429,0.330187,-1.58848
-0.0839979,0.214943,0.0351006;-1.61739,0.270486,-1.60722
-0.0814984,0.220854,0.0287838;-1.57816,0.0832927,-1.57264
-0.0811032,0.220977,0.0286566;-1.57106,0.0761017,-1.56701
-0.0798605,0.22175,0.0286246;-1.5708,0.145533,-1.56861
-0.0729993,0.227851,0.0307045;-1.57914,0.425826,-1.57833
-0.0660906,0.238317,0.0390982;-1.70105,0.528346,-1.54558
-0.0558147,0.249773,0.0395814;-1.69389,0.484049,-1.57479
-0.0536287,0.254796,0.0289068;-1.57401,0.288706,-1.58218
-0.0515583,0.256049,0.0285788;-1.57079,0.210408,-1.57069
-0.0515039,0.255935,0.0287501;-1.56416,0.228714,-1.57396
-0.0487038,0.254149,0.0295338;-1.56544,0.482148,-1.58568
-0.043083,0.258677,0.0342172;-1.59475,0.635543,-1.59042
-0.0311982,0.272834,0.0398841;-1.69776,0.669182,-1.5546
-0.0257674,0.280427,0.0291866;-1.56721,0.463132,-1.59176
-0.0240517,0.282523,0.0286749;-1.57002,0.367155,-1.57622
-0.0236327,0.282767,0.0286248;-1.57146,0.33649,-1.5682
-0.0202366,0.284142,0.0285685;-1.57012,0.557894,-1.57126
-0.0173232,0.285461,0.0306549;-1.57234,0.699808,-1.58551
-0.0108984,0.293028,0.0387342;-1.72852,0.80973,-1.50637
0.000433185,0.297958,0.0327309;-1.59006,0.618486,-1.60661
0.00101317,0.300566,0.0289144;-1.5742,0.510104,-1.58194
0.00281858,0.301394,0.028612;-1.57078,0.422363,-1.57225
0.00654757,0.302158,0.0286305;-1.57052,0.612877,-1.56867
0.0111733,0.304645,0.0292113;-1.56762,0.75114,-1.57349
0.0169889,0.30873,0.0341501;-1.65834,0.88926,-1.52447
0.0369593,0.317181,0.0354999;-1.62958,0.771262,-1.59899
0.0389135,0.320524,0.0315259;-1.57233,0.653558,-1.61619
0.0442211,0.323289,0.0288921;-1.57568,0.568814,-1.57882
0.0437853,0.322828,0.0287831;-1.56216,0.7229,-1.57319
0.0476414,0.324345,0.0290644;-1.5656,0.832253,-1.57288
0.0510918,0.324773,0.032056;-1.58835,0.970754,-1.57003
0.0770864,0.33484,0.0349502;-1.62419,0.891104,-1.59728
0.0807565,0.337559,0.0316955;-1.56425,0.772778,-1.62544
0.0859892,0.341113,0.0289718;-1.57847,0.683009,-1.57855
0.0843263,0.33981,0.0286435;-1.57041,0.758189,-1.5681
0.0866112,0.339544,0.0288537;-1.56682,0.866843,-1.5742
0.0929525,0.341051,0.0309631;-1.63344,1.01771,-1.51808
0.115366,0.351116,0.037772;-1.74901,1.02358,-1.46974
0.117693,0.349858,0.0350419;-1.64163,0.93017,-1.56829
0.120734,0.350943,0.0307449;-1.57198,0.829907,-1.60632
0.122024,0.35266,0.0286162;-1.57065,0.791995,-1.57265
0.122434,0.352021,0.0285651;-1.57139,0.90186,-1.57051
0.129037,0.353359,0.029461;-1.59392,1.0527,-1.543
0.149817,0.363352,0.0385427;-1.90353,1.18016,-1.29574
0.156117,0.363247,0.0384943;-1.83388,1.09431,-1.38356
0.158418,0.359958,0.033;-1.56903,1.01844,-1.63766
0.166751,0.365168,0.0288818;-1.58179,0.878734,-1.56968
0.165622,0.365047,0.0285791;-1.57057,0.94224,-1.57086
0.167663,0.364433,0.0288731;-1.56049,1.04012,-1.57091
0.181321,0.370557,0.0380163;-1.99806,1.27939,-1.18121
0.195017,0.373131,0.0392275;-1.91919,1.22439,-1.29146
0.201759,0.369671,0.0367687;-1.70618,1.165,-1.51528
0.212552,0.373257,0.0291719;-1.59113,0.977472,-1.56551
0.210728,0.373206,0.0286288;-1.56913,1.03432,-1.57527
0.211347,0.372929,0.028809;-1.56485,1.10889,-1.56751
0.222268,0.374459,0.0349587;-1.97382,1.35497,-1.18064
0.237123,0.376158,0.0385234;-2.02812,1.30172,-1.1643
0.247774,0.373301,0.0356993;-1.73318,1.26427,-1.474
0.259805,0.37192,0.0307496;-1.59453,1.09272,-1.57996
0.258872,0.371928,0.0288075;-1.56951,1.13198,-1.5827
0.257971,0.370387,0.028728;-1.55857,1.20861,-1.57862
0.272038,0.371743,0.0348931;-2.32547,1.42441,-0.813881
0.288675,0.373511,0.0377618;-2.28727,1.36268,-0.881242
0.29769,0.370587,0.034136;-1.81461,1.34058,-1.37418
0.3099,0.366573,0.032108;-1.60607,1.17735,-1.58428
0.310605,0.368684,0.0308007;-1.56321,1.22694,-1.61458
0.308147,0.369501,0.0289835;-1.54532,1.25147,-1.60635
0.315314,0.368055,0.0318495;-2.11661,1.4801,-1.01352
0.330132,0.369316,0.0336518;-2.15346,1.41933,-0.99365
0.338228,0.368124,0.0331681;-1.99704,1.42985,-1.17489
0.34992,0.363215,0.0333377;-1.60482,1.30473,-1.60183
0.355151,0.365381,0.0312358;-1.61294,1.22554,-1.56417
0.353155,0.366614,0.0289386;-1.55333,1.29464,-1.60009
0.352328,0.364018,0.0286883;-1.54187,1.41365,-1.59839
0.372366,0.362192,0.0360255;2.67358,1.44983,0.451501
0.387409,0.359252,0.0368676;3.12163,1.46346,-0.0224076
0.390304,0.354251,0.0343059;-1.79806,1.49106,-1.41334
0.394281,0.352743,0.0345964;-1.59854,1.31172,-1.6167
0.392125,0.356772,0.0308938;-1.55642,1.35358,-1.6222
0.389616,0.356687,0.0289689;-1.52041,1.42908,-1.6321
0.396724,0.353318,0.0332657;2.21175,1.42034,0.929602
0.410348,0.350861,0.0377474;2.73211,1.42106,0.377883
0.41404,0.345744,0.0348564;-2.65245,1.51255,-0.54794
0.414559,0.341043,0.0364329;-1.63053,1.32579,-1.60529
0.411737,0.345776,0.0340329;-1.54372,1.35219,-1.66912
0.407139,0.35048,0.0296637;-1.5424,1.42824,-1.62229
0.410368,0.349688,0.0312017;1.94183,1.44392,1.20981
0.425818,0.348094,0.0354376;2.63126,1.45173,0.486474
0.431288,0.343843,0.0335912;-2.56924,1.52721,-0.621377
0.436482,0.335001,0.0368001;-1.66752,1.33443,-1.57422
0.434976,0.338337,0.0359656;-1.59319,1.33739,-1.63939
0.43077,0.343753,0.0302902;-1.54414,1.40264,-1.63112
0.427248,0.347252,0.0302743;1.74065,1.5083,1.40922
0.437122,0.346867,0.0325417;2.56341,1.47331,0.578056
0.446982,0.344025,0.0336496;-3.00325,1.49985,-0.166132
0.455786,0.334861,0.0350125;-1.68527,1.3833,-1.5358
0.456349,0.334076,0.0373791;-1.64882,1.33831,-1.59749
0.45387,0.338181,0.0339979;-1.51218,1.38597,-1.70408
0.441266,0.346731,0.0297399;-1.09628,1.55275,-2.04909
0.442257,0.34553,0.0310334;1.94005,1.48104,1.20726
0.460232,0.344363,0.0350912;2.76652,1.45738,0.367538
0.473487,0.336885,0.0325265;-1.61725,1.46401,-1.58424
0.47897,0.33437,0.0355243;-1.68973,1.37112,-1.53677
0.477614,0.334951,0.035566;-1.62332,1.40195,-1.60377
0.464457,0.342959,0.0302039;-1.3948,1.51522,-1.76402
0.462628,0.342795,0.0303882;1.53892,1.49959,1.60205
0.477347,0.341896,0.0342121;2.20457,1.42242,0.944731
0.499353,0.334175,0.0325206;-2.67606,1.55222,-0.516462
0.504237,0.32945,0.0342757;-1.81078,1.46696,-1.40119
0.507706,0.327894,0.0364743;-1.77565,1.44105,-1.45846
0.498761,0.339193,0.0301888;-1.39186,1.54839,-1.77655
0.49312,0.342627,0.029359;1.50788,1.48872,1.63581
0.500037,0.343161,0.0335645;1.95992,1.34935,1.2048
0.522804,0.335641,0.0321796;2.00127,1.48009,1.1084
0.527026,0.330672,0.0321202;-2.89392,1.56047,-0.301529
0.532419,0.325445,0.0352532;-1.95633,1.48843,-1.26577
0.523597,0.335239,0.0316154;1.27722,1.53646,1.81159
0.516459,0.341405,0.0307759;1.49238,1.4549,1.62618
0.513663,0.343172,0.0307202;1.63762,1.3435,1.51544
0.535684,0.33683,0.0296716;1.7334,1.46118,1.39699
0.540738,0.33298,0.0305962;1.7267,1.53463,1.38007
0.547022,0.324358,0.0332056;-2.0168,1.50533,-1.17982
0.538128,0.330308,0.0341234;1.59087,1.50908,1.48106
0.531398,0.336573,0.0335978;1.58804,1.43869,1.51226
0.524684,0.34084,0.032383;1.6383,1.35901,1.50161
0.550161,0.335109,0.0307833;1.89492,1.41006,1.24831
0.554107,0.331914,0.0299036;1.61383,1.47403,1.50003
0.558969,0.32578,0.0323988;2.52329,1.54117,0.573246
0.556383,0.326022,0.0348517;1.53496,1.48866,1.52185
0.551044,0.331742,0.0328722;1.52015,1.43049,1.57097
0.545393,0.33641,0.032609;1.66821,1.34915,1.45981
0.553099,0.333906,0.0320125;1.86836,1.3434,1.28482
0.561032,0.32927,0.0297129;1.62074,1.41691,1.50086
0.566303,0.325687,0.0312319;1.67419,1.48724,1.42832
0.567981,0.318988,0.0362113;1.92269,1.52443,1.12496
0.564371,0.322981,0.0349507;1.55075,1.45205,1.51459
0.560552,0.328362,0.0338145;1.59054,1.37524,1.50653
0.557896,0.332695,0.0312652;1.67382,1.29764,1.46931
0.568574,0.328731,0.0299006;1.73554,1.35654,1.40637
0.573426,0.324904,0.029421;1.57158,1.42798,1.54756
0.578005,0.316468,0.0345695;2.55875,1.53916,0.512978
0.57395,0.319734,0.0357749;1.71055,1.47507,1.34015
0.570328,0.323112,0.0345239;1.58321,1.39792,1.49357
0.567477,0.330479,0.0329766;1.69218,1.2429,1.44456
0.575797,0.327274,0.0312951;1.72618,1.29917,1.41228
0.58275,0.323951,0.0291172;1.63967,1.36768,1.49142
0.589739,0.314229,0.0323355;2.27611,1.53877,0.818044
0.587215,0.316769,0.035264;1.76041,1.49241,1.2989
0.582523,0.319391,0.0337594;1.55437,1.39607,1.51651
0.576344,0.327362,0.0328957;1.6294,1.22329,1.49762
0.580294,0.32649,0.0327085;1.78004,1.31694,1.3541
0.58539,0.322881,0.0290332;1.63748,1.39732,1.49498
0.594575,0.313984,0.0316998;3.01764,1.55097,0.0834772
0.592374,0.31398,0.0348334;2.12099,1.53004,0.945441
0.586951,0.31768,0.0355024;1.66653,1.42195,1.39882
0.586951,0.31768,0.0355024;1.66653,1.42195,1.39882
0.584705,0.321314,0.03613;1.64463,1.32976,1.43608
0.584705,0.321314,0.03613;1.64463,1.32976,1.43608
