-0.125,0.125,0.06;-1.57,-2.98023e-08,-1.57
-0.125,0.125,0.06;-1.57,-2.98023e-08,-1.57
-0.125,0.125,0.06;-1.57,-2.98023e-08,-1.57
-0.125398,0.121613,0.0284871;-1.56827,-0.239545,-1.56853
-0.124634,0.120981,0.0286394;-1.5709,-0.157106,-1.57391
-0.121478,0.12,0.0303081;-1.56451,-0.00653537,-1.58757
-0.118492,0.138421,0.0365663;-1.63902,0.0943343,-1.59968
-0.118586,0.140168,0.0285971;-1.5706,-0.149151,-1.57148
-0.11799,0.139789,0.0286302;-1.57288,-0.226017,-1.57066
-0.117964,0.13933,0.0286023;-1.57074,-0.245844,-1.56965
-0.114845,0.13847,0.028622;-1.57098,-0.081043,-1.56842
-0.112402,0.143218,0.0289581;-1.58169,0.0553888,-1.5683
-0.11025,0.153686,0.0347679;-1.64136,0.208697,-1.57363
-0.106515,0.167872,0.0325657;-1.57913,0.128769,-1.6069
-0.107875,0.167474,0.0289481;-1.56619,0.00630788,-1.58388
-0.1098,0.170591,0.0286494;-1.5747,-0.145091,-1.57087
-0.109678,0.170278,0.0285805;-1.57067,-0.111312,-1.57018
-0.107436,0.17234,0.0288118;-1.56977,0.00326285,-1.5693
-0.103441,0.180909,0.0324678;-1.63353,0.148748,-1.5579
-0.100526,0.207864,0.0371492;-1.68809,0.228483,-1.56829
-0.0966856,0.207917,0.0329081;-1.61129,0.128354,-1.59144
-0.096054,0.206692,0.0291053;-1.56284,-0.000466943,-1.58809
-0.09756,0.208667,0.0285792;-1.57068,-0.111668,-1.5708
-0.0960389,0.210163,0.0286651;-1.56779,-0.00135103,-1.56957
-0.0910767,0.215323,0.0292891;-1.58015,0.161937,-1.56585
-0.0855331,0.229193,0.0324856;-1.63654,0.26705,-1.54914
-0.082105,0.24239,0.0297902;-1.6032,0.221936,-1.56088
-0.0830086,0.244691,0.0287979;-1.56832,0.0398886,-1.57899
-0.0834575,0.244747,0.0286577;-1.571,0.0386634,-1.57449
-0.0834527,0.243857,0.0285793;-1.5708,0.0989896,-1.57085
-0.0744034,0.252663,0.0305646;-1.60407,0.385427,-1.5533
-0.0666578,0.26925,0.0374075;-1.73248,0.479531,-1.49876
-0.0605149,0.288159,0.0346619;-1.68645,0.465778,-1.52367
-0.058526,0.291687,0.0288688;-1.56745,0.254149,-1.58225
-0.0575993,0.292447,0.0289479;-1.56453,0.225579,-1.58376
-0.0590914,0.291373,0.0289169;-1.56786,0.242064,-1.57979
-0.0553728,0.286977,0.0291879;-1.56773,0.452887,-1.5783
-0.0450076,0.295797,0.0320947;-1.63733,0.603566,-1.52805
-0.0321073,0.31797,0.035807;-1.72485,0.656483,-1.4774
-0.0283083,0.323895,0.028695;-1.5705,0.455203,-1.57623
-0.0284729,0.32583,0.0287231;-1.57077,0.355114,-1.57795
-0.028484,0.325474,0.0288946;-1.56576,0.358906,-1.58278
-0.0275381,0.321258,0.0291577;-1.56493,0.51407,-1.58725
-0.0218071,0.321771,0.029902;-1.58257,0.6726,-1.56659
-0.00982166,0.334708,0.036628;-1.75498,0.786142,-1.44044
-0.00369896,0.342693,0.0284597;-1.56293,0.625002,-1.57571
-0.00476814,0.343507,0.0285772;-1.57049,0.502594,-1.57071
-0.00413399,0.343626,0.0286918;-1.5703,0.461462,-1.57639
-0.00635364,0.334813,0.0314379;-1.54851,0.621118,-1.62354
-0.0046075,0.329714,0.0326477;-1.53347,0.760198,-1.63669
0.00686995,0.335035,0.0346133;-1.64493,0.922468,-1.53209
0.0260776,0.358711,0.0285657;-1.56965,0.87956,-1.57155
0.0249389,0.358001,0.0285855;-1.56979,0.788927,-1.57087
0.0251833,0.358297,0.0286063;-1.57075,0.734758,-1.57205
0.0222725,0.353983,0.0299568;-1.55893,0.853657,-1.60772
0.020087,0.350918,0.0323113;-1.53374,0.951798,-1.64049
0.0237274,0.350697,0.0356421;-1.55894,1.101,-1.61189
0.0587057,0.375176,0.0291119;-1.63004,1.13948,-1.51635
0.0576848,0.374033,0.0285671;-1.56939,1.0665,-1.5717
0.0559566,0.374563,0.0285788;-1.5711,0.985053,-1.57037
0.055268,0.374361,0.0285817;-1.57013,1.00068,-1.57155
0.0527704,0.370904,0.030726;-1.54767,1.10102,-1.61888
0.0546901,0.366053,0.0348087;-1.43418,1.24915,-1.74406
0.0934903,0.380572,0.032759;-1.85688,1.35476,-1.30384
0.10044,0.382349,0.028823;-1.61277,1.29086,-1.53065
0.098473,0.382038,0.0285888;-1.56938,1.15818,-1.57205
0.0972704,0.38221,0.0285791;-1.57043,1.08961,-1.57118
0.0965426,0.380716,0.028804;-1.5645,1.19286,-1.58507
0.0967325,0.376217,0.0316235;-1.49995,1.34093,-1.67057
0.133099,0.380127,0.0399586;3.12173,1.46038,-0.0341441
0.143273,0.382681,0.0358878;-2.42351,1.44234,-0.747994
0.141177,0.381208,0.0287465;-1.56913,1.37341,-1.58096
0.140738,0.381642,0.0286002;-1.57071,1.23686,-1.5699
0.142653,0.381476,0.0286028;-1.57093,1.33186,-1.56954
0.142126,0.381157,0.0286763;-1.56996,1.43699,-1.57635
0.153528,0.378319,0.0417516;2.24363,1.38168,0.8538
0.171125,0.380372,0.0394315;2.49286,1.39302,0.623583
0.174526,0.378754,0.0289757;1.67877,1.53002,1.44874
0.175555,0.379086,0.0285802;-1.57081,1.40503,-1.57067
0.175869,0.378804,0.0285762;-1.57134,1.45089,-1.57027
0.175858,0.378772,0.0286249;-1.57174,1.497,-1.56676
0.183586,0.374826,0.0382037;2.0367,1.37063,1.08941
0.207477,0.371864,0.0390933;2.09785,1.34107,1.01379
0.227583,0.369615,0.03023;1.5288,1.38175,1.57769
0.234946,0.372142,0.0286449;-1.56701,1.54308,-1.57757
0.234557,0.37204,0.0285784;-1.54016,1.56428,-1.6017
0.234026,0.372282,0.0286334;1.6028,1.56094,1.54167
0.23862,0.366847,0.036433;1.88447,1.31273,1.25478
0.262579,0.362898,0.0389879;1.9699,1.27329,1.15872
0.289338,0.359399,0.0295084;1.56715,1.27394,1.55134
0.296175,0.359515,0.0288461;1.53078,1.4669,1.60198
0.295562,0.359925,0.0287137;1.57144,1.44747,1.56326
0.294912,0.360114,0.0285677;1.57603,1.45404,1.56672
0.301168,0.35481,0.0340438;1.81506,1.23444,1.34714
0.320141,0.347643,0.0352676;1.88565,1.18869,1.28207
0.336691,0.34279,0.0303402;1.66248,1.13528,1.48126
0.342467,0.339797,0.0288551;1.55922,1.31722,1.57154
0.342954,0.340206,0.028757;1.56501,1.33814,1.56927
0.342421,0.340317,0.0286686;1.57056,1.30307,1.56686
0.340296,0.340226,0.0286011;1.57079,1.18003,1.56976
0.363935,0.324446,0.0371929;1.81225,0.940209,1.36889
0.385734,0.316197,0.0326674;1.68121,0.926711,1.47235
0.39276,0.312638,0.0289027;1.56971,0.972589,1.55592
0.395295,0.311711,0.0290187;1.55558,1.07179,1.5704
0.394663,0.313717,0.0289559;1.5616,1.05807,1.56527
0.393434,0.315049,0.0288558;1.5709,1.02779,1.55758
0.39417,0.309836,0.0360039;1.72513,0.774326,1.46332
0.417752,0.2939,0.0345338;1.70828,0.735214,1.47781
0.431443,0.285324,0.0289478;1.58863,0.739909,1.55426
0.434713,0.284077,0.0288911;1.56108,0.918971,1.56958
0.430925,0.286873,0.0290863;1.56505,0.865859,1.5599
0.428788,0.290725,0.0301173;1.56668,0.846127,1.54176
0.426023,0.29598,0.0363649;1.66308,0.625217,1.49863
0.443027,0.27869,0.0351396;1.69152,0.579082,1.49901
0.458054,0.265552,0.0288594;1.58618,0.532068,1.56324
0.457686,0.26646,0.0287028;1.56706,0.643217,1.57019
0.456548,0.267591,0.0287851;1.56745,0.605308,1.56563
0.454712,0.26988,0.0293597;1.56552,0.576898,1.55059
0.451404,0.282854,0.0345101;1.59957,0.389361,1.53232
0.459709,0.266623,0.0371147;1.67914,0.330523,1.51493
0.47532,0.240988,0.0297345;1.60672,0.276042,1.56021
0.477054,0.239297,0.0286256;1.56982,0.364061,1.57283
0.477065,0.239551,0.0285844;1.5702,0.370077,1.5707
0.476402,0.240805,0.0287521;1.57015,0.330107,1.56301
0.472001,0.253267,0.0335662;1.54983,0.16645,1.52214
0.474411,0.2522,0.0396061;1.60749,0.0682867,1.53284
0.481349,0.226308,0.0362061;1.65643,0.0283522,1.54107
0.486902,0.205584,0.0286024;1.56938,0.0687381,1.57105
0.487521,0.206864,0.0285846;1.56998,0.1391,1.57037
0.487297,0.20772,0.0286082;1.57066,0.112878,1.56947
0.486502,0.218013,0.0314139;1.56102,-0.00648014,1.53178
0.485537,0.224722,0.0355407;1.54442,-0.121217,1.52046
0.484223,0.213429,0.0404689;1.5905,-0.184865,1.53642
0.484343,0.169795,0.0286929;1.57304,-0.207423,1.5663
0.484727,0.170388,0.0286747;1.56934,-0.11736,1.57392
0.485508,0.170962,0.0286213;1.56875,-0.0800393,1.5707
0.486846,0.173815,0.0288095;1.57273,-0.149692,1.56175
0.488511,0.182892,0.0320118;1.56115,-0.27004,1.53307
0.484776,0.179923,0.0395749;1.62236,-0.403696,1.54239
0.474844,0.131467,0.0288952;1.57126,-0.463153,1.55671
0.474123,0.129844,0.0285764;1.57062,-0.365585,1.57131
0.475447,0.130955,0.0285963;1.56998,-0.284048,1.57078
0.476229,0.132233,0.0286013;1.57307,-0.322397,1.57248
0.480669,0.140028,0.0303329;1.58363,-0.40933,1.55912
0.481146,0.145831,0.0354723;1.58551,-0.540717,1.54397
0.456646,0.100101,0.0304816;1.56398,-0.600442,1.53068
0.454521,0.0929887,0.0289559;1.56385,-0.51614,1.55554
0.454728,0.0903239,0.0287156;1.56672,-0.404556,1.56655
0.455692,0.0915672,0.0286369;1.57121,-0.408545,1.57378
0.457514,0.0935267,0.0299258;1.61012,-0.440402,1.58947
0.460758,0.100522,0.0363576;1.65828,-0.545055,1.59911
0.438433,0.0671111,0.032362;1.56957,-0.621376,1.52413
0.432478,0.0557036,0.0295256;1.56433,-0.576411,1.5444
0.431479,0.0519732,0.0288731;1.56152,-0.487966,1.56076
0.432287,0.0512361,0.0285815;1.57088,-0.451216,1.57096
0.433519,0.0528258,0.0288127;1.58003,-0.461791,1.57844
0.436318,0.0574034,0.0322098;1.64172,-0.487777,1.61106
0.423048,0.0391581,0.0355598;1.65058,-0.592552,1.58811
0.411485,0.0186136,0.0296725;1.56511,-0.626716,1.54144
0.407491,0.0141165,0.0290048;1.56317,-0.576087,1.55247
0.40748,0.0108502,0.028656;1.57051,-0.472365,1.56707
0.407987,0.01128,0.0285842;1.57088,-0.476022,1.57124
0.410796,0.014198,0.0295321;1.59508,-0.501877,1.58681
0.403318,0.00823981,0.037362;1.70329,-0.623004,1.63053
0.388717,-0.0149885,0.031816;1.60421,-0.673716,1.56852
0.381625,-0.0259623,0.0291946;1.56295,-0.673141,1.54665
0.378873,-0.0303204,0.0290218;1.55842,-0.568337,1.55349
0.379279,-0.0306254,0.0288453;1.56751,-0.565003,1.55898
0.381555,-0.028595,0.0290155;1.59001,-0.573126,1.57858
0.387524,-0.0172476,0.0357606;1.70185,-0.697224,1.65757
0.373993,-0.0372692,0.0351082;1.71061,-0.719151,1.66139
0.363508,-0.0536559,0.0287899;1.56826,-0.752895,1.55748
0.361667,-0.0560141,0.0290348;1.55829,-0.652878,1.5514
0.363417,-0.0551075,0.0289575;1.56483,-0.675023,1.55365
0.366099,-0.0535759,0.0289737;1.57659,-0.682835,1.5596
0.380917,-0.035993,0.0352465;1.68927,-0.799672,1.65446
0.371807,-0.0472911,0.0357783;1.73724,-0.795852,1.69262
0.363193,-0.0603354,0.0287533;1.58398,-0.840042,1.58083
0.362135,-0.0616264,0.0288823;1.55918,-0.773974,1.55662
0.362803,-0.0600842,0.0290136;1.55971,-0.796987,1.5499
0.365489,-0.0571819,0.0303577;1.56508,-0.816822,1.53327
0.365489,-0.0571819,0.0303577;1.56508,-0.816822,1.53327
0.381589,-0.0476356,0.0326326;1.60068,-0.799809,1.56193
0.381589,-0.0476356,0.0326326;1.60068,-0.799809,1.56193
