-0.125,0.125,0.06;-1.57,-2.98023e-08,-1.57
-0.125,0.125,0.06;-1.57,-2.98023e-08,-1.57
-0.125,0.125,0.06;-1.57,-2.98023e-08,-1.57
-0.126071,0.122902,0.0285055;-1.57073,-0.261579,-1.56778
-0.125081,0.124612,0.0286459;-1.56754,-0.180877,-1.5702
-0.122997,0.129164,0.0293189;-1.5612,-0.0418252,-1.56921
-0.122358,0.14822,0.0297076;-1.58032,0.0685515,-1.57078
-0.123064,0.147456,0.028574;-1.57078,-0.134665,-1.57085
-0.123655,0.146473,0.0285953;-1.57063,-0.20902,-1.57006
-0.123959,0.145413,0.0285992;-1.57067,-0.248245,-1.56989
-0.123054,0.148186,0.0286635;-1.56694,-0.111021,-1.57005
-0.120878,0.152992,0.0292141;-1.56097,0.0144118,-1.56885
-0.1205,0.164443,0.0305752;-1.57916,0.177887,-1.56347
-0.118475,0.173431,0.0290648;-1.56675,0.0765516,-1.5736
-0.118819,0.172834,0.0285786;-1.57075,-0.0302508,-1.57067
-0.119762,0.171875,0.0286069;-1.57102,-0.121431,-1.56946
-0.119581,0.172937,0.028622;-1.57077,-0.0656004,-1.56877
-0.117756,0.174807,0.0288035;-1.56433,0.0296134,-1.56862
-0.11643,0.183092,0.0297761;-1.57041,0.181617,-1.56629
-0.114238,0.203653,0.0344835;-1.62936,0.254863,-1.57439
-0.113511,0.207382,0.0305985;-1.60641,0.140103,-1.56975
-0.113305,0.205841,0.0285622;-1.57035,0.0482123,-1.57011
-0.11358,0.205519,0.0286057;-1.57074,0.0156974,-1.56959
-0.111867,0.207723,0.0286965;-1.57051,0.117314,-1.56547
-0.108804,0.21238,0.0291039;-1.56326,0.245342,-1.56928
-0.104729,0.218636,0.029991;-1.55628,0.337033,-1.58169
-0.10353,0.224508,0.0287589;-1.5676,0.280729,-1.57715
-0.105059,0.226349,0.0286079;-1.5708,0.108855,-1.56909
-0.10528,0.226216,0.0286361;-1.57085,0.108882,-1.56812
-0.104872,0.226905,0.02869;-1.57115,0.152231,-1.5652
-0.0993851,0.236532,0.0298674;-1.57509,0.404847,-1.56094
-0.0959489,0.24659,0.0327766;-1.60959,0.518597,-1.56183
-0.0901332,0.258551,0.0334848;-1.61117,0.481815,-1.5786
-0.0893318,0.264791,0.0287082;-1.57053,0.269678,-1.57676
-0.0889443,0.265481,0.0285802;-1.57079,0.177474,-1.57085
-0.0890852,0.265384,0.0285922;-1.57106,0.176246,-1.56996
-0.0854975,0.26711,0.029013;-1.56734,0.422933,-1.57347
-0.0820744,0.275379,0.0326743;-1.60972,0.577316,-1.5594
-0.0747443,0.289017,0.0375458;-1.66112,0.601398,-1.56186
-0.0707579,0.296342,0.0290045;-1.56828,0.401456,-1.5904
-0.0686563,0.298707,0.0289964;-1.58543,0.306872,-1.57249
-0.0669525,0.29959,0.0288952;-1.58254,0.257971,-1.57161
-0.0696392,0.296343,0.0294194;-1.57386,0.430802,-1.58815
-0.0661629,0.298901,0.032776;-1.56867,0.569013,-1.60481
-0.0595286,0.309726,0.0396635;-1.69293,0.71115,-1.54444
-0.0523899,0.326503,0.0323711;-1.62908,0.552194,-1.56492
-0.0490114,0.327671,0.0290885;-1.58066,0.451552,-1.58161
-0.0449484,0.329935,0.0291887;-1.59353,0.389439,-1.57058
-0.0498514,0.326547,0.0306015;-1.59764,0.503681,-1.57944
-0.0489604,0.326017,0.0344103;-1.59949,0.648984,-1.59673
-0.0404193,0.334822,0.040085;-1.70763,0.81225,-1.53013
-0.0286557,0.349743,0.0354383;-1.64722,0.715637,-1.57661
-0.0239879,0.351076,0.0310394;-1.57503,0.610925,-1.60785
-0.0161698,0.353988,0.0292014;-1.59659,0.501617,-1.56592
-0.0265091,0.349018,0.0305442;-1.62632,0.613138,-1.54585
-0.0289964,0.348418,0.0352528;-1.66768,0.733812,-1.52955
-0.024463,0.353789,0.0390372;-1.73051,0.90067,-1.48795
-0.00413195,0.368118,0.0374965;-1.64889,0.858742,-1.58365
0.000809284,0.371079,0.0324329;-1.56107,0.757019,-1.64014
0.00787587,0.374045,0.0308678;-1.59392,0.657608,-1.58609
0.00598225,0.373232,0.0291434;-1.60323,0.711682,-1.55284
0.00336777,0.372743,0.0297345;-1.62005,0.808441,-1.53726
0.0065874,0.375184,0.0344789;-1.69659,0.963788,-1.48091
0.0269646,0.385165,0.0385138;-1.70502,1.02373,-1.52263
0.0303667,0.388307,0.0351145;-1.63023,0.93462,-1.57878
0.0339165,0.389994,0.0306583;-1.57216,0.845006,-1.60529
0.0358212,0.390915,0.0286858;-1.57072,0.812765,-1.57578
0.0348385,0.391274,0.0286629;-1.577,0.878293,-1.56607
0.0324328,0.390093,0.0290823;-1.5789,0.988232,-1.56868
0.0428616,0.389052,0.0349456;-1.48202,1.18079,-1.68501
0.057732,0.399879,0.0339229;-1.63502,1.11633,-1.54292
0.0629743,0.405058,0.0289319;-1.56769,1.03546,-1.58888
0.0642097,0.406933,0.0285793;-1.57084,0.895598,-1.57071
0.0650193,0.40702,0.0285873;-1.57059,0.953699,-1.57069
0.0659326,0.406165,0.0287082;-1.56024,1.02325,-1.57909
0.07341,0.407174,0.0336962;-1.33761,1.27006,-1.78907
0.083122,0.412345,0.0346458;-1.39893,1.22047,-1.72949
0.091341,0.417071,0.0288343;-1.54659,1.17541,-1.59573
0.0914295,0.420028,0.028629;-1.56564,0.99245,-1.5754
0.0908054,0.419554,0.0286086;-1.57049,1.03891,-1.57249
0.0907033,0.418627,0.0286276;-1.57093,1.08769,-1.56824
0.101278,0.420793,0.0309757;-1.6268,1.38514,-1.51498
0.11312,0.424399,0.03195;-1.67107,1.35158,-1.48532
0.120812,0.425087,0.0293658;-1.54349,1.31131,-1.61208
0.123348,0.428933,0.0285711;-1.57126,1.15913,-1.57013
0.122842,0.428414,0.0285762;-1.57101,1.20126,-1.57051
0.123105,0.428171,0.0287311;-1.57114,1.22387,-1.56317
0.131024,0.433406,0.030983;-1.73554,1.43135,-1.38899
0.139515,0.431484,0.0324051;-1.6207,1.39053,-1.5412
0.144506,0.428583,0.0321685;-1.44867,1.35739,-1.7375
0.15192,0.435174,0.0288955;-1.55315,1.2293,-1.59657
0.151282,0.434527,0.0285831;-1.56839,1.2673,-1.57247
0.14975,0.434757,0.0287479;-1.5679,1.23999,-1.56629
0.151976,0.436814,0.0302992;-1.61202,1.32356,-1.50856
0.159539,0.435203,0.0299188;-1.51514,1.32196,-1.63286
0.159174,0.431448,0.0330671;-1.3699,1.3642,-1.81138
0.167561,0.439904,0.0290291;-1.54444,1.21877,-1.60815
0.167979,0.440874,0.0286106;-1.56787,1.16798,-1.57312
0.168239,0.440731,0.0285784;-1.57003,1.205,-1.57144
0.167989,0.439584,0.0286922;-1.55608,1.26972,-1.58583
0.173102,0.434712,0.0353833;-0.480975,1.44249,-2.65649
0.177416,0.433954,0.0376668;-0.527171,1.38603,-2.61869
0.185887,0.440173,0.0314289;-1.36292,1.40019,-1.8052
0.194012,0.444707,0.0286031;-1.56723,1.25238,-1.57406
0.192893,0.444215,0.0285696;-1.57024,1.2945,-1.57102
0.190962,0.443111,0.0286627;-1.57112,1.37093,-1.57446
0.184668,0.442396,0.0331198;1.49257,1.53114,1.62428
0.196852,0.437599,0.0364456;-0.92612,1.55336,-2.2839
0.210455,0.43914,0.0335865;-1.14031,1.49023,-2.06298
0.226219,0.441634,0.0289758;-1.58303,1.32824,-1.57231
0.225621,0.441226,0.0287132;-1.56988,1.33829,-1.57804
0.223258,0.441734,0.0288101;-1.64245,1.40566,-1.49957
0.205168,0.442118,0.0363081;3.04228,1.48115,0.0698727
0.206203,0.437016,0.0380595;-2.09141,1.5198,-1.12258
0.216061,0.434616,0.037025;-1.48017,1.47362,-1.75483
0.236842,0.436962,0.0327401;-1.59913,1.3291,-1.59776
0.236526,0.43624,0.0296565;-1.62758,1.33709,-1.53452
0.233327,0.437194,0.0291047;-1.72539,1.39721,-1.42036
0.220888,0.440498,0.036829;-3.12744,1.44202,-0.0416961
0.224917,0.438027,0.0390789;2.8676,1.47396,0.212674
0.234031,0.433333,0.0399829;-2.93579,1.51185,-0.30309
0.245632,0.435332,0.0346568;-1.61036,1.3896,-1.60508
0.24849,0.433896,0.031469;-1.64356,1.334,-1.53765
0.245481,0.434006,0.0291585;-1.67063,1.36467,-1.48057
0.234023,0.436268,0.0356819;-2.65384,1.45048,-0.517479
0.233403,0.434797,0.0388199;2.51294,1.47449,0.578752
0.243021,0.429677,0.0409843;2.71768,1.4961,0.336844
0.261121,0.431734,0.0337248;-1.48212,1.48316,-1.73203
0.270945,0.431162,0.0313808;-1.61432,1.40941,-1.56901
0.272337,0.430201,0.0290378;-1.62705,1.39445,-1.52735
0.261802,0.432852,0.0322223;-2.47515,1.48534,-0.681602
0.250715,0.43314,0.0362591;3.0374,1.4822,0.0759681
0.246681,0.428725,0.0389385;2.58254,1.50402,0.498629
0.26651,0.428174,0.034087;-1.29522,1.48676,-1.91852
0.275956,0.430719,0.0317185;-1.54513,1.41313,-1.64162
0.282171,0.430624,0.0289234;-1.5884,1.356,-1.56601
0.2782,0.431355,0.0287588;-1.64645,1.45663,-1.49577
0.272154,0.432813,0.0308533;-2.63452,1.5186,-0.514315
0.258063,0.430703,0.0348515;3.03694,1.5015,0.082401
0.263453,0.423489,0.0339144;-1.2912,1.44302,-1.91409
0.269791,0.427608,0.0320505;-1.4956,1.382,-1.69351
0.277444,0.429595,0.0287783;-1.57771,1.31873,-1.5751
0.276182,0.428695,0.0287708;-1.56265,1.39862,-1.57117
0.276546,0.42923,0.0291376;-1.61206,1.44241,-1.51895
0.278232,0.431948,0.0302951;-2.09586,1.53756,-1.03485
0.28108,0.421333,0.0346335;-1.18962,1.44903,-2.02032
0.286796,0.426571,0.0340635;-1.38368,1.39011,-1.82049
0.293172,0.430949,0.0297316;-1.51483,1.31302,-1.64269
0.292181,0.430766,0.0287213;-1.57127,1.34239,-1.56342
0.291827,0.431222,0.0290615;-1.62367,1.36357,-1.50634
0.290694,0.433004,0.0304833;-1.679,1.41978,-1.44826
0.2881,0.42343,0.0345609;-1.35865,1.34643,-1.84666
0.293113,0.42734,0.0344171;-1.44085,1.30041,-1.76707
0.301682,0.432384,0.0308276;-1.51162,1.2366,-1.65571
0.303037,0.433087,0.028669;-1.57333,1.25786,-1.56302
0.302609,0.433009,0.0287895;-1.57362,1.27368,-1.55822
0.300904,0.433734,0.0296395;-1.61736,1.30756,-1.51637
0.292325,0.423178,0.0338384;-1.48169,1.24242,-1.71137
0.292869,0.42199,0.0342952;-1.45245,1.19928,-1.74863
0.298561,0.427842,0.0319054;-1.52756,1.1371,-1.65493
0.303725,0.431161,0.0287668;-1.55464,1.11064,-1.58691
0.304187,0.430789,0.0287053;-1.5708,1.15386,-1.56475
0.30453,0.431345,0.0289866;-1.58708,1.19807,-1.54559
0.300143,0.426667,0.0325318;-1.63968,1.19772,-1.52796
0.296822,0.41914,0.0340971;-1.46926,1.13944,-1.72703
0.299478,0.422152,0.0336263;-1.50089,1.10059,-1.69483
0.307337,0.43071,0.0289246;-1.55793,0.99786,-1.59107
0.307233,0.429873,0.0285734;-1.56979,1.057,-1.57103
0.307449,0.430064,0.0287908;-1.57385,1.09475,-1.55887
0.304937,0.431478,0.0310805;-1.65338,1.1869,-1.48841
0.303356,0.421742,0.0326386;-1.49927,1.09446,-1.67771
0.304202,0.419047,0.0346124;-1.47329,1.07006,-1.72811
0.313181,0.431242,0.0293514;-1.55786,0.951561,-1.59781
0.312457,0.430457,0.0287788;-1.56384,0.992204,-1.58245
0.312297,0.43019,0.0287168;-1.57083,1.0496,-1.56415
0.307796,0.430319,0.0329053;-1.76252,1.18051,-1.39366
0.307078,0.422989,0.0346795;-1.62113,1.06725,-1.56899
0.30783,0.417781,0.0353253;-1.49241,1.00738,-1.71824
0.319393,0.429142,0.0322951;-1.5569,0.889122,-1.63182
0.317432,0.42947,0.0290784;-1.57647,0.933528,-1.58099
0.315082,0.429861,0.0288318;-1.58813,1.03055,-1.55293
0.315082,0.429861,0.0288318;-1.58813,1.03055,-1.55293
0.311541,0.429872,0.0303695;-1.67062,1.07535,-1.48258
0.311541,0.429872,0.0303695;-1.67062,1.07535,-1.48258
