-0.125,0.125,0.06;-1.57,-2.98023e-08,-1.57
-0.125,0.125,0.06;-1.57,-2.98023e-08,-1.57
-0.125,0.125,0.06;-1.57,-2.98023e-08,-1.57
-0.124327,0.135572,0.0423449;-1.57003,-0.206304,-1.57026
-0.125148,0.131653,0.0424235;-1.57354,-0.145766,-1.57046
-0.128343,0.105378,0.0516048;-1.64854,-0.0579401,-1.5756
-0.126444,0.0652771,0.0575525;-1.38625,-0.0260828,-1.56354
-0.130626,0.0998144,0.0422142;-1.5674,-0.190989,-1.56978
-0.130986,0.100389,0.0424892;-1.56554,-0.223823,-1.5696
-0.131029,0.100094,0.0423596;-1.56955,-0.216614,-1.57085
-0.129026,0.098418,0.0424971;-1.5714,-0.101409,-1.56565
-0.133416,0.0796225,0.0503183;-1.63505,-0.0175438,-1.56632
-0.13409,0.0434954,0.0673426;-1.48193,0.0765672,-1.57557
-0.13742,0.0424304,0.0538383;-1.4376,-0.0154643,-1.57277
-0.138795,0.0643885,0.0426274;-1.5824,-0.100125,-1.57057
-0.137662,0.0674272,0.0423503;-1.57069,-0.160695,-1.57177
-0.136687,0.0643525,0.0424003;-1.57081,-0.0828448,-1.56855
-0.141452,0.0482976,0.0477356;-1.62163,-0.000824005,-1.56456
-0.144934,0.0122542,0.0654061;-1.5088,0.0986657,-1.57895
-0.146744,-0.0117782,0.0597823;-1.35979,0.0832346,-1.58364
-0.150919,0.00244704,0.0530347;-1.44407,-0.00561541,-1.57551
-0.152013,0.0265142,0.0422696;-1.57294,-0.0958772,-1.5693
-0.151382,0.0264494,0.0423305;-1.57076,-0.0997612,-1.57091
-0.15177,0.0251663,0.0425889;-1.57321,-0.0236548,-1.56401
-0.158215,0.000983266,0.0521526;-1.62326,0.0683467,-1.56527
-0.160081,-0.0313022,0.0613598;-1.45999,0.108644,-1.58276
-0.163511,-0.0293357,0.0495841;-1.48146,0.0203149,-1.57533
-0.162805,-0.0157064,0.0424764;-1.56607,-0.101279,-1.57029
-0.162188,-0.0169506,0.0424287;-1.56768,-0.0593758,-1.5708
-0.160977,-0.0169793,0.0423329;-1.57077,-0.00267271,-1.57071
-0.171356,-0.0539742,0.0608713;-1.55983,0.161451,-1.57649
-0.172818,-0.0879582,0.0656419;-1.4019,0.203727,-1.59744
-0.176492,-0.090745,0.0567478;-1.39866,0.12765,-1.59592
-0.175891,-0.0570033,0.0422926;-1.56984,-0.0526623,-1.57058
-0.175792,-0.0567557,0.0423339;-1.57056,-0.0672335,-1.571
-0.17373,-0.0599891,0.0424217;-1.56893,0.0252975,-1.57193
-0.18162,-0.0772524,0.0494271;-1.61626,0.171406,-1.55988
-0.188854,-0.1138,0.0664149;-1.47489,0.261016,-1.59835
-0.194847,-0.134477,0.0591177;-1.3729,0.23344,-1.61731
-0.195467,-0.097406,0.041972;-1.56615,0.0438211,-1.57117
-0.195042,-0.0973345,0.0424281;-1.56743,-0.00379486,-1.57098
-0.194683,-0.0976738,0.0423859;-1.56885,0.0210191,-1.57119
-0.196522,-0.101572,0.0436319;-1.58346,0.152762,-1.56416
-0.206823,-0.130558,0.0588994;-1.55169,0.251492,-1.58075
-0.212195,-0.165253,0.0667051;-1.41736,0.304432,-1.61186
-0.216706,-0.142877,0.0431266;-1.55165,0.104613,-1.57309
-0.214394,-0.138266,0.0423039;-1.57099,0.029578,-1.57003
-0.214567,-0.13814,0.0423297;-1.57074,0.0135991,-1.57086
-0.213853,-0.142767,0.0425613;-1.57337,0.196774,-1.56486
-0.224679,-0.165189,0.0528781;-1.57753,0.293597,-1.57198
-0.23393,-0.201818,0.0665584;-1.43727,0.370822,-1.62013
-0.240292,-0.187509,0.0433313;-1.55205,0.168957,-1.5772
-0.236999,-0.181913,0.0423248;-1.571,0.0815062,-1.5708
-0.237392,-0.181706,0.0423545;-1.56993,0.0574621,-1.5709
-0.237213,-0.186501,0.042513;-1.57459,0.249886,-1.567
-0.250007,-0.209278,0.0525505;-1.57976,0.346049,-1.57246
-0.260792,-0.245752,0.066047;-1.43717,0.423644,-1.62864
-0.268289,-0.237393,0.0468638;-1.51563,0.255823,-1.59021
-0.264772,-0.227487,0.0423329;-1.57138,0.177868,-1.57026
-0.264715,-0.227752,0.0424222;-1.56777,0.148106,-1.5712
-0.263564,-0.230326,0.0423763;-1.57071,0.283386,-1.5694
-0.273761,-0.243156,0.0474537;-1.58601,0.376297,-1.56579
-0.288096,-0.275911,0.0648363;-1.47607,0.469954,-1.62157
-0.298062,-0.288894,0.0546146;-1.42567,0.401901,-1.63792
-0.296143,-0.272748,0.0450883;-1.52916,0.310189,-1.58438
-0.29314,-0.267513,0.0423264;-1.57097,0.23031,-1.57081
-0.292864,-0.267599,0.042332;-1.57076,0.254527,-1.57073
-0.2938,-0.269676,0.0425001;-1.57354,0.341109,-1.56594
-0.30847,-0.290702,0.0521891;-1.5519,0.447086,-1.58766
-0.326602,-0.340152,0.0578413;-1.35687,0.524866,-1.67683
-0.329116,-0.330536,0.0535301;-1.43528,0.428656,-1.63836
-0.324194,-0.307614,0.0423206;-1.58313,0.323054,-1.5649
-0.322694,-0.307403,0.0423298;-1.57071,0.256489,-1.57094
-0.321403,-0.308375,0.0422971;-1.57133,0.346749,-1.5709
-0.32658,-0.312836,0.0436755;-1.5828,0.422259,-1.56375
-0.354788,-0.37231,0.0677613;-1.40186,0.586309,-1.66322
-0.363403,-0.379259,0.0569497;-1.38781,0.485576,-1.67353
-0.359631,-0.356862,0.0464899;-1.52228,0.380365,-1.59801
-0.353704,-0.347274,0.042352;-1.57,0.258062,-1.57102
-0.353321,-0.350211,0.0423227;-1.57092,0.373627,-1.57058
-0.356136,-0.352598,0.0427141;-1.57865,0.459791,-1.56499
-0.386895,-0.408907,0.0663019;-1.40322,0.634709,-1.67274
-0.396501,-0.416495,0.0582315;-1.40804,0.530662,-1.67169
-0.392664,-0.396498,0.0458566;-1.53039,0.423461,-1.59811
-0.386446,-0.386976,0.0423272;-1.57078,0.272489,-1.57086
-0.386671,-0.390115,0.0423281;-1.57054,0.372516,-1.57062
-0.390359,-0.394067,0.0425673;-1.57857,0.462746,-1.56847
-0.419208,-0.449315,0.0666311;-1.41515,0.641658,-1.66926
-0.428585,-0.456061,0.0589033;-1.42488,0.538232,-1.66502
-0.426152,-0.438377,0.0463945;-1.5187,0.440525,-1.60152
-0.42193,-0.430855,0.042379;-1.56913,0.328852,-1.57124
-0.421612,-0.433826,0.042237;-1.57332,0.442144,-1.56899
-0.421654,-0.433812,0.0423266;-1.57073,0.479785,-1.57083
-0.451209,-0.475385,0.0662105;-1.45276,0.673451,-1.65504
-0.462471,-0.484793,0.0577846;-1.43118,0.593741,-1.66274
-0.462732,-0.482367,0.0521962;-1.44567,0.572676,-1.65039
-0.457774,-0.468866,0.0423297;-1.57077,0.424325,-1.5708
-0.457252,-0.470623,0.0425351;-1.56344,0.49295,-1.57437
-0.456116,-0.470958,0.0430154;-1.54867,0.545059,-1.57873
-0.460145,-0.476079,0.044663;-1.55389,0.661541,-1.58463
-0.493097,-0.528394,0.0639881;-1.29757,0.792175,-1.74957
-0.500065,-0.529193,0.0555835;-1.35915,0.695006,-1.7082
-0.489563,-0.508301,0.0428874;-1.5982,0.597759,-1.55719
-0.486965,-0.507882,0.0428527;-1.55339,0.515598,-1.57756
-0.48514,-0.508345,0.0423979;-1.57194,0.607768,-1.5673
-0.486834,-0.505619,0.0432925;-1.59483,0.705706,-1.55542
-0.523734,-0.543974,0.0683566;-1.55695,0.877229,-1.59978
-0.533688,-0.552317,0.0594985;-1.3904,0.781785,-1.70727
-0.523696,-0.532425,0.0427162;-1.57654,0.67341,-1.57564
-0.514982,-0.526223,0.04289;-1.55287,0.576314,-1.57747
-0.515494,-0.52769,0.0424658;-1.56879,0.63004,-1.56813
-0.516741,-0.526165,0.0430633;-1.59448,0.684023,-1.55856
-0.551297,-0.560981,0.0675783;-1.5652,0.861275,-1.59552
-0.563671,-0.5701,0.0623428;-1.35108,0.770626,-1.71644
-0.558836,-0.554659,0.0473493;-1.48684,0.683106,-1.62525
-0.551125,-0.547914,0.0429023;-1.55249,0.585741,-1.57755
-0.551023,-0.548112,0.0426274;-1.56111,0.624344,-1.57475
-0.551541,-0.546535,0.0426781;-1.58123,0.681602,-1.56118
-0.584179,-0.572796,0.0671025;-1.64109,0.859284,-1.53931
-0.603499,-0.591138,0.0659529;-1.43697,0.843908,-1.66323
-0.608354,-0.589992,0.053947;-1.3702,0.757142,-1.70713
-0.596599,-0.575792,0.0428437;-1.55372,0.655573,-1.57755
-0.596309,-0.575556,0.0428907;-1.54971,0.666392,-1.58219
-0.594963,-0.574538,0.0423955;-1.57229,0.720404,-1.56663
-0.618001,-0.585297,0.0584068;-1.74345,0.877651,-1.45146
-0.640304,-0.607553,0.0693294;-1.59862,0.950143,-1.5651
-0.655649,-0.616745,0.0604986;-1.31192,0.88362,-1.76053
-0.642533,-0.59985,0.0423831;-1.56806,0.740183,-1.56879
-0.643032,-0.599983,0.0428738;-1.55097,0.729466,-1.5812
-0.642898,-0.600182,0.0426789;-1.55762,0.761618,-1.57816
-0.652616,-0.601181,0.0494808;-1.71648,0.896797,-1.46371
-0.676066,-0.617987,0.0652551;-1.68403,0.991973,-1.49747
-0.698302,-0.636864,0.0662539;-1.4434,1.00655,-1.67664
-0.689647,-0.621085,0.0425506;-1.59077,0.832696,-1.55433
-0.687276,-0.620472,0.0428493;-1.55264,0.788638,-1.57955
-0.687646,-0.620675,0.0429222;-1.54692,0.790369,-1.58531
-0.689673,-0.618498,0.0441055;-1.62291,0.909459,-1.53083
-0.709349,-0.627616,0.0570484;-1.75814,1.00191,-1.42887
-0.734984,-0.64731,0.069625;-1.585,1.07604,-1.57604
-0.731593,-0.637778,0.0429234;-1.60144,0.873388,-1.55232
-0.719944,-0.632033,0.0426804;-1.56614,0.796151,-1.56611
-0.719902,-0.631773,0.0428419;-1.55045,0.788831,-1.58298
-0.717341,-0.638711,0.0447331;-1.61049,0.828452,-1.52893
-0.722934,-0.647596,0.0607489;-1.82558,0.888126,-1.36269
-0.742708,-0.66684,0.0684914;-1.59589,1.01504,-1.56877
-0.748864,-0.661038,0.0462971;-1.49514,0.823853,-1.62806
-0.739096,-0.65352,0.0425718;-1.56869,0.773983,-1.56502
-0.735044,-0.651993,0.0427759;-1.56501,0.797794,-1.56825
-0.73129,-0.65681,0.0432336;-1.59608,0.883789,-1.54492
-0.738312,-0.662753,0.0550475;-1.80205,0.949909,-1.3802
-0.760501,-0.677145,0.0707016;-1.68962,1.06689,-1.48559
-0.784263,-0.681843,0.0521485;-1.35937,0.981089,-1.74122
-0.77024,-0.672921,0.042682;-1.588,0.934798,-1.55512
-0.765511,-0.670491,0.0430909;-1.55766,0.922627,-1.57571
-0.762082,-0.669013,0.0425334;-1.57496,0.924591,-1.56319
-0.760892,-0.670075,0.0483892;-1.7141,0.974159,-1.45101
-0.771315,-0.677098,0.064405;-1.85526,1.08737,-1.33066
-0.810015,-0.695445,0.061904;-1.2623,1.11642,-1.8292
-0.801558,-0.684159,0.0462246;-1.46149,1.06087,-1.66437
-0.792288,-0.677712,0.0426519;-1.5619,1.01993,-1.57184
-0.780095,-0.66958,0.0425044;-1.56626,0.973445,-1.57167
-0.778681,-0.669272,0.0434003;-1.61893,0.998374,-1.52804
-0.779969,-0.673056,0.0559076;-1.8995,1.06966,-1.27577
-0.81778,-0.692709,0.072454;-1.59786,1.19772,-1.53912
-0.822037,-0.688152,0.0546704;-1.22477,1.12994,-1.8744
-0.806388,-0.677017,0.0426237;-1.59671,1.08099,-1.54455
-0.790856,-0.667389,0.0430366;-1.56552,1.02019,-1.56711
-0.789408,-0.66753,0.0425052;-1.57227,1.03838,-1.56415
-0.78856,-0.669623,0.04727;-1.71415,1.09546,-1.44425
-0.824076,-0.688874,0.0713093;-1.70173,1.28996,-1.46077
-0.836293,-0.687603,0.0635775;-1.41611,1.22386,-1.71252
-0.817155,-0.671454,0.0437683;-1.63218,1.12683,-1.51467
-0.801606,-0.666192,0.0427627;-1.55479,1.09898,-1.57833
-0.799542,-0.671148,0.0425482;-1.56965,1.17175,-1.56541
-0.798631,-0.670842,0.0447717;-1.65965,1.20531,-1.47925
-0.838021,-0.683293,0.0709089;-1.90848,1.38818,-1.25861
-0.85192,-0.685253,0.0660014;-1.35488,1.33042,-1.77609
-0.834029,-0.671901,0.0432755;-1.54184,1.23522,-1.60187
-0.818951,-0.666913,0.0427742;-1.54737,1.19854,-1.5867
-0.817595,-0.671647,0.0425352;-1.57156,1.25996,-1.5634
-0.817524,-0.67233,0.0437089;-1.65165,1.28562,-1.4888
-0.817524,-0.67233,0.0437089;-1.65165,1.28562,-1.4888
-0.827808,-0.674053,0.0566295;-2.22362,1.32529,-0.936599
-0.827808,-0.674053,0.0566295;-2.22362,1.32529,-0.936599
