-0.125,0.125,0.06;-1.57,-2.98023e-08,-1.57
-0.125,0.125,0.06;-1.57,-2.98023e-08,-1.57
-0.125,0.125,0.06;-1.57,-2.98023e-08,-1.57
-0.124234,0.132303,0.0423168;-1.57042,-0.242806,-1.57027
-0.12494,0.128999,0.0423495;-1.57132,-0.186995,-1.57026
-0.128089,0.103118,0.0502824;-1.60609,-0.0927935,-1.57648
-0.126951,0.0638969,0.0566842;-1.4086,-0.0760233,-1.56717
-0.133171,0.0939005,0.0423024;-1.57039,-0.225946,-1.57045
-0.133089,0.0940797,0.0425065;-1.5649,-0.235848,-1.56945
-0.132904,0.0931498,0.0426838;-1.56002,-0.222822,-1.56915
-0.130876,0.0913091,0.0424721;-1.57187,-0.116474,-1.56676
-0.133965,0.0692133,0.0510763;-1.66341,-0.0568101,-1.57143
-0.13391,0.0258548,0.0682431;-1.48023,0.0165552,-1.57205
-0.139555,0.0146446,0.0529544;-1.44885,-0.0840839,-1.56795
-0.144475,0.0285732,0.042282;-1.58367,-0.188295,-1.57178
-0.144448,0.0292376,0.0423262;-1.57092,-0.307379,-1.57081
-0.14435,0.028388,0.0423342;-1.57059,-0.292686,-1.57045
-0.145401,0.013885,0.0446047;-1.55889,-0.195352,-1.57466
-0.139922,-0.0211495,0.0595173;-1.45757,-0.0904726,-1.57735
-0.133439,-0.0381215,0.0588947;-1.37516,-0.0385915,-1.56628
-0.137815,-0.0223687,0.0524276;-1.44858,-0.105846,-1.56276
-0.141088,0.000229506,0.0424556;-1.57789,-0.19301,-1.57156
-0.140272,0.000558624,0.0423867;-1.56895,-0.207317,-1.57045
-0.141151,-0.00195499,0.042675;-1.57696,-0.134881,-1.56627
-0.145304,-0.0259612,0.0528361;-1.66555,-0.0421644,-1.57137
-0.146035,-0.0640853,0.0629325;-1.49158,-0.0152813,-1.56852
-0.149551,-0.0734858,0.0502436;-1.46959,-0.074721,-1.56724
-0.151385,-0.0653589,0.0423525;-1.56978,-0.250146,-1.57044
-0.151379,-0.0653764,0.0423902;-1.56881,-0.249414,-1.57038
-0.150516,-0.0650995,0.0423177;-1.57119,-0.193419,-1.57077
-0.151491,-0.100421,0.0560057;-1.48038,0.0248549,-1.5896
-0.144331,-0.124043,0.0633602;-1.39832,0.10475,-1.58984
-0.142958,-0.125313,0.0556066;-1.40395,0.0792186,-1.58282
-0.143909,-0.102186,0.0423039;-1.57021,-0.0419955,-1.57087
-0.144066,-0.102163,0.0425085;-1.56505,-0.0558034,-1.57048
-0.143263,-0.103652,0.0424684;-1.56701,-0.0148037,-1.57129
-0.150187,-0.124723,0.0510287;-1.6599,0.0727647,-1.55812
-0.156764,-0.166979,0.0679031;-1.48418,0.141064,-1.58652
-0.162419,-0.195144,0.0593531;-1.35384,0.140192,-1.59705
-0.167714,-0.171482,0.0421557;-1.56704,-0.0480056,-1.56997
-0.168182,-0.172333,0.0423697;-1.56918,-0.142196,-1.57047
-0.168603,-0.172539,0.0423314;-1.57079,-0.152598,-1.57079
-0.168086,-0.177322,0.0425334;-1.5697,0.0430069,-1.57175
-0.170526,-0.201732,0.0556479;-1.47853,0.180422,-1.60162
-0.163484,-0.227181,0.0652363;-1.38422,0.268823,-1.61303
-0.164901,-0.205457,0.0451302;-1.52898,0.113951,-1.57531
-0.162446,-0.197346,0.0422534;-1.57291,0.0605782,-1.57054
-0.162913,-0.197297,0.0426142;-1.56159,0.038283,-1.57106
-0.16293,-0.201345,0.0429472;-1.58121,0.156068,-1.5639
-0.175155,-0.229024,0.0545613;-1.65795,0.22652,-1.54855
-0.187746,-0.27111,0.0664043;-1.37662,0.299744,-1.62788
-0.198235,-0.264051,0.0428878;-1.55686,0.150468,-1.57321
-0.196701,-0.262911,0.0423269;-1.57086,0.0378684,-1.57092
-0.197818,-0.264394,0.042329;-1.57075,-0.0228421,-1.57084
-0.19487,-0.264926,0.0430409;-1.55567,0.122217,-1.57245
-0.198605,-0.281518,0.051373;-1.49821,0.236427,-1.6023
-0.198782,-0.312554,0.0652586;-1.44884,0.350214,-1.62451
-0.196066,-0.314216,0.0482608;-1.48815,0.343792,-1.59603
-0.193129,-0.305908,0.0422335;-1.57366,0.311566,-1.57034
-0.192945,-0.306158,0.0425179;-1.56404,0.305487,-1.57278
-0.193204,-0.308437,0.0423351;-1.57114,0.334462,-1.57045
-0.204614,-0.323393,0.0489754;-1.63873,0.396223,-1.53686
-0.224768,-0.3586,0.0661354;-1.47532,0.484162,-1.62292
-0.240312,-0.383796,0.0552687;-1.39165,0.481557,-1.65487
-0.239771,-0.369276,0.0453409;-1.52197,0.391749,-1.58872
-0.238534,-0.366121,0.0422529;-1.57283,0.263392,-1.56975
-0.238851,-0.366587,0.0423297;-1.57079,0.239481,-1.57078
-0.239089,-0.368864,0.0423268;-1.57086,0.364425,-1.56993
-0.248543,-0.383541,0.0513505;-1.5158,0.517011,-1.60871
-0.256853,-0.417549,0.0649805;-1.33284,0.650474,-1.69469
-0.257086,-0.415991,0.0573779;-1.34481,0.610939,-1.69418
-0.243756,-0.400511,0.0422846;-1.5763,0.57913,-1.56496
-0.242108,-0.399086,0.0423595;-1.56966,0.533828,-1.57166
-0.241471,-0.401311,0.0422831;-1.57316,0.618798,-1.56882
-0.2493,-0.405706,0.0452495;-1.60903,0.672667,-1.54116
-0.304057,-0.457773,0.0622031;-1.20704,0.796465,-1.83178
-0.310832,-0.45513,0.0586233;-1.3203,0.727454,-1.75303
-0.305111,-0.436986,0.0460246;-1.51725,0.636908,-1.60989
-0.301156,-0.432763,0.0423267;-1.57072,0.4924,-1.57086
-0.30139,-0.435214,0.0423068;-1.57152,0.607118,-1.57017
-0.298601,-0.435054,0.0424098;-1.57302,0.709194,-1.56823
-0.31899,-0.461002,0.074279;-1.44118,0.973006,-1.67404
-0.324068,-0.466609,0.0660285;-1.37445,0.949528,-1.72648
-0.313281,-0.463602,0.0464404;-1.47749,0.925826,-1.64625
-0.305041,-0.459595,0.0423542;-1.56967,0.788741,-1.57157
-0.305782,-0.460574,0.0423259;-1.57171,0.810693,-1.56947
-0.307262,-0.461051,0.0426585;-1.58163,0.809395,-1.563
-0.354048,-0.490946,0.0703833;-1.37734,0.974042,-1.73836
-0.373846,-0.498445,0.0609313;-1.39489,0.913243,-1.7257
-0.375136,-0.499468,0.0471887;-1.46252,0.906634,-1.65601
-0.372997,-0.497205,0.042341;-1.57075,0.773033,-1.5705
-0.37243,-0.498399,0.0423339;-1.57053,0.838192,-1.57096
-0.370207,-0.498592,0.0423288;-1.57069,0.896478,-1.57103
-0.389089,-0.513727,0.0708891;-1.47788,1.18101,-1.65776
-0.390846,-0.515194,0.064642;-1.34432,1.18499,-1.7726
-0.391729,-0.518071,0.0536045;-1.20712,1.17539,-1.89952
-0.380022,-0.512146,0.0423472;-1.56859,1.04799,-1.57276
-0.380733,-0.512833,0.0424749;-1.56165,1.06611,-1.57935
-0.380605,-0.513409,0.042364;-1.57107,1.11365,-1.56931
-0.393442,-0.513419,0.0457794;-1.6514,1.18466,-1.49058
-0.457097,-0.530949,0.0602408;-0.834497,1.2318,-2.27379
-0.457893,-0.529733,0.0541149;-1.08469,1.24269,-2.03223
-0.447932,-0.519819,0.0423042;-1.57405,1.19433,-1.5674
-0.446628,-0.520985,0.0423298;-1.57031,1.15125,-1.57133
-0.447379,-0.522326,0.042329;-1.56948,1.22246,-1.5716
-0.446323,-0.521739,0.04279;-1.60724,1.32322,-1.52965
-0.487755,-0.52221,0.0727241;-0.566937,1.4971,-2.56885
-0.504845,-0.5261,0.0621393;-0.434428,1.42213,-2.69208
-0.499705,-0.528344,0.0449121;-1.11706,1.48227,-2.02254
-0.495142,-0.528601,0.0423298;-1.57076,1.34171,-1.57083
-0.496004,-0.528943,0.0423293;-1.57068,1.35723,-1.57093
-0.49678,-0.528645,0.0423306;-1.57115,1.3762,-1.57028
-0.551134,-0.532293,0.0646762;-0.168019,1.41135,-2.97785
-0.57249,-0.528866,0.0547738;-0.459482,1.38758,-2.67956
-0.566817,-0.528453,0.0457318;-1.09637,1.46098,-2.04233
-0.562206,-0.528527,0.0423294;-1.57056,1.42669,-1.57104
-0.563215,-0.528963,0.0423551;-1.56222,1.47595,-1.57936
-0.562209,-0.529591,0.042446;-1.57703,1.53382,-1.56048
-0.59569,-0.520691,0.0689526;1.64042,1.38559,1.4953
-0.614598,-0.517767,0.0699302;1.12258,1.36453,2.02345
-0.621988,-0.521615,0.0535291;0.823615,1.34909,2.31326
-0.614642,-0.523825,0.0423041;1.57723,1.51977,1.56486
-0.614987,-0.523714,0.0423449;1.55832,1.52463,1.58334
-0.615275,-0.52381,0.0423321;1.56893,1.50393,1.57277
-0.646132,-0.512752,0.0566124;1.28993,1.34381,1.83355
-0.67976,-0.506089,0.0628123;0.947626,1.23936,2.16084
-0.690239,-0.500993,0.0562641;0.947959,1.26976,2.17141
-0.679046,-0.504842,0.0423332;1.57472,1.34602,1.56787
-0.678679,-0.505249,0.0423298;1.57049,1.33747,1.57113
-0.679716,-0.505408,0.0424664;1.5546,1.29917,1.58646
-0.684754,-0.499062,0.0489492;1.75497,1.15004,1.40338
-0.708844,-0.48573,0.066729;1.67973,1.05097,1.46599
-0.733948,-0.473763,0.0695453;1.36958,1.03564,1.75868
-0.741449,-0.470734,0.0424386;1.58004,1.13124,1.56194
-0.742055,-0.471402,0.0423302;1.57069,1.20908,1.57092
-0.742312,-0.470984,0.0423293;1.5706,1.22705,1.57096
-0.743224,-0.468047,0.042704;1.58189,1.17347,1.55435
-0.757857,-0.456147,0.0531202;1.37734,1.07946,1.72576
-0.781138,-0.440795,0.0648503;1.27243,1.00249,1.81279
-0.787927,-0.440056,0.0444181;1.50469,1.00876,1.62622
-0.785181,-0.442314,0.0423284;1.57075,1.03541,1.57078
-0.779124,-0.440957,0.042503;1.57761,1.12032,1.56159
-0.771092,-0.436302,0.0431217;1.62483,1.22629,1.51692
-0.780643,-0.430862,0.0547771;1.76718,1.1328,1.37845
-0.804443,-0.420973,0.0734505;1.53235,1.07881,1.59844
-0.828426,-0.413596,0.0464453;1.4309,1.14695,1.69812
-0.82353,-0.416164,0.0422905;1.57083,1.2456,1.57082
-0.823205,-0.415154,0.0423668;1.57717,1.32086,1.56414
-0.819698,-0.409854,0.042503;1.56669,1.38773,1.56949
-0.826471,-0.408424,0.0499109;1.31741,1.33436,1.79682
-0.844306,-0.40417,0.0642036;1.18724,1.2428,1.91686
-0.851754,-0.402436,0.0493469;1.27664,1.23826,1.85185
-0.846142,-0.405178,0.0423441;1.57348,1.24783,1.56939
-0.844938,-0.405251,0.0424242;1.58157,1.27494,1.56031
-0.835485,-0.395819,0.0422511;1.57228,1.41908,1.56946
-0.836325,-0.394928,0.0451727;1.76892,1.38936,1.37392
-0.85263,-0.395284,0.0603559;1.8671,1.32607,1.27623
-0.878666,-0.390051,0.0666668;1.54551,1.36782,1.59457
-0.876891,-0.386619,0.0438071;1.34016,1.4368,1.79953
-0.875909,-0.387007,0.0423319;1.57365,1.49927,1.56828
-0.873161,-0.383644,0.0422782;-1.58952,1.47939,-1.55214
-0.872736,-0.381205,0.0425363;-1.56813,1.47337,-1.58007
-0.877535,-0.3819,0.0489632;-0.896204,1.50402,-2.27015
-0.883373,-0.382035,0.066357;0.744957,1.46793,2.38934
-0.87973,-0.388062,0.050848;0.526736,1.43617,2.61138
-0.874253,-0.389369,0.0422958;1.5888,1.50614,1.55289
-0.87328,-0.387461,0.0423271;-1.57368,1.53072,-1.56781
-0.871891,-0.383654,0.0422642;-1.59793,1.48256,-1.54426
-0.871805,-0.382156,0.0465177;-2.17773,1.47084,-0.970241
-0.889171,-0.38553,0.0671175;2.69725,1.52302,0.435725
-0.887303,-0.382831,0.063513;-2.85892,1.49742,-0.28761
-0.883743,-0.379468,0.0522868;-2.48802,1.40821,-0.654186
-0.88344,-0.378825,0.0512872;-2.40079,1.41795,-0.737409
-0.882465,-0.377036,0.0484906;-2.26109,1.42982,-0.88565
-0.881437,-0.375885,0.0476465;-2.08624,1.43273,-1.06661
-0.884195,-0.382759,0.0666872;0.712038,1.48068,2.42204
-0.883051,-0.38439,0.0631862;0.809447,1.48307,2.32848
-0.874957,-0.387212,0.0436464;1.09172,1.5163,2.05094
-0.873027,-0.387132,0.0423284;1.56915,1.55702,1.57262
-0.871219,-0.383781,0.0423927;-1.5745,1.54557,-1.56943
-0.870917,-0.380026,0.0445616;-2.82526,1.5322,-0.319889
-0.870917,-0.380026,0.0445616;-2.82526,1.5322,-0.319889
-0.878588,-0.378346,0.0587572;-3.0665,1.3704,-0.0875665
-0.878588,-0.378346,0.0587572;-3.0665,1.3704,-0.0875665
