-0.125,0.125,0.06;-1.57,-2.98023e-08,-1.57
-0.125,0.125,0.06;-1.57,-2.98023e-08,-1.57
-0.125,0.125,0.06;-1.57,-2.98023e-08,-1.57
-0.124668,0.130817,0.0422787;-1.57092,-0.250709,-1.57114
-0.125436,0.127092,0.0423731;-1.57206,-0.19306,-1.5696
-0.128338,0.100286,0.0499579;-1.59197,-0.0956779,-1.57652
-0.127652,0.0620021,0.0561763;-1.41307,-0.0706494,-1.56929
-0.13714,0.0810346,0.0422982;-1.57263,-0.309148,-1.56892
-0.136901,0.0798307,0.0423194;-1.57088,-0.386628,-1.57104
-0.137048,0.0796524,0.0423291;-1.57075,-0.383086,-1.57085
-0.134993,0.0795643,0.0429041;-1.55206,-0.26688,-1.56578
-0.131447,0.0658413,0.0489414;-1.50659,-0.134934,-1.5747
-0.122124,0.0394888,0.0568217;-1.48404,-0.0233473,-1.59749
-0.129053,0.0406811,0.0506688;-1.48538,-0.13342,-1.57612
-0.133562,0.0540876,0.0425543;-1.58101,-0.223286,-1.5747
-0.131935,0.0555192,0.0426485;-1.56196,-0.30228,-1.56586
-0.132078,0.0547516,0.0423281;-1.57076,-0.218625,-1.57083
-0.134105,0.0453457,0.0454018;-1.60875,-0.114502,-1.58398
-0.132136,0.0201055,0.0603276;-1.56686,-0.00880187,-1.5946
-0.131381,-0.00755207,0.0583102;-1.37883,-0.0154279,-1.568
-0.137462,0.00301642,0.0527446;-1.44505,-0.0996961,-1.56396
-0.141391,0.0215501,0.042793;-1.58633,-0.214271,-1.57412
-0.14083,0.0206988,0.0425231;-1.56601,-0.253661,-1.56713
-0.142909,0.0210913,0.0425934;-1.57786,-0.151395,-1.57029
-0.147661,0.00507201,0.0498798;-1.64667,-0.0407787,-1.58358
-0.147105,-0.0213942,0.0590772;-1.54551,0.00939654,-1.58162
-0.149305,-0.0266824,0.0500657;-1.47288,-0.0581311,-1.5678
-0.14992,-0.0171747,0.0429027;-1.55499,-0.159311,-1.56533
-0.149843,-0.0175863,0.0429308;-1.55323,-0.141818,-1.56613
-0.149807,-0.0165471,0.042366;-1.57058,-0.108853,-1.56952
-0.156128,-0.049059,0.0585081;-1.6209,0.0734849,-1.58155
-0.154208,-0.0763219,0.0659072;-1.42644,0.142973,-1.58652
-0.157222,-0.0866501,0.0591209;-1.36219,0.0989333,-1.58865
-0.153518,-0.0588069,0.0426817;-1.56421,0.0137011,-1.56332
-0.153636,-0.0576386,0.0433677;-1.54946,0.0188758,-1.56613
-0.15441,-0.0583522,0.0428561;-1.5588,0.0485523,-1.56633
-0.162706,-0.0718677,0.0537947;-1.6991,0.195645,-1.53903
-0.168779,-0.094379,0.0702822;-1.65022,0.303927,-1.55708
-0.17494,-0.114856,0.071529;-1.46116,0.314923,-1.57704
-0.170007,-0.0929241,0.0426643;-1.59247,0.239339,-1.55013
-0.167036,-0.0896236,0.044085;-1.55608,0.214192,-1.56045
-0.166844,-0.0905644,0.0436178;-1.54803,0.221455,-1.56908
-0.169879,-0.0931121,0.0447054;-1.60552,0.285456,-1.56156
-0.180962,-0.114277,0.0587533;-1.72861,0.378342,-1.52764
-0.191837,-0.142875,0.0731618;-1.50248,0.443252,-1.59255
-0.192256,-0.135179,0.0441462;-1.54087,0.289901,-1.57988
-0.18828,-0.128765,0.0422829;-1.56996,0.220786,-1.57043
-0.188731,-0.128387,0.0425862;-1.56242,0.190607,-1.57237
-0.189333,-0.133244,0.0428525;-1.58254,0.348482,-1.56449
-0.20254,-0.154324,0.0540632;-1.69628,0.427372,-1.52487
-0.216306,-0.187022,0.0705327;-1.49498,0.515097,-1.60495
-0.218049,-0.179556,0.0440791;-1.54182,0.355019,-1.58148
-0.214449,-0.173975,0.0423233;-1.57077,0.291628,-1.5708
-0.215283,-0.173392,0.0424885;-1.56559,0.258485,-1.5723
-0.215592,-0.17722,0.0425853;-1.57781,0.397676,-1.56598
-0.229287,-0.194854,0.053724;-1.69249,0.472605,-1.51702
-0.245661,-0.223712,0.07116;-1.48965,0.561653,-1.61252
-0.252781,-0.233331,0.0490339;-1.47306,0.482125,-1.61627
-0.246992,-0.224315,0.0423109;-1.57188,0.410677,-1.57046
-0.24695,-0.224171,0.0424279;-1.56739,0.389186,-1.57214
-0.24668,-0.226077,0.04233;-1.57079,0.461004,-1.57079
-0.259181,-0.237486,0.0488111;-1.6473,0.528417,-1.52759
-0.281747,-0.26402,0.0670337;-1.48991,0.627207,-1.62356
-0.297214,-0.282515,0.0560107;-1.36575,0.610458,-1.68851
-0.294016,-0.270524,0.0463588;-1.50507,0.536004,-1.60459
-0.289887,-0.264855,0.0423228;-1.57104,0.458728,-1.57079
-0.290232,-0.265285,0.04233;-1.57078,0.455621,-1.5708
-0.29357,-0.267495,0.0425336;-1.57651,0.525905,-1.5653
-0.315579,-0.286763,0.0526974;-1.57972,0.629811,-1.57096
-0.345589,-0.328621,0.0594133;-1.2962,0.699374,-1.74753
-0.347073,-0.318548,0.0538801;-1.40962,0.607065,-1.6743
-0.342633,-0.300939,0.0423943;-1.57501,0.498461,-1.56829
-0.341444,-0.301751,0.0423292;-1.57065,0.428405,-1.57101
-0.341771,-0.302917,0.0423014;-1.57068,0.504487,-1.57188
-0.347327,-0.307986,0.0431602;-1.56467,0.58908,-1.58014
-0.379647,-0.357781,0.0601267;-1.2846,0.759103,-1.77411
-0.388367,-0.356683,0.0566475;-1.37507,0.665901,-1.71147
-0.383581,-0.337172,0.046247;-1.51784,0.560429,-1.6094
-0.378283,-0.330995,0.0423299;-1.57072,0.410261,-1.5708
-0.37785,-0.333656,0.0426325;-1.56313,0.518066,-1.57072
-0.377998,-0.336717,0.043492;-1.54727,0.620543,-1.58589
-0.403661,-0.384173,0.0598737;-1.33494,0.830796,-1.76694
-0.408087,-0.385637,0.0549786;-1.40054,0.753245,-1.7196
-0.401319,-0.368268,0.043096;-1.57482,0.668002,-1.58412
-0.398917,-0.36718,0.04275;-1.55857,0.545991,-1.57405
-0.39857,-0.368612,0.042499;-1.56841,0.608817,-1.56872
-0.401579,-0.368905,0.0431251;-1.59114,0.674181,-1.56379
-0.438651,-0.406008,0.0634696;-1.42791,0.845904,-1.70738
-0.454354,-0.419506,0.0554206;-1.33308,0.810261,-1.75539
-0.450132,-0.412594,0.0479358;-1.46168,0.791486,-1.65083
-0.444845,-0.407224,0.0427934;-1.55858,0.729519,-1.573
-0.444364,-0.407496,0.0423227;-1.57106,0.792229,-1.57064
-0.444663,-0.407496,0.0423855;-1.57261,0.800441,-1.56906
-0.479133,-0.429858,0.066424;-1.51224,0.994749,-1.63755
-0.49624,-0.436847,0.0610157;-1.28752,0.958017,-1.79915
-0.496803,-0.436644,0.0556965;-1.29524,0.965278,-1.79254
-0.479885,-0.42648,0.042658;-1.55966,0.901748,-1.5747
-0.480924,-0.426852,0.0425005;-1.562,0.906435,-1.57765
-0.480797,-0.427558,0.0423316;-1.57054,0.964114,-1.57074
-0.492252,-0.430079,0.0460227;-1.64398,1.04379,-1.5038
-0.546989,-0.455083,0.0621767;-0.981499,1.12402,-2.10249
-0.544109,-0.452413,0.0560851;-1.16648,1.12593,-1.93521
-0.527264,-0.442826,0.0423801;-1.57029,1.0835,-1.5697
-0.525334,-0.442737,0.0423333;-1.57036,1.04162,-1.57129
-0.526098,-0.44519,0.042328;-1.57061,1.13166,-1.57114
-0.530132,-0.444905,0.0434021;-1.61316,1.19395,-1.52813
-0.592636,-0.460671,0.0689926;-0.862648,1.32264,-2.24773
-0.60873,-0.466376,0.0580342;-0.813804,1.29317,-2.29675
-0.59185,-0.460184,0.0454052;-1.40995,1.29929,-1.72686
-0.585066,-0.458833,0.0423327;-1.57029,1.22503,-1.57115
-0.586407,-0.460932,0.0422674;-1.56849,1.28805,-1.57023
-0.589137,-0.460692,0.0426877;-1.61699,1.34468,-1.52447
-0.648902,-0.467624,0.0696782;-0.469642,1.45003,-2.66101
-0.670316,-0.472189,0.0586055;-0.304079,1.36064,-2.80963
-0.660095,-0.47156,0.047142;-0.920417,1.46976,-2.21285
-0.655318,-0.471569,0.0423297;-1.57046,1.45141,-1.57114
-0.655981,-0.472088,0.0424179;-1.54153,1.47569,-1.60004
-0.656214,-0.471768,0.0423309;-1.5692,1.50276,-1.57224
-0.702033,-0.464914,0.0693799;1.2408,1.47204,1.89601
-0.729694,-0.462434,0.0632105;0.419143,1.34222,2.72985
-0.729448,-0.463196,0.0541192;0.461746,1.41095,2.68253
-0.714875,-0.464524,0.0423275;-1.56579,1.55828,-1.57578
-0.715188,-0.464653,0.0423535;-1.38099,1.56678,-1.76081
-0.716526,-0.465407,0.0423187;1.57106,1.51822,1.5709
-0.754472,-0.44908,0.059446;1.68586,1.36014,1.45368
-0.790829,-0.439639,0.0646721;0.877806,1.22707,2.23809
-0.7998,-0.438188,0.0585912;0.897802,1.241,2.22146
-0.782891,-0.438837,0.042303;1.56446,1.43403,1.57733
-0.781802,-0.439758,0.0423283;1.56938,1.48405,1.57203
-0.781809,-0.439419,0.0423418;1.5643,1.50527,1.57718
-0.801435,-0.428855,0.0470991;1.60358,1.34974,1.53339
-0.838379,-0.417879,0.0596227;1.05723,1.21707,2.04416
-0.855115,-0.41333,0.0590458;0.993355,1.18857,2.11592
-0.83159,-0.406743,0.0422368;1.59526,1.43922,1.54538
-0.830124,-0.405405,0.0423867;1.60727,1.51892,1.5344
-0.827235,-0.405642,0.0423548;-1.57633,1.54853,-1.56615
-0.835823,-0.404197,0.0439569;1.39943,1.48633,1.7315
-0.861905,-0.400869,0.0548107;1.00515,1.34424,2.09997
-0.874122,-0.40139,0.0597763;0.925017,1.26396,2.1854
-0.861493,-0.390931,0.043502;1.3313,1.49612,1.80544
-0.854357,-0.390171,0.0424504;-1.8245,1.55255,-1.31717
-0.852402,-0.389755,0.0423474;-1.57035,1.47481,-1.57242
-0.858079,-0.388923,0.0433755;-1.18233,1.54391,-1.97009
-0.877063,-0.389872,0.0530143;0.795296,1.43052,2.31457
-0.877969,-0.395771,0.0577071;0.905658,1.33965,2.20496
-0.87228,-0.394842,0.044005;1.53141,1.4659,1.58847
-0.863993,-0.39248,0.0423796;1.56239,1.54789,1.58264
-0.8636,-0.390153,0.0425741;-1.49136,1.54013,-1.64479
-0.865061,-0.386715,0.0424822;-1.63066,1.51724,-1.51287
-0.876847,-0.383507,0.0494957;2.35421,1.50674,0.773108
-0.883379,-0.385549,0.0603372;1.33254,1.44736,1.78598
-0.880647,-0.382943,0.0547539;1.40877,1.52549,1.73354
-0.869473,-0.381783,0.0424731;-1.79312,1.54292,-1.34895
-0.867108,-0.381694,0.0427034;-1.48869,1.49758,-1.64662
-0.867327,-0.379311,0.042423;-1.57637,1.46649,-1.56172
-0.873334,-0.377762,0.0457611;-2.33869,1.53615,-0.792506
-0.885833,-0.376697,0.0600755;1.32994,1.49956,1.81675
-0.881843,-0.37943,0.06562;0.89726,1.45149,2.2693
-0.876829,-0.3809,0.0482851;0.0806716,1.49779,3.07805
-0.874032,-0.378118,0.0426284;-1.53645,1.51053,-1.59749
-0.872135,-0.375777,0.042325;-1.56961,1.40842,-1.57187
-0.873397,-0.375288,0.0423249;-1.57325,1.44371,-1.56809
-0.887312,-0.373674,0.0494663;-2.4364,1.51176,-0.708356
-0.886099,-0.380208,0.0609574;0.628069,1.49761,2.52455
-0.885291,-0.380422,0.0550469;0.17659,1.51594,2.97013
-0.878688,-0.380403,0.0422626;-1.61417,1.5236,-1.52757
-0.873747,-0.378768,0.0424261;-1.57247,1.39549,-1.57256
-0.873801,-0.378623,0.0424223;-1.56934,1.40802,-1.57519
-0.880379,-0.376827,0.0446319;-1.86721,1.47,-1.27676
-0.886372,-0.387542,0.0593542;0.738463,1.49996,2.4094
-0.886095,-0.387158,0.0574945;0.531006,1.51995,2.60777
-0.88196,-0.387379,0.0423737;-1.58252,1.51695,-1.56047
-0.876061,-0.385639,0.0423617;-1.57255,1.41105,-1.5704
-0.876994,-0.386224,0.04233;-1.5731,1.45049,-1.56821
-0.87945,-0.386391,0.0430808;-1.8211,1.49705,-1.32479
-0.886934,-0.392269,0.0568362;1.60368,1.50866,1.53183
-0.886135,-0.391125,0.0594669;0.842576,1.51678,2.29649
-0.884138,-0.390128,0.0449071;-1.94053,1.53245,-1.20582
-0.877905,-0.38743,0.0423722;-1.57221,1.4175,-1.57085
-0.877778,-0.387222,0.0423272;-1.57098,1.42802,-1.57078
-0.879488,-0.387171,0.0425976;-1.57667,1.45096,-1.57269
-0.879488,-0.387171,0.0425976;-1.57667,1.45096,-1.57269
-0.885826,-0.38941,0.0464553;-2.03097,1.50434,-1.11949
-0.885826,-0.38941,0.0464553;-2.03097,1.50434,-1.11949
