-0.125,0.125,0.06;-1.57,-2.98023e-08,-1.57
-0.125,0.125,0.06;-1.57,-2.98023e-08,-1.57
-0.125,0.125,0.06;-1.57,-2.98023e-08,-1.57
-0.124257,0.132262,0.0423164;-1.57036,-0.244186,-1.57036
-0.125,0.128613,0.0423602;-1.57237,-0.187408,-1.57059
-0.127988,0.10224,0.0502153;-1.60398,-0.0905574,-1.57659
-0.127173,0.0626178,0.056584;-1.40831,-0.0778256,-1.56594
-0.136936,0.0822544,0.0422527;-1.57037,-0.30029,-1.57101
-0.136411,0.08249,0.042383;-1.56901,-0.325027,-1.57014
-0.135785,0.0820424,0.0423269;-1.5704,-0.290577,-1.5706
-0.132943,0.0804439,0.0424593;-1.57155,-0.111811,-1.56538
-0.136823,0.0654552,0.0498814;-1.64421,0.00277117,-1.5693
-0.137363,0.0362161,0.0682132;-1.51898,0.104324,-1.57396
-0.141508,0.0350954,0.055655;-1.42066,0.0247579,-1.56676
-0.141177,0.0593628,0.0423804;-1.57348,-0.0683129,-1.56704
-0.139297,0.0629078,0.0423678;-1.57008,-0.124268,-1.57223
-0.138403,0.0595503,0.042329;-1.57078,-0.0447232,-1.57074
-0.143604,0.0387193,0.0467299;-1.61646,0.0234643,-1.56986
-0.147958,-0.00422371,0.061235;-1.4388,0.111039,-1.59307
-0.151651,-0.021828,0.059388;-1.36456,0.0777164,-1.58779
-0.157956,-0.0108177,0.0526681;-1.45044,-0.0250141,-1.5761
-0.161688,0.00329228,0.0424599;-1.571,-0.1617,-1.56643
-0.162313,0.000650383,0.0423306;-1.57078,-0.25588,-1.57075
-0.162107,-0.00164966,0.0423533;-1.57031,-0.150605,-1.57146
-0.16196,-0.0206955,0.0484153;-1.53025,-0.034873,-1.58876
-0.157324,-0.0445551,0.0559006;-1.41499,0.025268,-1.58521
-0.159176,-0.0347271,0.049868;-1.47542,-0.052796,-1.56774
-0.160068,-0.0177549,0.0425363;-1.56411,-0.149386,-1.56979
-0.158225,-0.0200011,0.0425601;-1.56351,-0.0705645,-1.57035
-0.156701,-0.0209398,0.0423311;-1.57071,0.0164514,-1.57104
-0.165799,-0.0603845,0.0594467;-1.65698,0.17882,-1.56959
-0.169692,-0.0959893,0.0698374;-1.43922,0.198113,-1.58003
-0.174589,-0.109068,0.0605834;-1.34666,0.111987,-1.58609
-0.173868,-0.0871253,0.0424446;-1.57168,-0.0255147,-1.5662
-0.174383,-0.0878558,0.0423909;-1.56879,-0.0410854,-1.57087
-0.172714,-0.0909335,0.0423767;-1.56999,0.054813,-1.57163
-0.18137,-0.111458,0.047097;-1.56456,0.227367,-1.58019
-0.190093,-0.148433,0.0598262;-1.41252,0.311246,-1.63051
-0.197143,-0.161611,0.0592128;-1.35848,0.269941,-1.62947
-0.203363,-0.131379,0.0425123;-1.57291,0.0455808,-1.56272
-0.20296,-0.131627,0.0423268;-1.57082,0.00450738,-1.57083
-0.201698,-0.131524,0.0423423;-1.57032,0.0636935,-1.5709
-0.202215,-0.135052,0.0429182;-1.57911,0.313778,-1.56666
-0.210925,-0.154308,0.0584495;-1.54976,0.444036,-1.58341
-0.215496,-0.178802,0.0705332;-1.42078,0.508213,-1.62529
-0.207675,-0.154785,0.0454151;-1.52429,0.362905,-1.5874
-0.201817,-0.145396,0.0422046;-1.57293,0.310051,-1.57002
-0.202186,-0.145312,0.0426662;-1.55956,0.295092,-1.57402
-0.203187,-0.149545,0.0430644;-1.5832,0.42255,-1.56105
-0.220765,-0.175494,0.0551498;-1.68363,0.483251,-1.51656
-0.240021,-0.216262,0.0680052;-1.36908,0.549451,-1.66998
-0.248054,-0.2027,0.0452376;-1.52795,0.343867,-1.58323
-0.247347,-0.200009,0.0424425;-1.57154,0.210239,-1.56573
-0.249528,-0.200697,0.0423304;-1.57086,0.133369,-1.57083
-0.247648,-0.203584,0.0425039;-1.56791,0.300016,-1.5689
-0.258463,-0.225615,0.0504961;-1.49754,0.413279,-1.61546
-0.268064,-0.259025,0.0605107;-1.38208,0.494074,-1.6703
-0.277711,-0.248114,0.0505063;-1.46056,0.308562,-1.60597
-0.272237,-0.236979,0.0427903;-1.56411,0.258538,-1.5628
-0.2713,-0.236427,0.0423907;-1.56831,0.266827,-1.57197
-0.269243,-0.241546,0.0424476;-1.57075,0.551088,-1.57448
-0.275768,-0.248099,0.0455368;-1.57895,0.672013,-1.57668
-0.289328,-0.268247,0.063675;-1.48518,0.782034,-1.63937
-0.30472,-0.272886,0.0613624;-1.28888,0.687466,-1.73043
-0.29968,-0.264194,0.0531797;-1.41146,0.60133,-1.65018
-0.291846,-0.256517,0.042775;-1.5677,0.541894,-1.56095
-0.293233,-0.257229,0.0423294;-1.57077,0.527903,-1.57082
-0.297143,-0.259783,0.0424573;-1.57556,0.612961,-1.56854
-0.318652,-0.278865,0.0502719;-1.54189,0.714826,-1.60409
-0.34609,-0.31255,0.0605682;-1.26612,0.748389,-1.77618
-0.349973,-0.304779,0.0560078;-1.36261,0.6467,-1.70328
-0.346385,-0.286396,0.0442015;-1.52425,0.523601,-1.5904
-0.347004,-0.285239,0.042367;-1.57073,0.459532,-1.56971
-0.3461,-0.286345,0.0423739;-1.5702,0.535702,-1.56993
-0.349674,-0.291349,0.0439521;-1.55278,0.625411,-1.5872
-0.374692,-0.338507,0.0636432;-1.30703,0.811525,-1.76302
-0.379659,-0.342715,0.0572111;-1.32783,0.742564,-1.74553
-0.370153,-0.32311,0.04837;-1.47767,0.644665,-1.63169
-0.357858,-0.309144,0.0424573;-1.56579,0.584446,-1.57355
-0.357922,-0.313832,0.0425952;-1.56199,0.728571,-1.57436
-0.363027,-0.314186,0.0449633;-1.60945,0.80906,-1.53327
-0.411492,-0.351131,0.0733398;-1.39146,1.00055,-1.70638
-0.423238,-0.358787,0.0661713;-1.28463,0.901901,-1.78434
-0.411725,-0.347282,0.0527333;-1.3908,0.823191,-1.69469
-0.395276,-0.335379,0.0424807;-1.56439,0.685534,-1.57487
-0.396392,-0.337513,0.0426068;-1.56817,0.728224,-1.56555
-0.401279,-0.340361,0.043335;-1.58829,0.758085,-1.55556
-0.455755,-0.388752,0.0612059;-1.18513,0.896301,-1.86923
-0.465433,-0.385886,0.0594115;-1.26295,0.816177,-1.8003
-0.46143,-0.368456,0.0527963;-1.39651,0.704176,-1.68198
-0.455152,-0.361158,0.0427461;-1.55756,0.611906,-1.57578
-0.4522,-0.365287,0.0424767;-1.56427,0.805421,-1.57494
-0.454957,-0.364772,0.0425873;-1.5706,0.908687,-1.5791
-0.481874,-0.386021,0.0653771;-1.37441,1.13874,-1.75616
-0.490155,-0.38226,0.0648424;-1.07,1.04205,-1.98074
-0.485095,-0.375203,0.0636496;-1.10954,1.04071,-1.93535
-0.433699,-0.354429,0.0433966;-1.56681,0.984091,-1.55846
-0.433715,-0.358639,0.0425665;-1.55437,1.08107,-1.58496
-0.432545,-0.358756,0.0424994;-1.57131,1.13908,-1.5635
-0.448369,-0.360222,0.0486071;-1.75106,1.196,-1.3933
-0.522109,-0.381171,0.0634161;-0.810711,1.18116,-2.27218
-0.525564,-0.376861,0.0593677;-1.03095,1.1382,-2.0683
-0.514224,-0.370304,0.0460694;-1.45981,1.07893,-1.66212
-0.515629,-0.369176,0.0423557;-1.56931,0.954803,-1.57215
-0.514455,-0.370789,0.0425512;-1.56959,1.03028,-1.56548
-0.516047,-0.371429,0.043309;-1.56239,1.10502,-1.56824
-0.576101,-0.396202,0.0608443;-0.858539,1.22615,-2.24779
-0.580319,-0.394036,0.059753;-0.962646,1.18263,-2.14244
-0.562553,-0.390915,0.0529176;-1.21185,1.16982,-1.90261
-0.530303,-0.394492,0.0424506;-1.55468,1.32214,-1.58647
-0.533658,-0.399429,0.0427462;-0.966076,1.54747,-2.17464
-0.533982,-0.397381,0.043868;1.77727,1.47876,1.37248
-0.594483,-0.385456,0.0720085;1.33465,1.29137,1.80678
-0.609155,-0.372442,0.0689843;0.685288,1.27083,2.48293
-0.596346,-0.366843,0.060795;0.424289,1.3555,2.74695
-0.560206,-0.381707,0.0426927;-1.28753,1.55761,-1.84612
-0.561935,-0.382209,0.042413;1.50564,1.52933,1.63604
-0.562723,-0.381647,0.0423373;1.57512,1.48802,1.5666
-0.620522,-0.366219,0.0629285;1.01088,1.27064,2.10516
-0.635268,-0.358019,0.0610961;0.721766,1.25646,2.39999
-0.62789,-0.348739,0.058161;0.509618,1.34455,2.6288
-0.627306,-0.341044,0.043645;-1.32781,1.45574,-1.80601
-0.624919,-0.343595,0.0426215;-1.3813,1.52351,-1.75959
-0.621674,-0.346346,0.0422479;1.57366,1.47141,1.56537
-0.646594,-0.338395,0.0559475;1.37541,1.19022,1.743
-0.668625,-0.339829,0.0682017;1.2222,1.08088,1.89922
-0.667963,-0.332019,0.0660498;0.968726,1.08263,2.15786
-0.619009,-0.358107,0.0449514;1.5914,1.25159,1.58662
-0.610971,-0.365661,0.0426476;1.55873,1.23286,1.5883
-0.614167,-0.366323,0.0426216;1.54897,1.12886,1.59055
-0.627043,-0.353214,0.0517942;1.77464,1.00418,1.40054
-0.662794,-0.330894,0.0694564;1.60223,0.949907,1.54388
-0.689548,-0.30985,0.0671114;1.19696,0.943235,1.91475
-0.682969,-0.300581,0.0473;1.40268,1.20589,1.74707
-0.683525,-0.300321,0.0427512;1.54127,1.2904,1.60455
-0.684443,-0.298871,0.0425083;1.54818,1.31222,1.5926
-0.687368,-0.296693,0.0433278;1.5844,1.20179,1.56597
-0.715982,-0.280209,0.056045;1.35145,1.07967,1.75729
-0.747089,-0.269797,0.0613603;1.14572,0.977307,1.93543
-0.731521,-0.278031,0.0540796;1.24097,1.09455,1.87177
-0.715607,-0.29833,0.0435161;1.56381,1.08378,1.59455
-0.707648,-0.309886,0.0422564;1.56742,1.05137,1.57334
-0.708346,-0.306575,0.0435618;1.61045,0.91274,1.53725
-0.723496,-0.290243,0.0557348;1.75744,0.806224,1.41571
-0.746003,-0.270422,0.0728996;1.53319,0.743659,1.59358
-0.739088,-0.24922,0.060811;1.25788,0.900426,1.85848
-0.716175,-0.271334,0.0459835;1.58213,0.996126,1.60717
-0.704826,-0.286831,0.0424644;1.57207,1.03223,1.57456
-0.705667,-0.28344,0.0427298;1.58068,0.990262,1.55529
-0.727243,-0.263855,0.0519257;1.72502,0.913186,1.4344
-0.76067,-0.238341,0.0663778;1.37902,0.842359,1.7066
-0.76084,-0.218837,0.0596206;1.19679,0.966612,1.90039
-0.751267,-0.219439,0.0508067;1.35582,1.11417,1.78788
-0.750294,-0.215273,0.044329;1.48435,1.20713,1.66016
-0.748206,-0.21372,0.042468;1.57082,1.20141,1.56647
-0.753359,-0.20885,0.0434594;1.58357,1.08261,1.5481
-0.77142,-0.200396,0.0592608;1.48279,0.949388,1.631
-0.785306,-0.188859,0.0656175;1.1356,0.925596,1.96726
-0.763947,-0.200466,0.0603281;1.20004,1.01519,1.92812
-0.732476,-0.223181,0.0454012;1.57393,1.09447,1.60366
-0.720053,-0.235786,0.0423665;1.56784,1.18199,1.57353
-0.719696,-0.233859,0.0425145;1.5839,1.10968,1.55916
-0.727863,-0.223549,0.0520184;1.78319,0.987025,1.38134
-0.768138,-0.192499,0.0723724;1.40948,0.960737,1.73472
-0.766389,-0.187741,0.0607841;1.19351,1.04486,1.93316
-0.745251,-0.198433,0.045655;1.5458,1.18982,1.6283
-0.740125,-0.202318,0.042339;1.56927,1.33639,1.57213
-0.740945,-0.201291,0.0423284;1.571,1.35111,1.5705
-0.747104,-0.196431,0.0444406;1.66266,1.30975,1.48411
-0.81039,-0.172624,0.0614612;1.01984,1.0937,2.07838
-0.806266,-0.168321,0.0624438;0.977089,1.13324,2.13712
-0.790173,-0.176283,0.0560632;1.09871,1.20691,2.03335
-0.752123,-0.203619,0.0423919;1.577,1.24741,1.565
-0.751801,-0.203351,0.0423254;1.57112,1.21696,1.57035
-0.754748,-0.199709,0.0434693;1.62292,1.11724,1.52027
-0.799049,-0.174485,0.0716678;1.50743,0.96069,1.61896
-0.80879,-0.156978,0.0685637;1.15311,1.00859,1.97556
-0.796713,-0.150778,0.0605932;1.12579,1.12192,2.01777
-0.748766,-0.179947,0.0425915;1.56903,1.28775,1.58028
-0.747224,-0.179889,0.0423249;1.57088,1.27862,1.57051
-0.749906,-0.176642,0.0428925;1.58737,1.18666,1.54358
-0.749906,-0.176642,0.0428925;1.58737,1.18666,1.54358
-0.773513,-0.164798,0.0520435;1.77398,1.10345,1.36388
-0.773513,-0.164798,0.0520435;1.77398,1.10345,1.36388
