-0.125,0.125,0.06;-1.57,-2.98023e-08,-1.57
-0.125,0.125,0.06;-1.57,-2.98023e-08,-1.57
-0.125,0.125,0.06;-1.57,-2.98023e-08,-1.57
-0.124442,0.130647,0.0422898;-1.57145,-0.26526,-1.57109
-0.125152,0.128152,0.0423378;-1.57114,-0.275662,-1.57038
-0.127501,0.11225,0.0479361;-1.59104,-0.241716,-1.5759
-0.127906,0.0638039,0.0564367;-1.46201,-0.160925,-1.56868
-0.13287,0.0646781,0.0424086;-1.5713,-0.245395,-1.56797
-0.132774,0.0644641,0.04238;-1.57079,-0.259278,-1.56922
-0.132626,0.0644887,0.0423263;-1.57091,-0.250764,-1.57081
-0.131439,0.0644611,0.0429837;-1.55103,-0.188641,-1.56791
-0.128867,0.0572912,0.0486692;-1.5198,-0.108567,-1.57512
-0.12471,0.038633,0.065168;-1.50276,-0.00474446,-1.57935
-0.128484,0.0432963,0.0537608;-1.43668,-0.110683,-1.55974
-0.129608,0.0527711,0.0431971;-1.54435,-0.159211,-1.56459
-0.129614,0.0541759,0.0426812;-1.56122,-0.179317,-1.56717
-0.128014,0.0540836,0.0423241;-1.5703,-0.0140765,-1.57055
-0.129083,0.045482,0.0444392;-1.5904,0.0811633,-1.58197
-0.128245,0.0242355,0.0585346;-1.55792,0.151742,-1.59556
-0.131384,0.0158985,0.0639693;-1.46499,0.107178,-1.59067
-0.129026,0.0290279,0.0530799;-1.46102,0.0228273,-1.58869
-0.126567,0.0461802,0.0422034;-1.56853,-0.0598793,-1.57015
-0.125464,0.0466343,0.0425632;-1.56336,-0.0584884,-1.57025
-0.12654,0.0484676,0.0427065;-1.57519,0.0481182,-1.56225
-0.133198,0.0387744,0.0502026;-1.66049,0.14424,-1.55921
-0.139128,0.0176504,0.0619124;-1.63424,0.210139,-1.5624
-0.143634,0.0115836,0.0508286;-1.45264,0.213602,-1.58873
-0.141101,0.0176661,0.0430117;-1.55583,0.199084,-1.56591
-0.140994,0.0189079,0.0428343;-1.56166,0.206912,-1.56544
-0.140887,0.0190915,0.0426504;-1.57087,0.221933,-1.56053
-0.151481,-0.00537169,0.0641386;-1.63928,0.311448,-1.53693
-0.161741,-0.034342,0.0765193;-1.44234,0.345938,-1.5932
-0.171196,-0.040106,0.0616703;-1.3941,0.2529,-1.60885
-0.160288,-0.00398882,0.0425971;-1.56977,0.173182,-1.56331
-0.159488,-0.00325582,0.0423777;-1.56899,0.202116,-1.57137
-0.15881,-0.00524954,0.0423307;-1.57074,0.2835,-1.5708
-0.162473,-0.0204048,0.0458539;-1.5449,0.439337,-1.59644
-0.171004,-0.0410309,0.0612967;-1.47515,0.47913,-1.62492
-0.176447,-0.0413709,0.0680194;-1.47718,0.451665,-1.60787
-0.161722,0.00705591,0.0430404;-1.57541,0.30695,-1.55078
-0.160793,0.00676571,0.0425626;-1.56724,0.297202,-1.5675
-0.159783,0.00680423,0.0425585;-1.56278,0.346606,-1.57367
-0.162388,0.00266005,0.0429609;-1.58187,0.515051,-1.57292
-0.177402,-0.0160144,0.0531281;-1.65202,0.620976,-1.54925
-0.192048,-0.0419899,0.0686099;-1.4813,0.690084,-1.63482
-0.202805,-0.0418554,0.0482528;-1.51503,0.605425,-1.57419
-0.199009,-0.0333299,0.0425918;-1.57138,0.584741,-1.5625
-0.198482,-0.0331575,0.0425257;-1.57088,0.578739,-1.56445
-0.197925,-0.033689,0.0426361;-1.57367,0.644735,-1.5766
-0.204562,-0.0424906,0.0485352;-1.63987,0.683893,-1.55061
-0.218849,-0.0654464,0.0651127;-1.59028,0.751641,-1.58213
-0.222648,-0.0507837,0.04637;-1.52893,0.560503,-1.57576
-0.21867,-0.0443873,0.0426117;-1.56998,0.528839,-1.56282
-0.219529,-0.0451263,0.0425899;-1.56738,0.509083,-1.56718
-0.220276,-0.0460111,0.0425147;-1.57111,0.564403,-1.5764
-0.226749,-0.0551928,0.0465482;-1.5528,0.583671,-1.60265
-0.242045,-0.0762709,0.0595742;-1.47164,0.623269,-1.65907
-0.246942,-0.0635372,0.0486906;-1.48206,0.428626,-1.60814
-0.23975,-0.0492875,0.0427795;-1.56967,0.332814,-1.55772
-0.240815,-0.0499486,0.0428504;-1.55707,0.311716,-1.57126
-0.242924,-0.0522141,0.0423394;-1.57078,0.338001,-1.57124
-0.252102,-0.0631277,0.0461377;-1.59263,0.427884,-1.58331
-0.263378,-0.0919331,0.0545034;-1.52972,0.516614,-1.63522
-0.272669,-0.106016,0.0511141;-1.48078,0.485782,-1.63359
-0.271661,-0.0966677,0.0462116;-1.51158,0.438321,-1.59532
-0.267497,-0.0910627,0.042922;-1.56108,0.447028,-1.56395
-0.268162,-0.0915493,0.0424477;-1.57002,0.436856,-1.56782
-0.269514,-0.0925203,0.0426029;-1.57521,0.478314,-1.5736
-0.276084,-0.0981847,0.0496529;-1.60563,0.546497,-1.57891
-0.289179,-0.121752,0.0625279;-1.52329,0.593419,-1.62872
-0.295571,-0.123021,0.0541346;-1.48885,0.560727,-1.62995
-0.291555,-0.11562,0.0445628;-1.53166,0.541514,-1.58431
-0.289353,-0.114701,0.0424506;-1.57075,0.549321,-1.56696
-0.289085,-0.114571,0.0423291;-1.5708,0.62117,-1.57076
-0.291021,-0.119893,0.0434298;-1.5669,0.718619,-1.58571
-0.298369,-0.132331,0.0622927;-1.48517,0.767374,-1.6699
-0.29727,-0.126424,0.0625313;-1.50866,0.685259,-1.63663
-0.289342,-0.109531,0.0427574;-1.56399,0.578641,-1.58241
-0.280493,-0.102651,0.0429544;-1.55121,0.551143,-1.57756
-0.275182,-0.101929,0.0423291;-1.5706,0.696155,-1.57098
-0.279966,-0.102371,0.0428312;-1.57966,0.81128,-1.57422
-0.316797,-0.137884,0.0613238;-1.45622,0.988313,-1.6996
-0.32787,-0.145467,0.0593083;-1.4306,0.918809,-1.70663
-0.32254,-0.135578,0.0429066;-1.56923,0.846123,-1.58678
-0.319784,-0.133426,0.0427099;-1.56541,0.762779,-1.56637
-0.316178,-0.133195,0.0423394;-1.57122,0.862468,-1.56991
-0.318433,-0.133865,0.0429785;-1.57498,0.910627,-1.57989
-0.352967,-0.156788,0.0597182;-1.46264,1.06589,-1.71996
-0.36803,-0.160453,0.0575359;-1.48565,1.01084,-1.68392
-0.36718,-0.151749,0.0437273;-1.5545,0.946757,-1.60026
-0.36564,-0.150193,0.0425975;-1.57125,0.896314,-1.56165
-0.364221,-0.148839,0.0425107;-1.57082,0.942328,-1.56497
-0.364556,-0.148781,0.0427456;-1.56486,0.955013,-1.58572
-0.375094,-0.159158,0.0563904;-1.44592,1.04347,-1.73724
-0.375049,-0.155251,0.0558345;-1.46391,0.961989,-1.6924
-0.371168,-0.149797,0.0482014;-1.51313,0.943766,-1.65291
-0.361913,-0.143138,0.0424991;-1.57098,0.828168,-1.56506
-0.361139,-0.141395,0.0425412;-1.56954,0.886459,-1.56589
-0.360563,-0.141499,0.0425181;-1.57103,0.90948,-1.56453
-0.367965,-0.145876,0.0440578;-1.57478,0.993594,-1.58776
-0.401789,-0.174002,0.0587854;-1.28536,1.08849,-1.85194
-0.401077,-0.168905,0.0528281;-1.3781,0.977361,-1.75883
-0.387987,-0.157257,0.0423046;-1.56771,0.8744,-1.57474
-0.388838,-0.157586,0.0428114;-1.56256,0.779357,-1.56709
-0.387808,-0.157026,0.0424325;-1.57091,0.815728,-1.5674
-0.388939,-0.155534,0.0434229;-1.60515,0.859814,-1.54687
-0.428954,-0.172532,0.0667203;-1.83732,1.04617,-1.38954
-0.439515,-0.181143,0.0667824;-1.64793,1.00751,-1.53683
-0.434403,-0.184056,0.0428245;-1.58421,0.951448,-1.56938
-0.434298,-0.183943,0.042634;-1.56595,0.908364,-1.56799
-0.435081,-0.183917,0.042657;-1.56759,0.903804,-1.56489
-0.43642,-0.184405,0.0425814;-1.55996,0.894837,-1.57802
-0.462407,-0.197386,0.0601526;-1.55045,0.970503,-1.63236
-0.467742,-0.195029,0.0594237;-1.4697,0.867193,-1.67126
-0.458169,-0.182826,0.0423825;-1.58431,0.783707,-1.56491
-0.457897,-0.18297,0.0430617;-1.54593,0.681175,-1.58188
-0.458519,-0.183122,0.0428144;-1.55476,0.691127,-1.57772
-0.459465,-0.184106,0.0429868;-1.5463,0.710693,-1.58405
-0.48629,-0.216203,0.0536676;-1.47989,0.848344,-1.68955
-0.49107,-0.217171,0.0558217;-1.43389,0.808944,-1.70311
-0.489348,-0.206273,0.0472546;-1.52359,0.707612,-1.62576
-0.482743,-0.198977,0.0424482;-1.56649,0.515149,-1.57259
-0.483206,-0.199017,0.0425836;-1.5615,0.517893,-1.57504
-0.482489,-0.19896,0.043116;-1.54461,0.554317,-1.58128
-0.498161,-0.210488,0.0533706;-1.60976,0.703312,-1.56733
-0.510796,-0.224608,0.0654798;-1.6168,0.792698,-1.57323
-0.518743,-0.226984,0.0590473;-1.55574,0.741405,-1.60239
-0.518741,-0.223949,0.042356;-1.57116,0.681985,-1.56957
-0.51717,-0.223634,0.0426795;-1.55866,0.701845,-1.57666
-0.513684,-0.223627,0.0429431;-1.54706,0.783579,-1.58444
-0.518378,-0.228142,0.0481852;-1.61791,0.899344,-1.52739
-0.537587,-0.241416,0.062856;-1.61292,1.01352,-1.55979
-0.547821,-0.247798,0.0636691;-1.52615,1.02687,-1.63286
-0.527884,-0.234236,0.042342;-1.57046,0.85212,-1.57294
-0.527334,-0.234006,0.0425548;-1.56033,0.816959,-1.5783
-0.526473,-0.234369,0.0427436;-1.55243,0.846464,-1.5831
-0.529722,-0.23435,0.0468022;-1.63648,0.994832,-1.49479
-0.554625,-0.249402,0.0580694;-1.64369,1.07412,-1.51738
-0.576963,-0.264799,0.065093;-1.37502,1.11405,-1.76927
-0.569281,-0.252814,0.042923;-1.59334,0.913074,-1.55959
-0.566606,-0.252741,0.0423971;-1.56749,0.785736,-1.57319
-0.567796,-0.25086,0.0424794;-1.56449,0.711348,-1.57473
-0.570581,-0.249148,0.0456261;-1.60919,0.770948,-1.52229
-0.585978,-0.254854,0.0539659;-1.73239,0.878589,-1.44773
-0.608674,-0.272053,0.0671774;-1.65704,0.977888,-1.54976
-0.628101,-0.278085,0.0425133;-1.56978,0.897798,-1.57677
-0.627556,-0.277676,0.042343;-1.5707,0.856793,-1.57043
-0.627982,-0.277676,0.04233;-1.57074,0.8442,-1.57084
-0.627856,-0.277978,0.0426521;-1.57081,0.873735,-1.56018
-0.633662,-0.28173,0.0501621;-1.5844,0.929118,-1.56514
-0.645784,-0.29556,0.066067;-1.51292,0.990317,-1.64742
-0.644019,-0.288563,0.0454736;-1.53733,0.842386,-1.61567
-0.636718,-0.283841,0.0422973;-1.5692,0.7402,-1.57122
-0.637053,-0.283923,0.0425391;-1.56192,0.712351,-1.57652
-0.635219,-0.285491,0.0423666;-1.5707,0.833706,-1.56974
-0.64456,-0.290034,0.045732;-1.62457,0.9147,-1.52302
-0.673509,-0.311603,0.0614819;-1.48588,0.995153,-1.64764
-0.690047,-0.323577,0.0546202;-1.34317,0.940979,-1.76795
-0.675644,-0.305253,0.0426894;-1.59245,0.842627,-1.55801
-0.671506,-0.304497,0.0423215;-1.57054,0.752834,-1.57116
-0.672833,-0.305281,0.0424515;-1.56485,0.759158,-1.57442
-0.673024,-0.305006,0.0425928;-1.5718,0.78164,-1.56184
-0.687672,-0.308387,0.0513058;-1.6826,0.851863,-1.46992
-0.738853,-0.336484,0.0633292;-1.54117,0.943805,-1.61483
-0.749536,-0.340702,0.0460423;-1.51992,0.906057,-1.62739
-0.745819,-0.339191,0.042305;-1.57042,0.866234,-1.57058
-0.745029,-0.339197,0.0425183;-1.57098,0.891726,-1.56426
-0.744436,-0.340427,0.0427093;-1.56788,0.888308,-1.56222
-0.744237,-0.342272,0.0456473;-1.50187,0.926132,-1.62461
-0.762083,-0.35318,0.0678318;-1.40371,0.937587,-1.72109
-0.758759,-0.34381,0.0619795;-1.53722,0.847673,-1.60941
-0.745929,-0.331664,0.0429626;-1.58908,0.745652,-1.56625
-0.74207,-0.332192,0.0424773;-1.57109,0.758781,-1.56557
-0.739331,-0.335388,0.0425753;-1.57138,0.80192,-1.56257
-0.738293,-0.336746,0.0427203;-1.57966,0.849991,-1.55907
-0.760982,-0.369411,0.0645647;-1.39995,1.03914,-1.72756
-0.764158,-0.36981,0.0597136;-1.48237,0.962742,-1.65933
-0.753324,-0.357544,0.0427043;-1.57861,0.859276,-1.57233
-0.748058,-0.357077,0.0423705;-1.57101,0.839516,-1.56907
-0.74495,-0.362209,0.0424953;-1.57033,0.910613,-1.56523
-0.743432,-0.363588,0.0428392;-1.5749,0.942783,-1.55648
-0.743432,-0.363588,0.0428392;-1.5749,0.942783,-1.55648
-0.750795,-0.368586,0.0550994;-1.66893,1.02802,-1.47325
-0.750795,-0.368586,0.0550994;-1.66893,1.02802,-1.47325
