-0.125,0.125,0.06;-1.57,-2.98023e-08,-1.57
-0.125,0.125,0.06;-1.57,-2.98023e-08,-1.57
-0.125,0.125,0.06;-1.57,-2.98023e-08,-1.57
-0.124062,0.134165,0.0423259;-1.57104,-0.234229,-1.56999
-0.124892,0.129978,0.0423705;-1.57203,-0.181131,-1.56959
-0.127639,0.103783,0.0504129;-1.61212,-0.0889278,-1.57667
-0.126662,0.0619686,0.0557753;-1.42572,-0.0895589,-1.57104
-0.134842,0.0824333,0.0422601;-1.5693,-0.329584,-1.56996
-0.135612,0.0807253,0.0423278;-1.57075,-0.406598,-1.57087
-0.135467,0.080667,0.0423305;-1.57071,-0.39937,-1.57087
-0.133006,0.0807179,0.042663;-1.55977,-0.271246,-1.5676
-0.129867,0.0664244,0.0482144;-1.52,-0.146245,-1.57661
-0.119516,0.0364469,0.0609571;-1.43073,-0.0303235,-1.57695
-0.121413,0.0386958,0.0496974;-1.5037,-0.148199,-1.58124
-0.124029,0.0537631,0.0429612;-1.59131,-0.24252,-1.57698
-0.122255,0.054075,0.0427006;-1.56099,-0.32223,-1.56491
-0.123079,0.0524054,0.0423306;-1.57084,-0.223541,-1.57063
-0.125582,0.0436348,0.0462229;-1.62111,-0.123858,-1.58447
-0.125068,0.0178796,0.0614941;-1.59808,-0.0221374,-1.5955
-0.124758,-0.0124245,0.0585046;-1.38003,-0.0403964,-1.56743
-0.131294,-0.000507413,0.0520855;-1.45861,-0.135636,-1.56663
-0.135007,0.0197492,0.0423779;-1.57253,-0.252066,-1.5694
-0.134529,0.0196715,0.042644;-1.56289,-0.275628,-1.56469
-0.136594,0.0195085,0.0426977;-1.5818,-0.185818,-1.57201
-0.140021,-0.000478545,0.0504192;-1.66305,-0.0792127,-1.58979
-0.138662,-0.027231,0.0595587;-1.54225,-0.0353793,-1.58102
-0.142342,-0.0299879,0.0497176;-1.47447,-0.126878,-1.56475
-0.143551,-0.0127906,0.0430301;-1.55086,-0.242276,-1.56262
-0.143778,-0.0138982,0.0432129;-1.54958,-0.230871,-1.56391
-0.143453,-0.0129406,0.0427476;-1.56965,-0.206191,-1.55838
-0.149522,-0.0518708,0.0656098;-1.52323,-0.0226743,-1.5577
-0.149649,-0.0879575,0.0659236;-1.28909,0.0193452,-1.55138
-0.158021,-0.0875957,0.0583145;-1.37384,-0.0763543,-1.56586
-0.16396,-0.0542514,0.0423152;-1.57073,-0.24,-1.57026
-0.164861,-0.0537507,0.0423294;-1.57062,-0.271838,-1.57093
-0.162413,-0.0567445,0.0425262;-1.56539,-0.191511,-1.57068
-0.167009,-0.076744,0.0499129;-1.65233,-0.028053,-1.57237
-0.170031,-0.109861,0.0675934;-1.50011,0.0731144,-1.5781
-0.171161,-0.133311,0.0613213;-1.32793,0.0616217,-1.58037
-0.176086,-0.0988801,0.0423863;-1.57656,-0.120111,-1.57126
-0.17598,-0.0976662,0.0424534;-1.56689,-0.164262,-1.57026
-0.175691,-0.0985235,0.0426229;-1.56129,-0.145022,-1.56949
-0.176796,-0.104151,0.044556;-1.60133,-0.0108417,-1.57074
-0.182097,-0.131918,0.058753;-1.69856,0.0823649,-1.5716
-0.184317,-0.165355,0.0723947;-1.48581,0.145613,-1.57553
-0.194956,-0.157464,0.042815;-1.55718,-0.0891012,-1.57131
-0.193055,-0.151816,0.0423068;-1.57108,-0.167712,-1.5703
-0.193619,-0.151597,0.0423682;-1.56949,-0.191525,-1.57061
-0.191718,-0.157498,0.0427138;-1.58116,-0.0314869,-1.56913
-0.197047,-0.18432,0.0540842;-1.67447,0.0435889,-1.56872
-0.200518,-0.223953,0.0686391;-1.43211,0.121641,-1.58373
-0.212467,-0.214882,0.0433232;-1.556,-0.0690392,-1.57454
-0.210121,-0.209237,0.0423088;-1.57101,-0.158687,-1.57049
-0.211051,-0.208683,0.0423441;-1.57018,-0.199828,-1.57099
-0.210329,-0.214699,0.0424215;-1.57443,-0.030847,-1.57035
-0.21783,-0.245645,0.0513094;-1.56299,0.0609155,-1.57959
-0.222716,-0.282887,0.0619929;-1.31738,0.145973,-1.60987
-0.232509,-0.266675,0.0459093;-1.52826,-0.0032352,-1.5787
-0.23107,-0.260571,0.0423269;-1.5709,-0.10106,-1.57087
-0.230704,-0.260711,0.0423297;-1.57075,-0.143422,-1.57076
-0.229613,-0.263245,0.0423287;-1.57077,-0.0300681,-1.57088
-0.237167,-0.282224,0.0454471;-1.54366,0.0668954,-1.58527
-0.242795,-0.313716,0.0602034;-1.36423,0.175871,-1.62805
-0.250492,-0.316999,0.0537514;-1.44391,0.113405,-1.60523
-0.255681,-0.302934,0.0438761;-1.54656,0.00296694,-1.57566
-0.25354,-0.300702,0.042331;-1.57102,-0.125085,-1.57008
-0.253604,-0.301436,0.0423293;-1.57079,-0.159835,-1.57084
-0.253479,-0.305012,0.0423781;-1.57089,-0.0796098,-1.57233
-0.257898,-0.326008,0.0515636;-1.48833,0.0479906,-1.60433
-0.25805,-0.353765,0.0581233;-1.39183,0.158478,-1.61969
-0.268131,-0.346937,0.0521884;-1.46924,0.0325833,-1.59931
-0.272354,-0.330716,0.0424144;-1.57762,-0.0755477,-1.57202
-0.269164,-0.330963,0.0423273;-1.57075,-0.183915,-1.57087
-0.268158,-0.330004,0.0423289;-1.57086,-0.0960969,-1.57078
-0.269674,-0.337516,0.0441039;-1.55704,-0.000813276,-1.58205
-0.26614,-0.379987,0.0604908;-1.3558,0.229067,-1.63794
-0.276033,-0.380366,0.0565091;-1.4204,0.12644,-1.62136
-0.282084,-0.360736,0.045717;-1.53363,0.00364686,-1.58433
-0.279106,-0.354532,0.0423231;-1.57079,-0.144468,-1.57102
-0.277275,-0.35662,0.0425148;-1.56991,-0.0268703,-1.56567
-0.276497,-0.358919,0.0436476;-1.55004,0.101096,-1.57414
-0.274999,-0.401942,0.063023;-1.29072,0.339217,-1.66653
-0.277505,-0.401425,0.0597225;-1.3442,0.290233,-1.64835
-0.277984,-0.380744,0.0474712;-1.50541,0.191029,-1.59205
-0.273449,-0.368767,0.04239;-1.56879,0.0776358,-1.57106
-0.273192,-0.373512,0.0423244;-1.5731,0.218344,-1.57037
-0.2781,-0.379572,0.0425962;-1.57458,0.313909,-1.57464
-0.298557,-0.429073,0.0622008;-1.27664,0.515199,-1.71991
-0.300333,-0.426987,0.0586458;-1.34546,0.468587,-1.68621
-0.296189,-0.405789,0.0461268;-1.52116,0.386529,-1.5978
-0.291801,-0.398758,0.0423261;-1.57082,0.287947,-1.5707
-0.291098,-0.403366,0.0423056;-1.57157,0.404313,-1.57058
-0.292125,-0.404054,0.042334;-1.57112,0.424453,-1.5705
-0.324294,-0.439745,0.0704802;-1.52254,0.61194,-1.60429
-0.338813,-0.457636,0.0572159;-1.34378,0.547048,-1.69527
-0.33878,-0.453952,0.052876;-1.4177,0.525834,-1.65273
-0.331927,-0.436047,0.0423229;-1.57105,0.349066,-1.57026
-0.330983,-0.439694,0.0426412;-1.56091,0.431481,-1.57584
-0.331168,-0.441116,0.0423141;-1.57077,0.49147,-1.56984
-0.338782,-0.445697,0.0470097;-1.63997,0.562156,-1.53424
-0.377581,-0.497494,0.0683732;-1.40861,0.688847,-1.66104
-0.389755,-0.505893,0.0549036;-1.37971,0.558003,-1.67735
-0.385248,-0.485218,0.0427669;-1.59156,0.425368,-1.56179
-0.38264,-0.484129,0.0423468;-1.57014,0.357592,-1.57115
-0.382004,-0.488576,0.042308;-1.57185,0.473283,-1.56913
-0.385265,-0.490955,0.0434444;-1.59195,0.531162,-1.55898
-0.431506,-0.549021,0.067453;-1.33991,0.669122,-1.70552
-0.446347,-0.556644,0.0582429;-1.32859,0.570992,-1.70965
-0.438843,-0.531368,0.0441435;-1.54265,0.467663,-1.58899
-0.433781,-0.526807,0.04233;-1.57075,0.33736,-1.5708
-0.433474,-0.531394,0.0423307;-1.57166,0.437491,-1.5689
-0.437175,-0.533908,0.0425253;-1.57828,0.504109,-1.56703
-0.482063,-0.586711,0.0615422;-1.25385,0.658125,-1.77229
-0.488282,-0.584952,0.0563198;-1.36353,0.603724,-1.70176
-0.483743,-0.562584,0.0442832;-1.54036,0.486363,-1.59153
-0.47913,-0.558641,0.04233;-1.57079,0.355065,-1.57081
-0.478877,-0.560415,0.0424481;-1.56688,0.422138,-1.57279
-0.480092,-0.561678,0.0423265;-1.57092,0.481503,-1.57047
-0.512175,-0.597813,0.0600919;-1.30364,0.689187,-1.7672
-0.517831,-0.604028,0.0573561;-1.3318,0.701499,-1.74083
-0.517557,-0.588254,0.0500307;-1.47082,0.585369,-1.64423
-0.511764,-0.579107,0.0424173;-1.57154,0.385452,-1.56827
-0.512001,-0.579443,0.0423529;-1.57063,0.380079,-1.57031
-0.510613,-0.578861,0.0423278;-1.57072,0.449953,-1.57099
-0.526077,-0.6042,0.0559791;-1.39715,0.65793,-1.71206
-0.532176,-0.62658,0.0599422;-1.29115,0.75997,-1.79081
-0.537469,-0.622552,0.0545085;-1.39552,0.70224,-1.70777
-0.529802,-0.600619,0.0423451;-1.57179,0.470278,-1.57041
-0.529759,-0.602768,0.042333;-1.57072,0.397727,-1.5707
-0.53006,-0.60331,0.0426313;-1.56329,0.424359,-1.57097
-0.535974,-0.616875,0.0493674;-1.48396,0.620643,-1.64372
-0.54504,-0.639443,0.0596321;-1.29768,0.740694,-1.78101
-0.546315,-0.649009,0.0570035;-1.31681,0.809411,-1.7729
-0.534063,-0.61879,0.0426467;-1.58376,0.598197,-1.5644
-0.532511,-0.619317,0.0427235;-1.56326,0.54708,-1.56856
-0.532065,-0.619048,0.04278;-1.55575,0.564138,-1.57701
-0.53491,-0.620122,0.0429135;-1.58981,0.687964,-1.56328
-0.554416,-0.638755,0.0508473;-1.48712,0.791883,-1.66731
-0.569375,-0.665888,0.058165;-1.33034,0.849183,-1.79299
-0.555022,-0.640824,0.042827;-1.5561,0.700725,-1.58484
-0.54655,-0.634575,0.0425534;-1.57127,0.622101,-1.5629
-0.543798,-0.633543,0.0426311;-1.5672,0.611295,-1.56625
-0.549983,-0.635511,0.044286;-1.57875,0.724746,-1.54223
-0.574544,-0.651,0.0577105;-1.41689,0.845601,-1.6803
-0.597555,-0.669899,0.0661667;-1.09464,0.863489,-1.93647
-0.585117,-0.655622,0.0506669;-1.44437,0.805565,-1.64654
-0.568866,-0.643562,0.0452536;-1.57309,0.737351,-1.53774
-0.567654,-0.642816,0.0435934;-1.56739,0.687463,-1.55685
-0.575932,-0.644126,0.044784;-1.58185,0.73658,-1.53702
-0.599227,-0.658629,0.0564737;-1.46335,0.859158,-1.65648
-0.619159,-0.68377,0.0646315;-1.07951,0.925858,-1.97352
-0.615364,-0.663719,0.0530433;-1.37338,0.833521,-1.7138
-0.607285,-0.649209,0.0450012;-1.54762,0.737514,-1.55949
-0.598483,-0.644796,0.0469817;-1.55655,0.702756,-1.53821
-0.595801,-0.643985,0.0451501;-1.55259,0.761944,-1.55684
-0.609857,-0.649458,0.0484764;-1.58108,0.872102,-1.5464
-0.63866,-0.670317,0.0625322;-1.12872,0.964973,-1.94919
-0.646493,-0.675679,0.0590191;-1.18528,0.987067,-1.89524
-0.636662,-0.655634,0.0487767;-1.44259,0.868965,-1.66025
-0.627157,-0.647048,0.0447836;-1.56216,0.79691,-1.54855
-0.615762,-0.643721,0.0433487;-1.56391,0.818992,-1.56442
-0.616673,-0.644327,0.0444649;-1.57841,0.868997,-1.53907
-0.639734,-0.654563,0.0568997;-1.5398,0.996073,-1.58758
-0.672442,-0.67557,0.0640566;-0.998776,1.05055,-2.07282
-0.666046,-0.660288,0.0539395;-1.30913,0.983007,-1.78958
-0.650224,-0.643857,0.043435;-1.5741,0.87739,-1.54539
-0.642565,-0.640875,0.0432087;-1.56917,0.827227,-1.5605
-0.645043,-0.640603,0.0429341;-1.56546,0.85097,-1.56182
-0.658429,-0.645448,0.0472165;-1.56275,0.932611,-1.56437
-0.696337,-0.676805,0.0624421;-0.999439,1.07771,-2.08701
-0.692953,-0.667335,0.0565478;-1.22309,1.04306,-1.88548
-0.676,-0.65142,0.0478122;-1.45765,0.944039,-1.65376
-0.650322,-0.642271,0.0460303;-1.55406,0.83389,-1.54863
-0.656103,-0.642189,0.0482886;-1.49911,0.878138,-1.59333
-0.666723,-0.643924,0.0511365;-1.56876,0.979858,-1.52289
-0.711809,-0.664761,0.0635076;-0.941752,1.09995,-2.14682
-0.70643,-0.662402,0.0548558;-1.21058,1.1426,-1.917
-0.686523,-0.65182,0.0493852;-1.40076,1.0335,-1.71362
-0.659433,-0.646725,0.0432243;-1.55746,0.955953,-1.5733
-0.659771,-0.647583,0.0425182;-1.56755,1.01703,-1.56902
-0.662718,-0.646222,0.0427949;-1.59849,1.09012,-1.54856
-0.662718,-0.646222,0.0427949;-1.59849,1.09012,-1.54856
-0.682932,-0.647315,0.0497634;-1.75952,1.19242,-1.41709
-0.682932,-0.647315,0.0497634;-1.75952,1.19242,-1.41709
