-0.125,0.125,0.06;-1.57,-2.98023e-08,-1.57
-0.125,0.125,0.06;-1.57,-2.98023e-08,-1.57
-0.125,0.125,0.06;-1.57,-2.98023e-08,-1.57
-0.123657,0.132614,0.0423133;-1.57153,-0.228341,-1.57003
-0.12455,0.128903,0.0423932;-1.57228,-0.169594,-1.56998
-0.127583,0.102342,0.0510403;-1.62343,-0.081547,-1.57543
-0.12389,0.0592762,0.0572092;-1.392,-0.0272885,-1.56311
-0.127731,0.0800413,0.042287;-1.5707,-0.16373,-1.56967
-0.127705,0.079906,0.0424254;-1.56766,-0.176332,-1.57023
-0.127438,0.0799829,0.042334;-1.57057,-0.160655,-1.57095
-0.126599,0.0793854,0.0425286;-1.57109,-0.0752502,-1.56426
-0.134216,0.0609152,0.0499601;-1.62023,0.00814277,-1.5596
-0.140121,0.025396,0.0676566;-1.49314,0.102234,-1.58314
-0.142609,0.00506839,0.0527537;-1.44383,0.0955112,-1.58295
-0.145047,0.0177435,0.0426743;-1.56124,0.0157793,-1.56945
-0.144451,0.0191909,0.0423287;-1.5709,-0.0280649,-1.57069
-0.144078,0.018803,0.0423434;-1.57032,-0.01373,-1.57031
-0.148097,0.0102246,0.0456782;-1.59178,0.0518566,-1.564
-0.155198,-0.0173581,0.0648061;-1.53241,0.146363,-1.5835
-0.161959,-0.0539569,0.0572993;-1.38869,0.195247,-1.60601
-0.162081,-0.0524664,0.0515373;-1.45572,0.159835,-1.58968
-0.162878,-0.0435396,0.0422932;-1.57289,0.123699,-1.56953
-0.162671,-0.0437326,0.0423291;-1.57067,0.123191,-1.57086
-0.162352,-0.0437692,0.0423618;-1.56954,0.158312,-1.57065
-0.168203,-0.0518286,0.0491617;-1.57227,0.206986,-1.57274
-0.176912,-0.0760664,0.0634121;-1.50716,0.271418,-1.59159
-0.180718,-0.0872809,0.0482218;-1.49098,0.240916,-1.59091
-0.178343,-0.0833591,0.0423412;-1.57075,0.235844,-1.57049
-0.178426,-0.0833772,0.042331;-1.57088,0.237593,-1.57075
-0.178327,-0.0832272,0.0423317;-1.5707,0.248087,-1.57079
-0.188592,-0.0978007,0.0585534;-1.51697,0.343054,-1.60054
-0.196356,-0.114771,0.0696829;-1.47002,0.37964,-1.61532
-0.201199,-0.120304,0.0592059;-1.43943,0.328942,-1.62625
-0.197741,-0.11268,0.0423655;-1.57082,0.31308,-1.56965
-0.197821,-0.112651,0.042331;-1.57069,0.323774,-1.57077
-0.197829,-0.112857,0.0423487;-1.57109,0.348438,-1.5699
-0.201767,-0.118812,0.0483485;-1.51506,0.413844,-1.60322
-0.212216,-0.130797,0.0644616;-1.47147,0.4507,-1.62678
-0.215267,-0.12932,0.066953;-1.4565,0.407181,-1.62493
-0.211391,-0.12358,0.0424387;-1.57222,0.372348,-1.56551
-0.21134,-0.123271,0.0423294;-1.57082,0.376135,-1.57083
-0.211268,-0.12311,0.04233;-1.57108,0.387404,-1.57039
-0.211516,-0.125113,0.0439979;-1.54514,0.445118,-1.58232
-0.219216,-0.134761,0.054776;-1.46903,0.492991,-1.62797
-0.229122,-0.139296,0.0691518;-1.43836,0.487463,-1.64255
-0.221992,-0.113677,0.0423449;-1.57238,0.329938,-1.56839
-0.221127,-0.113022,0.0423292;-1.57078,0.323042,-1.57076
-0.220897,-0.113028,0.0423292;-1.57069,0.333744,-1.57091
-0.220525,-0.115384,0.0425892;-1.56157,0.440238,-1.57432
-0.225925,-0.126092,0.0504218;-1.48284,0.487454,-1.61884
-0.240555,-0.140999,0.0655223;-1.41919,0.525523,-1.65529
-0.233457,-0.118326,0.0437363;-1.54394,0.3496,-1.57894
-0.23138,-0.114684,0.0423263;-1.57094,0.336569,-1.57071
-0.231178,-0.114676,0.0423311;-1.57075,0.340146,-1.5708
-0.230204,-0.117334,0.0424851;-1.57128,0.477816,-1.56522
-0.242202,-0.136067,0.0502985;-1.48342,0.551758,-1.62124
-0.255828,-0.162938,0.0624016;-1.35697,0.606606,-1.6923
-0.254377,-0.151382,0.0500608;-1.45989,0.478611,-1.62196
-0.244536,-0.137325,0.042367;-1.57191,0.413766,-1.56137
-0.244962,-0.137496,0.0423341;-1.57066,0.392643,-1.57086
-0.24412,-0.1402,0.0423273;-1.57072,0.560589,-1.57077
-0.256281,-0.149243,0.0474484;-1.61066,0.64242,-1.54779
-0.279361,-0.175481,0.0642499;-1.4316,0.737165,-1.67105
-0.291483,-0.180546,0.0568403;-1.35249,0.646885,-1.70596
-0.283199,-0.164677,0.0481737;-1.47792,0.56246,-1.61996
-0.277647,-0.157814,0.0425558;-1.57066,0.486433,-1.5636
-0.277518,-0.157995,0.0423349;-1.57057,0.520947,-1.57094
-0.279723,-0.159474,0.0425379;-1.57588,0.601544,-1.56497
-0.300677,-0.174087,0.0529937;-1.61026,0.704541,-1.54783
-0.336014,-0.21968,0.0597522;-1.27135,0.788584,-1.77869
-0.336736,-0.214665,0.0550592;-1.3605,0.722936,-1.71117
-0.3276,-0.196815,0.0428512;-1.55487,0.636351,-1.57631
-0.325549,-0.196462,0.0423364;-1.57043,0.602438,-1.57116
-0.325494,-0.199211,0.0423266;-1.57018,0.708454,-1.5707
-0.331444,-0.201367,0.0439836;-1.59264,0.768935,-1.55169
-0.382218,-0.242566,0.0676074;-1.29309,0.919472,-1.79192
-0.394851,-0.247542,0.0569576;-1.30069,0.858,-1.7836
-0.3866,-0.234995,0.04641;-1.49852,0.813432,-1.62817
-0.382267,-0.231312,0.0423298;-1.57072,0.721296,-1.57087
-0.382434,-0.232903,0.0423343;-1.57058,0.787983,-1.5707
-0.383302,-0.233016,0.0425457;-1.57617,0.818385,-1.56314
-0.428412,-0.25819,0.0719714;-1.42682,0.99499,-1.70039
-0.44494,-0.265542,0.0640024;-1.42482,0.95249,-1.70279
-0.443362,-0.266955,0.0468888;-1.4682,0.944574,-1.65581
-0.439154,-0.263875,0.0423621;-1.56938,0.893203,-1.57161
-0.43933,-0.265353,0.0423414;-1.57507,0.964684,-1.56448
-0.439824,-0.265179,0.0424193;-1.57129,0.978651,-1.5672
-0.481289,-0.283428,0.0718515;-1.36391,1.14455,-1.76847
-0.499349,-0.28775,0.0649343;-1.33893,1.11407,-1.78549
-0.499784,-0.289244,0.0495635;-1.35787,1.11325,-1.76041
-0.494675,-0.287985,0.0423467;-1.57075,1.11215,-1.57029
-0.494543,-0.288014,0.0423548;-1.5703,1.1311,-1.57045
-0.494031,-0.287251,0.0424357;-1.57078,1.11176,-1.57416
-0.512733,-0.290234,0.0675723;-1.38936,1.23486,-1.75778
-0.523119,-0.287232,0.0635154;-1.29146,1.1728,-1.83412
-0.523039,-0.285153,0.0541282;-1.23091,1.1453,-1.88796
-0.514199,-0.282571,0.042454;-1.57039,1.12966,-1.56729
-0.514102,-0.282512,0.0423298;-1.57086,1.15344,-1.57076
-0.513999,-0.282549,0.0423287;-1.57071,1.16293,-1.57097
-0.517429,-0.283464,0.0455136;-1.4859,1.20134,-1.65603
-0.541433,-0.285229,0.0675503;-1.27501,1.24224,-1.85694
-0.541484,-0.282865,0.0582203;-1.33741,1.16856,-1.79755
-0.534302,-0.280667,0.0425643;-1.56214,1.15141,-1.57469
-0.534012,-0.280639,0.0423302;-1.57079,1.15623,-1.57077
-0.53404,-0.280765,0.0423567;-1.57067,1.18253,-1.57008
-0.534721,-0.281338,0.0431644;-1.52692,1.2054,-1.61177
-0.561334,-0.283044,0.0679034;-1.16228,1.26921,-1.97403
-0.560674,-0.277087,0.0649103;-1.28451,1.17383,-1.84749
-0.543676,-0.271067,0.0454835;-1.46939,1.09813,-1.66043
-0.539808,-0.26951,0.0423394;-1.57042,1.07919,-1.57092
-0.539728,-0.270324,0.0423539;-1.57056,1.14543,-1.57022
-0.540188,-0.271168,0.0426714;-1.53998,1.20422,-1.59913
-0.572623,-0.274932,0.0663681;-1.12391,1.27217,-2.01381
-0.575093,-0.267302,0.064386;-1.20137,1.18253,-1.92385
-0.560961,-0.259801,0.0481815;-1.39388,1.10558,-1.72834
-0.554126,-0.2572,0.0423789;-1.56757,1.05394,-1.57361
-0.5549,-0.257786,0.0423278;-1.57045,1.13088,-1.57093
-0.555413,-0.258008,0.0423264;-1.57239,1.1998,-1.56931
-0.601742,-0.271274,0.0608446;-0.996651,1.31087,-2.14209
-0.615625,-0.272446,0.0586437;-0.897487,1.2575,-2.22799
-0.605834,-0.264137,0.0537586;-1.18811,1.19193,-1.93294
-0.592931,-0.255742,0.0426773;-1.55281,1.0769,-1.58394
-0.592435,-0.25671,0.0423264;-1.57091,1.13111,-1.57073
-0.591737,-0.257724,0.042329;-1.57082,1.20621,-1.57077
-0.628362,-0.260787,0.0546388;-1.11314,1.3861,-2.03751
-0.655606,-0.267083,0.0618169;-0.630165,1.3488,-2.50784
-0.659227,-0.263136,0.0574389;-0.810744,1.30189,-2.31503
-0.635073,-0.249496,0.04266;-1.57122,1.17807,-1.55964
-0.63598,-0.249294,0.0424137;-1.56417,1.16092,-1.57682
-0.637059,-0.250909,0.0424034;-1.56381,1.25262,-1.57762
-0.6545,-0.248787,0.0465112;-1.51662,1.44249,-1.632
-0.690052,-0.251387,0.0618877;-0.237742,1.45631,-2.91615
-0.715968,-0.256555,0.0578939;0.00362114,1.38115,3.14048
-0.694324,-0.241507,0.0423794;-1.5816,1.36221,-1.55649
-0.694371,-0.242189,0.0423597;-1.57061,1.30362,-1.56985
-0.694018,-0.242744,0.0423306;-1.56996,1.32331,-1.57167
-0.69843,-0.24333,0.042873;-1.67665,1.51171,-1.46196
-0.728619,-0.238238,0.0556984;0.691102,1.49468,2.43688
-0.763496,-0.240025,0.0641946;0.667357,1.37271,2.46084
-0.768495,-0.233273,0.047131;0.480351,1.49636,2.66062
-0.764282,-0.232485,0.0425378;-1.57351,1.53145,-1.5613
-0.764557,-0.23221,0.0423335;-1.5676,1.52122,-1.57383
-0.765297,-0.235365,0.043038;1.40348,1.48038,1.73899
-0.783688,-0.228428,0.0517912;1.33887,1.36755,1.78529
-0.815092,-0.222546,0.0658503;1.16401,1.25128,1.946
-0.831574,-0.210919,0.0513353;1.07212,1.32249,2.06765
-0.828323,-0.207374,0.0425614;1.57704,1.446,1.57268
-0.827913,-0.205892,0.0423348;1.57947,1.51321,1.5616
-0.827254,-0.204493,0.0425355;1.54365,1.51294,1.59236
-0.838292,-0.202279,0.0491308;1.26293,1.43334,1.8503
-0.864713,-0.198701,0.065336;1.32845,1.33371,1.77922
-0.864533,-0.194625,0.0584664;1.20517,1.39094,1.92986
-0.855513,-0.194076,0.0424531;1.55231,1.46835,1.59178
-0.856198,-0.193964,0.0424736;1.57428,1.5068,1.57197
-0.854712,-0.190574,0.0425906;1.58671,1.55354,1.54673
-0.855561,-0.190752,0.0437087;1.3944,1.5259,1.7359
-0.866435,-0.189215,0.0573027;1.11953,1.43251,1.99503
-0.877206,-0.181742,0.0591627;0.768598,1.40822,2.36162
-0.874217,-0.182482,0.0464795;0.856082,1.47829,2.28615
-0.87125,-0.182599,0.0425439;1.59496,1.53175,1.55431
-0.869824,-0.180601,0.0423226;-1.57992,1.53427,-1.56209
-0.870371,-0.179931,0.0424555;-1.48027,1.56078,-1.6647
-0.877138,-0.179941,0.0494623;0.652007,1.4986,2.46624
-0.878688,-0.177367,0.06426;0.30231,1.47173,2.82755
-0.881392,-0.174986,0.0521708;-0.196776,1.47665,-2.95231
-0.87724,-0.174658,0.0425937;-1.40251,1.53287,-1.73697
-0.874781,-0.174432,0.0423535;-1.58318,1.46077,-1.55823
-0.874337,-0.173682,0.0423475;-1.57199,1.44898,-1.5703
-0.87722,-0.174217,0.0450879;-1.33162,1.48974,-1.82502
-0.881725,-0.177063,0.0594949;-0.139584,1.42021,-3.02551
-0.874798,-0.170039,0.0569112;-0.819061,1.38997,-2.33469
-0.864927,-0.166987,0.0449533;-1.36411,1.37082,-1.77276
-0.862811,-0.166519,0.0424528;-1.58939,1.34035,-1.55278
-0.862623,-0.166528,0.0424162;-1.57134,1.35815,-1.56726
-0.865465,-0.169391,0.0430908;-1.50562,1.43902,-1.6438
-0.881205,-0.172539,0.0612306;-0.238916,1.41858,-2.92549
-0.874424,-0.164372,0.0596303;-0.763881,1.37824,-2.38809
-0.863331,-0.157439,0.0483837;-1.23741,1.32122,-1.89823
-0.856796,-0.155531,0.0423768;-1.57181,1.3163,-1.56812
-0.856574,-0.155449,0.0423798;-1.57118,1.32852,-1.56851
-0.85781,-0.159502,0.0425098;-1.57218,1.37428,-1.5756
-0.85781,-0.159502,0.0425098;-1.57218,1.37428,-1.5756
-0.871568,-0.162228,0.0502768;-0.971658,1.45718,-2.19336
-0.871568,-0.162228,0.0502768;-0.971658,1.45718,-2.19336
