-0.125,0.125,0.06;-1.57,-2.98023e-08,-1.57
-0.125,0.125,0.06;-1.57,-2.98023e-08,-1.57
-0.125,0.125,0.06;-1.57,-2.98023e-08,-1.57
-0.12477,0.128932,0.0285191;-1.57322,-0.201534,-1.5712
-0.12461,0.129408,0.0286893;-1.57129,-0.124696,-1.5636
-0.126648,0.116742,0.031979;-1.61962,-0.0237859,-1.56661
-0.127578,0.0900208,0.0397585;-1.38807,0.00748308,-1.55004
-0.13043,0.0999387,0.0289214;-1.56955,-0.168742,-1.55523
-0.13097,0.0989228,0.0289104;-1.5546,-0.207505,-1.5672
-0.131118,0.0987734,0.0288731;-1.5563,-0.208364,-1.5677
-0.130033,0.100322,0.0290225;-1.56974,-0.0934746,-1.55031
-0.13326,0.0874821,0.0330502;-1.61739,0.00591007,-1.54847
-0.133408,0.0610131,0.0420148;-1.46557,0.106514,-1.564
-0.135004,0.0538831,0.0393926;-1.38159,0.0304742,-1.55702
-0.136125,0.0617132,0.0315855;-1.50904,-0.0719268,-1.55254
-0.136768,0.0631777,0.0288991;-1.55849,-0.142463,-1.56574
-0.135293,0.0649639,0.0291463;-1.5634,-0.0514719,-1.55064
-0.138263,0.0571548,0.0317812;-1.59837,0.0483123,-1.54407
-0.140895,0.031212,0.0409955;-1.47631,0.151354,-1.56679
-0.141581,0.0171308,0.0429768;-1.32931,0.14007,-1.57243
-0.144094,0.0190239,0.039041;-1.38249,0.0460039,-1.56663
-0.145348,0.0274486,0.0289801;-1.56798,-0.0482272,-1.55442
-0.144747,0.0276989,0.0290832;-1.54979,-0.0513266,-1.56616
-0.143625,0.0294013,0.0292221;-1.57009,0.0404355,-1.54982
-0.148629,0.0155314,0.033924;-1.60912,0.152041,-1.54599
-0.151999,-0.00695276,0.0389848;-1.40556,0.192622,-1.58153
-0.154213,-0.00796335,0.0369588;-1.4171,0.114105,-1.57824
-0.15465,-0.00241482,0.0289292;-1.55403,-0.0132298,-1.57026
-0.154541,-0.00263527,0.0290205;-1.54963,0.00272626,-1.5701
-0.153501,-0.00142552,0.029047;-1.56205,0.0617534,-1.55764
-0.162616,-0.0297657,0.0384733;-1.54625,0.252124,-1.56535
-0.165128,-0.0534889,0.0412906;-1.34341,0.293391,-1.61042
-0.16805,-0.0544228,0.0412844;-1.34034,0.226341,-1.60525
-0.168229,-0.0431263,0.0289011;-1.5655,0.0566602,-1.56108
-0.168835,-0.0436919,0.0288535;-1.55753,0.036186,-1.5712
-0.168126,-0.044261,0.029043;-1.54931,0.0874253,-1.57143
-0.17308,-0.0548351,0.0326735;-1.60901,0.252027,-1.54135
-0.179164,-0.0818008,0.0417923;-1.45373,0.349952,-1.59541
-0.182992,-0.0954831,0.0420768;-1.32556,0.31804,-1.62487
-0.185116,-0.0825897,0.0288991;-1.57053,0.126243,-1.55589
-0.186201,-0.0837196,0.0289454;-1.55347,0.0585906,-1.57123
-0.185818,-0.083723,0.0289625;-1.5526,0.0781409,-1.57166
-0.185724,-0.0845108,0.029831;-1.57612,0.229375,-1.54937
-0.194119,-0.107144,0.0373351;-1.55081,0.333714,-1.56818
-0.197617,-0.132652,0.0416753;-1.35967,0.393482,-1.6251
-0.200987,-0.122878,0.0308059;-1.52428,0.193938,-1.57293
-0.199749,-0.119633,0.0286593;-1.57153,0.0996983,-1.56542
-0.200351,-0.119819,0.0288584;-1.55734,0.0732295,-1.57167
-0.198602,-0.119802,0.0290793;-1.5715,0.219361,-1.55274
-0.206485,-0.135759,0.0340822;-1.60153,0.32063,-1.54871
-0.212542,-0.162616,0.0422404;-1.42302,0.41166,-1.61213
-0.21598,-0.157958,0.0329711;-1.4834,0.220123,-1.58275
-0.213932,-0.151591,0.0287754;-1.57043,0.134322,-1.56069
-0.214651,-0.152073,0.0288554;-1.55744,0.0986936,-1.57201
-0.212995,-0.152191,0.029085;-1.57118,0.254943,-1.55296
-0.221345,-0.168096,0.0341787;-1.61166,0.35935,-1.54393
-0.228706,-0.194516,0.0424859;-1.42639,0.44576,-1.61543
-0.232081,-0.196733,0.0366006;-1.41967,0.319392,-1.60597
-0.229666,-0.188546,0.0288965;-1.57105,0.229093,-1.55532
-0.230456,-0.189448,0.0289986;-1.55105,0.180479,-1.57332
-0.228353,-0.18859,0.0290911;-1.56609,0.305283,-1.55226
-0.235339,-0.198458,0.0322455;-1.60192,0.403277,-1.53724
-0.246009,-0.223471,0.0411979;-1.43176,0.497182,-1.61861
-0.250545,-0.230227,0.0408081;-1.33921,0.434866,-1.64807
-0.250348,-0.224928,0.0348237;-1.44255,0.335897,-1.60127
-0.249979,-0.221155,0.0289446;-1.56575,0.245174,-1.55938
-0.249272,-0.220998,0.0290758;-1.55149,0.2696,-1.56992
-0.248241,-0.220147,0.0293357;-1.57095,0.357515,-1.55035
-0.257893,-0.234466,0.0346311;-1.59611,0.467898,-1.54494
-0.270584,-0.263747,0.0428363;-1.29848,0.516659,-1.67611
-0.273588,-0.262553,0.0397694;-1.34647,0.422472,-1.65236
-0.272303,-0.25315,0.0309183;-1.51406,0.325345,-1.57929
-0.271463,-0.251787,0.0289867;-1.55075,0.288503,-1.57583
-0.269692,-0.251179,0.0290676;-1.5592,0.359207,-1.56234
-0.272242,-0.253775,0.0303061;-1.58331,0.449262,-1.54435
-0.293461,-0.299568,0.0426481;-1.31919,0.615336,-1.68475
-0.299947,-0.304108,0.0404004;-1.32973,0.510024,-1.6813
-0.297394,-0.290795,0.0330822;-1.47882,0.411788,-1.60364
-0.294169,-0.284565,0.028897;-1.55474,0.307648,-1.5755
-0.292859,-0.285368,0.0289946;-1.55604,0.40271,-1.56997
-0.293241,-0.285788,0.0294712;-1.57412,0.487606,-1.5515
-0.318377,-0.327066,0.0424892;-1.36067,0.669966,-1.68006
-0.326422,-0.334562,0.0398473;-1.32734,0.579648,-1.69993
-0.322067,-0.321034,0.03402;-1.45358,0.491587,-1.62085
-0.317305,-0.312545,0.0288484;-1.55695,0.362155,-1.5757
-0.316167,-0.31326,0.0288981;-1.56258,0.451161,-1.56656
-0.317046,-0.313567,0.0294589;-1.57629,0.533012,-1.5509
-0.343107,-0.352781,0.0433331;-1.37764,0.711337,-1.67727
-0.35024,-0.361377,0.0410088;-1.29459,0.619326,-1.72118
-0.346009,-0.353397,0.0367554;-1.38306,0.565152,-1.66251
-0.341152,-0.347249,0.0289703;-1.55043,0.4604,-1.57904
-0.339836,-0.347563,0.0290536;-1.55414,0.544026,-1.57077
-0.339075,-0.347348,0.0290879;-1.56769,0.603544,-1.55053
-0.368632,-0.380737,0.0417861;-1.35418,0.779948,-1.70114
-0.376914,-0.387193,0.0418795;-1.26017,0.69842,-1.75477
-0.37408,-0.38349,0.040543;-1.29781,0.691345,-1.72713
-0.369679,-0.374854,0.02899;-1.55607,0.52748,-1.57112
-0.370613,-0.375786,0.0290331;-1.54521,0.542951,-1.58355
-0.369006,-0.375246,0.0290009;-1.56711,0.59742,-1.55575
-0.375062,-0.379123,0.0309966;-1.59598,0.693475,-1.53263
-0.403795,-0.41393,0.0417737;-1.24552,0.795748,-1.78066
-0.40666,-0.411953,0.0391025;-1.32018,0.707672,-1.72717
-0.400421,-0.4008,0.0295668;-1.53209,0.61164,-1.58423
-0.400617,-0.400365,0.028929;-1.55122,0.527182,-1.58046
-0.399508,-0.400729,0.0290562;-1.54964,0.588586,-1.57702
-0.399536,-0.400711,0.0293452;-1.57239,0.663847,-1.55045
-0.429592,-0.435233,0.0423788;-1.35589,0.845746,-1.70957
-0.436731,-0.440629,0.0403558;-1.28454,0.747394,-1.75504
-0.43333,-0.432083,0.0335248;-1.45021,0.655485,-1.63798
-0.429906,-0.427546,0.0288736;-1.55444,0.528476,-1.57889
-0.429234,-0.428468,0.0290029;-1.55117,0.601702,-1.57744
-0.428739,-0.428594,0.0291513;-1.57172,0.680084,-1.55283
-0.459121,-0.461567,0.0428163;-1.37029,0.862865,-1.70589
-0.467836,-0.467766,0.0410458;-1.25279,0.767376,-1.78174
-0.46344,-0.46218,0.0354572;-1.38811,0.715143,-1.6832
-0.460634,-0.458559,0.0289149;-1.55107,0.626506,-1.58202
-0.460396,-0.459271,0.0290131;-1.54669,0.686227,-1.58359
-0.459,-0.459054,0.0289854;-1.57096,0.755546,-1.5509
-0.491251,-0.486489,0.0419219;-1.37511,0.94341,-1.71576
-0.501143,-0.494556,0.0415473;-1.21157,0.884167,-1.83118
-0.49944,-0.490157,0.0387584;-1.294,0.821428,-1.76438
-0.496203,-0.484254,0.0290728;-1.54288,0.679069,-1.58593
-0.495817,-0.484437,0.0289779;-1.54568,0.697511,-1.58649
-0.494287,-0.484661,0.0290908;-1.55003,0.760278,-1.57552
-0.516103,-0.499021,0.0374222;-1.52585,0.95756,-1.59807
-0.533758,-0.517125,0.0413575;-1.19431,0.990898,-1.86151
-0.538175,-0.517144,0.0416843;-1.18538,0.912497,-1.86264
-0.532373,-0.508026,0.028986;-1.56295,0.764556,-1.56241
-0.533012,-0.508244,0.028975;-1.54588,0.745746,-1.58669
-0.532787,-0.508964,0.0290294;-1.53985,0.79447,-1.59254
-0.541882,-0.513547,0.0320337;-1.62213,0.965173,-1.51062
-0.563745,-0.529923,0.0413046;-1.37354,1.05798,-1.73038
-0.575942,-0.538919,0.0416516;-1.14072,1.01314,-1.91796
-0.570224,-0.527816,0.0292695;-1.53736,0.855472,-1.58462
-0.571374,-0.527475,0.0289026;-1.54914,0.76732,-1.58568
-0.57121,-0.527824,0.0289577;-1.54496,0.783215,-1.58866
-0.57131,-0.529054,0.0295992;-1.57743,0.940948,-1.54682
-0.591913,-0.540043,0.0368774;-1.56365,1.04612,-1.56793
-0.612732,-0.557818,0.0424503;-1.18387,1.08808,-1.89135
-0.612561,-0.550548,0.0324629;-1.44184,0.913744,-1.667
-0.608569,-0.547645,0.0287208;-1.57084,0.820364,-1.56219
-0.609171,-0.54759,0.0288692;-1.55097,0.793124,-1.58475
-0.607396,-0.549011,0.0291948;-1.57043,0.95821,-1.55319
-0.624939,-0.556983,0.034213;-1.61733,1.06245,-1.51848
-0.64695,-0.573202,0.042451;-1.22297,1.12983,-1.86804
-0.651145,-0.570815,0.034998;-1.34589,0.973201,-1.75086
-0.645521,-0.567731,0.0289162;-1.5655,0.915554,-1.56212
-0.646326,-0.56764,0.0289076;-1.54556,0.890678,-1.5903
-0.645313,-0.568845,0.0291703;-1.56947,1.02866,-1.55317
-0.662389,-0.573949,0.0339536;-1.64499,1.12983,-1.48944
-0.686347,-0.587275,0.0419858;-1.16678,1.19656,-1.93123
-0.692166,-0.587583,0.038512;-1.1704,1.0737,-1.91239
-0.685392,-0.583654,0.0290359;-1.56283,1.01928,-1.55982
-0.686411,-0.583716,0.0290867;-1.53079,0.978713,-1.60156
-0.684812,-0.584205,0.0289633;-1.56712,1.06537,-1.55757
-0.691451,-0.584748,0.0307022;-1.61147,1.1553,-1.51289
-0.716273,-0.593313,0.0393546;-1.42699,1.25412,-1.69658
-0.737135,-0.601471,0.041643;-0.969405,1.1532,-2.11035
-0.731843,-0.59748,0.0346013;-1.30945,1.10598,-1.79487
-0.729312,-0.595658,0.02902;-1.54807,1.05308,-1.5806
-0.729342,-0.596517,0.0289871;-1.53042,1.10662,-1.60478
-0.728312,-0.5968,0.0290254;-1.56713,1.17596,-1.55395
-0.744346,-0.599027,0.033416;-1.69176,1.27475,-1.43892
-0.781451,-0.611257,0.0424805;-0.769525,1.23578,-2.31752
-0.779461,-0.606623,0.0381808;-1.0788,1.18586,-2.02357
-0.770861,-0.6014,0.0291861;-1.54051,1.11559,-1.58206
-0.772243,-0.601307,0.0289652;-1.53184,1.06326,-1.60486
-0.770759,-0.602003,0.0290564;-1.5443,1.1273,-1.58322
-0.774653,-0.602276,0.0301525;-1.59865,1.22414,-1.52537
-0.822295,-0.619292,0.0411495;-0.718708,1.29444,-2.3756
-0.825524,-0.617486,0.0396423;-0.939814,1.23626,-2.16368
-0.815653,-0.610897,0.0315354;-1.39931,1.17185,-1.72196
-0.812761,-0.609156,0.0288674;-1.54234,1.06355,-1.59549
-0.812338,-0.610771,0.0290313;-1.52435,1.15314,-1.61014
-0.81184,-0.611155,0.0292015;-1.57161,1.23605,-1.55185
-0.856758,-0.623201,0.0422029;-0.720326,1.3689,-2.39045
-0.867568,-0.623535,0.0411884;-0.766588,1.25782,-2.3342
-0.861166,-0.618879,0.0345022;-1.21932,1.23099,-1.89755
-0.856573,-0.616789,0.0288869;-1.53603,1.13244,-1.60216
-0.855577,-0.618675,0.0289612;-1.54691,1.18566,-1.58324
-0.854656,-0.619151,0.0292601;-1.5707,1.24401,-1.55263
-0.854656,-0.619151,0.0292601;-1.5707,1.24401,-1.55263
-0.871625,-0.620971,0.0342951;-1.65778,1.34787,-1.47367
-0.871625,-0.620971,0.0342951;-1.65778,1.34787,-1.47367
