-0.125,0.125,0.06;-1.57,-2.98023e-08,-1.57
-0.125,0.125,0.06;-1.57,-2.98023e-08,-1.57
-0.125,0.125,0.06;-1.57,-2.98023e-08,-1.57
-0.124904,0.130787,0.0285875;-1.56984,-0.181473,-1.57059
-0.12529,0.129834,0.0285719;-1.57159,-0.106842,-1.56956
-0.127592,0.12021,0.0317475;-1.62554,-0.00839765,-1.5743
-0.128996,0.0932313,0.0377692;-1.4235,0.0303645,-1.55606
-0.130726,0.105818,0.0286144;-1.5682,-0.166579,-1.56256
-0.131468,0.105952,0.0288083;-1.5615,-0.21355,-1.57062
-0.131699,0.105599,0.0287975;-1.56124,-0.219883,-1.56976
-0.130382,0.105491,0.0288765;-1.57076,-0.0728663,-1.55529
-0.133476,0.0938119,0.0326478;-1.62652,0.0196701,-1.55747
-0.133231,0.0686008,0.0421141;-1.5401,0.117338,-1.56598
-0.134334,0.0650321,0.0357289;-1.45362,0.017408,-1.56159
-0.135134,0.074876,0.0287384;-1.58153,-0.0881392,-1.55991
-0.135378,0.0748123,0.0286261;-1.56792,-0.16719,-1.57048
-0.134184,0.0760625,0.0288576;-1.57075,-0.0505674,-1.55719
-0.136849,0.0698011,0.0314015;-1.60728,0.0374446,-1.55676
-0.13887,0.0476169,0.0407206;-1.58379,0.135778,-1.56373
-0.138989,0.0300406,0.0406653;-1.37679,0.117096,-1.56759
-0.141659,0.0356295,0.0356187;-1.44677,0.00432576,-1.56531
-0.14227,0.0460265,0.0287658;-1.57027,-0.100201,-1.56049
-0.141854,0.0472147,0.0286079;-1.57058,-0.0765145,-1.56933
-0.142064,0.0479937,0.0289373;-1.57317,0.018647,-1.55498
-0.146312,0.0358166,0.0335241;-1.64107,0.123181,-1.55191
-0.148596,0.0172986,0.0394104;-1.5089,0.160127,-1.56745
-0.149062,0.0161351,0.0333523;-1.48408,0.0757402,-1.57126
-0.148805,0.0235849,0.0287584;-1.56296,-0.0884939,-1.57248
-0.148785,0.0226507,0.0288037;-1.55958,-0.0609976,-1.5718
-0.148146,0.0233472,0.0287443;-1.57146,0.00260935,-1.56249
-0.155473,-0.00125772,0.0380498;-1.62943,0.184654,-1.5565
-0.15515,-0.0227343,0.0435333;-1.45121,0.227971,-1.57737
-0.157252,-0.0276643,0.0386971;-1.39251,0.14267,-1.58514
-0.158205,-0.012084,0.0286953;-1.57104,-0.0625411,-1.56526
-0.158936,-0.0121168,0.0287574;-1.5622,-0.0992134,-1.56998
-0.158223,-0.0130949,0.0287473;-1.56279,-0.0296016,-1.57046
-0.162412,-0.023121,0.0325455;-1.62799,0.13396,-1.55316
-0.164656,-0.0485064,0.0421757;-1.54654,0.228244,-1.5706
-0.166691,-0.0626398,0.0412525;-1.39223,0.20482,-1.58251
-0.170447,-0.047064,0.0286797;-1.57071,-0.0238607,-1.56093
-0.171102,-0.0475975,0.0287271;-1.56472,-0.0902517,-1.57151
-0.170499,-0.0485656,0.0287398;-1.56462,-0.0569414,-1.57195
-0.171324,-0.050366,0.0296403;-1.58503,0.109016,-1.55675
-0.176492,-0.0718796,0.0370502;-1.62989,0.207454,-1.55542
-0.176591,-0.0960932,0.0434017;-1.45015,0.265686,-1.58314
-0.182202,-0.0857756,0.028539;-1.58121,0.0391335,-1.56216
-0.181467,-0.0839809,0.0285656;-1.57234,-0.0315223,-1.57003
-0.181757,-0.0838536,0.0287734;-1.56159,-0.0534853,-1.5704
-0.180938,-0.0841872,0.0289416;-1.57658,0.116598,-1.55756
-0.186313,-0.0987942,0.0339999;-1.64199,0.211112,-1.54912
-0.188949,-0.123798,0.0434619;-1.51294,0.302701,-1.57725
-0.190394,-0.116999,0.0289063;-1.56264,0.101139,-1.564
-0.189288,-0.114587,0.0285411;-1.56754,0.0157112,-1.56845
-0.189734,-0.114056,0.0288178;-1.55967,-0.0240326,-1.57077
-0.189335,-0.114568,0.0289111;-1.57493,0.143562,-1.55755
-0.195332,-0.128782,0.0340162;-1.64715,0.237701,-1.54709
-0.198709,-0.153502,0.0432081;-1.51415,0.325986,-1.57996
-0.201363,-0.150457,0.0326276;-1.50032,0.158667,-1.57349
-0.199332,-0.142244,0.0288132;-1.57084,0.0642206,-1.55885
-0.200285,-0.1423,0.028806;-1.56196,0.00884378,-1.57279
-0.199187,-0.141744,0.0288711;-1.57099,0.152872,-1.55649
-0.203942,-0.150384,0.0321836;-1.62313,0.241281,-1.54736
-0.210007,-0.173342,0.0416041;-1.5628,0.33832,-1.56783
-0.212223,-0.180571,0.0380429;-1.41279,0.273076,-1.59593
-0.212219,-0.171978,0.0308247;-1.52737,0.167372,-1.56855
-0.211487,-0.168939,0.0287058;-1.57118,0.0767072,-1.5634
-0.211222,-0.16856,0.0286365;-1.57025,0.107073,-1.56817
-0.21156,-0.167573,0.0289677;-1.57586,0.202155,-1.55625
-0.218463,-0.180747,0.0346076;-1.65557,0.302134,-1.538
-0.227083,-0.214814,0.0409979;-1.35168,0.360775,-1.62003
-0.229823,-0.213498,0.0379445;-1.40051,0.2506,-1.60613
-0.228991,-0.198584,0.0289667;-1.58015,0.14331,-1.55918
-0.228016,-0.19879,0.0287587;-1.56317,0.11345,-1.5731
-0.226626,-0.19804,0.0287349;-1.57158,0.206422,-1.56248
-0.229646,-0.200749,0.0300838;-1.5953,0.289677,-1.55132
-0.242488,-0.245438,0.0446599;-1.43443,0.453679,-1.60819
-0.247453,-0.254977,0.0387152;-1.37325,0.337291,-1.62938
-0.246901,-0.23702,0.0308966;-1.52944,0.225752,-1.57645
-0.244753,-0.230483,0.0287798;-1.56012,0.126617,-1.57263
-0.243162,-0.23074,0.0286567;-1.57245,0.243281,-1.56594
-0.244562,-0.231054,0.0291892;-1.58484,0.327808,-1.55591
-0.260185,-0.272281,0.044181;-1.47632,0.509827,-1.60233
-0.26535,-0.282529,0.0403324;-1.40309,0.406506,-1.62851
-0.263952,-0.265737,0.0304767;-1.53602,0.295744,-1.57684
-0.261842,-0.260167,0.028806;-1.56019,0.179065,-1.573
-0.26065,-0.260676,0.0286149;-1.57082,0.283869,-1.56897
-0.262214,-0.261037,0.0292238;-1.58351,0.358919,-1.55834
-0.277605,-0.301538,0.0440572;-1.47937,0.53768,-1.60489
-0.282802,-0.310553,0.0401281;-1.37766,0.440498,-1.63919
-0.281904,-0.296264,0.0332002;-1.48193,0.336895,-1.5923
-0.278665,-0.286754,0.0287695;-1.56393,0.19383,-1.57449
-0.277394,-0.286986,0.0286663;-1.57404,0.294339,-1.56243
-0.277931,-0.286734,0.0289323;-1.57748,0.349551,-1.55517
-0.295076,-0.321005,0.0431423;-1.53213,0.531802,-1.58194
-0.300025,-0.329787,0.0399669;-1.35636,0.440452,-1.64391
-0.298553,-0.324238,0.0373738;-1.41245,0.421911,-1.62015
-0.294969,-0.312693,0.0286514;-1.56798,0.245699,-1.57045
-0.295357,-0.313915,0.0288874;-1.55744,0.267634,-1.57614
-0.29471,-0.313017,0.0287938;-1.57116,0.325931,-1.56003
-0.299718,-0.317321,0.0308083;-1.60453,0.417966,-1.54533
-0.317283,-0.356016,0.0421283;-1.39058,0.535919,-1.63798
-0.321829,-0.358585,0.0375924;-1.3961,0.430493,-1.63739
-0.318154,-0.344226,0.028847;-1.57884,0.315654,-1.55953
-0.317819,-0.34406,0.0287466;-1.5625,0.244991,-1.5728
-0.316787,-0.344627,0.0286711;-1.57119,0.326498,-1.56579
-0.317845,-0.345154,0.029125;-1.57851,0.396968,-1.55501
-0.336224,-0.38403,0.0438205;-1.46643,0.579389,-1.61301
-0.340782,-0.390968,0.039066;-1.36768,0.478592,-1.65344
-0.337742,-0.374839,0.0295003;-1.5501,0.359521,-1.57139
-0.336127,-0.371319,0.0288109;-1.5602,0.254686,-1.5743
-0.33498,-0.372173,0.0286426;-1.57112,0.355855,-1.56748
-0.335637,-0.37176,0.0289745;-1.5795,0.434478,-1.55458
-0.355998,-0.40809,0.043511;-1.49314,0.614943,-1.60481
-0.361674,-0.416741,0.0399128;-1.33764,0.518872,-1.66876
-0.35972,-0.406155,0.032119;-1.49639,0.416802,-1.59474
-0.356805,-0.399877,0.0287624;-1.563,0.275881,-1.5742
-0.356164,-0.401091,0.0286947;-1.56484,0.349527,-1.57267
-0.356277,-0.400604,0.0288603;-1.57135,0.420293,-1.55678
-0.37587,-0.431889,0.0426367;-1.54459,0.603098,-1.5798
-0.382135,-0.443664,0.0424852;-1.37512,0.56396,-1.6512
-0.383041,-0.439416,0.0365566;-1.4138,0.477097,-1.63374
-0.37856,-0.428643,0.0288406;-1.55828,0.295477,-1.57551
-0.378684,-0.429337,0.0287426;-1.56394,0.313093,-1.57422
-0.377685,-0.428957,0.0287063;-1.57108,0.384152,-1.56445
-0.393098,-0.44854,0.0369597;-1.64795,0.57246,-1.52617
-0.401519,-0.470409,0.0435498;-1.43552,0.628147,-1.6307
-0.406685,-0.475238,0.0398958;-1.33812,0.539948,-1.67571
-0.401007,-0.457664,0.028736;-1.57091,0.341137,-1.56142
-0.401899,-0.457536,0.0287375;-1.56433,0.297873,-1.57412
-0.401861,-0.459104,0.0287587;-1.56164,0.36372,-1.57402
-0.409019,-0.465228,0.0322981;-1.63239,0.525257,-1.53037
-0.42186,-0.487026,0.0417458;-1.56454,0.625007,-1.57041
-0.428907,-0.501635,0.0418707;-1.3606,0.603046,-1.6649
-0.427972,-0.488181,0.0288182;-1.57704,0.385143,-1.55722
-0.429027,-0.488633,0.0287368;-1.56346,0.290642,-1.57361
-0.429,-0.489097,0.028754;-1.56299,0.301857,-1.57426
-0.42985,-0.490199,0.0293811;-1.58311,0.464009,-1.55439
-0.441592,-0.50698,0.0364578;-1.64588,0.561616,-1.52813
-0.450193,-0.529891,0.0440727;-1.4505,0.628434,-1.6243
-0.451346,-0.518921,0.0287751;-1.56907,0.402175,-1.5638
-0.450037,-0.517834,0.0285884;-1.5713,0.32741,-1.57011
-0.450238,-0.517357,0.0287903;-1.56072,0.2974,-1.57415
-0.449912,-0.518126,0.0289649;-1.57874,0.456245,-1.55577
-0.460083,-0.530348,0.0342293;-1.6543,0.549977,-1.52243
-0.470765,-0.55414,0.0431059;-1.48978,0.637201,-1.60999
-0.474569,-0.549771,0.0312915;-1.51351,0.436548,-1.58861
-0.471685,-0.544887,0.0287043;-1.57196,0.346635,-1.56301
-0.47238,-0.544819,0.0287857;-1.5613,0.304315,-1.57456
-0.47184,-0.545592,0.0289089;-1.57496,0.465263,-1.55569
-0.482226,-0.55705,0.0337393;-1.65463,0.557335,-1.51978
-0.493096,-0.57978,0.0432054;-1.50664,0.648229,-1.60041
-0.498373,-0.581685,0.0354232;-1.42912,0.494947,-1.62998
-0.493121,-0.572353,0.0288219;-1.57108,0.392603,-1.55709
-0.494338,-0.572523,0.0288435;-1.55755,0.333038,-1.57562
-0.493257,-0.572887,0.0287306;-1.57088,0.445374,-1.56351
-0.497377,-0.575437,0.0304703;-1.60577,0.53176,-1.5426
-0.510778,-0.594102,0.0390631;-1.63707,0.631891,-1.53095
-0.522901,-0.614327,0.039161;-1.35439,0.568809,-1.67381
-0.518943,-0.602163,0.0305868;-1.52342,0.462312,-1.58326
-0.517564,-0.599921,0.0287101;-1.5699,0.366935,-1.56577
-0.517576,-0.600652,0.0286166;-1.56914,0.399645,-1.57111
-0.517293,-0.599871,0.028853;-1.57435,0.473304,-1.55669
-0.526274,-0.609347,0.0334135;-1.65428,0.56384,-1.51827
-0.545546,-0.642585,0.0415684;-1.34398,0.606029,-1.67512
-0.547789,-0.638789,0.0359485;-1.42064,0.495974,-1.63723
-0.542921,-0.62785,0.0285586;-1.56684,0.387878,-1.5613
-0.543433,-0.62924,0.0287195;-1.56534,0.366965,-1.57436
-0.542496,-0.629272,0.0287122;-1.57135,0.442489,-1.56377
-0.545781,-0.630808,0.0299264;-1.59152,0.526132,-1.55001
-0.568393,-0.669173,0.0433579;-1.41537,0.67421,-1.64831
-0.573307,-0.672849,0.0376561;-1.37655,0.56697,-1.67081
-0.568074,-0.656293,0.0288653;-1.57908,0.45136,-1.56069
-0.567046,-0.654917,0.0287707;-1.56102,0.354221,-1.57415
-0.565912,-0.655958,0.0286171;-1.57284,0.452974,-1.5663
-0.566713,-0.655631,0.0289894;-1.57724,0.529248,-1.55478
-0.590106,-0.688725,0.0436267;-1.49534,0.71071,-1.61089
-0.59652,-0.69565,0.0400655;-1.34917,0.612593,-1.68359
-0.593705,-0.683816,0.0308069;-1.52263,0.499771,-1.58764
-0.590838,-0.679061,0.0288007;-1.55995,0.385268,-1.5754
-0.589661,-0.680106,0.0286062;-1.57227,0.490328,-1.56733
-0.590341,-0.67949,0.028957;-1.57843,0.574372,-1.55407
-0.590341,-0.67949,0.028957;-1.57843,0.574372,-1.55407
-0.60182,-0.690547,0.0346126;-1.67556,0.666518,-1.50025
-0.60182,-0.690547,0.0346126;-1.67556,0.666518,-1.50025
