-0.125,0.125,0.06;-1.57,-2.98023e-08,-1.57
-0.125,0.125,0.06;-1.57,-2.98023e-08,-1.57
-0.125,0.125,0.06;-1.57,-2.98023e-08,-1.57
-0.125078,0.130739,0.0285869;-1.57037,-0.185088,-1.57063
-0.125528,0.130236,0.0285908;-1.57089,-0.113105,-1.56951
-0.127867,0.121475,0.0318657;-1.62892,-0.0139475,-1.57539
-0.129091,0.0928363,0.0374899;-1.42552,0.0239465,-1.5571
-0.130184,0.105157,0.0286405;-1.57012,-0.168627,-1.56478
-0.130812,0.105307,0.0288272;-1.55983,-0.212699,-1.56967
-0.131086,0.104917,0.0287995;-1.56111,-0.216509,-1.56972
-0.129758,0.104649,0.0288608;-1.57081,-0.0699446,-1.55609
-0.132996,0.0940752,0.0325163;-1.62702,0.0248889,-1.55897
-0.133014,0.0692539,0.0421812;-1.5564,0.121694,-1.56684
-0.133977,0.0661883,0.0351335;-1.46354,0.0214762,-1.56359
-0.134831,0.0764394,0.0286982;-1.58181,-0.0789801,-1.56153
-0.134889,0.0763677,0.0286539;-1.56759,-0.15151,-1.57136
-0.13384,0.077628,0.0288098;-1.57092,-0.0355799,-1.55975
-0.136821,0.0712838,0.0311427;-1.60592,0.0584853,-1.55782
-0.140063,0.0496651,0.0404094;-1.58708,0.158124,-1.56448
-0.140642,0.032567,0.0404298;-1.379,0.137963,-1.57326
-0.142649,0.0384897,0.0352141;-1.45237,0.0241418,-1.5696
-0.14299,0.0493367,0.0287068;-1.56943,-0.0777879,-1.5621
-0.142679,0.0503053,0.028581;-1.57062,-0.0595303,-1.57067
-0.143028,0.0513867,0.02892;-1.57326,0.037498,-1.55548
-0.147441,0.0404174,0.0335639;-1.64496,0.140869,-1.55169
-0.149896,0.0210335,0.0393487;-1.52728,0.175047,-1.56691
-0.150215,0.0200171,0.032739;-1.49523,0.0880873,-1.57223
-0.149677,0.026908,0.0288124;-1.56124,-0.0609996,-1.57172
-0.149729,0.0260375,0.0288025;-1.56231,-0.0369386,-1.57281
-0.149189,0.0264516,0.0287256;-1.57092,0.0228961,-1.56377
-0.156961,0.0024575,0.0378925;-1.63484,0.208601,-1.55539
-0.15721,-0.01928,0.0434429;-1.45509,0.249583,-1.58013
-0.159884,-0.0242983,0.0382452;-1.39909,0.162627,-1.58911
-0.160878,-0.00854629,0.0286475;-1.57088,-0.0524876,-1.56721
-0.161605,-0.00841545,0.0287758;-1.56116,-0.0907306,-1.5697
-0.160722,-0.00967007,0.0287204;-1.56406,-0.0220527,-1.57051
-0.165204,-0.0192213,0.0325311;-1.62794,0.141281,-1.55369
-0.167958,-0.0438973,0.0419496;-1.55447,0.235373,-1.56976
-0.169101,-0.0582678,0.0412315;-1.40616,0.207624,-1.58337
-0.173375,-0.04457,0.0286208;-1.56816,-0.0221019,-1.56269
-0.17385,-0.0448698,0.0287194;-1.56541,-0.0811654,-1.57217
-0.173423,-0.0457308,0.0287711;-1.56295,-0.0526768,-1.57165
-0.174421,-0.0474229,0.0294801;-1.5827,0.0974654,-1.55794
-0.179652,-0.0683225,0.036968;-1.63149,0.1984,-1.55574
-0.178977,-0.0918888,0.0437788;-1.45661,0.257469,-1.58193
-0.183337,-0.0807421,0.0287694;-1.58202,0.032814,-1.56365
-0.182652,-0.0792544,0.0285657;-1.57183,-0.0438539,-1.57057
-0.182937,-0.0790793,0.0287674;-1.56185,-0.0681761,-1.57024
-0.182527,-0.0800464,0.0289133;-1.5752,0.102502,-1.55783
-0.187742,-0.0945867,0.0340685;-1.6452,0.196085,-1.55024
-0.189718,-0.119341,0.0432338;-1.51685,0.289341,-1.57711
-0.192573,-0.112939,0.0287346;-1.57637,0.0847061,-1.56479
-0.191492,-0.111085,0.0285546;-1.57086,0.00305096,-1.57127
-0.191766,-0.11091,0.0288179;-1.56003,-0.0216455,-1.57111
-0.191126,-0.111166,0.0288943;-1.57583,0.162431,-1.55892
-0.197336,-0.125075,0.0340345;-1.65142,0.255837,-1.54598
-0.200654,-0.149433,0.0432336;-1.51951,0.346099,-1.58001
-0.203543,-0.144361,0.0317875;-1.51606,0.172532,-1.57247
-0.201127,-0.136661,0.0287469;-1.57068,0.076541,-1.56228
-0.201809,-0.13663,0.0288106;-1.56183,0.0229647,-1.57309
-0.200831,-0.136132,0.0288484;-1.57094,0.164425,-1.55771
-0.205632,-0.143719,0.0323513;-1.62659,0.255081,-1.54658
-0.212078,-0.166235,0.0414345;-1.57523,0.354965,-1.56468
-0.214598,-0.174008,0.0375647;-1.4214,0.288799,-1.59684
-0.213898,-0.164857,0.0301399;-1.53914,0.179769,-1.56775
-0.212963,-0.161862,0.0286608;-1.57199,0.096046,-1.5647
-0.212751,-0.16131,0.0286048;-1.57061,0.123558,-1.56962
-0.213047,-0.160303,0.0289654;-1.57716,0.220007,-1.55558
-0.219829,-0.173,0.0346878;-1.66308,0.32275,-1.53443
-0.229462,-0.207186,0.0408245;-1.35176,0.382744,-1.62549
-0.232446,-0.205636,0.0375908;-1.40552,0.272192,-1.6098
-0.230567,-0.189994,0.028977;-1.58058,0.165441,-1.55917
-0.229978,-0.190265,0.0287304;-1.56464,0.125968,-1.57342
-0.228842,-0.190211,0.0287219;-1.57094,0.215435,-1.56388
-0.231923,-0.192622,0.0300336;-1.59546,0.299065,-1.55269
-0.244433,-0.236653,0.0448567;-1.44337,0.463257,-1.60671
-0.249829,-0.246133,0.0389859;-1.37306,0.344624,-1.62895
-0.24934,-0.228052,0.0306321;-1.53409,0.23078,-1.57597
-0.246938,-0.221324,0.0288075;-1.56039,0.130955,-1.57261
-0.245257,-0.221221,0.0286244;-1.57054,0.24373,-1.56862
-0.246838,-0.221406,0.0292632;-1.5836,0.315351,-1.55795
-0.261766,-0.262493,0.0443323;-1.48716,0.493947,-1.59851
-0.267308,-0.272581,0.0397796;-1.40291,0.391029,-1.62696
-0.266297,-0.254646,0.0300255;-1.54446,0.27131,-1.57321
-0.264227,-0.249152,0.0288148;-1.56025,0.139522,-1.57293
-0.262954,-0.249279,0.0285852;-1.57082,0.244421,-1.57059
-0.264416,-0.249566,0.0292498;-1.58632,0.324959,-1.55824
-0.278096,-0.290347,0.0443402;-1.4943,0.505695,-1.59745
-0.282907,-0.299383,0.0405283;-1.40587,0.412055,-1.62637
-0.282331,-0.28425,0.0320953;-1.5035,0.301969,-1.5839
-0.279438,-0.275325,0.0288389;-1.55943,0.171068,-1.57403
-0.27824,-0.275691,0.0286654;-1.57157,0.279156,-1.56561
-0.27904,-0.275481,0.0289491;-1.57778,0.330259,-1.55559
-0.295118,-0.309322,0.0432043;-1.54343,0.511864,-1.57704
-0.299762,-0.318031,0.0398693;-1.37722,0.422965,-1.63403
-0.298181,-0.312351,0.0365686;-1.42871,0.402156,-1.61328
-0.294609,-0.299968,0.0285819;-1.57042,0.224751,-1.57079
-0.294829,-0.301144,0.028878;-1.55851,0.246244,-1.5761
-0.294192,-0.300495,0.0287644;-1.57121,0.301443,-1.56129
-0.298673,-0.304259,0.030691;-1.60236,0.395608,-1.5489
-0.314822,-0.343374,0.0424778;-1.41049,0.508651,-1.62656
-0.318379,-0.346275,0.0370888;-1.40542,0.398859,-1.63099
-0.315539,-0.331484,0.0288226;-1.57849,0.2863,-1.56138
-0.315302,-0.331745,0.0287722;-1.56145,0.219288,-1.57293
-0.314168,-0.332483,0.0286394;-1.57226,0.306955,-1.56581
-0.315587,-0.332748,0.0291093;-1.58145,0.379451,-1.55499
-0.333485,-0.371256,0.0440243;-1.47635,0.562152,-1.60731
-0.338143,-0.378768,0.0389982;-1.38367,0.461062,-1.64497
-0.334963,-0.362001,0.028804;-1.56535,0.340219,-1.567
-0.333372,-0.359231,0.0288075;-1.56032,0.227719,-1.57375
-0.332054,-0.360132,0.0285876;-1.57219,0.331489,-1.56872
-0.332855,-0.359617,0.0289312;-1.57832,0.406191,-1.55678
-0.350719,-0.395449,0.0434653;-1.50154,0.589901,-1.59988
-0.355957,-0.40443,0.0398536;-1.3593,0.495405,-1.65554
-0.353425,-0.39096,0.0309594;-1.52217,0.388742,-1.58262
-0.351218,-0.38601,0.0288087;-1.5604,0.261035,-1.5744
-0.350566,-0.387128,0.0286711;-1.56614,0.335286,-1.57223
-0.350566,-0.386478,0.0288607;-1.57266,0.40602,-1.55646
-0.368903,-0.418606,0.0426741;-1.5454,0.592185,-1.57996
-0.374993,-0.430018,0.0418835;-1.37578,0.553007,-1.6503
-0.375438,-0.424953,0.0359215;-1.42712,0.469362,-1.62835
-0.370785,-0.413057,0.0287712;-1.56269,0.293341,-1.57467
-0.3711,-0.413783,0.0287913;-1.56166,0.310584,-1.57501
-0.37032,-0.41378,0.0286979;-1.5708,0.37894,-1.56515
-0.385097,-0.431021,0.0372137;-1.66704,0.560619,-1.51701
-0.393434,-0.452644,0.0442362;-1.45384,0.616976,-1.6216
-0.398455,-0.457923,0.0394472;-1.34784,0.526624,-1.67004
-0.39295,-0.44076,0.0286515;-1.57287,0.327287,-1.56248
-0.393777,-0.440702,0.0287788;-1.56146,0.282244,-1.57398
-0.393435,-0.442003,0.0287684;-1.56184,0.344622,-1.57442
-0.399635,-0.447697,0.0320766;-1.62987,0.499764,-1.53399
-0.411639,-0.468556,0.0413051;-1.57325,0.599339,-1.56693
-0.417681,-0.482601,0.0419771;-1.38399,0.583242,-1.65167
-0.414373,-0.470021,0.0286269;-1.57002,0.36573,-1.56094
-0.415121,-0.470367,0.028699;-1.56549,0.29048,-1.57309
-0.415044,-0.471043,0.0287727;-1.56151,0.308429,-1.57401
-0.416026,-0.472056,0.0293838;-1.58419,0.462618,-1.55386
-0.427761,-0.488232,0.0363646;-1.64841,0.563297,-1.52674
-0.435844,-0.510407,0.0442695;-1.45459,0.629576,-1.6229
-0.436622,-0.49975,0.0287255;-1.57306,0.406585,-1.56442
-0.43529,-0.499103,0.0285753;-1.57082,0.327606,-1.57078
-0.435587,-0.498608,0.0287912;-1.56068,0.294537,-1.57408
-0.435228,-0.499556,0.0289418;-1.57846,0.459413,-1.55587
-0.445265,-0.512127,0.034304;-1.66016,0.55109,-1.51972
-0.455906,-0.535137,0.0434262;-1.49988,0.641334,-1.60438
-0.459049,-0.528634,0.0301218;-1.53822,0.43196,-1.57815
-0.456337,-0.524693,0.0286057;-1.57295,0.347136,-1.56571
-0.456627,-0.524462,0.0288135;-1.5595,0.317703,-1.57479
-0.456405,-0.52507,0.0288836;-1.57454,0.489747,-1.55668
-0.466175,-0.535695,0.0338669;-1.66354,0.580606,-1.51426
-0.478211,-0.558564,0.0429068;-1.51072,0.670732,-1.60157
-0.482578,-0.560027,0.0346046;-1.43995,0.516959,-1.63024
-0.476988,-0.550409,0.0286811;-1.56904,0.418891,-1.56147
-0.477634,-0.550312,0.028787;-1.56201,0.368387,-1.57572
-0.477078,-0.550726,0.0287355;-1.57122,0.468845,-1.56275
-0.481476,-0.553027,0.0304879;-1.60786,0.555557,-1.54056
-0.495278,-0.571376,0.039105;-1.64611,0.654492,-1.52412
-0.507982,-0.59195,0.0386474;-1.35801,0.589984,-1.67799
-0.503207,-0.578855,0.0296278;-1.54477,0.474828,-1.5749
-0.501542,-0.577105,0.0286547;-1.57053,0.394975,-1.56719
-0.501493,-0.577971,0.0285976;-1.56996,0.440095,-1.57085
-0.50178,-0.577594,0.0288328;-1.57097,0.510207,-1.55743
-0.511422,-0.586825,0.0332652;-1.65487,0.604874,-1.51554
-0.531321,-0.618462,0.0412011;-1.34522,0.648689,-1.68486
-0.532991,-0.613772,0.0351978;-1.43282,0.539579,-1.63772
-0.527508,-0.603063,0.0287464;-1.56816,0.435005,-1.56171
-0.528313,-0.604339,0.0287842;-1.56173,0.389798,-1.5756
-0.527352,-0.60412,0.0287018;-1.57114,0.461802,-1.56456
-0.530771,-0.605597,0.0297926;-1.59393,0.547738,-1.54915
-0.553503,-0.643547,0.0438492;-1.42554,0.692804,-1.64529
-0.55855,-0.647592,0.0376;-1.37546,0.585711,-1.67528
-0.553072,-0.631409,0.0287537;-1.58146,0.470753,-1.56021
-0.551942,-0.630199,0.0287584;-1.56148,0.380142,-1.57419
-0.550859,-0.631273,0.0285865;-1.57245,0.47812,-1.5678
-0.551667,-0.630898,0.0289208;-1.57695,0.547777,-1.55559
-0.576672,-0.663444,0.0432354;-1.49304,0.729005,-1.61259
-0.583667,-0.670761,0.0397318;-1.37448,0.626301,-1.67503
-0.579185,-0.656901,0.0294539;-1.55083,0.510698,-1.57384
-0.57724,-0.654098,0.0288211;-1.55895,0.397085,-1.57595
-0.576172,-0.655249,0.0285454;-1.57448,0.4905,-1.56759
-0.576881,-0.654775,0.0289472;-1.57844,0.561366,-1.55588
-0.576881,-0.654775,0.0289472;-1.57844,0.561366,-1.55588
-0.588315,-0.665845,0.0343466;-1.66965,0.651504,-1.50642
-0.588315,-0.665845,0.0343466;-1.66965,0.651504,-1.50642
