-0.125,0.125,0.06;-1.57,-2.98023e-08,-1.57
-0.125,0.125,0.06;-1.57,-2.98023e-08,-1.57
-0.125,0.125,0.06;-1.57,-2.98023e-08,-1.57
-0.124939,0.13006,0.0285223;-1.56944,-0.18153,-1.56923
-0.125001,0.130435,0.0286837;-1.57035,-0.105182,-1.56441
-0.127399,0.119196,0.0321589;-1.62683,-0.00668805,-1.56879
-0.128294,0.0880228,0.0395809;-1.39504,0.0369039,-1.55079
-0.13125,0.0980575,0.0288806;-1.56967,-0.133414,-1.55607
-0.13187,0.0972914,0.0288725;-1.55649,-0.168443,-1.56825
-0.132023,0.0969407,0.0288371;-1.55822,-0.170951,-1.56853
-0.13058,0.0981459,0.0289862;-1.57061,-0.0511821,-1.55122
-0.133807,0.0857729,0.0329439;-1.62232,0.0452029,-1.55
-0.134033,0.0596282,0.0421895;-1.491,0.137191,-1.56279
-0.135797,0.0523924,0.0391302;-1.39112,0.0537009,-1.55686
-0.136828,0.060082,0.0310006;-1.52449,-0.045633,-1.55271
-0.137425,0.0612203,0.0288425;-1.56017,-0.116079,-1.56717
-0.136154,0.0627522,0.029081;-1.5661,-0.0184027,-1.55133
-0.138989,0.0541699,0.0314457;-1.59644,0.0741787,-1.54749
-0.140846,0.0280095,0.0407375;-1.48496,0.16755,-1.5669
-0.141224,0.0138462,0.0425104;-1.34359,0.156852,-1.56912
-0.144213,0.0161435,0.0384715;-1.3988,0.0610342,-1.56398
-0.145326,0.0259123,0.0288189;-1.57737,-0.0379344,-1.5532
-0.144821,0.0263468,0.0289632;-1.55776,-0.0376122,-1.56484
-0.143965,0.0276108,0.0290868;-1.57089,0.0536097,-1.55195
-0.148482,0.0129076,0.033689;-1.61579,0.156657,-1.54839
-0.151014,-0.00958097,0.0390272;-1.42866,0.19314,-1.57542
-0.153124,-0.0109082,0.0362961;-1.43327,0.115974,-1.57314
-0.153889,-0.00571522,0.028868;-1.5571,-0.0285316,-1.57004
-0.153941,-0.00602638,0.0289746;-1.55165,-0.0109792,-1.57023
-0.152605,-0.00457974,0.0289154;-1.5695,0.0524374,-1.55618
-0.159516,-0.032459,0.0381736;-1.55856,0.238298,-1.5636
-0.15948,-0.057607,0.041221;-1.36344,0.280678,-1.59391
-0.16212,-0.0587559,0.0410416;-1.35496,0.214118,-1.59108
-0.16392,-0.047136,0.0288688;-1.56676,0.0239275,-1.56121
-0.164519,-0.04786,0.0288436;-1.55803,0.00184301,-1.57072
-0.163408,-0.048322,0.0289719;-1.5532,0.0661525,-1.57043
-0.167593,-0.059968,0.0324789;-1.60927,0.237245,-1.54525
-0.170983,-0.0875108,0.0415589;-1.46741,0.330288,-1.58704
-0.173716,-0.101862,0.0417041;-1.34029,0.30188,-1.60951
-0.177247,-0.0894921,0.0288543;-1.57287,0.102325,-1.55542
-0.178426,-0.0907513,0.0289047;-1.55513,0.0340492,-1.57111
-0.178022,-0.0908507,0.028954;-1.5527,0.0504504,-1.57141
-0.177246,-0.0921585,0.0296398;-1.57685,0.206992,-1.5532
-0.183331,-0.114476,0.0370439;-1.564,0.303811,-1.5646
-0.184727,-0.140215,0.0418622;-1.38213,0.364088,-1.60699
-0.189392,-0.132326,0.0303588;-1.53099,0.160268,-1.56988
-0.188471,-0.129379,0.0286564;-1.57112,0.0746908,-1.56573
-0.189053,-0.129564,0.0288068;-1.55985,0.0513613,-1.57126
-0.186968,-0.13019,0.0289788;-1.57466,0.215862,-1.55365
-0.193578,-0.146266,0.0338695;-1.60312,0.310439,-1.55073
-0.196721,-0.172515,0.0425197;-1.44244,0.401972,-1.60047
-0.199073,-0.171624,0.0328945;-1.48268,0.224608,-1.58077
-0.197253,-0.165468,0.028799;-1.5704,0.142896,-1.56079
-0.197844,-0.165858,0.0288252;-1.55892,0.109517,-1.57198
-0.196626,-0.16657,0.0291205;-1.57258,0.269645,-1.55387
-0.204421,-0.182699,0.0340627;-1.61366,0.365757,-1.54474
-0.209516,-0.208612,0.0425578;-1.43623,0.45467,-1.60857
-0.2137,-0.2112,0.0365632;-1.42534,0.317339,-1.59942
-0.211297,-0.203028,0.0289469;-1.56932,0.234908,-1.55503
-0.211977,-0.203743,0.0290033;-1.55105,0.195651,-1.57336
-0.209533,-0.202609,0.0290197;-1.56898,0.327679,-1.55204
-0.216032,-0.212424,0.0321334;-1.60902,0.416894,-1.53779
-0.225764,-0.236419,0.0413956;-1.46943,0.508712,-1.60141
-0.230373,-0.244421,0.0406636;-1.34841,0.444749,-1.63855
-0.231242,-0.239345,0.0349044;-1.45141,0.345092,-1.59563
-0.231162,-0.235464,0.0289398;-1.56631,0.259609,-1.55914
-0.230394,-0.234753,0.0288766;-1.56619,0.285312,-1.56234
-0.229729,-0.234323,0.0291308;-1.57304,0.375174,-1.55236
-0.238531,-0.247979,0.0346196;-1.61671,0.475348,-1.53802
-0.250519,-0.278782,0.0425746;-1.31014,0.528883,-1.66631
-0.253407,-0.277202,0.039531;-1.36091,0.440208,-1.64252
-0.252512,-0.267608,0.0301011;-1.53336,0.341806,-1.57234
-0.251944,-0.266955,0.0289311;-1.55302,0.305066,-1.5757
-0.249822,-0.266038,0.0288935;-1.57005,0.3927,-1.55691
-0.25308,-0.269163,0.0300889;-1.58533,0.481889,-1.54746
-0.273672,-0.315718,0.0424951;-1.32903,0.635602,-1.67858
-0.280153,-0.320057,0.0401725;-1.33868,0.535322,-1.67488
-0.278014,-0.306392,0.0325755;-1.48987,0.433803,-1.60063
-0.274404,-0.298315,0.0288311;-1.55805,0.317121,-1.57468
-0.273215,-0.299132,0.0288181;-1.5665,0.407971,-1.56516
-0.273968,-0.299588,0.0293328;-1.57775,0.496877,-1.55281
-0.295822,-0.341495,0.0431436;-1.39275,0.671056,-1.65644
-0.303403,-0.351531,0.039381;-1.34201,0.572903,-1.68238
-0.29965,-0.339909,0.0341268;-1.45366,0.487925,-1.61958
-0.295751,-0.331719,0.0288233;-1.55836,0.347968,-1.57492
-0.294548,-0.33229,0.0287942;-1.56835,0.43015,-1.56368
-0.295518,-0.333504,0.0292515;-1.57705,0.512401,-1.55345
-0.317389,-0.375195,0.0431263;-1.39103,0.689084,-1.66097
-0.323826,-0.383879,0.0409274;-1.31656,0.600607,-1.69319
-0.321312,-0.375251,0.0367885;-1.40221,0.536684,-1.64123
-0.317715,-0.368445,0.0289886;-1.55064,0.42154,-1.57749
-0.316192,-0.368238,0.0290478;-1.55692,0.502822,-1.56708
-0.315324,-0.368167,0.0289846;-1.57072,0.566231,-1.55145
-0.339907,-0.402062,0.0425036;-1.4158,0.744917,-1.65374
-0.347629,-0.410784,0.041371;-1.28999,0.656486,-1.7192
-0.346042,-0.406794,0.0402591;-1.32422,0.645546,-1.69464
-0.344212,-0.398315,0.0289986;-1.55635,0.480277,-1.57007
-0.344651,-0.399757,0.0289295;-1.55127,0.514191,-1.57991
-0.342948,-0.399088,0.0289505;-1.56906,0.58067,-1.55545
-0.349059,-0.403935,0.0307847;-1.59804,0.67822,-1.53605
-0.377379,-0.439379,0.0408593;-1.29067,0.779117,-1.73842
-0.380649,-0.438099,0.0387558;-1.34097,0.686246,-1.70392
-0.375959,-0.427191,0.0293549;-1.53891,0.574729,-1.57708
-0.376396,-0.426693,0.0288895;-1.55398,0.472215,-1.57828
-0.375205,-0.426933,0.0289872;-1.55596,0.537155,-1.5715
-0.375672,-0.427514,0.0292283;-1.57259,0.619477,-1.55395
-0.402767,-0.464871,0.042665;-1.37841,0.796776,-1.6847
-0.409595,-0.471943,0.0405026;-1.30124,0.704746,-1.72625
-0.406701,-0.463382,0.0333707;-1.4567,0.610444,-1.62834
-0.404346,-0.458657,0.0288559;-1.55577,0.489651,-1.57769
-0.403364,-0.459809,0.0289728;-1.55383,0.570197,-1.57519
-0.402775,-0.460109,0.0290263;-1.57346,0.652684,-1.55267
-0.4302,-0.496511,0.0425056;-1.38386,0.833237,-1.68597
-0.437606,-0.503453,0.0413296;-1.27246,0.741656,-1.74976
-0.434602,-0.496892,0.0357543;-1.39977,0.67492,-1.66456
-0.432091,-0.493082,0.0289646;-1.54986,0.593455,-1.58112
-0.431322,-0.493782,0.0289135;-1.55331,0.659321,-1.57866
-0.430521,-0.493525,0.0289506;-1.572,0.731709,-1.55147
-0.460728,-0.521735,0.0421346;-1.40939,0.910665,-1.68025
-0.470935,-0.531468,0.0418787;-1.22867,0.859582,-1.80229
-0.469312,-0.527218,0.039679;-1.29216,0.803852,-1.74983
-0.465885,-0.521043,0.0290998;-1.54231,0.670005,-1.58549
-0.465672,-0.521017,0.0289188;-1.55023,0.682326,-1.58321
-0.463864,-0.521041,0.0288953;-1.56869,0.751476,-1.5587
-0.485663,-0.536554,0.0374424;-1.57858,0.933551,-1.55564
-0.501895,-0.555431,0.0418694;-1.24269,0.975962,-1.81176
-0.507541,-0.556694,0.0421099;-1.1991,0.893799,-1.83481
-0.503802,-0.546698,0.0289563;-1.56235,0.732129,-1.56242
-0.504755,-0.5468,0.0290106;-1.54523,0.706208,-1.58556
-0.504353,-0.547252,0.0289568;-1.54584,0.752421,-1.58759
-0.512626,-0.552369,0.0319069;-1.63028,0.919859,-1.50945
-0.532932,-0.569957,0.0413533;-1.43023,1.01089,-1.67701
-0.545098,-0.581327,0.0413008;-1.1863,0.973544,-1.86286
-0.540428,-0.569099,0.028998;-1.56042,0.795727,-1.56531
-0.541541,-0.569164,0.028853;-1.55285,0.714913,-1.58277
-0.541246,-0.569434,0.0288942;-1.55042,0.729973,-1.58414
-0.541354,-0.570558,0.0294924;-1.58085,0.890023,-1.5476
-0.560129,-0.582928,0.0365497;-1.5872,0.987896,-1.55005
-0.5786,-0.602511,0.0427119;-1.26735,1.04068,-1.80526
-0.582588,-0.59803,0.0330316;-1.44005,0.857338,-1.66232
-0.579189,-0.594684,0.0287584;-1.56986,0.773076,-1.5618
-0.580079,-0.594763,0.0288519;-1.553,0.746151,-1.58267
-0.579288,-0.596574,0.0291102;-1.57588,0.927251,-1.55055
-0.596881,-0.605234,0.0342037;-1.61296,1.02526,-1.52565
-0.618823,-0.622874,0.0419086;-1.26667,1.09155,-1.81736
-0.623298,-0.620836,0.0354493;-1.35852,0.923556,-1.72854
-0.618625,-0.6177,0.0290156;-1.55968,0.875726,-1.56565
-0.619413,-0.617736,0.0289583;-1.54415,0.854527,-1.58998
-0.618124,-0.618702,0.0290773;-1.57446,1.00545,-1.55105
-0.634064,-0.624898,0.0335487;-1.65068,1.0997,-1.48841
-0.655899,-0.6406,0.0425246;-1.26469,1.17255,-1.83448
-0.662534,-0.64251,0.0387667;-1.20476,1.03432,-1.86549
-0.657084,-0.63886,0.0296093;-1.52678,0.986277,-1.59342
-0.657505,-0.63879,0.029127;-1.52987,0.958484,-1.60105
-0.65589,-0.639094,0.0288787;-1.57136,1.04782,-1.55577
-0.662139,-0.639705,0.0305164;-1.61573,1.13513,-1.51394
-0.685039,-0.648839,0.0392699;-1.52148,1.23551,-1.60844
-0.705764,-0.657067,0.0414966;-1.00142,1.14963,-2.06868
-0.701408,-0.651831,0.0351287;-1.29969,1.08399,-1.79494
-0.698584,-0.649151,0.0291136;-1.54502,1.01853,-1.58053
-0.698855,-0.649748,0.0288001;-1.55606,1.06536,-1.57946
-0.698399,-0.649948,0.0289487;-1.57558,1.13942,-1.54926
-0.713295,-0.653247,0.0330832;-1.70505,1.22912,-1.4324
-0.750113,-0.669407,0.0417607;-0.880008,1.21916,-2.19872
-0.748746,-0.664455,0.0374664;-1.16327,1.15699,-1.93316
-0.74243,-0.659117,0.0289469;-1.56652,1.07732,-1.55841
-0.744048,-0.659055,0.0289133;-1.53982,1.02457,-1.59691
-0.742457,-0.659819,0.0289047;-1.55774,1.10358,-1.5708
-0.745898,-0.660309,0.0298255;-1.59863,1.19528,-1.53075
-0.790312,-0.680597,0.041202;-0.871267,1.2839,-2.21829
-0.79434,-0.678975,0.0398695;-1.01015,1.20172,-2.08059
-0.787031,-0.673097,0.0324036;-1.39067,1.13335,-1.72582
-0.784269,-0.67069,0.0288315;-1.54751,1.02535,-1.59058
-0.78391,-0.672357,0.0289521;-1.54247,1.11389,-1.59073
-0.783579,-0.672775,0.0290705;-1.57286,1.20083,-1.55282
-0.826295,-0.68748,0.042141;-0.943706,1.35129,-2.16322
-0.836445,-0.689071,0.0411575;-0.868652,1.23203,-2.21947
-0.831245,-0.684154,0.0351018;-1.22639,1.18855,-1.88146
-0.828493,-0.682365,0.0289526;-1.53121,1.10416,-1.60573
-0.828156,-0.68329,0.0289368;-1.53719,1.17321,-1.59751
-0.827841,-0.683726,0.0290149;-1.58132,1.25324,-1.54506
-0.827841,-0.683726,0.0290149;-1.58132,1.25324,-1.54506
-0.845031,-0.686559,0.0341405;-1.70566,1.34764,-1.43075
-0.845031,-0.686559,0.0341405;-1.70566,1.34764,-1.43075
