-0.125,0.125,0.06;-1.57,-2.98023e-08,-1.57
-0.125,0.125,0.06;-1.57,-2.98023e-08,-1.57
-0.125,0.125,0.06;-1.57,-2.98023e-08,-1.57
-0.125525,0.129058,0.0286126;-1.56765,-0.184254,-1.56781
-0.125142,0.129718,0.0287754;-1.57511,-0.107246,-1.55991
-0.127563,0.117122,0.0324847;-1.62408,-0.00627429,-1.56295
-0.126192,0.0831074,0.0400103;-1.37448,0.071983,-1.55392
-0.126887,0.0881112,0.0288944;-1.57139,-4.97103e-05,-1.55515
-0.127533,0.0872416,0.0288413;-1.56219,-0.052907,-1.56632
-0.128252,0.085919,0.0288849;-1.55768,-0.0880897,-1.56791
-0.127432,0.0867548,0.0291622;-1.56047,-0.0383144,-1.55271
-0.128919,0.0811645,0.0314455;-1.58726,0.0316741,-1.54921
-0.129991,0.0597219,0.0424006;-1.51209,0.126487,-1.56548
-0.13195,0.0496951,0.0390334;-1.3895,0.108686,-1.56276
-0.130409,0.0521271,0.0336109;-1.47705,0.0785205,-1.56172
-0.129956,0.0550978,0.0288679;-1.56461,0.0465838,-1.56344
-0.130285,0.0552251,0.0293236;-1.55119,0.0443189,-1.55523
-0.130297,0.0563995,0.0324298;-1.51977,0.0771818,-1.55601
-0.133716,0.0463868,0.0410239;-1.4857,0.1311,-1.56709
-0.134735,0.044483,0.0438065;-1.41897,0.0959201,-1.56374
-0.133404,0.0439674,0.0380061;-1.40016,0.044894,-1.56118
-0.131203,0.047783,0.0298601;-1.53733,0.0304477,-1.56165
-0.130599,0.0493782,0.0290134;-1.55825,0.0404823,-1.56295
-0.129757,0.0498798,0.0292231;-1.55526,0.0884771,-1.55828
-0.13094,0.0435276,0.0324482;-1.5295,0.156924,-1.56164
-0.133564,0.0301992,0.0399488;-1.38165,0.152249,-1.58234
-0.134804,0.0318232,0.0375956;-1.39968,0.075533,-1.57314
-0.134893,0.0375972,0.0290383;-1.55108,-0.01939,-1.56776
-0.135076,0.0372796,0.0290554;-1.55048,-0.0138753,-1.5676
-0.13431,0.0382728,0.0291769;-1.55148,0.0290373,-1.56172
-0.136913,0.0113137,0.0365932;-1.43986,0.203827,-1.57724
-0.137623,-0.00109891,0.0428541;-1.33227,0.201587,-1.58381
-0.140195,-7.29226e-05,0.0423036;-1.33092,0.142073,-1.57974
-0.143737,0.00904368,0.0290181;-1.55916,-0.0650585,-1.56061
-0.144304,0.00803474,0.0290208;-1.5513,-0.0832438,-1.56706
-0.143814,0.00824874,0.0290565;-1.55018,-0.046227,-1.5672
-0.144684,-0.00230182,0.0313796;-1.55812,0.11859,-1.56128
-0.145144,-0.0314201,0.0392171;-1.39033,0.210071,-1.58431
-0.144741,-0.0408605,0.0418875;-1.3369,0.20746,-1.58383
-0.148967,-0.036665,0.0297079;-1.53477,0.0761085,-1.5676
-0.149953,-0.0371014,0.0290162;-1.553,0.0168114,-1.56766
-0.149946,-0.0372338,0.0290213;-1.55155,0.0226874,-1.56892
-0.149114,-0.0368,0.0293296;-1.56452,0.107041,-1.557
-0.1531,-0.0518535,0.0363929;-1.5507,0.211469,-1.56677
-0.155662,-0.0743678,0.0446459;-1.45567,0.288649,-1.58861
-0.154702,-0.0812086,0.0316951;-1.50124,0.239761,-1.58016
-0.154787,-0.0797538,0.0286967;-1.57144,0.173794,-1.56435
-0.155759,-0.0805491,0.0289273;-1.55532,0.139061,-1.57139
-0.155336,-0.0799984,0.0291823;-1.5523,0.196628,-1.5634
-0.156775,-0.0828983,0.0323006;-1.57522,0.246166,-1.55602
-0.159893,-0.0973832,0.0448141;-1.57048,0.349166,-1.56429
-0.162783,-0.101086,0.0313703;-1.51158,0.292941,-1.5722
-0.162488,-0.100882,0.0290686;-1.55316,0.283933,-1.56902
-0.162402,-0.100844,0.0289006;-1.55575,0.277699,-1.57379
-0.161563,-0.100083,0.0290944;-1.56411,0.333587,-1.55636
-0.165146,-0.104358,0.0326691;-1.60485,0.393835,-1.53928
-0.172709,-0.120732,0.0445468;-1.58346,0.509526,-1.55529
-0.173213,-0.121811,0.033923;-1.47514,0.407819,-1.58118
-0.172404,-0.119093,0.02921;-1.55107,0.390122,-1.56605
-0.172146,-0.119548,0.0290852;-1.54758,0.40277,-1.57654
-0.170583,-0.119292,0.0291722;-1.56072,0.488512,-1.55591
-0.177438,-0.127363,0.0314691;-1.57562,0.569031,-1.54976
-0.189285,-0.148825,0.0404334;-1.37915,0.625835,-1.66436
-0.190764,-0.145725,0.0411501;-1.33109,0.545166,-1.67322
-0.187553,-0.140199,0.0369467;-1.40117,0.45104,-1.63298
-0.186038,-0.136044,0.0291572;-1.55542,0.369359,-1.56279
-0.185806,-0.136202,0.0291502;-1.54497,0.38015,-1.57655
-0.184868,-0.136247,0.0290636;-1.56283,0.455758,-1.55829
-0.193979,-0.150504,0.0334994;-1.5348,0.55251,-1.5775
-0.204545,-0.177213,0.0423392;-1.29127,0.614449,-1.69159
-0.208324,-0.17787,0.0399046;-1.33061,0.543495,-1.67031
-0.209665,-0.172337,0.0314604;-1.49804,0.467854,-1.59442
-0.210462,-0.171224,0.0290989;-1.5468,0.414133,-1.57704
-0.209101,-0.170861,0.0292534;-1.54117,0.464438,-1.5776
-0.209795,-0.173782,0.0296362;-1.55954,0.544261,-1.56246
-0.228252,-0.211434,0.0429238;-1.27976,0.674173,-1.71016
-0.233293,-0.216786,0.0406138;-1.32531,0.611177,-1.68399
-0.233147,-0.211706,0.0334055;-1.45536,0.564546,-1.62421
-0.23354,-0.208634,0.028902;-1.55581,0.460902,-1.57507
-0.233013,-0.208865,0.0291587;-1.54346,0.496056,-1.57963
-0.233181,-0.208935,0.0294016;-1.54903,0.521481,-1.57386
-0.246821,-0.237745,0.042671;-1.36676,0.657142,-1.67694
-0.252256,-0.245527,0.0398913;-1.33706,0.618119,-1.68611
-0.247997,-0.243911,0.0342683;-1.43528,0.626869,-1.63686
-0.246966,-0.241602,0.0287473;-1.5636,0.545216,-1.57263
-0.246889,-0.241848,0.0290581;-1.54814,0.570974,-1.57883
-0.246881,-0.241744,0.0290698;-1.55538,0.592771,-1.56966
-0.258644,-0.256096,0.0463045;-1.52491,0.715852,-1.59783
-0.25915,-0.258688,0.0454049;-1.4617,0.645168,-1.62329
-0.251828,-0.25471,0.0334228;-1.45783,0.583593,-1.61206
-0.250436,-0.253498,0.0290996;-1.54456,0.575488,-1.58169
-0.249427,-0.253483,0.029198;-1.54114,0.624302,-1.58198
-0.248421,-0.253505,0.0292365;-1.55053,0.657402,-1.56729
-0.263935,-0.26899,0.0440337;-1.49441,0.776731,-1.61591
-0.265259,-0.268947,0.0429484;-1.38748,0.68579,-1.67312
-0.258473,-0.263436,0.0373182;-1.39383,0.646226,-1.65417
-0.256049,-0.261845,0.0292354;-1.53794,0.576341,-1.58231
-0.255993,-0.262049,0.0291161;-1.54277,0.595493,-1.58253
-0.254861,-0.262004,0.0291539;-1.54653,0.636963,-1.57403
-0.258778,-0.266074,0.0302852;-1.56226,0.734128,-1.55839
-0.283192,-0.295074,0.042799;-1.22908,0.798733,-1.78285
-0.286141,-0.293029,0.0398715;-1.29402,0.718413,-1.73588
-0.283313,-0.284372,0.0310778;-1.49395,0.628885,-1.60921
-0.284452,-0.283207,0.0290236;-1.54704,0.545798,-1.58173
-0.283329,-0.282964,0.029122;-1.54642,0.58812,-1.57822
-0.282909,-0.284222,0.029259;-1.551,0.661717,-1.57187
-0.305889,-0.317358,0.0417885;-1.26519,0.808132,-1.75472
-0.310429,-0.320836,0.0411678;-1.27589,0.756859,-1.74138
-0.311469,-0.316915,0.0341888;-1.41787,0.709287,-1.65816
-0.312127,-0.31447,0.0289103;-1.55357,0.604585,-1.57865
-0.311702,-0.314606,0.0290696;-1.54453,0.64113,-1.58369
-0.311665,-0.314426,0.0291951;-1.54642,0.66171,-1.57707
-0.328273,-0.334265,0.0437936;-1.4502,0.804842,-1.64907
-0.334565,-0.33885,0.0423374;-1.3317,0.752476,-1.71466
-0.332918,-0.335662,0.0359443;-1.3877,0.703035,-1.67817
-0.330726,-0.332877,0.0291033;-1.54258,0.641903,-1.58469
-0.330461,-0.333113,0.0290783;-1.54265,0.669899,-1.58602
-0.329846,-0.333082,0.0292024;-1.54713,0.692997,-1.57399
-0.343977,-0.345715,0.0428384;-1.58012,0.85392,-1.55606
-0.347814,-0.350105,0.0450228;-1.49299,0.838468,-1.6093
-0.345925,-0.345634,0.0364698;-1.38357,0.786186,-1.66997
-0.346077,-0.344171,0.0292345;-1.53526,0.755279,-1.58904
-0.346056,-0.344084,0.0291093;-1.53924,0.757585,-1.58959
-0.345574,-0.344232,0.0292737;-1.52834,0.789356,-1.59691
-0.354502,-0.350512,0.0360728;-1.59362,0.898817,-1.53742
-0.368624,-0.363231,0.046856;-1.53301,0.985343,-1.58938
-0.369266,-0.364023,0.0427658;-1.40885,0.906588,-1.6711
-0.366939,-0.361297,0.0292994;-1.52717,0.84407,-1.5972
-0.366776,-0.361589,0.0291065;-1.53676,0.849856,-1.59305
-0.366452,-0.361647,0.0290699;-1.53873,0.8729,-1.59214
-0.374538,-0.367004,0.0310908;-1.53619,1.02019,-1.58456
-0.395367,-0.382123,0.0399538;-1.19349,1.05716,-1.87884
-0.40089,-0.385651,0.0426442;-1.11708,1.01973,-1.9336
-0.396654,-0.37685,0.0302894;-1.50023,0.875404,-1.61753
-0.39737,-0.375824,0.0289816;-1.54686,0.806166,-1.58504
-0.397403,-0.376024,0.0289521;-1.54633,0.808291,-1.58724
-0.396591,-0.377807,0.0291343;-1.55724,0.954078,-1.57031
-0.414386,-0.38978,0.0347579;-1.37609,1.0396,-1.72505
-0.430234,-0.405113,0.0418558;-1.10884,1.06857,-1.943
-0.434508,-0.402273,0.0341435;-1.36128,0.974045,-1.73372
-0.432631,-0.399848,0.0288769;-1.56606,0.933905,-1.56326
-0.433671,-0.399689,0.0289792;-1.54271,0.907184,-1.5908
-0.43231,-0.400523,0.0291406;-1.54184,1.00476,-1.58471
-0.445181,-0.40692,0.0332434;-1.49407,1.09979,-1.63176
-0.469291,-0.423801,0.0404014;-1.08437,1.14866,-1.99102
-0.473685,-0.426615,0.0372757;-1.23245,1.09863,-1.85177
-0.470827,-0.423955,0.0292534;-1.5297,1.06355,-1.59404
-0.472508,-0.423549,0.0290113;-1.53791,1.0106,-1.59513
-0.47179,-0.423652,0.0292813;-1.5271,1.0633,-1.59707
-0.475609,-0.423949,0.0330083;-1.52284,1.10547,-1.60033
-0.488404,-0.429048,0.0446654;-1.48259,1.18712,-1.64684
-0.486893,-0.429944,0.0356703;-1.27302,1.08563,-1.81766
-0.484371,-0.428649,0.0292075;-1.53351,1.04092,-1.59139
-0.485037,-0.428868,0.029118;-1.52783,1.00858,-1.60377
-0.483839,-0.429231,0.0292292;-1.52232,1.05953,-1.60514
-0.485094,-0.429182,0.0301075;-1.5859,1.11982,-1.536
-0.498682,-0.432525,0.0381553;-1.64745,1.20065,-1.48563
-0.51145,-0.431194,0.0413722;-1.27672,1.23089,-1.81213
-0.513455,-0.428278,0.0330956;-1.35647,1.17573,-1.74684
-0.512938,-0.42801,0.0292111;-1.50423,1.17744,-1.62702
-0.512532,-0.428013,0.0289776;-1.52413,1.19183,-1.61209
-0.51197,-0.428078,0.0290601;-1.54174,1.2213,-1.58502
-0.515328,-0.427453,0.0317431;-1.65406,1.27171,-1.47401
-0.53924,-0.433304,0.0446265;-1.3053,1.36057,-1.80783
-0.538392,-0.43175,0.0349811;-1.21226,1.28959,-1.88932
-0.536969,-0.430464,0.0290179;-1.54188,1.27898,-1.58583
-0.537607,-0.430469,0.0288944;-1.52438,1.26981,-1.61362
-0.536005,-0.431179,0.0288513;-1.5614,1.32929,-1.56919
-0.537937,-0.431603,0.029315;-1.56463,1.38999,-1.56427
-0.568718,-0.431983,0.0453246;-0.655834,1.40598,-2.46734
-0.565642,-0.430826,0.0410616;-0.852018,1.29684,-2.26579
-0.552359,-0.429413,0.0314731;-1.37097,1.24434,-1.75436
-0.550935,-0.428324,0.0288701;-1.53474,1.16947,-1.6039
-0.550331,-0.428876,0.0289977;-1.5178,1.22688,-1.61819
-0.549575,-0.429493,0.0289614;-1.56517,1.3089,-1.56108
-0.591428,-0.43685,0.0423789;-0.601843,1.41225,-2.52056
-0.596631,-0.435437,0.0409027;-0.651988,1.28654,-2.45582
-0.586855,-0.431296,0.0347827;-1.16481,1.26013,-1.95455
-0.583056,-0.429578,0.0290151;-1.52463,1.12902,-1.61101
-0.582985,-0.429883,0.0290636;-1.51115,1.16867,-1.6252
-0.5815,-0.43037,0.0289459;-1.56351,1.2367,-1.56239
-0.5815,-0.43037,0.0289459;-1.56351,1.2367,-1.56239
-0.591659,-0.429733,0.033362;-1.7475,1.33409,-1.38534
-0.591659,-0.429733,0.033362;-1.7475,1.33409,-1.38534
