-0.125,0.125,0.06;-1.57,-2.98023e-08,-1.57
-0.125,0.125,0.06;-1.57,-2.98023e-08,-1.57
-0.125,0.125,0.06;-1.57,-2.98023e-08,-1.57
-0.125501,0.127462,0.0285813;-1.57067,-0.260841,-1.57016
-0.125608,0.127461,0.028596;-1.57047,-0.194235,-1.56858
-0.127146,0.113701,0.0306486;-1.59096,-0.0867605,-1.57256
-0.128138,0.0928411,0.0387792;-1.39132,-0.0473296,-1.55341
-0.131781,0.0994022,0.0289937;-1.56893,-0.210962,-1.55234
-0.132152,0.0981286,0.0290238;-1.54979,-0.253094,-1.56416
-0.132321,0.0981465,0.0286712;-1.5668,-0.255027,-1.57042
-0.130799,0.0986698,0.0289623;-1.57072,-0.121964,-1.55233
-0.134109,0.0837925,0.0318709;-1.58846,-0.0194903,-1.55566
-0.134595,0.0571266,0.0399856;-1.36245,0.076161,-1.57994
-0.138397,0.0561074,0.0395458;-1.36337,-0.0119311,-1.55771
-0.139506,0.0596506,0.034925;-1.43885,-0.102695,-1.54818
-0.140242,0.0610471,0.0292075;-1.54704,-0.1864,-1.55917
-0.139242,0.0617021,0.0286293;-1.57084,-0.10263,-1.56844
-0.141697,0.0547631,0.0297757;-1.58663,-0.0078332,-1.56829
-0.144134,0.0300954,0.0368738;-1.46116,0.106024,-1.58606
-0.14533,0.0207873,0.0405881;-1.35675,0.0878425,-1.57826
-0.148003,0.0217258,0.0374287;-1.40112,-0.00629158,-1.56939
-0.149488,0.0316441,0.0289855;-1.56908,-0.107868,-1.55319
-0.148768,0.0324031,0.0285807;-1.57066,-0.111149,-1.57078
-0.148783,0.0325569,0.0288101;-1.57114,-0.0256072,-1.55889
-0.153491,0.0161341,0.0314963;-1.58357,0.0853075,-1.56604
-0.156251,-0.001953,0.0379149;-1.39913,0.123825,-1.59186
-0.159534,0.000253008,0.0359165;-1.42895,0.0400059,-1.57258
-0.162554,0.00362412,0.0295362;-1.53657,-0.0931304,-1.56237
-0.162165,0.00315851,0.0291327;-1.54565,-0.0788863,-1.56672
-0.161378,0.00451981,0.0287386;-1.57075,-0.0218535,-1.56317
-0.169863,-0.0249062,0.0347796;-1.48672,0.182145,-1.58987
-0.170024,-0.0400807,0.0407378;-1.34349,0.218278,-1.61364
-0.174023,-0.0399344,0.0396275;-1.35721,0.144566,-1.59998
-0.181408,-0.0333286,0.031934;-1.49042,-0.0759986,-1.55714
-0.181549,-0.0344454,0.0308596;-1.51254,-0.098591,-1.55892
-0.180601,-0.0352235,0.0291369;-1.54437,-0.0674686,-1.56804
-0.182657,-0.0446092,0.0299976;-1.58474,0.101296,-1.56849
-0.185268,-0.0693485,0.0375052;-1.41672,0.211214,-1.60741
-0.18703,-0.0766086,0.0396383;-1.3614,0.185633,-1.60982
-0.194758,-0.0644953,0.0333002;-1.4613,-0.00845207,-1.55998
-0.195491,-0.0656305,0.031439;-1.50124,-0.0697798,-1.55833
-0.194863,-0.0656617,0.0297626;-1.53287,-0.0601213,-1.5649
-0.194883,-0.066992,0.0287327;-1.57787,0.0737525,-1.56936
-0.200865,-0.0875815,0.0328168;-1.53378,0.192047,-1.58933
-0.201521,-0.107175,0.0392207;-1.37183,0.260977,-1.6213
-0.209469,-0.0981073,0.0349292;-1.44079,0.0618353,-1.57441
-0.211193,-0.0939751,0.0315539;-1.49698,-0.0196721,-1.56117
-0.210376,-0.094867,0.0318202;-1.4951,-0.0290471,-1.56134
-0.207584,-0.0949686,0.0288326;-1.57305,0.0933263,-1.55854
-0.213194,-0.109703,0.0312901;-1.5553,0.211908,-1.57688
-0.216538,-0.132452,0.038237;-1.40022,0.313108,-1.62959
-0.223013,-0.126589,0.03489;-1.44139,0.129728,-1.58432
-0.224258,-0.120991,0.0306367;-1.51087,0.0450991,-1.56364
-0.224623,-0.121017,0.0324438;-1.48132,0.0291476,-1.56318
-0.219105,-0.12717,0.0304401;-1.53774,0.182071,-1.55926
-0.225307,-0.143612,0.0308842;-1.54323,0.309854,-1.58673
-0.228896,-0.162225,0.0369467;-1.43253,0.407368,-1.64073
-0.234487,-0.156635,0.0340889;-1.46023,0.243395,-1.59302
-0.236045,-0.151128,0.029542;-1.5554,0.141408,-1.5513
-0.236977,-0.151247,0.0302016;-1.52099,0.115023,-1.56712
-0.233859,-0.151628,0.029471;-1.56137,0.208137,-1.55076
-0.239669,-0.165145,0.0298549;-1.56928,0.317982,-1.5686
-0.245537,-0.184898,0.0356974;-1.46607,0.426524,-1.63436
-0.249068,-0.185411,0.0363323;-1.418,0.344499,-1.6243
-0.252365,-0.182241,0.0332196;-1.47107,0.232284,-1.58747
-0.253571,-0.178512,0.0295082;-1.55189,0.159002,-1.55506
-0.252759,-0.177942,0.0322406;-1.48554,0.181791,-1.5773
-0.250374,-0.179487,0.0330353;-1.48732,0.274308,-1.5781
-0.258067,-0.196152,0.0327682;-1.49853,0.404713,-1.60124
-0.264167,-0.213409,0.0382041;-1.37724,0.478726,-1.66585
-0.267801,-0.21016,0.0365715;-1.40855,0.366058,-1.63189
-0.269232,-0.202651,0.0305492;-1.5225,0.247705,-1.56899
-0.270685,-0.202237,0.0313761;-1.50083,0.210294,-1.57734
-0.269183,-0.203364,0.0312128;-1.50359,0.254467,-1.5823
-0.269194,-0.204739,0.0300605;-1.57755,0.358192,-1.54837
-0.283208,-0.242409,0.0381556;-1.38979,0.555966,-1.67928
-0.288981,-0.243415,0.0383984;-1.36549,0.440971,-1.66427
-0.290197,-0.233482,0.0333131;-1.4721,0.318175,-1.59935
-0.291346,-0.229709,0.029847;-1.52873,0.212243,-1.57174
-0.291332,-0.231789,0.0319817;-1.48769,0.263432,-1.58597
-0.289342,-0.23151,0.032232;-1.51569,0.347252,-1.5637
-0.300415,-0.266006,0.0386653;-1.36134,0.557766,-1.683
-0.307212,-0.269138,0.0382184;-1.36881,0.445732,-1.66376
-0.308324,-0.25797,0.0324887;-1.48771,0.330949,-1.59719
-0.309351,-0.253719,0.0294511;-1.53787,0.206225,-1.5723
-0.308591,-0.254314,0.0312973;-1.50089,0.256099,-1.58354
-0.307188,-0.254235,0.033355;-1.48242,0.331543,-1.58227
-0.316439,-0.286699,0.0387431;-1.36238,0.534966,-1.67741
-0.321687,-0.287615,0.0373326;-1.39391,0.44158,-1.65643
-0.322846,-0.273168,0.0290845;-1.55868,0.29975,-1.5717
-0.324334,-0.273229,0.029202;-1.5448,0.15324,-1.57004
-0.323427,-0.272645,0.029403;-1.53737,0.211742,-1.56995
-0.321522,-0.270834,0.030272;-1.55856,0.27062,-1.54313
-0.338763,-0.305554,0.0403779;-1.33142,0.457597,-1.67314
-0.343161,-0.307484,0.0383024;-1.37007,0.377825,-1.65113
-0.342671,-0.300801,0.0332721;-1.49151,0.336169,-1.60789
-0.345267,-0.296417,0.0291159;-1.55605,0.134334,-1.5615
-0.347018,-0.297797,0.0309038;-1.51176,0.14097,-1.57073
-0.345639,-0.296002,0.0311448;-1.51394,0.190034,-1.56721
-0.34921,-0.303207,0.0333703;-1.50621,0.309602,-1.55976
-0.359273,-0.334812,0.0390337;-1.35937,0.444547,-1.66548
-0.363108,-0.328489,0.034358;-1.47335,0.31867,-1.61676
-0.362436,-0.319874,0.0285654;-1.56994,0.182966,-1.5711
-0.362639,-0.319891,0.0291286;-1.54764,0.119629,-1.56975
-0.362058,-0.319152,0.0293741;-1.53762,0.169785,-1.56992
-0.361241,-0.31794,0.0299773;-1.56251,0.256353,-1.54679
-0.378673,-0.356725,0.0395839;-1.35018,0.468185,-1.6719
-0.383768,-0.355523,0.0374911;-1.40432,0.359169,-1.64503
-0.384202,-0.341712,0.0284974;-1.58273,0.202138,-1.56889
-0.384703,-0.34237,0.0290293;-1.55176,0.0780817,-1.56926
-0.383539,-0.341502,0.0292904;-1.54482,0.146783,-1.56561
-0.381613,-0.339669,0.0298718;-1.5584,0.242338,-1.55013
-0.400793,-0.377165,0.0411022;-1.32428,0.441619,-1.67332
-0.405682,-0.380834,0.039068;-1.35501,0.36787,-1.65472
-0.406549,-0.369675,0.030692;-1.5245,0.249698,-1.58027
-0.406683,-0.368412,0.0287118;-1.56445,0.0810169,-1.57121
-0.404692,-0.368494,0.0290244;-1.55457,0.185423,-1.56817
-0.402846,-0.367357,0.0291614;-1.5655,0.281639,-1.55169
-0.422831,-0.40311,0.0406309;-1.32603,0.477517,-1.68009
-0.426154,-0.408488,0.0401083;-1.32597,0.452919,-1.68162
-0.427012,-0.402362,0.0349079;-1.44118,0.363905,-1.62127
-0.426682,-0.395489,0.0285889;-1.57,0.128587,-1.57125
-0.425902,-0.39594,0.0288713;-1.55649,0.173748,-1.57308
-0.423522,-0.39461,0.0290322;-1.56199,0.27245,-1.55998
-0.439393,-0.417862,0.0356401;-1.43679,0.494804,-1.62858
-0.445751,-0.433027,0.0421053;-1.28625,0.528271,-1.70504
-0.448813,-0.434147,0.0401126;-1.31997,0.46754,-1.68659
-0.45108,-0.424588,0.0287243;-1.57259,0.2042,-1.5606
-0.451181,-0.424825,0.0285971;-1.56993,0.18259,-1.57095
-0.449858,-0.426272,0.0289024;-1.55451,0.287326,-1.5751
-0.4554,-0.433979,0.0314073;-1.57379,0.498891,-1.55343
-0.469062,-0.456602,0.0397963;-1.32788,0.582688,-1.70235
-0.473567,-0.462627,0.0413496;-1.29071,0.562126,-1.71535
-0.4786,-0.453733,0.0290593;-1.55888,0.333105,-1.56269
-0.480088,-0.454299,0.0287369;-1.56594,0.244881,-1.56908
-0.478859,-0.454922,0.0286105;-1.56926,0.306011,-1.57123
-0.476535,-0.455777,0.0294155;-1.57307,0.550013,-1.55352
-0.493496,-0.473476,0.0344446;-1.45643,0.663896,-1.64005
-0.502848,-0.489206,0.0416158;-1.26138,0.704061,-1.76464
-0.509149,-0.481485,0.032836;-1.47119,0.492863,-1.61705
-0.509652,-0.479533,0.0288377;-1.56773,0.354106,-1.56072
-0.509477,-0.479403,0.0285836;-1.57054,0.336197,-1.57072
-0.505631,-0.480735,0.0290327;-1.57269,0.613139,-1.55543
-0.520974,-0.493814,0.0326017;-1.51695,0.728699,-1.60393
-0.534212,-0.511535,0.0408002;-1.25928,0.789745,-1.78846
-0.541744,-0.506751,0.0360358;-1.38732,0.599804,-1.67111
-0.543087,-0.504026,0.0292059;-1.55255,0.483226,-1.56518
-0.543187,-0.50418,0.0290204;-1.55052,0.461517,-1.57647
-0.539542,-0.503318,0.0287443;-1.57166,0.686075,-1.56152
-0.551809,-0.511217,0.0310946;-1.57694,0.804653,-1.56884
-0.567305,-0.527982,0.0392084;-1.26807,0.886524,-1.80544
-0.575568,-0.524346,0.0367678;-1.35343,0.715028,-1.71234
-0.577903,-0.521192,0.0303097;-1.51375,0.583298,-1.5947
-0.579338,-0.521642,0.0291639;-1.5414,0.52119,-1.5823
-0.575541,-0.521373,0.0285822;-1.57099,0.687892,-1.57049
-0.579591,-0.522654,0.0290225;-1.58411,0.803318,-1.55952
-0.597883,-0.5351,0.0346897;-1.41433,0.917584,-1.70378
-0.610831,-0.54207,0.0387796;-1.26938,0.837405,-1.79935
-0.612571,-0.535565,0.0344185;-1.40602,0.713819,-1.67438
-0.61493,-0.533686,0.0293424;-1.53574,0.602433,-1.58225
-0.611113,-0.534064,0.0288197;-1.55682,0.713208,-1.57887
-0.609952,-0.533834,0.0286758;-1.57123,0.813017,-1.56511
-0.621493,-0.538742,0.0306562;-1.60719,0.932254,-1.54356
-0.648304,-0.555287,0.0398375;-1.19117,0.962049,-1.88801
-0.651391,-0.549507,0.0365752;-1.33122,0.851468,-1.75342
-0.651753,-0.543177,0.0319731;-1.46721,0.732325,-1.63015
-0.650572,-0.544003,0.0292083;-1.53403,0.713138,-1.59176
-0.647719,-0.544033,0.0286857;-1.57355,0.797478,-1.56199
-0.65025,-0.544348,0.0288953;-1.59246,0.910155,-1.55691
-0.681814,-0.564539,0.0392165;-1.16638,1.0632,-1.92898
-0.686619,-0.561312,0.0383088;-1.24071,0.959203,-1.84869
-0.68475,-0.552661,0.0334845;-1.41392,0.845197,-1.68492
-0.68446,-0.551023,0.0292813;-1.53039,0.758727,-1.59361
-0.682709,-0.551838,0.0290876;-1.54091,0.842435,-1.58829
-0.681448,-0.551357,0.0286077;-1.57095,0.953012,-1.56827
-0.711986,-0.566669,0.0380334;-1.15834,1.15104,-1.9562
-0.72046,-0.566059,0.0390814;-1.16109,1.04484,-1.93475
-0.718492,-0.557718,0.0342533;-1.37212,0.932909,-1.72718
-0.719274,-0.554909,0.0306263;-1.4899,0.821188,-1.62357
-0.718641,-0.558013,0.0309176;-1.47689,0.902597,-1.63869
-0.714491,-0.558595,0.0288713;-1.57022,1.00861,-1.55774
-0.714491,-0.558595,0.0288713;-1.57022,1.00861,-1.55774
-0.728446,-0.563255,0.030369;-1.61478,1.14067,-1.54685
-0.728446,-0.563255,0.030369;-1.61478,1.14067,-1.54685
