-0.125,0.125,0.06;-1.57,-2.98023e-08,-1.57
-0.125,0.125,0.06;-1.57,-2.98023e-08,-1.57
-0.125,0.125,0.06;-1.57,-2.98023e-08,-1.57
-0.123931,0.132577,0.0423713;-1.56892,-0.24514,-1.56986
-0.124642,0.12881,0.0423907;-1.57293,-0.194421,-1.56951
-0.127173,0.100207,0.0502401;-1.59129,-0.102631,-1.5762
-0.125232,0.0661537,0.0564773;-1.4136,-0.072237,-1.57666
-0.132722,0.0971278,0.0422416;-1.57113,-0.272577,-1.57015
-0.132891,0.0976368,0.0424416;-1.56698,-0.331496,-1.56951
-0.132862,0.0977815,0.0423233;-1.57087,-0.330515,-1.5712
-0.131167,0.0951132,0.0423184;-1.57073,-0.2076,-1.57047
-0.133181,0.0731407,0.0481644;-1.55629,-0.103636,-1.5806
-0.130618,0.0351487,0.0621159;-1.41743,-0.00489389,-1.5789
-0.13565,0.0403426,0.0528889;-1.45768,-0.116757,-1.57637
-0.137477,0.06164,0.0419423;-1.58246,-0.196577,-1.57224
-0.13637,0.0654909,0.0423093;-1.57097,-0.275259,-1.57036
-0.135137,0.061212,0.0422998;-1.56917,-0.184764,-1.57124
-0.13797,0.0446813,0.0470246;-1.61294,-0.0893379,-1.57763
-0.139076,0.00889054,0.0640901;-1.45331,0.0138028,-1.57796
-0.139775,-0.00912003,0.0625613;-1.316,0.00458054,-1.56773
-0.143489,0.00384632,0.0557146;-1.40178,-0.0709565,-1.56676
-0.146312,0.0306854,0.0426998;-1.58412,-0.185592,-1.57393
-0.146396,0.0320116,0.0423292;-1.57064,-0.237683,-1.57063
-0.147403,0.0277028,0.0425202;-1.57725,-0.165449,-1.57195
-0.150248,0.00056214,0.0525931;-1.65896,-0.066906,-1.58435
-0.150351,-0.0294896,0.0621;-1.42354,-0.0398975,-1.568
-0.153881,-0.0258657,0.0539821;-1.42451,-0.109628,-1.56307
-0.156895,-0.00438469,0.0424918;-1.56547,-0.28898,-1.56951
-0.156704,-0.00533634,0.0425325;-1.56408,-0.271272,-1.56924
-0.155739,-0.00640302,0.0423276;-1.57064,-0.216163,-1.5707
-0.158691,-0.0550586,0.0607281;-1.52763,-0.0471132,-1.57847
-0.157242,-0.0874213,0.0636146;-1.29146,-0.0126282,-1.56514
-0.16278,-0.0813007,0.0582376;-1.37948,-0.0901687,-1.5688
-0.170098,-0.0486983,0.0422939;-1.57044,-0.322591,-1.57039
-0.171227,-0.0495913,0.0423603;-1.56925,-0.377594,-1.56999
-0.169552,-0.0516475,0.0424213;-1.56813,-0.310773,-1.57032
-0.17053,-0.0802684,0.0480906;-1.54138,-0.145667,-1.58069
-0.167671,-0.120536,0.0589939;-1.38593,-0.0466751,-1.57558
-0.168253,-0.128734,0.0594361;-1.36389,-0.0700202,-1.56684
-0.181095,-0.09285,0.0421882;-1.56867,-0.304059,-1.57106
-0.180518,-0.0911986,0.0423541;-1.569,-0.362496,-1.57054
-0.180763,-0.0915767,0.0423558;-1.56978,-0.361726,-1.57058
-0.180994,-0.100778,0.0428802;-1.57878,-0.225798,-1.57748
-0.179215,-0.134661,0.0560022;-1.46446,-0.109225,-1.57544
-0.174189,-0.16521,0.0608844;-1.33251,-0.0511847,-1.56097
-0.191947,-0.137182,0.0439003;-1.54664,-0.273449,-1.56966
-0.19064,-0.127917,0.0422773;-1.56944,-0.353154,-1.57042
-0.191119,-0.127653,0.0424201;-1.56774,-0.37741,-1.56987
-0.187873,-0.135701,0.0428748;-1.5814,-0.188344,-1.57331
-0.189962,-0.164464,0.0545746;-1.63521,-0.0797728,-1.58291
-0.188251,-0.200744,0.06815;-1.37676,0.0101095,-1.56247
-0.199486,-0.187215,0.0454871;-1.53212,-0.167829,-1.57316
-0.198408,-0.177564,0.0423063;-1.57086,-0.267695,-1.57055
-0.198934,-0.176854,0.0424588;-1.56653,-0.307574,-1.56952
-0.196553,-0.185409,0.0429439;-1.58372,-0.113994,-1.57386
-0.199596,-0.214282,0.0545137;-1.67773,-0.0201988,-1.58333
-0.200654,-0.251842,0.0701082;-1.42918,0.0593352,-1.57395
-0.210505,-0.244981,0.0486856;-1.49637,-0.103651,-1.57349
-0.209296,-0.229559,0.0423276;-1.57079,-0.206864,-1.57086
-0.209654,-0.228719,0.0424211;-1.56797,-0.25346,-1.57064
-0.207817,-0.234729,0.04233;-1.57081,-0.118209,-1.57085
-0.212085,-0.257793,0.048832;-1.6263,-0.0342422,-1.57692
-0.215128,-0.299884,0.0638678;-1.39067,0.0528249,-1.58553
-0.222601,-0.302798,0.0558928;-1.41668,-0.0374217,-1.5848
-0.228228,-0.287051,0.0458804;-1.52767,-0.143066,-1.57515
-0.226861,-0.279841,0.0423279;-1.57091,-0.257064,-1.5708
-0.22703,-0.280186,0.0423295;-1.57074,-0.265057,-1.5708
-0.22771,-0.285594,0.0424532;-1.57311,-0.192139,-1.57313
-0.229302,-0.319092,0.0515717;-1.50696,-0.0879787,-1.5834
-0.226115,-0.35792,0.0590993;-1.37514,-0.0255894,-1.57995
-0.233672,-0.349745,0.054441;-1.43889,-0.141495,-1.57542
-0.241555,-0.328129,0.0423187;-1.58145,-0.268636,-1.57404
-0.239474,-0.325819,0.0423912;-1.56861,-0.325316,-1.57032
-0.237948,-0.327885,0.0423309;-1.5708,-0.241651,-1.57102
-0.239647,-0.339035,0.04391;-1.58719,-0.157649,-1.57641
-0.236799,-0.407487,0.0632598;-1.30843,0.0131276,-1.57092
-0.243726,-0.409816,0.0603034;-1.34377,-0.0755159,-1.56251
-0.255272,-0.385605,0.0486965;-1.49563,-0.208013,-1.56782
-0.256446,-0.370961,0.0423307;-1.57076,-0.336826,-1.57083
-0.252762,-0.374776,0.042318;-1.57115,-0.208842,-1.57125
-0.254439,-0.383646,0.0440701;-1.59758,-0.133185,-1.57681
-0.255859,-0.457288,0.0694182;-1.35736,0.0423216,-1.56323
-0.260495,-0.471513,0.0621181;-1.31233,-0.0310702,-1.5658
-0.268266,-0.446316,0.0492207;-1.49019,-0.135482,-1.57219
-0.268181,-0.430742,0.0423851;-1.56894,-0.293813,-1.57025
-0.265129,-0.434643,0.0423252;-1.57092,-0.173586,-1.57116
-0.266805,-0.443279,0.0440324;-1.59681,-0.0908924,-1.57751
-0.268378,-0.515854,0.0696513;-1.36869,0.0804567,-1.57192
-0.27384,-0.53125,0.0617476;-1.3167,0.00289265,-1.57456
-0.280589,-0.506027,0.0493145;-1.48651,-0.0990254,-1.57282
-0.280514,-0.489709,0.0423296;-1.57086,-0.281791,-1.57078
-0.278225,-0.49352,0.0423299;-1.57079,-0.181672,-1.57095
-0.278928,-0.498642,0.0423525;-1.57271,-0.128955,-1.57182
-0.28359,-0.571809,0.0614315;-1.32734,0.0367635,-1.58306
-0.290023,-0.573557,0.0583309;-1.37792,-0.0511186,-1.57698
-0.295028,-0.56292,0.0522395;-1.46513,-0.114,-1.58101
-0.298365,-0.544086,0.0423444;-1.57097,-0.319046,-1.56913
-0.296053,-0.546506,0.0424902;-1.56536,-0.25913,-1.56945
-0.295923,-0.547135,0.0423257;-1.57095,-0.216865,-1.57065
-0.298283,-0.561747,0.0444317;-1.56302,-0.120472,-1.57974
-0.295909,-0.620371,0.0596099;-1.35977,0.00602335,-1.57964
-0.303539,-0.613162,0.0549264;-1.43493,-0.123936,-1.57766
-0.311717,-0.591624,0.0424137;-1.5782,-0.258552,-1.5715
-0.309626,-0.587305,0.042334;-1.5705,-0.326891,-1.57097
-0.306928,-0.590183,0.042326;-1.57132,-0.228179,-1.57101
-0.30765,-0.596176,0.0429605;-1.57935,-0.155836,-1.57292
-0.308916,-0.66718,0.0629431;-1.31671,0.0369497,-1.57266
-0.31627,-0.670105,0.0603389;-1.3444,-0.0612899,-1.56671
-0.326834,-0.643528,0.0459599;-1.52323,-0.190269,-1.57196
-0.325891,-0.632462,0.0423407;-1.57037,-0.325174,-1.57077
-0.321846,-0.636483,0.0424172;-1.56792,-0.196475,-1.57028
-0.32279,-0.643414,0.0431515;-1.59064,-0.116384,-1.575
-0.32624,-0.713672,0.0700067;-1.40428,0.0574329,-1.57197
-0.331029,-0.730063,0.061358;-1.32228,-0.01614,-1.57028
-0.337674,-0.703982,0.0478607;-1.50373,-0.119273,-1.57229
-0.336669,-0.689697,0.0423988;-1.56869,-0.269867,-1.57049
-0.333467,-0.693766,0.0425684;-1.56452,-0.159631,-1.5712
-0.333783,-0.697403,0.042458;-1.57516,-0.0838023,-1.57128
-0.341281,-0.762568,0.0684344;-1.45001,0.0860596,-1.58139
-0.345282,-0.785552,0.063564;-1.29191,0.041503,-1.5845
-0.350215,-0.769261,0.0553991;-1.41345,-0.0419341,-1.57559
-0.352533,-0.743957,0.0423361;-1.57016,-0.271332,-1.57067
-0.352274,-0.743965,0.0423456;-1.57015,-0.254109,-1.57074
-0.351242,-0.745597,0.0423434;-1.57043,-0.194421,-1.57126
-0.355554,-0.794444,0.0572759;-1.47345,-0.0298469,-1.5832
-0.354468,-0.826398,0.0614001;-1.32997,0.0238752,-1.58027
-0.361872,-0.825542,0.0574274;-1.40221,-0.081907,-1.5794
-0.372549,-0.797414,0.0423086;-1.5708,-0.333353,-1.57058
-0.371664,-0.797531,0.0423271;-1.57065,-0.364657,-1.57078
-0.369736,-0.800018,0.0424409;-1.56757,-0.274149,-1.57038
-0.371983,-0.825368,0.0471533;-1.55874,-0.107702,-1.58138
-0.369606,-0.865867,0.0599007;-1.40572,-0.0055553,-1.58253
-0.369589,-0.879416,0.0592901;-1.36319,-0.0269782,-1.57684
-0.384434,-0.846978,0.0423535;-1.57442,-0.285301,-1.57288
-0.38286,-0.844278,0.0423612;-1.57099,-0.367013,-1.56954
-0.3825,-0.844416,0.042334;-1.57056,-0.345588,-1.57094
-0.382023,-0.854962,0.0435789;-1.58576,-0.170006,-1.57421
-0.382446,-0.884655,0.0573268;-1.54024,-0.0586002,-1.57616
-0.374152,-0.884737,0.0651729;-1.46148,0.0300491,-1.57307
-0.386197,-0.86504,0.0449362;-1.53547,-0.160123,-1.57442
-0.385213,-0.855614,0.0422926;-1.57122,-0.272288,-1.56995
-0.385678,-0.854964,0.0424314;-1.56842,-0.312717,-1.57155
-0.392485,-0.860457,0.0449041;-1.60966,-0.208143,-1.58213
-0.389836,-0.882864,0.054145;-1.62384,-0.116682,-1.59276
-0.378653,-0.886928,0.0631263;-1.53831,-0.00187695,-1.58746
-0.387859,-0.870765,0.0425398;-1.57332,-0.208057,-1.58053
-0.387996,-0.86555,0.0422839;-1.57079,-0.308447,-1.5693
-0.388541,-0.864263,0.0424029;-1.57089,-0.323102,-1.5732
-0.393271,-0.869921,0.0428149;-1.5839,-0.185923,-1.57615
-0.389827,-0.883765,0.0488878;-1.59663,-0.106525,-1.5895
-0.379676,-0.887013,0.0563106;-1.51808,0.000843585,-1.59097
-0.388664,-0.878691,0.0502538;-1.54186,-0.136871,-1.57683
-0.389796,-0.870082,0.0423932;-1.57246,-0.26192,-1.57374
-0.390375,-0.86824,0.0423772;-1.57099,-0.277471,-1.5725
-0.392276,-0.869915,0.0423913;-1.57087,-0.226571,-1.57292
-0.392693,-0.881452,0.0435143;-1.5789,-0.139595,-1.57771
-0.382361,-0.885058,0.0519317;-1.5011,-0.0353518,-1.5877
-0.381463,-0.882574,0.054185;-1.47327,-0.0453981,-1.5859
-0.388368,-0.874641,0.0425747;-1.56758,-0.172212,-1.57473
-0.387508,-0.869402,0.0423372;-1.57057,-0.265491,-1.56957
-0.387701,-0.86831,0.0423324;-1.57065,-0.275128,-1.57072
-0.387605,-0.871679,0.0423815;-1.57141,-0.202372,-1.57238
-0.384452,-0.882507,0.0468408;-1.55362,-0.110496,-1.5826
-0.372753,-0.884565,0.0568333;-1.45234,0.00304491,-1.58936
-0.378672,-0.879615,0.0509751;-1.49913,-0.089144,-1.58242
-0.380744,-0.868032,0.0421743;-1.56748,-0.220515,-1.57175
-0.380033,-0.866383,0.0423934;-1.57067,-0.302212,-1.5727
-0.381279,-0.867542,0.0424411;-1.57095,-0.258591,-1.57433
-0.384186,-0.880383,0.0444111;-1.59566,-0.154577,-1.57733
-0.367352,-0.885389,0.0586819;-1.46383,0.0226174,-1.57932
-0.370852,-0.881808,0.0602192;-1.44735,-0.0273954,-1.57786
-0.376878,-0.869175,0.0422288;-1.57967,-0.164486,-1.57772
-0.377393,-0.862842,0.04247;-1.57042,-0.313449,-1.57508
-0.37864,-0.863749,0.0425357;-1.56979,-0.275701,-1.57722
-0.381589,-0.869776,0.0432247;-1.58952,-0.188482,-1.57769
-0.36655,-0.886829,0.058313;-1.50909,0.0166738,-1.58853
-0.369594,-0.883286,0.0602834;-1.48654,-0.0258349,-1.58777
-0.375553,-0.873677,0.0427868;-1.57014,-0.172783,-1.58552
-0.376877,-0.867397,0.0424163;-1.57068,-0.29005,-1.57348
-0.377368,-0.868518,0.04238;-1.56833,-0.246475,-1.57458
-0.379403,-0.873911,0.0429356;-1.5844,-0.157628,-1.57925
-0.379403,-0.873911,0.0429356;-1.5844,-0.157628,-1.57925
-0.375827,-0.885418,0.0477077;-1.60732,-0.0794672,-1.59062
-0.375827,-0.885418,0.0477077;-1.60732,-0.0794672,-1.59062
