-0.125,0.125,0.06;-1.57,-2.98023e-08,-1.57
-0.125,0.125,0.06;-1.57,-2.98023e-08,-1.57
-0.125,0.125,0.06;-1.57,-2.98023e-08,-1.57
-0.123899,0.133921,0.0423134;-1.57083,-0.221993,-1.57048
-0.124309,0.12987,0.0424343;-1.57334,-0.156872,-1.56916
-0.127862,0.101752,0.0512088;-1.62899,-0.0627675,-1.57487
-0.128015,0.0664235,0.0576747;-1.38604,-0.0253349,-1.57086
-0.132527,0.0979527,0.042216;-1.57148,-0.204963,-1.56907
-0.133017,0.0985729,0.0424689;-1.56601,-0.244879,-1.56974
-0.132969,0.0985209,0.0423797;-1.56907,-0.236373,-1.57065
-0.130819,0.0965389,0.0423693;-1.57117,-0.106085,-1.56915
-0.135992,0.0758744,0.0491837;-1.61777,-0.0171454,-1.57002
-0.139617,0.0382359,0.0644442;-1.42845,0.0754176,-1.58309
-0.14402,0.0419719,0.0528894;-1.45206,-0.0144432,-1.5806
-0.143975,0.061761,0.0424735;-1.58619,-0.100292,-1.57187
-0.142635,0.06393,0.0424373;-1.56711,-0.16923,-1.57035
-0.142048,0.0607088,0.042328;-1.57071,-0.104533,-1.57073
-0.146461,0.0428767,0.0465462;-1.60888,-0.0234591,-1.5706
-0.15062,0.00457698,0.062253;-1.45795,0.0753889,-1.58561
-0.152546,-0.0107976,0.0591174;-1.36746,0.0610448,-1.58838
-0.156567,0.00380036,0.0520524;-1.45855,-0.0296408,-1.57927
-0.157614,0.0264422,0.0422515;-1.57369,-0.125692,-1.5711
-0.157362,0.0267162,0.0423299;-1.57074,-0.143509,-1.57081
-0.158106,0.0241453,0.0423505;-1.5717,-0.0784473,-1.57038
-0.163818,-0.00256066,0.0510283;-1.59491,0.0132083,-1.57353
-0.165802,-0.0342967,0.0570763;-1.40738,0.0487644,-1.58921
-0.168073,-0.0231082,0.0486725;-1.49584,-0.0325401,-1.57808
-0.167113,-0.0090528,0.0424607;-1.56649,-0.167496,-1.57011
-0.166676,-0.01001,0.0424266;-1.56762,-0.135592,-1.57046
-0.166123,-0.0102982,0.04233;-1.57074,-0.0782557,-1.57091
-0.175817,-0.0532919,0.0585449;-1.50977,0.0974556,-1.58597
-0.177883,-0.0844063,0.0603854;-1.35458,0.138249,-1.60051
-0.180961,-0.078494,0.0557773;-1.41252,0.0658095,-1.59446
-0.18139,-0.0442437,0.0423054;-1.57061,-0.112713,-1.57074
-0.18192,-0.043886,0.0423605;-1.56969,-0.136308,-1.57088
-0.179927,-0.0470142,0.0424913;-1.5661,-0.0492388,-1.57105
-0.187377,-0.0674681,0.0483539;-1.58604,0.106356,-1.5724
-0.194379,-0.104977,0.0626135;-1.43005,0.202373,-1.60522
-0.197729,-0.120074,0.0582042;-1.36852,0.179903,-1.61162
-0.196829,-0.0805064,0.0420918;-1.57064,-0.0158162,-1.57181
-0.1965,-0.0800889,0.0424715;-1.56613,-0.0566629,-1.57051
-0.196312,-0.0802934,0.0423386;-1.57044,-0.0366829,-1.57095
-0.198729,-0.0860692,0.0431177;-1.58101,0.0860844,-1.56946
-0.208638,-0.118564,0.0568277;-1.51096,0.191354,-1.59259
-0.214635,-0.150673,0.0624613;-1.3752,0.248029,-1.61849
-0.218836,-0.12177,0.0427535;-1.55863,0.0591726,-1.57298
-0.216545,-0.117299,0.0422703;-1.56794,-0.0159496,-1.57026
-0.216959,-0.116699,0.0423824;-1.56903,-0.0473451,-1.57083
-0.21648,-0.121552,0.0423824;-1.57251,0.112854,-1.56905
-0.226682,-0.147499,0.0519592;-1.54962,0.207626,-1.58287
-0.23515,-0.184231,0.0629781;-1.39463,0.298694,-1.62517
-0.238251,-0.164989,0.0435998;-1.55129,0.119703,-1.57718
-0.235071,-0.158766,0.0423146;-1.57096,0.0400477,-1.57017
-0.235989,-0.158651,0.0424001;-1.56851,0.00374682,-1.57088
-0.235711,-0.163497,0.0424188;-1.5728,0.171233,-1.5687
-0.248146,-0.189848,0.0515623;-1.54246,0.271963,-1.58719
-0.258721,-0.226123,0.0623579;-1.38686,0.359758,-1.63868
-0.262235,-0.209083,0.0457926;-1.53016,0.200008,-1.58795
-0.257406,-0.197926,0.0422819;-1.56991,0.122034,-1.57099
-0.257545,-0.197794,0.0424254;-1.56769,0.0767417,-1.57105
-0.256743,-0.200821,0.0423293;-1.57075,0.19561,-1.57089
-0.266878,-0.218311,0.0470426;-1.58161,0.286039,-1.57274
-0.28178,-0.25453,0.0611971;-1.42882,0.384409,-1.63319
-0.285497,-0.253951,0.0542622;-1.43703,0.305662,-1.62883
-0.281825,-0.235251,0.0439766;-1.54661,0.21459,-1.5803
-0.278599,-0.229968,0.0423272;-1.57098,0.136198,-1.57069
-0.278536,-0.230141,0.0423297;-1.57078,0.147362,-1.57081
-0.280564,-0.233409,0.0424154;-1.57299,0.222739,-1.56907
-0.294426,-0.260576,0.0517151;-1.54532,0.324917,-1.58982
-0.306794,-0.30076,0.0590049;-1.36158,0.379207,-1.65551
-0.305821,-0.288559,0.0533634;-1.44263,0.287714,-1.62382
-0.300611,-0.265127,0.0426183;-1.58181,0.183411,-1.56645
-0.298984,-0.263926,0.0423415;-1.57027,0.129101,-1.57113
-0.298824,-0.265247,0.0423297;-1.57073,0.197702,-1.57075
-0.303723,-0.27172,0.0435258;-1.58441,0.267825,-1.56796
-0.329176,-0.334478,0.0630894;-1.3504,0.437274,-1.66161
-0.334492,-0.337539,0.0580979;-1.35978,0.362727,-1.65205
-0.332156,-0.3129,0.0463791;-1.5224,0.25217,-1.59195
-0.32787,-0.302576,0.0424227;-1.56754,0.13517,-1.57118
-0.327215,-0.305679,0.0423177;-1.57185,0.234384,-1.5691
-0.330713,-0.31022,0.0426732;-1.57768,0.303834,-1.56744
-0.360773,-0.372762,0.0623804;-1.34747,0.492287,-1.67576
-0.367601,-0.379106,0.0581381;-1.35268,0.420979,-1.66667
-0.363788,-0.355258,0.0465379;-1.52036,0.31286,-1.59618
-0.358214,-0.344587,0.0424251;-1.56757,0.198596,-1.57149
-0.357432,-0.347897,0.0423457;-1.57041,0.300965,-1.57008
-0.361135,-0.351681,0.0427355;-1.57819,0.368569,-1.56604
-0.396707,-0.41267,0.0621059;-1.33262,0.547909,-1.69486
-0.404169,-0.416634,0.058466;-1.34291,0.479859,-1.68267
-0.400225,-0.392645,0.0465244;-1.52019,0.36952,-1.59913
-0.394093,-0.381412,0.0424268;-1.5674,0.259631,-1.57173
-0.393466,-0.384921,0.0422917;-1.57201,0.364387,-1.57032
-0.394953,-0.386473,0.0423154;-1.57141,0.409794,-1.57052
-0.431076,-0.437462,0.0624633;-1.37717,0.594479,-1.68564
-0.438307,-0.442918,0.0560623;-1.37608,0.52431,-1.67868
-0.433655,-0.431156,0.0522774;-1.44999,0.487935,-1.6443
-0.42147,-0.413104,0.042365;-1.56925,0.340258,-1.57124
-0.421479,-0.415784,0.0424804;-1.56643,0.407323,-1.57334
-0.421165,-0.41618,0.0423197;-1.57039,0.464,-1.57097
-0.431239,-0.424411,0.0446545;-1.58744,0.554976,-1.56276
-0.467065,-0.472287,0.0593133;-1.30164,0.664142,-1.74161
-0.465584,-0.461515,0.0541971;-1.4082,0.579269,-1.6759
-0.453856,-0.438613,0.0422881;-1.58848,0.479274,-1.55979
-0.451333,-0.436863,0.0423621;-1.56905,0.42787,-1.57246
-0.450569,-0.439294,0.0422285;-1.57455,0.516152,-1.56871
-0.453594,-0.441299,0.0425691;-1.57796,0.5725,-1.56463
-0.497211,-0.48995,0.0624597;-1.29804,0.744027,-1.75743
-0.503527,-0.490397,0.0578338;-1.32678,0.676979,-1.73496
-0.492652,-0.467462,0.0442212;-1.53986,0.573828,-1.59228
-0.486743,-0.461904,0.0424154;-1.56758,0.473152,-1.57227
-0.486506,-0.465661,0.0423243;-1.57134,0.58032,-1.5702
-0.48891,-0.466893,0.0425432;-1.57553,0.652565,-1.56432
-0.540101,-0.512444,0.0618681;-1.26075,0.822359,-1.80097
-0.546354,-0.512868,0.0581401;-1.30035,0.759449,-1.76771
-0.534031,-0.49169,0.0445325;-1.53361,0.663073,-1.59886
-0.528213,-0.48717,0.0424312;-1.56683,0.557874,-1.573
-0.528426,-0.490541,0.0423934;-1.56789,0.649765,-1.57215
-0.52896,-0.490821,0.0423768;-1.57134,0.721452,-1.56856
-0.580856,-0.527656,0.0620204;-1.27587,0.892248,-1.80698
-0.590615,-0.533529,0.0596893;-1.22907,0.862214,-1.83875
-0.581543,-0.518101,0.0517542;-1.41723,0.78207,-1.69276
-0.565932,-0.503304,0.0424497;-1.56598,0.642939,-1.57367
-0.566159,-0.503935,0.0424277;-1.5666,0.662877,-1.57364
-0.566263,-0.505232,0.0423241;-1.57059,0.725912,-1.57081
-0.601721,-0.525245,0.057927;-1.49338,0.898522,-1.63951
-0.62803,-0.54573,0.0612492;-1.15672,0.915734,-1.90202
-0.628344,-0.540751,0.0579496;-1.27308,0.867748,-1.8104
-0.605217,-0.516961,0.0423195;-1.57072,0.695811,-1.5708
-0.605469,-0.516466,0.0424171;-1.56717,0.665114,-1.57315
-0.606291,-0.52007,0.0424764;-1.5659,0.746549,-1.57518
-0.626244,-0.528341,0.0482611;-1.64381,0.902761,-1.51247
-0.657811,-0.54722,0.0633666;-1.29593,0.988628,-1.80517
-0.671393,-0.555503,0.061314;-1.14243,0.956197,-1.92943
-0.645292,-0.527043,0.0425767;-1.58738,0.803693,-1.55728
-0.643183,-0.526516,0.0424484;-1.56576,0.743827,-1.5742
-0.64333,-0.526485,0.0423388;-1.57017,0.744871,-1.57176
-0.649606,-0.529762,0.0435563;-1.59555,0.880103,-1.54963
-0.678552,-0.544212,0.0577173;-1.56503,0.987458,-1.58121
-0.709152,-0.563568,0.0631545;-1.07848,1.00168,-1.98299
-0.69371,-0.541673,0.0443083;-1.52598,0.876902,-1.60883
-0.685307,-0.538655,0.0423117;-1.57167,0.796795,-1.56939
-0.685479,-0.537583,0.042377;-1.56873,0.75976,-1.57238
-0.689615,-0.541941,0.0427174;-1.58717,0.927492,-1.55479
-0.715732,-0.551822,0.0540365;-1.68839,1.02451,-1.47359
-0.748646,-0.568919,0.0660746;-1.12692,1.07632,-1.95834
-0.739715,-0.552512,0.0445259;-1.52036,0.952613,-1.61709
-0.731348,-0.549277,0.0423321;-1.57094,0.867793,-1.57023
-0.731508,-0.548128,0.0424388;-1.56575,0.824592,-1.57483
-0.735556,-0.552392,0.0425208;-1.58211,0.980159,-1.56128
-0.760026,-0.559999,0.0524503;-1.73657,1.07347,-1.42882
-0.792926,-0.574106,0.0673107;-1.16908,1.13999,-1.93344
-0.793634,-0.567094,0.0514604;-1.34001,1.04235,-1.7777
-0.776173,-0.559342,0.0422184;-1.5612,0.960599,-1.57742
-0.77586,-0.55834,0.0424531;-1.56441,0.916597,-1.57594
-0.776899,-0.560995,0.0423293;-1.5707,1.01465,-1.57085
-0.785738,-0.561562,0.0458727;-1.66067,1.08848,-1.49036
-0.816518,-0.570993,0.0625692;-1.6194,1.19013,-1.5331
-0.845326,-0.57843,0.0584582;-1.08131,1.11585,-2.02161
-0.822603,-0.565789,0.0433414;-1.52766,1.06571,-1.60909
-0.816158,-0.564142,0.0422725;-1.57061,0.994207,-1.57028
-0.816366,-0.568625,0.042447;-1.56449,1.05645,-1.57537
-0.816981,-0.569288,0.0424848;-1.57645,1.07179,-1.56342
-0.834895,-0.572833,0.0515908;-1.79009,1.16247,-1.37014
-0.864207,-0.583084,0.0696374;-1.25168,1.25068,-1.86663
-0.847202,-0.57317,0.0529865;-1.30983,1.14313,-1.8175
-0.833505,-0.566942,0.0421318;-1.56292,1.05777,-1.57683
-0.832992,-0.568447,0.0423774;-1.56718,1.1241,-1.57409
-0.834273,-0.570779,0.0423241;-1.57016,1.21662,-1.57102
-0.843093,-0.569714,0.0452117;-1.70193,1.29303,-1.4441
-0.881329,-0.578945,0.0707163;-1.18931,1.45849,-1.95168
-0.87553,-0.572924,0.0646916;-1.35869,1.37025,-1.77936
-0.858232,-0.565297,0.0423805;-1.61332,1.2607,-1.53113
-0.853399,-0.565512,0.0423314;-1.57058,1.1877,-1.57114
-0.85414,-0.563978,0.0423729;-1.57022,1.2521,-1.5733
-0.855422,-0.55782,0.0450784;-1.73251,1.30406,-1.41594
-0.884268,-0.57027,0.0637326;-0.983174,1.50283,-2.17078
-0.879399,-0.566457,0.0628938;-1.29931,1.44561,-1.85036
-0.867177,-0.562421,0.042518;-1.57117,1.30851,-1.57621
-0.862791,-0.561817,0.0423824;-1.57088,1.24236,-1.57243
-0.86395,-0.560226,0.0425253;-1.56988,1.28981,-1.57812
-0.867875,-0.557998,0.0430133;-1.6632,1.37204,-1.4824
-0.867875,-0.557998,0.0430133;-1.6632,1.37204,-1.4824
-0.88366,-0.560401,0.0519448;-2.00859,1.45481,-1.15297
-0.88366,-0.560401,0.0519448;-2.00859,1.45481,-1.15297
