-0.125,0.125,0.06;-1.57,-2.98023e-08,-1.57
-0.125,0.125,0.06;-1.57,-2.98023e-08,-1.57
-0.125,0.125,0.06;-1.57,-2.98023e-08,-1.57
-0.12394,0.130522,0.042308;-1.57078,-0.251472,-1.57049
-0.124342,0.126633,0.0423799;-1.57354,-0.195587,-1.56977
-0.127177,0.0971752,0.0500166;-1.58007,-0.103111,-1.57613
-0.126111,0.0645923,0.0555417;-1.42484,-0.0754814,-1.57353
-0.133434,0.0891798,0.0422806;-1.57124,-0.279384,-1.56998
-0.133657,0.0893127,0.0424186;-1.56761,-0.316821,-1.56971
-0.133696,0.0891717,0.042336;-1.57064,-0.302123,-1.57105
-0.131327,0.086957,0.0423279;-1.57079,-0.157568,-1.57063
-0.134296,0.0697949,0.0481881;-1.59194,-0.0484279,-1.57351
-0.1342,0.0344341,0.0638984;-1.43226,0.053949,-1.57946
-0.140192,0.0365801,0.0535467;-1.43878,-0.0479,-1.57248
-0.140956,0.0591167,0.0421024;-1.58989,-0.129103,-1.57096
-0.140096,0.061926,0.0424053;-1.56748,-0.189169,-1.5705
-0.138944,0.058058,0.0423287;-1.57075,-0.102926,-1.57074
-0.14281,0.0400135,0.0479174;-1.63609,-0.026979,-1.57314
-0.146591,0.00474033,0.0649622;-1.53411,0.0736835,-1.57846
-0.149493,-0.0206911,0.0613592;-1.33335,0.050786,-1.57974
-0.153946,-0.0076419,0.05335;-1.43877,-0.04315,-1.57496
-0.155238,0.0139406,0.0423169;-1.57346,-0.153351,-1.57194
-0.155972,0.0143191,0.0423308;-1.5707,-0.216923,-1.57076
-0.156536,0.0118261,0.0423677;-1.57118,-0.160495,-1.56942
-0.160371,-0.0150528,0.0499145;-1.56514,-0.0655296,-1.57701
-0.160369,-0.0469356,0.0555685;-1.41419,-0.0346693,-1.57803
-0.165356,-0.0356302,0.0477088;-1.51026,-0.133712,-1.57333
-0.166277,-0.0241422,0.0424111;-1.56804,-0.286757,-1.56993
-0.165642,-0.0247656,0.0423783;-1.56918,-0.247025,-1.57034
-0.164858,-0.0249266,0.0423291;-1.57076,-0.18629,-1.57082
-0.167301,-0.0652072,0.0570046;-1.49714,0.0173226,-1.58353
-0.164663,-0.0935974,0.0612229;-1.37104,0.0600639,-1.58321
-0.169696,-0.0905733,0.0566616;-1.40035,-0.0217687,-1.57837
-0.174214,-0.0563433,0.0423001;-1.57103,-0.191723,-1.57004
-0.174796,-0.0560287,0.0423581;-1.56991,-0.209974,-1.57089
-0.17188,-0.0595832,0.0425085;-1.56541,-0.109386,-1.57049
-0.17789,-0.0797518,0.050089;-1.65599,0.0476862,-1.56751
-0.182707,-0.112829,0.067634;-1.50311,0.14213,-1.58141
-0.18691,-0.136256,0.0622481;-1.30461,0.119392,-1.59719
-0.188627,-0.101875,0.0420744;-1.5711,-0.0465394,-1.5712
-0.188762,-0.10079,0.0424482;-1.56658,-0.115054,-1.57042
-0.18883,-0.101171,0.0423961;-1.5685,-0.108782,-1.57079
-0.190662,-0.107685,0.043461;-1.58424,0.00807032,-1.56872
-0.198359,-0.141192,0.0573197;-1.5131,0.112705,-1.58575
-0.202577,-0.175489,0.0604862;-1.33754,0.163812,-1.60913
-0.210458,-0.143693,0.0424449;-1.56684,-0.0352813,-1.57018
-0.20888,-0.140027,0.0422527;-1.57021,-0.128107,-1.57162
-0.209845,-0.140071,0.0423289;-1.57076,-0.169567,-1.57087
-0.208381,-0.14478,0.0423325;-1.57148,-0.0051617,-1.57033
-0.213778,-0.169248,0.050642;-1.52777,0.111169,-1.58816
-0.217331,-0.204792,0.0632978;-1.41551,0.19577,-1.6048
-0.223731,-0.186816,0.0437991;-1.54526,0.0107347,-1.57607
-0.221508,-0.178642,0.0423042;-1.57101,-0.062806,-1.57047
-0.221924,-0.178331,0.0423946;-1.56867,-0.0871338,-1.57068
-0.220529,-0.182896,0.0427166;-1.57969,0.126362,-1.56564
-0.231799,-0.20594,0.0534412;-1.64821,0.236442,-1.555
-0.24329,-0.237768,0.0684143;-1.40105,0.324676,-1.61606
-0.246102,-0.228183,0.0481865;-1.49871,0.204917,-1.59076
-0.239848,-0.213977,0.0423241;-1.57089,0.127724,-1.57094
-0.240482,-0.213248,0.0424904;-1.56586,0.085087,-1.57175
-0.24056,-0.217238,0.0423265;-1.57064,0.210644,-1.57078
-0.250866,-0.234782,0.0488022;-1.64116,0.296085,-1.55009
-0.266302,-0.269185,0.0653073;-1.44459,0.386343,-1.62064
-0.273542,-0.275237,0.055851;-1.40553,0.317846,-1.6336
-0.271511,-0.257145,0.0447074;-1.53685,0.224495,-1.58214
-0.268388,-0.252765,0.0423317;-1.57078,0.116906,-1.57045
-0.268805,-0.252893,0.0423297;-1.57078,0.102465,-1.57084
-0.270619,-0.256144,0.0424121;-1.57334,0.169896,-1.56956
-0.283625,-0.283912,0.0511524;-1.52959,0.272443,-1.59433
-0.294164,-0.323947,0.0587986;-1.37202,0.331703,-1.64393
-0.293276,-0.310905,0.0530685;-1.44672,0.244699,-1.61738
-0.288649,-0.285555,0.0425918;-1.58275,0.143245,-1.56791
-0.286465,-0.283975,0.0423647;-1.56952,0.100224,-1.57115
-0.285316,-0.285947,0.0422872;-1.5718,0.193055,-1.57035
-0.290179,-0.291552,0.0444691;-1.59524,0.279676,-1.5616
-0.317793,-0.353653,0.0642041;-1.27178,0.445958,-1.68211
-0.323682,-0.354965,0.061293;-1.30687,0.380888,-1.67277
-0.319376,-0.332747,0.04873;-1.48741,0.304879,-1.60234
-0.313035,-0.318022,0.0424231;-1.56771,0.181386,-1.57136
-0.311945,-0.321795,0.0420668;-1.57871,0.270991,-1.56828
-0.316366,-0.325414,0.0436173;-1.59326,0.336986,-1.56251
-0.350988,-0.389004,0.0664148;-1.30691,0.495668,-1.68582
-0.358871,-0.39297,0.0600313;-1.32555,0.429047,-1.68099
-0.354015,-0.368638,0.0464556;-1.52177,0.332937,-1.59639
-0.349456,-0.359286,0.0423663;-1.5695,0.161243,-1.57101
-0.349019,-0.361899,0.0422434;-1.57623,0.236919,-1.56792
-0.353176,-0.366522,0.0425613;-1.5787,0.310804,-1.56924
-0.384098,-0.426708,0.0627822;-1.37194,0.492727,-1.6678
-0.391019,-0.432375,0.0574201;-1.36716,0.421073,-1.66116
-0.387514,-0.407611,0.0463752;-1.52295,0.316272,-1.59835
-0.381187,-0.396141,0.0423891;-1.56876,0.194648,-1.57121
-0.380753,-0.399749,0.0423026;-1.57147,0.307293,-1.57006
-0.382263,-0.401494,0.0423138;-1.57153,0.3677,-1.5706
-0.41123,-0.450737,0.0640066;-1.38676,0.568246,-1.67248
-0.419666,-0.45758,0.0571322;-1.35766,0.493267,-1.67914
-0.415425,-0.445557,0.0542559;-1.41483,0.462383,-1.65085
-0.402197,-0.421335,0.0423674;-1.56865,0.322672,-1.57153
-0.402342,-0.424283,0.0425193;-1.56488,0.379152,-1.57378
-0.402205,-0.425298,0.0423306;-1.57082,0.435358,-1.57064
-0.411295,-0.43309,0.0466344;-1.62817,0.517746,-1.54138
-0.451695,-0.484477,0.0621157;-1.25231,0.602063,-1.75077
-0.451996,-0.476747,0.0568857;-1.35974,0.544851,-1.68942
-0.441083,-0.454337,0.042666;-1.58963,0.448159,-1.56248
-0.439984,-0.452571,0.0423382;-1.5704,0.325424,-1.57117
-0.439748,-0.454267,0.0423045;-1.57226,0.392502,-1.56955
-0.442409,-0.456401,0.0424832;-1.57558,0.445626,-1.56725
-0.481201,-0.510831,0.0618413;-1.33554,0.620024,-1.71159
-0.488406,-0.511858,0.0571656;-1.36284,0.544194,-1.68953
-0.478333,-0.486443,0.0439956;-1.54563,0.44416,-1.58713
-0.474253,-0.481566,0.0423853;-1.56881,0.338981,-1.57149
-0.473439,-0.485096,0.0423409;-1.57008,0.455091,-1.57107
-0.474893,-0.486216,0.0424177;-1.57313,0.542687,-1.56818
-0.516475,-0.536321,0.0624936;-1.32324,0.733341,-1.73919
-0.524294,-0.539551,0.0578589;-1.3257,0.662557,-1.7299
-0.513142,-0.515594,0.0452874;-1.52252,0.56424,-1.60234
-0.506652,-0.50852,0.0424108;-1.56795,0.448342,-1.57214
-0.506371,-0.512954,0.0425525;-1.56245,0.548554,-1.57514
-0.50752,-0.513271,0.0424155;-1.57321,0.607985,-1.5678
-0.549808,-0.550347,0.0677276;-1.42159,0.790005,-1.67537
-0.565233,-0.564207,0.0628573;-1.20685,0.73386,-1.81638
-0.557786,-0.552959,0.0539788;-1.37892,0.692388,-1.69964
-0.542483,-0.535628,0.0424591;-1.56617,0.531827,-1.57318
-0.543157,-0.535814,0.0423871;-1.56863,0.530181,-1.57203
-0.543095,-0.536518,0.042328;-1.57075,0.5719,-1.57082
-0.574657,-0.561939,0.0577543;-1.49699,0.730939,-1.6286
-0.597767,-0.586312,0.0610742;-1.24031,0.758229,-1.80259
-0.599112,-0.581408,0.0569796;-1.34779,0.703444,-1.73076
-0.581962,-0.553749,0.0422671;-1.56996,0.491751,-1.57085
-0.583175,-0.553751,0.0423372;-1.57047,0.433708,-1.571
-0.583075,-0.555988,0.0424596;-1.56608,0.495961,-1.57301
-0.597505,-0.568468,0.0459969;-1.55018,0.660574,-1.59405
-0.620331,-0.596172,0.0601324;-1.39074,0.758688,-1.705
-0.631452,-0.608515,0.0581414;-1.31168,0.735009,-1.75261
-0.612206,-0.573916,0.0422721;-1.57769,0.555354,-1.56809
-0.610299,-0.57283,0.0424503;-1.56532,0.498322,-1.57332
-0.610443,-0.573169,0.0423557;-1.56979,0.515638,-1.57146
-0.615498,-0.577843,0.0436554;-1.59662,0.681715,-1.55211
-0.639362,-0.595551,0.0580736;-1.61717,0.796407,-1.5431
-0.663422,-0.618391,0.0669516;-1.22878,0.840884,-1.81293
-0.655612,-0.600771,0.0448779;-1.52312,0.718049,-1.60536
-0.648039,-0.595283,0.0422797;-1.57147,0.638905,-1.5693
-0.648469,-0.594019,0.0424086;-1.56769,0.594442,-1.57261
-0.652053,-0.598913,0.0426384;-1.58221,0.744638,-1.56125
-0.677628,-0.614186,0.0538992;-1.6391,0.84011,-1.52311
-0.707969,-0.638543,0.0642122;-1.20403,0.894561,-1.85529
-0.699102,-0.616282,0.0434387;-1.54965,0.745189,-1.58993
-0.693723,-0.613799,0.0423189;-1.57095,0.646059,-1.56925
-0.695211,-0.612908,0.0423736;-1.56908,0.579981,-1.57181
-0.697843,-0.616564,0.0423374;-1.57187,0.711546,-1.56999
-0.719359,-0.631075,0.0495085;-1.51505,0.81536,-1.62579
-0.746004,-0.655599,0.0616627;-1.32354,0.897028,-1.77222
-0.743281,-0.641943,0.048461;-1.48102,0.74528,-1.64564
-0.73115,-0.630612,0.0423082;-1.57145,0.662651,-1.56966
-0.731202,-0.630534,0.042427;-1.56687,0.629336,-1.57311
-0.730973,-0.633235,0.0423233;-1.57102,0.771647,-1.57046
-0.740425,-0.637141,0.0448417;-1.61198,0.867106,-1.53774
-0.770186,-0.654648,0.0608257;-1.42602,0.97502,-1.69733
-0.791173,-0.663965,0.0579895;-1.24145,0.912638,-1.83916
-0.772352,-0.644466,0.0431788;-1.53845,0.834037,-1.59594
-0.765656,-0.641624,0.0423471;-1.5696,0.766112,-1.57116
-0.764691,-0.646318,0.0425134;-1.56217,0.809728,-1.57645
-0.765266,-0.647209,0.0425926;-1.5765,0.804586,-1.56195
-0.781088,-0.655217,0.0510408;-1.68743,0.88777,-1.48105
-0.823151,-0.677776,0.0613138;-1.21554,0.941094,-1.85216
-0.811257,-0.660887,0.0521373;-1.39231,0.870605,-1.71887
-0.790969,-0.644998,0.0421766;-1.57131,0.791445,-1.57072
-0.789174,-0.646742,0.0424151;-1.57086,0.829217,-1.56788
-0.788311,-0.649239,0.0424338;-1.57089,0.842234,-1.56739
-0.790528,-0.653537,0.0433759;-1.58071,0.892725,-1.56193
-0.835217,-0.685457,0.0630733;-1.24479,1.05804,-1.856
-0.831103,-0.674343,0.0573638;-1.37387,0.99902,-1.74794
-0.805873,-0.656728,0.0421336;-1.5804,0.895898,-1.56309
-0.800743,-0.656323,0.0423859;-1.57082,0.907608,-1.56883
-0.800436,-0.661712,0.0424313;-1.57517,0.951483,-1.5612
-0.800667,-0.661668,0.0429746;-1.57728,0.986915,-1.55598
-0.845527,-0.683736,0.0680947;-1.20926,1.17864,-1.9031
-0.851821,-0.681819,0.0626763;-1.3031,1.11468,-1.80777
-0.821406,-0.662881,0.0443563;-1.5052,1.01257,-1.62911
-0.814122,-0.661588,0.0423264;-1.57125,0.97735,-1.57011
-0.815324,-0.669384,0.0424901;-1.55907,1.05474,-1.57998
-0.815381,-0.669128,0.0431582;-1.59699,1.06023,-1.54387
-0.815381,-0.669128,0.0431582;-1.59699,1.06023,-1.54387
-0.834548,-0.671665,0.0553304;-1.83783,1.15366,-1.32133
-0.834548,-0.671665,0.0553304;-1.83783,1.15366,-1.32133
