-0.125,0.125,0.06;-1.57,-2.98023e-08,-1.57
-0.125,0.125,0.06;-1.57,-2.98023e-08,-1.57
-0.125,0.125,0.06;-1.57,-2.98023e-08,-1.57
-0.124144,0.129208,0.042325;-1.57084,-0.24071,-1.57067
-0.124637,0.125825,0.0423927;-1.5726,-0.175061,-1.56942
-0.128601,0.0963976,0.0502165;-1.591,-0.0774072,-1.57529
-0.129686,0.0648641,0.0569396;-1.40251,-0.0435224,-1.57445
-0.135194,0.0920125,0.0422915;-1.57143,-0.230695,-1.56967
-0.135603,0.0923708,0.0424021;-1.56831,-0.275958,-1.5701
-0.13588,0.0921227,0.0423416;-1.57028,-0.273397,-1.57092
-0.134283,0.0907242,0.0423461;-1.57079,-0.165395,-1.57
-0.137292,0.0706284,0.0480499;-1.577,-0.0714653,-1.57403
-0.1382,0.0314299,0.060414;-1.38852,0.0280337,-1.58394
-0.144007,0.0387582,0.0517658;-1.47044,-0.0691798,-1.57931
-0.145311,0.0553967,0.0424071;-1.58403,-0.157177,-1.57177
-0.143804,0.05724,0.0424039;-1.56671,-0.224314,-1.56949
-0.143338,0.0541523,0.0423282;-1.57077,-0.162363,-1.57083
-0.146818,0.0359201,0.0454259;-1.57894,-0.0744314,-1.57499
-0.148283,-0.00303341,0.0584648;-1.4164,0.0285881,-1.58786
-0.149563,-0.0132994,0.0582165;-1.39223,0.015186,-1.58714
-0.154513,-0.000598439,0.0510518;-1.47585,-0.0791064,-1.57879
-0.156565,0.0186452,0.0422807;-1.57383,-0.181098,-1.57148
-0.156208,0.0188147,0.0423303;-1.57074,-0.200383,-1.57081
-0.156783,0.0161249,0.042333;-1.57154,-0.132506,-1.57028
-0.160936,-0.0113332,0.0495832;-1.54763,-0.0348168,-1.57996
-0.16123,-0.0414374,0.055924;-1.41598,0.00392501,-1.58429
-0.164697,-0.0298402,0.0477542;-1.51032,-0.0922949,-1.57669
-0.164405,-0.0167714,0.0424042;-1.56818,-0.238161,-1.57006
-0.164083,-0.0176594,0.0423758;-1.56919,-0.214113,-1.57053
-0.16363,-0.0178752,0.0423285;-1.57073,-0.16522,-1.5708
-0.168852,-0.060467,0.0559329;-1.47018,0.0174902,-1.58762
-0.168155,-0.0882365,0.0589763;-1.36548,0.0646759,-1.58676
-0.173482,-0.0824992,0.0550719;-1.43239,-0.020618,-1.5859
-0.177256,-0.0522303,0.0422876;-1.57028,-0.205414,-1.57049
-0.177334,-0.052336,0.0423305;-1.57067,-0.223046,-1.57091
-0.175272,-0.0547877,0.0424534;-1.56677,-0.14068,-1.57012
-0.180512,-0.0753666,0.0472504;-1.55304,0.0164951,-1.57999
-0.183233,-0.112809,0.0597407;-1.40838,0.115852,-1.60018
-0.185642,-0.123899,0.0583919;-1.38462,0.0933838,-1.59914
-0.190942,-0.0874537,0.0422855;-1.57017,-0.115128,-1.57063
-0.190508,-0.0868708,0.0424295;-1.56694,-0.160932,-1.57007
-0.190454,-0.0868555,0.0423329;-1.57056,-0.147756,-1.57088
-0.191578,-0.0935122,0.0428307;-1.5787,-0.0190213,-1.57158
-0.197312,-0.127119,0.0552879;-1.47896,0.0920269,-1.59332
-0.199271,-0.158618,0.0598593;-1.35114,0.150806,-1.60458
-0.20647,-0.128109,0.0428209;-1.55698,-0.0451496,-1.5718
-0.204468,-0.122407,0.0422817;-1.57007,-0.1158,-1.57065
-0.204835,-0.122297,0.0423518;-1.57004,-0.136363,-1.57084
-0.203543,-0.126903,0.0424141;-1.57195,0.0301234,-1.56863
-0.211699,-0.153293,0.0517486;-1.53747,0.134104,-1.58362
-0.217832,-0.190663,0.0605207;-1.35411,0.222701,-1.6228
-0.224868,-0.167619,0.0435505;-1.54894,0.0449015,-1.57547
-0.222041,-0.161155,0.0422848;-1.57163,-0.0324937,-1.56903
-0.222809,-0.161136,0.042381;-1.5691,-0.0640811,-1.57074
-0.221553,-0.166696,0.042439;-1.57232,0.105609,-1.56828
-0.232677,-0.193429,0.0519007;-1.54722,0.206407,-1.58291
-0.24253,-0.23019,0.0604319;-1.3378,0.294951,-1.64178
-0.248149,-0.208224,0.0461914;-1.5264,0.139162,-1.58496
-0.24367,-0.196873,0.0422558;-1.57032,0.0660099,-1.57073
-0.243648,-0.196332,0.0424343;-1.56742,0.0275509,-1.57101
-0.242967,-0.200464,0.0423298;-1.57082,0.159707,-1.57091
-0.253065,-0.21912,0.0474865;-1.5966,0.251553,-1.5657
-0.267295,-0.25583,0.0608471;-1.37815,0.346689,-1.64422
-0.271674,-0.25408,0.0553277;-1.41739,0.286856,-1.62745
-0.269099,-0.236339,0.0449067;-1.53453,0.198403,-1.58191
-0.265397,-0.229106,0.0423202;-1.57121,0.12508,-1.57078
-0.265356,-0.229381,0.0423297;-1.57076,0.134283,-1.57083
-0.267711,-0.232421,0.0425531;-1.5763,0.207642,-1.56752
-0.282628,-0.259699,0.0530405;-1.5751,0.309962,-1.57427
-0.296905,-0.295279,0.0609403;-1.32265,0.367295,-1.66109
-0.29817,-0.283833,0.0555952;-1.40761,0.292356,-1.62986
-0.293484,-0.259296,0.0428384;-1.58811,0.188128,-1.56593
-0.291236,-0.257029,0.0423367;-1.57044,0.140339,-1.57116
-0.290361,-0.258965,0.0423265;-1.57078,0.22774,-1.57035
-0.29604,-0.266202,0.0448767;-1.60094,0.296632,-1.55935
-0.327304,-0.328342,0.0639472;-1.26133,0.445268,-1.69961
-0.331258,-0.326264,0.0606103;-1.32098,0.391202,-1.67144
-0.327217,-0.302456,0.047905;-1.5009,0.301625,-1.59954
-0.32129,-0.28859,0.0423789;-1.56889,0.173236,-1.57086
-0.320197,-0.292615,0.0423026;-1.57338,0.270137,-1.57007
-0.324363,-0.296726,0.0434208;-1.58853,0.330138,-1.56388
-0.357674,-0.356949,0.0652447;-1.28623,0.506234,-1.6967
-0.36509,-0.359115,0.0611981;-1.30442,0.439683,-1.69202
-0.360147,-0.335698,0.0473816;-1.50848,0.355565,-1.60153
-0.352925,-0.322762,0.0423712;-1.56932,0.220409,-1.57106
-0.351433,-0.327467,0.0422714;-1.57239,0.327831,-1.56998
-0.356344,-0.331776,0.0433555;-1.59477,0.40265,-1.56267
-0.3925,-0.389586,0.0665448;-1.29976,0.575298,-1.70585
-0.401467,-0.394581,0.0609015;-1.29902,0.504805,-1.70984
-0.394741,-0.371796,0.0476367;-1.50105,0.42528,-1.60657
-0.386361,-0.358602,0.0423811;-1.56887,0.289272,-1.57122
-0.385415,-0.362671,0.0421303;-1.57713,0.396079,-1.5682
-0.388427,-0.365224,0.0423157;-1.57108,0.442273,-1.5707
-0.425357,-0.413499,0.0675318;-1.39147,0.616845,-1.67187
-0.436708,-0.422504,0.0593706;-1.3136,0.541989,-1.70949
-0.432432,-0.412659,0.0546971;-1.402,0.521688,-1.66379
-0.41982,-0.391009,0.0423976;-1.56717,0.374823,-1.57198
-0.419677,-0.394921,0.0425643;-1.56302,0.449069,-1.57463
-0.419416,-0.395553,0.0423185;-1.57133,0.507154,-1.57011
-0.429432,-0.403134,0.0461528;-1.62251,0.592658,-1.5407
-0.47105,-0.448571,0.0626147;-1.23347,0.680488,-1.78378
-0.470184,-0.441118,0.0570905;-1.34122,0.631284,-1.71366
-0.456353,-0.418536,0.0422403;-1.5949,0.544254,-1.5562
-0.453618,-0.416405,0.0423738;-1.56915,0.469524,-1.57166
-0.452898,-0.419097,0.0421388;-1.57914,0.566181,-1.56763
-0.456944,-0.421483,0.0431246;-1.58817,0.62853,-1.55897
-0.505246,-0.467046,0.0669319;-1.27183,0.78907,-1.77428
-0.514886,-0.468955,0.0604366;-1.26622,0.718546,-1.7811
-0.501418,-0.447673,0.0446968;-1.53276,0.643532,-1.59877
-0.495607,-0.442052,0.0423929;-1.56837,0.525298,-1.57215
-0.495983,-0.446595,0.0425011;-1.56393,0.628221,-1.57474
-0.499416,-0.447693,0.0427342;-1.58745,0.695993,-1.55983
-0.549857,-0.487061,0.067529;-1.29153,0.863368,-1.77763
-0.562126,-0.491279,0.0601534;-1.2432,0.787642,-1.80982
-0.548149,-0.471302,0.0454273;-1.5183,0.716056,-1.61033
-0.540618,-0.465367,0.0424103;-1.56767,0.603321,-1.5727
-0.541197,-0.469531,0.0424595;-1.56544,0.697715,-1.5741
-0.542769,-0.470008,0.042382;-1.57247,0.754825,-1.56853
-0.59124,-0.502456,0.0666654;-1.3434,0.929199,-1.75258
-0.607127,-0.511912,0.0625312;-1.16128,0.871184,-1.88986
-0.598814,-0.499591,0.0534791;-1.3673,0.828406,-1.72849
-0.581587,-0.483939,0.0424539;-1.56574,0.700819,-1.57451
-0.581801,-0.485001,0.0424728;-1.56503,0.739127,-1.57518
-0.581593,-0.487048,0.042319;-1.57127,0.825002,-1.57034
-0.61815,-0.504211,0.0589743;-1.61513,0.999061,-1.54037
-0.647921,-0.522274,0.0643498;-1.09766,1.00146,-1.96403
-0.651041,-0.519462,0.0599286;-1.17467,0.956165,-1.90292
-0.625076,-0.499297,0.0422552;-1.56896,0.830387,-1.57207
-0.625146,-0.499109,0.0424349;-1.56571,0.820709,-1.57475
-0.626085,-0.502883,0.0424757;-1.56294,0.915769,-1.57679
-0.646188,-0.508021,0.048867;-1.71276,1.07562,-1.44569
-0.678842,-0.521215,0.0656825;-1.30747,1.16401,-1.81507
-0.699221,-0.528574,0.0628231;-0.970337,1.08918,-2.11223
-0.668987,-0.507094,0.0424121;-1.59048,0.990272,-1.55412
-0.666995,-0.506662,0.0424683;-1.56418,0.93257,-1.57681
-0.667622,-0.506953,0.0424896;-1.56174,0.941476,-1.57828
-0.674081,-0.509293,0.0437941;-1.61509,1.08628,-1.53048
-0.704856,-0.517101,0.0580358;-1.68294,1.19013,-1.47297
-0.738937,-0.528754,0.0659839;-0.917062,1.18274,-2.1732
-0.723061,-0.511673,0.0442679;-1.51162,1.0868,-1.62643
-0.715497,-0.51059,0.0423273;-1.57114,1.00983,-1.57026
-0.715353,-0.509649,0.042392;-1.56714,0.977024,-1.57407
-0.720024,-0.513357,0.0428147;-1.59791,1.15536,-1.54466
-0.748013,-0.517232,0.0538265;-1.80747,1.24993,-1.35028
-0.783537,-0.525794,0.0670812;-0.878107,1.27959,-2.23432
-0.77316,-0.512242,0.044531;-1.49707,1.17612,-1.6441
-0.766023,-0.511989,0.0423268;-1.57094,1.09054,-1.57067
-0.765773,-0.510903,0.0423986;-1.56559,1.05166,-1.57541
-0.770522,-0.513946,0.0425456;-1.59077,1.21539,-1.55173
-0.797904,-0.516203,0.0525279;-1.85673,1.29999,-1.29859
-0.834896,-0.522679,0.0662492;-0.751028,1.32267,-2.36984
-0.832352,-0.51409,0.0512134;-1.21475,1.25593,-1.91848
-0.813155,-0.510109,0.0423328;-1.55682,1.17477,-1.58316
-0.812007,-0.509237,0.0424254;-1.56374,1.1167,-1.57712
-0.813439,-0.510768,0.0423288;-1.57066,1.19089,-1.57082
-0.823533,-0.510185,0.0454928;-1.68899,1.26052,-1.45711
-0.857027,-0.514371,0.0619766;-1.37709,1.36498,-1.76658
-0.867896,-0.514937,0.0572059;-0.893753,1.25544,-2.23045
-0.845086,-0.505005,0.0428834;-1.52864,1.21687,-1.61087
-0.839034,-0.505378,0.0423235;-1.5711,1.13719,-1.57046
-0.840761,-0.508203,0.0424063;-1.56345,1.21861,-1.57763
-0.842106,-0.507643,0.0424377;-1.57875,1.2802,-1.56144
-0.865478,-0.506954,0.0510697;-1.94629,1.36854,-1.2045
-0.880286,-0.513012,0.0669893;-1.07051,1.44992,-2.06954
-0.872278,-0.507168,0.0526583;-1.15554,1.33484,-1.9855
-0.858968,-0.504414,0.042083;-1.55999,1.25211,-1.581
-0.857982,-0.50511,0.0423778;-1.56494,1.24477,-1.5763
-0.859184,-0.506362,0.0423151;-1.57228,1.31226,-1.5691
-0.866926,-0.504716,0.0448339;-1.72859,1.37907,-1.41443
-0.886355,-0.516536,0.0645128;-0.16408,1.52227,-2.9865
-0.881672,-0.511188,0.0618828;-1.14274,1.48347,-2.00402
-0.869418,-0.507342,0.0427135;-1.64778,1.36686,-1.497
-0.864904,-0.50747,0.0424683;-1.57045,1.25991,-1.57554
-0.864569,-0.50685,0.0423324;-1.57167,1.27822,-1.57069
-0.86524,-0.506695,0.0427001;-1.55602,1.2972,-1.59288
-0.883353,-0.52735,0.0545145;-0.5486,1.4538,-2.61757
-0.878484,-0.524531,0.0550831;-0.812842,1.42327,-2.35078
-0.864653,-0.518309,0.0428818;-1.6003,1.33466,-1.55594
-0.858735,-0.518561,0.0424697;-1.57041,1.21222,-1.57557
-0.858608,-0.517984,0.0423601;-1.57059,1.24066,-1.57214
-0.861328,-0.513942,0.0434476;-1.65785,1.29288,-1.49089
-0.861328,-0.513942,0.0434476;-1.65785,1.29288,-1.49089
-0.878992,-0.517071,0.0498005;-1.65232,1.39079,-1.51398
-0.878992,-0.517071,0.0498005;-1.65232,1.39079,-1.51398
