-0.125,0.125,0.06;-1.57,-2.98023e-08,-1.57
-0.125,0.125,0.06;-1.57,-2.98023e-08,-1.57
-0.125,0.125,0.06;-1.57,-2.98023e-08,-1.57
-0.124026,0.134261,0.0423184;-1.5708,-0.21712,-1.57054
-0.124743,0.130291,0.0424294;-1.57328,-0.151396,-1.56982
-0.12841,0.102461,0.0512893;-1.6362,-0.054907,-1.57485
-0.129401,0.068019,0.0581481;-1.37584,-0.01844,-1.57047
-0.134363,0.100468,0.0422276;-1.57136,-0.198765,-1.56952
-0.135175,0.101539,0.0424395;-1.56709,-0.243977,-1.57004
-0.135154,0.101626,0.0423364;-1.57032,-0.239829,-1.57109
-0.133125,0.0986448,0.0423514;-1.57087,-0.112541,-1.56975
-0.137952,0.0793421,0.0493731;-1.63014,-0.0205824,-1.56997
-0.141311,0.042263,0.0654979;-1.43418,0.076062,-1.58095
-0.146027,0.0437083,0.0534239;-1.44301,-0.0124057,-1.57913
-0.146396,0.0637894,0.0426416;-1.58508,-0.098671,-1.57225
-0.145062,0.0659797,0.0424344;-1.56775,-0.166949,-1.57052
-0.144663,0.0623289,0.0423291;-1.57072,-0.0993768,-1.57076
-0.149313,0.0443944,0.0469862;-1.61839,-0.0155574,-1.56975
-0.154522,0.0068314,0.0632458;-1.45819,0.0841523,-1.58441
-0.156901,-0.01013,0.0600298;-1.34906,0.0736468,-1.58802
-0.161711,0.0043057,0.0528817;-1.4458,-0.016387,-1.57906
-0.162451,0.0282257,0.0421838;-1.57475,-0.1115,-1.57022
-0.162141,0.0286212,0.0423312;-1.57061,-0.135022,-1.57094
-0.162643,0.0260085,0.0424645;-1.5757,-0.07061,-1.56931
-0.169112,-0.000283812,0.0514782;-1.61917,0.0238301,-1.57061
-0.172609,-0.0316699,0.0581153;-1.38984,0.0558425,-1.58845
-0.176503,-0.0219121,0.0496806;-1.48152,-0.0189209,-1.57718
-0.176327,-0.00655976,0.0424569;-1.56674,-0.161883,-1.57022
-0.175714,-0.00758146,0.0423925;-1.56878,-0.129897,-1.57073
-0.175171,-0.00834633,0.0423287;-1.57069,-0.0715368,-1.5708
-0.185947,-0.0503276,0.0596469;-1.53171,0.103871,-1.58142
-0.189323,-0.0823265,0.0609977;-1.32225,0.142807,-1.60254
-0.192382,-0.0762671,0.0570236;-1.39472,0.0767699,-1.5937
-0.193106,-0.0413017,0.0422507;-1.56838,-0.104805,-1.57114
-0.193705,-0.0408431,0.0423357;-1.57051,-0.135406,-1.57097
-0.191805,-0.0437146,0.0424438;-1.56748,-0.0531365,-1.57095
-0.199845,-0.0648088,0.0489608;-1.60939,0.0995708,-1.56683
-0.207477,-0.10195,0.0637549;-1.41485,0.194516,-1.60401
-0.210837,-0.11697,0.0600531;-1.34344,0.174574,-1.61296
-0.211134,-0.07609,0.0419792;-1.56792,-0.0105208,-1.57202
-0.210716,-0.074865,0.0424614;-1.56594,-0.0628605,-1.57042
-0.210681,-0.0752171,0.0424036;-1.56834,-0.0470227,-1.57084
-0.213382,-0.0819707,0.0435998;-1.58604,0.0798444,-1.56716
-0.223769,-0.114184,0.0579384;-1.52967,0.183527,-1.58537
-0.230433,-0.147827,0.0619061;-1.33384,0.236691,-1.62264
-0.234369,-0.116259,0.0429306;-1.55301,0.0582058,-1.57311
-0.232491,-0.110676,0.0423097;-1.57095,-0.0174069,-1.57072
-0.233323,-0.110187,0.0423805;-1.56907,-0.0519456,-1.57084
-0.232564,-0.115034,0.0425305;-1.57492,0.10971,-1.56755
-0.243852,-0.141659,0.0526055;-1.5787,0.20665,-1.57278
-0.253752,-0.178462,0.0628407;-1.36142,0.293226,-1.6305
-0.258357,-0.157517,0.0433301;-1.55062,0.124472,-1.57624
-0.255824,-0.152277,0.0423202;-1.5709,0.0483832,-1.56998
-0.256654,-0.151865,0.0424261;-1.56766,0.0150881,-1.57102
-0.25646,-0.156436,0.0425219;-1.57529,0.185182,-1.56713
-0.269497,-0.182443,0.0522409;-1.58068,0.28064,-1.5717
-0.281636,-0.219274,0.063031;-1.36348,0.365807,-1.64418
-0.284614,-0.200629,0.0459749;-1.52676,0.222217,-1.58761
-0.27941,-0.189419,0.042327;-1.57077,0.147826,-1.57085
-0.279654,-0.188771,0.0424435;-1.56706,0.112229,-1.57112
-0.278923,-0.192321,0.0423278;-1.57079,0.245994,-1.57096
-0.290371,-0.209958,0.0475527;-1.60026,0.335264,-1.56256
-0.306592,-0.245027,0.0620839;-1.41055,0.430464,-1.64466
-0.310853,-0.245218,0.0551332;-1.41869,0.363012,-1.63962
-0.306008,-0.226519,0.0446225;-1.53823,0.274432,-1.58397
-0.301746,-0.22015,0.0423209;-1.57102,0.195819,-1.57084
-0.301865,-0.220223,0.0423314;-1.57074,0.206483,-1.57087
-0.30477,-0.223344,0.0424794;-1.57514,0.276526,-1.56849
-0.320497,-0.249781,0.0526924;-1.56868,0.377437,-1.57818
-0.336326,-0.288686,0.0597601;-1.33823,0.430744,-1.67265
-0.336227,-0.276719,0.0542574;-1.42671,0.347511,-1.63432
-0.328947,-0.251544,0.0426805;-1.58353,0.246076,-1.56569
-0.32735,-0.249821,0.0423367;-1.57032,0.192634,-1.571
-0.32669,-0.251169,0.0423304;-1.57079,0.272852,-1.57079
-0.332511,-0.257804,0.0440027;-1.58992,0.341792,-1.56283
-0.36454,-0.320753,0.0624528;-1.31318,0.502418,-1.69012
-0.369375,-0.320579,0.0590087;-1.34467,0.433807,-1.67299
-0.36396,-0.295004,0.0469481;-1.51331,0.333576,-1.59773
-0.359095,-0.284419,0.0424438;-1.56708,0.217312,-1.57151
-0.358321,-0.288208,0.042289;-1.57237,0.32356,-1.56919
-0.362302,-0.29159,0.0429438;-1.57973,0.391911,-1.56433
-0.399069,-0.351543,0.0625568;-1.32143,0.571242,-1.70368
-0.405948,-0.35609,0.0591415;-1.3305,0.507448,-1.69337
-0.399856,-0.332042,0.046815;-1.51411,0.410418,-1.60208
-0.393173,-0.320618,0.0424239;-1.56759,0.287147,-1.57179
-0.393045,-0.324146,0.0423181;-1.57162,0.384494,-1.56985
-0.397176,-0.327487,0.0429591;-1.58107,0.452683,-1.56397
-0.437622,-0.385569,0.0625451;-1.31262,0.630105,-1.72159
-0.444797,-0.389152,0.05908;-1.32258,0.565519,-1.70906
-0.437304,-0.365077,0.0468907;-1.51259,0.46995,-1.6061
-0.429476,-0.353927,0.0424225;-1.5676,0.348175,-1.57206
-0.429547,-0.357028,0.0423166;-1.57172,0.449218,-1.56921
-0.430877,-0.357829,0.0423267;-1.57104,0.490545,-1.57073
-0.471148,-0.405187,0.0631737;-1.3728,0.672166,-1.69945
-0.479557,-0.410677,0.0559788;-1.36259,0.602749,-1.69774
-0.47274,-0.397836,0.0526465;-1.44001,0.569317,-1.65771
-0.458735,-0.379634,0.0423784;-1.56857,0.422359,-1.57179
-0.458684,-0.381856,0.0424706;-1.56614,0.484365,-1.57345
-0.458576,-0.382293,0.0423292;-1.57071,0.542319,-1.57082
-0.469362,-0.389858,0.0446962;-1.59047,0.631184,-1.55995
-0.509891,-0.433309,0.0590937;-1.28805,0.738837,-1.76642
-0.507093,-0.423552,0.054149;-1.4012,0.660905,-1.69007
-0.492611,-0.401079,0.0423204;-1.58572,0.565059,-1.56208
-0.490632,-0.399461,0.0423281;-1.57081,0.491564,-1.57126
-0.490092,-0.401669,0.0423217;-1.57166,0.58257,-1.56912
-0.493086,-0.403293,0.0425654;-1.579,0.644512,-1.56439
-0.542338,-0.450217,0.0630773;-1.29939,0.814023,-1.77004
-0.549448,-0.451984,0.0572765;-1.31808,0.744689,-1.75089
-0.534782,-0.429324,0.044444;-1.53546,0.649798,-1.597
-0.529418,-0.424639,0.0424063;-1.56793,0.542243,-1.57227
-0.529563,-0.428522,0.0423367;-1.56997,0.645588,-1.57115
-0.532531,-0.42951,0.0424751;-1.57471,0.708649,-1.56619
-0.5851,-0.471695,0.0627083;-1.28324,0.879693,-1.79595
-0.593363,-0.474428,0.0574337;-1.29657,0.812247,-1.77774
-0.577553,-0.453373,0.0446965;-1.53048,0.72127,-1.60299
-0.570067,-0.447206,0.0424134;-1.56738,0.604743,-1.57275
-0.570918,-0.450643,0.0424438;-1.56574,0.691486,-1.5738
-0.572097,-0.45106,0.0423332;-1.57132,0.751781,-1.56999
-0.62264,-0.485779,0.0620587;-1.31337,0.930901,-1.78459
-0.634209,-0.493148,0.0584116;-1.25337,0.896179,-1.82728
-0.622726,-0.477867,0.0511336;-1.43063,0.811128,-1.68773
-0.606317,-0.46319,0.042465;-1.56513,0.684281,-1.5744
-0.606276,-0.463841,0.0423319;-1.5705,0.71262,-1.57119
-0.60627,-0.465003,0.0423278;-1.57086,0.771689,-1.57078
-0.641457,-0.484292,0.0563727;-1.45726,0.941756,-1.67433
-0.666892,-0.503549,0.0618921;-1.22041,0.973831,-1.86459
-0.669195,-0.500486,0.0569372;-1.28768,0.914807,-1.80829
-0.64335,-0.476016,0.042328;-1.57154,0.745389,-1.57037
-0.643761,-0.475647,0.042386;-1.56833,0.718468,-1.57248
-0.644709,-0.478366,0.0424389;-1.56613,0.79856,-1.57438
-0.663753,-0.485844,0.0472357;-1.58583,0.955197,-1.56252
-0.69678,-0.505004,0.0614354;-1.29809,1.03876,-1.81504
-0.710485,-0.51383,0.0587154;-1.18565,1.01534,-1.90607
-0.682468,-0.487107,0.0423967;-1.58348,0.848303,-1.56158
-0.681602,-0.48733,0.042467;-1.56441,0.79519,-1.5752
-0.681637,-0.487364,0.0423346;-1.57051,0.80217,-1.57129
-0.686954,-0.48992,0.0428591;-1.58579,0.936963,-1.55859
-0.717655,-0.503234,0.055826;-1.4593,1.0394,-1.67733
-0.746023,-0.520759,0.0628057;-1.16132,1.07789,-1.93528
-0.729228,-0.501001,0.0439021;-1.52865,0.927543,-1.60834
-0.722597,-0.498462,0.0423217;-1.57115,0.857523,-1.57045
-0.722775,-0.497989,0.0423933;-1.56764,0.832231,-1.57326
-0.726132,-0.501573,0.0424732;-1.57599,1.01674,-1.56401
-0.755054,-0.509929,0.0524899;-1.50825,1.11639,-1.63491
-0.789494,-0.525815,0.0624298;-1.0898,1.16849,-2.01947
-0.775896,-0.508853,0.0439867;-1.51903,1.02563,-1.62011
-0.769225,-0.507786,0.0423259;-1.57104,0.94482,-1.57069
-0.769414,-0.507235,0.042401;-1.56701,0.91117,-1.57381
-0.77246,-0.51022,0.0423517;-1.57265,1.07734,-1.56841
-0.79904,-0.515564,0.0511089;-1.5371,1.1761,-1.60926
-0.834433,-0.528534,0.0626919;-1.05477,1.22864,-2.06513
-0.827196,-0.517294,0.049025;-1.40371,1.10829,-1.73296
-0.811208,-0.510711,0.0422316;-1.56834,1.02105,-1.5728
-0.810289,-0.510571,0.0423626;-1.57091,0.995773,-1.56957
-0.811518,-0.513942,0.0423363;-1.5714,1.01789,-1.56954
-0.816428,-0.517422,0.0441129;-1.60083,1.06933,-1.54471
-0.846687,-0.528862,0.0597316;-1.35533,1.18054,-1.7816
-0.849977,-0.528004,0.0593542;-1.33385,1.14873,-1.79945
-0.828444,-0.516969,0.0425349;-1.58437,1.05583,-1.55816
-0.825257,-0.517073,0.0423298;-1.57113,1.01039,-1.57028
-0.824436,-0.522171,0.0424014;-1.56555,1.07548,-1.57516
-0.824342,-0.523143,0.0423652;-1.57178,1.08134,-1.56856
-0.840938,-0.527267,0.0500214;-1.57352,1.18531,-1.57288
-0.866815,-0.537467,0.0632192;-1.16789,1.25254,-1.96242
-0.849461,-0.528917,0.0521967;-1.37131,1.16342,-1.76909
-0.835031,-0.523854,0.0422561;-1.56803,1.07731,-1.57319
-0.833951,-0.524436,0.0423525;-1.5688,1.11406,-1.57246
-0.834376,-0.526894,0.0423352;-1.57001,1.11968,-1.57133
-0.838069,-0.527203,0.0429589;-1.59467,1.17155,-1.55055
-0.873691,-0.543698,0.0612416;-0.933181,1.30954,-2.19922
-0.866318,-0.536236,0.0595566;-1.29002,1.25898,-1.8475
-0.844014,-0.526213,0.0423107;-1.59673,1.15776,-1.54516
-0.838759,-0.526662,0.0423297;-1.57067,1.12336,-1.57094
-0.840857,-0.530915,0.0422992;-1.58184,1.21996,-1.55766
-0.843429,-0.53045,0.0424007;-1.57982,1.27758,-1.5619
-0.880834,-0.541004,0.0614607;-0.673137,1.4258,-2.47309
-0.876324,-0.535143,0.0586476;-1.06758,1.39089,-2.08241
-0.860171,-0.527139,0.0424986;-1.56958,1.29574,-1.57696
-0.85415,-0.528389,0.0423301;-1.57061,1.19811,-1.57096
-0.855803,-0.525003,0.0423627;-1.57192,1.27869,-1.57133
-0.860432,-0.517323,0.0442355;-1.72381,1.3609,-1.42342
-0.860432,-0.517323,0.0442355;-1.72381,1.3609,-1.42342
-0.882537,-0.518623,0.049898;-1.58525,1.44539,-1.5653
-0.882537,-0.518623,0.049898;-1.58525,1.44539,-1.5653
