-0.125,0.125,0.06;-1.57,-2.98023e-08,-1.57
-0.125,0.125,0.06;-1.57,-2.98023e-08,-1.57
-0.125,0.125,0.06;-1.57,-2.98023e-08,-1.57
-0.124289,0.129122,0.0422993;-1.57123,-0.257148,-1.57024
-0.124795,0.12554,0.0423614;-1.57155,-0.203675,-1.57005
-0.127476,0.0965675,0.0495723;-1.57064,-0.107147,-1.57644
-0.126655,0.0657137,0.0555925;-1.4254,-0.0817984,-1.57396
-0.133244,0.0900428,0.0423112;-1.57142,-0.278986,-1.57023
-0.133365,0.0897551,0.0424056;-1.5681,-0.323094,-1.56995
-0.133377,0.0896946,0.0423497;-1.56965,-0.317514,-1.57091
-0.131567,0.0882505,0.042319;-1.57113,-0.203513,-1.57053
-0.133636,0.0682187,0.0468923;-1.55103,-0.103313,-1.57844
-0.131987,0.0309571,0.0602501;-1.4259,-0.0032262,-1.57997
-0.136639,0.0359802,0.0513236;-1.47865,-0.105132,-1.57875
-0.137768,0.0542503,0.0423681;-1.58482,-0.186756,-1.57256
-0.136375,0.0561563,0.0424168;-1.56725,-0.245865,-1.56996
-0.135637,0.052635,0.0423265;-1.57081,-0.141781,-1.57096
-0.138544,0.0370037,0.0455017;-1.58745,-0.0460383,-1.57484
-0.141244,-0.000208677,0.0604876;-1.44722,0.0572222,-1.58771
-0.14335,-0.0144732,0.059094;-1.37178,0.0392884,-1.58599
-0.147235,-0.000982846,0.0523732;-1.45435,-0.0428394,-1.57767
-0.14877,0.0204611,0.042272;-1.57348,-0.14027,-1.57104
-0.148487,0.0207817,0.0423303;-1.57063,-0.157067,-1.57086
-0.149547,0.0178608,0.0424306;-1.57272,-0.0855555,-1.56913
-0.155186,-0.00754732,0.0516061;-1.63319,0.0137127,-1.57107
-0.15828,-0.0357627,0.0593921;-1.38362,0.0562851,-1.58273
-0.162436,-0.0272028,0.0512305;-1.46002,-0.0137265,-1.57629
-0.162357,-0.010635,0.0424508;-1.56685,-0.162556,-1.57021
-0.161716,-0.0116954,0.0425293;-1.56444,-0.12951,-1.57012
-0.160628,-0.0120733,0.0423298;-1.57077,-0.06513,-1.5708
-0.17083,-0.0503489,0.0604882;-1.60684,0.118546,-1.57372
-0.174833,-0.081884,0.0650414;-1.33347,0.157029,-1.5942
-0.178857,-0.0825199,0.059162;-1.35459,0.100364,-1.5956
-0.177087,-0.0493584,0.0423112;-1.57091,-0.0634852,-1.57046
-0.177739,-0.0489681,0.0424302;-1.56751,-0.0848614,-1.57069
-0.175554,-0.0525793,0.0424439;-1.5675,0.00515758,-1.57111
-0.183909,-0.0726088,0.0498421;-1.64955,0.156969,-1.55914
-0.192458,-0.105406,0.0671341;-1.47572,0.253389,-1.59483
-0.198593,-0.125921,0.0626927;-1.30134,0.223466,-1.62947
-0.195879,-0.0904891,0.0420508;-1.57006,0.0686003,-1.57131
-0.195618,-0.089258,0.0424615;-1.5654,0.0213651,-1.57097
-0.195511,-0.0900813,0.0425408;-1.56426,0.037299,-1.57129
-0.198147,-0.0959967,0.0441117;-1.59454,0.149864,-1.56601
-0.209824,-0.125586,0.0590084;-1.60749,0.252186,-1.56744
-0.220041,-0.159757,0.0651626;-1.31568,0.296777,-1.63367
-0.221463,-0.131411,0.0429749;-1.55173,0.147068,-1.5752
-0.217769,-0.12499,0.0423219;-1.57094,0.0784688,-1.57046
-0.218884,-0.124214,0.0423904;-1.56887,0.0375807,-1.57112
-0.2188,-0.129104,0.0426109;-1.57853,0.188855,-1.56749
-0.231786,-0.154266,0.0532739;-1.62996,0.283641,-1.55644
-0.244556,-0.190614,0.0649298;-1.34137,0.361086,-1.64707
-0.247083,-0.16824,0.043396;-1.55301,0.207725,-1.57758
-0.243379,-0.162673,0.0423055;-1.57106,0.121564,-1.56918
-0.244584,-0.161693,0.0423945;-1.56869,0.0732319,-1.57126
-0.245561,-0.166982,0.0424648;-1.57369,0.220364,-1.56791
-0.260013,-0.193185,0.0521038;-1.57365,0.317251,-1.57462
-0.27417,-0.230186,0.0607662;-1.32713,0.3956,-1.66631
-0.27805,-0.207449,0.0451842;-1.5378,0.236507,-1.58536
-0.273909,-0.198499,0.0423125;-1.57062,0.142634,-1.57063
-0.274468,-0.198587,0.0423903;-1.5688,0.0859831,-1.571
-0.274207,-0.201214,0.042329;-1.57068,0.186703,-1.57081
-0.283951,-0.218324,0.0464223;-1.56102,0.279791,-1.58306
-0.297215,-0.253949,0.0600986;-1.42841,0.376975,-1.63473
-0.301805,-0.253918,0.0538291;-1.4473,0.299107,-1.62686
-0.299324,-0.236283,0.0437054;-1.55019,0.204418,-1.57964
-0.296375,-0.231767,0.0423233;-1.57121,0.124965,-1.57076
-0.296173,-0.232003,0.0423295;-1.57078,0.13427,-1.57081
-0.297468,-0.236197,0.0423509;-1.57214,0.230244,-1.57044
-0.309896,-0.262097,0.0506924;-1.52484,0.337731,-1.59973
-0.320979,-0.30127,0.0594617;-1.34872,0.387446,-1.66027
-0.322684,-0.290444,0.0544104;-1.42744,0.300566,-1.62827
-0.318054,-0.266467,0.0427984;-1.58616,0.196928,-1.56576
-0.316334,-0.265121,0.042336;-1.57046,0.135338,-1.57101
-0.315454,-0.266666,0.0423162;-1.57107,0.219888,-1.57023
-0.321509,-0.274355,0.0444892;-1.59558,0.290629,-1.56092
-0.350949,-0.336871,0.0632092;-1.2729,0.445407,-1.6939
-0.354985,-0.335709,0.0599936;-1.33122,0.385965,-1.66683
-0.351902,-0.312028,0.0478023;-1.50191,0.290475,-1.59804
-0.345973,-0.29858,0.0423895;-1.56859,0.15704,-1.571
-0.345198,-0.302542,0.0423242;-1.57065,0.246251,-1.56867
-0.348836,-0.306613,0.0431896;-1.58309,0.305822,-1.56465
-0.382126,-0.371373,0.0614307;-1.29197,0.47669,-1.69852
-0.386928,-0.372762,0.058911;-1.34768,0.420513,-1.67033
-0.382476,-0.347831,0.0465552;-1.51634,0.321443,-1.59856
-0.376108,-0.336953,0.0423886;-1.56875,0.168622,-1.57111
-0.376117,-0.340362,0.0423077;-1.57056,0.250177,-1.56994
-0.380383,-0.345375,0.0426376;-1.5778,0.318444,-1.56816
-0.412587,-0.40879,0.0604479;-1.33028,0.496006,-1.68892
-0.419702,-0.410063,0.0585162;-1.35284,0.427005,-1.66825
-0.414953,-0.385307,0.0460025;-1.52611,0.32905,-1.59605
-0.409784,-0.374825,0.0423933;-1.56861,0.209386,-1.5713
-0.40997,-0.377725,0.0423157;-1.57106,0.309523,-1.57049
-0.411043,-0.379626,0.0423268;-1.57118,0.361492,-1.57055
-0.442091,-0.431537,0.0620489;-1.40057,0.549921,-1.66795
-0.449913,-0.437525,0.055177;-1.39635,0.475109,-1.66181
-0.4453,-0.424242,0.0519835;-1.46125,0.438609,-1.63546
-0.433218,-0.40524,0.0424088;-1.56743,0.299325,-1.57135
-0.432737,-0.407861,0.0424593;-1.5666,0.365346,-1.57262
-0.432313,-0.408326,0.0423208;-1.57065,0.426264,-1.57104
-0.441513,-0.416794,0.044688;-1.58855,0.523832,-1.56197
-0.474863,-0.46351,0.0611426;-1.27393,0.630398,-1.74806
-0.474272,-0.453075,0.0560804;-1.37718,0.556244,-1.68443
-0.463847,-0.429017,0.0422584;-1.59341,0.457249,-1.55777
-0.461223,-0.426848,0.0423416;-1.5703,0.403064,-1.57136
-0.460819,-0.430054,0.042322;-1.57121,0.504697,-1.57096
-0.464604,-0.432593,0.0430081;-1.58384,0.567405,-1.56175
-0.513196,-0.483857,0.0635861;-1.24102,0.721582,-1.78475
-0.517488,-0.481626,0.0587057;-1.31527,0.666737,-1.73898
-0.504638,-0.458541,0.0448911;-1.52774,0.578349,-1.60004
-0.497657,-0.451123,0.0423848;-1.56878,0.449742,-1.57179
-0.49785,-0.454658,0.0423305;-1.57075,0.537446,-1.57096
-0.500346,-0.456156,0.0425695;-1.5776,0.601643,-1.56379
-0.550791,-0.50456,0.0613792;-1.26758,0.763755,-1.78513
-0.557151,-0.50315,0.0579728;-1.32176,0.699719,-1.74357
-0.543001,-0.480259,0.0444449;-1.53848,0.60939,-1.5956
-0.537241,-0.475493,0.0423837;-1.56869,0.510518,-1.5719
-0.537044,-0.478803,0.0424172;-1.568,0.598567,-1.57172
-0.537516,-0.479447,0.0423261;-1.57093,0.662897,-1.57052
-0.585483,-0.520608,0.0606398;-1.33119,0.842329,-1.75959
-0.596053,-0.527933,0.0581608;-1.2977,0.805525,-1.77785
-0.586855,-0.512044,0.0504593;-1.4571,0.712433,-1.66171
-0.573828,-0.497095,0.0424126;-1.56751,0.558229,-1.57236
-0.573694,-0.497445,0.0423505;-1.56976,0.57426,-1.5716
-0.573528,-0.498439,0.0423261;-1.5709,0.632989,-1.57084
-0.603326,-0.522824,0.0553258;-1.45365,0.826223,-1.67074
-0.623893,-0.545193,0.061548;-1.2678,0.862644,-1.8057
-0.627171,-0.541508,0.0570414;-1.32764,0.795061,-1.75933
-0.608553,-0.516377,0.0423264;-1.5709,0.603473,-1.57071
-0.608649,-0.516255,0.0423741;-1.56906,0.581856,-1.57175
-0.609152,-0.519696,0.0424301;-1.56685,0.669052,-1.57353
-0.626848,-0.529701,0.0476616;-1.60952,0.846838,-1.54281
-0.655559,-0.551129,0.0624525;-1.30282,0.9384,-1.79169
-0.668302,-0.55983,0.061638;-1.17008,0.904875,-1.89131
-0.644111,-0.530706,0.0425618;-1.58483,0.747547,-1.55969
-0.642121,-0.529907,0.0424754;-1.56499,0.683691,-1.57457
-0.642397,-0.529731,0.0423491;-1.57005,0.684078,-1.57157
-0.64715,-0.532837,0.0438144;-1.60016,0.812323,-1.54752
-0.672154,-0.546934,0.0582795;-1.65084,0.923328,-1.51291
-0.698542,-0.567017,0.0675077;-1.1925,0.965172,-1.87048
-0.689544,-0.550292,0.0447007;-1.52124,0.838764,-1.61103
-0.682207,-0.546245,0.0422987;-1.5705,0.769839,-1.57053
-0.682433,-0.545284,0.0424092;-1.56737,0.742833,-1.57328
-0.686659,-0.55031,0.0428296;-1.58925,0.915281,-1.55479
-0.711463,-0.559862,0.0541625;-1.74836,1.00421,-1.42496
-0.741061,-0.576808,0.0692801;-1.27234,1.08164,-1.82901
-0.738176,-0.565251,0.0448769;-1.5157,0.936121,-1.62043
-0.73093,-0.562143,0.0423334;-1.57056,0.850365,-1.56953
-0.731585,-0.560791,0.042438;-1.5658,0.804682,-1.57463
-0.735592,-0.565098,0.0425034;-1.58035,0.949978,-1.56287
-0.759123,-0.573193,0.0525275;-1.75051,1.0392,-1.41986
-0.789777,-0.588549,0.0686953;-1.27683,1.11899,-1.83267
-0.794801,-0.582762,0.0515176;-1.35684,1.00511,-1.7585
-0.778315,-0.574446,0.0423175;-1.56899,0.923637,-1.57175
-0.777855,-0.573874,0.0424783;-1.5639,0.886956,-1.57651
-0.778914,-0.576577,0.042329;-1.57068,0.986174,-1.57087
-0.788417,-0.577762,0.0457066;-1.65508,1.05795,-1.49706
-0.819074,-0.588637,0.0625689;-1.60049,1.16362,-1.55032
-0.847194,-0.595828,0.0577733;-1.14794,1.08847,-1.94977
-0.823595,-0.579083,0.0426421;-1.55133,1.01559,-1.58674
-0.817503,-0.577286,0.0422972;-1.571,0.96715,-1.57034
-0.816839,-0.583333,0.0424142;-1.56471,1.04107,-1.57596
-0.81721,-0.584592,0.0425091;-1.57518,1.04643,-1.5633
-0.833788,-0.589204,0.0516139;-1.76066,1.13371,-1.39841
-0.861318,-0.600995,0.0686981;-1.22037,1.22576,-1.89406
-0.843597,-0.590378,0.0535047;-1.34006,1.12275,-1.78739
-0.828612,-0.583554,0.0421627;-1.56575,1.03937,-1.57445
-0.82692,-0.584322,0.0423401;-1.56986,1.0582,-1.5714
-0.826963,-0.587149,0.0422923;-1.57248,1.07041,-1.5696
-0.830341,-0.588431,0.0447136;-1.63211,1.11193,-1.51241
-0.870897,-0.606018,0.0690219;-1.08968,1.28088,-2.02112
-0.860281,-0.597573,0.0651039;-1.36848,1.22445,-1.7618
-0.836453,-0.58534,0.0419944;-1.61504,1.12548,-1.52955
-0.831803,-0.58484,0.0423293;-1.57081,1.06659,-1.5708
-0.833963,-0.592307,0.0424895;-1.56144,1.12406,-1.5777
-0.834523,-0.591969,0.0425587;-1.58522,1.15295,-1.55589
-0.874901,-0.607056,0.0678467;-1.07894,1.3333,-2.04963
-0.868703,-0.601559,0.0643347;-1.38082,1.27503,-1.7559
-0.846297,-0.589347,0.042031;-1.59916,1.16226,-1.54647
-0.84006,-0.589365,0.0423127;-1.57079,1.08227,-1.57125
-0.841684,-0.59515,0.0423552;-1.56944,1.17197,-1.57139
-0.84453,-0.594489,0.0424989;-1.58836,1.23386,-1.55407
-0.84453,-0.594489,0.0424989;-1.58836,1.23386,-1.55407
-0.872868,-0.595972,0.0529559;-1.60696,1.32756,-1.54259
-0.872868,-0.595972,0.0529559;-1.60696,1.32756,-1.54259
