-0.125,0.125,0.06;-1.57,-2.98023e-08,-1.57
-0.125,0.125,0.06;-1.57,-2.98023e-08,-1.57
-0.125,0.125,0.06;-1.57,-2.98023e-08,-1.57
-0.123909,0.133542,0.0423111;-1.5711,-0.225698,-1.57029
-0.124422,0.129526,0.0423972;-1.57264,-0.165061,-1.57006
-0.128215,0.100546,0.0508067;-1.6142,-0.0691917,-1.57518
-0.128558,0.0666187,0.0574892;-1.38759,-0.0343923,-1.57098
-0.134293,0.0975435,0.0422086;-1.57144,-0.219733,-1.56933
-0.134866,0.0983027,0.0424079;-1.56812,-0.264726,-1.57015
-0.134927,0.0981577,0.0423471;-1.5699,-0.257718,-1.57129
-0.133091,0.0960746,0.0423375;-1.57066,-0.142567,-1.57026
-0.137386,0.0759414,0.048436;-1.5954,-0.0511728,-1.57256
-0.13953,0.0372813,0.0620261;-1.3928,0.0471337,-1.584
-0.144932,0.0425309,0.0521551;-1.4607,-0.0487255,-1.57937
-0.145834,0.0596303,0.0424604;-1.5834,-0.139571,-1.5721
-0.144474,0.0619568,0.0424183;-1.56789,-0.201563,-1.57009
-0.143826,0.0581907,0.0423294;-1.57078,-0.129504,-1.57076
-0.147944,0.0397171,0.0461628;-1.59745,-0.0484938,-1.57244
-0.151212,-0.00103732,0.0599629;-1.42022,0.0505759,-1.58948
-0.153166,-0.0130296,0.0584486;-1.37817,0.0362719,-1.58959
-0.159199,0.000348251,0.0512841;-1.46921,-0.0655741,-1.5798
-0.160461,0.0185186,0.042268;-1.5731,-0.171182,-1.57041
-0.15997,0.019036,0.0423301;-1.57075,-0.187992,-1.57089
-0.160388,0.0171182,0.0423824;-1.57142,-0.123722,-1.56911
-0.16561,-0.00897956,0.0501185;-1.56831,-0.0272828,-1.57733
-0.167683,-0.0402847,0.0557717;-1.40606,0.00621382,-1.58376
-0.172532,-0.0292022,0.0479885;-1.50487,-0.0978894,-1.57585
-0.171678,-0.0180995,0.0423303;-1.57077,-0.232267,-1.57079
-0.170957,-0.019543,0.0424239;-1.56769,-0.19376,-1.57026
-0.170668,-0.0200003,0.0423291;-1.5708,-0.148001,-1.57082
-0.176451,-0.0610701,0.0564195;-1.47188,0.033678,-1.58771
-0.177099,-0.0898401,0.0591815;-1.35897,0.0751453,-1.58997
-0.183543,-0.0855424,0.0548601;-1.42951,-0.0291483,-1.58622
-0.188732,-0.0617246,0.0423112;-1.57067,-0.234938,-1.56994
-0.188483,-0.0610106,0.0423316;-1.57062,-0.235133,-1.57085
-0.186516,-0.0637824,0.0424445;-1.56719,-0.154658,-1.57037
-0.190992,-0.0836765,0.0473296;-1.55779,-0.0115919,-1.57857
-0.193662,-0.12115,0.0602684;-1.41404,0.0841427,-1.59437
-0.19676,-0.134893,0.0577477;-1.38414,0.0526747,-1.59249
-0.20676,-0.10643,0.0423061;-1.57038,-0.199727,-1.57072
-0.205564,-0.105124,0.0423385;-1.57071,-0.235843,-1.57037
-0.205304,-0.105764,0.0423826;-1.56876,-0.20507,-1.57037
-0.206346,-0.110884,0.0427831;-1.57795,-0.108693,-1.57195
-0.208751,-0.142567,0.0554127;-1.49055,0.000507534,-1.58418
-0.208541,-0.175014,0.0606109;-1.3718,0.0532643,-1.58616
-0.224614,-0.154626,0.0423181;-1.57141,-0.200716,-1.57069
-0.222795,-0.152335,0.042306;-1.56997,-0.283149,-1.56983
-0.222514,-0.151378,0.042332;-1.57074,-0.28308,-1.57084
-0.220813,-0.156668,0.0423597;-1.57216,-0.124218,-1.57064
-0.223893,-0.183564,0.0510174;-1.53597,-0.0259345,-1.58053
-0.224718,-0.222246,0.06126;-1.3889,0.0652672,-1.58812
-0.241239,-0.209984,0.0426911;-1.56232,-0.18853,-1.57252
-0.239063,-0.207032,0.0423254;-1.57063,-0.285623,-1.56998
-0.238805,-0.206706,0.0423289;-1.57084,-0.29977,-1.5708
-0.237401,-0.212109,0.0424095;-1.57261,-0.111633,-1.56949
-0.241565,-0.240987,0.0514588;-1.53647,-0.0107245,-1.58001
-0.242452,-0.279753,0.0606869;-1.37881,0.0780045,-1.59099
-0.257689,-0.268041,0.044752;-1.54325,-0.144797,-1.5759
-0.257274,-0.26268,0.0423361;-1.57114,-0.240637,-1.5706
-0.256457,-0.262814,0.0423305;-1.57081,-0.287366,-1.57071
-0.254546,-0.266785,0.0423295;-1.57081,-0.104017,-1.57081
-0.258508,-0.28505,0.0465522;-1.5628,-0.00206566,-1.5779
-0.261419,-0.322652,0.0592926;-1.40364,0.099452,-1.59837
-0.268984,-0.32641,0.0538953;-1.44408,0.00296292,-1.59236
-0.272341,-0.31153,0.0437951;-1.54746,-0.104976,-1.57335
-0.270488,-0.306569,0.0422831;-1.57148,-0.203704,-1.56964
-0.270487,-0.306787,0.0423291;-1.57081,-0.179196,-1.5708
-0.27082,-0.309601,0.042325;-1.57091,-0.075627,-1.57058
-0.276261,-0.336175,0.0504957;-1.50245,0.0396193,-1.58644
-0.275526,-0.369355,0.0589942;-1.36679,0.113265,-1.6022
-0.281774,-0.360227,0.0537188;-1.44023,0.00606436,-1.58988
-0.285722,-0.340739,0.0423003;-1.57836,-0.125824,-1.57197
-0.283954,-0.339072,0.0423278;-1.57083,-0.169743,-1.5709
-0.282657,-0.341045,0.0422964;-1.57062,-0.0938517,-1.56957
-0.28565,-0.349494,0.0438949;-1.58796,-0.0275621,-1.56962
-0.293845,-0.417601,0.0618377;-1.32061,0.14002,-1.60429
-0.301963,-0.420144,0.0578796;-1.38291,0.0401921,-1.59235
-0.311866,-0.396548,0.0459682;-1.52558,-0.100188,-1.57486
-0.310479,-0.388168,0.0423285;-1.57081,-0.220535,-1.57079
-0.308063,-0.392304,0.0423282;-1.57065,-0.0822479,-1.5706
-0.309753,-0.397664,0.0430608;-1.57967,-0.000625491,-1.56763
-0.321617,-0.464912,0.0623036;-1.31344,0.186755,-1.61725
-0.328362,-0.468562,0.0583796;-1.3703,0.102616,-1.60262
-0.33607,-0.443757,0.0463183;-1.52303,-0.0359527,-1.5787
-0.334497,-0.434866,0.042329;-1.57066,-0.156815,-1.57083
-0.331703,-0.438966,0.0422448;-1.57299,-0.0230671,-1.57047
-0.334396,-0.445684,0.043299;-1.5846,0.0416428,-1.56752
-0.349783,-0.51457,0.0626191;-1.30834,0.217098,-1.62515
-0.358346,-0.518627,0.0590917;-1.36265,0.128236,-1.60918
-0.364802,-0.493766,0.0464957;-1.52063,0.00544712,-1.57996
-0.362629,-0.482697,0.0423308;-1.57077,-0.107453,-1.57079
-0.359782,-0.487068,0.0423167;-1.57215,0.0313333,-1.57079
-0.36122,-0.490503,0.0423847;-1.57197,0.0813596,-1.56849
-0.380429,-0.553631,0.0648353;-1.36846,0.260124,-1.62063
-0.388133,-0.560231,0.0585042;-1.36145,0.184491,-1.61679
-0.388587,-0.549441,0.0530756;-1.44106,0.145376,-1.60135
-0.384584,-0.528599,0.0423423;-1.57028,-0.0303642,-1.57055
-0.382914,-0.532382,0.0425869;-1.56371,0.0521862,-1.57221
-0.382738,-0.533069,0.0423272;-1.57072,0.100854,-1.57059
-0.388398,-0.542917,0.0461589;-1.61389,0.186543,-1.56092
-0.408127,-0.599464,0.0626022;-1.29778,0.292459,-1.64965
-0.4101,-0.591874,0.0567522;-1.38088,0.237686,-1.62146
-0.406226,-0.565367,0.042917;-1.59087,0.130875,-1.56876
-0.403981,-0.563532,0.0424408;-1.56687,0.061573,-1.57141
-0.402282,-0.566414,0.0421759;-1.57716,0.155527,-1.57016
-0.404688,-0.570023,0.0431937;-1.58608,0.209385,-1.56577
-0.429764,-0.629179,0.0690208;-1.3808,0.385794,-1.63138
-0.438853,-0.639163,0.0600611;-1.32843,0.312867,-1.65019
-0.435888,-0.612706,0.044466;-1.54012,0.219681,-1.58221
-0.431424,-0.6054,0.0423443;-1.57026,0.100529,-1.57075
-0.4295,-0.610841,0.0424774;-1.56453,0.225573,-1.57078
-0.431645,-0.613783,0.0429232;-1.58607,0.292886,-1.56664
-0.461811,-0.670147,0.0699631;-1.42969,0.464908,-1.62849
-0.473633,-0.685367,0.0595836;-1.32651,0.379626,-1.66708
-0.469196,-0.660053,0.0455275;-1.52501,0.288745,-1.58905
-0.464583,-0.652198,0.0423344;-1.57039,0.164869,-1.57124
-0.46292,-0.656941,0.0425417;-1.56441,0.274281,-1.57321
-0.463938,-0.658474,0.0424795;-1.57558,0.337782,-1.56761
-0.494314,-0.706529,0.0685307;-1.48723,0.511904,-1.61262
-0.50718,-0.727273,0.0620364;-1.27668,0.461203,-1.70356
-0.505452,-0.714021,0.0537925;-1.40921,0.402824,-1.6414
-0.49627,-0.694254,0.0423366;-1.57065,0.24248,-1.57086
-0.495779,-0.695348,0.0425134;-1.56495,0.282238,-1.57297
-0.49442,-0.696969,0.0423235;-1.57102,0.364692,-1.57074
-0.518534,-0.725855,0.0594814;-1.66986,0.529416,-1.52915
-0.537176,-0.754541,0.0683057;-1.34493,0.569857,-1.68111
-0.545593,-0.760533,0.0600621;-1.30897,0.500932,-1.70265
-0.53118,-0.730756,0.0423202;-1.57057,0.322243,-1.57098
-0.530606,-0.729239,0.0423978;-1.57072,0.280146,-1.57283
-0.531396,-0.729369,0.0425574;-1.5635,0.265806,-1.57323
-0.542566,-0.742451,0.0493511;-1.65693,0.391214,-1.53877
-0.558765,-0.771009,0.0673998;-1.53343,0.486808,-1.59293
-0.571931,-0.79422,0.0619392;-1.28095,0.455296,-1.69587
-0.563283,-0.762648,0.0426642;-1.58648,0.291926,-1.56694
-0.562107,-0.760924,0.0423897;-1.57066,0.212358,-1.57252
-0.562529,-0.758189,0.0424073;-1.57026,0.124643,-1.57284
-0.565777,-0.761327,0.0438884;-1.59672,0.171681,-1.56628
-0.576361,-0.787312,0.0585678;-1.66626,0.271132,-1.55335
-0.586474,-0.819607,0.0701512;-1.39745,0.334637,-1.61667
-0.592041,-0.803505,0.0443629;-1.54036,0.168465,-1.57993
-0.588101,-0.796679,0.0422882;-1.57121,0.0708534,-1.56919
-0.587792,-0.794544,0.0423752;-1.57075,0.0011802,-1.57214
-0.590606,-0.799497,0.0436954;-1.59797,0.06327,-1.57102
-0.598893,-0.823652,0.0561348;-1.71201,0.156725,-1.56066
-0.605436,-0.854076,0.0723923;-1.5005,0.238264,-1.59032
-0.614374,-0.848735,0.0457134;-1.53157,0.0699449,-1.58443
-0.61044,-0.839055,0.0423038;-1.57126,-0.0496451,-1.57028
-0.609874,-0.836278,0.042388;-1.5707,-0.13622,-1.57243
-0.611316,-0.839755,0.042721;-1.58377,-0.109805,-1.57213
-0.615446,-0.862779,0.0533973;-1.68127,-0.0131336,-1.57936
-0.617025,-0.8861,0.0695797;-1.53999,0.0553195,-1.57632
-0.623012,-0.875526,0.0495705;-1.47545,-0.0938195,-1.56817
-0.623515,-0.863038,0.0421905;-1.56904,-0.208239,-1.569
-0.623806,-0.861441,0.0423888;-1.57084,-0.266521,-1.57273
-0.62398,-0.862241,0.0423303;-1.57093,-0.249279,-1.57064
-0.6261,-0.871206,0.0457731;-1.61363,-0.174646,-1.57814
-0.620187,-0.884729,0.058852;-1.58297,-0.0722246,-1.58318
-0.619923,-0.881079,0.0609819;-1.53489,-0.0844799,-1.57011
-0.622808,-0.869199,0.0425737;-1.57993,-0.211643,-1.57083
-0.622067,-0.865426,0.0423237;-1.57072,-0.303047,-1.57051
-0.62409,-0.864156,0.0423323;-1.57076,-0.309769,-1.57093
-0.625353,-0.864104,0.0426867;-1.56979,-0.293704,-1.58103
-0.623752,-0.867037,0.045719;-1.56971,-0.257854,-1.60453
-0.619863,-0.881885,0.0655791;-1.56331,-0.109945,-1.57722
-0.625272,-0.872194,0.055004;-1.58424,-0.216906,-1.5746
-0.626789,-0.861313,0.0423186;-1.5703,-0.321355,-1.57081
-0.626993,-0.859758,0.0423559;-1.56953,-0.325303,-1.57084
-0.630821,-0.860819,0.042361;-1.57083,-0.269337,-1.57192
-0.634966,-0.872585,0.0451308;-1.6054,-0.179595,-1.57549
-0.620218,-0.886346,0.060235;-1.50495,-0.00458978,-1.57907
-0.625236,-0.881715,0.0587911;-1.51581,-0.0719242,-1.57665
-0.629691,-0.870329,0.042602;-1.58034,-0.206089,-1.57455
-0.629646,-0.865982,0.0424055;-1.57083,-0.303331,-1.57332
-0.630893,-0.86618,0.0423778;-1.57084,-0.278531,-1.57282
-0.634254,-0.8721,0.0430799;-1.58452,-0.190724,-1.57126
-0.617909,-0.886829,0.0555019;-1.50629,0.0072546,-1.58763
-0.621166,-0.8835,0.0558456;-1.49912,-0.0407715,-1.58732
-0.626596,-0.87638,0.0426609;-1.57059,-0.173831,-1.58128
-0.627612,-0.870573,0.0423878;-1.57077,-0.25482,-1.57256
-0.627461,-0.870947,0.0423298;-1.57067,-0.232957,-1.571
-0.62863,-0.87607,0.042854;-1.58414,-0.145642,-1.57654
-0.62863,-0.87607,0.042854;-1.58414,-0.145642,-1.57654
-0.624963,-0.885916,0.0469346;-1.60381,-0.0664601,-1.58706
-0.624963,-0.885916,0.0469346;-1.60381,-0.0664601,-1.58706
