0.5,-0.3,0.06;-1.57,-2.98023e-08,-1.57
0.5,-0.3,0.06;-1.57,-2.98023e-08,-1.57
0.5,-0.3,0.06;-1.57,-2.98023e-08,-1.57
0.498993,-0.301812,0.0286021;-1.57096,-0.262495,-1.56871
0.500062,-0.299814,0.0288032;-1.56808,-0.183039,-1.56207
0.50169,-0.290918,0.0306249;-1.56891,-0.0750037,-1.54032
0.499321,-0.278196,0.0346167;-1.61169,0.00612391,-1.51088
0.501576,-0.28828,0.0288252;-1.55885,-0.168479,-1.56863
0.500908,-0.289584,0.0287639;-1.56613,-0.221304,-1.57399
0.500611,-0.289883,0.028789;-1.56769,-0.234106,-1.57714
0.501327,-0.290441,0.0287588;-1.56732,-0.175283,-1.57549
0.504396,-0.285502,0.0292652;-1.57117,-0.085236,-1.55937
0.507033,-0.276846,0.0321385;-1.5843,0.0330034,-1.52621
0.507014,-0.274608,0.0337807;-1.58322,0.00311158,-1.50869
0.509149,-0.279691,0.0301292;-1.56043,-0.0777384,-1.54223
0.507305,-0.284507,0.0287312;-1.57027,-0.169633,-1.56408
0.50748,-0.284955,0.0285796;-1.57079,-0.166767,-1.57076
0.509019,-0.281458,0.0291563;-1.56727,-0.0911355,-1.55925
0.509895,-0.270741,0.0317044;-1.58988,0.0153839,-1.53335
0.507563,-0.263613,0.0355768;-1.64447,0.0627742,-1.51396
0.512356,-0.264869,0.0331291;-1.61578,0.00655543,-1.54202
0.513741,-0.272237,0.0289294;-1.55759,-0.0872619,-1.56595
0.512107,-0.273075,0.0286009;-1.56969,-0.168863,-1.57068
0.512263,-0.273048,0.0285824;-1.57064,-0.138482,-1.57053
0.512642,-0.271363,0.0286969;-1.57078,-0.0859158,-1.56499
0.512824,-0.266269,0.0304765;-1.57628,-0.0329511,-1.54238
0.513462,-0.268121,0.0296532;-1.56934,-0.0814077,-1.54958
0.509265,-0.277493,0.0291818;-1.56684,-0.214176,-1.55899
0.509193,-0.28032,0.0288942;-1.56748,-0.248163,-1.56249
0.509876,-0.27934,0.0286921;-1.5711,-0.211966,-1.56523
0.511421,-0.272524,0.0294492;-1.57224,-0.0673321,-1.56554
0.509868,-0.263612,0.0335751;-1.63051,0.0165254,-1.54532
0.511408,-0.261448,0.0344351;-1.6438,-0.0141947,-1.54523
0.508971,-0.277535,0.0295855;-1.56675,-0.216094,-1.55491
0.508545,-0.282895,0.0290956;-1.56687,-0.284419,-1.55952
0.509153,-0.283181,0.0288922;-1.56106,-0.279637,-1.56243
0.513643,-0.272898,0.0287845;-1.56946,-0.0946475,-1.56186
0.512744,-0.265394,0.0310744;-1.59104,-0.020916,-1.54299
0.510994,-0.261136,0.0331886;-1.60975,0.0106704,-1.52725
0.509844,-0.274473,0.0297411;-1.55996,-0.172369,-1.54979
0.506141,-0.282306,0.0298407;-1.5571,-0.264209,-1.55737
0.506127,-0.284658,0.0294146;-1.56096,-0.29978,-1.56035
0.510771,-0.276505,0.0291913;-1.55767,-0.154665,-1.56785
0.511096,-0.264765,0.0299077;-1.57947,-0.0448871,-1.56589
0.507461,-0.257118,0.0326357;-1.63841,0.0187425,-1.56092
0.511252,-0.267689,0.0288574;-1.57289,-0.158352,-1.5594
0.50889,-0.273234,0.0292799;-1.55945,-0.248586,-1.55813
0.506305,-0.277123,0.0294088;-1.55918,-0.299143,-1.54918
0.51091,-0.268185,0.0299271;-1.55802,-0.162313,-1.54702
0.513804,-0.257101,0.0304518;-1.57455,-0.0508758,-1.54186
0.512158,-0.246245,0.0311032;-1.60291,0.0491444,-1.54566
0.514538,-0.255465,0.0287323;-1.56754,-0.0794023,-1.56599
0.512265,-0.259453,0.0290149;-1.56193,-0.193561,-1.56877
0.509086,-0.264132,0.0295173;-1.55933,-0.287731,-1.56603
0.509478,-0.261871,0.0313698;-1.52748,-0.208371,-1.54772
0.511896,-0.255315,0.0308079;-1.57532,-0.103568,-1.54117
0.510279,-0.245726,0.0320042;-1.60737,-0.00395689,-1.53807
0.510462,-0.243708,0.028748;-1.57086,-0.010558,-1.56256
0.509153,-0.246155,0.0288019;-1.56525,-0.0978263,-1.56499
0.507268,-0.248348,0.0287944;-1.56454,-0.175446,-1.56506
0.506629,-0.248288,0.0299835;-1.55619,-0.172131,-1.54641
0.507172,-0.244753,0.0300573;-1.57402,-0.142459,-1.5491
0.506217,-0.240162,0.0308812;-1.57357,-0.0765985,-1.55314
0.504062,-0.239769,0.0288905;-1.57612,0.00280092,-1.57051
0.505877,-0.239956,0.0286808;-1.56926,-0.0250624,-1.5743
0.505416,-0.240371,0.0287773;-1.56543,-0.0852389,-1.57435
0.503209,-0.243724,0.02969;-1.54635,-0.141485,-1.56567
0.503384,-0.243553,0.029611;-1.55903,-0.11648,-1.55998
0.504741,-0.241503,0.0313744;-1.59178,-0.0431211,-1.54277
0.505948,-0.239077,0.0328552;-1.62705,0.0520437,-1.5423
0.506949,-0.236553,0.0298726;-1.59501,0.00692603,-1.56877
0.507235,-0.237411,0.0288334;-1.5661,-0.0500354,-1.57818
0.505807,-0.241912,0.0290574;-1.55234,-0.10626,-1.573
0.505013,-0.242613,0.0291096;-1.55997,-0.100187,-1.56527
0.504322,-0.243432,0.0296674;-1.58525,-0.0488343,-1.56012
0.50542,-0.238659,0.034847;-1.67617,0.0369678,-1.55284
0.507824,-0.239099,0.0336737;-1.6642,-0.0125053,-1.56763
0.51057,-0.243472,0.0287881;-1.57168,-0.0757633,-1.5796
0.508975,-0.244939,0.0289301;-1.55773,-0.159405,-1.57248
0.509294,-0.244273,0.0290632;-1.55396,-0.126612,-1.56777
0.510647,-0.239972,0.0307273;-1.55786,-0.0516259,-1.54416
0.509321,-0.235402,0.0353082;-1.6482,0.0529535,-1.51708
0.511171,-0.233056,0.03499;-1.62972,0.00771336,-1.51841
0.514091,-0.238228,0.0292572;-1.57554,-0.0552788,-1.56177
0.513466,-0.243292,0.0290429;-1.55693,-0.132989,-1.57789
0.513796,-0.24391,0.0287147;-1.57099,-0.0948983,-1.57716
0.514406,-0.243295,0.0289509;-1.56674,-0.0436139,-1.5642
0.512119,-0.234248,0.0370506;-1.69696,0.054086,-1.52991
0.513868,-0.233146,0.0348205;-1.64294,0.0204721,-1.5247
0.516095,-0.234874,0.0308884;-1.58631,-0.0127569,-1.54316
0.516187,-0.242978,0.0289522;-1.55855,-0.125699,-1.57718
0.515947,-0.243611,0.0288524;-1.56159,-0.123974,-1.5754
0.515831,-0.243861,0.0287364;-1.56716,-0.126862,-1.57605
0.515401,-0.235347,0.0330288;-1.62556,0.0449744,-1.53695
0.5142,-0.234441,0.0340565;-1.63053,0.0380066,-1.52454
0.513376,-0.23562,0.0343302;-1.61081,0.0173369,-1.5116
0.51411,-0.248991,0.0288071;-1.55994,-0.203895,-1.56828
0.513901,-0.251453,0.0287096;-1.5709,-0.244915,-1.57705
0.513654,-0.251971,0.0286754;-1.57106,-0.193044,-1.5754
0.5129,-0.248661,0.0290663;-1.57117,-0.111339,-1.56649
0.508911,-0.234892,0.0344712;-1.64718,0.0567009,-1.52947
0.509231,-0.23313,0.0345009;-1.63221,0.0249323,-1.5217
0.511792,-0.239462,0.0297038;-1.55535,-0.0655337,-1.55597
0.508676,-0.251122,0.0289493;-1.55624,-0.246641,-1.57063
0.508917,-0.251337,0.0286751;-1.57073,-0.223903,-1.57524
0.508688,-0.252524,0.0286911;-1.57084,-0.167652,-1.57589
0.505298,-0.242713,0.0335021;-1.63586,0.00474726,-1.54213
0.503272,-0.239044,0.0355551;-1.65788,0.00318197,-1.52775
0.503496,-0.242233,0.0324599;-1.59581,-0.0579344,-1.52892
0.505087,-0.257246,0.0289212;-1.56897,-0.220899,-1.56663
0.504899,-0.25757,0.0285797;-1.57074,-0.233788,-1.57079
0.505928,-0.258,0.0288067;-1.56398,-0.179146,-1.57375
0.508027,-0.244559,0.0338425;-1.63821,0.0104745,-1.535
0.505682,-0.24329,0.0341016;-1.62192,-0.00264094,-1.52018
0.502405,-0.243722,0.0331823;-1.58062,-0.0880492,-1.51523
0.500071,-0.258297,0.0293918;-1.55371,-0.271741,-1.56379
0.500194,-0.259118,0.0290656;-1.55741,-0.282686,-1.56806
0.500966,-0.258726,0.0286125;-1.56941,-0.237978,-1.57067
0.501778,-0.251427,0.0313951;-1.60493,-0.111616,-1.55441
0.500708,-0.246952,0.0340073;-1.63613,-0.0679988,-1.53693
0.500897,-0.248027,0.0341369;-1.63318,-0.0951872,-1.53599
0.497657,-0.268697,0.0299038;-1.54623,-0.287075,-1.55562
0.497099,-0.271459,0.029656;-1.54801,-0.337436,-1.5611
0.497581,-0.271478,0.0290806;-1.55078,-0.326092,-1.56416
0.501281,-0.260109,0.0293214;-1.58126,-0.135416,-1.56849
0.499185,-0.255018,0.0330948;-1.63111,-0.0680409,-1.54745
0.49682,-0.251635,0.033642;-1.62543,-0.0698898,-1.53299
0.493198,-0.2684,0.0309065;-1.53663,-0.315943,-1.54383
0.491059,-0.277218,0.0297942;-1.54152,-0.400415,-1.55728
0.491496,-0.27734,0.0293272;-1.55932,-0.412331,-1.56234
0.495528,-0.265235,0.029209;-1.57501,-0.252041,-1.56448
0.493104,-0.256798,0.0322452;-1.64187,-0.174634,-1.57946
0.491636,-0.253204,0.0341638;-1.67003,-0.154132,-1.57365
0.495116,-0.260901,0.0289533;-1.56087,-0.304506,-1.55937
0.493129,-0.267308,0.0295801;-1.55352,-0.389375,-1.5589
0.490913,-0.271257,0.0300095;-1.5399,-0.443623,-1.55186
0.495239,-0.262046,0.0302038;-1.55244,-0.314584,-1.54955
0.496698,-0.251492,0.0308916;-1.59443,-0.202938,-1.55512
0.492812,-0.244535,0.0324724;-1.63773,-0.115623,-1.5658
0.494287,-0.248073,0.0292363;-1.56104,-0.190142,-1.56174
0.492858,-0.254484,0.0294843;-1.54679,-0.284635,-1.56262
0.489981,-0.260258,0.0299087;-1.54521,-0.357996,-1.55849
0.492563,-0.255369,0.0300685;-1.57079,-0.282962,-1.54911
0.491545,-0.249633,0.0316488;-1.58301,-0.208841,-1.54533
0.487093,-0.242267,0.034139;-1.59799,-0.106376,-1.54602
0.485753,-0.236636,0.0301968;-1.53506,-0.0365529,-1.56815
0.485648,-0.239887,0.0305702;-1.52531,-0.0786041,-1.56647
0.485124,-0.243207,0.0309893;-1.51949,-0.125317,-1.56427
0.481878,-0.24455,0.0317466;-1.53077,-0.131917,-1.53923
0.48188,-0.243603,0.0318297;-1.55818,-0.0785535,-1.53814
0.480815,-0.241566,0.032229;-1.61082,-0.00794807,-1.54299
0.478693,-0.238925,0.0301421;-1.54626,-0.00881844,-1.56074
0.478461,-0.239108,0.0287433;-1.56583,-0.0533728,-1.56669
0.477754,-0.240924,0.0287673;-1.56394,-0.0822384,-1.57229
0.475494,-0.244027,0.029874;-1.55065,-0.121193,-1.55901
0.475889,-0.243733,0.0298228;-1.57167,-0.0948863,-1.55535
0.476733,-0.245738,0.0314745;-1.59415,-0.0411472,-1.54605
0.475351,-0.244035,0.0307094;-1.57721,0.0137712,-1.55169
0.475437,-0.243557,0.0285901;-1.57066,-0.0414486,-1.5713
0.474264,-0.242615,0.0287942;-1.56171,-0.109397,-1.57102
0.473362,-0.243193,0.0291674;-1.5543,-0.119011,-1.56878
0.473937,-0.241314,0.0300934;-1.55214,-0.0849583,-1.55333
0.473466,-0.241545,0.0308777;-1.58508,-0.0475636,-1.54383
0.474021,-0.242889,0.0331821;-1.62199,0.00387848,-1.53591
0.475904,-0.243751,0.0315698;-1.60494,-0.0265952,-1.54969
0.477115,-0.245342,0.0287174;-1.57057,-0.0648518,-1.57732
0.475895,-0.245385,0.0289384;-1.55723,-0.120781,-1.57267
0.47582,-0.244365,0.0295698;-1.54407,-0.102251,-1.56624
0.477724,-0.239285,0.0318594;-1.55981,-0.0241191,-1.53411
0.478091,-0.241719,0.0354955;-1.63342,0.0554058,-1.50888
0.479645,-0.240154,0.034321;-1.57629,0.0201012,-1.52044
0.481329,-0.240967,0.0287089;-1.56632,-0.0591589,-1.56776
0.480375,-0.242897,0.0290192;-1.55507,-0.123714,-1.57415
0.480497,-0.243185,0.0287299;-1.56624,-0.0919097,-1.57289
0.481023,-0.243086,0.0293723;-1.55341,-0.0373251,-1.56507
0.478869,-0.239755,0.0341826;-1.67467,0.0403736,-1.5564
0.48035,-0.240832,0.0348971;-1.68784,0.00398756,-1.55959
0.482102,-0.246235,0.0309399;-1.581,-0.044258,-1.54098
0.479721,-0.252218,0.0288417;-1.56122,-0.215584,-1.57177
0.480072,-0.251453,0.0288354;-1.56067,-0.20702,-1.57085
0.481271,-0.250375,0.0290751;-1.55311,-0.14939,-1.56618
0.481271,-0.250375,0.0290751;-1.55311,-0.14939,-1.56618
0.484323,-0.24072,0.0321935;-1.57501,-0.0338676,-1.53455
0.484323,-0.24072,0.0321935;-1.57501,-0.0338676,-1.53455
