0.5,-0.3,0.06;-1.57,-2.98023e-08,-1.57
0.5,-0.3,0.06;-1.57,-2.98023e-08,-1.57
0.5,-0.3,0.06;-1.57,-2.98023e-08,-1.57
0.498795,-0.297659,0.02863;-1.56972,-0.250703,-1.57239
0.500023,-0.298248,0.0286934;-1.56617,-0.180151,-1.57083
0.501605,-0.286957,0.0299559;-1.57305,-0.0819097,-1.55129
0.499702,-0.271336,0.0330107;-1.62264,-0.00930111,-1.53487
0.502762,-0.277785,0.0286794;-1.5706,-0.178828,-1.57533
0.50232,-0.278217,0.0286458;-1.5708,-0.21715,-1.57396
0.502284,-0.27826,0.0286372;-1.57075,-0.224332,-1.57353
0.503054,-0.279382,0.0286509;-1.56908,-0.117534,-1.57232
0.506492,-0.270737,0.0297596;-1.56974,-0.0236641,-1.55522
0.50668,-0.259745,0.0328933;-1.61826,0.0800939,-1.52952
0.509188,-0.254434,0.0305647;-1.58429,0.0598945,-1.5455
0.510192,-0.258832,0.0285805;-1.57069,-0.0429686,-1.57074
0.509275,-0.258489,0.0286871;-1.56872,-0.11325,-1.57407
0.509297,-0.258706,0.028644;-1.57072,-0.121538,-1.57383
0.507945,-0.258216,0.0286521;-1.57277,-0.0462048,-1.56917
0.506045,-0.250186,0.0311411;-1.60401,0.0463711,-1.54819
0.504597,-0.241902,0.0332394;-1.63582,0.132353,-1.53214
0.508581,-0.243892,0.0304603;-1.59505,0.0577752,-1.5535
0.50899,-0.246877,0.0286183;-1.57021,-0.0413331,-1.57259
0.507353,-0.2458,0.0286533;-1.57059,-0.160829,-1.57414
0.507003,-0.24681,0.028702;-1.57098,-0.108894,-1.57632
0.505457,-0.246224,0.0288317;-1.57964,-0.0379,-1.56801
0.504929,-0.240721,0.03028;-1.59085,0.0260941,-1.55099
0.50548,-0.238398,0.0288075;-1.57331,0.0238767,-1.56241
0.505141,-0.24096,0.0289948;-1.55851,-0.0880101,-1.57728
0.504644,-0.242718,0.0290508;-1.55822,-0.115913,-1.5782
0.504194,-0.244183,0.0289225;-1.56496,-0.131825,-1.58084
0.502928,-0.241184,0.0297175;-1.58724,-0.0270796,-1.55767
0.500387,-0.237989,0.0323228;-1.61128,0.0370122,-1.53658
0.499202,-0.236189,0.0311463;-1.60133,0.0607553,-1.54445
0.501305,-0.238408,0.0289749;-1.55675,-0.0502499,-1.57494
0.501103,-0.24102,0.0290731;-1.5566,-0.0873995,-1.57888
0.500573,-0.243964,0.0289803;-1.55983,-0.122469,-1.57762
0.499789,-0.244234,0.0288183;-1.5774,-0.0620557,-1.56644
0.497628,-0.238921,0.031426;-1.60605,0.0265318,-1.54254
0.495974,-0.2364,0.032014;-1.61383,0.0765256,-1.53951
0.500085,-0.235499,0.0286981;-1.56629,-0.0146206,-1.5721
0.49999,-0.23921,0.0289645;-1.56121,-0.0610716,-1.57892
0.499712,-0.242879,0.0290579;-1.55744,-0.111315,-1.57877
0.499153,-0.245309,0.0286056;-1.57199,-0.0864051,-1.57127
0.497844,-0.241745,0.0295605;-1.58326,-0.0152358,-1.55673
0.49448,-0.238624,0.0320481;-1.6191,0.0572523,-1.53983
0.498479,-0.233943,0.0285812;-1.57074,0.0105148,-1.57076
0.498004,-0.235529,0.0289114;-1.55691,-0.0190305,-1.57261
0.497888,-0.240156,0.0290168;-1.56004,-0.0748085,-1.58006
0.497141,-0.243145,0.028788;-1.57068,-0.0994924,-1.5805
0.495888,-0.242694,0.0290478;-1.58793,-0.0575598,-1.56557
0.4925,-0.24031,0.031515;-1.61285,0.00493996,-1.54869
0.493448,-0.234816,0.0287529;-1.57104,0.021762,-1.56235
0.493217,-0.236215,0.0289245;-1.55581,-0.0202768,-1.57189
0.493088,-0.237011,0.0289348;-1.55934,-0.0360606,-1.57592
0.492496,-0.239583,0.0286957;-1.57078,-0.0577771,-1.57639
0.491905,-0.239653,0.0290787;-1.59103,-0.0371425,-1.568
0.490237,-0.23844,0.0320665;-1.61451,-0.00514253,-1.54252
0.487008,-0.235102,0.0302425;-1.57978,0.0535264,-1.54372
0.487504,-0.236206,0.0286114;-1.57059,0.00215063,-1.56877
0.486866,-0.236769,0.0288417;-1.56353,-0.0289665,-1.57584
0.485921,-0.239398,0.0289731;-1.55741,-0.0587229,-1.57537
0.485468,-0.239448,0.02893;-1.58261,-0.0434804,-1.5664
0.483359,-0.236616,0.0317004;-1.60759,0.000857681,-1.53721
0.47984,-0.236066,0.0308404;-1.60477,0.0487365,-1.5498
0.482454,-0.235158,0.02959;-1.57754,0.021892,-1.55135
0.482332,-0.235484,0.0285763;-1.57052,-0.00911493,-1.57112
0.48143,-0.237843,0.0287966;-1.56433,-0.0485845,-1.57448
0.481045,-0.239029,0.0286397;-1.57128,-0.0406405,-1.57332
0.480725,-0.239686,0.0288497;-1.5817,-0.0322663,-1.56857
0.478858,-0.238315,0.0314673;-1.61317,0.0234153,-1.54794
0.480573,-0.236617,0.031411;-1.58952,0.00524681,-1.53689
0.481597,-0.23474,0.0285763;-1.57101,-0.00428019,-1.57085
0.481245,-0.236349,0.0287257;-1.56738,-0.030067,-1.57439
0.48098,-0.237384,0.0287811;-1.56394,-0.0441199,-1.57346
0.480746,-0.238492,0.0286824;-1.5708,-0.0445617,-1.57566
0.478103,-0.238173,0.0321899;-1.62696,0.0124125,-1.54818
0.479619,-0.236076,0.0324407;-1.61049,0.00695571,-1.53623
0.480508,-0.234004,0.0288393;-1.57676,0.000381649,-1.56202
0.480346,-0.236063,0.0287312;-1.56534,-0.0303268,-1.57255
0.480279,-0.236462,0.0286811;-1.56855,-0.0274788,-1.57335
0.480087,-0.237108,0.028677;-1.57152,-0.0407661,-1.57551
0.477137,-0.237716,0.0311697;-1.62838,0.0188701,-1.56226
0.478901,-0.237091,0.0315584;-1.62858,0.0094504,-1.55916
0.479958,-0.237662,0.0288643;-1.57739,-0.010052,-1.56183
0.479243,-0.238559,0.0288225;-1.5638,-0.0593897,-1.57497
0.479666,-0.238865,0.02861;-1.56995,-0.0343156,-1.57163
0.479729,-0.239354,0.0286695;-1.57074,-0.0520895,-1.56521
0.476198,-0.238691,0.03235;-1.6203,0.00165171,-1.54116
0.477404,-0.238663,0.0329847;-1.61947,-0.0165825,-1.53267
0.477685,-0.237563,0.0301112;-1.56775,-0.0161989,-1.54335
0.477393,-0.238173,0.0286992;-1.57019,-0.0290013,-1.5759
0.477453,-0.238943,0.0286184;-1.5703,-0.00845672,-1.5724
0.477286,-0.239005,0.0285796;-1.57077,-0.0442913,-1.57081
0.476128,-0.242641,0.0334689;-1.61705,-0.0509673,-1.52559
0.47531,-0.24228,0.0336505;-1.60749,-0.0552089,-1.5169
0.474776,-0.239782,0.0327543;-1.59151,-0.0291162,-1.51476
0.475807,-0.236913,0.0289707;-1.55446,-0.0327154,-1.57278
0.475701,-0.237495,0.028831;-1.56372,-0.0206383,-1.5755
0.475738,-0.237637,0.0286028;-1.57077,-0.0196154,-1.57193
0.475924,-0.237866,0.028768;-1.58014,-0.02313,-1.57054
0.474042,-0.238838,0.0325624;-1.62725,0.0301999,-1.54064
0.475492,-0.239356,0.0314858;-1.6101,0.0116073,-1.54453
0.476415,-0.241213,0.0287822;-1.57074,-0.0105136,-1.56022
0.476175,-0.241726,0.0288022;-1.56313,-0.000129193,-1.57372
0.476699,-0.242641,0.0286156;-1.57035,0.0385267,-1.57243
0.476864,-0.24321,0.0288012;-1.57244,0.0190976,-1.55968
0.474963,-0.245639,0.0361008;-1.64997,0.0299362,-1.50404
0.475576,-0.244689,0.0343461;-1.62355,0.0212519,-1.51243
0.476117,-0.245006,0.0292062;-1.57312,0.0200775,-1.55336
0.476357,-0.245101,0.0289232;-1.55883,0.0528158,-1.5758
0.476596,-0.246115,0.0288756;-1.56057,0.0769925,-1.57538
0.476721,-0.246359,0.0287126;-1.57132,0.0625393,-1.56383
0.476596,-0.251852,0.0357157;-1.64755,0.0374281,-1.506
0.476826,-0.25235,0.0346927;-1.61692,0.0170785,-1.50276
0.477451,-0.251977,0.0304433;-1.5651,0.0283694,-1.53878
0.478063,-0.253298,0.0289274;-1.55735,0.0617355,-1.57469
0.478366,-0.254162,0.028909;-1.55889,0.0805373,-1.57555
0.478617,-0.254336,0.0285789;-1.5706,0.0901844,-1.57073
0.479022,-0.258538,0.0337443;-1.62536,0.0569727,-1.51739
0.478317,-0.257392,0.0352569;-1.62556,0.0694718,-1.49792
0.478003,-0.253362,0.0326733;-1.58062,0.0741018,-1.51229
0.478251,-0.254951,0.0293853;-1.54075,0.0853672,-1.57377
0.478599,-0.255113,0.0288917;-1.56034,0.107171,-1.5766
0.479205,-0.255913,0.0288818;-1.55801,0.133304,-1.57444
0.479673,-0.25799,0.0310531;-1.59417,0.119072,-1.53592
0.479376,-0.259121,0.0354189;-1.63967,0.114559,-1.50203
0.479204,-0.257733,0.0344366;-1.60812,0.109777,-1.49709
0.479673,-0.259503,0.0291533;-1.54525,0.104912,-1.57045
0.480076,-0.259819,0.0289987;-1.55459,0.127166,-1.57672
0.480327,-0.260579,0.0290102;-1.5559,0.145753,-1.57868
0.480958,-0.261368,0.029475;-1.58537,0.161005,-1.552
0.481745,-0.265293,0.0335863;-1.62672,0.123479,-1.51572
0.482155,-0.268265,0.0357628;-1.63087,0.0888402,-1.49316
0.484016,-0.269098,0.0288588;-1.56484,0.0908473,-1.55981
0.484084,-0.269811,0.0289802;-1.5547,0.0978891,-1.5754
0.484365,-0.270002,0.0289254;-1.55835,0.115983,-1.57629
0.484544,-0.270592,0.0288996;-1.57418,0.121655,-1.55685
0.48444,-0.272794,0.0319327;-1.59561,0.107164,-1.52544
0.484371,-0.275167,0.0365178;-1.64122,0.0841961,-1.49083
0.486857,-0.277756,0.0298801;-1.56378,0.049239,-1.54716
0.486972,-0.278001,0.0289387;-1.55321,0.0665805,-1.572
0.48729,-0.278023,0.0288018;-1.56406,0.0729591,-1.57514
0.487916,-0.278765,0.0287455;-1.57091,0.0966972,-1.56278
0.487474,-0.278834,0.0308307;-1.59169,0.0996108,-1.53698
0.486828,-0.279559,0.0356181;-1.63612,0.0976461,-1.49863
0.488902,-0.279037,0.0308974;-1.56899,0.0632073,-1.53147
0.488652,-0.27985,0.0290277;-1.55592,0.0557235,-1.56468
0.488741,-0.27993,0.0287684;-1.56233,0.0593287,-1.57174
0.489078,-0.280795,0.0285786;-1.57086,0.0737195,-1.57079
0.488863,-0.280787,0.0297418;-1.58823,0.0767334,-1.55203
0.48817,-0.280825,0.0342664;-1.63246,0.0844151,-1.51595
0.488977,-0.283008,0.0325348;-1.57618,0.0177744,-1.50933
0.489446,-0.282978,0.0290238;-1.56415,0.0210567,-1.5565
0.489041,-0.283908,0.0289184;-1.5545,0.00837986,-1.57069
0.489579,-0.284279,0.0285804;-1.57076,0.0401193,-1.57084
0.489624,-0.284115,0.0288875;-1.57701,0.0461202,-1.56174
0.489153,-0.283623,0.0314706;-1.60385,0.0536433,-1.53737
0.489709,-0.285883,0.0346851;-1.60625,-0.0132147,-1.49951
0.492163,-0.286909,0.0300934;-1.57262,-0.029588,-1.54075
0.491772,-0.287988,0.0286949;-1.56668,-0.0472177,-1.56898
0.491558,-0.288221,0.0285971;-1.57009,-0.0527471,-1.57128
0.491608,-0.28835,0.0285907;-1.57086,-0.0451931,-1.57018
0.491532,-0.288147,0.029468;-1.5826,-0.0367443,-1.5536
0.48942,-0.285017,0.035683;-1.62076,-0.0215752,-1.49713
0.491874,-0.285002,0.0322363;-1.57978,-0.0698542,-1.5168
0.49251,-0.2863,0.0289255;-1.56728,-0.0886955,-1.55745
0.491859,-0.287596,0.0287188;-1.56587,-0.115078,-1.572
0.492461,-0.288035,0.0285796;-1.57082,-0.075179,-1.57075
0.492615,-0.2877,0.0289658;-1.57613,-0.0677923,-1.55785
0.490772,-0.285182,0.036318;-1.63445,-0.0487935,-1.49956
0.491294,-0.281947,0.0339292;-1.59123,-0.0930575,-1.50385
0.492792,-0.282252,0.0297608;-1.56601,-0.116856,-1.54637
0.49216,-0.283059,0.0285956;-1.57106,-0.134625,-1.57211
0.492256,-0.283481,0.0286271;-1.5685,-0.120191,-1.57054
0.492214,-0.28271,0.0287456;-1.57123,-0.0924568,-1.56253
0.490183,-0.280209,0.0354365;-1.63575,-0.0675586,-1.51171
0.489794,-0.277747,0.0341068;-1.59881,-0.101734,-1.507
0.490487,-0.274803,0.0310986;-1.56739,-0.101526,-1.52912
0.490008,-0.276463,0.028596;-1.57001,-0.141959,-1.57066
0.489904,-0.276677,0.0285805;-1.57071,-0.141914,-1.57076
0.489903,-0.276751,0.0286765;-1.57111,-0.141816,-1.56593
0.489903,-0.276751,0.0286765;-1.57111,-0.141816,-1.56593
0.489349,-0.275938,0.0296569;-1.58485,-0.129323,-1.55433
0.489349,-0.275938,0.0296569;-1.58485,-0.129323,-1.55433
