0.5,-0.3,0.06;-1.57,-2.98023e-08,-1.57
0.5,-0.3,0.06;-1.57,-2.98023e-08,-1.57
0.5,-0.3,0.06;-1.57,-2.98023e-08,-1.57
0.497589,-0.296941,0.0286083;-1.57135,-0.309221,-1.57288
0.498095,-0.296378,0.0286261;-1.56951,-0.279644,-1.57195
0.498361,-0.285564,0.0302565;-1.57718,-0.168499,-1.54914
0.495625,-0.275418,0.0326805;-1.6131,-0.0887256,-1.53763
0.500638,-0.279156,0.0289078;-1.57038,-0.279673,-1.58681
0.501525,-0.276835,0.0289874;-1.57935,-0.365577,-1.58554
0.502284,-0.275739,0.0289986;-1.5797,-0.407752,-1.5861
0.501147,-0.277486,0.0288986;-1.56983,-0.315042,-1.58527
0.50082,-0.270637,0.0297809;-1.57247,-0.194163,-1.55325
0.49517,-0.258528,0.0345438;-1.62457,-0.062096,-1.52129
0.497954,-0.262982,0.0303564;-1.58291,-0.117589,-1.54865
0.498799,-0.268187,0.0285883;-1.5704,-0.202016,-1.57094
0.497968,-0.268552,0.0286631;-1.57145,-0.242068,-1.57419
0.499384,-0.270804,0.028721;-1.56797,-0.104497,-1.57487
0.501888,-0.267209,0.0295769;-1.5621,0.0102269,-1.56189
0.500476,-0.254904,0.0329766;-1.61578,0.132039,-1.53218
0.501044,-0.251361,0.0355926;-1.65055,0.153455,-1.55077
0.505843,-0.257003,0.0329212;-1.60995,0.0736364,-1.59086
0.506464,-0.262389,0.0301773;-1.56397,0.00297744,-1.60429
0.505963,-0.26418,0.029583;-1.56011,-0.0187329,-1.59094
0.507153,-0.26492,0.0289811;-1.55997,0.0337153,-1.57944
0.509565,-0.259578,0.0296708;-1.57004,0.123034,-1.5582
0.510372,-0.248047,0.0308579;-1.57533,0.113459,-1.54039
0.512523,-0.24654,0.031005;-1.53607,0.0386532,-1.54946
0.510351,-0.248571,0.0291965;-1.55043,-0.104356,-1.57795
0.509539,-0.247975,0.029152;-1.55113,-0.153188,-1.57566
0.509598,-0.247218,0.0286714;-1.5702,-0.155349,-1.57463
0.508544,-0.240044,0.0311443;-1.61756,0.00384663,-1.56409
0.507047,-0.234476,0.0361201;-1.70788,0.0568222,-1.55294
0.510673,-0.234394,0.0345806;-1.66743,0.012434,-1.56465
0.513633,-0.243621,0.0300675;-1.55909,-0.112879,-1.59331
0.515089,-0.247585,0.0304925;-1.54867,-0.17212,-1.59097
0.515832,-0.248835,0.0305199;-1.54219,-0.181969,-1.58454
0.516455,-0.242728,0.0292741;-1.5801,-0.0239628,-1.55882
0.514607,-0.234659,0.0325181;-1.62384,0.0560386,-1.53658
0.515015,-0.234951,0.0331838;-1.62687,0.0540609,-1.5346
0.518395,-0.240456,0.0287611;-1.56622,-0.0885991,-1.5766
0.517552,-0.242895,0.0287172;-1.57089,-0.129051,-1.57726
0.5172,-0.244218,0.0287755;-1.57246,-0.143994,-1.57971
0.511725,-0.255345,0.0298379;-1.57131,0.0501187,-1.59383
0.507674,-0.254511,0.0325979;-1.65322,0.177475,-1.56133
0.503996,-0.25022,0.0356122;-1.70682,0.269906,-1.53175
0.507059,-0.258847,0.0286976;-1.5707,0.148933,-1.57643
0.506078,-0.259648,0.0289918;-1.5569,0.0855323,-1.57771
0.505078,-0.261895,0.0289813;-1.5574,0.0051375,-1.57657
0.506836,-0.262783,0.0288021;-1.56056,0.0923051,-1.57096
0.507574,-0.255719,0.0296906;-1.57604,0.172326,-1.55311
0.505426,-0.247901,0.033444;-1.63618,0.2468,-1.5201
0.5111,-0.242953,0.0287046;-1.57052,0.0770788,-1.57683
0.510571,-0.24484,0.0292117;-1.56033,0.0145619,-1.58986
0.512919,-0.251176,0.0302382;-1.55907,-0.0767064,-1.5974
0.51364,-0.252388,0.0302713;-1.56949,-0.0437823,-1.60517
0.512034,-0.247492,0.03148;-1.63448,0.0414522,-1.57206
0.507748,-0.241633,0.0345852;-1.69246,0.15702,-1.54908
0.513892,-0.246884,0.0287937;-1.57222,0.0208233,-1.5601
0.512951,-0.248095,0.0286411;-1.57043,-0.0912374,-1.57358
0.511298,-0.247526,0.0286928;-1.56882,-0.180385,-1.57388
0.511264,-0.247899,0.0285792;-1.57081,-0.152847,-1.57076
0.510224,-0.243057,0.0290059;-1.57745,-0.0673804,-1.55962
0.507353,-0.237142,0.0320444;-1.60853,0.0190397,-1.53822
0.508716,-0.236295,0.0330933;-1.64654,0.0230285,-1.55117
0.513669,-0.23939,0.0291783;-1.59455,-0.0542723,-1.57744
0.514445,-0.24219,0.0295145;-1.57392,-0.0974945,-1.59162
0.514046,-0.243483,0.0300543;-1.57436,-0.119003,-1.59873
0.511523,-0.246069,0.028977;-1.57365,-0.0509403,-1.58362
0.508801,-0.243945,0.0297656;-1.60292,0.0412778,-1.5697
0.504774,-0.241575,0.0336189;-1.65709,0.145646,-1.5284
0.507412,-0.245282,0.0316373;-1.61412,0.0972321,-1.54022
0.508274,-0.249811,0.0285934;-1.57039,0.0158923,-1.57147
0.506524,-0.252951,0.0289614;-1.5606,-0.0600088,-1.57823
0.507342,-0.255195,0.028978;-1.5647,0.0025149,-1.58389
0.506514,-0.256736,0.0286996;-1.57198,0.0915961,-1.57517
0.502517,-0.249891,0.0371488;-1.71236,0.276076,-1.536
0.507016,-0.250307,0.0403115;-1.62096,0.21601,-1.5734
0.509807,-0.255063,0.0312131;-1.57341,0.126238,-1.61265
0.508303,-0.256111,0.0295048;-1.56475,-0.0504262,-1.59048
0.508504,-0.256068,0.028999;-1.56444,-0.0463065,-1.5842
0.508868,-0.256167,0.0286242;-1.56965,0.0308216,-1.56832
0.50556,-0.242567,0.0344972;-1.65092,0.169091,-1.51873
0.510537,-0.238673,0.0334076;-1.61629,0.083608,-1.52064
0.513668,-0.242615,0.0286448;-1.57097,-0.0125201,-1.56782
0.512701,-0.245781,0.0292343;-1.5626,-0.163971,-1.58306
0.513638,-0.246077,0.0288442;-1.57089,-0.148975,-1.58353
0.513054,-0.246735,0.0291059;-1.58319,-0.0971904,-1.58459
0.506891,-0.236555,0.0373044;-1.74631,0.0927532,-1.55898
0.510702,-0.234213,0.0357199;-1.69169,0.0348194,-1.56496
0.514688,-0.237998,0.0317313;-1.64094,-0.0325723,-1.57889
0.516614,-0.245962,0.0295184;-1.56484,-0.154349,-1.58911
0.516948,-0.247033,0.0292664;-1.569,-0.158446,-1.58903
0.517324,-0.247314,0.028581;-1.5713,-0.150081,-1.57072
0.511713,-0.236761,0.0321615;-1.61797,0.0333952,-1.54178
0.512523,-0.236246,0.0325888;-1.62302,0.0231812,-1.54172
0.512835,-0.238031,0.03068;-1.59269,0.0173712,-1.54401
0.514226,-0.242946,0.0288678;-1.57114,-0.1147,-1.58458
0.514644,-0.248794,0.0302786;-1.57858,-0.15845,-1.59979
0.513696,-0.255418,0.0308988;-1.57016,-0.0721725,-1.61121
0.512894,-0.254538,0.0312347;-1.57109,0.0538015,-1.60392
0.507528,-0.247311,0.0349361;-1.69466,0.23123,-1.53937
0.510624,-0.249129,0.0330018;-1.61625,0.162791,-1.54729
0.511591,-0.252585,0.0285964;-1.57073,0.0752019,-1.57196
0.510721,-0.257347,0.0290428;-1.55638,-0.031101,-1.57794
0.511254,-0.258551,0.0287426;-1.56733,-0.00198889,-1.57508
0.512139,-0.257184,0.0286821;-1.57068,0.0628009,-1.56587
0.509291,-0.24545,0.034224;-1.66082,0.209714,-1.52658
0.514414,-0.2413,0.0330145;-1.63187,0.12624,-1.54735
0.518621,-0.241212,0.0293481;-1.5715,0.0460747,-1.59191
0.52331,-0.245759,0.0318832;-1.57171,-0.173007,-1.62146
0.523893,-0.247118,0.0325177;-1.57165,-0.172683,-1.63042
0.523581,-0.247248,0.0321599;-1.56247,-0.0891031,-1.62657
0.51666,-0.236322,0.0349967;-1.69525,0.0916178,-1.5537
0.517708,-0.236969,0.0342807;-1.67025,0.0723011,-1.55168
0.521035,-0.243082,0.0285915;-1.57042,-0.0366708,-1.57047
0.520062,-0.246963,0.0290855;-1.55658,-0.162485,-1.57918
0.520182,-0.247368,0.0287752;-1.5652,-0.163074,-1.57397
0.51965,-0.247715,0.0285827;-1.57139,-0.119868,-1.57063
0.51417,-0.237203,0.0331352;-1.67451,0.0742978,-1.55574
0.514253,-0.237176,0.0349611;-1.68869,0.0918769,-1.55113
0.518149,-0.239555,0.0329766;-1.66345,0.0579138,-1.5687
0.5214,-0.252197,0.0334641;-1.56865,-0.112289,-1.63127
0.517451,-0.256806,0.0326642;-1.58786,-0.178715,-1.62312
0.516045,-0.257939,0.0305307;-1.57242,-0.153472,-1.60641
0.509734,-0.25339,0.0317972;-1.62943,0.0779161,-1.55051
0.505386,-0.244725,0.0354907;-1.68644,0.194409,-1.52405
0.506524,-0.246993,0.0336769;-1.64403,0.178887,-1.52746
0.50646,-0.255333,0.0287012;-1.56708,-0.00150889,-1.57311
0.50565,-0.256644,0.0287928;-1.57056,-0.0644459,-1.58086
0.505855,-0.258905,0.0288557;-1.57175,-0.0530037,-1.58394
0.504907,-0.261559,0.0309426;-1.59802,0.1238,-1.58605
0.504135,-0.251248,0.0361719;-1.69381,0.229295,-1.55596
0.50352,-0.249207,0.0377606;-1.70365,0.258378,-1.5553
0.510871,-0.255277,0.031194;-1.56366,0.0966007,-1.62007
0.509311,-0.256569,0.0307397;-1.56934,-0.0354137,-1.60592
0.510513,-0.253518,0.0289722;-1.57412,-0.145842,-1.58655
0.510185,-0.252845,0.0287145;-1.57153,-0.0539206,-1.56457
0.508878,-0.247105,0.0300663;-1.5879,0.0352714,-1.54744
0.505925,-0.239671,0.0343733;-1.6516,0.122852,-1.52298
0.513879,-0.241192,0.0286605;-1.57053,-0.0636465,-1.57564
0.514347,-0.243495,0.0291976;-1.56637,-0.111924,-1.58796
0.515999,-0.24797,0.0302562;-1.56566,-0.182827,-1.59866
0.516627,-0.25164,0.0315931;-1.57087,-0.0898241,-1.61662
0.516276,-0.243144,0.0345765;-1.6842,0.0457324,-1.57424
0.509861,-0.241713,0.0378498;-1.75584,0.15434,-1.54912
0.516356,-0.238598,0.0309724;-1.6051,0.00198946,-1.59654
0.517366,-0.241287,0.0310607;-1.5641,-0.0774976,-1.60983
0.518547,-0.246206,0.0316075;-1.55173,-0.150187,-1.60821
0.517676,-0.247264,0.0288265;-1.58247,-0.0993144,-1.57241
0.514969,-0.24385,0.0292335;-1.59453,0.0080057,-1.56358
0.511092,-0.23761,0.0326917;-1.65697,0.0992583,-1.5525
0.514539,-0.241596,0.0304639;-1.61928,0.0632463,-1.56862
0.515307,-0.243725,0.0293704;-1.56993,0.00959045,-1.59285
0.516412,-0.248798,0.0306024;-1.57073,-0.0731366,-1.60568
0.516707,-0.260426,0.0322098;-1.56714,-0.0516785,-1.62627
0.515284,-0.257969,0.0327261;-1.6009,0.057113,-1.60922
0.512098,-0.250584,0.035184;-1.68734,0.178186,-1.5656
0.508558,-0.252913,0.0327984;-1.65792,0.23261,-1.54693
0.510098,-0.259134,0.0285798;-1.57036,0.127234,-1.57056
0.508766,-0.257506,0.0285882;-1.57048,-0.000730753,-1.57106
0.508102,-0.258821,0.0286628;-1.57038,-0.0729592,-1.57476
0.507669,-0.259288,0.028628;-1.57313,-0.00607441,-1.57098
0.505976,-0.256358,0.0295813;-1.60525,0.0833884,-1.56659
0.503928,-0.246195,0.0345607;-1.69449,0.209025,-1.54772
0.510864,-0.245636,0.0325314;-1.62585,0.125712,-1.59079
0.514842,-0.248873,0.0327478;-1.56028,0.0384945,-1.63323
0.516524,-0.256543,0.0344501;-1.58336,-0.204494,-1.64807
0.516403,-0.249669,0.0326142;-1.56707,-0.191005,-1.63234
0.515365,-0.243735,0.0306409;-1.59707,-0.106634,-1.59096
0.508753,-0.234195,0.0346003;-1.67889,0.0566727,-1.55366
0.512521,-0.235067,0.0324384;-1.62757,0.0083665,-1.55086
0.51506,-0.241025,0.0286321;-1.56821,-0.0793279,-1.5707
0.513677,-0.245748,0.0290072;-1.55756,-0.143088,-1.57861
0.513709,-0.245905,0.0286006;-1.57053,-0.138602,-1.57199
0.512162,-0.246104,0.0289662;-1.58939,-0.066175,-1.57228
0.50694,-0.237315,0.0347827;-1.69216,0.0991667,-1.54744
0.509491,-0.238403,0.0351454;-1.70058,0.0858169,-1.56035
0.513892,-0.242459,0.031994;-1.61796,0.0252161,-1.59482
0.511343,-0.254404,0.0313906;-1.57984,-0.161192,-1.61153
0.511119,-0.253354,0.0307931;-1.57329,-0.169378,-1.60666
0.509143,-0.255659,0.0291621;-1.58803,-0.100035,-1.58316
0.509143,-0.255659,0.0291621;-1.58803,-0.100035,-1.58316
0.50552,-0.251854,0.0301655;-1.60787,0.0179074,-1.56435
0.50552,-0.251854,0.0301655;-1.60787,0.0179074,-1.56435
