0.5,-0.3,0.06;-1.57,-2.98023e-08,-1.57
0.5,-0.3,0.06;-1.57,-2.98023e-08,-1.57
0.5,-0.3,0.06;-1.57,-2.98023e-08,-1.57
0.499087,-0.298613,0.0286617;-1.5695,-0.242953,-1.57352
0.500136,-0.298905,0.028741;-1.56476,-0.184314,-1.57152
0.501275,-0.290687,0.0301016;-1.57435,-0.0779868,-1.5489
0.500171,-0.276372,0.0332638;-1.61603,-0.0208356,-1.53013
0.50334,-0.281133,0.0287451;-1.56931,-0.177062,-1.57726
0.502421,-0.281889,0.028738;-1.56885,-0.210162,-1.57612
0.50227,-0.281984,0.0286836;-1.57082,-0.209143,-1.57596
0.503484,-0.283052,0.0289411;-1.55319,-0.162258,-1.56734
0.505336,-0.278593,0.0293389;-1.56945,-0.0813104,-1.55701
0.505053,-0.270642,0.032889;-1.60731,0.020322,-1.52252
0.509633,-0.267327,0.0305663;-1.57865,-0.0381644,-1.54118
0.510541,-0.270089,0.0285808;-1.57071,-0.114364,-1.57068
0.509653,-0.269944,0.0287697;-1.56683,-0.154276,-1.57545
0.510067,-0.270173,0.0286116;-1.57076,-0.111443,-1.5723
0.510858,-0.26613,0.0292566;-1.57087,-0.0328549,-1.5568
0.508982,-0.258843,0.0322166;-1.6048,0.0565178,-1.52982
0.507932,-0.254295,0.0343921;-1.63245,0.0915034,-1.5146
0.511171,-0.256378,0.0307412;-1.59235,0.0354607,-1.54564
0.511226,-0.259679,0.0285921;-1.57066,-0.0641353,-1.57144
0.5101,-0.258856,0.0286072;-1.57065,-0.124802,-1.5722
0.509667,-0.259771,0.0286474;-1.57143,-0.0854731,-1.57386
0.508631,-0.258563,0.0289823;-1.58256,-0.0237156,-1.56369
0.506717,-0.254184,0.0313462;-1.60602,0.0383735,-1.54476
0.507922,-0.257217,0.0290073;-1.57246,-0.00632964,-1.55941
0.507329,-0.258348,0.0285801;-1.5708,-0.128226,-1.57087
0.507343,-0.258373,0.0285799;-1.57081,-0.126205,-1.57081
0.507488,-0.25863,0.0286026;-1.57085,-0.0872639,-1.5719
0.507032,-0.252907,0.0297613;-1.58634,0.0557842,-1.55428
0.505204,-0.248487,0.0325452;-1.6232,0.118308,-1.5356
0.50648,-0.251466,0.0321507;-1.60778,0.0830628,-1.53337
0.506496,-0.259226,0.0286085;-1.56972,-0.0684131,-1.57157
0.506549,-0.259794,0.0285797;-1.57079,-0.113782,-1.5708
0.506474,-0.259649,0.0286029;-1.57131,-0.09786,-1.57003
0.507466,-0.255909,0.0289371;-1.5774,0.058718,-1.56043
0.506128,-0.249801,0.0316651;-1.59342,0.148335,-1.53149
0.505389,-0.250021,0.0326172;-1.6155,0.167646,-1.52531
0.506275,-0.257622,0.0285794;-1.57071,-0.0119249,-1.57081
0.505759,-0.258003,0.0286102;-1.57226,-0.0876115,-1.57103
0.505824,-0.258165,0.0285799;-1.5708,-0.106715,-1.5708
0.506987,-0.255971,0.0286942;-1.57023,0.0282311,-1.56561
0.506973,-0.250263,0.0298067;-1.58452,0.0950647,-1.55117
0.505244,-0.246167,0.0327103;-1.61702,0.162426,-1.52798
0.508934,-0.248985,0.0286287;-1.57081,0.00477513,-1.56844
0.507158,-0.249829,0.0286703;-1.56613,-0.107923,-1.57009
0.507053,-0.250932,0.02858;-1.57073,-0.183332,-1.57086
0.508353,-0.248802,0.0286994;-1.5704,-0.0708049,-1.56536
0.50839,-0.242611,0.0294513;-1.58054,0.000618786,-1.55582
0.506063,-0.236412,0.0325748;-1.61291,0.076964,-1.53178
0.511923,-0.242138,0.0288148;-1.57028,-0.0683525,-1.55996
0.510722,-0.244791,0.0288964;-1.55788,-0.152907,-1.57145
0.510281,-0.247541,0.029048;-1.5568,-0.188972,-1.57674
0.51021,-0.247332,0.0285875;-1.57067,-0.127804,-1.57034
0.509024,-0.2416,0.0295494;-1.58234,-0.0437485,-1.55476
0.505397,-0.235037,0.0325643;-1.61545,0.0470193,-1.53525
0.510791,-0.239886,0.0304292;-1.57342,-0.0492269,-1.53805
0.51051,-0.245749,0.0288216;-1.56589,-0.153629,-1.56313
0.509701,-0.247918,0.0288912;-1.56341,-0.19311,-1.57688
0.510135,-0.247779,0.0285799;-1.57078,-0.169722,-1.57079
0.508987,-0.244946,0.0289808;-1.57981,-0.0859174,-1.56133
0.507024,-0.240667,0.0309399;-1.60194,-0.0108662,-1.54556
0.507423,-0.239582,0.0328669;-1.5931,-0.00083977,-1.51614
0.510753,-0.245286,0.0293523;-1.57225,-0.0861643,-1.55239
0.509485,-0.248115,0.0285864;-1.57039,-0.182151,-1.57069
0.508981,-0.248776,0.0286272;-1.5694,-0.205191,-1.57168
0.508546,-0.248794,0.0285801;-1.57071,-0.156667,-1.57058
0.506955,-0.2464,0.0290975;-1.58033,-0.0853624,-1.56068
0.501587,-0.240466,0.0331649;-1.63177,0.0303215,-1.53337
0.503592,-0.240439,0.0316541;-1.60215,0.000841171,-1.54214
0.504381,-0.24492,0.0286458;-1.57078,-0.0897814,-1.56763
0.502316,-0.247611,0.0288716;-1.56072,-0.191492,-1.57289
0.502616,-0.247247,0.0285814;-1.57072,-0.162534,-1.57072
0.502188,-0.247066,0.0286161;-1.57271,-0.123098,-1.57014
0.496676,-0.240395,0.0323864;-1.62158,0.0104359,-1.54359
0.497205,-0.236271,0.0333875;-1.63273,0.0294442,-1.54139
0.498939,-0.241716,0.0288123;-1.57374,-0.0374151,-1.56248
0.497,-0.245454,0.0288117;-1.56166,-0.159316,-1.57146
0.496987,-0.245591,0.0285802;-1.57069,-0.150851,-1.57072
0.497046,-0.245111,0.0286075;-1.57078,-0.107543,-1.56947
0.494702,-0.239502,0.0323934;-1.60295,0.0239354,-1.53266
0.496278,-0.240689,0.0327484;-1.59842,0.00115585,-1.52905
0.496898,-0.247567,0.0294797;-1.56742,-0.0828024,-1.55082
0.495899,-0.251573,0.0286271;-1.571,-0.214804,-1.5686
0.4961,-0.250665,0.0286087;-1.57051,-0.146863,-1.56898
0.497793,-0.247351,0.0289015;-1.56467,-0.0425443,-1.56047
0.496303,-0.241347,0.0325183;-1.58074,0.0601184,-1.52114
0.497148,-0.241771,0.0330925;-1.58331,0.0266434,-1.51935
0.497153,-0.246985,0.0310934;-1.55961,-0.0490785,-1.52951
0.494398,-0.254455,0.0286049;-1.57193,-0.217751,-1.57028
0.494815,-0.253607,0.028602;-1.57085,-0.167578,-1.56966
0.495615,-0.251706,0.0286057;-1.57077,-0.101525,-1.56949
0.495681,-0.239238,0.0309731;-1.59467,0.0421548,-1.54587
0.494928,-0.239494,0.0327091;-1.58902,0.000377029,-1.52483
0.494235,-0.240886,0.0326657;-1.5581,-0.0237165,-1.51261
0.494592,-0.249466,0.0286618;-1.56674,-0.18735,-1.56996
0.49473,-0.250703,0.0286475;-1.56885,-0.171272,-1.57206
0.495148,-0.251729,0.0289132;-1.55705,-0.124688,-1.57118
0.496813,-0.246152,0.0291678;-1.56992,-0.038479,-1.55897
0.495358,-0.240403,0.0334705;-1.61483,0.0242951,-1.52383
0.498517,-0.241912,0.0331823;-1.59828,-0.029609,-1.52102
0.500478,-0.248813,0.0289791;-1.56523,-0.112062,-1.55669
0.49937,-0.253472,0.0286484;-1.5681,-0.165327,-1.57116
0.499887,-0.25518,0.0287582;-1.56908,-0.101721,-1.57757
0.500423,-0.254092,0.0287361;-1.57065,-0.0341043,-1.56316
0.497859,-0.240892,0.0345024;-1.62895,0.118316,-1.51422
0.501404,-0.242696,0.0343475;-1.61609,0.0541263,-1.51278
0.505215,-0.247876,0.0300316;-1.57029,-0.0222267,-1.54361
0.504002,-0.25505,0.0287143;-1.5679,-0.101412,-1.57422
0.504416,-0.256879,0.0287115;-1.56668,-0.0672411,-1.57278
0.50454,-0.256871,0.0286604;-1.57262,-0.0271211,-1.56805
0.500789,-0.24476,0.0333731;-1.63623,0.131723,-1.52785
0.502495,-0.243763,0.0339697;-1.62692,0.10497,-1.52053
0.505453,-0.250181,0.0312062;-1.57177,0.0312949,-1.52783
0.504088,-0.258338,0.02858;-1.57079,-0.0778317,-1.5708
0.504394,-0.259954,0.0285957;-1.57007,-0.0521282,-1.57104
0.505296,-0.26004,0.028602;-1.5706,-0.000237167,-1.56963
0.503221,-0.251558,0.0321731;-1.60958,0.146317,-1.53408
0.50221,-0.24918,0.0343195;-1.63335,0.162418,-1.51504
0.503375,-0.251623,0.0334338;-1.59539,0.129372,-1.51111
0.502701,-0.261906,0.0285801;-1.57063,-0.0153811,-1.57074
0.502315,-0.262887,0.0285792;-1.57053,-0.0382294,-1.57077
0.502579,-0.263945,0.028579;-1.57072,0.00213164,-1.57076
0.501657,-0.259497,0.0293521;-1.58333,0.127594,-1.55877
0.499778,-0.252338,0.0333362;-1.63767,0.204939,-1.52787
0.4999,-0.252989,0.0346862;-1.65413,0.186008,-1.52065
0.500488,-0.265458,0.0287087;-1.57084,0.0624828,-1.56455
0.499985,-0.266882,0.0286186;-1.57084,0.0182625,-1.56902
0.500018,-0.267477,0.0286043;-1.57088,0.0311799,-1.56956
0.49967,-0.2662,0.0287588;-1.57632,0.142048,-1.56514
0.499637,-0.259032,0.0307703;-1.5899,0.225744,-1.54357
0.497391,-0.256097,0.0333825;-1.6287,0.249249,-1.52208
0.497932,-0.271936,0.0289376;-1.56779,0.10743,-1.55713
0.496902,-0.274139,0.0285802;-1.57078,0.0378562,-1.57078
0.49673,-0.274949,0.0286216;-1.57075,0.0334186,-1.56876
0.49654,-0.274015,0.0286988;-1.57106,0.133404,-1.56493
0.497363,-0.268017,0.0298545;-1.58012,0.206738,-1.55157
0.495428,-0.258482,0.033123;-1.61829,0.278444,-1.52257
0.496638,-0.270049,0.0298976;-1.56626,0.164068,-1.5457
0.494559,-0.274829,0.0286877;-1.57089,0.0592272,-1.56557
0.494516,-0.27605,0.0286209;-1.5708,0.0336312,-1.56885
0.495289,-0.274286,0.0286555;-1.57091,0.165297,-1.56643
0.495783,-0.270353,0.0292964;-1.58043,0.212619,-1.55727
0.49378,-0.261151,0.0328709;-1.63648,0.282397,-1.53028
0.495155,-0.269206,0.0306185;-1.56246,0.161179,-1.5355
0.493573,-0.274139,0.0288116;-1.57066,0.0773438,-1.55977
0.492793,-0.275811,0.0285877;-1.57085,0.0299344,-1.57049
0.494197,-0.27556,0.0285898;-1.5711,0.159057,-1.56957
0.493352,-0.272087,0.0290586;-1.59071,0.220297,-1.56298
0.492173,-0.263049,0.0320393;-1.63209,0.297524,-1.53472
0.494513,-0.26882,0.0321302;-1.58062,0.20048,-1.52065
0.494678,-0.275006,0.0288973;-1.5688,0.112762,-1.55788
0.493478,-0.276907,0.02858;-1.57059,0.0547453,-1.57111
0.49357,-0.278581,0.0285794;-1.57084,0.10338,-1.57069
0.493771,-0.276374,0.0287938;-1.57348,0.183139,-1.56267
0.492549,-0.270144,0.030168;-1.59753,0.26332,-1.54824
0.492859,-0.266323,0.0342187;-1.61277,0.270379,-1.50263
0.495257,-0.273468,0.0304495;-1.57142,0.188573,-1.53835
0.492868,-0.278673,0.0286713;-1.57067,0.0906326,-1.56644
0.49212,-0.28016,0.0285865;-1.5708,0.0678293,-1.57026
0.49208,-0.279953,0.0285975;-1.57206,0.111993,-1.57062
0.490859,-0.277648,0.0290424;-1.58566,0.186529,-1.56048
0.488094,-0.262824,0.0345559;-1.64998,0.310984,-1.50678
0.490818,-0.270109,0.0332839;-1.59328,0.233953,-1.50964
0.490377,-0.278535,0.0289418;-1.56734,0.146271,-1.55753
0.488213,-0.281405,0.0285796;-1.57072,0.0421922,-1.57084
0.48837,-0.281721,0.028576;-1.57089,0.0870276,-1.57061
0.487415,-0.281122,0.0286861;-1.57251,0.136191,-1.56591
0.484534,-0.267537,0.0345806;-1.64727,0.301868,-1.50953
0.485423,-0.266526,0.0349778;-1.64387,0.287395,-1.50417
0.486167,-0.275452,0.0299051;-1.56844,0.21616,-1.54367
0.483148,-0.282627,0.0285785;-1.5705,0.0372307,-1.57046
0.483397,-0.282518,0.0285885;-1.57004,0.0777558,-1.5702
0.483271,-0.282338,0.0285888;-1.57091,0.126609,-1.57008
0.483037,-0.271704,0.0330142;-1.62093,0.27872,-1.52315
0.482935,-0.271105,0.0348227;-1.65881,0.25863,-1.51411
0.481995,-0.279921,0.0308018;-1.55719,0.202679,-1.53523
0.479397,-0.286259,0.0286893;-1.5742,0.0769511,-1.56774
0.47937,-0.285997,0.0286392;-1.57139,0.0954705,-1.56715
0.479399,-0.285462,0.0286279;-1.57133,0.136766,-1.56766
0.479399,-0.285462,0.0286279;-1.57133,0.136766,-1.56766
0.478692,-0.283726,0.0288566;-1.58134,0.20231,-1.5641
0.478692,-0.283726,0.0288566;-1.58134,0.20231,-1.5641
