0.5,-0.3,0.06;-1.57,-2.98023e-08,-1.57
0.5,-0.3,0.06;-1.57,-2.98023e-08,-1.57
0.5,-0.3,0.06;-1.57,-2.98023e-08,-1.57
0.498691,-0.29798,0.0285842;-1.57051,-0.260947,-1.57083
0.499281,-0.296953,0.0286055;-1.56958,-0.216779,-1.57023
0.500469,-0.286522,0.0299839;-1.58034,-0.108019,-1.55106
0.498226,-0.27155,0.0324412;-1.61158,-0.00754742,-1.53624
0.500898,-0.277877,0.02861;-1.57046,-0.19452,-1.57235
0.500497,-0.278206,0.0285802;-1.57079,-0.259891,-1.57106
0.500501,-0.278195,0.0285921;-1.57099,-0.273584,-1.57019
0.500589,-0.277814,0.0285803;-1.57063,-0.224032,-1.57066
0.502897,-0.273675,0.0289509;-1.57766,-0.139971,-1.56254
0.505022,-0.267027,0.0316572;-1.59137,-0.0516847,-1.53611
0.506716,-0.263584,0.0301679;-1.58285,-0.0238505,-1.54883
0.50819,-0.267226,0.0287829;-1.5696,-0.0931313,-1.58154
0.50821,-0.266311,0.0292985;-1.5795,-0.137244,-1.58482
0.507773,-0.267652,0.0288633;-1.57059,-0.127218,-1.5843
0.507639,-0.263581,0.0296328;-1.55841,-0.062996,-1.56143
0.508276,-0.25497,0.0315203;-1.58337,0.0229885,-1.53046
0.507608,-0.248818,0.0325898;-1.6036,0.0767241,-1.52682
0.509198,-0.249187,0.0294466;-1.58499,0.0496451,-1.55849
0.510464,-0.252449,0.0289023;-1.57053,-0.044386,-1.58613
0.508612,-0.255446,0.0291439;-1.57567,-0.0794374,-1.58377
0.508119,-0.256307,0.0289465;-1.57784,-0.0628352,-1.58173
0.508141,-0.255214,0.028818;-1.57722,0.0155468,-1.56583
0.508556,-0.250342,0.0296958;-1.59206,0.0766046,-1.55994
0.507909,-0.249678,0.0287872;-1.57098,0.0826507,-1.56084
0.505334,-0.24816,0.0286818;-1.57079,-0.0888022,-1.57599
0.505325,-0.248162,0.0287274;-1.5735,-0.106357,-1.57561
0.505167,-0.248773,0.0287274;-1.57146,-0.0914095,-1.57765
0.505185,-0.245588,0.029652;-1.5804,0.0294128,-1.55649
0.504733,-0.244446,0.032666;-1.61005,0.105489,-1.53609
0.505694,-0.241219,0.0321316;-1.60186,0.106546,-1.54081
0.506848,-0.244526,0.0288208;-1.56722,-0.0633721,-1.57848
0.50687,-0.246229,0.028772;-1.57081,-0.0899604,-1.57997
0.506919,-0.248813,0.0287739;-1.57087,-0.0673199,-1.58005
0.505695,-0.250421,0.0293643;-1.59177,0.0599016,-1.57114
0.504043,-0.246544,0.0328282;-1.63633,0.134632,-1.54885
0.503843,-0.244508,0.0351613;-1.67935,0.162401,-1.54472
0.508067,-0.249951,0.0288939;-1.57065,0.0400005,-1.58593
0.508199,-0.253313,0.0287834;-1.57187,-0.0112566,-1.58057
0.508573,-0.254046,0.0288181;-1.5724,-0.0275356,-1.58068
0.507016,-0.258713,0.0290391;-1.58182,0.0978174,-1.58087
0.50605,-0.254519,0.0313049;-1.62836,0.172421,-1.56361
0.504717,-0.249528,0.0362735;-1.71255,0.249257,-1.53665
0.507533,-0.254373,0.0288504;-1.57066,0.139253,-1.58389
0.507625,-0.255191,0.0288089;-1.57013,0.0678445,-1.58239
0.508364,-0.255743,0.0287476;-1.57137,-0.0136593,-1.57876
0.507207,-0.260033,0.028788;-1.5741,0.0981934,-1.57735
0.506327,-0.257498,0.0291993;-1.58828,0.16951,-1.56565
0.504428,-0.251608,0.034177;-1.66008,0.266978,-1.53244
0.506694,-0.252218,0.0294668;-1.56256,0.210761,-1.55516
0.506172,-0.25742,0.0289975;-1.55707,0.0889763,-1.56538
0.505256,-0.261336,0.028921;-1.55875,-0.0189943,-1.56607
0.505343,-0.261913,0.0291012;-1.56291,-0.00434013,-1.55357
0.505854,-0.256996,0.0297655;-1.57918,0.0597166,-1.55195
0.504468,-0.248921,0.0329392;-1.61415,0.144183,-1.52838
0.505707,-0.243053,0.0306073;-1.56268,0.136739,-1.53981
0.504726,-0.251582,0.0292386;-1.55273,0.0357292,-1.5577
0.502864,-0.256795,0.0290938;-1.55538,-0.0622245,-1.56038
0.501664,-0.258665,0.0287088;-1.56999,-0.124383,-1.56432
0.501605,-0.256517,0.028924;-1.57438,-0.0760049,-1.56237
0.50119,-0.252376,0.0311257;-1.58509,-0.011024,-1.53951
0.499394,-0.243743,0.0307129;-1.58067,0.0701073,-1.54005
0.500383,-0.244639,0.028746;-1.57087,0.0282545,-1.56277
0.499544,-0.245224,0.0286205;-1.56889,-0.0124219,-1.57068
0.496863,-0.247602,0.0287114;-1.56435,-0.15671,-1.56952
0.496682,-0.247577,0.0285798;-1.57072,-0.156986,-1.57059
0.496238,-0.246997,0.029388;-1.57825,-0.138022,-1.55886
0.494204,-0.242764,0.0326461;-1.61254,-0.0364808,-1.53763
0.494192,-0.235701,0.030713;-1.57014,-0.00664358,-1.54425
0.493872,-0.236113,0.0286399;-1.56792,-0.00713953,-1.571
0.493314,-0.240626,0.0290855;-1.55206,-0.0663355,-1.57492
0.493079,-0.241085,0.0285772;-1.57115,-0.0715035,-1.57099
0.49285,-0.241867,0.0287211;-1.57432,-0.0741689,-1.56789
0.489379,-0.239016,0.0321176;-1.62195,-0.0143493,-1.5452
0.490484,-0.237677,0.031603;-1.59422,-0.00330514,-1.53976
0.490091,-0.239355,0.0287808;-1.57247,-0.0240761,-1.56285
0.488985,-0.242974,0.0289432;-1.5604,-0.10204,-1.57663
0.48913,-0.24308,0.0285807;-1.57064,-0.0939545,-1.57085
0.48896,-0.24313,0.0285826;-1.57087,-0.0666829,-1.5708
0.485861,-0.242201,0.0318822;-1.61935,0.02262,-1.54583
0.487653,-0.241098,0.032434;-1.61036,0.0185939,-1.53974
0.487818,-0.243006,0.0288215;-1.56981,-0.00586778,-1.55982
0.486341,-0.24325,0.0287335;-1.56839,-0.128212,-1.57559
0.486318,-0.244256,0.0287212;-1.57067,-0.105839,-1.57752
0.485554,-0.245529,0.0288461;-1.57711,-0.0514744,-1.57785
0.481471,-0.246685,0.0337703;-1.65913,0.0342195,-1.55041
0.482905,-0.245507,0.0364806;-1.69778,0.0276102,-1.54613
0.48172,-0.248025,0.0287998;-1.56621,0.0445274,-1.57687
0.480159,-0.246608,0.028875;-1.57231,-0.0660762,-1.58335
0.479775,-0.24715,0.0290528;-1.57594,-0.0609199,-1.58878
0.479528,-0.248586,0.0291569;-1.57043,-0.041751,-1.58905
0.473666,-0.251903,0.0362341;-1.58148,0.0990342,-1.56865
0.474372,-0.25352,0.0378577;-1.57293,0.0905534,-1.58117
0.473692,-0.254687,0.0336914;-1.49785,0.10911,-1.59386
0.473336,-0.253484,0.0341179;-1.47104,0.0496642,-1.59136
0.472934,-0.254598,0.0336748;-1.48748,-0.0680168,-1.58248
0.473404,-0.25694,0.0310763;-1.55895,-0.00905249,-1.61242
0.472444,-0.259785,0.0312504;-1.55141,0.0352688,-1.60498
0.468263,-0.257005,0.035455;-1.59727,0.196064,-1.57318
0.469777,-0.257566,0.0360314;-1.50374,0.176029,-1.59895
0.469428,-0.255891,0.0341566;-1.47391,0.151191,-1.60012
0.468524,-0.259495,0.0337372;-1.47439,0.0382555,-1.58614
0.468321,-0.26323,0.0336508;-1.47634,0.0612885,-1.58781
0.467936,-0.266575,0.0337764;-1.47732,0.0938376,-1.59366
0.466055,-0.26285,0.0358631;-1.50268,0.200133,-1.55909
0.467486,-0.257767,0.0379376;-1.45638,0.181388,-1.57206
0.467978,-0.25506,0.0345165;-1.45472,0.182013,-1.59174
0.466822,-0.262802,0.0333869;-1.4749,0.0800262,-1.58676
0.466523,-0.265359,0.0328714;-1.47575,0.0869588,-1.58148
0.46592,-0.266085,0.0328164;-1.48217,0.0839915,-1.58135
0.464101,-0.263521,0.0358886;-1.50808,0.100297,-1.54659
0.465988,-0.259713,0.0371544;-1.47531,0.0803253,-1.56496
0.467649,-0.2578,0.0333768;-1.47997,0.0932905,-1.58456
0.465888,-0.254478,0.0308576;-1.52533,0.0693482,-1.58847
0.464506,-0.254543,0.0309215;-1.52373,0.0315838,-1.58514
0.463885,-0.254721,0.0302986;-1.53297,0.0227985,-1.58389
0.462173,-0.257501,0.0352974;-1.54426,-0.0419267,-1.55035
0.463155,-0.252387,0.0399198;-1.5197,-0.00262714,-1.55932
0.465434,-0.249001,0.0386158;-1.42728,-0.0200304,-1.57581
0.464298,-0.24221,0.0302666;-1.53467,-0.0221916,-1.58068
0.463922,-0.242215,0.0303461;-1.53673,-0.0632196,-1.58143
0.464157,-0.241741,0.0294199;-1.55453,-0.0615906,-1.58648
0.463965,-0.245239,0.0314696;-1.58028,-0.0982275,-1.55565
0.46141,-0.248551,0.0379;-1.62268,-0.0918639,-1.53721
0.463274,-0.24687,0.0370703;-1.58127,-0.10168,-1.55748
0.466436,-0.242002,0.031693;-1.54909,-0.08855,-1.60956
0.466221,-0.242066,0.0318874;-1.54245,-0.0896744,-1.60392
0.466951,-0.242714,0.0321104;-1.5464,-0.0952594,-1.6085
0.467694,-0.244467,0.0315862;-1.53655,-0.0908798,-1.57583
0.465147,-0.248015,0.0344224;-1.60975,-0.101022,-1.5396
0.464469,-0.246159,0.0389488;-1.58707,-0.0706978,-1.54172
0.469668,-0.244376,0.0336551;-1.4933,-0.106085,-1.58729
0.468719,-0.242553,0.0335454;-1.53224,-0.0904345,-1.61913
0.469005,-0.243494,0.0338451;-1.5369,-0.0938852,-1.62494
0.470268,-0.243363,0.0291881;-1.57577,-0.0624346,-1.58495
0.469431,-0.243308,0.0320115;-1.63124,-0.0476297,-1.58548
0.468765,-0.243971,0.0370315;-1.7023,-0.0540247,-1.56014
0.473378,-0.24789,0.0301186;-1.56931,-0.10085,-1.603
0.472872,-0.248291,0.0308056;-1.56479,-0.115399,-1.60694
0.473393,-0.247178,0.0304755;-1.56894,-0.12863,-1.60244
0.473023,-0.249418,0.0318207;-1.56368,-0.076467,-1.62229
0.471609,-0.2492,0.0359082;-1.59453,-0.0334456,-1.5968
0.469746,-0.247109,0.0411864;-1.70004,-0.00454427,-1.5672
0.474622,-0.253459,0.0336318;-1.53235,-0.0436082,-1.63452
0.474528,-0.252099,0.0326822;-1.55985,-0.0560159,-1.63054
0.472828,-0.252564,0.0333563;-1.57027,-0.10528,-1.63391
0.473098,-0.255118,0.0329476;-1.56227,-0.0619919,-1.63702
0.469871,-0.257242,0.0374386;-1.56721,0.00948998,-1.61482
0.465412,-0.259045,0.0462735;-1.59156,0.0898918,-1.58556
0.466245,-0.268954,0.0398972;-1.40476,0.0937464,-1.64732
0.465944,-0.265659,0.0362945;-1.49945,0.0625321,-1.64432
0.464619,-0.258771,0.0340766;-1.5514,0.0181851,-1.63962
0.464218,-0.260214,0.0334387;-1.56191,-0.0143999,-1.64382
0.464295,-0.262583,0.0325757;-1.5606,0.028044,-1.63487
0.462057,-0.264642,0.0349898;-1.55604,0.0912521,-1.61495
0.464156,-0.264062,0.0415283;-1.5016,0.0892486,-1.60447
0.465083,-0.263002,0.0352455;-1.48396,0.0884912,-1.62275
0.465401,-0.260661,0.0321645;-1.55117,0.0905164,-1.62279
0.462736,-0.261982,0.0319197;-1.54172,0.0535633,-1.61205
0.463405,-0.263935,0.0306235;-1.54934,0.0709853,-1.60399
0.463366,-0.266014,0.0313117;-1.53825,0.0633142,-1.59185
0.464526,-0.267745,0.0394138;-1.49857,0.101074,-1.56814
0.466121,-0.265951,0.0344156;-1.46626,0.106343,-1.59127
0.467056,-0.265895,0.0326963;-1.49495,0.132364,-1.59817
0.464646,-0.264944,0.0308552;-1.52293,0.11547,-1.58977
0.464099,-0.266642,0.0306315;-1.52464,0.117668,-1.58812
0.463713,-0.266821,0.0292018;-1.55113,0.106894,-1.58283
0.460779,-0.270357,0.0349197;-1.56798,0.0764937,-1.54606
0.46194,-0.270682,0.0348969;-1.53757,0.0440397,-1.57804
0.463536,-0.272505,0.0299925;-1.54695,0.0621613,-1.58921
0.462932,-0.27017,0.029401;-1.54994,0.0606044,-1.58501
0.462768,-0.270426,0.02939;-1.54629,0.0759136,-1.58703
0.462539,-0.270039,0.0296639;-1.54094,0.0598091,-1.58055
0.460432,-0.273558,0.0353628;-1.58084,-0.0120013,-1.53807
0.460819,-0.274626,0.0356823;-1.55719,-0.0812259,-1.56276
0.461825,-0.275768,0.0290131;-1.55777,-0.0820359,-1.57738
0.461436,-0.27465,0.0291606;-1.55451,-0.0852541,-1.58099
0.461287,-0.274222,0.029149;-1.55608,-0.0840822,-1.58207
0.461568,-0.274209,0.0292839;-1.54616,-0.0592226,-1.57849
0.461568,-0.274209,0.0292839;-1.54616,-0.0592226,-1.57849
0.461476,-0.272012,0.0300153;-1.56282,-0.0645241,-1.56239
0.461476,-0.272012,0.0300153;-1.56282,-0.0645241,-1.56239
