0.5,-0.3,0.06;-1.57,-2.98023e-08,-1.57
0.5,-0.3,0.06;-1.57,-2.98023e-08,-1.57
0.5,-0.3,0.06;-1.57,-2.98023e-08,-1.57
0.498898,-0.298084,0.0286108;-1.57064,-0.258621,-1.57223
0.500044,-0.29846,0.0286624;-1.56674,-0.192977,-1.57045
0.501211,-0.288615,0.0299834;-1.57508,-0.090368,-1.55055
0.50048,-0.274172,0.0328439;-1.61305,-0.0427984,-1.53326
0.503097,-0.280249,0.028651;-1.5708,-0.202452,-1.57453
0.502729,-0.280631,0.0286354;-1.57077,-0.231136,-1.57352
0.502699,-0.280644,0.0286278;-1.57079,-0.229664,-1.57305
0.503285,-0.280785,0.0286031;-1.56926,-0.132628,-1.57102
0.506483,-0.272064,0.0298607;-1.57084,-0.0315078,-1.55144
0.506353,-0.263239,0.032696;-1.61108,0.0577432,-1.52797
0.510365,-0.261729,0.0303162;-1.58215,-0.00416241,-1.5447
0.511316,-0.266025,0.0285803;-1.57074,-0.10988,-1.57079
0.510406,-0.265916,0.0285934;-1.57138,-0.172416,-1.57178
0.510731,-0.265992,0.0285787;-1.5708,-0.116606,-1.57072
0.512402,-0.259184,0.0293152;-1.57508,-0.0265465,-1.55587
0.509563,-0.249993,0.0323821;-1.60835,0.0763426,-1.53061
0.509402,-0.246867,0.0337328;-1.61838,0.0970304,-1.5182
0.513278,-0.252358,0.02982;-1.58151,0.00318808,-1.55136
0.512973,-0.255665,0.0285794;-1.5707,-0.105794,-1.5707
0.512282,-0.255011,0.0286017;-1.57053,-0.169138,-1.57174
0.512554,-0.254296,0.0285886;-1.57077,-0.101431,-1.57044
0.511524,-0.248757,0.0291685;-1.58228,-0.0144717,-1.55959
0.510104,-0.243567,0.031059;-1.59803,0.0440883,-1.54242
0.51289,-0.245765,0.028768;-1.57133,-0.0233871,-1.5622
0.510841,-0.247065,0.0286702;-1.56873,-0.188809,-1.57295
0.510554,-0.247994,0.0287416;-1.56635,-0.203723,-1.57342
0.51054,-0.248357,0.0285893;-1.57117,-0.171317,-1.57137
0.506859,-0.242815,0.0298139;-1.59333,0.00135359,-1.5573
0.504164,-0.237156,0.0337078;-1.65224,0.0699536,-1.54355
0.50708,-0.239998,0.0330368;-1.62918,0.0276485,-1.54216
0.508461,-0.245551,0.0289852;-1.56324,-0.151099,-1.58153
0.509061,-0.248317,0.0294477;-1.56019,-0.203126,-1.58533
0.509309,-0.248983,0.0295813;-1.56385,-0.208288,-1.58749
0.507767,-0.245842,0.0294328;-1.59459,-0.0490501,-1.56812
0.505357,-0.238077,0.0334048;-1.64869,0.0409812,-1.55138
0.504707,-0.236606,0.034972;-1.67485,0.0579856,-1.54708
0.51185,-0.241476,0.0289377;-1.57093,-0.0951084,-1.58804
0.512508,-0.2448,0.0297148;-1.56577,-0.148586,-1.59123
0.512988,-0.247089,0.0300873;-1.56735,-0.183317,-1.59719
0.51147,-0.247883,0.0291615;-1.58565,-0.0747509,-1.58008
0.508904,-0.240797,0.0318512;-1.63385,0.013568,-1.56427
0.506314,-0.236242,0.0356536;-1.69161,0.081687,-1.54667
0.513967,-0.238071,0.0291995;-1.59729,-0.053976,-1.57635
0.514181,-0.241507,0.0289177;-1.57262,-0.103655,-1.5851
0.5157,-0.246434,0.0296857;-1.56838,-0.177986,-1.59235
0.514435,-0.248398,0.0290422;-1.5813,-0.0959274,-1.58324
0.512018,-0.243236,0.030072;-1.61147,-0.00305397,-1.57053
0.508368,-0.236963,0.0345309;-1.6748,0.0915323,-1.54423
0.515111,-0.242843,0.0288297;-1.57828,-0.0347809,-1.57572
0.51426,-0.242685,0.0289104;-1.56531,-0.114445,-1.58203
0.514851,-0.246331,0.0295035;-1.56212,-0.17295,-1.58692
0.514364,-0.247076,0.0289921;-1.59071,-0.0923411,-1.57292
0.512282,-0.242965,0.0293601;-1.59575,-0.00404559,-1.56418
0.508626,-0.236428,0.0333102;-1.63879,0.0808649,-1.54
0.512708,-0.243436,0.0290831;-1.57884,-0.0132631,-1.55396
0.511842,-0.24602,0.0285811;-1.57052,-0.122338,-1.57065
0.510937,-0.247432,0.0288769;-1.56343,-0.187752,-1.57631
0.511181,-0.247566,0.0285801;-1.5708,-0.169478,-1.57082
0.510077,-0.24453,0.0289962;-1.58062,-0.0816525,-1.56158
0.50727,-0.238945,0.0308152;-1.60011,-0.000262558,-1.54851
0.508098,-0.236239,0.0322881;-1.58647,-0.000351816,-1.52229
0.510572,-0.241693,0.0288442;-1.56901,-0.0948891,-1.55975
0.509902,-0.243808,0.0288867;-1.56039,-0.139729,-1.57434
0.509574,-0.244982,0.0288479;-1.56127,-0.149307,-1.57271
0.509083,-0.244432,0.0285972;-1.57155,-0.0788793,-1.56995
0.508078,-0.241437,0.0292685;-1.58186,0.00300432,-1.55853
0.506213,-0.237105,0.0330938;-1.62724,0.0862888,-1.52531
0.510348,-0.23952,0.0310442;-1.58803,0.0192269,-1.53979
0.510895,-0.243836,0.0286178;-1.57077,-0.0791158,-1.56897
0.508743,-0.246707,0.0288742;-1.56152,-0.184696,-1.57411
0.509346,-0.246187,0.028584;-1.57068,-0.131224,-1.57027
0.508555,-0.24417,0.0288263;-1.5755,-0.0633938,-1.56365
0.505186,-0.235746,0.0343186;-1.63126,0.0737608,-1.51955
0.509583,-0.236064,0.0334985;-1.61014,0.0145655,-1.52449
0.512202,-0.241424,0.02871;-1.57095,-0.0757557,-1.56475
0.510709,-0.245787,0.0288818;-1.56207,-0.168678,-1.57516
0.511444,-0.245823,0.0285798;-1.5708,-0.125696,-1.57078
0.511367,-0.244454,0.0286964;-1.57202,-0.0640857,-1.56519
0.507412,-0.236135,0.033133;-1.62879,0.0813154,-1.53329
0.511306,-0.236545,0.0334369;-1.60783,0.0310982,-1.52369
0.513393,-0.241772,0.0287739;-1.57107,-0.0541334,-1.56146
0.511996,-0.246158,0.0287354;-1.56679,-0.1424,-1.57375
0.512565,-0.248042,0.0289437;-1.55901,-0.104008,-1.57528
0.512988,-0.247202,0.0287264;-1.57076,-0.0664975,-1.5637
0.508657,-0.236863,0.0336444;-1.62718,0.0911327,-1.52548
0.512135,-0.236956,0.0339717;-1.62297,0.0420452,-1.52689
0.514848,-0.243109,0.0288792;-1.57187,-0.0303602,-1.55703
0.51389,-0.248428,0.0288092;-1.56847,-0.123675,-1.57957
0.514255,-0.250836,0.0288722;-1.57043,-0.0875224,-1.58484
0.514627,-0.251673,0.0287189;-1.57153,-0.0542729,-1.57657
0.510388,-0.240698,0.0340105;-1.6502,0.141292,-1.53578
0.512071,-0.242748,0.0337671;-1.64796,0.127603,-1.54116
0.512446,-0.245069,0.0320122;-1.61523,0.120223,-1.54471
0.514175,-0.250416,0.0288577;-1.56893,-0.0507364,-1.58241
0.515073,-0.255948,0.0290058;-1.57135,-0.11434,-1.58589
0.514944,-0.258504,0.0289139;-1.57082,-0.0624818,-1.58635
0.514258,-0.255936,0.0294508;-1.59541,0.0356875,-1.57227
0.510469,-0.246915,0.0360782;-1.68716,0.220387,-1.52154
0.51355,-0.250783,0.0331698;-1.64014,0.162433,-1.55146
0.515576,-0.253962,0.0289186;-1.56965,0.0606571,-1.58637
0.515379,-0.256471,0.0288694;-1.57149,-0.0763488,-1.58452
0.515603,-0.259904,0.0289971;-1.57554,-0.0395723,-1.58629
0.514639,-0.260365,0.0290738;-1.58816,0.0421653,-1.57501
0.509026,-0.247714,0.0352929;-1.6993,0.244724,-1.53208
0.511518,-0.25255,0.0340189;-1.66145,0.218223,-1.54184
0.514072,-0.259152,0.0286977;-1.5706,0.120772,-1.57641
0.514386,-0.258617,0.0287363;-1.57085,-0.062892,-1.57819
0.514587,-0.260594,0.028715;-1.5707,-0.0197347,-1.57706
0.513452,-0.261989,0.0288373;-1.58292,0.0648144,-1.57071
0.50838,-0.249291,0.0347478;-1.66689,0.266775,-1.52086
0.509665,-0.251463,0.0340935;-1.65045,0.240558,-1.52548
0.512076,-0.259817,0.0288054;-1.57104,0.136418,-1.55981
0.511638,-0.263244,0.0285779;-1.57055,-0.00591943,-1.57094
0.511935,-0.264275,0.0285795;-1.57066,0.00923358,-1.5707
0.512355,-0.264344,0.0286275;-1.57068,0.0660754,-1.56796
0.510124,-0.250625,0.0331952;-1.62774,0.238623,-1.52186
0.510062,-0.249203,0.0343578;-1.63901,0.247735,-1.51294
0.51333,-0.252956,0.0312993;-1.59086,0.183897,-1.53579
0.513182,-0.261408,0.0285789;-1.5708,0.0527246,-1.57085
0.512993,-0.264094,0.0285863;-1.57054,0.0198512,-1.57125
0.513849,-0.26544,0.0286915;-1.56539,0.0611445,-1.57069
0.514686,-0.256538,0.0307423;-1.59413,0.206112,-1.54218
0.512758,-0.249743,0.0346306;-1.64394,0.266433,-1.50899
0.514988,-0.250451,0.0339602;-1.62663,0.236508,-1.5138
0.516663,-0.260928,0.0285815;-1.57034,0.0866322,-1.57066
0.515943,-0.263618,0.028584;-1.57028,0.0415879,-1.57084
0.516032,-0.265446,0.0285846;-1.57073,0.0443598,-1.57099
0.517946,-0.26092,0.0294467;-1.57695,0.166977,-1.55359
0.516292,-0.251949,0.0331842;-1.62007,0.254649,-1.51903
0.515679,-0.249894,0.0346748;-1.64052,0.263339,-1.50781
0.519554,-0.257618,0.0286789;-1.57068,0.119017,-1.56605
0.518757,-0.261115,0.0285792;-1.57085,0.068296,-1.57098
0.518493,-0.263331,0.0285935;-1.57055,0.0340174,-1.57188
0.521084,-0.262573,0.0288762;-1.568,0.135653,-1.55915
0.520177,-0.254448,0.0310202;-1.59311,0.222332,-1.53831
0.518048,-0.249519,0.034657;-1.64326,0.268804,-1.50793
0.522796,-0.257727,0.0287215;-1.57113,0.131635,-1.56421
0.522103,-0.259815,0.0287726;-1.5611,0.0763239,-1.57136
0.522001,-0.265803,0.0288581;-1.55749,0.0185879,-1.57081
0.5238,-0.266669,0.0287101;-1.57163,0.104167,-1.56403
0.524413,-0.255792,0.0311593;-1.58751,0.214334,-1.53563
0.521428,-0.249938,0.0341763;-1.63443,0.279159,-1.51056
0.525404,-0.256368,0.028812;-1.57097,0.148905,-1.55954
0.525242,-0.257438,0.0285978;-1.57005,0.0664943,-1.57133
0.526152,-0.260021,0.0287254;-1.5638,-0.0165605,-1.57068
0.528531,-0.260369,0.0285963;-1.57096,0.0531836,-1.57001
0.527179,-0.252757,0.0303884;-1.59145,0.173926,-1.55002
0.523281,-0.248705,0.0350272;-1.67548,0.26295,-1.52116
0.526287,-0.255286,0.0306224;-1.61623,0.218616,-1.55801
0.526506,-0.25881,0.02876;-1.57031,0.0870351,-1.57962
0.527743,-0.257503,0.0288134;-1.57307,-0.0271519,-1.57991
0.528773,-0.259221,0.0288091;-1.57071,-0.0313435,-1.58145
0.528382,-0.25772,0.029414;-1.59433,0.0577602,-1.57147
0.526266,-0.24535,0.0333227;-1.65999,0.176788,-1.54595
0.524977,-0.250439,0.0349244;-1.68632,0.246975,-1.54146
0.527315,-0.258825,0.0287681;-1.57059,0.133796,-1.57971
0.527437,-0.256897,0.028893;-1.57263,0.00644527,-1.58422
0.530227,-0.260176,0.0288944;-1.57761,-0.102985,-1.57959
0.529751,-0.260986,0.0288944;-1.57664,-0.0340785,-1.58026
0.529638,-0.252007,0.0304607;-1.60656,0.0857285,-1.56266
0.524125,-0.248024,0.0370984;-1.70182,0.237612,-1.52363
0.527888,-0.252421,0.0323598;-1.65446,0.174442,-1.55896
0.528562,-0.257857,0.0288087;-1.57014,0.0488684,-1.58223
0.530237,-0.256656,0.0286594;-1.57098,-0.142608,-1.57488
0.530201,-0.257889,0.0287114;-1.57071,-0.100707,-1.57688
0.530035,-0.255754,0.0286541;-1.5739,-0.002967,-1.5712
0.524531,-0.244643,0.0359712;-1.68182,0.195431,-1.52358
0.526218,-0.244896,0.033898;-1.66375,0.169519,-1.54362
0.527537,-0.253234,0.0285652;-1.573,0.0414276,-1.57244
0.52809,-0.255275,0.0286203;-1.57096,-0.164701,-1.5688
0.528401,-0.255234,0.0285801;-1.57064,-0.134502,-1.57077
0.529994,-0.253037,0.0289417;-1.56533,-0.0452453,-1.55851
0.527595,-0.239201,0.0331722;-1.61185,0.122908,-1.52368
0.528712,-0.239214,0.0336927;-1.62083,0.102139,-1.52536
0.530174,-0.245659,0.0287703;-1.57092,0.0213979,-1.56168
0.527846,-0.251682,0.0287585;-1.56371,-0.163109,-1.56795
0.528097,-0.252448,0.0287877;-1.56243,-0.158209,-1.57108
0.528639,-0.250927,0.02868;-1.57097,-0.0934383,-1.5658
0.528639,-0.250927,0.02868;-1.57097,-0.0934383,-1.5658
0.529788,-0.241713,0.0300185;-1.57669,0.0233943,-1.54876
0.529788,-0.241713,0.0300185;-1.57669,0.0233943,-1.54876
