-0.125,0.125,0.06;-1.57,-2.98023e-08,-1.57
-0.125,0.125,0.06;-1.57,-2.98023e-08,-1.57
-0.125,0.125,0.06;-1.57,-2.98023e-08,-1.57
-0.124543,0.132312,0.0285823;-1.57041,-0.140847,-1.57029
-0.125076,0.131336,0.0285893;-1.5715,-0.0714333,-1.57021
-0.127836,0.119632,0.0321293;-1.63463,0.020437,-1.57229
-0.127947,0.0914778,0.0368306;-1.42926,0.0682311,-1.57481
-0.129773,0.107386,0.0285405;-1.57021,-0.0992526,-1.57062
-0.130277,0.108061,0.0288641;-1.55839,-0.138958,-1.57027
-0.130414,0.107914,0.0288449;-1.5603,-0.13895,-1.57157
-0.129401,0.105536,0.0285392;-1.57384,-0.0104671,-1.56926
-0.13287,0.0958943,0.0317205;-1.63083,0.0769067,-1.56899
-0.134597,0.0694262,0.0400975;-1.56208,0.166936,-1.57618
-0.135969,0.0655863,0.0332151;-1.48857,0.104617,-1.57858
-0.135755,0.0757494,0.0283123;-1.56645,0.0203147,-1.57129
-0.135535,0.0770563,0.0287227;-1.56426,-0.0389111,-1.57079
-0.135516,0.0764599,0.0285792;-1.57074,-0.00789019,-1.5708
-0.137802,0.0716376,0.0303696;-1.60425,0.0677491,-1.5694
-0.140921,0.0482787,0.0384442;-1.63274,0.168898,-1.57
-0.142991,0.0260974,0.0389749;-1.39106,0.189858,-1.59
-0.143518,0.0323893,0.0337686;-1.47341,0.132454,-1.58361
-0.142106,0.042744,0.0285306;-1.57101,0.0406373,-1.57012
-0.142019,0.0432384,0.0285823;-1.57056,0.0114234,-1.57067
-0.143213,0.0419535,0.0285869;-1.57094,0.0846489,-1.56998
-0.148031,0.0290953,0.0327686;-1.64774,0.175498,-1.5605
-0.152022,0.00605104,0.0377897;-1.56342,0.227509,-1.57346
-0.152617,0.00329117,0.0307714;-1.52607,0.196656,-1.57931
-0.151442,0.0069275,0.0288137;-1.56034,0.11613,-1.57268
-0.151498,0.00658265,0.0288499;-1.55932,0.124665,-1.57374
-0.151299,0.00622136,0.0285796;-1.57072,0.169804,-1.57084
-0.161668,-0.0169788,0.0360286;-1.675,0.339524,-1.54447
-0.16712,-0.0399578,0.0421159;-1.4536,0.392508,-1.60511
-0.169286,-0.0484095,0.0372659;-1.39644,0.36975,-1.62774
-0.164164,-0.0361029,0.0285654;-1.56974,0.27393,-1.56931
-0.164248,-0.0358877,0.0288024;-1.56014,0.260252,-1.57381
-0.164172,-0.0366098,0.0287655;-1.56205,0.286558,-1.57366
-0.171207,-0.0441993,0.0318358;-1.63453,0.422992,-1.5469
-0.182309,-0.0684685,0.0401024;-1.58336,0.516987,-1.5708
-0.189849,-0.0850513,0.0384127;-1.36934,0.521627,-1.65658
-0.184544,-0.0718224,0.0284598;-1.56766,0.392904,-1.57102
-0.184195,-0.0709578,0.0288155;-1.56017,0.35026,-1.57561
-0.184338,-0.0711585,0.028835;-1.55878,0.351321,-1.57585
-0.186943,-0.0736763,0.0290876;-1.59172,0.477787,-1.56362
-0.199528,-0.0912806,0.035534;-1.68718,0.569938,-1.5169
-0.210386,-0.112943,0.0417384;-1.40342,0.63013,-1.65421
-0.208329,-0.106174,0.0285633;-1.58838,0.514843,-1.5627
-0.206259,-0.104154,0.0285807;-1.57063,0.43908,-1.57062
-0.206534,-0.103335,0.0288059;-1.55972,0.404969,-1.57576
-0.207631,-0.104583,0.0286184;-1.57152,0.493745,-1.56877
-0.216733,-0.114859,0.033262;-1.66786,0.579755,-1.5207
-0.230348,-0.137338,0.0421306;-1.51934,0.671267,-1.60381
-0.232782,-0.142367,0.0286383;-1.58388,0.617813,-1.56435
-0.232098,-0.141073,0.0285755;-1.57069,0.540838,-1.57011
-0.232454,-0.140666,0.0288135;-1.55858,0.511188,-1.5775
-0.232527,-0.141105,0.0285781;-1.57091,0.557373,-1.57053
-0.238166,-0.145992,0.0325883;-1.65628,0.632065,-1.52256
-0.250906,-0.164578,0.0421122;-1.58393,0.729408,-1.56915
-0.254132,-0.172495,0.0285202;-1.57565,0.703529,-1.56852
-0.252974,-0.170835,0.0285754;-1.57139,0.634071,-1.57076
-0.252864,-0.170491,0.0287553;-1.56054,0.60561,-1.57659
-0.253029,-0.1711,0.0285803;-1.57084,0.626594,-1.57079
-0.257859,-0.173771,0.0306587;-1.6244,0.701448,-1.53724
-0.272989,-0.190124,0.0395002;-1.64444,0.800831,-1.52631
-0.283245,-0.2008,0.0350787;-1.40379,0.797602,-1.68469
-0.277922,-0.194016,0.0285541;-1.57376,0.73536,-1.5677
-0.276031,-0.1924,0.0285568;-1.56827,0.668444,-1.57193
-0.275959,-0.192322,0.0285815;-1.57075,0.666001,-1.57084
-0.277542,-0.192655,0.0286589;-1.57695,0.745614,-1.56558
-0.290331,-0.201326,0.0332926;-1.69022,0.826937,-1.48583
-0.317796,-0.229456,0.0394061;-1.27203,0.900117,-1.78967
-0.316815,-0.226179,0.0359519;-1.36164,0.852811,-1.72784
-0.30904,-0.219091,0.0283896;-1.57168,0.806629,-1.57028
-0.308678,-0.218941,0.0288048;-1.55598,0.773067,-1.58159
-0.30887,-0.219666,0.0285665;-1.57122,0.833963,-1.5701
-0.310335,-0.219776,0.0290526;-1.59954,0.86558,-1.54772
-0.342227,-0.244369,0.0447385;-1.4082,1.02904,-1.70393
-0.352575,-0.252624,0.0382856;-1.23549,0.980982,-1.846
-0.345296,-0.248486,0.0288156;-1.55411,0.990953,-1.58689
-0.342833,-0.247042,0.0287716;-1.5565,0.893426,-1.58208
-0.342798,-0.247522,0.0285796;-1.57058,0.929107,-1.57101
-0.343187,-0.247329,0.0286647;-1.57781,0.941442,-1.5651
-0.371905,-0.264096,0.043687;-1.52602,1.10637,-1.61547
-0.381855,-0.271124,0.0410701;-1.3708,1.07606,-1.74836
-0.3767,-0.270272,0.0286571;-1.57454,1.06866,-1.57022
-0.375297,-0.26922,0.0287276;-1.55797,0.987527,-1.58147
-0.375294,-0.269603,0.0285795;-1.57067,1.02127,-1.57097
-0.375519,-0.269503,0.0286669;-1.57865,1.02641,-1.56411
-0.401676,-0.283308,0.0435136;-1.53025,1.19851,-1.61421
-0.412354,-0.289394,0.040581;-1.34358,1.16772,-1.78172
-0.40829,-0.289382,0.0286334;-1.56461,1.16409,-1.57636
-0.405714,-0.288443,0.0287357;-1.55484,1.08469,-1.58481
-0.405772,-0.288808,0.0285804;-1.57024,1.12251,-1.57149
-0.405932,-0.288845,0.0285839;-1.57127,1.11494,-1.57023
-0.432768,-0.297758,0.0413259;-1.59834,1.27789,-1.55048
-0.442129,-0.301022,0.0390273;-1.23452,1.2401,-1.88729
-0.441197,-0.300403,0.0331646;-1.30644,1.24992,-1.81939
-0.43375,-0.297577,0.0286424;-1.56196,1.17059,-1.57845
-0.433769,-0.29773,0.0288787;-1.53779,1.17299,-1.60271
-0.433619,-0.297785,0.0285742;-1.57137,1.19101,-1.5698
-0.43558,-0.296938,0.0297666;-1.64022,1.24293,-1.50421
-0.473671,-0.308045,0.0420894;-1.07846,1.35965,-2.04474
-0.480933,-0.310797,0.035945;-0.955486,1.32569,-2.16477
-0.475303,-0.310889,0.0285347;-1.58152,1.37372,-1.5604
-0.474529,-0.310764,0.0286958;-1.54762,1.32757,-1.59376
-0.474779,-0.311259,0.0285744;-1.57042,1.36773,-1.57098
-0.474954,-0.31099,0.0285894;-1.57341,1.38169,-1.56802
-0.505821,-0.315728,0.0430686;-0.588208,1.51459,-2.55269
-0.519264,-0.318432,0.0372102;-0.326984,1.39836,-2.80524
-0.512716,-0.319414,0.0286168;-1.5987,1.50599,-1.54305
-0.510939,-0.318992,0.0286435;-1.54673,1.4428,-1.59464
-0.511236,-0.319248,0.0285797;-1.57036,1.47051,-1.57127
-0.5114,-0.319022,0.0285813;-1.57523,1.48291,-1.56614
-0.540005,-0.321649,0.0417228;1.22335,1.4958,1.91436
-0.55401,-0.322475,0.037808;0.30835,1.40341,2.84195
-0.547876,-0.322513,0.028359;1.87485,1.53556,1.26675
-0.54697,-0.32268,0.0286429;-1.36102,1.55671,-1.78043
-0.547321,-0.322849,0.0286839;0.395841,1.56539,2.74579
-0.547369,-0.322704,0.0285839;1.55775,1.56313,1.58433
-0.569556,-0.318036,0.0405021;1.93044,1.39904,1.20626
-0.582086,-0.31673,0.0418942;1.15084,1.39314,1.98925
-0.583798,-0.316827,0.0327205;1.07659,1.40271,2.06238
-0.579719,-0.318419,0.0286136;1.55837,1.44908,1.58331
-0.579993,-0.318468,0.0287593;1.50121,1.44602,1.63974
-0.580028,-0.31863,0.0285588;1.57678,1.4169,1.56479
-0.589987,-0.313791,0.0349705;1.95789,1.30824,1.19324
-0.608265,-0.309724,0.0440398;1.55128,1.25189,1.58821
-0.617927,-0.308021,0.0387795;1.1855,1.24407,1.9449
-0.613292,-0.310342,0.0285759;1.56812,1.28762,1.57429
-0.612174,-0.310645,0.0286528;1.55706,1.30849,1.58402
-0.612589,-0.310584,0.0287682;1.53783,1.29646,1.60237
-0.613704,-0.308973,0.0302063;1.66252,1.25427,1.48412
-0.627884,-0.30225,0.0396695;1.78658,1.14714,1.36547
-0.641436,-0.29689,0.0430729;1.47157,1.13304,1.66337
-0.643143,-0.298333,0.0285677;1.57304,1.16477,1.56853
-0.642641,-0.298558,0.0286146;1.56723,1.17673,1.57443
-0.642667,-0.298698,0.0287232;1.55319,1.17968,1.58682
-0.642725,-0.298368,0.0287292;1.58432,1.14465,1.56021
-0.653099,-0.291266,0.0342883;1.74809,1.048,1.41423
-0.67146,-0.28275,0.0439654;1.50514,0.975954,1.62504
-0.67679,-0.282268,0.0287077;1.59365,1.00905,1.54961
-0.676583,-0.282615,0.0285799;1.57115,1.02106,1.57069
-0.675802,-0.282906,0.0285823;1.57059,1.04486,1.5709
-0.676262,-0.282485,0.0285825;1.57136,1.00944,1.57067
-0.680469,-0.278214,0.0320199;1.66579,0.95263,1.49171
-0.695231,-0.268362,0.0422571;1.57468,0.865477,1.56376
-0.699744,-0.265705,0.0286258;1.58806,0.915051,1.55618
-0.699414,-0.266204,0.0285789;1.57097,0.93155,1.57077
-0.69879,-0.266429,0.0285882;1.56993,0.948737,1.57154
-0.699256,-0.26636,0.0285764;1.57146,0.910569,1.57051
-0.700486,-0.263346,0.0318347;1.65346,0.874242,1.50612
-0.711569,-0.251503,0.0421687;1.66179,0.768393,1.49842
-0.71813,-0.244358,0.0296461;1.53065,0.807341,1.60001
-0.717385,-0.245696,0.0285772;1.57116,0.832233,1.57047
-0.717045,-0.24593,0.0286279;1.56735,0.837781,1.57338
-0.717147,-0.245935,0.0285794;1.57069,0.8214,1.5708
-0.716798,-0.245529,0.0290021;1.58626,0.801857,1.55966
-0.72099,-0.237834,0.0365447;1.72501,0.719855,1.4653
-0.736938,-0.219707,0.0376976;1.47628,0.675319,1.63369
-0.735936,-0.223528,0.0285527;1.57891,0.701022,1.5653
-0.735972,-0.223688,0.0285871;1.57075,0.708939,1.57126
-0.736433,-0.223855,0.0286308;1.56761,0.676408,1.5728
-0.736454,-0.223667,0.0285772;1.5709,0.666857,1.57083
-0.736707,-0.220777,0.0311148;1.62119,0.637283,1.54092
-0.750369,-0.195916,0.0428057;1.52126,0.526334,1.598
-0.751716,-0.193685,0.0318603;1.49307,0.54934,1.61338
-0.751013,-0.196362,0.0285639;1.57174,0.557954,1.57026
-0.750737,-0.196757,0.0287497;1.56136,0.564815,1.5757
-0.750715,-0.196911,0.0285793;1.57069,0.556142,1.57076
-0.750426,-0.196422,0.0288652;1.58427,0.531604,1.56658
-0.761668,-0.169339,0.0448352;1.57609,0.383553,1.56775
-0.764383,-0.162897,0.0390116;1.48816,0.411112,1.60417
-0.763827,-0.167318,0.0285807;1.571,0.44214,1.57052
-0.763358,-0.168268,0.0285838;1.57048,0.469701,1.57099
-0.764105,-0.168184,0.0285604;1.57181,0.425096,1.57114
-0.764023,-0.167827,0.0285869;1.57161,0.413805,1.57082
-0.768719,-0.146195,0.0430981;1.61044,0.271142,1.55374
-0.771734,-0.13813,0.0408061;1.52341,0.300465,1.58168
-0.771118,-0.141933,0.028638;1.57079,0.333397,1.56799
-0.770607,-0.14341,0.0286366;1.56794,0.374793,1.57187
-0.771525,-0.14307,0.0285773;1.57043,0.326724,1.57089
-0.771523,-0.142661,0.0285768;1.57085,0.308971,1.57097
-0.771523,-0.142661,0.0285768;1.57085,0.308971,1.57097
-0.771064,-0.138723,0.0319629;1.62843,0.275677,1.55204
-0.771064,-0.138723,0.0319629;1.62843,0.275677,1.55204
