-0.125,0.125,0.06;-1.57,-2.98023e-08,-1.57
-0.125,0.125,0.06;-1.57,-2.98023e-08,-1.57
-0.125,0.125,0.06;-1.57,-2.98023e-08,-1.57
-0.12469,0.132086,0.0285809;-1.57069,-0.142856,-1.57062
-0.125056,0.130844,0.02858;-1.57117,-0.0694865,-1.57046
-0.127942,0.11904,0.0320592;-1.63154,0.0238667,-1.57223
-0.128286,0.0896918,0.0367606;-1.43179,0.0754053,-1.57535
-0.129955,0.104403,0.0285142;-1.56783,-0.0913539,-1.57107
-0.130245,0.104907,0.0288221;-1.56025,-0.12444,-1.57051
-0.13024,0.104483,0.028829;-1.56094,-0.116271,-1.57179
-0.129169,0.102357,0.0285841;-1.57078,0.0120391,-1.57005
-0.131989,0.0909475,0.031321;-1.62008,0.105337,-1.5685
-0.133048,0.0634552,0.0392243;-1.50312,0.193201,-1.58095
-0.134672,0.0617967,0.0334365;-1.48448,0.118755,-1.58046
-0.134599,0.0730159,0.0283507;-1.56657,0.0301982,-1.57097
-0.134204,0.0744434,0.0287244;-1.56441,-0.0337721,-1.571
-0.134185,0.072566,0.0285784;-1.57081,0.0357337,-1.57081
-0.137058,0.0641185,0.0302537;-1.60454,0.116293,-1.5706
-0.139699,0.0380101,0.0376181;-1.55798,0.2095,-1.5776
-0.14141,0.0240272,0.0388538;-1.39545,0.197878,-1.59237
-0.142874,0.0316782,0.0336892;-1.47627,0.124244,-1.58384
-0.142542,0.0432463,0.0285243;-1.5708,0.0196552,-1.56979
-0.142283,0.0438421,0.0285807;-1.57067,-0.00448807,-1.57092
-0.143431,0.0425639,0.0285951;-1.57182,0.0658979,-1.57057
-0.147305,0.0280451,0.0320617;-1.63367,0.160066,-1.56516
-0.1499,0.00641882,0.0360001;-1.479,0.193832,-1.58468
-0.151465,0.010218,0.0314688;-1.51567,0.117475,-1.57831
-0.150582,0.0176199,0.0287395;-1.56063,-0.0145325,-1.5718
-0.150549,0.0168627,0.0288102;-1.5603,0.00533661,-1.57245
-0.150308,0.0166274,0.0285859;-1.57099,0.0559026,-1.57099
-0.156906,-0.0100544,0.0354448;-1.62248,0.224713,-1.56669
-0.15867,-0.0326236,0.0397751;-1.37706,0.255922,-1.60276
-0.16103,-0.0330514,0.0372658;-1.41235,0.197514,-1.59948
-0.160121,-0.0140972,0.0285921;-1.57041,0.0237078,-1.56975
-0.160541,-0.0136839,0.0287912;-1.5612,-0.00396399,-1.57121
-0.159848,-0.0153726,0.0287337;-1.56345,0.0634871,-1.57135
-0.165088,-0.0270573,0.0312948;-1.62205,0.214554,-1.56408
-0.169471,-0.0539889,0.0388871;-1.50451,0.299354,-1.58792
-0.17217,-0.0658626,0.0393735;-1.37488,0.277434,-1.61353
-0.170319,-0.0447513,0.0285108;-1.56959,0.107832,-1.57009
-0.170328,-0.0435666,0.0287845;-1.56179,0.0484013,-1.57189
-0.170547,-0.0439976,0.0288097;-1.56034,0.0481372,-1.57195
-0.172136,-0.0467264,0.0289416;-1.58761,0.164879,-1.56657
-0.177812,-0.0679152,0.0349308;-1.63362,0.26279,-1.56101
-0.180111,-0.0924733,0.0402163;-1.38054,0.313424,-1.60832
-0.182447,-0.0763603,0.0286562;-1.58712,0.142531,-1.57104
-0.181052,-0.0731822,0.0285744;-1.57064,0.0605735,-1.57032
-0.181396,-0.072476,0.0288002;-1.56094,0.0243712,-1.57169
-0.18142,-0.0750402,0.0286218;-1.57347,0.160674,-1.56981
-0.186618,-0.0907006,0.0326824;-1.64195,0.251989,-1.55756
-0.190288,-0.117344,0.0403632;-1.44407,0.332099,-1.60051
-0.193071,-0.107865,0.0286226;-1.58555,0.168207,-1.57039
-0.191612,-0.104674,0.028577;-1.57086,0.0885377,-1.57059
-0.192201,-0.103896,0.02882;-1.5602,0.0448873,-1.5721
-0.192257,-0.106311,0.0286064;-1.57243,0.177199,-1.57014
-0.197341,-0.121278,0.03241;-1.63851,0.265104,-1.55872
-0.201066,-0.147707,0.0399851;-1.43302,0.345919,-1.60524
-0.204131,-0.13809,0.0295963;-1.54995,0.201178,-1.57618
-0.201498,-0.130916,0.0285603;-1.56998,0.12164,-1.57125
-0.201777,-0.130106,0.0288026;-1.56111,0.0826904,-1.57247
-0.201436,-0.132636,0.0285773;-1.5708,0.183886,-1.57087
-0.205574,-0.141931,0.0307401;-1.61332,0.268414,-1.56331
-0.211217,-0.167895,0.0382898;-1.50761,0.357355,-1.59198
-0.214025,-0.173032,0.0353867;-1.44738,0.305689,-1.60614
-0.213421,-0.160176,0.0283275;-1.58196,0.210842,-1.56735
-0.211862,-0.157171,0.0285645;-1.57081,0.138602,-1.57077
-0.211843,-0.157247,0.0285804;-1.57078,0.142016,-1.57084
-0.213056,-0.15806,0.0286029;-1.5714,0.215554,-1.56902
-0.219375,-0.173636,0.0327304;-1.64287,0.31178,-1.5535
-0.227179,-0.205279,0.03982;-1.37119,0.364887,-1.62639
-0.227495,-0.199911,0.035603;-1.4368,0.300798,-1.61135
-0.224937,-0.184474,0.0284895;-1.56965,0.195568,-1.57075
-0.224395,-0.183619,0.028785;-1.56099,0.137575,-1.57236
-0.224183,-0.184631,0.0285621;-1.57194,0.197478,-1.57032
-0.226691,-0.187718,0.0292776;-1.59257,0.26345,-1.56639
-0.237638,-0.236101,0.040772;-1.35806,0.413917,-1.63077
-0.240999,-0.239002,0.0389747;-1.37357,0.346409,-1.63285
-0.240091,-0.221046,0.029888;-1.54224,0.243603,-1.57933
-0.238224,-0.213563,0.028805;-1.56108,0.118081,-1.57306
-0.237686,-0.215325,0.0285779;-1.57071,0.204249,-1.571
-0.239273,-0.217234,0.0288605;-1.58525,0.269071,-1.56729
-0.252289,-0.26484,0.0407029;-1.39062,0.433313,-1.62906
-0.256264,-0.271475,0.0385748;-1.37924,0.36601,-1.63681
-0.255712,-0.253632,0.0292171;-1.55661,0.262043,-1.57791
-0.254818,-0.247906,0.0288058;-1.56094,0.12215,-1.57296
-0.254068,-0.249142,0.0285795;-1.57068,0.203043,-1.57099
-0.255461,-0.250381,0.0288196;-1.58296,0.270622,-1.56824
-0.267907,-0.297197,0.0406132;-1.39705,0.428956,-1.62548
-0.272666,-0.304954,0.0382612;-1.38457,0.360366,-1.63472
-0.272768,-0.287389,0.029831;-1.54368,0.256849,-1.57857
-0.270681,-0.279578,0.0288071;-1.5609,0.123657,-1.57295
-0.270322,-0.281066,0.0285589;-1.57081,0.200088,-1.57028
-0.270978,-0.281889,0.0285854;-1.57124,0.235483,-1.57023
-0.282121,-0.321418,0.0396598;-1.46396,0.400692,-1.60683
-0.286063,-0.329397,0.0374583;-1.39898,0.343741,-1.62654
-0.284527,-0.320532,0.0341101;-1.46809,0.322292,-1.60336
-0.280773,-0.306479,0.0285927;-1.56883,0.178967,-1.57056
-0.280563,-0.30782,0.0288619;-1.55948,0.221217,-1.57565
-0.280359,-0.308213,0.0285685;-1.57023,0.273405,-1.57086
-0.284111,-0.31258,0.029674;-1.59896,0.358429,-1.56201
-0.299576,-0.354584,0.0394577;-1.36214,0.460514,-1.65062
-0.300681,-0.351318,0.0359151;-1.4267,0.393918,-1.627
-0.296791,-0.334975,0.0283943;-1.57176,0.293678,-1.57093
-0.295912,-0.333027,0.0287741;-1.56134,0.214137,-1.57316
-0.295295,-0.334332,0.0285409;-1.57069,0.288827,-1.56912
-0.296616,-0.335123,0.0286925;-1.57693,0.342589,-1.56844
-0.312625,-0.377691,0.040587;-1.39772,0.509154,-1.63995
-0.317018,-0.384033,0.0377673;-1.38599,0.442782,-1.64978
-0.31416,-0.36621,0.0287236;-1.58449,0.339315,-1.56573
-0.312564,-0.362279,0.0287997;-1.56025,0.197817,-1.57318
-0.311847,-0.363316,0.0285646;-1.57154,0.277339,-1.57063
-0.312644,-0.363732,0.0286394;-1.57314,0.325197,-1.569
-0.32757,-0.404829,0.0401803;-1.42184,0.490366,-1.62981
-0.332657,-0.412784,0.0378032;-1.38544,0.420693,-1.64419
-0.330474,-0.395003,0.0286126;-1.57067,0.322232,-1.57211
-0.328234,-0.389928,0.0288109;-1.56031,0.203437,-1.5736
-0.327856,-0.391694,0.0286989;-1.56487,0.264891,-1.57235
-0.328323,-0.391871,0.0285867;-1.5719,0.316394,-1.56998
-0.344172,-0.429387,0.039438;-1.46853,0.487941,-1.61451
-0.348989,-0.440789,0.0393637;-1.36019,0.453719,-1.65425
-0.347807,-0.431306,0.033543;-1.47264,0.384335,-1.60854
-0.343722,-0.417568,0.0287799;-1.56148,0.232618,-1.57336
-0.343679,-0.417838,0.0288097;-1.56036,0.241133,-1.57459
-0.343462,-0.418559,0.028569;-1.571,0.30171,-1.57034
-0.356533,-0.441679,0.0347269;-1.62318,0.463987,-1.55359
-0.364184,-0.46474,0.0396214;-1.3588,0.512617,-1.65578
-0.367074,-0.465634,0.037721;-1.38941,0.452972,-1.64804
-0.360923,-0.445667,0.0285504;-1.57106,0.284269,-1.56972
-0.361061,-0.445166,0.0288061;-1.56025,0.254913,-1.57422
-0.36093,-0.447019,0.0287776;-1.56181,0.317545,-1.57475
-0.367689,-0.455318,0.0309765;-1.62073,0.465852,-1.55059
-0.379455,-0.481244,0.0388667;-1.50268,0.556061,-1.60634
-0.385707,-0.494132,0.0393387;-1.35211,0.533929,-1.67259
-0.380211,-0.473485,0.0284071;-1.56448,0.367699,-1.57287
-0.379642,-0.472105,0.0287537;-1.56172,0.310562,-1.57403
-0.379969,-0.472458,0.0288047;-1.5606,0.310277,-1.57497
-0.381923,-0.475109,0.0288683;-1.58547,0.441993,-1.56555
-0.392591,-0.494642,0.0342695;-1.63117,0.537477,-1.54547
-0.402102,-0.519034,0.0402456;-1.36345,0.591709,-1.66805
-0.402028,-0.503359,0.0285608;-1.58758,0.413736,-1.56337
-0.400006,-0.500343,0.0285836;-1.57046,0.339463,-1.57073
-0.400456,-0.499532,0.0288005;-1.56052,0.298649,-1.5745
-0.400989,-0.501908,0.0286222;-1.57304,0.441387,-1.56862
-0.410567,-0.516551,0.0327871;-1.64605,0.526321,-1.53722
-0.42106,-0.542338,0.0398967;-1.40106,0.60319,-1.65474
-0.42186,-0.531518,0.0287414;-1.58454,0.434669,-1.56511
-0.419991,-0.529644,0.0285774;-1.57063,0.362176,-1.57041
-0.420226,-0.529174,0.0288207;-1.55962,0.328838,-1.57524
-0.420768,-0.531257,0.0285836;-1.57112,0.464601,-1.5703
-0.430697,-0.544351,0.0321253;-1.63919,0.550917,-1.53934
-0.442957,-0.569759,0.0394535;-1.41386,0.631649,-1.65384
-0.44387,-0.564495,0.0317372;-1.50281,0.512561,-1.60596
-0.438688,-0.555872,0.028461;-1.56645,0.421086,-1.57189
-0.438561,-0.555102,0.028788;-1.5607,0.378977,-1.57496
-0.438901,-0.556346,0.0285762;-1.57088,0.451633,-1.57076
-0.443251,-0.55984,0.0294454;-1.59668,0.529102,-1.55998
-0.456812,-0.581782,0.0362275;-1.57645,0.62482,-1.57241
-0.467651,-0.598233,0.0364299;-1.40109,0.579023,-1.66432
-0.462063,-0.582548,0.02881;-1.58789,0.482679,-1.56536
-0.459967,-0.580512,0.0285767;-1.571,0.416396,-1.57063
-0.459965,-0.582111,0.0286156;-1.56868,0.473118,-1.57164
-0.461047,-0.582683,0.0285775;-1.57079,0.526954,-1.57038
-0.470329,-0.593173,0.0315693;-1.63231,0.614597,-1.53795
-0.491415,-0.625759,0.0390693;-1.33561,0.660623,-1.70857
-0.488287,-0.615373,0.0331217;-1.47077,0.591789,-1.62834
-0.483107,-0.604675,0.02854;-1.57036,0.49684,-1.56908
-0.483207,-0.604852,0.0288132;-1.55974,0.470778,-1.57718
-0.483091,-0.6057,0.0285751;-1.57087,0.535562,-1.57067
-0.486771,-0.608293,0.0292188;-1.5937,0.605725,-1.55755
-0.514016,-0.648104,0.0396491;-1.31983,0.728261,-1.72292
-0.516762,-0.647016,0.0369485;-1.37934,0.661737,-1.68912
-0.509273,-0.630779,0.0288473;-1.58962,0.564347,-1.56296
-0.506963,-0.628338,0.0287775;-1.56073,0.464989,-1.57576
-0.506892,-0.630153,0.0285701;-1.57129,0.546737,-1.57084
-0.507848,-0.630258,0.0286276;-1.57282,0.601414,-1.56815
-0.533819,-0.666682,0.0401832;-1.38143,0.761629,-1.6906
-0.540061,-0.672121,0.0374184;-1.36169,0.695731,-1.7051
-0.532737,-0.655295,0.0285048;-1.58834,0.59668,-1.56258
-0.530231,-0.65202,0.0288062;-1.55951,0.469441,-1.57658
-0.530267,-0.653648,0.0285726;-1.57115,0.547121,-1.57066
-0.531875,-0.654428,0.0286319;-1.57427,0.607484,-1.56851
-0.531875,-0.654428,0.0286319;-1.57427,0.607484,-1.56851
-0.543633,-0.667448,0.0324613;-1.65109,0.689607,-1.52478
-0.543633,-0.667448,0.0324613;-1.65109,0.689607,-1.52478
