-0.125,0.125,0.06;-1.57,-2.98023e-08,-1.57
-0.125,0.125,0.06;-1.57,-2.98023e-08,-1.57
-0.125,0.125,0.06;-1.57,-2.98023e-08,-1.57
-0.124495,0.132446,0.028575;-1.57073,-0.139952,-1.57049
-0.124919,0.131262,0.0285802;-1.57079,-0.0697321,-1.56887
-0.126956,0.121739,0.0317756;-1.62528,0.00398509,-1.57188
-0.127552,0.0874889,0.0359804;-1.44346,0.0951047,-1.57618
-0.127699,0.0961743,0.0285523;-1.57175,-0.00108331,-1.5712
-0.127723,0.0964536,0.0287679;-1.56176,-0.016544,-1.57056
-0.12768,0.0963791,0.0287653;-1.56177,-0.0117249,-1.57086
-0.127557,0.0959927,0.0285813;-1.57055,0.0239381,-1.5706
-0.130491,0.0919552,0.0311212;-1.61504,0.107967,-1.56383
-0.134524,0.0722418,0.0399624;-1.63892,0.206299,-1.56096
-0.137255,0.0618383,0.0309174;-1.52928,0.182814,-1.57579
-0.136803,0.0662691,0.0285324;-1.56931,0.117147,-1.57129
-0.136628,0.0668706,0.0286462;-1.56756,0.111894,-1.57122
-0.13654,0.066774,0.0285791;-1.57085,0.107592,-1.5708
-0.137739,0.0658487,0.0293934;-1.58963,0.150011,-1.56871
-0.140077,0.0541359,0.0371238;-1.65823,0.228602,-1.55392
-0.14539,0.0383029,0.0401313;-1.57122,0.307134,-1.55832
-0.146727,0.0391168,0.0311314;-1.52977,0.258762,-1.57704
-0.145418,0.0417867,0.0285648;-1.57071,0.204798,-1.57083
-0.145355,0.0420443,0.0285801;-1.57082,0.198372,-1.57076
-0.145332,0.0419063,0.028582;-1.5709,0.214239,-1.57043
-0.146785,0.0407056,0.0307588;-1.60534,0.24715,-1.56242
-0.149003,0.0317539,0.0365601;-1.62437,0.290413,-1.55417
-0.14902,0.0278403,0.028764;-1.56158,0.246695,-1.57185
-0.148529,0.0283279,0.0288039;-1.56043,0.240228,-1.57376
-0.148373,0.0278413,0.0287604;-1.56205,0.263103,-1.57326
-0.148044,0.0278302,0.0285754;-1.57088,0.292289,-1.57081
-0.151825,0.0191713,0.034354;-1.63554,0.364966,-1.55175
-0.155763,0.00811537,0.0439575;-1.56848,0.412467,-1.57322
-0.153313,0.00534489,0.0381205;-1.49661,0.350467,-1.59923
-0.146755,0.0148928,0.0286149;-1.56915,0.260139,-1.57109
-0.146476,0.0142249,0.0287767;-1.56111,0.284887,-1.5757
-0.14604,0.0130053,0.0287197;-1.56385,0.343229,-1.57353
-0.15222,0.00367951,0.0307032;-1.61466,0.476608,-1.55516
-0.160784,-0.014598,0.0388957;-1.45763,0.516406,-1.62328
-0.1646,-0.019804,0.0398404;-1.36843,0.477951,-1.65636
-0.155611,0.00329044,0.0285695;-1.57092,0.310557,-1.57117
-0.155433,0.00385879,0.0288164;-1.56067,0.274376,-1.57532
-0.155547,0.00252607,0.0288206;-1.56016,0.30764,-1.57538
-0.157509,0.000175276,0.0289941;-1.59309,0.436994,-1.56204
-0.16836,-0.0193992,0.034911;-1.65392,0.531327,-1.53658
-0.177126,-0.0413064,0.0413138;-1.38724,0.570377,-1.65342
-0.174501,-0.0250116,0.0285371;-1.58642,0.40453,-1.56515
-0.172984,-0.0228669,0.02858;-1.57073,0.331383,-1.57069
-0.173208,-0.0222639,0.0288082;-1.56028,0.302088,-1.57475
-0.17397,-0.0235808,0.0286364;-1.57233,0.411243,-1.56817
-0.182099,-0.0334418,0.0332881;-1.66455,0.507377,-1.5276
-0.194551,-0.0544254,0.0421996;-1.58966,0.6022,-1.56405
-0.19585,-0.0625017,0.0285773;-1.57195,0.553883,-1.57105
-0.194935,-0.0611178,0.028575;-1.57118,0.506583,-1.57057
-0.194998,-0.0608941,0.0287709;-1.56047,0.493121,-1.57564
-0.195045,-0.0614507,0.0285798;-1.57107,0.537761,-1.57037
-0.200225,-0.0657963,0.0321823;-1.64295,0.612613,-1.53009
-0.209257,-0.0798743,0.0418135;-1.59938,0.678188,-1.55845
-0.210095,-0.0810596,0.0285742;-1.57201,0.62845,-1.57085
-0.209768,-0.0806975,0.0285768;-1.57103,0.600269,-1.5707
-0.209679,-0.0806513,0.0286631;-1.56599,0.603358,-1.57346
-0.209608,-0.0806532,0.0285792;-1.57092,0.598,-1.57075
-0.210709,-0.0806178,0.0297915;-1.59556,0.632131,-1.55633
-0.218027,-0.08994,0.038522;-1.68879,0.723348,-1.49767
-0.227771,-0.0996002,0.0321951;-1.54605,0.753085,-1.57761
-0.22628,-0.0965931,0.0285629;-1.57223,0.707372,-1.57001
-0.225838,-0.0962937,0.0285967;-1.56929,0.688766,-1.57133
-0.225843,-0.0964622,0.0285796;-1.57081,0.720394,-1.57081
-0.225992,-0.0965965,0.0285778;-1.57093,0.739457,-1.57063
-0.228916,-0.0984867,0.031238;-1.62817,0.768901,-1.53231
-0.242936,-0.114801,0.0426738;-1.5354,0.843656,-1.5956
-0.239748,-0.112024,0.0360783;-1.52389,0.805711,-1.60157
-0.236133,-0.108642,0.0285681;-1.57046,0.765173,-1.5705
-0.236006,-0.109049,0.0287446;-1.55965,0.779901,-1.57879
-0.235882,-0.108929,0.0285617;-1.57247,0.802163,-1.56915
-0.237552,-0.110032,0.0287455;-1.58424,0.852767,-1.56102
-0.258065,-0.126098,0.0454782;-1.44267,0.927628,-1.67178
-0.254324,-0.125017,0.0425368;-1.44759,0.849432,-1.67118
-0.238575,-0.115269,0.0287168;-1.58859,0.756778,-1.56086
-0.237345,-0.114757,0.0287995;-1.55813,0.737881,-1.58037
-0.236975,-0.115622,0.028568;-1.5717,0.809655,-1.57014
-0.239197,-0.116486,0.0287574;-1.58498,0.877252,-1.55962
-0.267442,-0.140408,0.0421664;-1.31641,0.979557,-1.77099
-0.27228,-0.141963,0.0388215;-1.27359,0.88993,-1.80466
-0.25834,-0.124729,0.0285056;-1.58075,0.790799,-1.5672
-0.255036,-0.121908,0.0288284;-1.55757,0.675169,-1.58053
-0.255385,-0.123633,0.0285768;-1.57089,0.762281,-1.5709
-0.257492,-0.123823,0.0288811;-1.59255,0.837868,-1.55492
-0.293208,-0.152929,0.0431126;-1.46066,1.00511,-1.66182
-0.300254,-0.157735,0.039763;-1.35509,0.944204,-1.74717
-0.29202,-0.149673,0.0286501;-1.56633,0.901256,-1.57483
-0.28855,-0.14732,0.0287983;-1.55696,0.795702,-1.58131
-0.288538,-0.148159,0.0285731;-1.57093,0.836166,-1.5703
-0.288749,-0.148327,0.0285745;-1.57216,0.833127,-1.56947
-0.310787,-0.161202,0.0412032;-1.67248,1.01097,-1.48932
-0.318671,-0.166446,0.0396506;-1.48963,0.985308,-1.63405
-0.319594,-0.166121,0.031342;-1.48142,0.989633,-1.64226
-0.314483,-0.162108,0.0286209;-1.56726,0.919195,-1.57376
-0.314576,-0.162444,0.0288627;-1.55031,0.933831,-1.58857
-0.314497,-0.162328,0.0285797;-1.57084,0.940459,-1.57079
-0.316013,-0.162042,0.0294997;-1.60042,0.987594,-1.54388
-0.343209,-0.176,0.0434527;-1.56471,1.12747,-1.57346
-0.346628,-0.177002,0.0358506;-1.44282,1.09698,-1.68195
-0.343038,-0.176237,0.028517;-1.56633,1.06105,-1.57473
-0.342437,-0.175784,0.028591;-1.56973,1.04977,-1.57176
-0.342473,-0.175976,0.0285795;-1.57059,1.06755,-1.57118
-0.342608,-0.175856,0.0285828;-1.57137,1.07751,-1.56999
-0.36119,-0.184324,0.043273;-1.64763,1.21544,-1.50222
-0.365574,-0.187035,0.0408341;-1.49813,1.18473,-1.63804
-0.361293,-0.185296,0.0286069;-1.57131,1.1427,-1.57351
-0.360048,-0.184917,0.0286742;-1.56049,1.12152,-1.58005
-0.360273,-0.185422,0.0285693;-1.5717,1.16151,-1.5696
-0.360856,-0.185504,0.0285799;-1.57157,1.18833,-1.57014
-0.380219,-0.191216,0.0426371;-1.48647,1.28979,-1.65542
-0.384182,-0.194023,0.0407298;-1.32928,1.22346,-1.80237
-0.372886,-0.190911,0.0287097;-1.59995,1.15451,-1.54653
-0.372124,-0.191178,0.0288247;-1.5441,1.14721,-1.59576
-0.372406,-0.191707,0.028677;-1.55804,1.18781,-1.58253
-0.373073,-0.191692,0.0285658;-1.5686,1.23379,-1.57273
-0.401167,-0.199847,0.0386998;-0.947144,1.28415,-2.16221
-0.405072,-0.199526,0.0405795;-0.937777,1.22723,-2.16315
-0.392168,-0.192931,0.0337289;-1.32266,1.18688,-1.8034
-0.378743,-0.188063,0.0288129;-1.54995,1.08538,-1.59056
-0.380037,-0.189368,0.0288043;-1.54764,1.12899,-1.59261
-0.380247,-0.190104,0.0285727;-1.57136,1.18297,-1.57027
-0.404742,-0.196256,0.0344695;-1.77127,1.34131,-1.38342
-0.423114,-0.203177,0.0407919;-0.766611,1.28292,-2.33135
-0.423618,-0.201456,0.0383738;-0.970983,1.26219,-2.14129
-0.40096,-0.192978,0.0285569;-1.57055,1.14255,-1.57107
-0.400797,-0.192427,0.0288139;-1.54736,1.10904,-1.59245
-0.401891,-0.193525,0.0288076;-1.54697,1.15686,-1.5939
-0.412277,-0.194166,0.0309474;-1.74611,1.29824,-1.40649
-0.437796,-0.202733,0.0390094;-1.44369,1.38913,-1.69742
-0.455436,-0.208044,0.038747;-0.732261,1.33247,-2.3761
-0.443595,-0.204099,0.0284669;-1.55978,1.29467,-1.58074
-0.44255,-0.20388,0.028693;-1.55384,1.25044,-1.58679
-0.442783,-0.203887,0.0287952;-1.53925,1.24964,-1.60124
-0.443764,-0.203596,0.0287614;-1.60474,1.32735,-1.53687
-0.459281,-0.20482,0.0346259;-2.13479,1.397,-1.01777
-0.482406,-0.208868,0.0437175;-1.17209,1.48447,-1.96684
-0.48667,-0.212009,0.0285988;-1.59351,1.46865,-1.54796
-0.485273,-0.211832,0.028584;-1.57233,1.4292,-1.56846
-0.484961,-0.21156,0.0286738;-1.54228,1.41069,-1.59889
-0.485295,-0.212138,0.0285881;-1.57597,1.45828,-1.56486
-0.490528,-0.211109,0.0321207;-2.36458,1.49061,-0.779322
-0.508334,-0.212146,0.0424021;2.1312,1.52649,1.00565
-0.51123,-0.212909,0.0286011;-1.57153,1.54619,-1.57105
-0.510425,-0.213024,0.0285786;-1.56814,1.52424,-1.57332
-0.51019,-0.212994,0.0285927;-1.55939,1.52174,-1.58224
-0.510537,-0.213137,0.0285793;-1.56917,1.55188,-1.57233
-0.513273,-0.212095,0.0309333;2.889,1.53148,0.250646
-0.526123,-0.212321,0.0415454;2.10675,1.45073,1.02959
-0.53091,-0.211382,0.028662;1.54778,1.51966,1.59636
-0.530059,-0.211503,0.0285689;1.57083,1.54344,1.5709
-0.529962,-0.211577,0.0287452;1.3303,1.53743,1.81122
-0.530124,-0.211722,0.0285694;1.57396,1.49767,1.56782
-0.531682,-0.211245,0.0287647;1.64983,1.46642,1.4911
-0.542999,-0.209939,0.0357323;1.82174,1.41616,1.31731
-0.552,-0.211648,0.0375003;0.919691,1.43875,2.21372
-0.542821,-0.214884,0.0285259;1.55454,1.51811,1.58699
-0.542398,-0.214893,0.0285881;1.55977,1.52619,1.58197
-0.543517,-0.216068,0.0286066;1.55881,1.461,1.58278
-0.543968,-0.21568,0.0285819;1.5747,1.41967,1.56768
-0.555749,-0.212928,0.030378;1.68621,1.34108,1.45557
-0.578274,-0.208361,0.0405941;0.793142,1.27971,2.34
-0.5651,-0.207759,0.0335713;0.92436,1.42045,2.20995
-0.55242,-0.209319,0.0285199;1.51169,1.54318,1.63
-0.552646,-0.209631,0.0287888;1.18568,1.54514,1.95537
-0.552591,-0.209885,0.0285653;1.56561,1.50295,1.57509
-0.556184,-0.208111,0.0289552;1.6889,1.4278,1.45192
-0.598489,-0.203338,0.0412643;0.870997,1.23628,2.26993
-0.596957,-0.201255,0.0374791;0.884468,1.31846,2.2482
-0.579982,-0.200712,0.0288432;1.73173,1.47772,1.41051
-0.576902,-0.201254,0.0287916;0.0153681,1.56102,3.12565
-0.578255,-0.202269,0.0285416;1.58468,1.48537,1.55793
-0.579216,-0.201335,0.028647;1.58782,1.4303,1.55587
-0.621197,-0.193578,0.0416131;1.2961,1.24331,1.83903
-0.635656,-0.191488,0.036781;1.08324,1.23061,2.04296
-0.627949,-0.194011,0.0284245;1.62062,1.28811,1.52169
-0.625681,-0.194488,0.0287449;1.52693,1.38858,1.61403
-0.626037,-0.194881,0.0286597;1.5518,1.35963,1.58926
-0.626151,-0.194529,0.028579;1.57188,1.35205,1.56973
-0.626151,-0.194529,0.028579;1.57188,1.35205,1.56973
-0.632948,-0.191587,0.0319886;1.76473,1.27457,1.38199
-0.632948,-0.191587,0.0319886;1.76473,1.27457,1.38199
