-0.125,0.125,0.06;-1.57,-2.98023e-08,-1.57
-0.125,0.125,0.06;-1.57,-2.98023e-08,-1.57
-0.125,0.125,0.06;-1.57,-2.98023e-08,-1.57
-0.124535,0.132019,0.0285805;-1.5702,-0.135521,-1.57006
-0.125,0.131569,0.0285875;-1.57133,-0.0834474,-1.57041
-0.126618,0.127855,0.0309843;-1.6075,-0.0412384,-1.56656
-0.127105,0.112628,0.0365981;-1.61443,0.0191496,-1.56662
-0.125448,0.111431,0.028715;-1.56977,-0.028687,-1.57862
-0.125792,0.112854,0.0285801;-1.57083,-0.0803227,-1.57082
-0.126173,0.112781,0.0287319;-1.56346,-0.111512,-1.57001
-0.12619,0.11306,0.0285545;-1.57081,-0.131748,-1.56715
-0.126365,0.112851,0.0298896;-1.57611,-0.130561,-1.55207
-0.128752,0.111988,0.0348506;-1.62512,-0.103578,-1.52732
-0.130277,0.109481,0.0314775;-1.59834,-0.0530687,-1.54619
-0.129891,0.104913,0.0286023;-1.56838,-0.0196786,-1.57421
-0.129556,0.104848,0.0287706;-1.57069,-0.0284264,-1.57981
-0.130812,0.10869,0.0286387;-1.57084,-0.125131,-1.57357
-0.130491,0.110521,0.0287379;-1.57443,-0.166073,-1.56721
-0.131172,0.114663,0.0330807;-1.61527,-0.161621,-1.5495
-0.129879,0.116275,0.0344419;-1.61288,-0.199154,-1.52118
-0.128727,0.119915,0.0312076;-1.58992,-0.182405,-1.54218
-0.129422,0.120271,0.0286186;-1.57076,-0.142451,-1.569
-0.129305,0.119791,0.0286795;-1.57065,-0.126834,-1.5755
-0.129515,0.119999,0.0288757;-1.57065,-0.139019,-1.58497
-0.129043,0.122505,0.0299104;-1.59812,-0.162251,-1.58201
-0.129846,0.130206,0.0333619;-1.63624,-0.206646,-1.56526
-0.129054,0.137173,0.0296623;-1.57011,-0.25782,-1.5484
-0.127885,0.138301,0.0286735;-1.56621,-0.23947,-1.56997
-0.127795,0.137632,0.0287187;-1.56397,-0.217145,-1.56928
-0.127755,0.137878,0.0285797;-1.57071,-0.207684,-1.57084
-0.128725,0.13868,0.0331431;-1.65257,-0.189978,-1.58977
-0.130156,0.144591,0.0393198;-1.75922,-0.193612,-1.59674
-0.130712,0.149722,0.03626;-1.68999,-0.233475,-1.57097
-0.129476,0.14942,0.0286067;-1.56899,-0.300517,-1.57081
-0.129157,0.149044,0.0287745;-1.56131,-0.285236,-1.5683
-0.12912,0.149198,0.0286742;-1.56618,-0.285625,-1.56963
-0.130974,0.148166,0.029996;-1.58877,-0.215398,-1.55971
-0.133396,0.144639,0.0354668;-1.65944,-0.192759,-1.55721
-0.13385,0.145074,0.0371404;-1.69546,-0.210983,-1.56691
-0.129477,0.146183,0.0286886;-1.56994,-0.25174,-1.57639
-0.129811,0.147147,0.0286732;-1.57074,-0.289366,-1.57518
-0.130791,0.148416,0.0286469;-1.5675,-0.344437,-1.56969
-0.130623,0.14836,0.0286752;-1.57182,-0.367141,-1.56736
-0.13077,0.148662,0.0319229;-1.60433,-0.373289,-1.55423
-0.133276,0.148732,0.0369023;-1.66752,-0.336942,-1.55118
-0.133979,0.147144,0.0289643;-1.57028,-0.343585,-1.55399
-0.134081,0.147197,0.028582;-1.56961,-0.370378,-1.57117
-0.133767,0.146955,0.0287196;-1.57038,-0.356279,-1.57736
-0.134158,0.147785,0.0285827;-1.57142,-0.384116,-1.57112
-0.134384,0.147893,0.029609;-1.58172,-0.382738,-1.56738
-0.135138,0.150325,0.0353875;-1.65767,-0.392912,-1.56966
-0.132472,0.149468,0.0304788;-1.56026,-0.421232,-1.53517
-0.132853,0.150705,0.0289424;-1.56284,-0.403553,-1.55768
-0.132792,0.150935,0.0287328;-1.56285,-0.388891,-1.56779
-0.133007,0.150842,0.0287743;-1.57192,-0.382412,-1.57933
-0.133465,0.150375,0.0310661;-1.62429,-0.363961,-1.59688
-0.135066,0.151739,0.0371014;-1.72134,-0.341919,-1.61382
-0.134591,0.148078,0.0304319;-1.55881,-0.381042,-1.53825
-0.133903,0.149359,0.0287668;-1.57159,-0.382065,-1.56145
-0.133807,0.149392,0.0286473;-1.56833,-0.377406,-1.56899
-0.134043,0.14941,0.0285926;-1.5709,-0.374554,-1.57019
-0.13498,0.149414,0.0290728;-1.58811,-0.348491,-1.57959
-0.137444,0.149693,0.0354101;-1.68952,-0.317969,-1.59815
-0.137191,0.149271,0.0349534;-1.6689,-0.337502,-1.5801
-0.137216,0.149034,0.0293852;-1.57969,-0.336205,-1.55851
-0.137313,0.14822,0.0290137;-1.55801,-0.323411,-1.5577
-0.137276,0.148048,0.0285804;-1.57064,-0.347652,-1.57071
-0.137204,0.148121,0.0285976;-1.57132,-0.355767,-1.56948
-0.137444,0.148396,0.0295641;-1.58868,-0.359756,-1.57143
-0.141899,0.148363,0.0364605;-1.67012,-0.30399,-1.5607
-0.142406,0.146912,0.0341013;-1.64129,-0.310114,-1.55662
-0.141851,0.143453,0.0295439;-1.56348,-0.308224,-1.5527
-0.141331,0.144241,0.0285815;-1.57065,-0.231005,-1.57083
-0.141399,0.144152,0.0286051;-1.5702,-0.234336,-1.56905
-0.14156,0.144094,0.0286457;-1.5734,-0.232724,-1.57044
-0.140815,0.148252,0.0371678;-1.68104,-0.269855,-1.56113
-0.141236,0.151279,0.0355323;-1.64674,-0.273173,-1.54077
-0.142599,0.150458,0.0303251;-1.56595,-0.260948,-1.53812
-0.142528,0.150071,0.0286593;-1.57071,-0.206863,-1.57457
-0.142241,0.148727,0.028677;-1.57063,-0.155812,-1.57539
-0.143007,0.146573,0.0289249;-1.57875,-0.0947689,-1.58016
-0.143661,0.146115,0.0362992;-1.67872,-0.0932758,-1.55902
-0.141636,0.151791,0.0348684;-1.64304,-0.156999,-1.54284
-0.140001,0.156572,0.0297826;-1.5675,-0.210262,-1.54528
-0.139658,0.157444,0.0290613;-1.55077,-0.189021,-1.56326
-0.139509,0.158127,0.0285712;-1.57122,-0.159748,-1.57096
-0.14001,0.156631,0.0289276;-1.58543,-0.123293,-1.57507
-0.145471,0.151504,0.0392951;-1.77601,-0.0146677,-1.58452
-0.145013,0.15069,0.038566;-1.74695,-0.0352647,-1.56582
-0.144374,0.144483,0.0292382;-1.56136,-0.0624801,-1.55054
-0.145121,0.143455,0.0292835;-1.5456,-0.101384,-1.559
-0.144663,0.143872,0.0290224;-1.55256,-0.0899029,-1.56577
-0.144523,0.14432,0.0285708;-1.57074,-0.0863459,-1.57124
-0.149083,0.142341,0.0348374;-1.67479,-0.00853051,-1.56839
-0.150483,0.142119,0.0347191;-1.68363,0.0101725,-1.56654
-0.151887,0.138092,0.0336997;-1.66884,0.0325125,-1.56874
-0.154099,0.133376,0.0291251;-1.554,0.0468391,-1.56185
-0.153966,0.133919,0.0288648;-1.56239,0.0358802,-1.56579
-0.154041,0.134357,0.0285765;-1.57091,0.0276996,-1.57061
-0.153779,0.134462,0.028694;-1.57391,0.0152654,-1.56841
-0.157306,0.135287,0.0358075;-1.65881,0.0658443,-1.52962
-0.160304,0.134173,0.03411;-1.64557,0.1045,-1.53352
-0.165121,0.126935,0.0295988;-1.55795,0.154484,-1.56261
-0.168584,0.113404,0.0289407;-1.55441,0.27476,-1.57343
-0.168593,0.114252,0.0285813;-1.5707,0.259667,-1.57084
-0.168367,0.115587,0.0286178;-1.57133,0.212942,-1.57332
-0.164309,0.123741,0.0350561;-1.64546,0.157356,-1.52833
-0.159946,0.130323,0.0335823;-1.61913,0.109633,-1.52477
-0.161299,0.130613,0.0299575;-1.56391,0.116611,-1.54494
-0.161787,0.130795,0.0291444;-1.55115,0.183303,-1.56629
-0.160779,0.130732,0.0288104;-1.57109,0.255004,-1.57875
-0.163655,0.124194,0.0294734;-1.57494,0.322121,-1.59096
-0.164396,0.128204,0.0362716;-1.71216,0.275059,-1.5361
-0.160422,0.1336,0.0345105;-1.65332,0.212765,-1.52717
-0.159281,0.133729,0.029234;-1.56849,0.161856,-1.55422
-0.159767,0.133218,0.0294095;-1.53982,0.155813,-1.56559
-0.158681,0.134128,0.0290226;-1.5545,0.187562,-1.56838
-0.158768,0.134887,0.0285904;-1.57159,0.225355,-1.57071
-0.166723,0.119985,0.0390951;-1.73212,0.36026,-1.54515
-0.16702,0.120668,0.03898;-1.76813,0.346106,-1.52118
-0.164789,0.124876,0.0315746;-1.62786,0.306709,-1.55045
-0.166491,0.124483,0.0293182;-1.54375,0.233882,-1.56727
-0.165981,0.124565,0.0293714;-1.54042,0.241182,-1.56888
-0.165288,0.125166,0.0292374;-1.54413,0.263624,-1.57141
-0.166114,0.125766,0.0314904;-1.62361,0.312955,-1.55346
-0.168245,0.125829,0.0379466;-1.75097,0.35887,-1.50731
-0.167854,0.124109,0.0368147;-1.74339,0.3649,-1.51275
-0.169042,0.11693,0.0291423;-1.54532,0.340659,-1.57581
-0.170165,0.117408,0.0292269;-1.54781,0.300736,-1.56814
-0.170313,0.116645,0.0292272;-1.55001,0.273669,-1.56498
-0.169502,0.117349,0.0288219;-1.57794,0.264078,-1.56677
-0.168623,0.118353,0.0323107;-1.62594,0.260194,-1.54552
-0.167521,0.120359,0.0350399;-1.66331,0.258668,-1.52356
-0.171885,0.117034,0.0291965;-1.54281,0.33966,-1.57649
-0.171647,0.116584,0.0292917;-1.54868,0.329529,-1.57593
-0.171533,0.11782,0.0295654;-1.5418,0.311021,-1.5757
-0.170924,0.119826,0.028581;-1.57101,0.258889,-1.57107
-0.169439,0.122012,0.029948;-1.59058,0.22358,-1.56756
-0.168446,0.126498,0.0349015;-1.66382,0.219525,-1.53651
-0.165436,0.125597,0.0290078;-1.5691,0.177455,-1.55711
-0.165078,0.126062,0.0290897;-1.55784,0.206622,-1.56165
-0.165048,0.1258,0.0292371;-1.54669,0.23528,-1.56782
-0.164029,0.126419,0.0291086;-1.57093,0.241955,-1.58713
-0.163399,0.128315,0.0317369;-1.62858,0.235186,-1.57261
-0.162597,0.13331,0.036973;-1.72759,0.222536,-1.53839
-0.160502,0.134827,0.0289448;-1.565,0.143467,-1.55985
-0.160592,0.134709,0.0292283;-1.54484,0.14813,-1.56865
-0.16054,0.134776,0.0293109;-1.54508,0.144633,-1.56434
-0.159482,0.136317,0.0290724;-1.56977,0.182252,-1.55029
-0.159767,0.135711,0.0304789;-1.60202,0.196249,-1.56475
-0.158927,0.139056,0.0376762;-1.74261,0.195,-1.55083
-0.15679,0.141248,0.031443;-1.63263,0.143651,-1.56543
-0.157027,0.140723,0.0286856;-1.57044,0.112684,-1.5649
-0.157635,0.140462,0.0291496;-1.55135,0.0874791,-1.56422
-0.158041,0.140647,0.029596;-1.5526,0.0803231,-1.55181
-0.156956,0.142042,0.029836;-1.57559,0.0909206,-1.54858
-0.157353,0.141443,0.0325608;-1.62907,0.120959,-1.54741
-0.154804,0.14333,0.0333917;-1.66484,0.0976833,-1.5691
-0.152018,0.143878,0.0288771;-1.57033,0.0551395,-1.58532
-0.152021,0.1441,0.0288619;-1.56282,0.0578796,-1.57671
-0.153703,0.144018,0.0291827;-1.55205,0.0250756,-1.5608
-0.153321,0.144599,0.0290994;-1.56108,0.0301276,-1.55567
-0.152691,0.14574,0.0296104;-1.57606,0.0234552,-1.55986
-0.152037,0.149758,0.0346554;-1.67389,0.0264395,-1.56274
-0.151832,0.147443,0.0293851;-1.58074,0.0260184,-1.56248
-0.152045,0.146897,0.0286798;-1.56723,0.0116772,-1.56924
-0.151991,0.147951,0.0293848;-1.54664,-0.0225443,-1.56877
-0.152082,0.148601,0.0292799;-1.54072,-0.0221863,-1.56587
-0.151562,0.149936,0.028948;-1.57346,-0.00798898,-1.56265
-0.151012,0.152448,0.0356086;-1.69073,0.00829939,-1.56602
-0.148896,0.152264,0.0328339;-1.63986,-0.0224108,-1.55838
-0.1478,0.149832,0.0288164;-1.57088,-0.0476119,-1.5591
-0.148456,0.149525,0.0292439;-1.5474,-0.0546132,-1.56055
-0.149363,0.148945,0.0293568;-1.5404,-0.0807749,-1.56064
-0.148471,0.149466,0.0297989;-1.55428,-0.0636533,-1.56229
-0.148626,0.152227,0.0379963;-1.75064,-0.0164046,-1.5839
-0.148085,0.152382,0.0366315;-1.72823,-0.0261938,-1.57682
-0.147341,0.146759,0.0286199;-1.56732,-0.0382155,-1.56521
-0.147529,0.146121,0.0290498;-1.5573,-0.0649524,-1.56074
-0.148126,0.14561,0.0292985;-1.54852,-0.0800102,-1.55641
-0.148691,0.146217,0.0301839;-1.56334,-0.0827744,-1.53897
-0.148691,0.146217,0.0301839;-1.56334,-0.0827744,-1.53897
-0.148819,0.148288,0.0317401;-1.60058,-0.0644061,-1.54815
-0.148819,0.148288,0.0317401;-1.60058,-0.0644061,-1.54815
