-0.125,0.125,0.06;-1.57,-2.98023e-08,-1.57
-0.125,0.125,0.06;-1.57,-2.98023e-08,-1.57
-0.125,0.125,0.06;-1.57,-2.98023e-08,-1.57
-0.124359,0.132742,0.0285756;-1.57032,-0.141961,-1.57026
-0.124827,0.131804,0.0285744;-1.572,-0.073681,-1.56935
-0.12753,0.120308,0.0322851;-1.63612,0.0176169,-1.57294
-0.128005,0.0920754,0.0369628;-1.42604,0.0550693,-1.57494
-0.129631,0.108892,0.028554;-1.57041,-0.109429,-1.57093
-0.130024,0.109371,0.0288731;-1.55836,-0.143344,-1.57067
-0.129987,0.10898,0.0288566;-1.56004,-0.136167,-1.5719
-0.129057,0.10666,0.0285816;-1.5708,-0.0121364,-1.5706
-0.132298,0.0974865,0.0317383;-1.62961,0.0717526,-1.56882
-0.134597,0.0719086,0.0404874;-1.57786,0.164599,-1.57465
-0.136082,0.0704521,0.0331311;-1.491,0.0850684,-1.57772
-0.135201,0.0811499,0.028281;-1.56339,0.00129265,-1.57098
-0.135087,0.0826195,0.028728;-1.56374,-0.0579134,-1.57087
-0.13509,0.0815327,0.0285791;-1.5707,-0.00135642,-1.57084
-0.137837,0.074683,0.0303179;-1.61024,0.0749398,-1.57082
-0.141407,0.050551,0.038767;-1.62168,0.170106,-1.57144
-0.143256,0.0332845,0.0392574;-1.38567,0.162901,-1.58951
-0.144615,0.0414525,0.0342382;-1.46646,0.0885959,-1.58112
-0.143916,0.0544273,0.0284931;-1.56783,-0.00875946,-1.57108
-0.143666,0.0552118,0.0285824;-1.57058,-0.0237121,-1.571
-0.144719,0.0540099,0.0285798;-1.57081,0.04283,-1.57078
-0.148902,0.0402771,0.0326019;-1.64316,0.129408,-1.56482
-0.15176,0.0172662,0.0370241;-1.51128,0.171291,-1.58023
-0.153095,0.019875,0.0317424;-1.50992,0.101701,-1.5782
-0.152017,0.0286422,0.0288785;-1.55814,-0.0308493,-1.57193
-0.152103,0.0275721,0.0288843;-1.55839,-0.0106677,-1.57276
-0.151729,0.0267378,0.0285745;-1.57096,0.0392599,-1.57086
-0.158914,0.00302926,0.0362708;-1.6765,0.204988,-1.55848
-0.160818,-0.0199031,0.0415457;-1.42195,0.252361,-1.59306
-0.163197,-0.0245482,0.0382269;-1.38902,0.194193,-1.60314
-0.161492,-0.00527673,0.0285928;-1.57017,0.028417,-1.57056
-0.161984,-0.00489214,0.0288323;-1.55954,0.000170797,-1.57156
-0.161384,-0.00661645,0.0287567;-1.56334,0.0593443,-1.57223
-0.166345,-0.0155283,0.0318403;-1.63243,0.198754,-1.56163
-0.171662,-0.0417915,0.0404964;-1.57913,0.290508,-1.57437
-0.174847,-0.0584285,0.0393095;-1.36201,0.268793,-1.61698
-0.172958,-0.0360001,0.028415;-1.5677,0.105402,-1.57013
-0.172821,-0.0349586,0.028813;-1.55979,0.0559261,-1.57173
-0.173017,-0.0353525,0.028852;-1.55894,0.0574739,-1.57264
-0.174678,-0.0381751,0.0290266;-1.59242,0.179526,-1.56758
-0.181334,-0.0578996,0.0356905;-1.67834,0.271791,-1.54998
-0.184911,-0.0818936,0.0423345;-1.43134,0.332244,-1.60222
-0.187299,-0.0704647,0.0285248;-1.58909,0.165949,-1.56711
-0.185994,-0.0677833,0.0285722;-1.57101,0.0946886,-1.57013
-0.186387,-0.0673719,0.0288474;-1.55926,0.0689973,-1.57277
-0.186456,-0.0703325,0.0286085;-1.57256,0.212725,-1.56999
-0.192671,-0.083733,0.0332205;-1.65691,0.291673,-1.55155
-0.199047,-0.108561,0.0419424;-1.5,0.381808,-1.59404
-0.201571,-0.099642,0.0285764;-1.58855,0.213165,-1.56792
-0.200066,-0.0965171,0.0285711;-1.57119,0.13211,-1.57065
-0.200547,-0.096033,0.0288656;-1.55837,0.0986718,-1.57324
-0.200399,-0.0988616,0.0286123;-1.57267,0.240262,-1.56991
-0.206351,-0.110958,0.0332326;-1.65878,0.323439,-1.54912
-0.213218,-0.134733,0.0419585;-1.51311,0.414045,-1.592
-0.215611,-0.127753,0.029142;-1.5587,0.274945,-1.57482
-0.213088,-0.122489,0.0285355;-1.56906,0.201693,-1.57138
-0.213232,-0.12187,0.028853;-1.5591,0.168046,-1.57418
-0.213023,-0.123728,0.028579;-1.57064,0.253099,-1.57079
-0.217691,-0.130745,0.0310501;-1.62298,0.329239,-1.55694
-0.226718,-0.153553,0.0396191;-1.60444,0.424119,-1.56539
-0.230904,-0.162721,0.0358423;-1.43086,0.386744,-1.62115
-0.228237,-0.150836,0.0283116;-1.58368,0.304601,-1.56588
-0.226538,-0.148249,0.0285688;-1.57124,0.238536,-1.57042
-0.226682,-0.148389,0.0285679;-1.57018,0.245306,-1.57249
-0.228282,-0.149528,0.0286538;-1.57564,0.32184,-1.56948
-0.237236,-0.163808,0.033506;-1.66336,0.411659,-1.53719
-0.25091,-0.199967,0.0403139;-1.34177,0.482224,-1.66101
-0.251215,-0.195423,0.0362788;-1.4146,0.425792,-1.63511
-0.246777,-0.180007,0.0283794;-1.5658,0.330926,-1.57238
-0.24611,-0.179086,0.0288323;-1.55944,0.275414,-1.57501
-0.245646,-0.180178,0.0285787;-1.57103,0.362411,-1.57032
-0.249068,-0.183064,0.029519;-1.60331,0.429289,-1.55922
-0.271477,-0.228571,0.0428026;-1.3688,0.583983,-1.66167
-0.276621,-0.234634,0.0400279;-1.32693,0.513929,-1.6866
-0.272057,-0.216315,0.0298566;-1.53882,0.419285,-1.58641
-0.268825,-0.20989,0.0288618;-1.55839,0.298749,-1.576
-0.268419,-0.211642,0.0285732;-1.57124,0.38479,-1.57126
-0.269976,-0.212582,0.0289034;-1.58817,0.443139,-1.5633
-0.290997,-0.251929,0.0427883;-1.42544,0.606493,-1.64139
-0.297652,-0.261882,0.0393663;-1.33868,0.529065,-1.68544
-0.293542,-0.243401,0.0293373;-1.55518,0.430902,-1.58127
-0.290871,-0.238078,0.0288399;-1.55883,0.287127,-1.5757
-0.290235,-0.239601,0.0285759;-1.57113,0.377483,-1.57097
-0.291859,-0.240872,0.0288504;-1.5844,0.440266,-1.56596
-0.31256,-0.280108,0.0428108;-1.44068,0.603383,-1.63595
-0.319001,-0.289793,0.0390435;-1.34682,0.527668,-1.68097
-0.315064,-0.271703,0.0296813;-1.54586,0.439324,-1.58214
-0.312312,-0.266131,0.0288307;-1.55932,0.321177,-1.57537
-0.311967,-0.267669,0.0285775;-1.57054,0.406763,-1.57103
-0.312342,-0.268171,0.0285813;-1.57098,0.421039,-1.57047
-0.330466,-0.29881,0.0415272;-1.55635,0.589998,-1.58345
-0.336979,-0.309183,0.0377086;-1.37039,0.540215,-1.67189
-0.334808,-0.304369,0.0341504;-1.45546,0.52903,-1.62762
-0.32894,-0.293395,0.0286405;-1.56697,0.39785,-1.57205
-0.328992,-0.294587,0.028926;-1.55597,0.431186,-1.57999
-0.329067,-0.295054,0.0285749;-1.57072,0.481344,-1.57061
-0.334287,-0.298606,0.0300496;-1.60847,0.557905,-1.55287
-0.361429,-0.337138,0.039476;-1.32913,0.680426,-1.70331
-0.362678,-0.33614,0.0369285;-1.37919,0.621204,-1.68114
-0.354658,-0.322913,0.0284324;-1.57512,0.543586,-1.56913
-0.353627,-0.321499,0.0288109;-1.55929,0.469661,-1.5771
-0.35332,-0.323421,0.0285746;-1.57067,0.563748,-1.57065
-0.355141,-0.323926,0.0287328;-1.58004,0.62145,-1.56535
-0.382639,-0.35701,0.0424254;-1.41169,0.783028,-1.67198
-0.390071,-0.36431,0.0389932;-1.31505,0.703994,-1.73466
-0.381324,-0.347989,0.0287831;-1.5869,0.619505,-1.56146
-0.378356,-0.344229,0.0288501;-1.55746,0.490323,-1.57814
-0.377897,-0.345547,0.0285755;-1.57106,0.56031,-1.57071
-0.379537,-0.346248,0.028682;-1.57717,0.621374,-1.56694
-0.406788,-0.378361,0.041788;-1.45112,0.784665,-1.64949
-0.414806,-0.386941,0.038811;-1.31582,0.719863,-1.73474
-0.407313,-0.373202,0.0285083;-1.57669,0.650224,-1.56836
-0.403704,-0.369702,0.0288452;-1.55705,0.526271,-1.57839
-0.403964,-0.370796,0.028692;-1.56444,0.56684,-1.57424
-0.405058,-0.371181,0.0285759;-1.57094,0.618383,-1.57021
-0.430591,-0.397677,0.0406526;-1.56591,0.79563,-1.5787
-0.441079,-0.410095,0.0390302;-1.30739,0.770118,-1.74256
-0.438506,-0.404569,0.034062;-1.43387,0.723481,-1.66094
-0.431178,-0.396284,0.0288129;-1.55811,0.608902,-1.57883
-0.43147,-0.396528,0.028845;-1.55664,0.61117,-1.57994
-0.43153,-0.397262,0.0285685;-1.5712,0.66592,-1.57053
-0.451208,-0.411526,0.0356246;-1.72696,0.82379,-1.4647
-0.46774,-0.42865,0.0424857;-1.38711,0.885872,-1.70209
-0.474231,-0.435358,0.0386343;-1.28583,0.842505,-1.78002
-0.461097,-0.423196,0.0285623;-1.57057,0.718162,-1.57086
-0.461106,-0.422782,0.028845;-1.55539,0.693926,-1.58145
-0.461741,-0.42373,0.0288333;-1.55683,0.721341,-1.58155
-0.470297,-0.427123,0.0314392;-1.65118,0.851813,-1.51284
-0.490002,-0.443068,0.0398281;-1.62469,0.949388,-1.53392
-0.504377,-0.456432,0.0393141;-1.24661,0.940313,-1.81955
-0.493048,-0.444902,0.028543;-1.57204,0.813084,-1.56838
-0.492614,-0.44429,0.0287973;-1.55762,0.757755,-1.5807
-0.492859,-0.44422,0.0288334;-1.55584,0.752225,-1.58227
-0.495836,-0.445965,0.0290379;-1.59853,0.897166,-1.54944
-0.514179,-0.456801,0.0356141;-1.76563,0.974904,-1.41751
-0.533812,-0.473792,0.0423829;-1.29879,1.04022,-1.7903
-0.529718,-0.464424,0.0286527;-1.59419,0.890951,-1.55458
-0.526431,-0.46304,0.0285934;-1.56962,0.808315,-1.57146
-0.526572,-0.462417,0.02885;-1.55405,0.775032,-1.58378
-0.528594,-0.464314,0.0287024;-1.58147,0.923242,-1.56139
-0.542698,-0.470935,0.033664;-1.73863,0.999866,-1.43549
-0.563537,-0.485775,0.042166;-1.40193,1.0873,-1.71465
-0.562617,-0.481364,0.0287499;-1.59179,0.952606,-1.55348
-0.559453,-0.480165,0.028582;-1.5707,0.869961,-1.57076
-0.559529,-0.479405,0.028846;-1.55229,0.830767,-1.58511
-0.561079,-0.480304,0.0285965;-1.57277,0.945493,-1.56866
-0.575043,-0.485865,0.0331193;-1.72942,1.02955,-1.43958
-0.597414,-0.500686,0.0416745;-1.48279,1.1209,-1.65137
-0.604471,-0.5039,0.0322667;-1.43093,1.04342,-1.69155
-0.59747,-0.500438,0.0285631;-1.56984,0.967361,-1.57195
-0.597201,-0.500008,0.0288242;-1.55219,0.934972,-1.58657
-0.597598,-0.500938,0.0285787;-1.57052,0.995426,-1.57108
-0.601993,-0.500868,0.0298704;-1.62926,1.0644,-1.52036
-0.625254,-0.510448,0.0372737;-1.78838,1.1533,-1.38104
-0.649522,-0.523865,0.0373944;-1.16417,1.14225,-1.93835
-0.637362,-0.518883,0.0287328;-1.59038,1.11302,-1.55276
-0.63536,-0.518595,0.0285843;-1.57014,1.05965,-1.57111
-0.635819,-0.519333,0.0286339;-1.56471,1.09648,-1.57609
-0.636668,-0.51897,0.0285787;-1.57498,1.14931,-1.56477
-0.649292,-0.520822,0.0324812;-1.77739,1.22754,-1.37863
-0.689887,-0.535015,0.0388533;-0.901412,1.26108,-2.20337
-0.684466,-0.531817,0.0338264;-1.25013,1.25426,-1.87586
-0.674923,-0.529098,0.0284759;-1.56721,1.18809,-1.57341
-0.674814,-0.52889,0.0288396;-1.54245,1.15668,-1.59768
-0.675486,-0.529559,0.0285724;-1.57165,1.2211,-1.57003
-0.678915,-0.528687,0.0295068;-1.65336,1.28049,-1.49316
-0.724056,-0.540664,0.0416128;-0.685228,1.36075,-2.42596
-0.729566,-0.540342,0.03836;-0.824909,1.30013,-2.29464
-0.713073,-0.534842,0.0288535;-1.63788,1.27997,-1.50493
-0.708953,-0.534458,0.0288246;-1.54194,1.18101,-1.5982
-0.710504,-0.536189,0.0285469;-1.57583,1.2683,-1.56615
-0.711608,-0.535698,0.0286839;-1.58895,1.31849,-1.55182
-0.752263,-0.541985,0.0422822;-0.759791,1.45975,-2.37242
-0.764372,-0.543401,0.0386169;-0.593706,1.34177,-2.5295
-0.750252,-0.537116,0.0287565;-1.62129,1.35467,-1.52453
-0.747163,-0.536026,0.0288608;-1.5354,1.21251,-1.60487
-0.747744,-0.536588,0.0286254;-1.56349,1.25662,-1.57789
-0.748985,-0.536099,0.0286792;-1.59128,1.32107,-1.55071
-0.748985,-0.536099,0.0286792;-1.59128,1.32107,-1.55071
-0.765789,-0.536671,0.0335602;-2.07646,1.38579,-1.07807
-0.765789,-0.536671,0.0335602;-2.07646,1.38579,-1.07807
