-0.125,0.125,0.06;-1.57,-2.98023e-08,-1.57
-0.125,0.125,0.06;-1.57,-2.98023e-08,-1.57
-0.125,0.125,0.06;-1.57,-2.98023e-08,-1.57
-0.124589,0.13262,0.0285804;-1.57044,-0.138582,-1.57044
-0.125007,0.131801,0.028589;-1.57168,-0.0686578,-1.56904
-0.127779,0.12062,0.0322653;-1.63591,0.0234014,-1.57273
-0.128711,0.0896453,0.0367238;-1.43293,0.0781165,-1.57533
-0.130395,0.10471,0.0285035;-1.5675,-0.088598,-1.57081
-0.130788,0.105395,0.0288202;-1.56028,-0.124855,-1.57045
-0.130812,0.105022,0.0288287;-1.56088,-0.118055,-1.57164
-0.129798,0.10272,0.0285705;-1.57161,0.00721529,-1.56954
-0.13296,0.0911752,0.0313086;-1.62082,0.102382,-1.56911
-0.13418,0.0642741,0.0393751;-1.51674,0.187555,-1.57802
-0.13582,0.0629167,0.0333816;-1.48598,0.115801,-1.58
-0.135406,0.0740084,0.0283914;-1.56925,0.0300672,-1.57143
-0.135124,0.0754965,0.0287305;-1.56432,-0.0322564,-1.57121
-0.134979,0.0738033,0.0285702;-1.57128,0.0436594,-1.57059
-0.137438,0.0658629,0.0303079;-1.60652,0.120138,-1.5705
-0.139533,0.0391542,0.0378006;-1.56573,0.208774,-1.57647
-0.141393,0.0255189,0.0388345;-1.39841,0.198212,-1.59086
-0.142639,0.0337647,0.0336641;-1.47666,0.123002,-1.58354
-0.142132,0.0456372,0.0285217;-1.56928,0.0218802,-1.57081
-0.14187,0.0461247,0.0285513;-1.56946,-0.00174785,-1.5708
-0.14283,0.0448957,0.0285762;-1.57097,0.0697158,-1.57007
-0.146402,0.0301559,0.0322635;-1.63757,0.161768,-1.56495
-0.148715,0.00861045,0.0360431;-1.48655,0.194548,-1.58292
-0.150339,0.0122601,0.0313835;-1.51717,0.120365,-1.57796
-0.149516,0.0202371,0.0287754;-1.55929,-0.023533,-1.5714
-0.149459,0.019368,0.0287909;-1.55875,-0.00544271,-1.57232
-0.149248,0.0186943,0.0285602;-1.56951,0.0493203,-1.57112
-0.155203,-0.00876861,0.0354282;-1.62845,0.221447,-1.56647
-0.15694,-0.0314621,0.0397317;-1.37912,0.257532,-1.59717
-0.159418,-0.0316025,0.0373975;-1.40899,0.196185,-1.59805
-0.158465,-0.0122807,0.0285826;-1.57063,0.0248907,-1.57053
-0.158831,-0.0119173,0.0288029;-1.56057,-0.00129125,-1.57119
-0.158029,-0.0137528,0.0287466;-1.56334,0.0697357,-1.57184
-0.162714,-0.0249311,0.0314472;-1.62581,0.22549,-1.56347
-0.167004,-0.0529454,0.0391238;-1.51497,0.304858,-1.58676
-0.170007,-0.0658759,0.0394749;-1.37258,0.280179,-1.61323
-0.168193,-0.0431899,0.0285248;-1.57009,0.110898,-1.5701
-0.168213,-0.0420338,0.0288031;-1.56069,0.0557714,-1.57179
-0.168512,-0.0425966,0.028834;-1.55981,0.0603213,-1.57263
-0.170085,-0.0458174,0.0289513;-1.58899,0.187478,-1.56794
-0.175727,-0.0672632,0.034911;-1.64533,0.286223,-1.55774
-0.178396,-0.0915029,0.0405426;-1.38581,0.332876,-1.60947
-0.180651,-0.07614,0.0287507;-1.58617,0.165273,-1.57034
-0.17901,-0.0728212,0.0285921;-1.57011,0.0876111,-1.57063
-0.179577,-0.0722701,0.0288014;-1.56086,0.0517579,-1.57194
-0.179371,-0.075012,0.0286458;-1.57284,0.192853,-1.56837
-0.184717,-0.0899265,0.0329764;-1.65263,0.278616,-1.55445
-0.189325,-0.116632,0.0405913;-1.45261,0.361562,-1.60068
-0.192777,-0.108398,0.0287427;-1.58464,0.19481,-1.57028
-0.191281,-0.105135,0.028581;-1.57113,0.110849,-1.5701
-0.191881,-0.104419,0.0288318;-1.55958,0.0629941,-1.57225
-0.192022,-0.107103,0.0286084;-1.57252,0.194957,-1.57018
-0.196782,-0.122165,0.0325294;-1.64374,0.283807,-1.55776
-0.200499,-0.148426,0.0404451;-1.4463,0.362898,-1.60232
-0.203693,-0.140188,0.0297331;-1.54777,0.220513,-1.5768
-0.200987,-0.132588,0.0285569;-1.57073,0.143782,-1.57081
-0.201196,-0.131486,0.0287997;-1.561,0.0965184,-1.57237
-0.200898,-0.133579,0.0285794;-1.5707,0.194978,-1.57082
-0.205001,-0.143054,0.0310229;-1.61955,0.274859,-1.56277
-0.210764,-0.169086,0.0388663;-1.53731,0.361648,-1.58354
-0.213416,-0.174497,0.0354493;-1.44824,0.304688,-1.60411
-0.212336,-0.161488,0.0282444;-1.58595,0.211911,-1.56656
-0.210792,-0.158465,0.0285641;-1.57098,0.138195,-1.57046
-0.210797,-0.158489,0.0285801;-1.57072,0.142265,-1.57087
-0.211939,-0.159532,0.028644;-1.57341,0.21494,-1.56893
-0.218177,-0.175021,0.0330244;-1.65159,0.308103,-1.55247
-0.225961,-0.20816,0.0399563;-1.36984,0.357589,-1.62329
-0.226613,-0.202342,0.0358334;-1.43361,0.2957,-1.61045
-0.223856,-0.186561,0.0283368;-1.56512,0.196199,-1.57225
-0.223315,-0.185047,0.0287968;-1.56028,0.127224,-1.57215
-0.223066,-0.185799,0.0285753;-1.57083,0.185338,-1.57086
-0.225649,-0.189126,0.0293525;-1.59498,0.250178,-1.5671
-0.236026,-0.236871,0.0412508;-1.3629,0.403042,-1.62496
-0.239349,-0.240197,0.0393818;-1.36899,0.337796,-1.62972
-0.238089,-0.222778,0.029985;-1.54032,0.241059,-1.58115
-0.236522,-0.215899,0.0288137;-1.56053,0.104124,-1.57303
-0.23572,-0.217606,0.0285787;-1.57076,0.1909,-1.5709
-0.237442,-0.219612,0.0288885;-1.58568,0.258089,-1.56824
-0.24941,-0.266717,0.0410807;-1.39543,0.422019,-1.62247
-0.253167,-0.273855,0.0389969;-1.37196,0.355339,-1.63381
-0.252524,-0.256361,0.0292787;-1.55444,0.255845,-1.57831
-0.25161,-0.250315,0.028813;-1.56051,0.113055,-1.57279
-0.250576,-0.251357,0.0285799;-1.57075,0.194528,-1.57079
-0.252044,-0.252849,0.0287987;-1.58156,0.261586,-1.56888
-0.263276,-0.298752,0.0411629;-1.40936,0.417432,-1.61871
-0.267464,-0.30729,0.0385981;-1.37797,0.353575,-1.63179
-0.267281,-0.290596,0.0300372;-1.54051,0.256903,-1.58045
-0.265251,-0.282928,0.0288145;-1.56056,0.132648,-1.57312
-0.264852,-0.284794,0.0285699;-1.57097,0.21521,-1.57088
-0.265131,-0.285419,0.0285839;-1.5714,0.245783,-1.57042
-0.276797,-0.32308,0.0400503;-1.48402,0.415069,-1.60044
-0.281187,-0.33161,0.0376864;-1.39336,0.356895,-1.62899
-0.279756,-0.323195,0.0343128;-1.46346,0.336938,-1.60559
-0.276093,-0.308701,0.0286662;-1.56673,0.181442,-1.57159
-0.27619,-0.31012,0.0288818;-1.55846,0.21619,-1.57568
-0.276015,-0.310399,0.0285754;-1.57122,0.26739,-1.57048
-0.279901,-0.31517,0.0298846;-1.60249,0.353144,-1.56277
-0.295034,-0.357653,0.0396851;-1.36136,0.45367,-1.64581
-0.296239,-0.354102,0.0362128;-1.4204,0.390356,-1.62818
-0.291913,-0.337283,0.0284315;-1.5755,0.29176,-1.56987
-0.291308,-0.33574,0.0287951;-1.56107,0.2124,-1.57364
-0.290679,-0.337531,0.0285414;-1.57255,0.289251,-1.57047
-0.292109,-0.338475,0.0287158;-1.57795,0.343491,-1.56831
-0.307454,-0.380479,0.0412509;-1.4193,0.505786,-1.6294
-0.312023,-0.387463,0.0380791;-1.37959,0.444433,-1.65082
-0.308454,-0.369832,0.0287406;-1.58777,0.345766,-1.56522
-0.306566,-0.365412,0.0288236;-1.55999,0.214173,-1.5741
-0.306025,-0.366857,0.0285322;-1.57303,0.296041,-1.57006
-0.307135,-0.367768,0.0286333;-1.57375,0.347294,-1.56959
-0.321487,-0.407763,0.0405859;-1.42798,0.51252,-1.62723
-0.325962,-0.417044,0.0382286;-1.37761,0.449695,-1.64976
-0.321796,-0.400806,0.0286896;-1.56711,0.365148,-1.57372
-0.320086,-0.396833,0.0288165;-1.55928,0.255394,-1.57417
-0.319564,-0.398391,0.0287115;-1.56405,0.33468,-1.57283
-0.320372,-0.398668,0.028584;-1.57159,0.39247,-1.57004
-0.338716,-0.434476,0.0396817;-1.48302,0.559695,-1.61153
-0.344499,-0.445218,0.0398342;-1.34588,0.521397,-1.66909
-0.341889,-0.435905,0.0336922;-1.46661,0.457556,-1.61739
-0.335531,-0.422649,0.0287989;-1.56095,0.319203,-1.57487
-0.33556,-0.423099,0.0288147;-1.5594,0.328863,-1.57515
-0.335386,-0.423518,0.0285798;-1.57057,0.380422,-1.57109
-0.349087,-0.44571,0.034928;-1.64829,0.543895,-1.53915
-0.358055,-0.468205,0.0406492;-1.36605,0.58567,-1.664
-0.361291,-0.470542,0.0383609;-1.37076,0.528512,-1.6654
-0.352573,-0.449738,0.0285581;-1.57076,0.366292,-1.57073
-0.352802,-0.44921,0.028815;-1.55973,0.338345,-1.57521
-0.35283,-0.451448,0.0287938;-1.56139,0.403946,-1.576
-0.359869,-0.459305,0.0309396;-1.62342,0.548734,-1.54798
-0.37269,-0.482195,0.0387388;-1.52434,0.634629,-1.59873
-0.380402,-0.494881,0.0397543;-1.33555,0.613609,-1.69194
-0.371815,-0.475419,0.0284922;-1.56951,0.460813,-1.57159
-0.371284,-0.474534,0.0287726;-1.56118,0.406653,-1.57527
-0.371573,-0.474892,0.0288183;-1.55952,0.408502,-1.57641
-0.373886,-0.477806,0.0289119;-1.58799,0.541608,-1.56359
-0.386344,-0.495512,0.0345744;-1.66374,0.637822,-1.52357
-0.397663,-0.518257,0.041254;-1.363,0.690769,-1.68424
-0.394736,-0.50575,0.0285739;-1.58971,0.536849,-1.56099
-0.392422,-0.502816,0.0285842;-1.57024,0.459854,-1.57075
-0.392808,-0.501981,0.0288143;-1.55941,0.415072,-1.57615
-0.393648,-0.504369,0.0286732;-1.57644,0.549105,-1.56739
-0.403778,-0.517774,0.0331;-1.66429,0.634529,-1.52246
-0.416438,-0.541394,0.0407943;-1.41388,0.710314,-1.66049
-0.416649,-0.531377,0.0287595;-1.58477,0.542426,-1.56302
-0.413792,-0.528725,0.0285703;-1.57068,0.45677,-1.57082
-0.414248,-0.527845,0.0288233;-1.55905,0.40807,-1.57625
-0.415069,-0.529881,0.0285929;-1.57213,0.536085,-1.56931
-0.425256,-0.542069,0.0325344;-1.65879,0.62365,-1.52621
-0.438391,-0.566041,0.0405045;-1.43754,0.700576,-1.64785
-0.439236,-0.563083,0.0319728;-1.49511,0.579003,-1.61315
-0.433647,-0.554295,0.028414;-1.57516,0.487232,-1.56798
-0.433569,-0.553912,0.0288183;-1.55947,0.456652,-1.577
-0.433746,-0.555764,0.0285774;-1.57078,0.549185,-1.57083
-0.4384,-0.559092,0.0296602;-1.60287,0.626833,-1.55536
-0.453141,-0.579712,0.0364932;-1.61896,0.722169,-1.54687
-0.466606,-0.594751,0.0371594;-1.37445,0.67939,-1.69154
-0.458212,-0.579921,0.028827;-1.59194,0.585761,-1.5586
-0.455584,-0.577925,0.0285884;-1.57011,0.511857,-1.57117
-0.456002,-0.579316,0.0286381;-1.56729,0.554771,-1.57244
-0.456678,-0.579363,0.0285077;-1.57621,0.60835,-1.56566
-0.466021,-0.588121,0.0320214;-1.65249,0.694269,-1.52347
-0.488566,-0.620389,0.0399066;-1.30361,0.733255,-1.73684
-0.484232,-0.610319,0.0334416;-1.45604,0.672175,-1.6435
-0.477826,-0.600158,0.0285525;-1.57274,0.580475,-1.56953
-0.478017,-0.600146,0.0288393;-1.55781,0.543976,-1.5789
-0.477914,-0.601068,0.0285693;-1.57128,0.606247,-1.57067
-0.481414,-0.60307,0.0292962;-1.5962,0.679908,-1.55651
-0.511264,-0.640977,0.0401512;-1.28998,0.797239,-1.75153
-0.513479,-0.640012,0.0377455;-1.34975,0.736658,-1.71654
-0.503844,-0.62506,0.0286332;-1.58766,0.65362,-1.5624
-0.501752,-0.622419,0.0288024;-1.55913,0.538759,-1.5776
-0.501608,-0.624162,0.0285672;-1.57141,0.625213,-1.57053
-0.502709,-0.624447,0.0286499;-1.57574,0.682795,-1.56677
-0.531131,-0.65865,0.040995;-1.39566,0.84345,-1.68913
-0.538886,-0.665165,0.0379912;-1.33001,0.769637,-1.73783
-0.530274,-0.649288,0.028554;-1.58699,0.677269,-1.56256
-0.527117,-0.645905,0.0288195;-1.55847,0.547082,-1.57806
-0.526989,-0.647668,0.0286052;-1.56911,0.625477,-1.57199
-0.52839,-0.648312,0.0286279;-1.57417,0.683945,-1.56895
-0.52839,-0.648312,0.0286279;-1.57417,0.683945,-1.56895
-0.540312,-0.659955,0.0329106;-1.67958,0.769867,-1.50384
-0.540312,-0.659955,0.0329106;-1.67958,0.769867,-1.50384
