-0.125,0.125,0.06;-1.57,-2.98023e-08,-1.57
-0.125,0.125,0.06;-1.57,-2.98023e-08,-1.57
-0.125,0.125,0.06;-1.57,-2.98023e-08,-1.57
-0.124441,0.131906,0.0285866;-1.57049,-0.11978,-1.57064
-0.124945,0.130252,0.0285731;-1.57085,-0.0460848,-1.57027
-0.126854,0.117114,0.0314017;-1.61989,0.0528041,-1.5713
-0.126096,0.0879872,0.0360002;-1.44924,0.114013,-1.57555
-0.127412,0.0992233,0.0285621;-1.571,-0.0429725,-1.57068
-0.127667,0.0996619,0.0287054;-1.56453,-0.0772689,-1.57024
-0.127522,0.0995094,0.0287255;-1.56448,-0.0691869,-1.57111
-0.126635,0.0983104,0.0285817;-1.571,0.0462179,-1.57064
-0.128513,0.0880715,0.0303503;-1.60544,0.139923,-1.56753
-0.129699,0.0606144,0.0382539;-1.48582,0.218582,-1.57945
-0.132747,0.0562421,0.032983;-1.49229,0.146385,-1.58057
-0.133559,0.0655978,0.0284756;-1.56753,0.0498462,-1.57043
-0.133049,0.0670209,0.0286413;-1.56797,-0.00842241,-1.57064
-0.13295,0.0656122,0.0285605;-1.57166,0.0621779,-1.57061
-0.134872,0.0568312,0.0296241;-1.59745,0.145331,-1.5704
-0.136506,0.0301286,0.0365337;-1.51665,0.226114,-1.57955
-0.138029,0.017137,0.0378275;-1.42003,0.218457,-1.58772
-0.139659,0.023141,0.0325341;-1.49754,0.144178,-1.58187
-0.139681,0.031605,0.0285368;-1.57061,0.0436816,-1.57003
-0.13946,0.032222,0.02858;-1.57081,0.0209068,-1.57079
-0.14038,0.0309185,0.0285695;-1.57074,0.0929151,-1.57037
-0.142984,0.0168338,0.0307892;-1.60762,0.18922,-1.56705
-0.145914,-0.00533456,0.0346416;-1.46844,0.214873,-1.5846
-0.148145,-0.00264682,0.0304932;-1.53308,0.140486,-1.57677
-0.147931,0.00260866,0.0287121;-1.56439,0.000115842,-1.57066
-0.14749,0.00210147,0.0287103;-1.5645,0.0271682,-1.57121
-0.147127,0.00179715,0.0285801;-1.57074,0.0854471,-1.57087
-0.152406,-0.0250874,0.0342179;-1.56427,0.256858,-1.57396
-0.155135,-0.0471146,0.0385825;-1.40142,0.286321,-1.60105
-0.157679,-0.0472626,0.0358223;-1.44178,0.231803,-1.5962
-0.157379,-0.0320255,0.0285729;-1.57054,0.0674322,-1.57039
-0.157539,-0.0318436,0.0286886;-1.56542,0.0484917,-1.57111
-0.156591,-0.033494,0.0286763;-1.56618,0.128013,-1.57124
-0.160522,-0.0444206,0.0300772;-1.59932,0.289184,-1.56338
-0.165416,-0.0713711,0.0373637;-1.47433,0.366731,-1.5965
-0.168564,-0.0821128,0.0378408;-1.40669,0.340323,-1.61387
-0.167659,-0.0662876,0.0285528;-1.57086,0.174861,-1.57005
-0.167338,-0.0653959,0.028693;-1.56527,0.123875,-1.57129
-0.167282,-0.0655804,0.0287073;-1.56469,0.13232,-1.57186
-0.168062,-0.0686767,0.0287142;-1.57711,0.262642,-1.568
-0.174052,-0.0893629,0.0331546;-1.56333,0.354327,-1.57422
-0.177597,-0.113167,0.0384082;-1.39615,0.396551,-1.61878
-0.18013,-0.100138,0.0286584;-1.57707,0.224673,-1.57113
-0.178659,-0.0978201,0.0285652;-1.57032,0.138555,-1.57081
-0.178962,-0.0975194,0.0286912;-1.56536,0.104081,-1.57131
-0.178948,-0.0997945,0.0285755;-1.57126,0.23646,-1.57038
-0.183436,-0.113553,0.031076;-1.59766,0.3304,-1.56417
-0.188246,-0.139531,0.0388006;-1.44333,0.404579,-1.60763
-0.192481,-0.133044,0.0286789;-1.57627,0.239372,-1.57094
-0.191029,-0.130321,0.02847;-1.56759,0.153983,-1.57114
-0.191417,-0.13002,0.0286938;-1.56528,0.114296,-1.57142
-0.191578,-0.132742,0.0285812;-1.57183,0.258732,-1.5697
-0.196251,-0.1471,0.030903;-1.59915,0.347872,-1.56414
-0.20094,-0.172938,0.0380753;-1.43425,0.420556,-1.6129
-0.205703,-0.168059,0.0297158;-1.54583,0.281088,-1.57968
-0.204203,-0.162716,0.0285639;-1.57102,0.201513,-1.57069
-0.204275,-0.162556,0.0286919;-1.56535,0.174207,-1.57165
-0.203763,-0.165058,0.0285728;-1.57082,0.289742,-1.57045
-0.207722,-0.173653,0.0295761;-1.59457,0.378084,-1.56585
-0.215451,-0.199185,0.0368682;-1.48069,0.456776,-1.60662
-0.219537,-0.20509,0.0344099;-1.46102,0.404587,-1.61274
-0.21938,-0.19473,0.0284881;-1.57506,0.314078,-1.56901
-0.218,-0.192827,0.0285741;-1.57033,0.245494,-1.57022
-0.218205,-0.193118,0.0285795;-1.57078,0.252888,-1.57077
-0.219094,-0.194821,0.0285692;-1.57067,0.334806,-1.57084
-0.224648,-0.209493,0.0308088;-1.59315,0.431811,-1.56604
-0.234571,-0.241074,0.0379578;-1.40183,0.476443,-1.63384
-0.23638,-0.23618,0.0339281;-1.46698,0.405531,-1.61157
-0.235252,-0.22467,0.0285518;-1.57071,0.29757,-1.57033
-0.234818,-0.223936,0.0286802;-1.56561,0.243727,-1.57198
-0.234353,-0.224314,0.0285776;-1.57074,0.309686,-1.57089
-0.236385,-0.227518,0.02879;-1.58152,0.385616,-1.5682
-0.250944,-0.273744,0.0393151;-1.38093,0.525877,-1.64336
-0.255295,-0.277327,0.0370516;-1.40967,0.460335,-1.6368
-0.253917,-0.263192,0.0296406;-1.54594,0.368136,-1.58169
-0.252714,-0.25912,0.0286879;-1.56549,0.228925,-1.57197
-0.252056,-0.260129,0.0285786;-1.57064,0.316217,-1.57111
-0.253402,-0.261725,0.0286056;-1.57207,0.392425,-1.5694
-0.269495,-0.304809,0.0389962;-1.41202,0.542912,-1.63617
-0.275133,-0.310632,0.0362146;-1.41735,0.476356,-1.63854
-0.273627,-0.29493,0.0291392;-1.5547,0.38297,-1.57952
-0.272147,-0.290217,0.0286678;-1.5664,0.248864,-1.57176
-0.271739,-0.291711,0.0285769;-1.57083,0.32939,-1.57093
-0.273178,-0.293565,0.028621;-1.57358,0.401044,-1.56923
-0.287948,-0.337013,0.0390993;-1.412,0.550935,-1.63763
-0.294519,-0.344824,0.0360576;-1.42135,0.482131,-1.63841
-0.293622,-0.330078,0.0296167;-1.54649,0.387434,-1.58241
-0.291534,-0.324478,0.0286704;-1.56627,0.258946,-1.57183
-0.291051,-0.32585,0.0285623;-1.57165,0.346639,-1.57046
-0.291493,-0.326839,0.0285784;-1.57075,0.385519,-1.57073
-0.305273,-0.363135,0.0380179;-1.45161,0.548581,-1.62532
-0.311527,-0.370189,0.0352453;-1.43812,0.484534,-1.63146
-0.310715,-0.364926,0.0332167;-1.48054,0.460168,-1.61138
-0.308549,-0.355672,0.0286477;-1.56755,0.311335,-1.57088
-0.308567,-0.357341,0.0287268;-1.56323,0.36519,-1.5735
-0.308577,-0.357545,0.0285794;-1.57098,0.416313,-1.57039
-0.311856,-0.361592,0.0288631;-1.58457,0.512613,-1.5669
-0.329955,-0.400905,0.0374234;-1.38966,0.608359,-1.66368
-0.331595,-0.399221,0.0341845;-1.45491,0.540353,-1.63065
-0.328289,-0.387302,0.0284871;-1.56964,0.435159,-1.57086
-0.327618,-0.386617,0.0286706;-1.56603,0.376935,-1.57275
-0.326984,-0.387683,0.0285471;-1.57234,0.459845,-1.56988
-0.328352,-0.388606,0.0285825;-1.57133,0.523404,-1.56995
-0.34873,-0.426727,0.0391407;-1.40908,0.678486,-1.65916
-0.354785,-0.432598,0.0354887;-1.42151,0.609954,-1.65526
-0.350957,-0.417873,0.0285806;-1.57368,0.512995,-1.5719
-0.349118,-0.415422,0.0286783;-1.56564,0.382126,-1.57261
-0.348687,-0.416783,0.0285392;-1.57297,0.468141,-1.56997
-0.349764,-0.417906,0.0285717;-1.5712,0.528273,-1.57054
-0.369168,-0.45454,0.0383983;-1.4187,0.689092,-1.65562
-0.376449,-0.461369,0.0354811;-1.41916,0.622202,-1.65763
-0.373508,-0.447864,0.0286443;-1.56914,0.52504,-1.57317
-0.37139,-0.445208,0.0286782;-1.56571,0.395939,-1.5727
-0.371173,-0.446409,0.0285958;-1.5698,0.462795,-1.57114
-0.372335,-0.447168,0.0285698;-1.57122,0.524892,-1.56968
-0.391749,-0.479939,0.0374374;-1.44704,0.698315,-1.645
-0.398825,-0.489085,0.0367331;-1.39246,0.666276,-1.67526
-0.398327,-0.481409,0.0321971;-1.49132,0.595782,-1.61699
-0.394653,-0.47302,0.028674;-1.56571,0.445256,-1.57228
-0.394603,-0.473396,0.0286878;-1.56498,0.45922,-1.57338
-0.394278,-0.473709,0.0285755;-1.5707,0.515099,-1.57116
-0.407544,-0.492925,0.0326975;-1.54848,0.686714,-1.58969
-0.419398,-0.513869,0.0386439;-1.38872,0.724897,-1.67656
-0.424832,-0.516033,0.0356227;-1.41231,0.658599,-1.66652
-0.419229,-0.500434,0.0285712;-1.57116,0.480409,-1.5707
-0.419409,-0.500528,0.0286757;-1.56566,0.448957,-1.57301
-0.419303,-0.501987,0.0286739;-1.5654,0.510589,-1.57312
-0.425245,-0.509482,0.0293555;-1.59332,0.676291,-1.56077
-0.439683,-0.531972,0.0366427;-1.46223,0.754921,-1.64236
-0.447435,-0.542877,0.0369749;-1.37892,0.738447,-1.69179
-0.443606,-0.527357,0.0285574;-1.57025,0.559107,-1.57086
-0.442806,-0.526981,0.02869;-1.56541,0.49699,-1.57277
-0.44278,-0.527134,0.028684;-1.565,0.497724,-1.57368
-0.444045,-0.528915,0.0285882;-1.57157,0.62138,-1.56912
-0.454233,-0.543481,0.0321187;-1.55267,0.718932,-1.58733
-0.46678,-0.564086,0.0393786;-1.39136,0.764394,-1.68078
-0.468602,-0.553812,0.028436;-1.57969,0.593512,-1.5665
-0.466172,-0.55219,0.0285723;-1.57115,0.510835,-1.57049
-0.466143,-0.552199,0.0286738;-1.56563,0.487602,-1.57318
-0.467062,-0.554335,0.0285817;-1.57176,0.632169,-1.56931
-0.475569,-0.565718,0.0304926;-1.57656,0.727603,-1.57146
-0.489294,-0.588364,0.0384898;-1.40411,0.793025,-1.67854
-0.492384,-0.579933,0.0286533;-1.57292,0.624629,-1.57143
-0.4903,-0.578054,0.0286083;-1.57177,0.536193,-1.5679
-0.490706,-0.578017,0.028685;-1.56499,0.498764,-1.5735
-0.491188,-0.579689,0.0285776;-1.57103,0.647281,-1.57009
-0.499991,-0.589653,0.0302402;-1.58998,0.743061,-1.56271
-0.514996,-0.612375,0.0384462;-1.41834,0.810796,-1.67338
-0.520709,-0.609855,0.031004;-1.51156,0.684134,-1.60975
-0.517482,-0.604123,0.0285726;-1.57058,0.590574,-1.57121
-0.517173,-0.604079,0.0286878;-1.5647,0.558901,-1.5739
-0.51692,-0.604975,0.028579;-1.57069,0.648843,-1.57083
-0.520058,-0.607751,0.0287807;-1.58337,0.739307,-1.56355
-0.534202,-0.625942,0.0343389;-1.51464,0.826885,-1.61441
-0.549868,-0.641067,0.0346766;-1.41927,0.783029,-1.67827
-0.54455,-0.62969,0.0285571;-1.57218,0.686236,-1.56997
-0.542861,-0.6287,0.0285517;-1.56923,0.617451,-1.57113
-0.542578,-0.630018,0.0285654;-1.57158,0.681925,-1.57029
-0.543642,-0.630368,0.0285662;-1.57022,0.741748,-1.57102
-0.552374,-0.638142,0.0299028;-1.59399,0.841548,-1.55832
-0.577718,-0.664984,0.0366207;-1.35536,0.877097,-1.73107
-0.575583,-0.657645,0.0319963;-1.4814,0.804625,-1.63639
-0.570986,-0.650849,0.0285513;-1.57133,0.704062,-1.56986
-0.57034,-0.651154,0.0286967;-1.5636,0.685297,-1.57548
-0.569956,-0.651541,0.0285662;-1.57151,0.747929,-1.56986
-0.573342,-0.653439,0.0286787;-1.57845,0.832691,-1.56509
-0.60359,-0.686412,0.0384035;-1.31931,0.940035,-1.75843
-0.607754,-0.685935,0.0351367;-1.3891,0.872992,-1.71132
-0.600791,-0.67394,0.0284951;-1.58267,0.774389,-1.56393
-0.598826,-0.672904,0.0286645;-1.56555,0.678407,-1.57412
-0.598674,-0.674607,0.028567;-1.57136,0.771627,-1.57056
-0.599788,-0.675215,0.0285805;-1.57203,0.829351,-1.56916
-0.628675,-0.703581,0.0385298;-1.35592,0.991224,-1.73988
-0.636757,-0.707497,0.0353086;-1.37433,0.919996,-1.72685
-0.629608,-0.694216,0.0284471;-1.58239,0.816576,-1.56407
-0.627185,-0.692586,0.0286835;-1.56429,0.700304,-1.57488
-0.627204,-0.694223,0.0285589;-1.57202,0.787734,-1.56984
-0.628569,-0.694882,0.028579;-1.57152,0.847783,-1.56953
-0.628569,-0.694882,0.028579;-1.57152,0.847783,-1.56953
-0.639839,-0.703705,0.030648;-1.5915,0.943,-1.55956
-0.639839,-0.703705,0.030648;-1.5915,0.943,-1.55956
