-0.125,0.125,0.06;-1.57,-2.98023e-08,-1.57
-0.125,0.125,0.06;-1.57,-2.98023e-08,-1.57
-0.125,0.125,0.06;-1.57,-2.98023e-08,-1.57
-0.12452,0.132424,0.0285825;-1.5706,-0.140491,-1.57052
-0.124887,0.131754,0.0285327;-1.57424,-0.0679585,-1.56981
-0.127962,0.120399,0.0320706;-1.63271,0.0232975,-1.57259
-0.128912,0.0906004,0.0366482;-1.43318,0.0735736,-1.57577
-0.130462,0.105574,0.0285644;-1.57089,-0.0918931,-1.57077
-0.130757,0.106093,0.0288331;-1.55981,-0.125129,-1.57058
-0.130767,0.105618,0.0288288;-1.56091,-0.117294,-1.57169
-0.129566,0.10318,0.0285946;-1.57079,0.00920452,-1.56871
-0.132506,0.0917443,0.0313372;-1.62097,0.103142,-1.56852
-0.133721,0.0647058,0.0392583;-1.51285,0.18808,-1.57901
-0.135897,0.0633176,0.0333027;-1.48737,0.111902,-1.57981
-0.135697,0.0742228,0.0283537;-1.56682,0.0227489,-1.57105
-0.135283,0.0757783,0.0287141;-1.56485,-0.0423897,-1.57093
-0.135327,0.0739024,0.0285781;-1.5707,0.0244967,-1.57088
-0.138239,0.0654045,0.0302802;-1.60568,0.105979,-1.57132
-0.140442,0.0384319,0.0376896;-1.5631,0.19572,-1.57714
-0.142122,0.0244909,0.0389772;-1.39467,0.183924,-1.59013
-0.14343,0.0322555,0.0338033;-1.47449,0.108928,-1.58222
-0.142801,0.0440879,0.0284893;-1.5688,0.00800389,-1.56956
-0.142561,0.044835,0.0285805;-1.57077,-0.0162452,-1.57079
-0.143262,0.0440604,0.0285879;-1.57147,0.0586459,-1.57063
-0.146826,0.0299615,0.0324062;-1.64004,0.148858,-1.56546
-0.149194,0.00774171,0.0361834;-1.48881,0.184847,-1.58233
-0.150754,0.010658,0.0314798;-1.51539,0.111394,-1.57783
-0.149681,0.0181516,0.0287691;-1.55842,-0.0262317,-1.57174
-0.149759,0.0173887,0.0287909;-1.55937,-0.00889846,-1.57212
-0.149339,0.0168384,0.0285762;-1.57084,0.0427666,-1.57092
-0.155172,-0.0097736,0.03557;-1.63186,0.210799,-1.56626
-0.156675,-0.0327684,0.0397446;-1.37538,0.246242,-1.59678
-0.158985,-0.0326383,0.0374954;-1.4072,0.18596,-1.5977
-0.158115,-0.0134827,0.0285845;-1.57061,0.0175372,-1.57066
-0.158477,-0.0131879,0.0288028;-1.56083,-0.00719607,-1.57136
-0.157636,-0.0150996,0.0287464;-1.56344,0.063297,-1.57193
-0.16227,-0.0253514,0.0314631;-1.62671,0.212352,-1.5645
-0.166515,-0.0525075,0.0391443;-1.51978,0.296778,-1.5851
-0.169404,-0.0649581,0.0396411;-1.37146,0.27309,-1.61268
-0.167827,-0.042576,0.0285309;-1.57034,0.104904,-1.57007
-0.16769,-0.041745,0.0288021;-1.56153,0.0529316,-1.57251
-0.167834,-0.0421671,0.0288248;-1.55993,0.0571878,-1.57234
-0.169161,-0.0447745,0.0289687;-1.58971,0.178303,-1.56708
-0.174562,-0.0665313,0.0348975;-1.64351,0.277009,-1.55889
-0.178033,-0.090827,0.0400397;-1.3719,0.325677,-1.61184
-0.180825,-0.0741484,0.0286108;-1.58397,0.152217,-1.56909
-0.179506,-0.0711036,0.0285921;-1.56991,0.0773689,-1.57047
-0.18003,-0.0705263,0.0288099;-1.56064,0.0462382,-1.5721
-0.179965,-0.0727545,0.0285964;-1.5718,0.184097,-1.56995
-0.185232,-0.0874572,0.0329943;-1.65262,0.275728,-1.55464
-0.189788,-0.114338,0.0407399;-1.45031,0.358786,-1.60213
-0.192969,-0.105781,0.0286342;-1.58504,0.193867,-1.56965
-0.191376,-0.102389,0.0285754;-1.57087,0.112501,-1.57055
-0.192012,-0.10168,0.0288301;-1.5598,0.0688789,-1.57246
-0.191989,-0.104037,0.028599;-1.57161,0.20381,-1.56988
-0.197055,-0.118062,0.0327161;-1.64877,0.292184,-1.55546
-0.201807,-0.143932,0.0405476;-1.45044,0.373897,-1.60449
-0.2046,-0.136368,0.0298195;-1.54578,0.233627,-1.5777
-0.201483,-0.128484,0.0285555;-1.57068,0.154679,-1.57081
-0.201823,-0.127771,0.0288023;-1.56108,0.106686,-1.57268
-0.201829,-0.129871,0.0285825;-1.57088,0.203563,-1.5706
-0.206217,-0.139443,0.0309695;-1.6183,0.283668,-1.56242
-0.212726,-0.1657,0.0386873;-1.52654,0.369382,-1.58741
-0.215707,-0.171441,0.0355205;-1.44534,0.319472,-1.60742
-0.214763,-0.158476,0.0283126;-1.58274,0.226191,-1.56702
-0.213163,-0.155534,0.0285654;-1.57097,0.150787,-1.57066
-0.213192,-0.15555,0.0285813;-1.57075,0.154135,-1.5709
-0.21461,-0.156899,0.0286131;-1.57269,0.228725,-1.57014
-0.221034,-0.172824,0.0328965;-1.64894,0.325156,-1.55196
-0.229124,-0.204526,0.0402082;-1.36341,0.374129,-1.62916
-0.229873,-0.199471,0.0358729;-1.43151,0.310726,-1.61344
-0.227189,-0.183731,0.0284744;-1.57106,0.208803,-1.57089
-0.226592,-0.182664,0.0288148;-1.56027,0.14812,-1.57352
-0.22629,-0.183795,0.0285716;-1.57104,0.217482,-1.57092
-0.228968,-0.187113,0.0294354;-1.59505,0.283366,-1.56583
-0.241465,-0.235271,0.0408789;-1.34245,0.435751,-1.63914
-0.244514,-0.237306,0.0394159;-1.36386,0.369565,-1.63881
-0.242665,-0.219899,0.0300377;-1.53924,0.272406,-1.58219
-0.240328,-0.212259,0.0288216;-1.56018,0.146961,-1.57334
-0.239568,-0.213846,0.0285775;-1.57099,0.241849,-1.57063
-0.241217,-0.215442,0.0289043;-1.58723,0.312836,-1.56596
-0.256537,-0.262691,0.0410185;-1.3833,0.473432,-1.63739
-0.260866,-0.269025,0.0390505;-1.36409,0.404007,-1.64835
-0.260413,-0.249873,0.029261;-1.55616,0.290429,-1.57934
-0.259247,-0.244761,0.0288289;-1.55985,0.148224,-1.57343
-0.258719,-0.245956,0.02858;-1.57073,0.222945,-1.57095
-0.260323,-0.247551,0.0287979;-1.58132,0.293166,-1.56864
-0.273766,-0.292656,0.0406638;-1.3927,0.456464,-1.63155
-0.278135,-0.299287,0.0387509;-1.37117,0.392562,-1.64413
-0.277418,-0.282096,0.0299482;-1.54166,0.294646,-1.58153
-0.274864,-0.273924,0.0288024;-1.56097,0.153457,-1.57312
-0.274687,-0.275607,0.0285518;-1.57169,0.233482,-1.57045
-0.275288,-0.276401,0.0285829;-1.57096,0.26943,-1.57033
-0.28827,-0.314958,0.0402668;-1.48064,0.431979,-1.60324
-0.292716,-0.324338,0.0378392;-1.38921,0.369683,-1.63377
-0.291141,-0.316541,0.034463;-1.4597,0.350613,-1.60832
-0.287514,-0.30208,0.02866;-1.5666,0.203023,-1.57143
-0.287376,-0.303856,0.0288837;-1.55837,0.245747,-1.57619
-0.287303,-0.304337,0.0285756;-1.57078,0.293999,-1.57064
-0.29138,-0.309547,0.0298927;-1.60052,0.379714,-1.56208
-0.307455,-0.351128,0.0398123;-1.35172,0.481627,-1.65677
-0.308508,-0.348129,0.036368;-1.41556,0.419163,-1.63405
-0.303436,-0.331888,0.0284102;-1.57493,0.324421,-1.56977
-0.30263,-0.330207,0.0287805;-1.56111,0.246103,-1.57337
-0.30235,-0.3318,0.02857;-1.57101,0.318392,-1.57068
-0.303863,-0.33268,0.0286913;-1.57698,0.372957,-1.56822
-0.322442,-0.373771,0.0405617;-1.39418,0.534175,-1.64411
-0.327533,-0.380094,0.0383217;-1.37413,0.46147,-1.65647
-0.324092,-0.362981,0.0287657;-1.58331,0.36065,-1.56621
-0.322488,-0.358712,0.0288239;-1.55986,0.220494,-1.57408
-0.321676,-0.36044,0.0285422;-1.57233,0.294868,-1.57038
-0.322789,-0.361251,0.0286642;-1.57572,0.34855,-1.56922
-0.339265,-0.401543,0.0405929;-1.42215,0.514592,-1.63131
-0.344828,-0.409548,0.0383237;-1.3729,0.445393,-1.65265
-0.341636,-0.392518,0.028767;-1.56388,0.352439,-1.5754
-0.33941,-0.387952,0.0288343;-1.5594,0.224623,-1.57429
-0.338853,-0.389548,0.0286669;-1.56642,0.294282,-1.57183
-0.339472,-0.389917,0.0285477;-1.5728,0.352861,-1.56939
-0.356837,-0.425396,0.0398927;-1.4955,0.522098,-1.60563
-0.363161,-0.437194,0.0399601;-1.34268,0.488614,-1.66662
-0.361226,-0.428312,0.0339434;-1.46217,0.430631,-1.61599
-0.355252,-0.414736,0.0288004;-1.56126,0.269415,-1.57454
-0.355464,-0.415012,0.0288211;-1.55921,0.272779,-1.57486
-0.355354,-0.415826,0.028568;-1.57099,0.333305,-1.57047
-0.368655,-0.438703,0.0349029;-1.64664,0.499748,-1.54269
-0.376934,-0.46155,0.0403003;-1.35609,0.546556,-1.66152
-0.379626,-0.462999,0.0385556;-1.36995,0.492105,-1.65997
-0.372076,-0.442485,0.0285589;-1.57083,0.323339,-1.57073
-0.37223,-0.441913,0.0288232;-1.55956,0.288143,-1.5748
-0.372177,-0.443627,0.0287974;-1.56106,0.348912,-1.57536
-0.379539,-0.452674,0.0310753;-1.62408,0.496616,-1.54912
-0.391206,-0.478216,0.0386814;-1.51107,0.584362,-1.60362
-0.398058,-0.490576,0.0401653;-1.33542,0.562737,-1.68259
-0.39169,-0.470041,0.0284023;-1.5646,0.395824,-1.57379
-0.39094,-0.468405,0.0287771;-1.56189,0.334578,-1.57463
-0.391344,-0.468641,0.028823;-1.55966,0.330003,-1.57546
-0.392978,-0.47095,0.0289345;-1.58558,0.458475,-1.56392
-0.404377,-0.489615,0.034699;-1.6618,0.556167,-1.53077
-0.414366,-0.513175,0.04082;-1.3596,0.610769,-1.67133
-0.41325,-0.499328,0.0287669;-1.58538,0.445763,-1.56369
-0.411207,-0.496936,0.0285772;-1.57113,0.36311,-1.57038
-0.411701,-0.496374,0.0288246;-1.55953,0.319721,-1.57529
-0.412612,-0.49899,0.0286588;-1.57547,0.453328,-1.56841
-0.422128,-0.513435,0.0331087;-1.66516,0.541276,-1.52968
-0.433296,-0.538391,0.0406285;-1.40811,0.619748,-1.65122
-0.434535,-0.52848,0.0282145;-1.59095,0.453601,-1.5629
-0.433145,-0.528008,0.0285707;-1.57094,0.406514,-1.57045
-0.433238,-0.528009,0.0288629;-1.55767,0.393544,-1.5772
-0.433657,-0.530888,0.0286075;-1.57307,0.549625,-1.5693
-0.443867,-0.542287,0.0325318;-1.66107,0.637135,-1.52414
-0.457417,-0.56537,0.0404953;-1.436,0.715699,-1.65143
-0.458858,-0.563102,0.0322826;-1.48711,0.598072,-1.6191
-0.452515,-0.554544,0.0285331;-1.57037,0.504457,-1.57015
-0.452306,-0.553663,0.0288278;-1.55899,0.46204,-1.57723
-0.452865,-0.555165,0.0285769;-1.5708,0.538828,-1.57062
-0.457552,-0.558381,0.0295762;-1.60147,0.617441,-1.5567
-0.47265,-0.579043,0.036419;-1.60685,0.708989,-1.55454
-0.485714,-0.5933,0.0371378;-1.37364,0.673945,-1.692
-0.477868,-0.578276,0.0288371;-1.59415,0.579569,-1.55714
-0.475668,-0.57606,0.0285927;-1.56992,0.513166,-1.57109
-0.475348,-0.57752,0.0286434;-1.56708,0.576796,-1.57278
-0.476199,-0.577665,0.0285782;-1.57047,0.632848,-1.57048
-0.486987,-0.587505,0.0318635;-1.6495,0.724604,-1.52354
-0.510044,-0.617263,0.0401323;-1.29065,0.761445,-1.75273
-0.505324,-0.607899,0.0335718;-1.45074,0.701649,-1.64922
-0.497555,-0.597764,0.0285201;-1.57004,0.607967,-1.57121
-0.49773,-0.597723,0.0288388;-1.55775,0.571033,-1.57953
-0.497706,-0.598499,0.0285641;-1.57214,0.63286,-1.57026
-0.501352,-0.600286,0.0293636;-1.59942,0.705171,-1.55438
-0.532706,-0.637747,0.0400641;-1.27425,0.825433,-1.76745
-0.534967,-0.637079,0.0379161;-1.33524,0.766674,-1.73195
-0.525654,-0.62328,0.0287433;-1.5907,0.680821,-1.56012
-0.523866,-0.621112,0.0288092;-1.55844,0.572557,-1.57835
-0.523765,-0.623226,0.0285789;-1.57073,0.669193,-1.57096
-0.52508,-0.623575,0.0286295;-1.5735,0.72564,-1.56761
-0.55474,-0.654676,0.0409856;-1.37131,0.889124,-1.71325
-0.562869,-0.66081,0.0382234;-1.31061,0.819033,-1.76056
-0.553497,-0.645887,0.0286703;-1.59001,0.730129,-1.56084
-0.55042,-0.643048,0.0288199;-1.55733,0.598121,-1.57915
-0.550131,-0.644832,0.028574;-1.57054,0.689147,-1.57006
-0.551736,-0.645266,0.0286282;-1.5741,0.74894,-1.56849
-0.551736,-0.645266,0.0286282;-1.5741,0.74894,-1.56849
-0.564493,-0.656402,0.0327522;-1.68174,0.838972,-1.49581
-0.564493,-0.656402,0.0327522;-1.68174,0.838972,-1.49581
