-0.125,0.125,0.06;-1.57,-2.98023e-08,-1.57
-0.125,0.125,0.06;-1.57,-2.98023e-08,-1.57
-0.125,0.125,0.06;-1.57,-2.98023e-08,-1.57
-0.125082,0.13122,0.0285764;-1.5697,-0.163364,-1.56926
-0.125655,0.130049,0.0285767;-1.57195,-0.0973278,-1.56976
-0.128232,0.117982,0.0317455;-1.62357,-0.0114447,-1.57292
-0.127163,0.0848902,0.0363202;-1.43697,0.0653599,-1.57363
-0.129894,0.0956548,0.028556;-1.57107,-0.072515,-1.57053
-0.129985,0.0958819,0.0287791;-1.56124,-0.0922629,-1.56988
-0.129884,0.0957834,0.0287679;-1.56266,-0.0871722,-1.57091
-0.129723,0.0949517,0.0285865;-1.57061,-0.0182016,-1.56978
-0.133043,0.0870354,0.0313197;-1.61529,0.0757126,-1.56554
-0.136884,0.06224,0.0402117;-1.58714,0.171096,-1.57116
-0.138439,0.0497351,0.0322304;-1.50103,0.151407,-1.57865
-0.138538,0.0564283,0.0284706;-1.5689,0.0755684,-1.57078
-0.138241,0.0572824,0.0286705;-1.5663,0.0484956,-1.57077
-0.138215,0.0568737,0.02858;-1.57079,0.0688204,-1.57079
-0.139985,0.0542137,0.0297602;-1.59143,0.136457,-1.56763
-0.143422,0.0376828,0.0376046;-1.61579,0.212433,-1.56586
-0.146827,0.022005,0.0396442;-1.53071,0.263656,-1.57657
-0.147486,0.0197934,0.0314583;-1.50955,0.227769,-1.58346
-0.146465,0.0230534,0.0285586;-1.57009,0.192,-1.57108
-0.146265,0.0233751,0.0285806;-1.57074,0.186044,-1.5707
-0.146583,0.0233529,0.0285759;-1.57078,0.217208,-1.57045
-0.148732,0.0209237,0.0312428;-1.61175,0.259748,-1.55821
-0.154243,0.00650902,0.0372191;-1.60586,0.337294,-1.55764
-0.15603,0.0024763,0.0290769;-1.54556,0.300724,-1.5782
-0.155434,0.00320983,0.0287058;-1.56453,0.285363,-1.57248
-0.155477,0.00317951,0.0287167;-1.56396,0.285917,-1.57271
-0.155346,0.00329422,0.0285797;-1.57073,0.292247,-1.57093
-0.159254,-0.00243986,0.0344889;-1.64785,0.375723,-1.54205
-0.166124,-0.0189717,0.0441838;-1.58749,0.46433,-1.56222
-0.169668,-0.0244649,0.0380496;-1.51754,0.43005,-1.58927
-0.168569,-0.0220363,0.0285771;-1.57058,0.393303,-1.57042
-0.168528,-0.0218877,0.0285801;-1.57074,0.394964,-1.57077
-0.168657,-0.0223019,0.0286566;-1.56675,0.415318,-1.57236
-0.170019,-0.0233575,0.0294716;-1.58481,0.446974,-1.56562
-0.175454,-0.0337574,0.0396433;-1.61598,0.525436,-1.55352
-0.18024,-0.0439341,0.0416856;-1.54344,0.529652,-1.5846
-0.17796,-0.039548,0.0285744;-1.57102,0.461932,-1.57058
-0.177842,-0.0395139,0.0286907;-1.56488,0.46629,-1.57339
-0.177773,-0.0395385,0.0286663;-1.56617,0.470929,-1.57284
-0.177839,-0.0401806,0.0285781;-1.5714,0.523575,-1.5701
-0.183134,-0.0475392,0.0326677;-1.57768,0.568827,-1.57094
-0.191519,-0.0580906,0.044;-1.50402,0.596503,-1.61106
-0.185031,-0.0501329,0.0285394;-1.56998,0.484349,-1.57091
-0.184512,-0.0496981,0.028583;-1.57067,0.485557,-1.57078
-0.184456,-0.0497954,0.0287294;-1.56269,0.493231,-1.57466
-0.184805,-0.050446,0.0285435;-1.57313,0.569804,-1.56963
-0.189531,-0.0568413,0.0299979;-1.56157,0.610201,-1.57937
-0.199961,-0.0691371,0.0394713;-1.39557,0.638056,-1.67105
-0.193871,-0.0505658,0.0286351;-1.58098,0.449713,-1.56819
-0.193031,-0.0495293,0.0285763;-1.57091,0.436011,-1.57061
-0.192923,-0.04968,0.0287463;-1.562,0.439502,-1.57442
-0.19308,-0.0507321,0.0285522;-1.57269,0.55461,-1.56949
-0.199585,-0.0598976,0.0299726;-1.57125,0.604977,-1.57463
-0.209242,-0.0789971,0.0385911;-1.36949,0.64827,-1.68079
-0.206862,-0.0621857,0.0287964;-1.56252,0.469682,-1.57537
-0.203208,-0.0573724,0.0285602;-1.57076,0.402779,-1.57077
-0.203046,-0.0570548,0.0287907;-1.56076,0.381207,-1.57518
-0.203544,-0.0588559,0.0285614;-1.57217,0.490129,-1.56995
-0.209966,-0.0660409,0.0302658;-1.60815,0.565839,-1.55473
-0.222996,-0.0894921,0.0376817;-1.47218,0.651345,-1.62908
-0.226382,-0.0893979,0.0352992;-1.43493,0.562,-1.645
-0.220377,-0.075963,0.0284195;-1.58887,0.471311,-1.56172
-0.218764,-0.0746331,0.028568;-1.56996,0.409723,-1.57022
-0.218864,-0.074798,0.0285799;-1.57078,0.425557,-1.57081
-0.220615,-0.075883,0.028584;-1.57214,0.504241,-1.5689
-0.230898,-0.0899497,0.0317895;-1.6225,0.594815,-1.54733
-0.246724,-0.120418,0.0385531;-1.35811,0.658814,-1.6876
-0.247314,-0.116096,0.0346256;-1.43827,0.59403,-1.64482
-0.242633,-0.10429,0.0284653;-1.56592,0.491426,-1.57195
-0.241936,-0.103466,0.0287643;-1.56101,0.427437,-1.57497
-0.241605,-0.10422,0.0285793;-1.57067,0.50211,-1.57095
-0.24481,-0.106452,0.0290259;-1.59049,0.567044,-1.56101
-0.269934,-0.149671,0.0405833;-1.35145,0.716368,-1.69857
-0.274975,-0.153704,0.0377774;-1.36363,0.64996,-1.69461
-0.270354,-0.14143,0.0295834;-1.54242,0.591348,-1.58925
-0.267836,-0.138516,0.0287757;-1.56015,0.497568,-1.57586
-0.267718,-0.138846,0.0285789;-1.5707,0.540164,-1.57093
-0.267956,-0.138881,0.0286106;-1.57301,0.558017,-1.56925
-0.287945,-0.164596,0.0438863;-1.53089,0.733344,-1.60055
-0.29519,-0.171375,0.0413335;-1.49779,0.697217,-1.62112
-0.292629,-0.168737,0.0285839;-1.57471,0.674633,-1.56997
-0.29095,-0.167434,0.0287176;-1.56281,0.606785,-1.57529
-0.290827,-0.167984,0.028535;-1.57338,0.649311,-1.56922
-0.291145,-0.168047,0.0285989;-1.57216,0.656673,-1.57005
-0.307945,-0.189903,0.043105;-1.52372,0.80885,-1.61162
-0.313419,-0.194274,0.0420995;-1.52397,0.769887,-1.61099
-0.311377,-0.191193,0.0285889;-1.57272,0.740677,-1.57007
-0.310466,-0.190365,0.0285862;-1.57045,0.723809,-1.57101
-0.310478,-0.190377,0.0285795;-1.57075,0.735731,-1.57093
-0.310539,-0.190397,0.0285817;-1.57094,0.728657,-1.57077
-0.321528,-0.201114,0.0408672;-1.61342,0.861251,-1.54528
-0.329376,-0.206984,0.0392166;-1.53106,0.841126,-1.59905
-0.331209,-0.206262,0.0304292;-1.52332,0.852795,-1.60474
-0.329763,-0.203921,0.028647;-1.56708,0.801388,-1.57267
-0.329736,-0.204044,0.0287358;-1.55982,0.81483,-1.57868
-0.329781,-0.203942,0.0285796;-1.57067,0.816873,-1.57083
-0.330541,-0.203937,0.0286432;-1.57208,0.839088,-1.57218
-0.349052,-0.218212,0.0435442;-1.55465,0.965236,-1.58562
-0.35228,-0.218868,0.0355751;-1.50177,0.917224,-1.62693
-0.350285,-0.217251,0.0285697;-1.57176,0.88654,-1.5702
-0.349799,-0.217212,0.0286131;-1.56829,0.894039,-1.57266
-0.349647,-0.217457,0.028543;-1.57411,0.931764,-1.56779
-0.349971,-0.217633,0.0285791;-1.57061,0.950813,-1.57097
-0.366121,-0.22668,0.0430071;-1.48792,1.04338,-1.64884
-0.367895,-0.228506,0.0406217;-1.48533,0.976266,-1.65103
-0.361537,-0.22474,0.0285677;-1.57389,0.938892,-1.56918
-0.360951,-0.224672,0.0287102;-1.56029,0.94195,-1.57926
-0.360747,-0.22514,0.0285769;-1.57105,0.980982,-1.57085
-0.362098,-0.225442,0.028577;-1.57111,1.03346,-1.57022
-0.381359,-0.234923,0.039887;-1.306,1.08871,-1.80418
-0.381299,-0.233972,0.0390803;-1.3728,1.0011,-1.74723
-0.367837,-0.225095,0.028692;-1.58287,0.904975,-1.56012
-0.366561,-0.225012,0.0287618;-1.55661,0.91042,-1.58196
-0.366546,-0.225423,0.0286017;-1.56955,0.947383,-1.57146
-0.367197,-0.225672,0.028573;-1.57259,0.991267,-1.56911
-0.390712,-0.241757,0.0375174;-1.26124,1.08391,-1.83943
-0.395426,-0.243439,0.0380788;-1.24548,1.03189,-1.85179
-0.386867,-0.233708,0.0327295;-1.45359,0.946487,-1.67219
-0.378159,-0.228134,0.0287702;-1.55744,0.865782,-1.58135
-0.378557,-0.229107,0.0287405;-1.55852,0.904497,-1.58081
-0.378292,-0.229303,0.0285671;-1.57168,0.949065,-1.5702
-0.399244,-0.240666,0.0324579;-1.47323,1.11131,-1.66002
-0.412779,-0.250937,0.0394201;-1.18226,1.08596,-1.9044
-0.412646,-0.246668,0.036768;-1.29362,1.0171,-1.80904
-0.397561,-0.233687,0.0285779;-1.57188,0.865762,-1.56997
-0.397613,-0.233937,0.0287791;-1.55594,0.867809,-1.58207
-0.398048,-0.235123,0.0287359;-1.55828,0.927458,-1.58071
-0.407048,-0.238332,0.0294797;-1.6052,1.07178,-1.54459
-0.42937,-0.253459,0.0362891;-1.28838,1.1454,-1.82204
-0.436636,-0.258417,0.0382593;-1.18864,1.11674,-1.90618
-0.424576,-0.243675,0.0285283;-1.56871,0.956689,-1.57352
-0.423662,-0.243473,0.028753;-1.55706,0.912306,-1.58129
-0.423787,-0.243556,0.0287577;-1.55739,0.915728,-1.58196
-0.4262,-0.24507,0.028709;-1.58596,1.06616,-1.55765
-0.445621,-0.253846,0.0334557;-1.60591,1.1608,-1.54551
-0.467665,-0.269186,0.0395778;-1.15725,1.19473,-1.94497
-0.464654,-0.263457,0.0285847;-1.58342,1.08202,-1.56031
-0.462063,-0.263102,0.0285756;-1.57181,1.0052,-1.56958
-0.462262,-0.26319,0.0287648;-1.55473,0.984766,-1.58413
-0.46282,-0.263622,0.0285778;-1.57086,1.06836,-1.5703
-0.474645,-0.267166,0.0315669;-1.66567,1.1644,-1.48586
-0.496661,-0.277969,0.0414926;-1.39427,1.24562,-1.74173
-0.503967,-0.281211,0.0285825;-1.57543,1.20039,-1.56653
-0.503358,-0.280979,0.0286091;-1.57117,1.17909,-1.56892
-0.502698,-0.280942,0.0286584;-1.56108,1.1748,-1.57971
-0.502854,-0.28125,0.0285797;-1.57087,1.21902,-1.57074
-0.508847,-0.282425,0.0302708;-1.65922,1.29003,-1.4897
-0.526627,-0.289823,0.0406653;-1.41226,1.3778,-1.7332
-0.535712,-0.290071,0.0300778;-1.43888,1.3303,-1.69825
-0.534057,-0.290001,0.0285756;-1.57166,1.3212,-1.56993
-0.533425,-0.2899,0.0286567;-1.55644,1.31867,-1.5845
-0.533332,-0.290254,0.028573;-1.57194,1.33914,-1.56981
-0.534007,-0.289897,0.0286776;-1.58384,1.36133,-1.56019
-0.543381,-0.29076,0.0352569;-1.84146,1.43723,-1.30764
-0.565418,-0.292448,0.0367396;-1.09742,1.44937,-2.04243
-0.563602,-0.29167,0.0285562;-1.57901,1.43363,-1.56269
-0.563221,-0.291847,0.0286074;-1.57116,1.43191,-1.56915
-0.562924,-0.292035,0.0285911;-1.56133,1.44572,-1.58021
-0.563002,-0.291977,0.0285799;-1.56936,1.46041,-1.57225
-0.565647,-0.291185,0.0297089;-1.81371,1.49659,-1.33228
-0.589379,-0.291978,0.0420938;0.728055,1.54101,2.41295
-0.589861,-0.289998,0.0300525;-0.615849,1.53034,-2.52342
-0.588095,-0.290097,0.0285743;-1.57688,1.52032,-1.56466
-0.587736,-0.29026,0.0286373;-1.50648,1.52889,-1.63481
-0.5877,-0.290322,0.0285642;-1.58434,1.54588,-1.55767
-0.588449,-0.290099,0.0286171;0,1.56867,3.13981
-0.610104,-0.289477,0.0444002;1.45349,1.4481,1.68278
-0.615242,-0.288364,0.0384812;1.14039,1.48498,1.99846
-0.612434,-0.287586,0.0285747;1.58262,1.52822,1.55875
-0.611967,-0.288012,0.0286403;1.50845,1.52425,1.63315
-0.611979,-0.288663,0.028525;1.60517,1.48709,1.53641
-0.612663,-0.28874,0.0285849;1.57241,1.46013,1.5687
-0.630501,-0.285497,0.0409238;1.14986,1.3569,1.98022
-0.629906,-0.284918,0.0396324;0.962817,1.44656,2.16361
-0.617723,-0.287214,0.028567;1.66408,1.55376,1.47461
-0.616718,-0.287701,0.0287504;1.23651,1.54579,1.90507
-0.616934,-0.287917,0.0285643;1.57761,1.50899,1.56473
-0.618036,-0.287609,0.0285774;1.57178,1.45663,1.57001
-0.618036,-0.287609,0.0285774;1.57178,1.45663,1.57001
-0.624802,-0.286696,0.0303659;1.47693,1.40332,1.65541
-0.624802,-0.286696,0.0303659;1.47693,1.40332,1.65541
