-0.125,0.125,0.06;-1.57,-2.98023e-08,-1.57
-0.125,0.125,0.06;-1.57,-2.98023e-08,-1.57
-0.125,0.125,0.06;-1.57,-2.98023e-08,-1.57
-0.124954,0.131105,0.0285854;-1.57058,-0.164997,-1.57062
-0.125327,0.129794,0.0285957;-1.5719,-0.104051,-1.56885
-0.127958,0.116631,0.0318372;-1.62471,-0.0136817,-1.57248
-0.128126,0.0891549,0.036121;-1.44208,0.0163864,-1.57312
-0.130764,0.103868,0.0285539;-1.57077,-0.163585,-1.57048
-0.130956,0.104221,0.0288382;-1.55896,-0.20149,-1.56919
-0.130904,0.103896,0.0287902;-1.56224,-0.193402,-1.57079
-0.130084,0.101992,0.0285809;-1.57049,-0.080866,-1.57041
-0.132822,0.0929048,0.0306696;-1.60453,0.00675719,-1.57152
-0.133608,0.0659424,0.0394654;-1.51387,0.0981825,-1.57948
-0.136627,0.0653849,0.0324898;-1.50895,-0.00323377,-1.57587
-0.137216,0.0739571,0.028484;-1.56995,-0.0899883,-1.56995
-0.136879,0.0751959,0.0287192;-1.56384,-0.143321,-1.56959
-0.136644,0.0739155,0.0285667;-1.57131,-0.0753902,-1.57092
-0.139165,0.0667229,0.0296677;-1.59342,0.00667577,-1.57509
-0.140407,0.0400269,0.0375344;-1.5449,0.0926768,-1.58245
-0.140298,0.0257014,0.0373537;-1.42239,0.0739523,-1.58225
-0.143722,0.0355036,0.0326091;-1.50296,-0.017263,-1.57497
-0.143898,0.0450357,0.0285155;-1.57071,-0.108067,-1.56928
-0.143643,0.04551,0.0285798;-1.57078,-0.123648,-1.57078
-0.1442,0.0448245,0.0285822;-1.57121,-0.0467146,-1.56979
-0.14684,0.0323986,0.0313491;-1.61601,0.0435638,-1.5739
-0.147086,0.0100601,0.0360567;-1.49858,0.081969,-1.58238
-0.149242,0.0134015,0.0302682;-1.53734,-0.00641371,-1.57211
-0.148907,0.0190074,0.0288212;-1.55996,-0.113234,-1.57042
-0.148497,0.0180197,0.0288367;-1.56015,-0.0735078,-1.57175
-0.147808,0.0174824,0.0285718;-1.5711,-0.0150226,-1.57098
-0.154064,-0.0065602,0.0354302;-1.61099,0.160152,-1.57204
-0.154133,-0.0294127,0.0399575;-1.41809,0.206537,-1.59343
-0.15695,-0.0307386,0.0368504;-1.42151,0.12775,-1.59075
-0.157681,-0.0105202,0.0285756;-1.57105,-0.0348041,-1.57072
-0.1575,-0.0102216,0.0288071;-1.56043,-0.0458065,-1.57085
-0.156647,-0.0118879,0.0287397;-1.56375,0.0282471,-1.5716
-0.161171,-0.020795,0.0315377;-1.62394,0.176725,-1.56345
-0.166527,-0.0457994,0.0401124;-1.55212,0.275509,-1.57969
-0.168541,-0.0588688,0.0392199;-1.3743,0.251575,-1.6119
-0.167632,-0.0348826,0.0285199;-1.56943,0.0859469,-1.57105
-0.167486,-0.0337019,0.0288282;-1.56005,0.0466286,-1.57296
-0.167405,-0.0347055,0.0288896;-1.55768,0.0651743,-1.57333
-0.16869,-0.0371313,0.0291534;-1.59404,0.196323,-1.56773
-0.175266,-0.0542511,0.0363035;-1.7115,0.293982,-1.54466
-0.178973,-0.0749597,0.0435385;-1.5117,0.350594,-1.58425
-0.179452,-0.0662286,0.0285085;-1.59122,0.198862,-1.56655
-0.178194,-0.0636326,0.0285916;-1.57008,0.122991,-1.57035
-0.178465,-0.063288,0.0289148;-1.55562,0.0987028,-1.5732
-0.178293,-0.06649,0.0287009;-1.57714,0.235475,-1.56902
-0.18367,-0.077379,0.0338459;-1.67498,0.319993,-1.54748
-0.190131,-0.0989903,0.0423156;-1.64801,0.404068,-1.55608
-0.191712,-0.0935085,0.0286439;-1.58694,0.237128,-1.56891
-0.190469,-0.0909161,0.0285953;-1.56981,0.151417,-1.57092
-0.190794,-0.0906378,0.0289419;-1.55448,0.121147,-1.57384
-0.190506,-0.0935981,0.0286485;-1.57438,0.270575,-1.56971
-0.196205,-0.104533,0.0338524;-1.67633,0.35732,-1.54458
-0.202949,-0.126356,0.0421459;-1.63386,0.440207,-1.55927
-0.204794,-0.122037,0.0293544;-1.55531,0.292053,-1.57573
-0.201495,-0.115413,0.0285607;-1.57088,0.208575,-1.57052
-0.201659,-0.11492,0.0289057;-1.55597,0.16935,-1.57417
-0.201578,-0.117339,0.028585;-1.57125,0.276677,-1.57035
-0.206346,-0.124367,0.0315792;-1.63529,0.354242,-1.55404
-0.214627,-0.146114,0.0395207;-1.70006,0.445272,-1.53727
-0.218208,-0.152021,0.0354866;-1.44831,0.384406,-1.60993
-0.214448,-0.137879,0.0288263;-1.58934,0.300364,-1.56488
-0.213244,-0.136072,0.0285928;-1.56969,0.221383,-1.57037
-0.213202,-0.135974,0.0285788;-1.57075,0.225553,-1.57082
-0.214497,-0.136531,0.0286888;-1.57663,0.300658,-1.56906
-0.221484,-0.148214,0.0341138;-1.68261,0.393378,-1.53707
-0.233763,-0.183276,0.0402536;-1.3442,0.44889,-1.64626
-0.235241,-0.179826,0.0377924;-1.38899,0.378288,-1.63574
-0.230213,-0.163171,0.0284983;-1.57617,0.286074,-1.56907
-0.230018,-0.161799,0.0288715;-1.55718,0.212573,-1.57462
-0.229749,-0.16276,0.0285699;-1.57079,0.274445,-1.57047
-0.232282,-0.164939,0.0295528;-1.59742,0.33308,-1.5652
-0.247669,-0.208715,0.0434056;-1.40157,0.48718,-1.63122
-0.253295,-0.217016,0.0399614;-1.33623,0.40725,-1.66171
-0.250414,-0.19821,0.0296696;-1.54646,0.318581,-1.58114
-0.248206,-0.192559,0.0288383;-1.55955,0.184854,-1.57405
-0.247972,-0.194069,0.0285795;-1.57078,0.263286,-1.5709
-0.249619,-0.195357,0.0288337;-1.58374,0.329861,-1.56697
-0.268142,-0.241026,0.0413791;-1.40773,0.489341,-1.63652
-0.273367,-0.249135,0.0383576;-1.37746,0.414289,-1.64763
-0.270994,-0.228368,0.0287963;-1.56417,0.305125,-1.57669
-0.269132,-0.224183,0.0288124;-1.56012,0.172199,-1.57317
-0.268739,-0.225552,0.0285784;-1.57106,0.246265,-1.57101
-0.270229,-0.226801,0.0287374;-1.57904,0.306758,-1.56818
-0.284809,-0.270392,0.040987;-1.42952,0.463444,-1.62683
-0.289904,-0.27881,0.0374625;-1.39876,0.387405,-1.63509
-0.288425,-0.258751,0.0290443;-1.55856,0.275372,-1.57599
-0.286375,-0.253745,0.0288022;-1.56052,0.174229,-1.57308
-0.286126,-0.255179,0.0285795;-1.57072,0.265609,-1.57087
-0.286696,-0.255792,0.0285802;-1.57078,0.301203,-1.5708
-0.301679,-0.291172,0.0399247;-1.48491,0.470827,-1.61238
-0.306731,-0.299314,0.0360003;-1.42517,0.39072,-1.62759
-0.304322,-0.288586,0.0331385;-1.4944,0.355978,-1.60421
-0.300654,-0.277904,0.0286506;-1.56708,0.222124,-1.5713
-0.300523,-0.279674,0.0288411;-1.55996,0.27217,-1.57565
-0.300425,-0.279888,0.0285776;-1.57081,0.318868,-1.57083
-0.304614,-0.28384,0.0292587;-1.58863,0.409057,-1.56663
-0.322249,-0.324555,0.0381606;-1.37709,0.516692,-1.66186
-0.323225,-0.319318,0.0355462;-1.43979,0.426292,-1.6304
-0.318452,-0.303847,0.0284774;-1.56884,0.326777,-1.56994
-0.317042,-0.302688,0.0287933;-1.56033,0.279516,-1.57459
-0.316139,-0.304096,0.0285585;-1.57137,0.371467,-1.56963
-0.31742,-0.304561,0.0286713;-1.57323,0.43459,-1.56711
-0.33884,-0.342541,0.041511;-1.43268,0.601938,-1.64275
-0.343932,-0.348584,0.0376171;-1.38159,0.521177,-1.66577
-0.338124,-0.328933,0.0283664;-1.59093,0.414526,-1.56198
-0.335635,-0.325463,0.0288445;-1.55887,0.315806,-1.57579
-0.335189,-0.327554,0.0285575;-1.57194,0.404909,-1.57057
-0.33658,-0.328339,0.0286677;-1.57574,0.466314,-1.56839
-0.358023,-0.362749,0.0419749;-1.47351,0.639587,-1.6247
-0.364281,-0.37137,0.0385491;-1.35282,0.564975,-1.68582
-0.35811,-0.353388,0.0284429;-1.57876,0.471482,-1.56763
-0.355209,-0.349505,0.0288877;-1.55659,0.353558,-1.57701
-0.355148,-0.351548,0.028723;-1.56325,0.423107,-1.57386
-0.356039,-0.352109,0.0285891;-1.57196,0.478395,-1.56958
-0.375969,-0.379376,0.040889;-1.64815,0.657136,-1.53596
-0.383917,-0.390359,0.0403588;-1.308,0.629016,-1.70101
-0.383329,-0.383274,0.0353009;-1.42336,0.556503,-1.64907
-0.37595,-0.370194,0.0288782;-1.55681,0.414191,-1.57774
-0.376059,-0.370732,0.0289319;-1.55318,0.429325,-1.579
-0.375704,-0.371303,0.028569;-1.57118,0.483634,-1.5704
-0.390727,-0.387311,0.0362974;-1.7371,0.644645,-1.48762
-0.401451,-0.405205,0.0434384;-1.52322,0.694405,-1.59774
-0.40731,-0.41246,0.0407407;-1.29977,0.624411,-1.71701
-0.397116,-0.392888,0.0285404;-1.56987,0.461929,-1.57145
-0.397311,-0.392457,0.0289076;-1.55443,0.433374,-1.5784
-0.397296,-0.39404,0.0288727;-1.55569,0.497365,-1.57864
-0.404385,-0.399313,0.0317982;-1.65185,0.639158,-1.52799
-0.41828,-0.417048,0.0398311;-1.74389,0.728234,-1.47883
-0.426939,-0.429008,0.0422999;-1.40471,0.726228,-1.66574
-0.420094,-0.416416,0.0282594;-1.56364,0.559392,-1.57315
-0.419438,-0.415404,0.0288345;-1.55783,0.503095,-1.578
-0.419494,-0.415673,0.0289175;-1.55282,0.51065,-1.58032
-0.421132,-0.417314,0.0291656;-1.59726,0.637948,-1.55763
-0.433612,-0.430225,0.0358719;-1.74161,0.730753,-1.47225
-0.446154,-0.447641,0.0437671;-1.54767,0.794785,-1.5874
-0.444482,-0.441095,0.0287044;-1.58774,0.630933,-1.5636
-0.44149,-0.438804,0.0286077;-1.56802,0.541681,-1.57258
-0.441526,-0.438332,0.0289183;-1.55294,0.513628,-1.58055
-0.442718,-0.440856,0.028693;-1.57778,0.662333,-1.56648
-0.453147,-0.450156,0.0342618;-1.71473,0.742894,-1.48272
-0.468083,-0.468402,0.0426534;-1.61511,0.827545,-1.54751
-0.468299,-0.463181,0.0281936;-1.59547,0.660473,-1.55694
-0.465234,-0.460687,0.0285954;-1.56824,0.576743,-1.57125
-0.465706,-0.46002,0.0288953;-1.5544,0.539549,-1.58039
-0.466755,-0.462569,0.0286306;-1.57446,0.683933,-1.56812
-0.477697,-0.47088,0.0331468;-1.68917,0.763621,-1.49642
-0.49477,-0.490104,0.0418467;-1.5195,0.850743,-1.61034
-0.499687,-0.489674,0.0325869;-1.47088,0.707524,-1.63826
-0.4926,-0.482363,0.0285788;-1.57093,0.612869,-1.57069
-0.492633,-0.481814,0.0288505;-1.55686,0.567005,-1.57934
-0.493069,-0.482977,0.0285795;-1.5707,0.649693,-1.57096
-0.497532,-0.484921,0.0296786;-1.60144,0.720488,-1.55077
-0.516509,-0.502263,0.0372836;-1.62966,0.809034,-1.53515
-0.532125,-0.516952,0.0368014;-1.37038,0.744657,-1.7096
-0.523128,-0.501779,0.0288025;-1.59027,0.648997,-1.55977
-0.522243,-0.501404,0.0285816;-1.56989,0.574421,-1.57121
-0.522352,-0.502761,0.0286226;-1.56808,0.625835,-1.57233
-0.522813,-0.502729,0.0285968;-1.57129,0.682429,-1.56866
-0.532308,-0.509078,0.031449;-1.63321,0.771769,-1.52997
-0.561416,-0.538617,0.0379902;-1.32505,0.813768,-1.74773
-0.555825,-0.526786,0.0327765;-1.47578,0.721555,-1.63917
-0.54867,-0.51856,0.028535;-1.56904,0.62996,-1.57128
-0.548389,-0.518821,0.0287866;-1.55906,0.61331,-1.57819
-0.548428,-0.519344,0.0285792;-1.57074,0.670303,-1.57084
-0.551711,-0.520348,0.0288896;-1.58968,0.743599,-1.5595
-0.58335,-0.554202,0.03986;-1.33167,0.873368,-1.74715
-0.586098,-0.552492,0.0365806;-1.36875,0.789771,-1.71789
-0.575413,-0.536282,0.0286357;-1.58441,0.690271,-1.56306
-0.572939,-0.534938,0.0287769;-1.55915,0.614318,-1.57743
-0.573295,-0.536778,0.0285398;-1.57285,0.696788,-1.56944
-0.574389,-0.536932,0.0285845;-1.57164,0.74536,-1.56959
-0.603455,-0.5652,0.0407649;-1.40195,0.915261,-1.70362
-0.610055,-0.570652,0.0366668;-1.34934,0.836577,-1.73829
-0.59808,-0.554691,0.0288688;-1.59108,0.730543,-1.55697
-0.59494,-0.552282,0.0288215;-1.55762,0.611048,-1.57904
-0.59532,-0.55387,0.028535;-1.57278,0.690125,-1.56905
-0.596783,-0.554064,0.0286025;-1.57277,0.745524,-1.56909
-0.596783,-0.554064,0.0286025;-1.57277,0.745524,-1.56909
-0.609508,-0.562666,0.03269;-1.66651,0.833289,-1.5039
-0.609508,-0.562666,0.03269;-1.66651,0.833289,-1.5039
