-0.125,0.125,0.06;-1.57,-2.98023e-08,-1.57
-0.125,0.125,0.06;-1.57,-2.98023e-08,-1.57
-0.125,0.125,0.06;-1.57,-2.98023e-08,-1.57
-0.124508,0.132438,0.0285784;-1.5707,-0.136924,-1.57035
-0.124745,0.130854,0.0285789;-1.57285,-0.0655624,-1.569
-0.127707,0.118906,0.0320299;-1.63108,0.0264809,-1.57213
-0.128605,0.0902292,0.0364896;-1.4348,0.0761589,-1.57585
-0.130344,0.105321,0.028542;-1.57029,-0.0900052,-1.57035
-0.130637,0.106251,0.0288328;-1.55975,-0.1255,-1.57045
-0.130601,0.105892,0.0288282;-1.561,-0.119134,-1.57177
-0.12966,0.103938,0.0285958;-1.57155,0.00775333,-1.56948
-0.13273,0.0934409,0.0314681;-1.62311,0.0993042,-1.5688
-0.13393,0.0667927,0.039518;-1.52484,0.186945,-1.57724
-0.136207,0.0665648,0.0329653;-1.4939,0.105845,-1.57868
-0.135599,0.0770988,0.0283477;-1.56347,0.0201434,-1.57102
-0.135423,0.0787688,0.028706;-1.56471,-0.042988,-1.57045
-0.135447,0.0772476,0.0285793;-1.57075,0.0245618,-1.57092
-0.138003,0.0693456,0.0303845;-1.60707,0.105604,-1.5705
-0.140563,0.0431623,0.0378651;-1.57248,0.196892,-1.57603
-0.141934,0.0288791,0.0388176;-1.39682,0.186065,-1.58985
-0.143411,0.0369309,0.0336898;-1.47671,0.111065,-1.58226
-0.143331,0.0486502,0.0285345;-1.5707,0.00933831,-1.57002
-0.143171,0.0492707,0.0285829;-1.57056,-0.00737838,-1.57091
-0.144187,0.0481151,0.0285802;-1.57099,0.0618031,-1.57059
-0.148302,0.0334577,0.0319821;-1.63194,0.156024,-1.56596
-0.150878,0.0108744,0.0358976;-1.47628,0.189061,-1.58428
-0.152832,0.0153917,0.0313796;-1.5171,0.114471,-1.57808
-0.151766,0.0242868,0.0288205;-1.55974,-0.014284,-1.57176
-0.151688,0.0232236,0.0288441;-1.55889,0.01266,-1.57281
-0.15135,0.0224282,0.0285704;-1.57111,0.069806,-1.57086
-0.158452,-0.00412773,0.0356381;-1.63524,0.238119,-1.56406
-0.160521,-0.0270473,0.0398937;-1.38301,0.2724,-1.60101
-0.162779,-0.0280315,0.037491;-1.40829,0.209792,-1.60133
-0.161693,-0.00834071,0.0285804;-1.57064,0.0343526,-1.5709
-0.162085,-0.00783351,0.0288038;-1.56073,0.00270459,-1.57148
-0.161408,-0.0100492,0.0287455;-1.56333,0.0669966,-1.5717
-0.16604,-0.0204182,0.0314681;-1.62726,0.216431,-1.56295
-0.169625,-0.0476635,0.039318;-1.51782,0.300805,-1.5852
-0.172478,-0.0605206,0.0396544;-1.36991,0.273985,-1.61432
-0.17069,-0.0382398,0.0285378;-1.57096,0.106375,-1.56974
-0.170638,-0.0371314,0.0287784;-1.5613,0.0558926,-1.57155
-0.170749,-0.0375709,0.0288307;-1.55976,0.0611737,-1.57248
-0.172055,-0.0404158,0.0290141;-1.58747,0.184615,-1.56808
-0.177935,-0.061111,0.0350714;-1.64923,0.281396,-1.55662
-0.180578,-0.0850731,0.0407505;-1.39356,0.332067,-1.60817
-0.181002,-0.0703844,0.0285761;-1.58482,0.1726,-1.56857
-0.179435,-0.0673172,0.0285799;-1.5709,0.0972704,-1.56992
-0.179971,-0.0667737,0.0288131;-1.56034,0.0648102,-1.57214
-0.179862,-0.0691863,0.0286342;-1.57224,0.200519,-1.56858
-0.185383,-0.0839243,0.032856;-1.65096,0.287554,-1.55462
-0.190443,-0.110628,0.0406768;-1.45857,0.370522,-1.60086
-0.192685,-0.101233,0.0286105;-1.58674,0.210912,-1.56926
-0.191269,-0.0982163,0.0285763;-1.57106,0.130744,-1.57045
-0.191803,-0.0975719,0.0288384;-1.55939,0.0917414,-1.57277
-0.191838,-0.100667,0.0286013;-1.57208,0.228423,-1.57027
-0.197336,-0.114582,0.0326869;-1.65046,0.318745,-1.55365
-0.202089,-0.140506,0.0406464;-1.45295,0.399433,-1.6065
-0.204795,-0.132257,0.0297063;-1.54787,0.256414,-1.57769
-0.201622,-0.124754,0.0285591;-1.57033,0.177626,-1.57097
-0.201744,-0.123934,0.0288046;-1.56088,0.132079,-1.5729
-0.201415,-0.126129,0.0285792;-1.57061,0.23065,-1.57077
-0.206002,-0.134988,0.0308538;-1.619,0.308955,-1.56148
-0.212735,-0.160383,0.038668;-1.53336,0.400147,-1.58541
-0.2152,-0.165685,0.0355744;-1.44199,0.351244,-1.61289
-0.213141,-0.152263,0.0283091;-1.58265,0.262879,-1.56625
-0.211567,-0.149663,0.0285651;-1.57089,0.18847,-1.57076
-0.211578,-0.149717,0.028581;-1.57077,0.189944,-1.57089
-0.212993,-0.150379,0.0286413;-1.57397,0.265066,-1.56928
-0.220074,-0.166041,0.0331607;-1.65545,0.358608,-1.54699
-0.229504,-0.198727,0.0401463;-1.36221,0.409496,-1.63631
-0.229814,-0.193021,0.0358153;-1.43027,0.348346,-1.61937
-0.226423,-0.177751,0.0284663;-1.5717,0.24727,-1.57042
-0.225817,-0.176794,0.0288171;-1.56017,0.19343,-1.57408
-0.225555,-0.177776,0.028578;-1.57103,0.261903,-1.57049
-0.228158,-0.180557,0.0294714;-1.59528,0.325336,-1.56525
-0.242126,-0.228041,0.0413212;-1.35444,0.475573,-1.64351
-0.245404,-0.231377,0.0393026;-1.36411,0.412838,-1.64628
-0.242808,-0.214239,0.0299601;-1.54078,0.317823,-1.58274
-0.240658,-0.207783,0.0288138;-1.56012,0.189779,-1.57345
-0.239674,-0.209165,0.028571;-1.57113,0.279888,-1.57098
-0.241318,-0.210706,0.0288966;-1.58708,0.344087,-1.56549
-0.258088,-0.257057,0.0412848;-1.39086,0.504656,-1.63848
-0.263108,-0.264498,0.0390071;-1.36489,0.436529,-1.65274
-0.261944,-0.24568,0.0292862;-1.55452,0.32686,-1.57943
-0.260479,-0.240008,0.0288241;-1.56003,0.199511,-1.57395
-0.259774,-0.241699,0.0285765;-1.57108,0.278942,-1.57082
-0.261283,-0.243258,0.02883;-1.58323,0.341203,-1.56775
-0.276328,-0.28773,0.0412733;-1.40699,0.497414,-1.6315
-0.281248,-0.296953,0.0386821;-1.36911,0.426193,-1.65069
-0.279738,-0.280214,0.0300641;-1.53869,0.333641,-1.58348
-0.276743,-0.27194,0.0288035;-1.56082,0.205995,-1.57367
-0.276226,-0.273673,0.0285606;-1.57147,0.288975,-1.57084
-0.276788,-0.274421,0.0285842;-1.57106,0.324693,-1.57025
-0.291094,-0.310863,0.0404218;-1.48842,0.490712,-1.60532
-0.296252,-0.320043,0.0377206;-1.388,0.425747,-1.6443
-0.294113,-0.312069,0.0344609;-1.45746,0.407156,-1.61509
-0.28906,-0.29803,0.0286558;-1.56626,0.252279,-1.57195
-0.289104,-0.299334,0.0288987;-1.5574,0.290505,-1.57698
-0.288931,-0.299716,0.0285767;-1.57068,0.341199,-1.57052
-0.293156,-0.304247,0.0298997;-1.60233,0.42518,-1.55985
-0.311024,-0.34564,0.0396756;-1.35061,0.527752,-1.66601
-0.312141,-0.342517,0.0362754;-1.41313,0.463808,-1.64222
-0.306877,-0.326278,0.0283743;-1.57298,0.365195,-1.57065
-0.305963,-0.324623,0.0287992;-1.56065,0.292997,-1.57449
-0.305685,-0.326356,0.0285715;-1.57114,0.370303,-1.57077
-0.307299,-0.327329,0.0287106;-1.57768,0.42532,-1.56726
-0.325524,-0.367752,0.0414031;-1.41352,0.588005,-1.64425
-0.330264,-0.374789,0.0381988;-1.37011,0.520217,-1.66833
-0.325691,-0.357647,0.0287442;-1.58607,0.421588,-1.56438
-0.323622,-0.35357,0.0288246;-1.55969,0.286182,-1.57489
-0.323382,-0.355428,0.0285472;-1.57191,0.366885,-1.57023
-0.324741,-0.356827,0.0286285;-1.57357,0.427505,-1.5695
-0.344697,-0.396703,0.0403435;-1.41775,0.587086,-1.64275
-0.350014,-0.404676,0.0383118;-1.36765,0.523233,-1.6679
-0.34477,-0.388365,0.0287847;-1.56242,0.437463,-1.57633
-0.342331,-0.383785,0.0288355;-1.55898,0.3175,-1.57542
-0.342114,-0.386003,0.0286909;-1.56488,0.38474,-1.57287
-0.342779,-0.386352,0.0285833;-1.57074,0.434798,-1.57025
-0.36131,-0.420012,0.0399405;-1.48713,0.611947,-1.61493
-0.367513,-0.430503,0.0398076;-1.33512,0.572772,-1.68702
-0.364896,-0.420377,0.0338065;-1.46124,0.508971,-1.6252
-0.358812,-0.407308,0.0288061;-1.56028,0.36294,-1.57558
-0.359222,-0.408079,0.0288342;-1.55914,0.377383,-1.57638
-0.359052,-0.409134,0.0285685;-1.57125,0.434878,-1.57076
-0.374976,-0.43063,0.0350591;-1.65472,0.601263,-1.53172
-0.385463,-0.452368,0.0406135;-1.36838,0.640936,-1.6742
-0.388445,-0.454742,0.0385418;-1.35832,0.590215,-1.6826
-0.378532,-0.434734,0.0285533;-1.57126,0.430324,-1.57134
-0.378787,-0.434245,0.0288207;-1.55923,0.401245,-1.57612
-0.378827,-0.436255,0.0287948;-1.56045,0.468668,-1.57651
-0.385968,-0.442409,0.0311376;-1.6293,0.611888,-1.54119
-0.401165,-0.464442,0.0393425;-1.54215,0.703298,-1.59014
-0.40954,-0.477503,0.0395982;-1.32626,0.678925,-1.71107
-0.399348,-0.458244,0.0283697;-1.56744,0.523468,-1.57147
-0.398438,-0.457088,0.0287719;-1.56178,0.459277,-1.57572
-0.398741,-0.457245,0.0288253;-1.55889,0.456335,-1.57712
-0.400997,-0.459654,0.0289935;-1.59037,0.588185,-1.5607
-0.414192,-0.476482,0.0347071;-1.67327,0.683529,-1.51432
-0.42696,-0.49859,0.0412105;-1.3506,0.737554,-1.6999
-0.42392,-0.485361,0.0287242;-1.59053,0.576007,-1.55932
-0.420811,-0.48273,0.0285912;-1.5707,0.498511,-1.57001
-0.421089,-0.481909,0.0288158;-1.55919,0.454212,-1.57667
-0.422273,-0.484044,0.0286294;-1.57382,0.579095,-1.56907
-0.432636,-0.495784,0.0329953;-1.66743,0.66176,-1.5171
-0.445834,-0.518392,0.040829;-1.41787,0.743505,-1.66345
-0.4458,-0.510126,0.0286496;-1.58996,0.579646,-1.56056
-0.442696,-0.506738,0.0285729;-1.57103,0.501556,-1.57048
-0.442905,-0.505944,0.0288299;-1.55849,0.462024,-1.57715
-0.44368,-0.508235,0.0285847;-1.57091,0.602788,-1.5698
-0.454039,-0.519386,0.0326279;-1.66546,0.686096,-1.51712
-0.468637,-0.542003,0.0404635;-1.43611,0.766907,-1.65679
-0.469316,-0.539813,0.0322594;-1.48443,0.650691,-1.62433
-0.462864,-0.531859,0.0285259;-1.56853,0.562014,-1.5717
-0.462717,-0.531042,0.028823;-1.55874,0.519263,-1.57786
-0.46312,-0.532691,0.0285754;-1.5702,0.598641,-1.571
-0.467391,-0.5351,0.0297534;-1.60507,0.673713,-1.55166
-0.483307,-0.554382,0.0367038;-1.63229,0.769696,-1.53606
-0.49671,-0.569835,0.0371044;-1.36572,0.726791,-1.70536
-0.487613,-0.555358,0.0288222;-1.59261,0.635017,-1.55681
-0.485407,-0.553357,0.0285931;-1.56989,0.559245,-1.57042
-0.485564,-0.554511,0.0286307;-1.56773,0.606409,-1.57247
-0.486595,-0.55483,0.0285823;-1.57137,0.664968,-1.57005
-0.496871,-0.56369,0.0320572;-1.65664,0.754657,-1.51685
-0.522199,-0.594211,0.0397728;-1.29103,0.791162,-1.75929
-0.517241,-0.585707,0.0335874;-1.44736,0.733445,-1.65434
-0.509298,-0.57615,0.0285302;-1.56897,0.646757,-1.57213
-0.509433,-0.57606,0.0288293;-1.55769,0.613809,-1.57957
-0.509512,-0.576766,0.0285765;-1.5709,0.668651,-1.57088
-0.512593,-0.577567,0.0292874;-1.59912,0.736854,-1.55448
-0.545192,-0.613054,0.0401471;-1.27465,0.856049,-1.77462
-0.547717,-0.611353,0.0376101;-1.33402,0.793716,-1.73856
-0.537226,-0.595467,0.028565;-1.58971,0.704865,-1.55878
-0.53462,-0.592842,0.0287955;-1.55906,0.611149,-1.57818
-0.535051,-0.595054,0.0285568;-1.57106,0.70034,-1.56946
-0.536226,-0.595278,0.0286293;-1.57456,0.752939,-1.56791
-0.56716,-0.626088,0.0410455;-1.37503,0.921142,-1.71493
-0.57504,-0.63141,0.0379553;-1.3066,0.847915,-1.76856
-0.565163,-0.615729,0.0285165;-1.59183,0.757955,-1.55813
-0.562222,-0.612649,0.0288335;-1.5571,0.623553,-1.57974
-0.561768,-0.614253,0.0285795;-1.57042,0.712381,-1.57099
-0.563455,-0.615083,0.0286237;-1.57408,0.77444,-1.5683
-0.563455,-0.615083,0.0286237;-1.57408,0.77444,-1.5683
-0.577002,-0.62614,0.0328802;-1.68829,0.863755,-1.48893
-0.577002,-0.62614,0.0328802;-1.68829,0.863755,-1.48893
