-0.125,0.125,0.06;-1.57,-2.98023e-08,-1.57
-0.125,0.125,0.06;-1.57,-2.98023e-08,-1.57
-0.125,0.125,0.06;-1.57,-2.98023e-08,-1.57
-0.124771,0.130158,0.0285497;-1.56931,-0.178423,-1.57084
-0.125315,0.129224,0.0285828;-1.5709,-0.115553,-1.57046
-0.127659,0.116319,0.0316321;-1.62101,-0.0216991,-1.57342
-0.126601,0.0856456,0.0361972;-1.44054,0.0525655,-1.57435
-0.129884,0.0973338,0.0285554;-1.57104,-0.105243,-1.57073
-0.129852,0.0978178,0.0287705;-1.56157,-0.130702,-1.56955
-0.129768,0.0975764,0.0287609;-1.56328,-0.121151,-1.57114
-0.128968,0.0954357,0.0285787;-1.57075,-0.00433834,-1.5707
-0.13098,0.0829143,0.030139;-1.59549,0.0905348,-1.56941
-0.13158,0.0545316,0.0368897;-1.4266,0.17973,-1.58676
-0.133759,0.0537801,0.0329459;-1.49259,0.106536,-1.57897
-0.135203,0.0624879,0.0284328;-1.56834,0.0105769,-1.57114
-0.134672,0.0640038,0.0286792;-1.56553,-0.0524246,-1.57017
-0.13465,0.0629681,0.0285798;-1.57065,-0.0124231,-1.57073
-0.136647,0.0563349,0.0294757;-1.58936,0.0672029,-1.573
-0.13824,0.0312067,0.0367325;-1.50817,0.159243,-1.58329
-0.137789,0.0164509,0.0377275;-1.41645,0.175608,-1.58692
-0.139845,0.0209218,0.0329607;-1.49006,0.102307,-1.58002
-0.140548,0.0297799,0.0285099;-1.5712,0.00111029,-1.57003
-0.140237,0.0302628,0.0285872;-1.56881,-0.0190431,-1.57084
-0.140886,0.0290652,0.0285708;-1.57089,0.0565587,-1.5701
-0.144722,0.0137711,0.0311049;-1.61097,0.152615,-1.56812
-0.146996,-0.0103741,0.0350088;-1.45057,0.200371,-1.59233
-0.147931,-0.00838078,0.030553;-1.53206,0.150983,-1.57749
-0.146952,-0.0050484,0.0287067;-1.56473,0.0604344,-1.57108
-0.146682,-0.00562836,0.0287768;-1.56243,0.0832665,-1.57262
-0.146258,-0.00594965,0.0285789;-1.57075,0.143337,-1.57085
-0.155631,-0.0338198,0.0348498;-1.57482,0.316595,-1.57534
-0.159617,-0.0565831,0.0390931;-1.38152,0.358332,-1.62521
-0.161823,-0.0590405,0.0358728;-1.43178,0.333622,-1.61417
-0.159734,-0.0483216,0.0285786;-1.57022,0.220659,-1.56993
-0.159629,-0.0482111,0.0286993;-1.56495,0.220447,-1.5722
-0.159419,-0.0494381,0.0286908;-1.56526,0.272886,-1.57224
-0.166423,-0.06092,0.0303132;-1.60367,0.424899,-1.55981
-0.175785,-0.0882338,0.0373623;-1.43715,0.509245,-1.63378
-0.1795,-0.0984879,0.0380722;-1.38609,0.509603,-1.65297
-0.176205,-0.0845473,0.0283889;-1.56629,0.365105,-1.57231
-0.175875,-0.0840072,0.0287044;-1.56447,0.33267,-1.57271
-0.175943,-0.0842188,0.0287511;-1.56271,0.338616,-1.57414
-0.177847,-0.0864975,0.0287574;-1.5798,0.468694,-1.56573
-0.189749,-0.107672,0.0332694;-1.54977,0.565932,-1.58587
-0.19819,-0.129166,0.0393456;-1.35819,0.611987,-1.67741
-0.198101,-0.116876,0.0284539;-1.58366,0.460894,-1.56574
-0.196062,-0.114812,0.0285278;-1.56911,0.379168,-1.57116
-0.196252,-0.114437,0.0287459;-1.56229,0.348501,-1.57369
-0.197116,-0.116332,0.0285846;-1.57199,0.466138,-1.56906
-0.206794,-0.130444,0.0312598;-1.60254,0.561975,-1.5574
-0.218612,-0.155736,0.0381095;-1.36825,0.635074,-1.6809
-0.219033,-0.152831,0.0285607;-1.57323,0.546674,-1.56947
-0.21779,-0.151643,0.028597;-1.57072,0.500772,-1.56917
-0.217722,-0.15157,0.0286652;-1.56619,0.491076,-1.57292
-0.218225,-0.152932,0.0285795;-1.57075,0.57746,-1.57074
-0.225497,-0.160686,0.0313414;-1.61752,0.663659,-1.54523
-0.239261,-0.181177,0.0402812;-1.4301,0.747775,-1.66589
-0.243666,-0.188341,0.0293681;-1.54684,0.721432,-1.5865
-0.242628,-0.186612,0.0285777;-1.57127,0.654003,-1.57062
-0.242225,-0.186067,0.0286231;-1.5683,0.620119,-1.57219
-0.242398,-0.186718,0.0285798;-1.57075,0.660887,-1.57084
-0.247586,-0.190054,0.0297463;-1.59812,0.740738,-1.55514
-0.263001,-0.206517,0.0384902;-1.50647,0.834931,-1.62373
-0.272012,-0.215371,0.0345183;-1.41837,0.82431,-1.68184
-0.268782,-0.207376,0.0285873;-1.56924,0.739358,-1.57076
-0.267165,-0.206462,0.028575;-1.56967,0.676473,-1.57141
-0.267054,-0.206414,0.0285798;-1.57082,0.677297,-1.57078
-0.268483,-0.207065,0.0286017;-1.57286,0.757138,-1.56889
-0.281769,-0.217456,0.0313749;-1.6149,0.856089,-1.54328
-0.303473,-0.243321,0.0383373;-1.30538,0.923966,-1.77097
-0.304087,-0.24063,0.0342995;-1.4121,0.865506,-1.69296
-0.298072,-0.232263,0.0285187;-1.57551,0.78192,-1.56779
-0.297303,-0.232281,0.0287116;-1.56232,0.756899,-1.57697
-0.297109,-0.233298,0.0285779;-1.57082,0.831611,-1.57088
-0.300082,-0.234233,0.028685;-1.57972,0.889347,-1.56362
-0.334751,-0.264744,0.0397335;-1.21443,1.01242,-1.86007
-0.33889,-0.266369,0.0373411;-1.29157,0.96724,-1.79857
-0.332487,-0.259178,0.029626;-1.53098,0.928746,-1.60351
-0.329498,-0.257285,0.0286629;-1.56491,0.825468,-1.57505
-0.329393,-0.257968,0.0285778;-1.56992,0.879487,-1.57148
-0.330203,-0.258064,0.0285788;-1.57114,0.913811,-1.56987
-0.361458,-0.281401,0.0410278;-1.29704,1.06899,-1.80649
-0.372164,-0.289281,0.0366068;-1.27952,1.0449,-1.82164
-0.366271,-0.286163,0.0290483;-1.54677,1.04308,-1.5936
-0.363629,-0.284857,0.0285799;-1.5707,0.97301,-1.57081
-0.363929,-0.285487,0.0285772;-1.57067,1.02563,-1.57084
-0.364572,-0.285465,0.0285813;-1.57143,1.04458,-1.57064
-0.396226,-0.3016,0.0416213;-1.27558,1.19643,-1.84696
-0.408718,-0.307491,0.0365487;-1.22742,1.16157,-1.88634
-0.403324,-0.306298,0.0289875;-1.53948,1.17922,-1.5999
-0.401133,-0.305573,0.0285802;-1.57051,1.12043,-1.57094
-0.401529,-0.306136,0.0285621;-1.57258,1.17092,-1.5693
-0.401672,-0.306139,0.0285787;-1.57103,1.16808,-1.57056
-0.430535,-0.316447,0.0395618;-1.22532,1.32991,-1.91054
-0.443158,-0.319771,0.0351607;-1.12197,1.29059,-2.00606
-0.44052,-0.319584,0.0330252;-1.26135,1.31083,-1.87035
-0.433598,-0.315261,0.0286118;-1.56632,1.19402,-1.57438
-0.433739,-0.315701,0.0287217;-1.55139,1.21709,-1.58906
-0.433613,-0.315837,0.0285786;-1.57124,1.25181,-1.57031
-0.439323,-0.316103,0.0289192;-1.62243,1.33357,-1.52409
-0.481197,-0.329282,0.0382496;-0.611989,1.37517,-2.51026
-0.482354,-0.32967,0.0340602;-0.968595,1.39559,-2.16473
-0.477099,-0.327719,0.0285621;-1.57734,1.38516,-1.56421
-0.476152,-0.3277,0.0285799;-1.57044,1.36696,-1.57126
-0.476344,-0.3281,0.0285796;-1.57032,1.40831,-1.57136
-0.476568,-0.328125,0.0285777;-1.57316,1.43569,-1.56843
-0.510096,-0.334297,0.0393197;0.1885,1.4334,2.95953
-0.520922,-0.335312,0.0355452;0.0549182,1.44626,3.08792
-0.514937,-0.334586,0.0286051;-1.53201,1.55184,-1.60982
-0.513722,-0.334923,0.0285801;-1.57034,1.51181,-1.57123
-0.51412,-0.335324,0.0285798;-1.56069,1.56235,-1.58085
-0.514464,-0.335234,0.0285788;1.57534,1.55394,1.56641
-0.547326,-0.335403,0.0396503;1.01805,1.35648,2.11705
-0.560019,-0.333796,0.0352806;0.928717,1.37094,2.20377
-0.554987,-0.335267,0.0285701;1.57475,1.42336,1.56686
-0.553356,-0.335505,0.0285792;1.57064,1.46458,1.57088
-0.553741,-0.335494,0.0286095;1.55938,1.44645,1.58225
-0.553764,-0.335449,0.0285792;1.57037,1.43583,1.57118
-0.582837,-0.332307,0.0379752;1.25975,1.25406,1.86554
-0.595807,-0.330396,0.036942;1.099,1.24076,2.02347
-0.592946,-0.331076,0.0319736;1.33896,1.29454,1.7941
-0.58856,-0.33113,0.028598;1.57055,1.34499,1.572
-0.588542,-0.33113,0.0285816;1.56989,1.34318,1.57175
-0.588786,-0.331389,0.0285788;1.5706,1.31163,1.57084
-0.601719,-0.32674,0.0328756;1.55235,1.19581,1.58051
-0.622999,-0.3228,0.0402312;1.27607,1.11702,1.84288
-0.63104,-0.31925,0.0358676;1.26003,1.13789,1.85596
-0.624609,-0.32114,0.0285789;1.57119,1.19828,1.57036
-0.624222,-0.321341,0.0285783;1.57084,1.20483,1.57071
-0.624509,-0.321303,0.0286653;1.55858,1.18926,1.58297
-0.627443,-0.319024,0.0289638;1.58725,1.11076,1.55245
-0.644917,-0.310605,0.0376674;1.45027,1.01581,1.6677
-0.65956,-0.304089,0.0370933;1.29229,0.987193,1.81244
-0.655052,-0.305164,0.0285495;1.57421,1.06739,1.56769
-0.654353,-0.305752,0.028589;1.57019,1.08041,1.57206
-0.654321,-0.305858,0.0285795;1.57059,1.0773,1.571
-0.654878,-0.305583,0.0285758;1.5719,1.01965,1.56973
-0.664493,-0.298903,0.0324145;1.57135,0.929864,1.56333
-0.683837,-0.288629,0.0412478;1.39746,0.855581,1.70518
-0.687989,-0.285362,0.0285792;1.57471,0.913408,1.56632
-0.687532,-0.285836,0.028568;1.57038,0.93012,1.57199
-0.687108,-0.286072,0.0285777;1.57031,0.941808,1.5714
-0.687414,-0.285964,0.0285818;1.57098,0.882964,1.57066
-0.69437,-0.280524,0.0302614;1.55596,0.796299,1.57516
-0.70869,-0.269049,0.0391997;1.4377,0.72337,1.66086
-0.713779,-0.26289,0.0285627;1.57669,0.772273,1.56517
-0.713493,-0.263327,0.0286023;1.57103,0.7824,1.57167
-0.713319,-0.263589,0.0285786;1.57089,0.794987,1.57072
-0.713436,-0.263459,0.0285795;1.57083,0.762876,1.5706
-0.715959,-0.259986,0.0300114;1.56968,0.710137,1.56508
-0.729046,-0.246125,0.0403002;1.48124,0.628686,1.61932
-0.734189,-0.238968,0.0305274;1.52255,0.679594,1.60093
-0.733056,-0.240499,0.0285798;1.57104,0.700196,1.5705
-0.732969,-0.240677,0.0285887;1.57083,0.693633,1.57128
-0.732907,-0.240638,0.0285793;1.57078,0.678432,1.57076
-0.733178,-0.239977,0.0286539;1.57085,0.64824,1.56742
-0.739639,-0.230691,0.0345452;1.53575,0.573027,1.58145
-0.752502,-0.21144,0.0345382;1.44398,0.561105,1.63786
-0.749973,-0.215897,0.0285791;1.57113,0.586987,1.57037
-0.749908,-0.216052,0.0285875;1.57032,0.589859,1.57172
-0.749811,-0.216282,0.0285798;1.57075,0.583758,1.57088
-0.749791,-0.216141,0.0285801;1.57074,0.572497,1.57087
-0.750772,-0.212509,0.0294224;1.58427,0.512495,1.55956
-0.76725,-0.186746,0.0390973;1.4531,0.426622,1.6189
-0.766524,-0.186554,0.0315634;1.51007,0.455818,1.59734
-0.76559,-0.189035,0.0285778;1.57114,0.481769,1.5708
-0.765398,-0.189406,0.0285801;1.57078,0.482917,1.57083
-0.765525,-0.189448,0.0285794;1.57069,0.453863,1.57074
-0.765575,-0.188799,0.0286163;1.57087,0.424996,1.56921
-0.780143,-0.161371,0.041018;1.45542,0.282824,1.6062
-0.782477,-0.152767,0.0347191;1.45472,0.314033,1.60816
-0.780623,-0.157568,0.0286007;1.5708,0.33443,1.56974
-0.777913,-0.159632,0.0286125;1.57216,0.390343,1.56941
-0.776572,-0.159452,0.0285793;1.57083,0.392973,1.57055
-0.776618,-0.158997,0.0287124;1.57032,0.37813,1.56463
-0.786665,-0.142001,0.0395997;1.45373,0.274603,1.60176
-0.788484,-0.134007,0.0375471;1.47159,0.306797,1.5978
-0.787075,-0.13706,0.0286209;1.57195,0.320358,1.56795
-0.784566,-0.13762,0.028582;1.57103,0.337038,1.57017
-0.782591,-0.137897,0.0285796;1.57083,0.359503,1.57073
-0.781808,-0.138035,0.0286762;1.57037,0.366852,1.56637
-0.781808,-0.138035,0.0286762;1.57037,0.366852,1.56637
-0.783054,-0.136797,0.0316005;1.53439,0.342028,1.5711
-0.783054,-0.136797,0.0316005;1.53439,0.342028,1.5711
