-0.125,0.125,0.06;-1.57,-2.98023e-08,-1.57
-0.125,0.125,0.06;-1.57,-2.98023e-08,-1.57
-0.125,0.125,0.06;-1.57,-2.98023e-08,-1.57
-0.126539,0.115416,0.0423451;-1.57137,-0.194028,-1.5699
-0.124612,0.119493,0.042512;-1.57084,-0.09411,-1.56499
-0.119893,0.137109,0.0459598;-1.55976,0.0172905,-1.54751
-0.119807,0.180206,0.059035;-1.79574,0.0354767,-1.56523
-0.115067,0.153396,0.0422088;-1.57165,-0.0874064,-1.57267
-0.115106,0.152803,0.0423635;-1.5708,-0.116967,-1.5697
-0.115274,0.153408,0.0423796;-1.57134,-0.104837,-1.56903
-0.116728,0.159059,0.0423243;-1.57079,0.0925775,-1.57091
-0.1071,0.178855,0.0464029;-1.55136,0.182502,-1.56448
-0.0959537,0.221964,0.061711;-1.7206,0.256305,-1.5238
-0.0890069,0.242062,0.0539072;-1.71737,0.213588,-1.53375
-0.0905528,0.223041,0.0423729;-1.5647,0.144702,-1.57613
-0.0918697,0.220619,0.0423873;-1.57307,0.102073,-1.56926
-0.0920553,0.221176,0.0423283;-1.57086,0.172829,-1.57079
-0.0833056,0.232404,0.0441692;-1.5689,0.280643,-1.56298
-0.0714884,0.267217,0.0562088;-1.73335,0.363594,-1.50325
-0.064729,0.293391,0.0602226;-1.82629,0.350411,-1.48657
-0.0653142,0.283756,0.0546426;-1.7447,0.311561,-1.52016
-0.069461,0.266942,0.0427153;-1.56272,0.260154,-1.5777
-0.0696536,0.267275,0.0423279;-1.57084,0.261148,-1.57064
-0.0673124,0.268839,0.0423533;-1.56933,0.361505,-1.57143
-0.0524881,0.2863,0.0472423;-1.55662,0.469938,-1.56454
-0.0360504,0.318549,0.0566899;-1.7771,0.492228,-1.46711
-0.0339051,0.315697,0.0539446;-1.73959,0.449178,-1.49732
-0.0407729,0.30243,0.0423654;-1.57089,0.377181,-1.56965
-0.0404076,0.303691,0.0424435;-1.57237,0.410479,-1.56735
-0.0405863,0.305015,0.042328;-1.57089,0.481706,-1.57063
-0.0104423,0.332643,0.054418;-1.58989,0.666563,-1.54561
0.0156326,0.364711,0.0629825;-1.85949,0.672084,-1.38201
0.0243729,0.372253,0.0588108;-1.85064,0.654714,-1.40095
0.0124733,0.357799,0.0423286;-1.57089,0.611432,-1.57063
0.0123241,0.357361,0.0423307;-1.57096,0.600421,-1.57062
0.0130655,0.360686,0.0424831;-1.5749,0.685357,-1.56613
0.0280538,0.365106,0.0478293;-1.49971,0.863213,-1.61894
0.0604022,0.388646,0.0619175;-1.74022,0.942591,-1.42266
0.0890283,0.408412,0.0600046;-1.96869,0.905141,-1.25506
0.0726726,0.394704,0.0427403;-1.55932,0.884787,-1.58609
0.07271,0.394863,0.0423403;-1.57154,0.859716,-1.56943
0.0730277,0.395073,0.0423919;-1.5712,0.879226,-1.56846
0.0804656,0.396703,0.0431404;-1.55793,1.04347,-1.58145
0.112951,0.408276,0.0534105;-1.60737,1.13765,-1.52516
0.153692,0.426866,0.063371;-2.13994,1.11361,-1.04862
0.149963,0.420813,0.0447579;-1.66629,1.11187,-1.48788
0.146131,0.419522,0.0423139;-1.57078,1.0891,-1.57067
0.146068,0.419523,0.042342;-1.57141,1.08637,-1.56992
0.152424,0.422752,0.0423321;-1.57009,1.29026,-1.57217
0.181477,0.424248,0.0483518;-1.54967,1.37495,-1.58031
0.228356,0.433304,0.0621716;-2.6431,1.31529,-0.519316
0.235315,0.427688,0.0465335;-1.82589,1.31757,-1.32606
0.229324,0.426429,0.0423214;-1.56909,1.29382,-1.57252
0.22898,0.426235,0.042386;-1.57513,1.28144,-1.56548
0.235513,0.428382,0.0423473;-1.56768,1.49987,-1.57471
0.260661,0.423515,0.0484029;1.13933,1.54547,2.01233
0.306175,0.423867,0.0616557;2.74197,1.31965,0.402599
0.312385,0.419585,0.049049;3.02796,1.47463,0.113434
0.301197,0.421048,0.0423751;-1.58811,1.5372,-1.55624
0.300614,0.420987,0.0423699;-1.57299,1.51388,-1.56743
0.304133,0.422221,0.0423264;1.57316,1.50416,1.5685
0.318343,0.414472,0.0460025;1.42921,1.40223,1.71754
0.356294,0.406066,0.0602705;2.01598,1.29427,1.14976
0.381538,0.402895,0.0558884;2.18082,1.25466,0.983493
0.365373,0.402967,0.0479945;1.97898,1.36737,1.16784
0.35719,0.404815,0.0422943;1.57012,1.43317,1.57172
0.35725,0.404967,0.042331;1.57095,1.40847,1.5707
0.360244,0.400834,0.0423606;1.56614,1.30717,1.57399
0.381303,0.387073,0.0492764;1.49966,1.19944,1.64812
0.439785,0.362843,0.0612847;2.11421,1.07026,1.07637
0.435608,0.362931,0.057132;2.04606,1.12206,1.13349
0.419288,0.368693,0.0422968;1.53499,1.20334,1.59998
0.420166,0.36931,0.0423479;1.57142,1.21374,1.57113
0.422178,0.369048,0.0422659;1.57219,1.11137,1.56967
0.428131,0.360947,0.0435402;1.55789,1.02851,1.5839
0.495952,0.312609,0.0629954;1.98082,0.84604,1.2435
0.501175,0.305266,0.0607202;1.97622,0.901871,1.24007
0.490662,0.311124,0.0491728;1.73739,0.960788,1.43032
0.485086,0.316289,0.0423715;1.57094,1.00199,1.57197
0.488899,0.31604,0.0423382;1.57162,0.864551,1.56952
0.490517,0.311249,0.0425053;1.56905,0.778225,1.57105
0.545456,0.249375,0.0632933;1.88854,0.601532,1.36728
0.551687,0.237885,0.0606825;1.88587,0.672051,1.35978
0.54294,0.243968,0.0491545;1.69891,0.731667,1.48089
0.537005,0.251394,0.0423572;1.57084,0.768747,1.57204
0.540251,0.249795,0.0423309;1.56952,0.629335,1.57099
0.540681,0.246945,0.0424263;1.57192,0.565399,1.56817
0.574695,0.17725,0.0625154;1.84345,0.376629,1.45081
0.579142,0.162877,0.0606457;1.83809,0.442653,1.44398
0.573955,0.170247,0.0495371;1.68327,0.474116,1.51653
0.570585,0.178241,0.0423716;1.5709,0.511565,1.57202
0.573081,0.176891,0.0422667;1.56911,0.401816,1.57126
0.572863,0.175498,0.0423293;1.57085,0.373766,1.57082
0.581073,0.117154,0.0640914;1.68762,0.192793,1.55773
0.585351,0.0907977,0.0588103;1.79888,0.222132,1.51671
0.586861,0.0934736,0.0533044;1.71564,0.193109,1.54506
0.580004,0.112385,0.0423169;1.57068,0.315839,1.5712
0.581486,0.109994,0.0424548;1.57199,0.254694,1.57361
0.581307,0.10927,0.0423275;1.57089,0.187722,1.57076
0.576575,0.0972578,0.0445621;1.55585,0.0869535,1.57607
0.572243,0.0222871,0.0616356;1.80836,-0.0204429,1.57516
0.571383,0.0176695,0.0575208;1.77538,-0.0131039,1.56987
0.572721,0.0315092,0.042094;1.55602,-0.00190592,1.56622
0.57326,0.0311783,0.0423884;1.57123,0.0105009,1.57274
0.57509,0.0289271,0.0422985;1.56885,-0.112951,1.56977
0.571221,0.0245605,0.0425058;1.56921,-0.191125,1.57003
0.54572,-0.0505673,0.0632551;1.82316,-0.328135,1.64915
0.539686,-0.0650654,0.0601124;1.82059,-0.290888,1.6379
0.542727,-0.054352,0.0467589;1.63897,-0.2866,1.5868
0.5458,-0.0494513,0.0423601;1.5709,-0.253809,1.57197
0.546594,-0.0531541,0.0422606;1.56869,-0.367621,1.56988
0.543714,-0.0549937,0.0423708;1.56963,-0.440595,1.56901
0.501546,-0.11471,0.063332;1.82303,-0.589272,1.71389
0.488358,-0.131724,0.0599095;1.84823,-0.550458,1.7134
0.49379,-0.124321,0.047738;1.66322,-0.567933,1.61823
0.497964,-0.120236,0.0423801;1.57122,-0.532363,1.5723
0.497627,-0.123444,0.0423807;1.5709,-0.615255,1.57284
0.495245,-0.123429,0.0423304;1.5705,-0.700114,1.57037
0.445519,-0.158322,0.0626892;1.76779,-0.869652,1.73035
0.421159,-0.17794,0.0602013;1.93781,-0.84107,1.8467
0.424942,-0.176237,0.0541512;1.82299,-0.870889,1.76264
0.435012,-0.170734,0.0423398;1.57097,-0.850048,1.57129
0.434185,-0.171681,0.0423817;1.57136,-0.881072,1.57306
0.433582,-0.173099,0.0423226;1.57094,-0.953937,1.57095
0.39626,-0.181562,0.053813;1.5608,-1.13371,1.57361
0.357575,-0.197855,0.0649239;2.06289,-1.1242,2.02953
0.341577,-0.20343,0.0593226;2.10188,-1.10579,2.05088
0.357215,-0.199502,0.0422888;1.57101,-1.13167,1.57063
0.357182,-0.199421,0.0423542;1.57115,-1.12597,1.57191
0.354871,-0.201541,0.0424438;1.57522,-1.20386,1.57739
0.337697,-0.197602,0.0470355;1.34964,-1.39058,1.35851
0.300795,-0.199613,0.0615569;2.24261,-1.45629,2.25097
0.265832,-0.200184,0.0610796;2.79632,-1.32263,2.78742
0.277017,-0.201065,0.0425119;1.44004,-1.48691,1.43598
0.276904,-0.201232,0.0423429;1.57131,-1.46437,1.57187
0.27612,-0.201329,0.042398;1.57137,-1.48487,1.57375
0.26848,-0.198827,0.0428702;-1.50668,-1.46177,-1.50744
0.23567,-0.188873,0.0525989;-1.63709,-1.37046,-1.62268
0.189799,-0.18,0.063318;-2.37069,-1.22147,-2.34352
0.188609,-0.178609,0.046157;-1.83999,-1.3515,-1.83684
0.192908,-0.180566,0.042278;-1.57139,-1.38494,-1.57107
0.192697,-0.180649,0.0423379;-1.57318,-1.38324,-1.57291
0.188509,-0.179677,0.042373;-1.56814,-1.19776,-1.56925
0.1669,-0.163507,0.0489089;-1.54675,-1.10849,-1.53767
0.128286,-0.141374,0.0640307;-1.92802,-1.01116,-1.87306
0.117411,-0.132402,0.0468749;-1.7116,-1.07547,-1.69758
0.121431,-0.13627,0.0423134;-1.57091,-1.10098,-1.57099
0.121465,-0.136232,0.0423551;-1.57096,-1.10481,-1.57007
0.117226,-0.133287,0.0423225;-1.56985,-0.943885,-1.57077
0.105113,-0.113527,0.0482702;-1.53411,-0.840847,-1.53418
0.0772947,-0.0835856,0.0644033;-1.76367,-0.753626,-1.69778
0.0575981,-0.0680231,0.0520158;-1.75078,-0.739564,-1.69481
0.0617497,-0.0767499,0.0423665;-1.5797,-0.762138,-1.58074
0.0620795,-0.077047,0.0423397;-1.57037,-0.784753,-1.56979
0.0603742,-0.0758602,0.0423209;-1.5712,-0.69464,-1.57109
0.0601677,-0.0658728,0.0442253;-1.55433,-0.60087,-1.55893
0.0472413,-0.0352606,0.0566286;-1.60331,-0.504996,-1.57416
0.0269313,0.0112494,0.0582391;-1.80967,-0.478623,-1.68517
0.0291539,0.00159904,0.0448457;-1.61803,-0.474565,-1.59439
0.0302912,-0.00217383,0.0423295;-1.57072,-0.507319,-1.57082
0.0285525,-0.000722682,0.0423522;-1.57114,-0.436368,-1.57
0.0294834,0.00158963,0.0423487;-1.57006,-0.361989,-1.57064
0.0309709,0.02238,0.0480039;-1.53475,-0.2563,-1.55243
0.0195399,0.0923142,0.0605379;-1.80649,-0.17923,-1.6132
0.0181801,0.0902679,0.0539473;-1.72809,-0.165453,-1.60055
0.0181838,0.079858,0.0423624;-1.56682,-0.167188,-1.57503
0.0175662,0.0806689,0.0424001;-1.57099,-0.164616,-1.56835
0.0163239,0.0816077,0.0423262;-1.57035,-0.0714061,-1.5707
0.0207447,0.0900056,0.0434005;-1.5627,0.0206264,-1.56953
0.0309023,0.169979,0.0625744;-1.81474,0.135687,-1.53668
0.0328874,0.179904,0.0589241;-1.79612,0.124157,-1.5474
0.029915,0.168937,0.0442829;-1.60757,0.136009,-1.5694
0.0280111,0.165649,0.042331;-1.57098,0.0866339,-1.57062
0.0267897,0.168411,0.0423367;-1.5715,0.186056,-1.57085
0.0295471,0.171475,0.0424398;-1.56744,0.261643,-1.57234
0.0621755,0.237461,0.0638008;-1.78229,0.404791,-1.4806
0.0737088,0.257396,0.0591441;-1.81481,0.368541,-1.48603
0.0698082,0.248868,0.0467413;-1.64008,0.379795,-1.54861
0.0669794,0.245414,0.0423582;-1.57111,0.357143,-1.56983
0.0667664,0.248558,0.0422554;-1.56747,0.451002,-1.57358
0.0691508,0.250211,0.0423609;-1.56986,0.534797,-1.57222
0.0691508,0.250211,0.0423609;-1.56986,0.534797,-1.57222
0.0884175,0.265697,0.0490125;-1.54115,0.636696,-1.57891
0.0884175,0.265697,0.0490125;-1.54115,0.636696,-1.57891
