-0.125,0.125,0.06;-1.57,-2.98023e-08,-1.57
-0.125,0.125,0.06;-1.57,-2.98023e-08,-1.57
-0.125,0.125,0.06;-1.57,-2.98023e-08,-1.57
-0.126551,0.115539,0.0423451;-1.57136,-0.194509,-1.56988
-0.124712,0.1196,0.0425199;-1.57089,-0.0951421,-1.56479
-0.120509,0.137809,0.0459669;-1.56032,0.0161834,-1.54716
-0.120179,0.179405,0.0586616;-1.78951,0.0314455,-1.56477
-0.116797,0.152183,0.0423416;-1.57107,-0.0965344,-1.57188
-0.116793,0.151457,0.0423787;-1.57084,-0.129766,-1.56918
-0.116917,0.151772,0.0423758;-1.57129,-0.121314,-1.56923
-0.118009,0.158011,0.0423287;-1.57108,0.0771365,-1.57052
-0.108626,0.178061,0.0462965;-1.55298,0.169839,-1.56269
-0.0981485,0.22213,0.0610484;-1.7322,0.240396,-1.52307
-0.0916459,0.238348,0.0538015;-1.71346,0.177431,-1.53863
-0.0926388,0.218664,0.0419896;-1.55161,0.109218,-1.57623
-0.0937298,0.217223,0.0423452;-1.5709,0.0710133,-1.56953
-0.0938825,0.218863,0.04233;-1.57101,0.144968,-1.57062
-0.0858088,0.231039,0.0440677;-1.57022,0.252314,-1.56138
-0.0749803,0.267269,0.0562957;-1.74885,0.33833,-1.50865
-0.0703372,0.29088,0.0603929;-1.82483,0.315895,-1.49578
-0.0707785,0.280476,0.0543128;-1.74057,0.273017,-1.52626
-0.0745066,0.264309,0.0424584;-1.56756,0.214741,-1.57427
-0.0748575,0.264663,0.0423303;-1.57094,0.214345,-1.57047
-0.072625,0.266521,0.042347;-1.57074,0.320112,-1.57034
-0.0588205,0.284784,0.0470101;-1.56353,0.429846,-1.55956
-0.0438156,0.316692,0.0566585;-1.76927,0.446603,-1.47852
-0.0416789,0.313324,0.0536726;-1.72995,0.39542,-1.50789
-0.0460624,0.301255,0.0423815;-1.57085,0.332158,-1.56926
-0.0457875,0.303248,0.0423962;-1.5707,0.376681,-1.56826
-0.0458613,0.30454,0.0423109;-1.57148,0.45094,-1.57054
-0.0160873,0.333919,0.0538276;-1.60832,0.638375,-1.5334
0.00896859,0.367952,0.0620572;-1.85877,0.642404,-1.39177
0.016114,0.372959,0.0588023;-1.83705,0.609274,-1.4158
0.00278365,0.352363,0.0423261;-1.57071,0.528649,-1.57107
0.00259175,0.351832,0.0423349;-1.57085,0.513309,-1.57049
0.00333212,0.35518,0.0423943;-1.57221,0.601786,-1.56794
0.0226501,0.364921,0.0458752;-1.55324,0.795759,-1.57121
0.0529726,0.39326,0.0593179;-1.84473,0.853521,-1.35517
0.0726814,0.41155,0.0611393;-1.94511,0.816603,-1.29645
0.0563631,0.393144,0.0419894;-1.57952,0.773908,-1.56745
0.055741,0.393194,0.0423643;-1.57104,0.740297,-1.56947
0.056455,0.394045,0.0424051;-1.57115,0.757985,-1.56799
0.0648462,0.397558,0.0430118;-1.56506,0.937531,-1.57365
0.0962606,0.413168,0.0529889;-1.6387,1.02761,-1.49885
0.135578,0.437827,0.0626098;-2.04892,1.01207,-1.15903
0.131303,0.43053,0.0443751;-1.63687,0.989592,-1.51805
0.128208,0.429585,0.0423053;-1.57079,0.958998,-1.57084
0.128209,0.429571,0.0423426;-1.57128,0.955795,-1.57014
0.134102,0.432601,0.0423521;-1.56791,1.16985,-1.57334
0.162316,0.436984,0.0484116;-1.56757,1.25595,-1.56089
0.208045,0.451998,0.0622894;-2.31969,1.24235,-0.8557
0.216168,0.447712,0.0461722;-1.73834,1.19696,-1.41731
0.211414,0.446224,0.0422877;-1.57055,1.17254,-1.57074
0.211339,0.446175,0.0423649;-1.57156,1.16681,-1.56868
0.217389,0.449814,0.0423279;-1.56976,1.40135,-1.57187
0.243745,0.447164,0.0480333;-1.52571,1.49812,-1.60363
0.289688,0.451331,0.0613887;3.13716,1.34113,-0.00493905
0.294806,0.443888,0.0487176;-2.17146,1.40875,-0.975693
0.283466,0.442701,0.0423179;-1.57169,1.3852,-1.57118
0.283169,0.442628,0.042382;-1.57147,1.36483,-1.56855
0.287114,0.444744,0.042327;-1.57041,1.51374,-1.57126
0.303465,0.439321,0.0453475;1.35372,1.526,1.79912
0.343409,0.436812,0.0579013;2.55697,1.34474,0.59912
0.358197,0.43492,0.0568107;2.7483,1.37005,0.403667
0.340664,0.431852,0.0470555;3.07976,1.50079,0.0602287
0.332205,0.432988,0.0422806;-1.58281,1.52244,-1.55862
0.332064,0.433149,0.0423303;-1.57353,1.54007,-1.56814
0.335432,0.431043,0.0423583;1.56687,1.50486,1.57568
0.359397,0.421783,0.0480822;1.58533,1.39306,1.57177
0.41879,0.415982,0.0616848;2.43275,1.23225,0.73048
0.413065,0.416183,0.0566241;2.39046,1.307,0.764946
0.394447,0.417619,0.0426869;1.49382,1.43531,1.64541
0.39329,0.419439,0.0423471;1.57221,1.47004,1.57011
0.395399,0.420149,0.0422925;1.56432,1.37273,1.57729
0.403022,0.41371,0.0434175;1.55458,1.28113,1.59024
0.481563,0.383572,0.0631401;2.15577,1.07526,1.03095
0.488454,0.378405,0.0604487;2.1684,1.12864,1.01284
0.475919,0.381186,0.0488593;1.84302,1.2191,1.30996
0.468172,0.384546,0.0423771;1.57193,1.27101,1.57131
0.471907,0.385132,0.0423222;1.57044,1.12914,1.571
0.475416,0.38081,0.0424665;1.57071,1.041,1.57085
0.544524,0.334471,0.0628689;1.96895,0.850841,1.24506
0.553169,0.325752,0.0604716;1.97505,0.92027,1.23164
0.542748,0.329411,0.048861;1.73908,0.996739,1.42518
0.536038,0.33432,0.0423741;1.57111,1.04242,1.57189
0.540303,0.333977,0.0422815;1.56874,0.903781,1.57237
0.5418,0.328672,0.0423499;1.56908,0.82113,1.57055
0.594996,0.269421,0.0630497;1.89191,0.631866,1.35716
0.601595,0.2574,0.0603323;1.88822,0.712826,1.34855
0.589888,0.262831,0.0497289;1.71797,0.791841,1.46385
0.581482,0.270555,0.042378;1.57161,0.877761,1.57182
0.584596,0.269975,0.0422006;1.56534,0.747972,1.57437
0.585601,0.267676,0.0423476;1.5702,0.694055,1.57164
0.61787,0.213179,0.0600229;1.81941,0.506873,1.44634
0.624729,0.196822,0.0596809;1.85149,0.577474,1.41097
0.618431,0.203463,0.0545307;1.75627,0.603161,1.46991
0.605306,0.219273,0.0423504;1.57214,0.731894,1.57089
0.607735,0.217855,0.0424326;1.5711,0.666428,1.57407
0.607785,0.217036,0.0423299;1.57073,0.596936,1.57084
0.608815,0.203536,0.0439855;1.5651,0.493478,1.58063
0.63863,0.132399,0.061203;1.83496,0.380717,1.46521
0.636757,0.131282,0.0573345;1.79153,0.41834,1.4762
0.628549,0.145674,0.0422758;1.55687,0.463219,1.57345
0.628613,0.146943,0.0423695;1.57093,0.497991,1.57218
0.631365,0.145077,0.0423233;1.57037,0.383758,1.57116
0.630237,0.139644,0.0425383;1.56761,0.305328,1.57233
0.644421,0.0622734,0.0631252;1.81398,0.15387,1.52797
0.644384,0.0495674,0.0597379;1.81016,0.203581,1.5167
0.640047,0.0619264,0.0465766;1.63608,0.241397,1.55195
0.639375,0.0668004,0.0423699;1.57123,0.269951,1.57192
0.642068,0.0630226,0.0423148;1.57081,0.140431,1.57035
0.640735,0.0596983,0.0423498;1.56946,0.055203,1.5707
0.635635,-0.0166658,0.0620543;1.81105,-0.107167,1.58508
0.632166,-0.0321347,0.0598517;1.80655,-0.0337178,1.57363
0.628931,-0.0177353,0.0475252;1.64563,0.01616,1.5672
0.629174,-0.0096359,0.0423805;1.57129,0.0770113,1.57247
0.630533,-0.0132308,0.042355;1.5711,-0.0159223,1.57168
0.629095,-0.0147342,0.042341;1.57022,-0.109751,1.57086
0.609176,-0.0753388,0.0597714;1.77638,-0.28211,1.63392
0.603244,-0.100299,0.0611649;1.83227,-0.259322,1.63489
0.604079,-0.0916674,0.0540587;1.73154,-0.238646,1.60795
0.608644,-0.0745827,0.0423706;1.57091,-0.156102,1.57203
0.608506,-0.0753715,0.0423831;1.57099,-0.172601,1.57273
0.60894,-0.0767475,0.0423135;1.5703,-0.241528,1.57079
0.587228,-0.10895,0.0525317;1.60085,-0.420335,1.59904
0.568697,-0.147308,0.0625652;1.82758,-0.444645,1.68556
0.5617,-0.157625,0.0593608;1.82006,-0.415123,1.67103
0.571141,-0.135329,0.0422914;1.57115,-0.335665,1.57087
0.57127,-0.134562,0.0423549;1.57117,-0.31442,1.57165
0.571042,-0.137846,0.042389;1.57141,-0.386487,1.57289
0.556042,-0.149695,0.0457265;1.55003,-0.571585,1.5692
0.532831,-0.182153,0.0594414;1.7473,-0.646806,1.68793
0.513224,-0.208715,0.0607247;1.87723,-0.628471,1.7497
0.524574,-0.188522,0.0424739;1.5646,-0.571065,1.56376
0.525701,-0.188203,0.0423687;1.57173,-0.531464,1.57235
0.525656,-0.188517,0.0424125;1.57174,-0.541426,1.57408
0.518591,-0.19384,0.0427113;1.5655,-0.751175,1.56846
0.49113,-0.215012,0.0520633;1.61722,-0.841158,1.61962
0.456909,-0.248205,0.0627579;1.95816,-0.847978,1.86201
0.457391,-0.241502,0.0459214;1.65267,-0.801178,1.6268
0.462146,-0.238603,0.0423296;1.57057,-0.765558,1.57057
0.462312,-0.238553,0.0423605;1.57085,-0.757521,1.57186
0.457962,-0.243094,0.0423641;1.56801,-0.982186,1.56822
0.429989,-0.25362,0.0485213;1.58778,-1.06823,1.5983
0.387571,-0.278114,0.061944;2.08244,-1.07646,2.0213
0.382796,-0.273128,0.0470601;1.70222,-1.00599,1.67803
0.389855,-0.269572,0.0423306;1.57052,-0.972838,1.57042
0.389946,-0.269287,0.0423704;1.57223,-0.962356,1.57332
0.384287,-0.272086,0.0423317;1.57021,-1.16833,1.57016
0.359497,-0.274779,0.0474339;1.55205,-1.27085,1.56595
0.316452,-0.288132,0.0607116;2.344,-1.25656,2.31481
0.3065,-0.289355,0.0518647;1.9698,-1.23675,1.94816
0.319019,-0.286032,0.0423384;1.57074,-1.2129,1.5691
0.319478,-0.286117,0.0423731;1.57078,-1.18791,1.57222
0.316943,-0.287799,0.0422761;1.57509,-1.31596,1.5749
0.306189,-0.284259,0.0438804;1.51409,-1.41494,1.51906
0.269667,-0.284258,0.0558829;2.29978,-1.47887,2.31169
0.222745,-0.283959,0.0582834;2.78026,-1.34505,2.77028
0.239731,-0.281384,0.044365;1.86583,-1.44527,1.862
0.243378,-0.282259,0.0423274;1.56992,-1.4013,1.56992
0.240593,-0.283487,0.0423373;1.57316,-1.47423,1.57366
0.239119,-0.281977,0.0423673;1.45277,-1.56255,1.45304
0.217981,-0.27482,0.0471793;-1.42472,-1.47331,-1.41201
0.15052,-0.265782,0.0610262;-2.60726,-1.2778,-2.59201
0.159202,-0.266394,0.0537057;-2.4543,-1.37086,-2.44631
0.174115,-0.2692,0.042271;-1.62261,-1.48363,-1.6259
0.173843,-0.269836,0.042395;-1.57462,-1.48361,-1.57234
0.172189,-0.270396,0.042323;-1.57023,-1.37426,-1.57043
0.164448,-0.263467,0.0435861;-1.54807,-1.28061,-1.54524
0.0869123,-0.234591,0.0627628;-2.1512,-1.09568,-2.10294
0.0828481,-0.236988,0.0588056;-2.11203,-1.1309,-2.07338
0.0962299,-0.242026,0.0442612;-1.67204,-1.21049,-1.66819
0.0994025,-0.244423,0.0423364;-1.57179,-1.25061,-1.57159
0.0951561,-0.245202,0.0423382;-1.56999,-1.11815,-1.5712
0.0933367,-0.241519,0.0423858;-1.56805,-1.03217,-1.56793
0.0315758,-0.192491,0.0623388;-1.92785,-0.851235,-1.85065
0.0204399,-0.180804,0.0597688;-1.95698,-0.909906,-1.88673
0.0324072,-0.186082,0.0467444;-1.68876,-0.98356,-1.67209
0.037424,-0.189731,0.0423714;-1.57114,-1.02181,-1.56976
0.0332502,-0.189536,0.0423112;-1.56716,-0.899662,-1.56951
0.0329578,-0.186494,0.0423653;-1.57022,-0.818787,-1.57188
0.0329578,-0.186494,0.0423653;-1.57022,-0.818787,-1.57188
0.0183369,-0.163654,0.0480553;-1.57275,-0.722869,-1.56031
0.0183369,-0.163654,0.0480553;-1.57275,-0.722869,-1.56031
