-0.125,0.125,0.06;-1.57,-2.98023e-08,-1.57
-0.125,0.125,0.06;-1.57,-2.98023e-08,-1.57
-0.125,0.125,0.06;-1.57,-2.98023e-08,-1.57
-0.125704,0.117665,0.0423087;-1.56927,-0.215109,-1.56884
-0.124255,0.121587,0.0424997;-1.57084,-0.126349,-1.56538
-0.120535,0.140065,0.0457437;-1.56273,-0.0251098,-1.5489
-0.121025,0.183748,0.0580872;-1.78221,0.0123868,-1.57097
-0.116606,0.161221,0.0423256;-1.57078,-0.0880766,-1.57345
-0.116739,0.160444,0.042345;-1.57077,-0.112178,-1.5703
-0.116803,0.160927,0.0423504;-1.57094,-0.102804,-1.57004
-0.118331,0.165259,0.0423277;-1.57025,0.0367282,-1.57111
-0.109365,0.180945,0.046793;-1.53263,0.113189,-1.5742
-0.0960212,0.218012,0.0642317;-1.646,0.204365,-1.54703
-0.0902388,0.249343,0.0512694;-1.69509,0.217865,-1.54323
-0.0904311,0.234235,0.042362;-1.56666,0.157954,-1.57309
-0.0914408,0.23349,0.0423334;-1.57092,0.124038,-1.57061
-0.0922666,0.232976,0.0423312;-1.57084,0.18102,-1.57084
-0.0856878,0.240304,0.0446555;-1.55436,0.254395,-1.57304
-0.0729613,0.265229,0.0593431;-1.65133,0.309525,-1.53635
-0.0623782,0.303518,0.0605409;-1.83357,0.364755,-1.47989
-0.0630545,0.295833,0.0535432;-1.73033,0.335217,-1.52175
-0.0658653,0.285098,0.0424124;-1.57021,0.317442,-1.57403
-0.0662352,0.285022,0.0423278;-1.57095,0.3226,-1.57048
-0.0652937,0.284981,0.042339;-1.57065,0.375147,-1.5713
-0.0580047,0.291927,0.0467071;-1.536,0.418524,-1.58341
-0.0409711,0.314395,0.0603303;-1.62168,0.476353,-1.54002
-0.0305399,0.328826,0.0547098;-1.74735,0.47893,-1.4874
-0.035965,0.321375,0.0423282;-1.57075,0.470037,-1.57082
-0.0357893,0.321332,0.0423437;-1.57082,0.472341,-1.57027
-0.0360714,0.321089,0.042328;-1.57093,0.514655,-1.57062
-0.0233785,0.330303,0.0528123;-1.59807,0.588356,-1.54237
-0.000168505,0.354747,0.0678794;-1.7676,0.633624,-1.43389
0.0160894,0.373563,0.0585092;-1.84357,0.651961,-1.40291
0.00631157,0.366668,0.0423344;-1.57056,0.712789,-1.57098
0.00482792,0.365779,0.0423329;-1.5707,0.672591,-1.57068
0.00560075,0.366453,0.0423329;-1.57084,0.714823,-1.57056
0.0106571,0.367522,0.0451584;-1.57978,0.770094,-1.55544
0.0304438,0.378209,0.0622527;-1.75386,0.803872,-1.41609
0.0531709,0.3944,0.0641833;-1.91922,0.790039,-1.2958
0.0453121,0.391469,0.0426261;-1.57069,0.858534,-1.58014
0.0454025,0.391196,0.0423277;-1.57073,0.856575,-1.57077
0.0455114,0.39117,0.0423278;-1.57102,0.851603,-1.57041
0.0447043,0.388547,0.0432899;-1.56488,0.944102,-1.58579
0.0542656,0.388893,0.0564706;-1.55717,0.989859,-1.58372
0.0760461,0.394885,0.0725659;-1.74478,0.99043,-1.41786
0.0812127,0.391456,0.0428166;-1.55103,0.864392,-1.60455
0.0818414,0.392774,0.0426628;-1.56849,0.844843,-1.58173
0.0827397,0.393297,0.0424252;-1.5708,0.810692,-1.5738
0.0810392,0.390166,0.0444852;-1.56261,0.858857,-1.60323
0.0845069,0.38782,0.0549413;-1.52454,0.909313,-1.62822
0.0957666,0.386764,0.0731162;-1.60964,0.942629,-1.54672
0.0949885,0.378085,0.0449699;-1.55486,0.75581,-1.61312
0.0960708,0.381069,0.043552;-1.56412,0.706087,-1.59276
0.0983316,0.384524,0.0426642;-1.56873,0.6565,-1.58116
0.0987769,0.381756,0.0463907;-1.5422,0.716274,-1.62707
0.101402,0.384212,0.0562428;-1.52169,0.783198,-1.63625
0.110576,0.386354,0.0740521;-1.59817,0.8352,-1.56606
0.112263,0.382231,0.0487314;-1.5032,0.705013,-1.65042
0.111219,0.384275,0.0441023;-1.56953,0.651722,-1.59979
0.114669,0.389499,0.0427035;-1.56797,0.586531,-1.58203
0.117951,0.390428,0.0453689;-1.55374,0.616528,-1.61608
0.123504,0.396551,0.0532505;-1.49819,0.698187,-1.64661
0.128263,0.406069,0.0698455;-1.58953,0.787519,-1.57231
0.128715,0.406894,0.0619907;-1.56398,0.737008,-1.59343
0.115033,0.395053,0.0472148;-1.51247,0.623807,-1.6386
0.114602,0.398943,0.0428396;-1.56622,0.565955,-1.58577
0.117795,0.401386,0.0428421;-1.57437,0.545687,-1.58191
0.11969,0.400745,0.0445527;-1.55598,0.597394,-1.60169
0.132452,0.415226,0.0555841;-1.53059,0.732272,-1.60804
0.153218,0.441379,0.0671484;-1.81117,0.764421,-1.40546
0.153616,0.440228,0.058897;-1.84659,0.671662,-1.39321
0.144758,0.422975,0.0427576;-1.54867,0.583501,-1.59917
0.145889,0.424546,0.04233;-1.57077,0.534841,-1.57083
0.144625,0.423671,0.0425822;-1.57065,0.606251,-1.57887
0.150359,0.425711,0.0445021;-1.54119,0.701441,-1.59418
0.204541,0.474028,0.0642878;-1.9018,0.78972,-1.33461
0.213271,0.480214,0.0604401;-1.91162,0.755748,-1.33608
0.205561,0.470248,0.049224;-1.70258,0.749423,-1.48403
0.199385,0.464401,0.0423525;-1.57089,0.727879,-1.56993
0.200571,0.466253,0.0423302;-1.56967,0.858912,-1.57226
0.206404,0.467209,0.042426;-1.57218,0.936174,-1.57191
0.27626,0.50821,0.0626372;-2.10867,1.04009,-1.11163
0.286885,0.511428,0.0600021;-2.01241,0.988195,-1.20289
0.279675,0.504078,0.0486975;-1.73478,0.99224,-1.43703
0.273502,0.500756,0.0423567;-1.57116,0.963899,-1.56948
0.274597,0.502967,0.0423256;-1.57123,1.08364,-1.57038
0.276485,0.502354,0.0424373;-1.57018,1.12215,-1.57485
0.34673,0.516646,0.0647594;-2.35302,1.19259,-0.828457
0.363586,0.520308,0.0604915;-2.24351,1.17763,-0.944984
0.353156,0.515129,0.0468056;-1.76472,1.22087,-1.39114
0.347241,0.513252,0.0423324;-1.57102,1.18263,-1.57051
0.348089,0.514105,0.0423303;-1.57117,1.26679,-1.57039
0.348721,0.514013,0.0423316;-1.57087,1.27148,-1.57092
0.400639,0.513136,0.0637746;-2.45105,1.35978,-0.687996
0.42723,0.516095,0.06026;-2.63842,1.2927,-0.52341
0.420599,0.517661,0.0513273;-2.35859,1.40045,-0.790133
0.405749,0.512099,0.0423311;-1.57074,1.35129,-1.57074
0.406852,0.512738,0.0423936;-1.57321,1.38512,-1.56641
0.407062,0.512786,0.0423286;-1.5711,1.42713,-1.57049
0.41662,0.508407,0.0440087;-1.42527,1.49848,-1.71514
0.488617,0.497655,0.0629497;2.9013,1.30694,0.254155
0.494904,0.497643,0.0572247;2.81564,1.36031,0.328451
0.483243,0.499915,0.0425966;1.45955,1.4938,1.67785
0.483115,0.50041,0.0423386;1.56975,1.52754,1.57217
0.483473,0.501046,0.0423371;1.57256,1.43951,1.5689
0.483577,0.500512,0.0424671;1.58757,1.41749,1.55604
0.527873,0.479695,0.0653942;2.22049,1.24592,0.970564
0.551262,0.470169,0.059504;2.31463,1.22273,0.854812
0.541171,0.474064,0.0449033;1.73028,1.30026,1.41371
0.537143,0.475933,0.0423359;1.5701,1.31096,1.57156
0.537609,0.475072,0.0423363;1.57074,1.25666,1.57061
0.537787,0.474805,0.0424176;1.57819,1.23739,1.56422
0.559346,0.453811,0.0655116;2.06664,1.14185,1.1365
0.580512,0.443173,0.06002;2.09689,1.12142,1.09667
0.57617,0.447461,0.0463511;1.71924,1.15595,1.43206
0.572417,0.449962,0.0423354;1.57068,1.14672,1.57108
0.572589,0.449422,0.042307;1.57074,1.1282,1.57013
0.571662,0.450108,0.0426348;1.57071,1.08606,1.5612
0.581447,0.431205,0.0666897;1.74045,0.993915,1.43482
0.593649,0.419723,0.0692625;1.84144,0.998331,1.34951
0.594073,0.419007,0.0535293;1.79931,1.05556,1.37066
0.591032,0.419152,0.0424701;1.57097,1.14854,1.56615
0.591558,0.418894,0.0424678;1.57062,1.16209,1.56665
0.590559,0.419188,0.0428438;1.57445,1.14298,1.5527
0.589539,0.410924,0.0599018;1.59845,1.03885,1.53095
0.595311,0.398281,0.0750965;1.65808,1.01084,1.49098
0.600567,0.391606,0.0680951;1.69746,1.06142,1.44866
0.594857,0.391853,0.0436478;1.55186,1.17807,1.56911
0.599582,0.391697,0.0426393;1.56623,1.23482,1.56681
0.60425,0.387118,0.0431387;1.56034,1.25737,1.56774
0.603124,0.383704,0.0518906;1.52213,1.19599,1.58112
0.608077,0.377934,0.0701421;1.62847,1.13497,1.50067
0.614644,0.372889,0.0738449;1.63056,1.10965,1.50363
0.601478,0.376931,0.0445847;1.55183,1.27888,1.55599
0.606569,0.375613,0.0429065;1.56391,1.32208,1.56636
0.609543,0.374142,0.0426961;1.56739,1.35424,1.56278
0.608399,0.374907,0.0479108;1.45263,1.25066,1.64597
0.613045,0.373583,0.0609808;1.53293,1.18448,1.58187
0.620889,0.363361,0.0757914;1.64952,1.16138,1.4889
0.611525,0.362694,0.0443607;1.48303,1.35045,1.61897
0.614424,0.363291,0.043155;1.53536,1.395,1.59118
0.617323,0.36268,0.0425492;1.5698,1.43872,1.56497
0.61736,0.361236,0.0451323;1.49771,1.37559,1.61477
0.627841,0.358561,0.0543128;1.4986,1.25947,1.62412
0.644413,0.349206,0.0701036;1.7507,1.23744,1.39366
0.656288,0.342018,0.0450084;1.71792,1.38005,1.41192
0.655612,0.344257,0.0426742;1.56042,1.46957,1.57117
0.657885,0.342046,0.0423277;1.58105,1.54495,1.56037
0.658069,0.34124,0.0427775;1.55557,1.45319,1.57266
0.678544,0.332599,0.0484571;1.58093,1.34462,1.56204
0.715596,0.321665,0.0621098;2.08354,1.22911,1.08001
0.728696,0.3167,0.0506257;2.0052,1.29456,1.14989
0.719522,0.319061,0.0424819;1.56409,1.34855,1.57123
0.719294,0.319146,0.0423307;1.57112,1.35818,1.57062
0.719162,0.317699,0.0423325;1.57003,1.26507,1.57146
0.724039,0.308077,0.0441434;1.55328,1.17168,1.59356
0.748787,0.286924,0.0542139;1.79548,1.07293,1.38701
0.783748,0.257622,0.0557154;1.93916,1.06479,1.24462
0.769817,0.262547,0.0432747;1.63849,1.13424,1.50711
0.767794,0.263817,0.042551;1.55198,1.16689,1.58868
0.765367,0.263532,0.0423391;1.57063,1.20225,1.5706
0.766189,0.261877,0.0423423;1.57074,1.13557,1.57118
0.783352,0.247016,0.0468156;1.66332,1.04172,1.50253
0.82473,0.224606,0.0608953;2.00491,0.943366,1.20591
0.811045,0.22799,0.0513587;1.81429,1.03615,1.35706
0.799793,0.231189,0.042342;1.5701,1.09344,1.5711
0.797017,0.231299,0.0428328;1.53534,1.12621,1.60416
0.796078,0.230081,0.0423285;1.57073,1.11831,1.57092
0.800468,0.228018,0.0435279;1.60482,1.06596,1.54715
0.834155,0.215279,0.0631672;2.03451,0.916336,1.18213
0.832251,0.214467,0.0559502;1.90428,0.983621,1.28532
0.819218,0.218323,0.0430195;1.61091,1.04337,1.53396
0.815001,0.218328,0.0429677;1.53015,1.0738,1.60802
0.814162,0.216909,0.042329;1.5704,1.07626,1.57139
0.813017,0.216652,0.0428934;1.59436,1.09385,1.55629
0.842025,0.210853,0.0624671;2.02402,0.934676,1.18514
0.847467,0.207286,0.0565864;1.92582,0.989928,1.26668
0.83466,0.209618,0.0454042;1.64062,1.02846,1.52106
0.828923,0.210513,0.0428587;1.53745,1.0804,1.60181
0.828244,0.208327,0.0423075;1.57207,1.06873,1.56987
0.825344,0.20643,0.0428837;1.59737,1.08227,1.55157
0.825344,0.20643,0.0428837;1.59737,1.08227,1.55157
0.825086,0.203558,0.0515276;1.82467,1.07691,1.34719
0.825086,0.203558,0.0515276;1.82467,1.07691,1.34719
