-0.125,0.125,0.06;-1.57,-2.98023e-08,-1.57
-0.125,0.125,0.06;-1.57,-2.98023e-08,-1.57
-0.125,0.125,0.06;-1.57,-2.98023e-08,-1.57
-0.126657,0.115825,0.0423246;-1.57126,-0.194234,-1.57059
-0.124925,0.119804,0.0424537;-1.571,-0.0945176,-1.56678
-0.119835,0.138791,0.045967;-1.56397,0.0152681,-1.5495
-0.118767,0.180962,0.0601536;-1.81067,0.0214792,-1.56956
-0.118205,0.158436,0.042408;-1.57613,-0.0544692,-1.57832
-0.118258,0.158105,0.042329;-1.57084,-0.0681017,-1.57071
-0.118299,0.158873,0.0424034;-1.57115,-0.0419485,-1.56841
-0.119764,0.162349,0.042431;-1.57097,0.106841,-1.57459
-0.109963,0.180082,0.0475277;-1.54666,0.19031,-1.5737
-0.0970742,0.219789,0.0635044;-1.70554,0.271326,-1.5274
-0.0899804,0.242473,0.0552209;-1.74253,0.246158,-1.52739
-0.0931535,0.226409,0.0447669;-1.61245,0.198501,-1.56709
-0.0941392,0.223814,0.0423656;-1.57209,0.172362,-1.57062
-0.0957895,0.223098,0.0424954;-1.57079,0.263104,-1.57607
-0.0866488,0.2329,0.0451365;-1.56087,0.366892,-1.57229
-0.0706996,0.26762,0.0576367;-1.76307,0.450246,-1.48442
-0.0624981,0.288115,0.0614902;-1.84911,0.418166,-1.4627
-0.0637831,0.282419,0.0562713;-1.77386,0.397911,-1.4958
-0.0701866,0.270894,0.042654;-1.56208,0.386892,-1.5816
-0.0715406,0.269932,0.0423294;-1.57117,0.413478,-1.5702
-0.0702472,0.269882,0.042449;-1.56897,0.50146,-1.57684
-0.0525038,0.284946,0.0488641;-1.54557,0.61409,-1.57961
-0.0305696,0.314297,0.0576913;-1.82215,0.625459,-1.41944
-0.0276912,0.312732,0.0557033;-1.78597,0.584867,-1.45385
-0.0361397,0.302438,0.0423301;-1.57076,0.561978,-1.5708
-0.0360449,0.303849,0.0423976;-1.57267,0.609867,-1.56872
-0.0375982,0.303464,0.0423193;-1.57046,0.677801,-1.57103
-0.00346441,0.324341,0.0562652;-1.61446,0.849637,-1.52964
0.0298108,0.350854,0.0630226;-1.93718,0.842858,-1.29146
0.0393387,0.354987,0.0601778;-1.92197,0.80985,-1.31526
0.024396,0.344256,0.0424016;-1.57086,0.812362,-1.57291
0.0241676,0.344369,0.0423286;-1.57081,0.822068,-1.57069
0.024941,0.34751,0.0423492;-1.57172,0.915982,-1.56981
0.0435659,0.349685,0.0476404;-1.50864,1.08494,-1.62407
0.0803929,0.367315,0.0619532;-1.96008,1.13875,-1.21005
0.106181,0.37814,0.0618631;-2.14726,1.0755,-1.05683
0.0886539,0.371069,0.042437;-1.55548,1.12377,-1.59365
0.0883117,0.371283,0.0423269;-1.57073,1.11077,-1.57076
0.0891378,0.371775,0.0423543;-1.57117,1.14652,-1.56955
0.0949915,0.370851,0.0434368;-1.53667,1.30252,-1.60895
0.129873,0.373363,0.0552179;-1.77433,1.39329,-1.36259
0.174812,0.380485,0.0633164;-2.6453,1.28745,-0.516774
0.173239,0.377159,0.0472279;-1.9396,1.37284,-1.21231
0.166178,0.377732,0.0423735;-1.57111,1.37429,-1.57208
0.166251,0.377991,0.0423364;-1.57192,1.38224,-1.56955
0.170919,0.378127,0.0425664;-1.16572,1.56397,-1.98119
0.198125,0.371536,0.0498978;1.53676,1.49053,1.61074
0.244397,0.366991,0.0629593;2.54138,1.30235,0.611518
0.250224,0.360038,0.0473891;2.62662,1.48595,0.513231
0.244272,0.360884,0.0423246;1.56741,1.5497,1.57429
0.244355,0.361012,0.0423723;1.57961,1.54838,1.56359
0.249562,0.360905,0.0424359;1.56888,1.33191,1.5693
0.272966,0.348291,0.0488502;1.54965,1.23551,1.59891
0.316701,0.333447,0.0617875;2.10037,1.10357,1.08013
0.321774,0.324871,0.0509961;1.96098,1.25387,1.19621
0.309523,0.330342,0.0423913;1.59168,1.31217,1.54248
0.309158,0.330506,0.0423315;1.57061,1.32666,1.57112
0.311536,0.33119,0.0424679;1.57097,1.18675,1.56623
0.323434,0.319181,0.0464561;1.53604,1.08771,1.60508
0.358163,0.298688,0.0593914;1.91713,0.977266,1.28122
0.370204,0.290003,0.0583651;1.99175,1.02056,1.20266
0.35792,0.293952,0.0501163;1.80731,1.09682,1.35598
0.350688,0.299014,0.0424198;1.57172,1.14033,1.56652
0.34969,0.300121,0.0423923;1.57096,1.09461,1.56862
0.349994,0.298061,0.0425722;1.56606,1.00973,1.56913
0.367069,0.278272,0.0502738;1.56053,0.895881,1.58644
0.413292,0.24402,0.0628981;1.97268,0.815836,1.26079
0.410043,0.245658,0.0583764;1.90413,0.855329,1.3089
0.400328,0.254937,0.0431044;1.59918,0.891252,1.54175
0.400246,0.257649,0.0423378;1.57119,0.874847,1.57097
0.400415,0.259637,0.0423481;1.57025,0.75721,1.57015
0.403036,0.249854,0.0441065;1.55362,0.68529,1.57784
0.451354,0.179642,0.0633537;1.88515,0.528421,1.39381
0.453678,0.172095,0.0617917;1.88222,0.575842,1.38925
0.447864,0.180024,0.0507294;1.7107,0.604521,1.48666
0.444491,0.188787,0.0423303;1.57088,0.613764,1.57085
0.447451,0.18766,0.0422778;1.56937,0.474685,1.57114
0.447041,0.182902,0.0426986;1.56814,0.404457,1.56641
0.473909,0.107391,0.0634608;1.84091,0.239346,1.48642
0.474903,0.0969235,0.0609393;1.82732,0.298853,1.48239
0.470198,0.105395,0.0497601;1.68058,0.337958,1.53008
0.468644,0.113438,0.0423622;1.5711,0.353774,1.57161
0.471525,0.111341,0.0422211;1.56675,0.200708,1.57074
0.470546,0.107948,0.0424759;1.56989,0.127475,1.56619
0.474568,0.028027,0.0629552;1.82796,-0.0332047,1.55966
0.47188,0.0146986,0.0606033;1.81027,0.0452728,1.5495
0.46785,0.0246245,0.0507587;1.68681,0.0933155,1.55667
0.467302,0.0352438,0.0423385;1.57104,0.126569,1.57115
0.468872,0.0331519,0.0424355;1.57295,-0.0149603,1.569
0.467702,0.0320266,0.0424643;1.5703,-0.0562112,1.56572
0.454778,-0.0289083,0.0609294;1.80112,-0.222839,1.61983
0.448702,-0.0455201,0.0608652;1.82457,-0.147256,1.60492
0.449517,-0.0393467,0.0562056;1.75797,-0.144138,1.5959
0.450422,-0.018189,0.0423356;1.57108,-0.0501171,1.57045
0.451594,-0.0212596,0.0424467;1.57361,-0.138474,1.57274
0.452054,-0.0204123,0.0423693;1.57076,-0.195471,1.56957
0.443828,-0.0297479,0.0450836;1.55059,-0.284204,1.56364
0.413019,-0.100771,0.0614827;1.84614,-0.377817,1.66526
0.4104,-0.101685,0.0590909;1.81049,-0.351279,1.64947
0.415993,-0.0896543,0.0438042;1.60026,-0.359968,1.57651
0.417251,-0.0889908,0.0423306;1.57098,-0.360942,1.57119
0.419515,-0.0898918,0.0422663;1.56768,-0.487748,1.56835
0.415618,-0.0917665,0.0427061;1.56547,-0.545567,1.56233
0.365699,-0.153581,0.0637234;1.87144,-0.667773,1.75671
0.354979,-0.16289,0.0603972;1.86983,-0.618266,1.74203
0.36102,-0.152984,0.0479215;1.6687,-0.614492,1.62364
0.366446,-0.1486,0.0423505;1.571,-0.613175,1.57159
0.365491,-0.151861,0.0423191;1.56902,-0.737756,1.56798
0.3638,-0.151607,0.0425338;1.56715,-0.80664,1.56377
0.3025,-0.196132,0.0623159;1.97245,-0.929516,1.88888
0.287979,-0.204065,0.06051;1.94793,-0.862536,1.85684
0.295298,-0.196009,0.0493856;1.72461,-0.863475,1.68431
0.301057,-0.192164,0.0423651;1.57098,-0.85774,1.57217
0.299415,-0.19541,0.0423449;1.57226,-0.96886,1.57183
0.299726,-0.194079,0.0424637;1.57013,-1.04404,1.56599
0.240135,-0.214491,0.061792;2.07079,-1.17811,2.04055
0.216504,-0.223708,0.0621278;2.20211,-1.10956,2.14485
0.222646,-0.220562,0.0559432;2.01499,-1.13557,1.97408
0.235484,-0.217118,0.0423271;1.57075,-1.14458,1.57085
0.235049,-0.217616,0.0423574;1.5718,-1.18085,1.5728
0.236395,-0.218532,0.042359;1.57165,-1.25773,1.57089
0.198321,-0.217129,0.0548934;1.70183,-1.43467,1.7094
0.155139,-0.221889,0.0636203;2.76496,-1.30813,2.75149
0.144198,-0.221071,0.060822;2.67506,-1.28968,2.65509
0.162839,-0.22047,0.042459;1.5622,-1.41629,1.55751
0.16296,-0.220515,0.0423348;1.57221,-1.41748,1.57252
0.161153,-0.221692,0.0423489;1.57444,-1.4938,1.57526
0.146315,-0.213939,0.0469806;-1.26733,-1.4724,-1.26742
0.107085,-0.207591,0.0613521;-2.24308,-1.34657,-2.22583
0.0771998,-0.202436,0.0620085;-2.57833,-1.25917,-2.56287
0.0940539,-0.205224,0.0425224;-1.49761,-1.42696,-1.50657
0.0943113,-0.205701,0.0423141;-1.57262,-1.44743,-1.57236
0.0937708,-0.206015,0.0423324;-1.57239,-1.41684,-1.57214
0.0896046,-0.203399,0.0432217;-1.54906,-1.24959,-1.55559
0.0599057,-0.187184,0.0541668;-1.63023,-1.15588,-1.61691
0.0177501,-0.169065,0.0638004;-2.0926,-1.0487,-2.03863
0.0199212,-0.1676,0.0479924;-1.76842,-1.14837,-1.75517
0.0260078,-0.17251,0.0423929;-1.57064,-1.17091,-1.57284
0.0259261,-0.172626,0.0423323;-1.5709,-1.16542,-1.57075
0.0228209,-0.171416,0.0425462;-1.56725,-0.97401,-1.57335
0.00317048,-0.150406,0.0502465;-1.5771,-0.889481,-1.57013
-0.0356053,-0.120444,0.0629057;-1.91171,-0.791089,-1.82694
-0.0370407,-0.114404,0.0485127;-1.71421,-0.901978,-1.68805
-0.0326782,-0.118723,0.0422665;-1.57488,-0.919337,-1.57533
-0.0326248,-0.118862,0.042367;-1.57116,-0.915304,-1.56996
-0.0355841,-0.116737,0.0425064;-1.56885,-0.7203,-1.57437
-0.0453905,-0.0939542,0.0487927;-1.5556,-0.619471,-1.55607
-0.0721554,-0.0574909,0.0612501;-1.83465,-0.529768,-1.7123
-0.0761799,-0.0479875,0.0539738;-1.76213,-0.609164,-1.68511
-0.0702396,-0.0592519,0.0421127;-1.57705,-0.636211,-1.58132
-0.0701174,-0.0594745,0.042325;-1.57066,-0.646546,-1.57066
-0.0713008,-0.0599419,0.0423623;-1.57048,-0.527868,-1.57191
-0.0707277,-0.0498143,0.0445381;-1.55279,-0.44476,-1.56578
-0.0812602,-0.0166279,0.0578722;-1.63177,-0.349608,-1.5826
-0.0936831,0.0273398,0.0599082;-1.82235,-0.347922,-1.66238
-0.0903021,0.015828,0.047495;-1.65069,-0.365565,-1.60282
-0.0896706,0.00941707,0.0423722;-1.57078,-0.386457,-1.57219
-0.0919892,0.010847,0.0423351;-1.57124,-0.284717,-1.57074
-0.0910304,0.0105952,0.0424922;-1.57002,-0.217807,-1.57579
-0.0881488,0.0319851,0.0487699;-1.54497,-0.115805,-1.5638
-0.0936199,0.0971911,0.0624135;-1.84048,-0.0618851,-1.59413
-0.0929273,0.0903022,0.0557025;-1.74995,-0.0766079,-1.58923
-0.0935943,0.0772048,0.0427948;-1.56478,-0.0876268,-1.57907
-0.0943043,0.0778442,0.0423383;-1.571,-0.0569763,-1.57018
-0.0952967,0.0767615,0.0423217;-1.57086,0.030928,-1.57047
-0.0903573,0.0844026,0.0438892;-1.5593,0.0996935,-1.57588
-0.0722497,0.16347,0.062872;-1.83378,0.21759,-1.51757
-0.0687331,0.169134,0.0602617;-1.81655,0.185245,-1.52946
-0.0713702,0.157896,0.0470778;-1.64189,0.184567,-1.562
-0.0750511,0.151377,0.0423365;-1.57116,0.183863,-1.57048
-0.0764013,0.154045,0.0423563;-1.57034,0.315771,-1.57254
-0.0736191,0.155941,0.0426112;-1.56679,0.381948,-1.57798
-0.0352186,0.223544,0.0626148;-1.83658,0.519045,-1.44167
-0.0244629,0.23555,0.0599619;-1.835,0.46064,-1.45679
-0.0280273,0.22321,0.0472816;-1.64998,0.435493,-1.54066
-0.0309805,0.217934,0.0423729;-1.57114,0.414729,-1.56932
-0.0320244,0.221802,0.0423022;-1.56907,0.550245,-1.57257
-0.0298536,0.222085,0.042446;-1.56937,0.633886,-1.57486
-0.0298536,0.222085,0.042446;-1.56937,0.633886,-1.57486
-0.00791518,0.239446,0.0489133;-1.57766,0.728826,-1.55716
-0.00791518,0.239446,0.0489133;-1.57766,0.728826,-1.55716
