-0.125,0.125,0.06;-1.57,-2.98023e-08,-1.57
-0.125,0.125,0.06;-1.57,-2.98023e-08,-1.57
-0.125,0.125,0.06;-1.57,-2.98023e-08,-1.57
-0.127238,0.120996,0.0286425;-1.57031,-0.329799,-1.56808
-0.125874,0.122993,0.0287405;-1.56754,-0.22216,-1.56539
-0.125081,0.127189,0.0297155;-1.58022,-0.0622764,-1.5573
-0.125387,0.132439,0.0348443;-1.69677,0.00713399,-1.5736
-0.125851,0.129495,0.0285894;-1.57068,-0.253796,-1.57177
-0.126034,0.130114,0.0285795;-1.57056,-0.351826,-1.57036
-0.125961,0.130018,0.0285893;-1.57019,-0.376813,-1.57072
-0.122739,0.126869,0.0288319;-1.56331,-0.149918,-1.57445
-0.120743,0.123628,0.030206;-1.54353,0.034801,-1.57082
-0.120766,0.121111,0.0343551;-1.48464,0.219695,-1.56934
-0.119783,0.128318,0.0306322;-1.58878,0.0675687,-1.59598
-0.119068,0.13316,0.028665;-1.57153,-0.0751288,-1.57982
-0.117547,0.136565,0.0286931;-1.5731,-0.230447,-1.57463
-0.116279,0.138201,0.0287638;-1.56982,-0.132413,-1.56263
-0.114796,0.141861,0.0294409;-1.56842,-0.0168805,-1.55301
-0.115587,0.148127,0.0316684;-1.58485,0.14458,-1.53163
-0.116261,0.14893,0.0311565;-1.58629,0.155721,-1.53889
-0.115197,0.144398,0.0286783;-1.57131,0.033843,-1.56641
-0.113723,0.145531,0.0287624;-1.5708,-0.136007,-1.57946
-0.113426,0.14804,0.0285805;-1.57073,-0.248095,-1.57075
-0.111208,0.151115,0.02874;-1.57091,-0.106191,-1.56315
-0.110326,0.155858,0.0297289;-1.56864,0.0591129,-1.55496
-0.110788,0.159862,0.030106;-1.57664,0.171145,-1.55771
-0.109229,0.161886,0.0301136;-1.54783,0.0666465,-1.58338
-0.10452,0.17609,0.0294904;-1.58478,-0.174901,-1.58844
-0.103543,0.17822,0.0298409;-1.59073,-0.200078,-1.59161
-0.106651,0.173485,0.0290771;-1.57906,-0.116491,-1.58734
-0.107166,0.174012,0.0308545;-1.58003,0.223569,-1.53854
-0.107719,0.178335,0.0322975;-1.59678,0.320586,-1.52427
-0.105961,0.17573,0.0302677;-1.57508,0.219436,-1.54468
-0.11083,0.166965,0.0285742;-1.57079,-0.0820939,-1.57099
-0.110385,0.16813,0.0286131;-1.57084,-0.179398,-1.57249
-0.110982,0.166946,0.0289475;-1.58414,-0.116091,-1.57682
-0.11307,0.164872,0.0293672;-1.57537,0.175764,-1.56102
-0.112211,0.170846,0.031739;-1.60132,0.341329,-1.53201
-0.112314,0.172072,0.0309226;-1.58619,0.34759,-1.53712
-0.111644,0.173803,0.0291905;-1.54865,0.09572,-1.58
-0.112824,0.17703,0.0288774;-1.56503,-0.0123841,-1.5794
-0.112547,0.177775,0.028879;-1.57042,-0.0258244,-1.58469
-0.114908,0.167617,0.0320541;-1.55375,0.19881,-1.62272
-0.113965,0.168648,0.0331303;-1.5291,0.388338,-1.59611
-0.114654,0.171598,0.0334974;-1.58894,0.516757,-1.54547
-0.115862,0.169189,0.0288015;-1.5699,0.243315,-1.56134
-0.120051,0.166237,0.0285733;-1.57035,0.0768089,-1.57158
-0.121814,0.164083,0.0286348;-1.56925,-0.0338665,-1.56924
-0.118077,0.167049,0.028725;-1.57506,0.211991,-1.56668
-0.11655,0.1689,0.030433;-1.61723,0.377002,-1.55473
-0.116597,0.171829,0.0379282;-1.77067,0.53444,-1.48121
-0.115156,0.164762,0.028542;-1.56165,0.305362,-1.57232
-0.117495,0.164012,0.0285656;-1.57076,0.159832,-1.57001
-0.118069,0.164002,0.0285781;-1.57062,0.082203,-1.57081
-0.115429,0.157535,0.0292027;-1.55498,0.372359,-1.59152
-0.115484,0.152464,0.033608;-1.49441,0.555526,-1.62985
-0.116135,0.148353,0.0376224;-1.4315,0.728397,-1.66056
-0.107828,0.161376,0.0311643;-1.58829,0.503124,-1.59654
-0.10383,0.16527,0.028862;-1.57071,0.373273,-1.58463
-0.0998883,0.167461,0.0286298;-1.56983,0.226646,-1.57434
-0.0981694,0.168258,0.0287715;-1.57012,0.318653,-1.56196
-0.0955517,0.17108,0.0297723;-1.57073,0.439245,-1.55026
-0.0931685,0.17571,0.0322088;-1.61859,0.613751,-1.51801
-0.0902497,0.177459,0.0319142;-1.65594,0.579542,-1.52769
-0.0887422,0.177652,0.0290401;-1.59187,0.465812,-1.56459
-0.0863478,0.179116,0.0287077;-1.57079,0.291814,-1.57748
-0.085801,0.179526,0.0285881;-1.57054,0.271903,-1.57025
-0.0826797,0.181578,0.0286895;-1.57033,0.418585,-1.5664
-0.0800568,0.18404,0.0297712;-1.5594,0.582969,-1.56589
-0.0792924,0.183016,0.0351415;-1.43369,0.779294,-1.64887
-0.0755792,0.184597,0.0347222;-1.45473,0.652349,-1.66134
-0.0686053,0.191837,0.0307264;-1.5671,0.503975,-1.61244
-0.0600847,0.19915,0.0289597;-1.57877,0.287768,-1.57894
-0.0608021,0.197777,0.0285885;-1.57009,0.349981,-1.57088
-0.0586026,0.199682,0.0289575;-1.5771,0.492683,-1.5552
-0.0555611,0.209414,0.0329962;-1.6178,0.777462,-1.49715
-0.0540459,0.210217,0.0327222;-1.63889,0.682511,-1.50486
-0.0585147,0.202657,0.0286859;-1.57181,0.512556,-1.5644
-0.0531583,0.207307,0.0291451;-1.59437,0.183179,-1.57081
-0.0556052,0.204689,0.02872;-1.57067,0.311005,-1.57741
-0.0549573,0.203885,0.02869;-1.57091,0.458527,-1.56476
-0.0505838,0.214651,0.0323765;-1.6172,0.782559,-1.50016
-0.0463449,0.216121,0.0309764;-1.60276,0.696618,-1.52725
-0.0473809,0.211357,0.0288523;-1.55544,0.55269,-1.57872
-0.0426699,0.219306,0.0292457;-1.57527,0.324325,-1.58629
-0.0447456,0.21682,0.0309099;-1.57059,0.394425,-1.61041
-0.0481521,0.211707,0.0321925;-1.5537,0.530721,-1.633
-0.050705,0.212166,0.0338668;-1.54541,0.87179,-1.57068
-0.0504941,0.214797,0.0305159;-1.56828,0.753944,-1.54469
-0.0516865,0.212689,0.0287841;-1.57158,0.635616,-1.56092
-0.0579421,0.211069,0.0285772;-1.57115,0.385351,-1.57048
-0.0580243,0.20983,0.0285533;-1.57082,0.460719,-1.57162
-0.0592531,0.20887,0.0289617;-1.58985,0.52604,-1.56333
-0.0582293,0.207595,0.0346957;-1.71512,0.842814,-1.45744
-0.0512632,0.214791,0.0342125;-1.71946,0.80383,-1.45803
-0.0531866,0.211411,0.0293139;-1.56367,0.777727,-1.56252
-0.0575523,0.210524,0.0285817;-1.57065,0.55562,-1.57072
-0.0581557,0.209906,0.0286462;-1.57078,0.574332,-1.57394
-0.0598913,0.207435,0.0289628;-1.56832,0.692332,-1.58878
-0.0637526,0.202158,0.031957;-1.53199,0.863332,-1.63495
-0.0609377,0.201463,0.0370379;-1.4244,1.12527,-1.69996
-0.0545406,0.208442,0.0307615;-1.56094,0.99436,-1.58032
-0.0553591,0.20888,0.0286764;-1.56833,0.827137,-1.56962
-0.0612739,0.207866,0.0287415;-1.56276,0.584584,-1.57417
-0.0591903,0.20799,0.0286824;-1.56696,0.680532,-1.57131
-0.0555161,0.20832,0.0289065;-1.56548,0.798796,-1.56271
-0.0481854,0.214956,0.0355608;-1.87976,1.10282,-1.29995
-0.0435899,0.21679,0.0363154;-1.87304,1.01924,-1.31519
-0.0502875,0.20901,0.0287298;-1.55638,0.888436,-1.57989
-0.0571677,0.208755,0.0286609;-1.56701,0.597682,-1.57206
-0.0534689,0.208187,0.0286784;-1.56762,0.76289,-1.57052
-0.0495477,0.208476,0.0287635;-1.57097,0.919401,-1.56193
-0.0479984,0.211631,0.0320422;-1.71883,1.26891,-1.42499
-0.0425733,0.212413,0.0354744;-1.46623,1.19342,-1.68016
-0.03203,0.213517,0.0308171;-1.56583,1.05331,-1.61359
-0.0195215,0.216136,0.0287574;-1.57043,0.802672,-1.57963
-0.0201562,0.216149,0.0286251;-1.57051,0.806107,-1.57319
-0.0192544,0.215569,0.0286233;-1.56996,0.889945,-1.5699
-0.0116205,0.219902,0.0321897;-1.62853,1.19981,-1.47792
-0.00629535,0.223089,0.0311429;-1.61117,1.21902,-1.5026
-0.00697501,0.22002,0.0287429;-1.57572,1.11892,-1.56067
-0.00192687,0.220372,0.0289325;-1.58975,0.753389,-1.56404
-0.000913522,0.220059,0.0286125;-1.57068,0.697572,-1.57246
-0.000281054,0.219652,0.0286499;-1.56624,0.780552,-1.57278
0.00857514,0.222754,0.0311873;-1.5885,1.06615,-1.5219
0.0130518,0.228107,0.0324798;-1.65342,1.18748,-1.45463
0.0189079,0.229724,0.030127;-1.60395,1.14823,-1.52093
0.0236009,0.23336,0.0290912;-1.56342,0.889673,-1.59528
0.0338186,0.234032,0.029433;-1.58346,0.777612,-1.57897
0.0316163,0.234058,0.0301319;-1.59319,0.805785,-1.57705
0.0206005,0.22913,0.0299747;-1.51202,1.07987,-1.62123
0.0247132,0.228718,0.0323987;-1.48602,1.25676,-1.62337
0.0316479,0.233145,0.0313314;-1.66435,1.31118,-1.44803
0.0244831,0.230115,0.0287083;-1.57155,1.05341,-1.56368
0.0231936,0.231434,0.0285863;-1.57141,0.904748,-1.57036
0.0240285,0.231474,0.0287332;-1.57856,0.857216,-1.56733
0.0193886,0.232232,0.0287539;-1.58103,1.10962,-1.55777
0.0248758,0.234462,0.0305731;-1.60475,1.28542,-1.51347
0.0286506,0.238485,0.0322752;-1.70051,1.41415,-1.40244
0.024278,0.234868,0.0287929;-1.56822,1.20908,-1.56394
0.0214187,0.236463,0.0285784;-1.57062,1.06707,-1.57079
0.0219373,0.237514,0.0285831;-1.57079,0.993231,-1.57093
0.0116191,0.234434,0.0306987;-1.5465,1.23725,-1.63163
0.0106821,0.231101,0.0344757;-1.07584,1.41396,-2.08421
0.0111134,0.230432,0.0349788;0.365159,1.46459,2.79603
0.0200938,0.232545,0.0287372;-1.51674,1.39024,-1.62605
0.019179,0.235062,0.0285798;-1.57098,1.2193,-1.57061
0.0169635,0.236114,0.0285915;-1.57188,1.09659,-1.56843
0.0201509,0.234114,0.0287298;-1.57092,1.26877,-1.56349
0.0237275,0.232922,0.029722;-1.69526,1.42682,-1.43953
0.0268668,0.232079,0.0353686;2.92354,1.43748,0.214045
0.0294866,0.230916,0.0288271;-1.49838,1.48399,-1.63313
0.0251191,0.233665,0.0286742;-1.56968,1.30467,-1.56768
0.0224596,0.235145,0.0287299;-1.55407,1.19187,-1.58527
0.0262308,0.233163,0.0286902;-1.57089,1.35638,-1.56548
0.0292392,0.231473,0.0287851;-1.49584,1.5111,-1.63999
0.0279725,0.231196,0.0308374;1.61791,1.4424,1.52492
0.0439236,0.227835,0.0363719;1.78415,1.40611,1.32234
0.0541012,0.223888,0.0294305;1.40512,1.53511,1.71269
0.0577113,0.225394,0.0287703;-1.57348,1.46737,-1.57739
0.0591042,0.228012,0.028595;-1.57108,1.34544,-1.57149
0.0608789,0.226575,0.0287113;-1.57391,1.43768,-1.56103
0.0666774,0.225603,0.0299858;1.40107,1.55956,1.76368
0.081452,0.224288,0.0344925;2.12923,1.34186,1.02102
0.0843829,0.221007,0.0322386;2.2442,1.44683,0.896963
0.0846573,0.219328,0.0286892;-1.58853,1.51173,-1.55797
0.0865024,0.219454,0.0286544;-1.56668,1.32519,-1.57216
0.088696,0.218001,0.0287727;-1.52584,1.42962,-1.61236
0.0923757,0.215848,0.0290036;-1.20578,1.55414,-1.9225
0.106875,0.218291,0.0318985;1.75453,1.29339,1.41526
0.112473,0.214715,0.0317048;1.91373,1.38265,1.22741
0.118259,0.210167,0.0295617;1.49586,1.53246,1.62217
0.133395,0.202841,0.0289566;-1.59648,1.39111,-1.55881
0.131735,0.203314,0.0287917;-1.56089,1.43424,-1.59026
0.129211,0.201679,0.0290265;-0.788978,1.55168,-2.3601
0.131257,0.202114,0.0317006;1.65761,1.23896,1.52236
0.133356,0.201406,0.0304564;1.61523,1.28901,1.55257
0.128471,0.201819,0.0287947;1.57089,1.42874,1.58091
0.13042,0.202459,0.0287924;-1.60096,1.42034,-1.54653
0.129019,0.203284,0.0285494;-1.55437,1.46797,-1.58729
0.130119,0.202464,0.0287612;1.51088,1.55703,1.63852
0.130119,0.202464,0.0287612;1.51088,1.55703,1.63852
0.134117,0.200708,0.0304535;1.60011,1.4103,1.569
0.134117,0.200708,0.0304535;1.60011,1.4103,1.569
