-0.125,0.125,0.06;-1.57,-2.98023e-08,-1.57
-0.125,0.125,0.06;-1.57,-2.98023e-08,-1.57
-0.125,0.125,0.06;-1.57,-2.98023e-08,-1.57
-0.126167,0.124006,0.028559;-1.57197,-0.298792,-1.57076
-0.126476,0.122454,0.0285666;-1.57233,-0.190209,-1.57282
-0.126454,0.117305,0.0301686;-1.57688,-0.021337,-1.59153
-0.123249,0.124908,0.0379082;-1.69153,0.0538676,-1.60991
-0.118887,0.134847,0.0288792;-1.57148,-0.196327,-1.58472
-0.117027,0.138278,0.0286868;-1.57439,-0.313749,-1.5736
-0.116929,0.138793,0.0285791;-1.57082,-0.35466,-1.57077
-0.11882,0.134105,0.0287558;-1.57069,-0.146994,-1.57889
-0.11908,0.128106,0.0307427;-1.581,0.0113877,-1.59851
-0.11572,0.130395,0.0383417;-1.61733,0.195778,-1.60585
-0.111609,0.14492,0.0393318;-1.72842,0.0658986,-1.60247
-0.108617,0.149192,0.0337596;-1.65653,-0.0511674,-1.59581
-0.105668,0.152552,0.0290908;-1.58851,-0.18356,-1.58131
-0.107495,0.149605,0.0285815;-1.57088,-0.0846872,-1.57062
-0.10806,0.146468,0.0288163;-1.57646,0.0598052,-1.57706
-0.105837,0.141777,0.0330542;-1.55886,0.23895,-1.59377
-0.0979621,0.161259,0.040454;-1.71949,0.267596,-1.59615
-0.0961777,0.167438,0.0387206;-1.72352,0.156226,-1.58562
-0.091547,0.170243,0.02899;-1.57273,0.0245908,-1.58791
-0.089948,0.172823,0.0285788;-1.57085,-0.0789086,-1.57078
-0.0910883,0.170487,0.0286154;-1.57121,0.0510286,-1.5718
-0.0919369,0.166122,0.0294499;-1.58383,0.22823,-1.57973
-0.0879856,0.168074,0.0330085;-1.56075,0.325493,-1.60845
-0.081135,0.179285,0.0337731;-1.61814,0.218374,-1.60505
-0.0694232,0.194457,0.0292515;-1.59488,-0.0244023,-1.57987
-0.0693354,0.194688,0.0290833;-1.5908,-0.0296264,-1.57583
-0.071063,0.191968,0.0285823;-1.57004,0.0682117,-1.57163
-0.073937,0.18521,0.0313084;-1.5794,0.398817,-1.58908
-0.0693736,0.189713,0.0387984;-1.62505,0.508465,-1.58575
-0.0608098,0.203025,0.0386013;-1.68986,0.422518,-1.58523
-0.0467128,0.21262,0.0326164;-1.6217,0.175369,-1.59545
-0.0411014,0.218342,0.0292415;-1.59783,0.0787163,-1.57397
-0.0434151,0.216506,0.0291583;-1.59436,0.135337,-1.57248
-0.0496776,0.210754,0.0288592;-1.57826,0.441727,-1.57467
-0.0467408,0.210804,0.0330778;-1.57733,0.626823,-1.585
-0.0374978,0.221628,0.0382257;-1.65217,0.63892,-1.57677
-0.0208848,0.232055,0.0335844;-1.64648,0.375932,-1.57812
-0.014165,0.236704,0.0308926;-1.61438,0.279483,-1.57598
-0.0132447,0.237623,0.0291779;-1.59566,0.270736,-1.56927
-0.0205857,0.233265,0.0288009;-1.5736,0.560151,-1.57775
-0.0207303,0.230953,0.0309245;-1.56833,0.742309,-1.59471
-0.0144944,0.234723,0.0385531;-1.66346,0.877231,-1.54363
0.00341851,0.24511,0.0348211;-1.67003,0.628825,-1.55034
0.0124856,0.246541,0.0318106;-1.63187,0.516896,-1.56336
0.018593,0.249532,0.0304768;-1.61949,0.444588,-1.55819
0.00710144,0.246105,0.0289052;-1.57265,0.683338,-1.58407
0.00428936,0.24317,0.0298682;-1.56867,0.859117,-1.58537
0.00746752,0.243272,0.0332351;-1.58564,1.04816,-1.56991
0.0324572,0.256722,0.0326246;-1.60566,0.868754,-1.5906
0.0426845,0.257355,0.0310595;-1.58005,0.74733,-1.60388
0.0536411,0.257461,0.0311009;-1.62651,0.64476,-1.55639
0.0409734,0.256757,0.0307183;-1.64331,0.793805,-1.52256
0.0307403,0.253296,0.0307842;-1.60849,0.944419,-1.55251
0.0317595,0.25212,0.0319288;-1.57785,1.12668,-1.56795
0.0639339,0.264091,0.0340261;-1.62181,1.01144,-1.58402
0.0725728,0.264331,0.0323536;-1.56788,0.892524,-1.63276
0.0825655,0.26384,0.0324737;-1.61894,0.787581,-1.57989
0.0743539,0.264317,0.0306204;-1.64472,0.884531,-1.51962
0.0679564,0.263426,0.0318516;-1.68753,1.00877,-1.47224
0.0670142,0.262027,0.0325536;-1.68179,1.1892,-1.47418
0.0895739,0.269345,0.0341659;-1.66156,1.20725,-1.52797
0.0963028,0.270495,0.032448;-1.6005,1.07458,-1.58915
0.105566,0.269888,0.0306855;-1.58032,0.951578,-1.59806
0.107912,0.268304,0.0312532;-1.66351,0.924681,-1.50767
0.103246,0.26946,0.0342666;-1.79759,1.03671,-1.37737
0.0994791,0.269389,0.0353737;-1.79057,1.21006,-1.38833
0.113106,0.272543,0.0363743;-1.97311,1.41635,-1.20987
0.121194,0.27463,0.0353855;-1.79685,1.28773,-1.38873
0.127056,0.273512,0.0301293;-1.55444,1.16441,-1.62024
0.142113,0.269965,0.0302141;-1.63843,1.00602,-1.52567
0.136115,0.272463,0.0325349;-1.75825,1.09595,-1.4068
0.122931,0.274522,0.0319927;-1.70494,1.22072,-1.46322
0.121239,0.272001,0.0353025;-2.80455,1.54156,-0.357514
0.138721,0.275907,0.0373255;-2.36152,1.45895,-0.819919
0.153491,0.276912,0.0322825;-1.70392,1.38542,-1.4731
0.171292,0.270389,0.0295469;-1.63382,1.16365,-1.52315
0.165924,0.272011,0.0314357;-1.75353,1.23778,-1.40722
0.15706,0.274599,0.0342551;-2.04428,1.3152,-1.11558
0.149617,0.276588,0.0380153;2.24842,1.44645,0.860593
0.163227,0.27511,0.0367641;2.42425,1.49311,0.677951
0.177553,0.272486,0.0303316;-1.34749,1.53409,-1.82277
0.194522,0.269406,0.029225;-1.62573,1.29444,-1.53104
0.189553,0.270489,0.0292623;-1.67456,1.36071,-1.48007
0.180803,0.272702,0.0329455;-2.23896,1.42769,-0.917057
0.17583,0.276757,0.0390024;2.09574,1.3495,1.02193
0.188101,0.275102,0.0373047;2.04636,1.4097,1.06282
0.202446,0.270518,0.0306423;1.41573,1.5085,1.69206
0.219133,0.265942,0.0291258;-1.6351,1.39048,-1.52107
0.214183,0.267735,0.0294927;-1.73213,1.4605,-1.42518
0.20598,0.270475,0.0311669;-2.54881,1.50884,-0.606081
0.202499,0.272207,0.0394051;2.02544,1.30172,1.09014
0.213595,0.269568,0.0398503;2.07375,1.33634,1.02965
0.223661,0.266883,0.0357543;1.79494,1.35388,1.30111
0.235686,0.266176,0.0288548;-1.6502,1.56028,-1.5034
0.23774,0.263985,0.0291457;-1.74778,1.46502,-1.40357
0.231578,0.266548,0.0302076;-2.58785,1.52284,-0.562556
0.2231,0.270962,0.0352429;2.32615,1.43371,0.788915
0.23058,0.26964,0.0404015;1.83249,1.18402,1.26847
0.24567,0.263121,0.036419;1.66982,1.25676,1.41751
0.256777,0.260652,0.0306211;1.50603,1.34612,1.59984
0.267326,0.259051,0.0288532;1.57976,1.55369,1.5485
0.265207,0.260304,0.0290777;1.69894,1.49371,1.42886
0.256267,0.265337,0.0308788;1.7989,1.3839,1.33103
0.251163,0.268638,0.040331;1.80872,1.07561,1.30407
0.262916,0.262807,0.0389047;1.74862,1.13075,1.34828
0.27459,0.256124,0.0320974;1.51328,1.20404,1.57382
0.286893,0.256888,0.0289533;1.51583,1.45246,1.61386
0.286112,0.257524,0.0288129;1.57368,1.42424,1.55738
0.282399,0.259777,0.0292212;1.68147,1.31236,1.46249
0.27168,0.265678,0.0403078;1.79127,1.01162,1.32239
0.284123,0.260023,0.0411198;1.82559,1.0496,1.27869
0.295345,0.250972,0.0335423;1.5935,1.1268,1.48791
0.309405,0.246702,0.0289616;1.53806,1.32977,1.59201
0.309133,0.247018,0.0287282;1.57373,1.32246,1.56002
0.306439,0.249223,0.0287858;1.58631,1.23076,1.55157
0.290882,0.257896,0.0392579;1.77738,0.971666,1.34785
0.296835,0.253156,0.0419161;1.80071,0.966367,1.30819
0.30785,0.244329,0.0377929;1.71815,1.04154,1.37307
0.325858,0.235982,0.0291874;1.5578,1.23091,1.56878
0.32782,0.236272,0.0289638;1.53057,1.2956,1.60215
0.326713,0.236708,0.0286512;1.57136,1.24977,1.56639
0.313615,0.246468,0.0340036;1.71817,0.999887,1.42593
0.309072,0.246604,0.0384255;1.67366,0.893471,1.43688
0.319672,0.236714,0.0408198;1.73563,0.942196,1.36099
0.341867,0.221828,0.0321203;1.5484,1.08731,1.538
0.348613,0.218232,0.0289007;1.56487,1.20746,1.56273
0.348906,0.218853,0.0287993;1.55943,1.22006,1.57484
0.342178,0.224298,0.0299782;1.64334,1.01984,1.50676
0.336026,0.227496,0.0357874;1.67655,0.847808,1.45819
0.341342,0.219254,0.0396205;1.70554,0.82443,1.40595
0.357822,0.202668,0.0332664;1.5404,0.966262,1.52904
0.366338,0.199252,0.031065;1.54589,1.07007,1.55802
0.370627,0.197921,0.0289078;1.55714,1.14999,1.57317
0.367485,0.20021,0.0286107;1.57355,0.985867,1.56897
0.363512,0.205301,0.0329051;1.69519,0.845068,1.46379
0.356893,0.209557,0.0385796;1.71371,0.742267,1.42452
0.370183,0.189621,0.0371992;1.66482,0.905558,1.41798
0.377506,0.184907,0.0332309;1.55034,0.992226,1.52304
0.384922,0.179179,0.0289073;1.57595,1.10815,1.55324
0.382735,0.179732,0.0286144;1.57485,1.02327,1.5717
0.381291,0.182768,0.0307985;1.6503,0.906088,1.50384
0.369885,0.191161,0.0365706;1.69424,0.777309,1.4492
0.379856,0.172101,0.0357827;1.58439,0.943563,1.47755
0.389871,0.164263,0.033938;1.56188,1.0227,1.50204
0.399259,0.156848,0.0316753;1.55942,1.12382,1.53698
0.398962,0.156692,0.0286166;1.56962,1.06116,1.57363
0.397631,0.158879,0.0296516;1.62105,0.966817,1.53426
0.387164,0.166652,0.0341398;1.70028,0.833762,1.45978
0.398551,0.150424,0.0357521;1.63611,0.963654,1.44687
0.40297,0.142062,0.0346855;1.55242,1.04493,1.49673
0.412285,0.136915,0.0358419;1.56634,1.13659,1.4899
0.415669,0.13768,0.0288034;1.57026,1.16188,1.56067
0.413761,0.139252,0.0287342;1.57172,1.06227,1.57975
0.411421,0.142945,0.0303664;1.63579,0.942768,1.52689
0.408559,0.138692,0.0347869;1.57566,0.960938,1.51538
0.417927,0.127624,0.0338498;1.54186,1.04582,1.51823
0.422822,0.119043,0.0350885;1.57446,1.12692,1.47954
0.433216,0.115427,0.0302675;1.58894,1.23299,1.52612
0.431251,0.11832,0.028679;1.57121,1.15068,1.5658
0.430019,0.120615,0.0290508;1.58144,1.03152,1.57103
0.420836,0.123761,0.0342617;1.59531,0.942905,1.51482
0.428661,0.114786,0.0348851;1.55409,1.02805,1.51869
0.435544,0.103288,0.0344165;1.56183,1.11246,1.49197
0.450131,0.0941319,0.032462;1.60878,1.26301,1.48357
0.449236,0.0959965,0.02893;1.57673,1.21449,1.55074
0.447028,0.0989854,0.0286856;1.57234,1.09021,1.57538
0.438831,0.106061,0.0337316;1.64975,0.887773,1.49218
0.438653,0.10244,0.0334282;1.51247,0.981662,1.56775
0.446503,0.0929158,0.0341909;1.51473,1.07907,1.54689
0.46159,0.0756716,0.0342905;1.6269,1.28508,1.44567
0.461188,0.0784232,0.0314399;1.60516,1.25416,1.49785
0.456098,0.0843272,0.0291649;1.62488,1.15587,1.51441
0.444521,0.094663,0.0302475;1.58151,0.89517,1.56663
0.446019,0.0925812,0.0314886;1.53079,0.982001,1.57658
0.45565,0.083231,0.0323709;1.52596,1.08033,1.55579
0.467276,0.0667545,0.0356147;1.59322,1.27387,1.46404
0.469728,0.0677043,0.033376;1.60811,1.25617,1.47299
0.463782,0.074952,0.0300922;1.6504,1.16765,1.48602
0.463782,0.074952,0.0300922;1.6504,1.16765,1.48602
0.45587,0.0831869,0.0303292;1.65704,1.07199,1.497
0.45587,0.0831869,0.0303292;1.65704,1.07199,1.497
