-0.125,0.125,0.06;-1.57,-2.98023e-08,-1.57
-0.125,0.125,0.06;-1.57,-2.98023e-08,-1.57
-0.125,0.125,0.06;-1.57,-2.98023e-08,-1.57
-0.126711,0.121937,0.028503;-1.57335,-0.311323,-1.56972
-0.126156,0.122542,0.0285196;-1.5732,-0.197354,-1.5703
-0.125858,0.117553,0.0290926;-1.57826,-0.0258543,-1.57678
-0.121954,0.112177,0.0359039;-1.54237,0.0858908,-1.60991
-0.124935,0.121499,0.0288788;-1.57065,-0.180718,-1.58532
-0.12323,0.125509,0.0285602;-1.57143,-0.310856,-1.56963
-0.123106,0.125492,0.0285797;-1.57068,-0.329539,-1.57062
-0.121756,0.126187,0.0286832;-1.57097,-0.150328,-1.56567
-0.121762,0.13036,0.0290855;-1.57518,-0.00180051,-1.56043
-0.122634,0.137027,0.0311032;-1.61114,0.192552,-1.55824
-0.118838,0.141812,0.0332209;-1.58189,0.0584549,-1.62826
-0.120883,0.142842,0.0302902;-1.56348,-0.0721397,-1.60551
-0.120765,0.151006,0.0290474;-1.58103,-0.199833,-1.58498
-0.120597,0.150259,0.028684;-1.57084,-0.133646,-1.56581
-0.120369,0.152734,0.0288793;-1.57265,-0.0482785,-1.55832
-0.122272,0.162117,0.0309473;-1.59002,0.121889,-1.53837
-0.122126,0.170128,0.0312968;-1.58894,0.227885,-1.57589
-0.120229,0.174347,0.0320825;-1.57784,0.0883008,-1.59974
-0.1197,0.179379,0.0306737;-1.56511,-0.0540969,-1.60955
-0.119552,0.185608,0.0286395;-1.57124,-0.163725,-1.57352
-0.117322,0.187904,0.0287767;-1.56931,-0.0357572,-1.56288
-0.1157,0.193816,0.0294516;-1.57497,0.0989786,-1.55387
-0.116847,0.202189,0.0308309;-1.5966,0.215693,-1.54446
-0.11469,0.203231,0.0289039;-1.57018,0.161197,-1.57789
-0.110536,0.218546,0.03076;-1.58267,-0.0937025,-1.60354
-0.107993,0.221808,0.0295461;-1.59372,-0.121411,-1.58379
-0.111263,0.217149,0.0287896;-1.57066,-0.0129848,-1.58073
-0.110825,0.224508,0.0299373;-1.58118,0.306675,-1.54775
-0.111817,0.235726,0.0332057;-1.65065,0.429588,-1.5166
-0.105556,0.241456,0.0296693;-1.58197,0.35851,-1.56695
-0.104708,0.250623,0.0301911;-1.5653,0.142213,-1.60187
-0.0977242,0.259081,0.0297478;-1.57784,0.0228977,-1.59304
-0.0990506,0.257252,0.0295397;-1.58646,0.0543379,-1.58442
-0.105394,0.245946,0.0289861;-1.58149,0.36229,-1.56164
-0.101718,0.255559,0.0324822;-1.63518,0.540069,-1.5193
-0.0976528,0.264263,0.0329875;-1.6568,0.592203,-1.50832
-0.0971034,0.264805,0.0290352;-1.56031,0.300369,-1.58741
-0.0973692,0.268512,0.0288854;-1.56686,0.181701,-1.58313
-0.0968626,0.269307,0.0292959;-1.5712,0.158902,-1.58801
-0.101756,0.25729,0.0301966;-1.56734,0.37143,-1.59806
-0.0983229,0.257342,0.0302003;-1.60081,0.573352,-1.55068
-0.0933394,0.266768,0.0350272;-1.70313,0.728502,-1.47477
-0.0844502,0.273227,0.0287754;-1.5702,0.473902,-1.58002
-0.0854486,0.276823,0.0289781;-1.56496,0.34346,-1.58688
-0.0845714,0.279568,0.0289376;-1.56616,0.25956,-1.58519
-0.0851506,0.274141,0.0290615;-1.5611,0.401043,-1.58853
-0.0843529,0.268797,0.0296986;-1.565,0.577436,-1.57987
-0.0785758,0.270184,0.0324499;-1.64748,0.761724,-1.50899
-0.0581365,0.289189,0.028963;-1.5747,0.624429,-1.58344
-0.0563567,0.292857,0.0288263;-1.57037,0.530826,-1.58275
-0.0529033,0.294895,0.0288015;-1.57152,0.412787,-1.58022
-0.0535919,0.290118,0.0289707;-1.55769,0.561332,-1.5851
-0.0540345,0.288818,0.0292688;-1.56014,0.688867,-1.57282
-0.0541838,0.289412,0.0304466;-1.59888,0.87329,-1.53119
-0.0306433,0.3047,0.0346473;-1.67328,0.753586,-1.53473
-0.028926,0.308634,0.0315001;-1.56392,0.615085,-1.62536
-0.0229865,0.314281,0.0289792;-1.5795,0.504946,-1.57789
-0.0249681,0.311031,0.0289501;-1.55714,0.628512,-1.58536
-0.0252477,0.308047,0.0292187;-1.55366,0.757097,-1.58393
-0.0282344,0.304871,0.0299569;-1.54569,0.944815,-1.58225
-0.013102,0.31337,0.03308;-1.63935,0.965616,-1.53767
-0.00606312,0.31925,0.0334863;-1.66543,0.843528,-1.52573
-0.00135441,0.322743,0.0305695;-1.57769,0.735502,-1.60004
0.00259849,0.325198,0.0287281;-1.57055,0.677066,-1.57796
0.00152968,0.322151,0.028928;-1.5555,0.810718,-1.58782
0.000282537,0.318419,0.0296401;-1.54875,0.986531,-1.58925
0.00442927,0.323004,0.0317158;-1.67874,1.20197,-1.46108
0.0123777,0.326297,0.0328388;-1.68422,1.08458,-1.48159
0.0203004,0.328388,0.0302895;-1.58399,0.96646,-1.58834
0.0348905,0.333153,0.0291716;-1.59435,0.785668,-1.56589
0.0312123,0.332519,0.0287795;-1.57059,0.880917,-1.58033
0.0282608,0.329645,0.0287432;-1.55589,1.02192,-1.58314
0.0276122,0.329853,0.0320605;-1.6147,1.34746,-1.50542
0.0373004,0.331147,0.0298048;-1.52542,1.28823,-1.62023
0.049224,0.333038,0.0303518;-1.55372,1.18418,-1.61785
0.0699166,0.335236,0.0293558;-1.59598,0.946728,-1.56426
0.0671366,0.335383,0.029039;-1.58765,1.0322,-1.56961
0.0628686,0.33554,0.0287343;-1.57047,1.15794,-1.57847
0.0592724,0.328346,0.0329624;-1.09267,1.45842,-2.02685
0.0715366,0.325826,0.0323676;-1.17363,1.41454,-1.96205
0.0853558,0.326225,0.0299938;-1.55437,1.33986,-1.61656
0.0980136,0.327879,0.0288345;-1.57767,1.09141,-1.57349
0.0953301,0.327774,0.0286644;-1.56909,1.17625,-1.57698
0.0932987,0.328,0.0289426;-1.62993,1.27889,-1.51513
0.0931844,0.326338,0.0310694;0.322274,1.55612,2.84927
0.0999006,0.322634,0.0331915;-0.508413,1.47857,-2.62779
0.109316,0.319175,0.0338332;-0.907431,1.46337,-2.26679
0.125799,0.326205,0.0289063;-1.56352,1.27018,-1.59173
0.12608,0.326028,0.0285704;-1.57082,1.28436,-1.57043
0.12699,0.325487,0.0289526;-1.53856,1.33505,-1.59173
0.127606,0.32375,0.031664;2.25487,1.52871,0.912981
0.123779,0.321108,0.0331248;0.249092,1.48934,2.8932
0.126757,0.319519,0.0344507;0.279653,1.47707,2.84797
0.138833,0.319252,0.0368334;-0.797365,1.45212,-2.41245
0.156435,0.320666,0.0288006;-1.57549,1.28341,-1.57517
0.155829,0.319406,0.0289044;-1.49095,1.36915,-1.64843
0.159832,0.317477,0.0292171;-1.47422,1.48143,-1.64996
0.147722,0.312699,0.0381153;0.894708,1.31932,2.25041
0.152372,0.307792,0.0401126;0.625817,1.32614,2.48871
0.161335,0.303418,0.0405948;0.490404,1.37277,2.58459
0.177984,0.306762,0.0399667;-0.82526,1.42182,-2.40537
0.182753,0.310143,0.0346138;-1.17744,1.41809,-2.00816
0.180184,0.312411,0.0309314;-1.00898,1.47312,-2.1334
0.177031,0.311862,0.0375175;1.12347,1.31019,2.04967
0.176969,0.306838,0.040404;0.725273,1.27932,2.3982
0.186858,0.302794,0.0435601;0.450299,1.32705,2.61402
0.208854,0.2931,0.0425594;-0.625656,1.4287,-2.61711
0.205021,0.296943,0.0438481;-0.617181,1.35477,-2.60339
0.20163,0.299979,0.040766;-0.486815,1.3604,-2.68784
0.202119,0.302051,0.0377683;1.12248,1.39805,2.07695
0.204772,0.300509,0.0365695;0.883678,1.38893,2.28582
0.209844,0.298471,0.0389686;0.385606,1.38199,2.73095
0.233722,0.282975,0.0392581;-1.35857,1.40378,-1.88221
0.227803,0.281943,0.0407403;-1.07617,1.37513,-2.15404
0.218024,0.287251,0.0422734;-0.658317,1.3231,-2.52661
0.208171,0.295595,0.0403407;0.197213,1.40583,2.9915
0.213396,0.293433,0.0374934;0.794035,1.43791,2.40146
0.220783,0.289819,0.0342995;0.773316,1.46274,2.3959
0.236244,0.280027,0.0385172;-1.00672,1.45613,-2.20922
0.234072,0.275837,0.0401393;-1.31076,1.3498,-1.92356
0.226089,0.279463,0.0399087;-0.968998,1.36138,-2.24045
0.209185,0.288789,0.0388202;-0.288276,1.40091,-2.81884
0.212121,0.288457,0.0369934;1.03791,1.45697,2.1759
0.217068,0.285115,0.0353758;1.04554,1.456,2.15174
0.229222,0.279886,0.0333474;0.557349,1.45811,2.57716
0.230127,0.275735,0.0356469;-1.03355,1.41979,-2.14111
0.227676,0.275349,0.0352241;-1.286,1.39397,-1.90424
0.206365,0.284358,0.0379543;0.180806,1.3791,2.96375
0.210317,0.283014,0.0395823;0.867014,1.36724,2.32665
0.216086,0.281105,0.0360968;1.43782,1.3373,1.77396
0.229492,0.273656,0.0312555;1.22187,1.42472,1.9271
0.225702,0.270397,0.0351011;0.0447561,1.46316,3.08274
0.223788,0.270012,0.0361202;-0.884591,1.40575,-2.28379
0.204811,0.276986,0.03842;0.273535,1.41021,2.83196
0.193478,0.275141,0.0416266;0.606262,1.26269,2.52195
0.194385,0.273209,0.044234;0.866144,1.19875,2.29868
0.201417,0.270824,0.0417097;0.733159,1.22225,2.38737
0.212484,0.264959,0.0377786;0.81859,1.32082,2.29812
0.215731,0.253706,0.0377452;-0.0506481,1.44776,-3.12835
0.201554,0.256187,0.0383588;0.471417,1.398,2.62935
0.18541,0.256723,0.0422499;0.642222,1.22347,2.46893
0.184995,0.249564,0.0441442;0.89461,1.14353,2.2454
0.187911,0.250078,0.0452758;0.622105,1.15351,2.48008
0.200364,0.249701,0.0452688;0.453465,1.23082,2.64197
0.213535,0.241968,0.0410354;0.0195258,1.39694,3.08409
0.209712,0.238865,0.0352994;0.222893,1.44802,2.90447
0.19433,0.242714,0.0397308;0.62544,1.29286,2.50398
0.192069,0.239731,0.0432613;0.736963,1.21487,2.40609
0.195553,0.236345,0.0458234;0.533787,1.1985,2.55948
0.208324,0.237643,0.0457272;0.41424,1.26922,2.6538
0.229025,0.234384,0.043617;-0.0426666,1.40129,3.1155
0.232991,0.230835,0.0314079;-1.02574,1.45228,-2.11482
0.228648,0.233358,0.0345274;-0.0187449,1.45909,-3.11601
0.222512,0.236988,0.0397;0.522048,1.35403,2.63455
0.223886,0.230871,0.0414856;0.627122,1.27322,2.5071
0.229766,0.232524,0.0446589;0.276966,1.28608,2.81718
0.247176,0.234827,0.044076;-0.0477989,1.37275,3.1211
0.265057,0.226729,0.031186;-1.43063,1.3706,-1.72874
0.261243,0.22808,0.0312786;-1.13111,1.44232,-2.00917
0.25021,0.232802,0.0370517;0.0427122,1.40804,3.10405
0.250469,0.22865,0.0401178;0.586281,1.34648,2.57803
0.252426,0.227185,0.0424509;0.224504,1.30289,2.90332
0.261636,0.227484,0.0443401;-0.0599776,1.33936,3.13221
0.287764,0.220926,0.0399682;-1.36626,1.32197,-1.87211
0.281464,0.226243,0.0364765;-1.19671,1.3668,-2.00093
0.268708,0.231752,0.0344769;-0.686885,1.43329,-2.45725
0.263632,0.229766,0.0380671;0.483924,1.43282,2.6987
0.263552,0.226495,0.0384773;0.142924,1.37876,3.00097
0.268137,0.226271,0.0424621;-0.14418,1.3382,-3.03404
0.298199,0.222516,0.0415936;-1.32829,1.32442,-1.92942
0.296009,0.225472,0.0375912;-1.4167,1.31003,-1.81657
0.284226,0.232941,0.0334405;-1.23298,1.39532,-1.94283
0.267415,0.23038,0.0379883;0.152932,1.44424,3.02623
0.268507,0.225576,0.0369917;-0.018432,1.41347,-3.1162
0.271894,0.224132,0.0395935;-0.154958,1.37335,-3.00415
0.291877,0.223751,0.0402501;-1.09107,1.39318,-2.15128
0.293188,0.221276,0.0410016;-1.23373,1.33948,-2.02527
0.289258,0.223837,0.0383244;-1.3357,1.35344,-1.90056
0.289258,0.223837,0.0383244;-1.3357,1.35344,-1.90056
0.273757,0.230162,0.0382158;-1.17909,1.43815,-1.99379
0.273757,0.230162,0.0382158;-1.17909,1.43815,-1.99379
