-0.125,0.125,0.06;-1.57,-2.98023e-08,-1.57
-0.125,0.125,0.06;-1.57,-2.98023e-08,-1.57
-0.125,0.125,0.06;-1.57,-2.98023e-08,-1.57
-0.125501,0.125152,0.028594;-1.57067,-0.304321,-1.56998
-0.124397,0.125095,0.0285711;-1.57054,-0.19165,-1.57019
-0.12389,0.128568,0.0292531;-1.59585,-0.0371114,-1.57314
-0.123526,0.130478,0.0353561;-1.70445,0.0506026,-1.57201
-0.122219,0.131801,0.02859;-1.56978,-0.18291,-1.5736
-0.122229,0.132605,0.0286018;-1.57072,-0.287414,-1.5693
-0.122386,0.132392,0.0285807;-1.57064,-0.31824,-1.57084
-0.123367,0.129998,0.0285637;-1.57056,-0.105861,-1.57017
-0.124491,0.127168,0.0293288;-1.595,0.0599413,-1.57322
-0.122841,0.12799,0.0344069;-1.68026,0.221362,-1.5585
-0.12083,0.133661,0.0317324;-1.63886,0.130148,-1.56852
-0.120253,0.134793,0.0287591;-1.57219,-0.00214386,-1.58315
-0.118876,0.138155,0.0285202;-1.57356,-0.147355,-1.57112
-0.119143,0.135711,0.0288929;-1.57053,-0.0420217,-1.58575
-0.118756,0.130366,0.0304395;-1.57187,0.0899573,-1.60112
-0.116632,0.128014,0.0341776;-1.56495,0.268434,-1.60167
-0.112599,0.146017,0.0408204;-1.73263,0.294299,-1.58375
-0.109957,0.145548,0.0359439;-1.65568,0.169496,-1.60161
-0.108774,0.146622,0.030074;-1.56405,0.0540139,-1.60329
-0.108355,0.151682,0.028852;-1.57103,-0.0237185,-1.58376
-0.109064,0.14732,0.0293597;-1.5683,0.0620195,-1.59337
-0.107256,0.141144,0.0322581;-1.55101,0.237355,-1.61496
-0.10133,0.144707,0.0332088;-1.57705,0.342162,-1.60742
-0.0977961,0.15683,0.0324471;-1.62457,0.238216,-1.58122
-0.0942418,0.162691,0.0285635;-1.56982,-0.030983,-1.57113
-0.0943475,0.162749,0.02858;-1.57073,-0.037719,-1.57074
-0.0937914,0.161249,0.0285791;-1.57086,0.0744726,-1.57073
-0.0901522,0.158238,0.0308051;-1.62103,0.405441,-1.55421
-0.0837708,0.165802,0.0379795;-1.75697,0.515934,-1.49811
-0.0803858,0.174253,0.0384898;-1.77657,0.432577,-1.49624
-0.0783485,0.177287,0.0286926;-1.57085,0.156061,-1.57667
-0.0784193,0.177842,0.0286407;-1.56774,0.0588405,-1.57096
-0.0780044,0.177769,0.0285993;-1.57069,0.112114,-1.56967
-0.0763142,0.174413,0.028955;-1.58837,0.404439,-1.56646
-0.0713068,0.17526,0.0340363;-1.68411,0.586911,-1.51308
-0.0646204,0.184362,0.0381567;-1.76661,0.591667,-1.48103
-0.0634456,0.189697,0.0286027;-1.57361,0.326643,-1.57653
-0.0638858,0.192429,0.028568;-1.57116,0.193165,-1.57009
-0.0641754,0.192117,0.0286255;-1.56867,0.16427,-1.57085
-0.0641426,0.187443,0.0288015;-1.57321,0.438308,-1.57833
-0.0627827,0.182106,0.031487;-1.57945,0.615969,-1.58641
-0.0572796,0.188301,0.0386877;-1.71507,0.752325,-1.51733
-0.0473092,0.197187,0.0295719;-1.56125,0.496965,-1.60343
-0.045939,0.202242,0.0289287;-1.56748,0.382248,-1.58624
-0.0443339,0.204302,0.0288478;-1.56612,0.298303,-1.58048
-0.0518775,0.194698,0.0313016;-1.55601,0.508631,-1.61979
-0.0508818,0.189777,0.0336094;-1.53425,0.694796,-1.64551
-0.0461416,0.195221,0.0390778;-1.69898,0.869959,-1.53
-0.0362726,0.205682,0.0304703;-1.57029,0.624285,-1.60427
-0.03575,0.209505,0.0288068;-1.57139,0.498541,-1.58195
-0.0324425,0.211245,0.0286114;-1.57074,0.37341,-1.57221
-0.0372491,0.207313,0.0286526;-1.57077,0.600279,-1.57401
-0.0381278,0.205,0.0297855;-1.6116,0.772756,-1.5444
-0.0334676,0.205461,0.0371353;-1.80705,0.927015,-1.39312
-0.0234006,0.213172,0.0320736;-1.65688,0.770239,-1.5244
-0.0214814,0.214727,0.0288676;-1.57074,0.648483,-1.58488
-0.0184107,0.216363,0.0286151;-1.57045,0.528507,-1.57316
-0.0186962,0.214943,0.0286384;-1.57089,0.639482,-1.56805
-0.0169392,0.215694,0.0289129;-1.58694,0.782856,-1.55504
-0.0131,0.216634,0.0333371;-1.71723,0.94764,-1.4498
0.00145841,0.222847,0.0375869;-1.80018,0.917945,-1.41457
0.00348183,0.225672,0.032761;-1.67665,0.806227,-1.50779
0.00550186,0.227125,0.0288207;-1.57277,0.680924,-1.58045
0.00578798,0.227454,0.0285797;-1.57074,0.65545,-1.57083
0.00874377,0.227277,0.0286293;-1.56901,0.785044,-1.57042
0.012908,0.227225,0.0291842;-1.59465,0.953862,-1.54792
0.0295704,0.23194,0.0399905;-1.91857,1.11723,-1.29595
0.0358039,0.236103,0.0399771;-1.86391,1.01956,-1.35742
0.0370974,0.236124,0.0297265;-1.56189,0.892284,-1.60596
0.044014,0.240816,0.0287411;-1.56857,0.736982,-1.57832
0.0403546,0.239005,0.0290834;-1.57032,0.82448,-1.58853
0.0335968,0.233728,0.0321359;-1.53292,0.981248,-1.64582
0.0445205,0.236439,0.0423437;-2.05728,1.30901,-1.1698
0.0570788,0.244217,0.0434854;-2.07736,1.19625,-1.15333
0.0579619,0.240012,0.0326364;-1.64144,1.06335,-1.54452
0.0595108,0.24255,0.0287101;-1.5705,0.80652,-1.57695
0.0572957,0.242209,0.0288332;-1.5706,0.886971,-1.58293
0.0517449,0.238484,0.0294551;-1.57488,1.03369,-1.58639
0.0576564,0.235613,0.0397026;-2.25355,1.34937,-0.935643
0.065939,0.24126,0.0407672;-2.26938,1.24519,-0.915209
0.0668839,0.243775,0.0306444;-1.69298,1.18303,-1.46394
0.0689747,0.246556,0.0285933;-1.57114,0.896151,-1.56959
0.0671624,0.245423,0.028633;-1.57034,0.990453,-1.57363
0.0661115,0.244208,0.0286368;-1.57268,1.11159,-1.56629
0.0722503,0.243011,0.0383022;-2.52349,1.37456,-0.636744
0.0813412,0.244061,0.0395499;-2.42437,1.31777,-0.745882
0.0879073,0.243635,0.0331293;-1.80153,1.28069,-1.37248
0.0965363,0.244111,0.0286352;-1.56971,1.05452,-1.57504
0.0958671,0.2432,0.0285763;-1.57005,1.11641,-1.571
0.0965366,0.242472,0.0287036;-1.57109,1.18435,-1.56454
0.10352,0.240184,0.0330352;-2.33408,1.46168,-0.804436
0.117629,0.238028,0.0375695;-2.48845,1.38598,-0.677686
0.123169,0.23729,0.0377548;-2.30203,1.37834,-0.884175
0.130854,0.24029,0.0289735;-1.58647,1.18124,-1.56882
0.13454,0.239457,0.0285802;-1.57097,1.09213,-1.57051
0.131814,0.238318,0.0289041;-1.56676,1.22644,-1.58959
0.126939,0.235238,0.0304054;-1.54757,1.39485,-1.61918
0.140908,0.232153,0.0410938;2.38177,1.41755,0.700276
0.152858,0.233171,0.0412184;3.05701,1.43289,0.0268577
0.152922,0.231422,0.0310869;-1.4818,1.42561,-1.70822
0.163427,0.23181,0.0287417;-1.56778,1.23288,-1.58046
0.159891,0.232869,0.0290379;-1.59012,1.31004,-1.56776
0.150158,0.232504,0.0307812;-1.48992,1.4617,-1.68637
0.159488,0.227424,0.0407579;2.03392,1.27981,1.07412
0.174395,0.227316,0.0415705;2.28882,1.31198,0.821345
0.180232,0.226962,0.0331575;2.57713,1.48853,0.543915
0.18573,0.224665,0.0285723;-1.57094,1.37914,-1.57049
0.185088,0.224555,0.0285777;-1.57117,1.44003,-1.57046
0.182809,0.223195,0.0286363;1.9216,1.56277,1.21998
0.185199,0.216534,0.0370975;1.93535,1.17245,1.22361
0.199751,0.209496,0.0405385;2.0255,1.21173,1.09319
0.207303,0.20858,0.0363221;2.04112,1.36569,1.06777
0.216062,0.205755,0.0287864;-1.65097,1.52775,-1.49706
0.215932,0.205303,0.028587;-1.57206,1.56211,-1.56925
0.216735,0.204404,0.0286407;1.57593,1.48278,1.56876
0.222756,0.199673,0.0347581;1.82924,1.13502,1.33709
0.231396,0.192353,0.0384677;1.92566,1.11105,1.22712
0.238943,0.186959,0.0390408;1.92718,1.20181,1.18691
0.24793,0.18584,0.028974;1.64293,1.47769,1.48708
0.249163,0.184959,0.028587;1.57677,1.51387,1.56444
0.249103,0.184719,0.0285845;1.56909,1.43033,1.5727
0.242943,0.184798,0.0302681;1.57853,1.08704,1.55476
0.247614,0.179987,0.0378942;1.71409,0.944063,1.41982
0.2646,0.167158,0.0413428;1.79727,0.987238,1.30928
0.273585,0.162892,0.0321106;1.56054,1.2483,1.52495
0.279447,0.157435,0.0301091;1.59601,1.36647,1.51941
0.278952,0.157464,0.0287988;1.57558,1.34415,1.55695
0.26644,0.162216,0.0330359;1.51381,1.05097,1.57365
0.269681,0.15756,0.0356817;1.6196,0.859685,1.49219
0.283858,0.146759,0.0413886;1.73634,0.800682,1.38139
0.295019,0.139484,0.0308682;1.55086,1.05105,1.54364
0.300575,0.135384,0.0289584;1.58589,1.16889,1.54491
0.301318,0.133487,0.0285777;1.57041,1.22621,1.57137
0.298207,0.137906,0.0288421;1.59271,0.968503,1.55188
0.296467,0.134692,0.0316493;1.65388,0.785214,1.50794
0.29934,0.125118,0.039297;1.77312,0.637432,1.427
0.314246,0.11243,0.033408;1.68429,0.840961,1.4613
0.316554,0.110202,0.028903;1.57683,0.965331,1.55406
0.317928,0.107094,0.0286084;1.57118,1.07879,1.56878
0.31705,0.107015,0.0285774;1.57134,0.900226,1.57051
0.316699,0.104558,0.0298859;1.61036,0.723141,1.54558
0.316474,0.0992888,0.0375682;1.74271,0.530467,1.47604
0.326643,0.0795542,0.0364119;1.67909,0.702716,1.45248
0.33114,0.0760406,0.0299137;1.57544,0.819844,1.54156
0.333651,0.0713023,0.0288244;1.57598,0.930143,1.55819
0.332375,0.0693169,0.0286748;1.57132,0.786866,1.57536
0.332837,0.0668519,0.0290723;1.58534,0.640126,1.56884
0.334115,0.0630935,0.0344139;1.69045,0.466861,1.5221
0.341193,0.0405659,0.039047;1.69645,0.559689,1.44281
0.343773,0.0395936,0.0333367;1.57036,0.703729,1.50093
0.347459,0.0353526,0.03167;1.58434,0.824608,1.51867
0.346025,0.0360765,0.0288658;1.56578,0.75448,1.56403
0.341903,0.0390425,0.0301401;1.56039,0.608919,1.55493
0.338221,0.0409674,0.032693;1.54583,0.414731,1.55009
0.347579,0.00924767,0.041324;1.68351,0.358171,1.45007
0.34936,0.0021367,0.0378862;1.65613,0.485134,1.46222
0.351216,0.000248366,0.0323754;1.5726,0.607113,1.51388
0.352133,-0.00694662,0.028637;1.56994,0.664729,1.56848
0.350002,-0.00416136,0.0287455;1.57081,0.517793,1.56283
0.347247,-0.00128628,0.029265;1.58033,0.333629,1.56038
0.346231,-0.0220784,0.0392216;1.71817,0.155035,1.51204
0.349735,-0.031699,0.0384697;1.71061,0.253594,1.49959
0.351759,-0.0344621,0.0294008;1.56669,0.373765,1.54827
0.352172,-0.0393644,0.0285841;1.57077,0.513987,1.57141
0.351618,-0.0386611,0.0285749;1.57076,0.437631,1.57064
0.350781,-0.0372701,0.0288199;1.58179,0.285408,1.56853
0.345125,-0.048796,0.0389931;1.73246,-0.0288425,1.55658
0.344648,-0.0626597,0.0402598;1.72361,0.0272115,1.52093
0.346169,-0.0679848,0.0339002;1.63746,0.173233,1.52703
0.345445,-0.075704,0.0286455;1.57057,0.391919,1.56747
0.345029,-0.0752364,0.0285968;1.56969,0.343537,1.57098
0.344088,-0.076285,0.0285943;1.57153,0.234373,1.57268
0.340267,-0.0816357,0.0369191;1.70542,-0.118641,1.58338
0.335666,-0.0961587,0.0397795;1.72645,-0.0638416,1.54155
0.335301,-0.104083,0.0366794;1.64863,0.0524804,1.51289
0.334553,-0.11858,0.0290154;1.5791,0.28113,1.55582
0.335136,-0.116336,0.0287631;1.56963,0.215992,1.56296
0.334366,-0.112853,0.0286751;1.56794,0.087703,1.56841
0.334366,-0.112853,0.0286751;1.56794,0.087703,1.56841
0.333144,-0.106421,0.0303135;1.56279,-0.0821699,1.55497
0.333144,-0.106421,0.0303135;1.56279,-0.0821699,1.55497
