-0.125,0.125,0.06;-1.57,-2.98023e-08,-1.57
-0.125,0.125,0.06;-1.57,-2.98023e-08,-1.57
-0.125,0.125,0.06;-1.57,-2.98023e-08,-1.57
-0.125761,0.125438,0.0285796;-1.57132,-0.336378,-1.56908
-0.124545,0.12738,0.028599;-1.5714,-0.234835,-1.56943
-0.124645,0.132189,0.0294093;-1.58116,-0.0554399,-1.56094
-0.126657,0.135057,0.0302468;-1.54492,0.0823795,-1.5723
-0.130891,0.137664,0.0291783;-1.54496,-0.122363,-1.57046
-0.132552,0.139472,0.02863;-1.56846,-0.20973,-1.57005
-0.132708,0.139183,0.0285862;-1.57047,-0.235918,-1.57015
-0.128802,0.141233,0.0287204;-1.57103,0.0126786,-1.56378
-0.126984,0.146803,0.0292217;-1.57277,0.16147,-1.55789
-0.127589,0.157165,0.0314506;-1.62403,0.336529,-1.54219
-0.124939,0.158729,0.0294498;-1.57357,0.321926,-1.58219
-0.123313,0.16266,0.0294933;-1.56604,0.185446,-1.59541
-0.12022,0.171673,0.0290134;-1.57826,0.0478208,-1.5835
-0.120116,0.171856,0.029052;-1.58819,0.0286465,-1.57566
-0.122612,0.168443,0.0309254;-1.61775,0.119531,-1.56102
-0.122566,0.173206,0.0380411;-1.73258,0.27193,-1.51205
-0.123608,0.175532,0.0388051;-1.78165,0.399534,-1.50252
-0.120625,0.176622,0.0368004;-1.70322,0.328273,-1.56119
-0.11457,0.177862,0.0323162;-1.58692,0.176322,-1.6146
-0.110435,0.18149,0.0314833;-1.58222,0.0619031,-1.61172
-0.116612,0.173789,0.0299634;-1.57002,0.183205,-1.59922
-0.119804,0.167875,0.0295997;-1.59143,0.33003,-1.57047
-0.112746,0.176963,0.0333885;-1.65524,0.476595,-1.52461
-0.109564,0.184637,0.0293727;-1.60016,0.508238,-1.55902
-0.112598,0.183625,0.0287322;-1.56449,0.334,-1.57112
-0.11285,0.183309,0.0290791;-1.54542,0.323445,-1.57886
-0.112266,0.181801,0.0292255;-1.54468,0.355564,-1.58623
-0.105576,0.181406,0.030397;-1.59777,0.665454,-1.53336
-0.101465,0.191209,0.0326463;-1.646,0.813976,-1.49296
-0.0992772,0.19604,0.0312571;-1.64458,0.868798,-1.50721
-0.101815,0.195589,0.0285955;-1.56869,0.81045,-1.57209
-0.101771,0.19601,0.0285554;-1.57112,0.73568,-1.56987
-0.102128,0.195721,0.0286086;-1.57074,0.723531,-1.56931
-0.101402,0.195699,0.0309359;-1.51682,0.761141,-1.59878
-0.106406,0.192879,0.035647;-1.49309,0.918146,-1.5816
-0.104656,0.193799,0.0353805;-1.46809,0.987864,-1.59931
-0.0974113,0.196417,0.0285703;-1.57106,0.968382,-1.57096
-0.0939966,0.197339,0.0286369;-1.57129,0.811311,-1.57319
-0.0917366,0.19735,0.0288277;-1.58056,0.73186,-1.56882
-0.0971804,0.195923,0.0297544;-1.6229,0.830052,-1.53333
-0.105569,0.193917,0.0350687;-1.69196,0.990692,-1.48675
-0.101102,0.194106,0.0393605;-1.74782,1.15225,-1.44224
-0.0890565,0.198186,0.0306523;-1.59993,1.09705,-1.57066
-0.0852476,0.199347,0.0290369;-1.57628,1.03156,-1.57785
-0.0800229,0.200518,0.0288846;-1.58222,0.947896,-1.56926
-0.0815949,0.200023,0.0291103;-1.60204,1.00248,-1.54986
-0.0846494,0.200105,0.0306102;-1.67796,1.13372,-1.47652
-0.0788618,0.200893,0.0356246;-1.92829,1.24492,-1.22927
-0.0653356,0.202013,0.0298849;-1.5574,1.21797,-1.61091
-0.06038,0.206091,0.0288376;-1.56687,1.10892,-1.58488
-0.0583475,0.207104,0.0286538;-1.57049,1.02517,-1.57454
-0.0598511,0.20685,0.0288221;-1.56913,0.9589,-1.56147
-0.0625981,0.205028,0.0308652;-1.57075,0.895837,-1.53499
-0.0666846,0.203785,0.0341392;-1.5825,0.90789,-1.49468
-0.0640491,0.206629,0.0301195;-1.55653,0.918626,-1.55781
-0.0626439,0.206299,0.0289992;-1.54028,0.925084,-1.59731
-0.0623475,0.205797,0.0289216;-1.56026,0.929585,-1.58926
-0.0635542,0.207502,0.028623;-1.57128,0.786752,-1.56807
-0.0638003,0.207321,0.0289767;-1.57095,0.767833,-1.56176
-0.062902,0.207722,0.0310706;-1.59388,0.755038,-1.52613
-0.056603,0.214989,0.0301996;-1.59357,0.8991,-1.5341
-0.0552616,0.215874,0.0287233;-1.57068,0.928019,-1.56383
-0.0551538,0.215916,0.0289454;-1.54098,0.93791,-1.59454
-0.0547688,0.21554,0.0294964;-1.5258,0.940291,-1.61517
-0.0566721,0.212991,0.0296381;-1.55717,0.960023,-1.60075
-0.0589162,0.212515,0.0290784;-1.60074,1.00739,-1.54744
-0.0518404,0.212193,0.0385414;-1.92924,1.06243,-1.25423
-0.0491137,0.210858,0.0353336;-1.82904,1.02466,-1.3549
-0.0520623,0.209322,0.0307288;-1.65415,1.0583,-1.51111
-0.0419526,0.210782,0.0295518;-1.59305,0.936289,-1.57114
-0.0424865,0.210336,0.030568;-1.59287,0.936674,-1.58315
-0.0505554,0.208558,0.0344432;-1.7181,0.995918,-1.47723
-0.0806391,0.202993,0.0395574;-1.83553,1.05801,-1.3156
-0.0953616,0.196839,0.03627;-1.64659,1.0203,-1.4748
-0.0968363,0.196443,0.0291518;-1.56795,0.995487,-1.56194
-0.0975968,0.196951,0.0285711;-1.57028,0.849805,-1.57102
-0.0977845,0.196877,0.0285799;-1.57058,0.830411,-1.57097
-0.0981747,0.196438,0.0286414;-1.57093,0.845725,-1.56772
-0.0988574,0.195603,0.0312695;-1.57579,0.928257,-1.55804
-0.096039,0.199283,0.0299428;-1.56433,0.869416,-1.56714
-0.0938602,0.20093,0.028679;-1.57094,0.816836,-1.56587
-0.0927034,0.200876,0.0290833;-1.54087,0.854033,-1.58852
-0.0910285,0.20049,0.0291939;-1.53912,0.910771,-1.58549
-0.0904148,0.199655,0.0296365;-1.53786,0.939853,-1.57689
-0.0914812,0.197983,0.0330456;-1.51558,0.957617,-1.58229
-0.0820663,0.205632,0.0305489;-1.52645,0.835255,-1.60352
-0.0716545,0.213574,0.0295067;-1.54844,0.766945,-1.59656
-0.0685903,0.218581,0.0286388;-1.56959,0.631929,-1.57506
-0.0689105,0.217873,0.0286019;-1.57081,0.655667,-1.57179
-0.0697266,0.217067,0.0285886;-1.5722,0.739234,-1.56836
-0.0729345,0.218772,0.0357188;-1.73753,0.784718,-1.44078
-0.0715366,0.219952,0.0360372;-1.74001,0.646738,-1.45668
-0.0805914,0.213026,0.0336474;-1.63972,0.530681,-1.53218
-0.0813988,0.209739,0.0313948;-1.57124,0.422989,-1.61282
-0.0753635,0.21323,0.0301911;-1.59477,0.343162,-1.58355
-0.0824369,0.208454,0.0294878;-1.6037,0.434631,-1.56125
-0.0866774,0.206171,0.0327433;-1.66825,0.486489,-1.52915
-0.0922337,0.206285,0.0384376;-1.76054,0.478537,-1.48441
-0.0961882,0.201276,0.0337657;-1.68061,0.304388,-1.53701
-0.0936059,0.201708,0.0291546;-1.56964,0.205839,-1.59076
-0.0892448,0.208991,0.0291285;-1.55977,0.135318,-1.58383
-0.0902668,0.208385,0.029585;-1.53583,0.178065,-1.57906
-0.0880475,0.204898,0.0327414;-1.47744,0.301468,-1.59238
-0.0806248,0.205154,0.0375925;-1.47407,0.486075,-1.54579
-0.0806806,0.201545,0.0371152;-1.42681,0.475296,-1.60014
-0.0833022,0.202388,0.0334131;-1.4632,0.36465,-1.61298
-0.0753388,0.217955,0.0301697;-1.53447,0.204116,-1.58976
-0.0757931,0.220022,0.0323555;-1.51272,0.219096,-1.60631
-0.0766984,0.213362,0.0360688;-1.43284,0.294549,-1.62673
-0.0725225,0.207866,0.0388389;-1.41216,0.465923,-1.59896
-0.0620345,0.220989,0.0357478;-1.46447,0.48808,-1.58794
-0.0505905,0.237346,0.0287401;-1.57879,0.461983,-1.56904
-0.05012,0.240562,0.0289979;-1.56188,0.368504,-1.58565
-0.0517201,0.23459,0.031318;-1.55384,0.441123,-1.61661
-0.0522581,0.224942,0.032875;-1.53631,0.560958,-1.64847
-0.056695,0.20506,0.0392453;-1.51705,0.73335,-1.66473
-0.0589076,0.204724,0.0450562;-1.45888,0.677566,-1.68435
-0.0618161,0.208922,0.0396461;-1.49736,0.541884,-1.68241
-0.0568436,0.223177,0.0326199;-1.58757,0.333081,-1.61683
-0.0541431,0.223914,0.0330677;-1.58801,0.328991,-1.62324
-0.0567602,0.21855,0.0345674;-1.56095,0.413597,-1.65688
-0.0578976,0.204562,0.0384843;-1.46015,0.660117,-1.71775
-0.0611112,0.2034,0.0451599;-1.37318,0.735856,-1.72705
-0.0615836,0.20292,0.0453236;-1.36042,0.723234,-1.74281
-0.0581818,0.218146,0.0345173;-1.55087,0.556802,-1.65862
-0.0522799,0.229841,0.0316252;-1.57988,0.451503,-1.60921
-0.0499383,0.233016,0.0296527;-1.58153,0.420551,-1.58527
-0.0608556,0.217983,0.0312471;-1.59426,0.596816,-1.58744
-0.0667632,0.204371,0.0351596;-1.49481,0.689927,-1.60764
-0.0699886,0.196601,0.0437575;-1.29122,0.661237,-1.6844
-0.0816437,0.190423,0.0431525;-1.24112,0.455088,-1.71143
-0.0831242,0.198404,0.0408808;-1.31056,0.365143,-1.65752
-0.0848473,0.19957,0.0357105;-1.42459,0.267372,-1.59717
-0.083668,0.19074,0.0344793;-1.43608,0.362517,-1.61363
-0.080825,0.186099,0.037136;-1.38526,0.439237,-1.6397
-0.0773203,0.186738,0.0410675;-1.31119,0.490233,-1.66818
-0.0766845,0.19054,0.0392669;-1.35623,0.42822,-1.68242
-0.0785682,0.198794,0.0389477;-1.42076,0.347942,-1.66928
-0.0798642,0.209122,0.0336051;-1.49472,0.24566,-1.61514
-0.0790553,0.200287,0.0322204;-1.50403,0.352023,-1.61267
-0.0771534,0.191021,0.0359785;-1.40329,0.456098,-1.64383
-0.0725388,0.189646,0.0396972;-1.33183,0.520161,-1.67997
-0.0689612,0.194417,0.0387952;-1.39227,0.515231,-1.70438
-0.0673352,0.200463,0.0390695;-1.40821,0.474998,-1.69978
-0.0665127,0.208854,0.0390517;-1.4228,0.388393,-1.68073
-0.0679954,0.208897,0.0376731;-1.40048,0.451338,-1.66984
-0.0680549,0.2101,0.0375738;-1.37475,0.479435,-1.65867
-0.0652605,0.215769,0.040107;-1.38365,0.555119,-1.62343
-0.0592916,0.215316,0.0370579;-1.38771,0.501214,-1.66188
-0.0597575,0.214701,0.0349236;-1.45062,0.500601,-1.65443
-0.0589632,0.215143,0.0340255;-1.51882,0.514717,-1.65515
-0.0567116,0.212651,0.0358563;-1.50085,0.537043,-1.68571
-0.058483,0.209002,0.0383986;-1.42804,0.570166,-1.70499
-0.058413,0.202578,0.0396376;-1.30137,0.641075,-1.72987
-0.0460204,0.212674,0.0364939;-1.37082,0.770975,-1.70315
-0.0447722,0.212858,0.0342201;-1.41701,0.788294,-1.69213
-0.0433038,0.214406,0.0333304;-1.46328,0.795155,-1.67746
-0.0379904,0.229958,0.0343991;-1.52296,0.656992,-1.67113
-0.0359032,0.231164,0.0347777;-1.51075,0.660151,-1.67834
-0.0374928,0.226217,0.0362065;-1.47723,0.699392,-1.69577
-0.0431069,0.219654,0.0444236;-1.22543,0.701936,-1.76551
-0.0459535,0.221241,0.0415207;-1.26187,0.625906,-1.76669
-0.0451981,0.235752,0.036227;-1.45587,0.541319,-1.67502
-0.0403893,0.242515,0.0327887;-1.53871,0.532049,-1.63725
-0.0400385,0.236075,0.0350703;-1.51798,0.613896,-1.67535
-0.0401734,0.231907,0.0368492;-1.47043,0.64879,-1.70509
-0.0522042,0.219939,0.041312;-1.29944,0.68974,-1.72236
-0.0581173,0.215365,0.0409967;-1.28165,0.617027,-1.73245
-0.0584813,0.218987,0.0336877;-1.45141,0.613809,-1.6509
-0.0582155,0.223294,0.0288118;-1.56394,0.568761,-1.57974
-0.0582687,0.224011,0.0286742;-1.56825,0.548775,-1.57442
-0.0582058,0.223888,0.0288055;-1.56234,0.553966,-1.5787
-0.0527464,0.22438,0.0310839;-1.53442,0.759908,-1.58669
-0.0461831,0.230655,0.0332299;-1.453,0.796007,-1.65544
-0.0439269,0.231688,0.032385;-1.47677,0.816608,-1.65985
-0.0416667,0.245384,0.031372;-1.53115,0.678064,-1.63022
-0.041272,0.25389,0.0290849;-1.55642,0.584382,-1.59159
-0.0419232,0.256038,0.0289033;-1.55938,0.495608,-1.58284
-0.0419232,0.256038,0.0289033;-1.55938,0.495608,-1.58284
-0.0418297,0.257223,0.0293233;-1.56574,0.511978,-1.56939
-0.0418297,0.257223,0.0293233;-1.56574,0.511978,-1.56939
