-0.125,0.125,0.06;-1.57,-2.98023e-08,-1.57
-0.125,0.125,0.06;-1.57,-2.98023e-08,-1.57
-0.125,0.125,0.06;-1.57,-2.98023e-08,-1.57
-0.126931,0.121436,0.0288702;-1.56386,-0.327819,-1.5609
-0.125658,0.12388,0.0289654;-1.56834,-0.222377,-1.55423
-0.124733,0.127348,0.030391;-1.59009,-0.0574406,-1.55406
-0.123294,0.130233,0.0365391;-1.65063,0.0391886,-1.58727
-0.123843,0.131303,0.0289176;-1.56479,-0.238551,-1.57969
-0.126622,0.132606,0.0287217;-1.56508,-0.391554,-1.56677
-0.126904,0.13149,0.0288779;-1.5555,-0.443486,-1.56355
-0.123092,0.138817,0.0288606;-1.56696,-0.157163,-1.56058
-0.121716,0.14321,0.0302843;-1.59579,0.000308514,-1.55925
-0.122742,0.146559,0.0368543;-1.73317,0.153026,-1.55376
-0.120966,0.149743,0.0335335;-1.6725,0.0819731,-1.56534
-0.119583,0.14851,0.0287278;-1.56738,-0.0401868,-1.57515
-0.121049,0.151532,0.0285818;-1.56909,-0.191552,-1.57219
-0.120337,0.149281,0.0290709;-1.54777,-0.119162,-1.56876
-0.120355,0.146515,0.0292184;-1.56614,0.000731379,-1.56172
-0.11951,0.142194,0.031781;-1.61039,0.167221,-1.54377
-0.115568,0.158102,0.039277;-1.77913,0.195585,-1.54541
-0.113506,0.16072,0.0358602;-1.71733,0.0880676,-1.56164
-0.112747,0.151076,0.0285273;-1.56916,-0.066062,-1.56967
-0.116085,0.145331,0.0288738;-1.55917,-0.258085,-1.56484
-0.114286,0.145264,0.02898;-1.55168,-0.128667,-1.56827
-0.11208,0.138203,0.0331061;-1.50857,0.0453345,-1.58781
-0.108441,0.133586,0.0360045;-1.44972,0.144084,-1.59026
-0.104346,0.148687,0.0312642;-1.5747,0.0665753,-1.58444
-0.101612,0.158246,0.0285771;-1.57091,-0.178997,-1.56903
-0.10186,0.157991,0.0289023;-1.56102,-0.184812,-1.56308
-0.100225,0.16045,0.0290424;-1.55957,-0.0762793,-1.55885
-0.0961885,0.165567,0.0322993;-1.63728,0.249304,-1.54243
-0.094588,0.171778,0.0387765;-1.74465,0.349079,-1.53878
-0.0889905,0.183984,0.0397272;-1.73625,0.267535,-1.57274
-0.0788705,0.191601,0.0288357;-1.57309,0.0124464,-1.58052
-0.0762779,0.193201,0.0286161;-1.57099,-0.120465,-1.56865
-0.0766108,0.191869,0.0290256;-1.5558,-0.120983,-1.56226
-0.0758046,0.194063,0.0302529;-1.5953,0.0764076,-1.55702
-0.075129,0.194911,0.0367285;-1.73529,0.246206,-1.53848
-0.0735697,0.199592,0.0391527;-1.7762,0.233588,-1.53912
-0.0659825,0.206388,0.0288579;-1.57109,-0.0140087,-1.58354
-0.0640036,0.208869,0.0287544;-1.57106,-0.15538,-1.58008
-0.0643976,0.20922,0.0287758;-1.56343,-0.216792,-1.57132
-0.0629099,0.210513,0.028997;-1.5802,-0.0139074,-1.55988
-0.0617389,0.211037,0.0321937;-1.61968,0.140272,-1.55107
-0.0600789,0.217607,0.0384903;-1.763,0.256548,-1.53534
-0.0536361,0.226192,0.032973;-1.66131,0.0607433,-1.56912
-0.0524256,0.225552,0.0286549;-1.57072,-0.0651297,-1.57449
-0.0521231,0.225723,0.0286201;-1.57055,-0.16965,-1.56825
-0.0513103,0.224356,0.028895;-1.55747,0.0179829,-1.57283
-0.0525675,0.214302,0.0315514;-1.52472,0.188315,-1.5803
-0.0506861,0.208108,0.0381767;-1.42089,0.35958,-1.5954
-0.0346036,0.234245,0.0350945;-1.70166,0.166197,-1.55668
-0.0277433,0.238992,0.029085;-1.58884,-0.0318977,-1.57771
-0.025529,0.241439,0.0286971;-1.57504,-0.162592,-1.57292
-0.0245332,0.241001,0.0290798;-1.56184,-0.0344831,-1.55417
-0.0243207,0.241528,0.0305346;-1.59016,0.102921,-1.54766
-0.024168,0.236461,0.0354941;-1.60806,0.274017,-1.55499
-0.0128263,0.261814,0.0356626;-1.65434,0.120627,-1.60467
-0.00929253,0.2669,0.0316789;-1.59703,-0.026537,-1.60197
-0.00585477,0.271432,0.0288831;-1.57857,-0.175998,-1.57897
-0.00531408,0.27086,0.0290666;-1.56265,-0.0976921,-1.55388
-0.00423477,0.272305,0.0299244;-1.57547,0.0318499,-1.55004
-0.00257036,0.269189,0.0334862;-1.6318,0.198991,-1.53954
0.00310866,0.283447,0.0368917;-1.73282,0.168715,-1.55351
0.00642941,0.288859,0.0339247;-1.66648,0.0515337,-1.57866
0.010033,0.29346,0.0293862;-1.57215,-0.0485994,-1.58918
0.0107577,0.295263,0.0286982;-1.57053,-0.0945266,-1.57631
0.010007,0.293628,0.0286742;-1.57223,0.0126492,-1.56411
0.00791671,0.289558,0.0305347;-1.58909,0.150268,-1.54401
0.0107232,0.29333,0.0371538;-1.74155,0.296299,-1.53239
0.0161062,0.303137,0.0382627;-1.76312,0.199496,-1.54321
0.0218945,0.306363,0.032197;-1.64801,0.0713929,-1.57026
0.0272424,0.310696,0.0287;-1.57234,-0.179284,-1.57568
0.0264489,0.307948,0.028661;-1.57075,-0.103161,-1.57459
0.0230355,0.29769,0.0302379;-1.53565,0.0246116,-1.57779
0.0309517,0.28695,0.036135;-1.46904,0.323102,-1.57061
0.0364215,0.299319,0.0377145;-1.60557,0.259058,-1.55655
0.0440766,0.315724,0.0345279;-1.68713,0.138753,-1.56317
0.0501872,0.324758,0.0288421;-1.57745,-0.153994,-1.5778
0.0492317,0.322552,0.0287067;-1.57066,-0.0716034,-1.57689
0.0467964,0.316055,0.0292968;-1.55098,0.0652803,-1.57312
0.0553177,0.294481,0.0421836;-1.30685,0.404526,-1.65623
0.0617249,0.301206,0.04402;-1.27409,0.355361,-1.6842
0.069674,0.316955,0.0433125;-1.3544,0.285544,-1.69922
0.0787464,0.348222,0.0300101;-1.58302,0.0220439,-1.5902
0.0776873,0.347342,0.0287076;-1.56865,0.0652004,-1.57894
0.0755462,0.346343,0.0290164;-1.56921,0.205273,-1.55121
0.0704802,0.33158,0.0357997;-1.59084,0.486807,-1.54845
0.0719825,0.329248,0.0394528;-1.42598,0.40432,-1.63028
0.0805453,0.339799,0.0366044;-1.50956,0.314897,-1.64463
0.0963982,0.350332,0.0355302;-1.58783,0.0480655,-1.65253
0.0898012,0.339549,0.0351373;-1.54117,0.0119072,-1.64695
0.0790827,0.32825,0.0311233;-1.5431,0.0396191,-1.60214
0.0729605,0.306877,0.0347419;-1.46439,0.245612,-1.57777
0.0719997,0.307209,0.0338835;-1.47654,0.181205,-1.59083
0.0760393,0.31616,0.0338448;-1.49888,0.170916,-1.60178
0.0915916,0.341763,0.0318183;-1.58112,-0.0242113,-1.61483
0.0937457,0.348237,0.03324;-1.58627,-0.0718251,-1.62635
0.0899709,0.342657,0.0312208;-1.56126,0.0261029,-1.61221
0.0854733,0.332182,0.0344109;-1.48697,0.150902,-1.61511
0.0932977,0.322025,0.0403655;-1.34682,0.377955,-1.65302
0.103057,0.337482,0.0396921;-1.4733,0.328612,-1.63108
0.11882,0.358931,0.0349072;-1.68854,0.205336,-1.5618
0.128419,0.369823,0.0312988;-1.60384,-0.016787,-1.59515
0.123202,0.364607,0.0308263;-1.58335,0.0690307,-1.5993
0.114667,0.351657,0.0313219;-1.54919,0.195063,-1.60904
0.118504,0.324421,0.0422471;-1.28865,0.447999,-1.69114
0.124674,0.330881,0.0439372;-1.32172,0.366199,-1.70927
0.132872,0.343673,0.0429414;-1.39917,0.272046,-1.71156
0.138132,0.363253,0.0354145;-1.59041,0.028042,-1.651
0.135667,0.36373,0.0320767;-1.58322,0.0364813,-1.61519
0.125972,0.354986,0.0298007;-1.57879,0.156594,-1.58691
0.119703,0.329244,0.0370809;-1.40856,0.403736,-1.63367
0.123809,0.330949,0.0396611;-1.40134,0.331611,-1.66731
0.134148,0.342865,0.0390698;-1.46613,0.25464,-1.68246
0.153913,0.361686,0.0405271;-1.55265,0.124315,-1.70618
0.154264,0.366442,0.0392912;-1.56912,0.129871,-1.69733
0.142616,0.366594,0.0333728;-1.58528,0.213879,-1.62354
0.128262,0.349734,0.0340266;-1.48591,0.479086,-1.58828
0.134683,0.354728,0.0336809;-1.51103,0.502815,-1.57924
0.148166,0.371594,0.0321821;-1.65158,0.440724,-1.54121
0.165537,0.381152,0.0318927;-1.59294,0.234074,-1.60443
0.167083,0.382629,0.0348557;-1.5959,0.185246,-1.63669
0.161186,0.378142,0.0344011;-1.58632,0.267802,-1.63673
0.139974,0.348741,0.0373498;-1.40912,0.429248,-1.65317
0.139355,0.340273,0.0385468;-1.36913,0.511467,-1.6626
0.143666,0.34717,0.0367163;-1.43328,0.441812,-1.64533
0.167445,0.371994,0.0313745;-1.57272,0.222749,-1.61441
0.172676,0.37543,0.0331155;-1.59137,0.120522,-1.62286
0.16893,0.373229,0.0347932;-1.58534,0.153179,-1.64485
0.1558,0.352681,0.0367418;-1.46639,0.338989,-1.65893
0.15623,0.338851,0.0398095;-1.345,0.466239,-1.68881
0.158137,0.338886,0.0415183;-1.32245,0.475789,-1.70852
0.168738,0.363034,0.0383613;-1.47594,0.298582,-1.6841
0.175255,0.372965,0.0339741;-1.57858,0.210675,-1.64034
0.181111,0.377231,0.0338164;-1.58946,0.143693,-1.63166
0.167246,0.367117,0.0308396;-1.56125,0.331525,-1.60961
0.162683,0.358132,0.034844;-1.46945,0.474758,-1.63566
0.163618,0.347291,0.0385575;-1.34583,0.582024,-1.69094
0.176494,0.362682,0.0411745;-1.39219,0.419096,-1.71481
0.18524,0.376105,0.0355095;-1.54421,0.329629,-1.66367
0.196339,0.383661,0.0342465;-1.59478,0.197024,-1.63185
0.186829,0.376059,0.0323541;-1.65213,0.306028,-1.55056
0.180019,0.371302,0.0325345;-1.62923,0.430922,-1.53502
0.174098,0.363016,0.0340022;-1.59908,0.518005,-1.51896
0.17954,0.3661,0.0290008;-1.58184,0.36181,-1.57655
0.187926,0.373719,0.0297043;-1.57496,0.228389,-1.59223
0.195563,0.377799,0.030913;-1.59079,0.130945,-1.59888
0.183575,0.366093,0.0336583;-1.57983,0.273756,-1.62872
0.170563,0.35357,0.0340703;-1.53082,0.357314,-1.61102
0.161451,0.334527,0.0340928;-1.47623,0.424465,-1.5926
0.163333,0.338973,0.0307158;-1.53795,0.293532,-1.59088
0.170145,0.350429,0.0290751;-1.57023,0.182749,-1.58777
0.178139,0.359652,0.0290733;-1.58142,0.0522965,-1.58119
0.174562,0.353165,0.0327672;-1.57353,0.142326,-1.63057
0.167971,0.344956,0.0330257;-1.56534,0.271912,-1.62244
0.165854,0.337568,0.0377805;-1.47733,0.422989,-1.6318
0.1652,0.3352,0.0408824;-1.34392,0.392821,-1.68891
0.165713,0.345071,0.0415449;-1.38616,0.275457,-1.68787
0.169191,0.35879,0.0354002;-1.5289,0.19588,-1.65058
0.17691,0.365084,0.0328264;-1.58506,0.0780191,-1.62398
0.170518,0.357731,0.0336412;-1.60225,0.167187,-1.61482
0.161031,0.345283,0.0364611;-1.56981,0.298232,-1.60792
0.156051,0.32194,0.0398978;-1.3391,0.373419,-1.6618
0.158905,0.331849,0.0404516;-1.40101,0.277868,-1.67873
0.165236,0.340593,0.0389922;-1.47288,0.205676,-1.67782
0.169259,0.350591,0.0395317;-1.55851,0.0566425,-1.6989
0.164225,0.348177,0.0395443;-1.53775,0.0790625,-1.70852
0.152804,0.34264,0.0348655;-1.54935,0.146824,-1.63991
0.14641,0.324192,0.0367037;-1.50159,0.365266,-1.5808
0.14585,0.323367,0.0340593;-1.47505,0.228928,-1.60725
0.149306,0.333576,0.0337327;-1.51806,0.129608,-1.62562
0.167667,0.351091,0.0364504;-1.57059,-0.0262745,-1.6678
0.17436,0.353337,0.0380514;-1.56135,0.0447131,-1.68954
0.16777,0.349412,0.034541;-1.5605,0.141157,-1.64675
0.158119,0.330881,0.0365877;-1.52606,0.396628,-1.56978
0.153566,0.326899,0.0325066;-1.50747,0.288807,-1.57098
0.151334,0.33041,0.0285752;-1.57066,0.156354,-1.57102
0.15603,0.339053,0.029266;-1.57522,-0.04463,-1.58806
0.155472,0.335189,0.0317192;-1.5768,0.0183785,-1.61702
0.150337,0.326815,0.033066;-1.57465,0.116479,-1.6316
0.150337,0.326815,0.033066;-1.57465,0.116479,-1.6316
0.146685,0.315713,0.0372741;-1.56211,0.23027,-1.62402
0.146685,0.315713,0.0372741;-1.56211,0.23027,-1.62402
