-0.125,0.125,0.06;-1.57,-2.98023e-08,-1.57
-0.125,0.125,0.06;-1.57,-2.98023e-08,-1.57
-0.125,0.125,0.06;-1.57,-2.98023e-08,-1.57
-0.127682,0.120795,0.0286698;-1.56964,-0.330761,-1.56704
-0.126763,0.122364,0.0285691;-1.57055,-0.226734,-1.57001
-0.127056,0.124465,0.0296743;-1.59845,-0.0509906,-1.56946
-0.125642,0.127462,0.034851;-1.63587,0.0471724,-1.59743
-0.126878,0.130164,0.0287917;-1.56972,-0.237618,-1.57971
-0.127904,0.132302,0.0285806;-1.57066,-0.349577,-1.5706
-0.127962,0.132433,0.0285818;-1.5707,-0.371903,-1.57065
-0.124488,0.136447,0.0286479;-1.57088,-0.135414,-1.56751
-0.12469,0.139032,0.0293343;-1.58831,0.00878012,-1.56672
-0.124572,0.142716,0.0354803;-1.70707,0.164933,-1.55535
-0.121164,0.14655,0.0306882;-1.60419,0.057712,-1.58289
-0.121258,0.147449,0.0291085;-1.56471,-0.0768984,-1.5901
-0.123526,0.1503,0.0287838;-1.56796,-0.22874,-1.57724
-0.123147,0.148855,0.0285755;-1.57078,-0.180178,-1.57064
-0.122609,0.150143,0.0288873;-1.57906,-0.0386331,-1.5663
-0.120402,0.153495,0.032788;-1.65631,0.124626,-1.5618
-0.119913,0.160554,0.0363386;-1.72337,0.172769,-1.55375
-0.117304,0.162481,0.0319347;-1.64278,0.0961162,-1.56717
-0.116287,0.161947,0.0284805;-1.567,-0.0610175,-1.57154
-0.117359,0.16333,0.0287815;-1.56931,-0.159398,-1.57877
-0.117143,0.161272,0.028814;-1.5707,-0.072605,-1.58196
-0.117261,0.157334,0.0290038;-1.58876,0.101121,-1.57233
-0.114207,0.162897,0.0322957;-1.64712,0.199611,-1.56045
-0.111873,0.16782,0.0300021;-1.60731,0.135483,-1.56905
-0.114783,0.168721,0.0285929;-1.57019,-0.164245,-1.5707
-0.115212,0.168413,0.0285791;-1.57077,-0.172003,-1.57085
-0.115398,0.166973,0.0286515;-1.57073,-0.0849124,-1.57421
-0.113317,0.157949,0.0325561;-1.54586,0.259531,-1.60298
-0.110589,0.166206,0.0364429;-1.68097,0.389238,-1.55994
-0.107435,0.178962,0.0359813;-1.7213,0.317697,-1.5353
-0.105893,0.181877,0.0285723;-1.57084,0.051238,-1.57044
-0.106486,0.181658,0.0285611;-1.57163,-0.0444656,-1.57112
-0.10667,0.180504,0.0285878;-1.57069,-0.0170777,-1.57122
-0.108759,0.177643,0.0291512;-1.58463,0.213925,-1.57649
-0.106194,0.176589,0.0340319;-1.60476,0.391958,-1.58417
-0.100971,0.190399,0.0376206;-1.66899,0.420146,-1.57728
-0.0943946,0.202433,0.0286712;-1.57079,0.134973,-1.57555
-0.0941505,0.203522,0.0285823;-1.57065,0.0125356,-1.57067
-0.0941444,0.203507,0.0285793;-1.57081,0.00971404,-1.5708
-0.0906407,0.206175,0.0285627;-1.57078,0.326724,-1.57129
-0.0873408,0.209899,0.0307293;-1.62356,0.504959,-1.54645
-0.0864216,0.2135,0.0381841;-1.75811,0.619,-1.49267
-0.0754743,0.221965,0.0293234;-1.56564,0.393381,-1.59435
-0.0764945,0.225819,0.0286998;-1.57063,0.216961,-1.57642
-0.0756882,0.228102,0.0285859;-1.57069,0.102309,-1.57104
-0.0736974,0.228369,0.0286246;-1.57185,0.282966,-1.56829
-0.0721417,0.230727,0.0303316;-1.61141,0.457906,-1.55123
-0.0689847,0.233373,0.0368324;-1.74474,0.628442,-1.47595
-0.0672853,0.240564,0.028554;-1.56807,0.456203,-1.57335
-0.0648166,0.243301,0.0286457;-1.5706,0.306896,-1.5739
-0.0644152,0.245395,0.0287138;-1.57064,0.206947,-1.57706
-0.0667794,0.240682,0.0286365;-1.57118,0.430739,-1.57257
-0.0667661,0.238604,0.029717;-1.60428,0.597239,-1.55287
-0.0625775,0.239009,0.0354049;-1.74297,0.760835,-1.46416
-0.0556571,0.248422,0.0288634;-1.58311,0.66476,-1.56715
-0.0540083,0.25074,0.0286397;-1.57085,0.509258,-1.57361
-0.0549131,0.253035,0.0285794;-1.57047,0.362751,-1.57077
-0.0566136,0.249776,0.028741;-1.5697,0.472806,-1.5782
-0.0588065,0.24518,0.0288231;-1.57821,0.630274,-1.57122
-0.0579156,0.240704,0.032211;-1.61227,0.816996,-1.54596
-0.0334584,0.262756,0.0337374;-1.7096,0.856759,-1.46873
-0.0286336,0.266843,0.0294841;-1.60878,0.769919,-1.54679
-0.0269611,0.267912,0.0285766;-1.57075,0.630221,-1.57088
-0.0278911,0.267897,0.028581;-1.57065,0.580543,-1.57092
-0.0261612,0.267989,0.0285786;-1.57099,0.71287,-1.57051
-0.0285375,0.262949,0.0304349;-1.56103,0.892772,-1.59627
-0.0125274,0.270975,0.0379193;-1.80223,1.09523,-1.406
-0.0021981,0.281941,0.0359879;-1.82839,0.966868,-1.36167
-0.00498898,0.280059,0.0285693;-1.56682,0.845689,-1.57575
-0.00629232,0.282154,0.0285958;-1.57074,0.648853,-1.56999
-0.00347519,0.282535,0.0286218;-1.57033,0.77746,-1.56925
-0.000690533,0.283831,0.0289617;-1.57526,0.915136,-1.56095
0.00243116,0.283707,0.040043;-1.9401,1.22048,-1.26246
0.0129566,0.289753,0.0395319;-1.89961,1.13828,-1.30199
0.0217196,0.29078,0.0292574;-1.5854,1.03063,-1.57193
0.0238053,0.291838,0.0286273;-1.56739,0.793249,-1.57307
0.0237063,0.289726,0.0285733;-1.57113,0.900927,-1.57052
0.0226037,0.288168,0.0285743;-1.57088,1.01455,-1.57035
0.0232527,0.282281,0.0374895;-2.17938,1.31639,-0.990048
0.0351473,0.289171,0.0384086;-2.09257,1.26495,-1.08402
0.0442617,0.294693,0.0289445;-1.58606,1.199,-1.5681
0.048058,0.299019,0.028717;-1.56947,0.944962,-1.57769
0.0467456,0.298109,0.0285821;-1.57099,1.01208,-1.57072
0.0446718,0.2981,0.028739;-1.57664,1.12188,-1.5596
0.0457693,0.292969,0.0372214;-2.50118,1.41048,-0.648678
0.0558501,0.295856,0.0368175;-2.42685,1.38828,-0.722635
0.0680081,0.300209,0.0290547;-1.67326,1.39021,-1.47448
0.0736016,0.302227,0.0287314;-1.56725,1.11113,-1.57963
0.0719005,0.301639,0.0288916;-1.56755,1.15698,-1.58738
0.0693403,0.300881,0.0289809;-1.55516,1.1931,-1.59873
0.0570465,0.293908,0.0307874;-2.01252,1.50519,-1.1256
0.0767565,0.295812,0.0343978;-2.45591,1.44926,-0.692996
0.0956943,0.29993,0.0325805;-2.46089,1.4656,-0.688446
0.102864,0.302519,0.0285912;-1.57148,1.24128,-1.57088
0.10149,0.302869,0.0286094;-1.57499,1.20588,-1.5668
0.0998035,0.302034,0.0287463;-1.56592,1.31837,-1.58307
0.0942914,0.299635,0.029823;-1.55044,1.48113,-1.60945
0.10684,0.293244,0.0366344;2.13511,1.33826,0.99696
0.123911,0.294337,0.0351604;2.29618,1.37596,0.844687
0.127745,0.292561,0.0286357;1.5468,1.54567,1.59163
0.129928,0.297241,0.0288017;-1.53277,1.33253,-1.60938
0.129198,0.296489,0.0285799;-1.57081,1.38902,-1.5711
0.128013,0.296341,0.0286918;-1.66021,1.49947,-1.48196
0.124223,0.29529,0.0391686;1.90772,1.28341,1.20026
0.143975,0.296985,0.038033;2.06233,1.327,1.05871
0.158056,0.298146,0.0290405;1.73373,1.44518,1.40697
0.158528,0.298356,0.0287373;-1.50325,1.46128,-1.63816
0.157803,0.297155,0.0285974;-1.52942,1.54402,-1.61207
0.158083,0.297138,0.028624;1.5691,1.53127,1.57572
0.158089,0.294724,0.0366247;1.95544,1.16903,1.19841
0.171997,0.290696,0.0376726;1.94867,1.20643,1.17836
0.182341,0.287586,0.032157;1.67638,1.32201,1.43169
0.191664,0.28627,0.0287748;-1.08329,1.5637,-2.06415
0.190815,0.286786,0.0285797;0,1.56814,3.1414
0.190681,0.286363,0.0286075;1.58641,1.53423,1.55694
0.191362,0.285278,0.0354625;1.90439,1.22489,1.26007
0.203819,0.279607,0.0360899;1.87604,1.16417,1.2806
0.222693,0.277009,0.0332356;1.8353,1.23266,1.31462
0.233131,0.271384,0.0287823;1.5568,1.46724,1.57438
0.233973,0.271335,0.0287985;1.52248,1.49968,1.61199
0.232665,0.271079,0.0285729;1.5684,1.44353,1.57322
0.231894,0.271983,0.0302833;1.66821,1.22817,1.48117
0.233199,0.268934,0.0357252;1.8477,1.07572,1.31222
0.2426,0.263092,0.0369245;1.88959,1.09249,1.26318
0.254977,0.260913,0.0287576;1.57056,1.31745,1.56249
0.258337,0.261573,0.0287135;1.5415,1.46709,1.59595
0.25707,0.262071,0.0286823;1.572,1.45245,1.56461
0.243653,0.268139,0.0294499;1.58858,1.24545,1.54209
0.234166,0.26985,0.0316845;1.6193,1.07439,1.52419
0.250565,0.258579,0.0368388;1.77394,0.980088,1.38687
0.283216,0.245614,0.028796;1.58681,1.12411,1.55291
0.284694,0.245896,0.0286155;1.56538,1.27025,1.57617
0.284823,0.247078,0.02871;1.54477,1.32872,1.59611
0.280082,0.251075,0.0290567;1.5847,1.10595,1.54439
0.270513,0.255583,0.0328504;1.53445,0.930219,1.55852
0.271192,0.252848,0.0370778;1.63586,0.785686,1.47894
0.299266,0.238794,0.0290391;1.60366,0.933663,1.54159
0.301624,0.238166,0.0285994;1.57083,1.08243,1.56986
0.302447,0.239934,0.0286823;1.55756,1.19566,1.5832
0.302253,0.239542,0.0286619;1.5719,1.09293,1.5748
0.302995,0.238604,0.0310526;1.65173,0.934297,1.51115
0.302122,0.237449,0.038287;1.71883,0.744918,1.44347
0.331865,0.210643,0.0322803;1.60754,0.838666,1.50639
0.337637,0.203992,0.028841;1.56992,0.938453,1.55884
0.340418,0.202554,0.0285962;1.57037,1.07494,1.57069
0.33945,0.202732,0.0286316;1.57079,1.0019,1.5733
0.339228,0.203743,0.0292944;1.59666,0.926217,1.55419
0.334391,0.205484,0.0339163;1.69873,0.759266,1.48021
0.352683,0.184759,0.0339734;1.68023,0.809076,1.46478
0.357569,0.17904,0.0298702;1.56863,0.90439,1.54527
0.362547,0.173689,0.0288227;1.57213,1.0254,1.55894
0.363014,0.17444,0.0286445;1.57002,1.04363,1.57447
0.362436,0.175057,0.0288088;1.57627,1.00149,1.57516
0.359366,0.178236,0.0320439;1.65918,0.896613,1.51262
0.37027,0.160901,0.0355121;1.71619,0.765847,1.45354
0.384855,0.14961,0.0302562;1.63017,0.845025,1.52019
0.387596,0.146625,0.0288102;1.57069,0.936038,1.55925
0.388962,0.145873,0.028898;1.55984,1.02184,1.57076
0.387661,0.146825,0.0286599;1.57086,0.972539,1.56712
0.381682,0.152126,0.0288901;1.59136,0.84517,1.55394
0.385216,0.139228,0.0364208;1.72586,0.648295,1.46395
0.399445,0.127329,0.0333787;1.69,0.70978,1.48833
0.403949,0.124641,0.0286691;1.56836,0.802046,1.56669
0.406917,0.12465,0.0285841;1.57041,0.955753,1.57114
0.405643,0.125559,0.0285787;1.57097,0.866199,1.57091
0.401331,0.133834,0.0295362;1.57596,0.74346,1.54901
0.394629,0.132798,0.0367516;1.66536,0.426375,1.50797
0.408103,0.11521,0.0363316;1.73488,0.464227,1.48774
0.416039,0.106996,0.0289024;1.58333,0.549721,1.55934
0.421354,0.105413,0.0288477;1.55248,0.795645,1.58401
0.421143,0.105645,0.0287296;1.56053,0.780733,1.57795
0.420966,0.105922,0.0285841;1.57107,0.747289,1.57083
0.410314,0.117056,0.0356415;1.60256,0.453745,1.52146
0.420646,0.0997604,0.0384053;1.67326,0.487151,1.47743
0.436848,0.0788059,0.0308772;1.62112,0.561037,1.53255
0.440032,0.0735678,0.0286585;1.56591,0.739299,1.57408
0.439603,0.0738199,0.0286899;1.56362,0.715716,1.57546
0.439307,0.0733822,0.0287297;1.57097,0.685245,1.57796
0.439307,0.0733822,0.0287297;1.57097,0.685245,1.57796
0.438507,0.0760864,0.0298756;1.60013,0.613989,1.56127
0.438507,0.0760864,0.0298756;1.60013,0.613989,1.56127
