-0.125,0.125,0.06;-1.57,-2.98023e-08,-1.57
-0.125,0.125,0.06;-1.57,-2.98023e-08,-1.57
-0.125,0.125,0.06;-1.57,-2.98023e-08,-1.57
-0.12328,0.129064,0.0286558;-1.5711,-0.322067,-1.57467
-0.124235,0.126336,0.0285779;-1.57093,-0.237024,-1.5707
-0.124734,0.121596,0.029517;-1.56892,-0.116791,-1.55868
-0.121304,0.108026,0.0366378;-1.41625,-0.000539988,-1.57499
-0.126633,0.127391,0.0301835;-1.56858,-0.238044,-1.60434
-0.125093,0.136931,0.0290981;-1.58937,-0.3791,-1.58539
-0.123492,0.1394,0.028748;-1.57731,-0.462759,-1.57594
-0.122548,0.137119,0.028697;-1.5701,-0.267181,-1.56535
-0.120275,0.140918,0.0300128;-1.56277,-0.122123,-1.54479
-0.119013,0.139026,0.0320383;-1.5595,0.0379036,-1.51748
-0.113193,0.144392,0.034131;-1.49506,0.0129881,-1.5949
-0.108414,0.155282,0.0347473;-1.53515,-0.0349236,-1.64605
-0.104372,0.164914,0.0373794;-1.55013,-0.0881092,-1.67752
-0.107213,0.172528,0.0325945;-1.56528,-0.141879,-1.63298
-0.110122,0.165375,0.0332335;-1.63008,-0.0549449,-1.5991
-0.115366,0.156155,0.0374998;-1.67792,0.050116,-1.56657
-0.112839,0.142237,0.0419067;-1.59075,0.025096,-1.58205
-0.110741,0.138381,0.0398353;-1.54932,-0.113073,-1.63284
-0.109035,0.140792,0.0353337;-1.56471,-0.189693,-1.66814
-0.113233,0.144087,0.037637;-1.56835,-0.353823,-1.68803
-0.117294,0.141101,0.0358356;-1.53997,-0.341967,-1.64376
-0.120981,0.132015,0.0346888;-1.47883,-0.266066,-1.57427
-0.121549,0.122427,0.034934;-1.44188,-0.18692,-1.54481
-0.123401,0.120962,0.0290906;-1.55094,-0.229853,-1.56072
-0.123405,0.120561,0.0286365;-1.57059,-0.326187,-1.56766
-0.123385,0.120444,0.0286536;-1.57193,-0.32636,-1.56855
-0.12349,0.120254,0.0285814;-1.57062,-0.304789,-1.57102
-0.117654,0.12358,0.033668;-1.47254,-0.143933,-1.54769
-0.116347,0.128637,0.0359735;-1.46944,-0.0908802,-1.52613
-0.117839,0.125489,0.0319104;-1.50237,-0.150653,-1.55384
-0.12009,0.124637,0.0292384;-1.56267,-0.212511,-1.58269
-0.120908,0.124361,0.0289939;-1.55911,-0.225978,-1.57655
-0.120733,0.12397,0.0291072;-1.55399,-0.212972,-1.57596
-0.120492,0.123441,0.030192;-1.53709,-0.179413,-1.55988
-0.118485,0.125661,0.0327369;-1.49774,-0.109938,-1.54611
-0.114696,0.128746,0.0348541;-1.44714,-0.0602712,-1.56008
-0.107079,0.132221,0.0322971;-1.5267,-0.0299238,-1.60894
-0.109354,0.14,0.0339373;-1.55595,-0.118416,-1.63524
-0.110893,0.147337,0.0326209;-1.55256,-0.228337,-1.62016
-0.111258,0.143783,0.029421;-1.55722,-0.205448,-1.58176
-0.108066,0.137805,0.0345328;-1.46193,-0.120306,-1.57001
-0.102525,0.131865,0.039233;-1.35898,-0.0241202,-1.5683
-0.0985164,0.137692,0.0379072;-1.45492,-0.0302238,-1.62257
-0.0992614,0.145145,0.0348573;-1.55983,-0.0837431,-1.65816
-0.096372,0.154364,0.0345203;-1.56559,-0.189041,-1.64547
-0.101157,0.154974,0.0352535;-1.49842,-0.259331,-1.60475
-0.0979074,0.152722,0.0370154;-1.39703,-0.236765,-1.53523
-0.0976983,0.152878,0.039729;-1.34176,-0.230928,-1.52107
-0.102236,0.159707,0.0438323;-1.39677,-0.316646,-1.61907
-0.104307,0.163997,0.0445604;-1.45861,-0.34245,-1.6872
-0.106923,0.169699,0.0446592;-1.50173,-0.385488,-1.7339
-0.102216,0.169386,0.0474942;-1.35153,-0.382868,-1.6173
-0.102238,0.165784,0.0491688;-1.33764,-0.35275,-1.62218
-0.099729,0.161571,0.0479113;-1.26908,-0.291995,-1.54928
-0.0993247,0.163707,0.0445484;-1.36243,-0.29902,-1.59387
-0.099864,0.166635,0.043656;-1.42673,-0.323587,-1.64859
-0.104311,0.17027,0.0440925;-1.49877,-0.363988,-1.72415
-0.105892,0.175414,0.0470007;-1.44105,-0.417457,-1.69249
-0.103326,0.170205,0.0487675;-1.38321,-0.366439,-1.65608
-0.0981726,0.165764,0.0480993;-1.29403,-0.314989,-1.56807
-0.0891659,0.157251,0.0398543;-1.36111,-0.179306,-1.54712
-0.0878341,0.157365,0.0335197;-1.46737,-0.164826,-1.5592
-0.0882061,0.15907,0.0292677;-1.54636,-0.161776,-1.57546
-0.0904645,0.159903,0.0289551;-1.56163,-0.207587,-1.57781
-0.0896098,0.159009,0.0312775;-1.508,-0.194874,-1.56597
-0.0882146,0.157685,0.0362478;-1.41825,-0.178544,-1.54609
-0.0859132,0.160589,0.0405794;-1.33455,-0.143709,-1.53353
-0.0874112,0.164174,0.0416222;-1.3414,-0.170879,-1.56143
-0.0868981,0.167015,0.0397521;-1.39497,-0.161585,-1.5921
-0.084575,0.169567,0.0319151;-1.55108,-0.112692,-1.61164
-0.0839095,0.165778,0.0310058;-1.5662,-0.0701374,-1.61262
-0.0832521,0.161233,0.0323043;-1.53639,-0.0238842,-1.60914
-0.0813567,0.14504,0.0383949;-1.40214,0.0668743,-1.56711
-0.079915,0.142591,0.03849;-1.39158,0.0219776,-1.58599
-0.079919,0.14397,0.0385722;-1.42871,-0.00218886,-1.62512
-0.0848413,0.154498,0.0409703;-1.48343,-0.107977,-1.68406
-0.0858776,0.154674,0.0438191;-1.4449,-0.0993877,-1.68756
-0.0834741,0.152814,0.0452269;-1.34563,-0.0795251,-1.63267
-0.0809075,0.142827,0.0411251;-1.349,0.00716523,-1.55427
-0.0805398,0.142296,0.0410776;-1.3207,-0.0399813,-1.56341
-0.0811075,0.145955,0.0440062;-1.29123,-0.0935368,-1.57103
-0.0768497,0.150162,0.0374293;-1.47115,-0.0107024,-1.63187
-0.0773664,0.148327,0.0341644;-1.52404,0.0553633,-1.62825
-0.0783828,0.147005,0.0316249;-1.52026,0.0496525,-1.5863
-0.0893497,0.139424,0.0354939;-1.57227,0.00444962,-1.49593
-0.0843597,0.143801,0.0328325;-1.56077,-0.0167303,-1.52796
-0.0802634,0.146472,0.0288988;-1.56107,-0.00408016,-1.57253
-0.0798183,0.147779,0.0316674;-1.55483,0.0151108,-1.61155
-0.0785782,0.14398,0.0314284;-1.56617,0.0639174,-1.61814
-0.0776455,0.141805,0.0320951;-1.55074,0.0719045,-1.6254
-0.0924564,0.121397,0.0361417;-1.53287,-0.0241573,-1.52096
-0.094762,0.107795,0.0315216;-1.52616,-0.102511,-1.55459
-0.0959382,0.105452,0.0303234;-1.54288,-0.121038,-1.55788
-0.098906,0.107984,0.0302614;-1.54072,-0.185596,-1.58572
-0.116455,0.120963,0.03146;-1.5462,-0.381503,-1.5983
-0.121185,0.124776,0.029099;-1.56371,-0.438285,-1.58637
-0.119391,0.121202,0.0296373;-1.55086,-0.360939,-1.56629
-0.119414,0.086074,0.0349446;-1.44196,-0.360014,-1.52139
-0.118521,0.0841046,0.0352258;-1.43866,-0.380964,-1.53204
-0.119604,0.087564,0.0310623;-1.5292,-0.403876,-1.57598
-0.12441,0.104006,0.0290899;-1.56742,-0.548387,-1.58296
-0.124201,0.103389,0.0293998;-1.57116,-0.533064,-1.59133
-0.120324,0.0991046,0.0302864;-1.54652,-0.467335,-1.58008
-0.109028,0.0719621,0.0395872;-1.34473,-0.399685,-1.47809
-0.114372,0.0712844,0.0384418;-1.37836,-0.508724,-1.50163
-0.120529,0.0754419,0.034312;-1.48155,-0.585109,-1.56256
-0.128804,0.0909228,0.0291479;-1.574,-0.743404,-1.5869
-0.130147,0.0909823,0.0288001;-1.56871,-0.760582,-1.57954
-0.130437,0.0903171,0.0292334;-1.53275,-0.756929,-1.54823
-0.12957,0.0861614,0.0344517;-1.44897,-0.696355,-1.47173
-0.127119,0.0830547,0.0336603;-1.43846,-0.717144,-1.48557
-0.13033,0.0850761,0.0308235;-1.52108,-0.771708,-1.55412
-0.131491,0.0969839,0.0318885;-1.56124,-0.844439,-1.61278
-0.135333,0.0987585,0.0328219;-1.55955,-0.879146,-1.61971
-0.138883,0.102082,0.028982;-1.55978,-0.920938,-1.57457
-0.141946,0.100121,0.0333892;-1.43521,-0.891252,-1.44912
-0.140534,0.0968069,0.0337446;-1.40142,-0.895722,-1.4352
-0.139471,0.096313,0.0318594;-1.46191,-0.909064,-1.48986
-0.140259,0.107337,0.0305868;-1.58573,-0.938408,-1.61076
-0.140861,0.112719,0.0313485;-1.5736,-1.00016,-1.6147
-0.139148,0.112328,0.033403;-1.56215,-0.978252,-1.63554
-0.143443,0.113964,0.0358816;-1.3612,-0.983036,-1.41895
-0.14856,0.115669,0.0368217;-1.2933,-0.975088,-1.3443
-0.149289,0.115594,0.0342141;-1.37126,-0.996523,-1.40809
-0.149469,0.119154,0.0291898;-1.57871,-1.01617,-1.59723
-0.150442,0.122553,0.0295433;-1.60318,-1.0684,-1.61344
-0.148408,0.121982,0.02988;-1.60352,-1.03773,-1.61522
-0.136722,0.119707,0.0370732;-1.4193,-0.854036,-1.51163
-0.137361,0.115268,0.0433153;-1.24361,-0.861714,-1.37981
-0.13777,0.112976,0.0448229;-1.21786,-0.884827,-1.36988
-0.134734,0.108711,0.0390565;-1.51139,-0.894343,-1.64721
-0.137216,0.108992,0.037243;-1.57524,-0.924332,-1.67543
-0.134527,0.10463,0.030847;-1.55895,-0.892458,-1.59848
-0.133242,0.105915,0.0353736;-1.48227,-0.868717,-1.57042
-0.12271,0.103703,0.0411428;-1.31381,-0.769419,-1.44756
-0.11494,0.10184,0.044215;-1.22062,-0.706967,-1.37867
-0.121189,0.109654,0.0429039;-1.38657,-0.833089,-1.55795
-0.12232,0.115077,0.0423756;-1.50195,-0.852945,-1.6866
-0.121671,0.116618,0.0426469;-1.50933,-0.856903,-1.69914
-0.118308,0.122284,0.0447961;-1.34148,-0.856001,-1.52099
-0.115827,0.122987,0.0465307;-1.22055,-0.836759,-1.40201
-0.113426,0.119126,0.0491557;-1.12445,-0.806388,-1.32091
-0.11625,0.121645,0.0482795;-1.36602,-0.861734,-1.59198
-0.112838,0.126273,0.0447621;-1.44222,-0.809897,-1.64481
-0.109941,0.129221,0.044251;-1.46238,-0.760819,-1.66374
-0.10366,0.125605,0.0481936;-1.3135,-0.72515,-1.53406
-0.0999541,0.126634,0.0473687;-1.20175,-0.707422,-1.40131
-0.0996188,0.126785,0.0483135;-1.14356,-0.704913,-1.34241
-0.104374,0.127139,0.0496712;-1.29688,-0.787829,-1.5277
-0.101334,0.129217,0.0458356;-1.38027,-0.762217,-1.58557
-0.0977554,0.127495,0.041216;-1.50501,-0.69343,-1.67028
-0.0978198,0.13117,0.0389542;-1.5164,-0.714183,-1.65916
-0.0990583,0.126071,0.0437134;-1.39362,-0.705714,-1.56715
-0.10142,0.123742,0.0443766;-1.30927,-0.695442,-1.47622
-0.101082,0.125942,0.0396231;-1.34114,-0.675245,-1.45826
-0.100898,0.129668,0.038373;-1.43816,-0.67205,-1.55845
-0.100198,0.132532,0.0360863;-1.54889,-0.64423,-1.65661
-0.0984346,0.131193,0.0381851;-1.54825,-0.686729,-1.68145
-0.0968896,0.12828,0.0398517;-1.48649,-0.665779,-1.62789
-0.097445,0.126559,0.0401238;-1.40442,-0.643986,-1.53491
-0.0984453,0.116856,0.0397354;-1.32513,-0.544753,-1.4527
-0.0992004,0.117922,0.0377097;-1.40003,-0.555647,-1.51294
-0.102067,0.122676,0.0343034;-1.53365,-0.587141,-1.61853
-0.110986,0.128671,0.0294966;-1.5766,-0.671573,-1.59285
-0.110072,0.127785,0.0293373;-1.57323,-0.65628,-1.59355
-0.109278,0.126528,0.0294322;-1.56523,-0.626192,-1.58084
-0.11174,0.124568,0.0350774;-1.51343,-0.565794,-1.48982
-0.107655,0.11938,0.0336817;-1.45105,-0.614161,-1.50325
-0.112195,0.12026,0.0298656;-1.55276,-0.667215,-1.57916
-0.118354,0.127015,0.0301232;-1.58748,-0.752841,-1.60567
-0.11824,0.125645,0.0299565;-1.5745,-0.745688,-1.59912
-0.117951,0.123919,0.0290873;-1.58355,-0.727409,-1.5892
-0.120096,0.117041,0.0357425;-1.60513,-0.679547,-1.54861
-0.111016,0.114868,0.034692;-1.62568,-0.676351,-1.6054
-0.101927,0.111316,0.0313372;-1.56594,-0.663253,-1.61451
-0.107838,0.117854,0.0330894;-1.60192,-0.797864,-1.64629
-0.109431,0.118107,0.0313143;-1.56636,-0.826282,-1.61026
-0.111772,0.11859,0.0330606;-1.48275,-0.832377,-1.54688
-0.111772,0.11859,0.0330606;-1.48275,-0.832377,-1.54688
-0.116916,0.11963,0.039456;-1.32839,-0.882495,-1.42974
-0.116916,0.11963,0.039456;-1.32839,-0.882495,-1.42974
