-0.125,0.125,0.11;-1.57,-2.98023e-08,-1.57
-0.125,0.125,0.11;-1.57,-2.98023e-08,-1.57
-0.125,0.125,0.11;-1.57,-2.98023e-08,-1.57
-0.122293,0.129891,0.0560383;-1.57323,-0.239176,-1.56881
-0.125805,0.133374,0.0576318;-1.59143,-0.153409,-1.57006
-0.133145,0.124587,0.0687773;-1.66664,-0.0600972,-1.57801
-0.141049,0.0834165,0.0924206;-1.62011,0.0107052,-1.55819
-0.138145,0.0961301,0.0583913;-1.58264,-0.196529,-1.55529
-0.137181,0.0905089,0.057524;-1.56726,-0.228421,-1.55495
-0.140364,0.0850933,0.0568773;-1.56374,-0.250356,-1.5581
-0.139772,0.097815,0.0635005;-1.58778,-0.140217,-1.52508
-0.149856,0.0934559,0.0730937;-1.67822,-0.00938426,-1.54439
-0.156407,0.0638892,0.0923633;-1.63863,0.113368,-1.56437
-0.158876,0.0368802,0.0839445;-1.69148,-0.00251457,-1.55857
-0.156943,0.0421556,0.0693802;-1.68954,-0.0697809,-1.56536
-0.150414,0.0340308,0.0561775;-1.57023,-0.100353,-1.56806
-0.156758,0.0393526,0.0590638;-1.58241,-0.00429503,-1.54654
-0.166078,0.0367733,0.069038;-1.65785,0.0935824,-1.5325
-0.179122,0.0202982,0.0886538;-1.71105,0.213008,-1.54174
-0.182514,-0.0285335,0.100412;-1.58479,0.230545,-1.56286
-0.184394,-0.0309167,0.0883604;-1.66399,0.107872,-1.54162
-0.186444,-0.0268857,0.0694781;-1.65388,0.0185997,-1.52991
-0.188549,-0.0364324,0.0645426;-1.56951,-0.0646252,-1.51215
-0.192388,-0.0352924,0.0636343;-1.59653,0.00784366,-1.52663
-0.202572,-0.0346496,0.0743046;-1.70439,0.136035,-1.5227
-0.211832,-0.0506555,0.0897255;-1.751,0.219337,-1.53341
-0.212936,-0.0761662,0.0840485;-1.69683,0.155908,-1.52091
-0.208922,-0.0902608,0.0567888;-1.58792,0.0684755,-1.56991
-0.209293,-0.0893443,0.0563241;-1.57277,0.0946344,-1.56668
-0.21063,-0.0844494,0.0571833;-1.57715,0.152234,-1.5559
-0.23444,-0.103314,0.0822992;-1.63685,0.365397,-1.53612
-0.250346,-0.142305,0.103097;-1.57508,0.468049,-1.54894
-0.259924,-0.16485,0.0955301;-1.61384,0.368275,-1.53057
-0.263394,-0.162646,0.072841;-1.68227,0.170234,-1.51114
-0.265073,-0.17512,0.0612298;-1.60302,0.126258,-1.54597
-0.268626,-0.176727,0.0617994;-1.58115,0.153872,-1.53174
-0.286074,-0.173771,0.0671834;-1.63659,0.318348,-1.51834
-0.30798,-0.201714,0.0950126;-1.66456,0.4534,-1.52931
-0.32306,-0.240895,0.106154;-1.61483,0.480549,-1.52703
-0.326992,-0.265447,0.0681002;-1.70188,0.283089,-1.53473
-0.331626,-0.26327,0.0658582;-1.67563,0.322454,-1.53748
-0.343863,-0.268412,0.058298;-1.60677,0.388447,-1.55858
-0.354662,-0.260402,0.0628404;-1.61097,0.53521,-1.5188
-0.374216,-0.268101,0.0813802;-1.7151,0.649023,-1.46927
-0.396245,-0.290426,0.104819;-1.64122,0.754774,-1.51478
-0.409415,-0.32039,0.0821641;-1.78445,0.537469,-1.42709
-0.41305,-0.334201,0.0747924;-1.75238,0.45244,-1.4791
-0.429648,-0.343332,0.0622456;-1.63463,0.311769,-1.54956
-0.44565,-0.33959,0.0624583;-1.63141,0.44008,-1.52883
-0.457947,-0.343223,0.0737329;-1.69224,0.535821,-1.48301
-0.478536,-0.369451,0.0994529;-1.62667,0.689702,-1.53038
-0.492457,-0.400459,0.0653465;-1.6451,0.452794,-1.51941
-0.4863,-0.404109,0.0608628;-1.63147,0.402671,-1.54799
-0.484781,-0.405617,0.0627177;-1.65074,0.401853,-1.54232
-0.490379,-0.403572,0.0626449;-1.63811,0.508032,-1.52417
-0.497568,-0.408357,0.0734155;-1.62665,0.60855,-1.51265
-0.51857,-0.436397,0.0969524;-1.50746,0.774042,-1.58776
-0.542202,-0.46498,0.0771763;-1.56497,0.595501,-1.52125
-0.541611,-0.466794,0.0670973;-1.65946,0.501,-1.50027
-0.545012,-0.47645,0.0640155;-1.65742,0.46813,-1.52358
-0.550034,-0.466921,0.0651188;-1.67251,0.547498,-1.50602
-0.557245,-0.45946,0.0712468;-1.70812,0.647704,-1.45761
-0.580583,-0.473584,0.0878701;-1.70896,0.768496,-1.46579
-0.628818,-0.532783,0.0863687;-1.53081,0.830037,-1.56602
-0.641219,-0.542754,0.0648915;-1.57262,0.695424,-1.54489
-0.63979,-0.545369,0.0589309;-1.61837,0.638463,-1.54403
-0.629482,-0.541076,0.0691885;-1.74917,0.755903,-1.44718
-0.624921,-0.5317,0.0750332;-1.80135,0.86653,-1.36558
-0.625662,-0.522025,0.0828383;-1.96566,0.992831,-1.20521
-0.653188,-0.525336,0.106675;-2.12815,1.20968,-1.05996
-0.674417,-0.543113,0.0977848;-1.87796,1.14736,-1.27813
-0.678732,-0.556624,0.0589076;-1.62238,1.04471,-1.50796
-0.670574,-0.561676,0.0604971;-1.64235,0.936531,-1.52411
-0.660522,-0.552902,0.0655604;-1.74619,1.01253,-1.41728
-0.659812,-0.545736,0.0695855;-1.81628,1.09316,-1.33929
-0.703735,-0.562033,0.100844;-1.44302,1.37311,-1.66723
-0.734698,-0.570663,0.0977219;-1.41127,1.21675,-1.67744
-0.74088,-0.562923,0.0692626;-1.47459,1.05917,-1.62914
-0.735694,-0.567857,0.0577574;-1.61722,0.933098,-1.53329
-0.725534,-0.571222,0.0675113;-1.74647,1.03325,-1.40012
-0.700196,-0.563464,0.0782968;-1.94692,1.11503,-1.18722
-0.695127,-0.5537,0.106162;-1.75733,1.41222,-1.37931
-0.702859,-0.55636,0.0982849;-1.65323,1.27074,-1.47055
-0.7134,-0.557975,0.06925;-1.65453,1.14568,-1.46572
-0.714254,-0.562821,0.0568348;-1.60729,1.06827,-1.53845
-0.711799,-0.555902,0.0633826;-1.77948,1.19929,-1.37227
-0.706898,-0.551265,0.0707229;-1.96118,1.20732,-1.19116
-0.729525,-0.543821,0.0998706;-1.94512,1.44794,-1.20066
-0.742266,-0.537935,0.101146;-1.83182,1.38635,-1.28185
-0.758713,-0.539693,0.0722596;-1.87631,1.31245,-1.25221
-0.76737,-0.549191,0.0565723;-1.58856,1.24181,-1.54796
-0.762357,-0.549203,0.0635456;-1.76388,1.34685,-1.35612
-0.748887,-0.546241,0.0765733;-2.28461,1.34684,-0.83228
-0.719134,-0.539531,0.0921301;2.7692,1.21181,0.373989
-0.726467,-0.530618,0.0949592;2.61857,1.16069,0.52257
-0.74375,-0.527671,0.0884611;2.48111,1.21847,0.675061
-0.774526,-0.536122,0.0565063;1.6219,1.52131,1.5276
-0.769234,-0.535238,0.0574358;1.82467,1.47342,1.31867
-0.769441,-0.532961,0.0617013;2.04314,1.42752,1.1025
-0.767688,-0.529961,0.0771196;2.22677,1.30405,0.920974
-0.790061,-0.5214,0.103226;1.71483,1.18854,1.45044
-0.800157,-0.503232,0.0910498;1.70074,1.31546,1.48892
-0.788923,-0.491881,0.0596148;1.69382,1.4643,1.47949
-0.777698,-0.488376,0.0610804;-1.53327,1.47699,-1.56882
-0.779858,-0.487461,0.0638352;-1.78574,1.49446,-1.308
-0.773204,-0.495305,0.0746272;3.11008,1.45546,0.0766403
-0.783647,-0.506467,0.100993;1.88606,1.29816,1.2636
-0.799586,-0.489972,0.103063;2.05786,1.37733,1.11507
-0.788504,-0.473225,0.0712858;2.8561,1.502,0.314177
-0.782209,-0.475063,0.0565885;-1.65793,1.48066,-1.47958
-0.77588,-0.473845,0.0567464;-1.75817,1.53722,-1.37379
-0.771914,-0.471434,0.0625395;-3.03325,1.51433,-0.0962413
-0.790567,-0.473131,0.101947;1.99233,1.34709,1.1438
-0.809935,-0.462882,0.107576;2.11277,1.31977,1.04975
-0.804231,-0.440919,0.076233;2.25994,1.4026,0.910631
-0.799308,-0.423815,0.0621732;-1.49406,1.50245,-1.60374
-0.799662,-0.422879,0.0648662;-1.44806,1.51182,-1.63571
-0.798777,-0.423054,0.0661285;2.84071,1.53146,0.350563
-0.798937,-0.414881,0.0950761;2.22935,1.24704,0.918169
-0.825685,-0.409135,0.106918;2.07854,1.23793,1.08072
-0.830216,-0.403565,0.0972489;2.31717,1.2332,0.847876
-0.843841,-0.402114,0.0570145;1.71284,1.41378,1.43067
-0.841559,-0.401069,0.0569758;1.71268,1.42073,1.43064
-0.834055,-0.402152,0.0579808;1.7349,1.41213,1.41352
-0.826999,-0.410965,0.0743102;1.60952,1.32706,1.54838
-0.826342,-0.415711,0.0867326;1.34512,1.28149,1.80669
-0.829738,-0.410505,0.08205;1.41216,1.32824,1.75601
-0.821642,-0.394007,0.0641538;2.63468,1.56493,0.56516
-0.824187,-0.386483,0.0639203;-1.55594,1.39508,-1.53554
-0.820081,-0.386066,0.0620266;-1.54343,1.38185,-1.55991
-0.80443,-0.376866,0.071918;-2.7599,1.44365,-0.356288
-0.823841,-0.375035,0.0878786;2.756,1.42672,0.390282
-0.852524,-0.378162,0.105497;2.25678,1.44524,0.893963
-0.827534,-0.35707,0.069346;-2.7104,1.42643,-0.428709
-0.826409,-0.353624,0.0617231;-2.05186,1.44152,-1.09359
-0.824647,-0.351104,0.0566203;-1.63136,1.40538,-1.50778
-0.818928,-0.347743,0.0616195;-1.87258,1.48661,-1.24124
-0.836063,-0.346059,0.0791319;2.74158,1.50954,0.412268
-0.84899,-0.350937,0.0964142;1.27122,1.47003,1.8881
-0.840876,-0.338573,0.0814291;-2.47877,1.39514,-0.631906
-0.834357,-0.334331,0.0778001;-2.41163,1.37809,-0.689664
-0.832082,-0.332901,0.0728051;-2.12704,1.41787,-0.958845
-0.826011,-0.330993,0.0591068;-2.10359,1.55201,-1.01274
-0.835234,-0.318759,0.0726091;2.31566,1.43809,0.852131
-0.846048,-0.316933,0.0930244;1.56565,1.3978,1.60141
-0.849234,-0.314387,0.0724297;2.37064,1.37071,0.77195
-0.851325,-0.315581,0.0658605;2.34912,1.42559,0.796023
-0.851935,-0.31465,0.0643877;2.35378,1.45049,0.786285
-0.842087,-0.317264,0.0625019;2.17001,1.4593,0.981003
-0.833311,-0.322657,0.0751628;2.37001,1.37761,0.808423
-0.828816,-0.33198,0.0898458;2.01202,1.33624,1.16278
-0.836277,-0.323804,0.0850608;2.47027,1.34498,0.73163
-0.84373,-0.314579,0.0716572;2.61681,1.45101,0.567326
-0.849191,-0.304888,0.0639566;-2.39896,1.48551,-0.729866
-0.836479,-0.297261,0.0567574;-1.61937,1.46094,-1.5115
-0.836172,-0.297489,0.0606167;-1.86506,1.50087,-1.25486
-0.850716,-0.296459,0.0745445;2.45343,1.54367,0.726893
-0.853536,-0.292984,0.0806802;1.80855,1.52707,1.37271
-0.848947,-0.290498,0.0639091;-2.68897,1.5042,-0.433538
-0.847034,-0.288245,0.0579355;-1.93493,1.48986,-1.20617
-0.818826,-0.288061,0.0566697;-1.62251,1.43699,-1.51231
-0.812504,-0.287877,0.06434;-1.80341,1.47277,-1.2902
-0.816358,-0.284197,0.0749433;2.99013,1.48886,0.217828
-0.848176,-0.281572,0.0943764;1.58313,1.45062,1.61131
-0.850879,-0.273755,0.082303;2.52582,1.55715,0.660335
-0.845865,-0.275696,0.071826;-2.46289,1.41327,-0.657242
-0.837019,-0.271183,0.0713067;-2.52205,1.40392,-0.614558
-0.832106,-0.266665,0.0568436;2.14024,1.55738,1.01252
-0.835549,-0.259313,0.0637904;1.99298,1.48547,1.18719
-0.844594,-0.260531,0.0841933;1.40872,1.3858,1.77037
-0.848071,-0.255692,0.0792017;1.65839,1.42728,1.51684
-0.851032,-0.253256,0.0652781;2.27525,1.42098,0.867132
-0.849467,-0.257471,0.0569496;1.81446,1.5303,1.3165
-0.837596,-0.255976,0.0594335;1.88314,1.48481,1.27069
-0.823952,-0.257126,0.0670712;1.85273,1.4095,1.34124
-0.801381,-0.282729,0.0935198;1.65017,1.25039,1.55149
-0.82073,-0.271747,0.0888104;1.73113,1.26531,1.46878
-0.827189,-0.260185,0.0700151;1.84293,1.34192,1.34809
-0.823146,-0.250382,0.0566786;1.74813,1.49947,1.39162
-0.801344,-0.254095,0.0571863;2.88009,1.54562,0.260241
-0.791425,-0.253641,0.0608461;2.64752,1.53346,0.512456
-0.791425,-0.253641,0.0608461;2.64752,1.53346,0.512456
-0.791967,-0.252467,0.0713641;2.24263,1.44368,0.948829
-0.791967,-0.252467,0.0713641;2.24263,1.44368,0.948829
