-0.125,0.125,0.11;-1.57,-2.98023e-08,-1.57
-0.125,0.125,0.11;-1.57,-2.98023e-08,-1.57
-0.125,0.125,0.11;-1.57,-2.98023e-08,-1.57
-0.122609,0.128921,0.0561706;-1.57082,-0.241399,-1.56845
-0.126063,0.132331,0.0576658;-1.59058,-0.154928,-1.56976
-0.13392,0.123755,0.0681182;-1.66238,-0.047629,-1.5772
-0.13843,0.0785179,0.093505;-1.63862,0.00818533,-1.55914
-0.136354,0.0886625,0.0696305;-1.65278,-0.201517,-1.54212
-0.129743,0.0748988,0.0574947;-1.56931,-0.271934,-1.55473
-0.130988,0.0712355,0.0562038;-1.57066,-0.308613,-1.56791
-0.136654,0.0768823,0.0584174;-1.57851,-0.193567,-1.54967
-0.142431,0.0630593,0.0695783;-1.62219,-0.0980692,-1.54305
-0.139944,0.0261732,0.0952848;-1.57097,0.0516145,-1.55828
-0.141656,-0.00292828,0.0798211;-1.64108,-0.0592619,-1.56273
-0.140999,0.0173436,0.0665541;-1.66061,-0.153934,-1.56201
-0.135995,0.0137892,0.0629808;-1.61101,-0.183339,-1.55211
-0.142282,0.0201522,0.0629825;-1.57777,-0.1099,-1.51981
-0.148038,0.0136987,0.0667985;-1.61874,0.000193447,-1.53077
-0.156404,-0.0133366,0.0884915;-1.63528,0.140486,-1.56215
-0.157879,-0.0690078,0.0914168;-1.48435,0.156896,-1.54104
-0.163504,-0.0782674,0.0796777;-1.56265,-0.00372181,-1.54458
-0.16202,-0.0719803,0.0627095;-1.63744,-0.123798,-1.57136
-0.161011,-0.0665409,0.0569765;-1.58411,-0.0641393,-1.56351
-0.167079,-0.0508053,0.0646253;-1.59761,0.0429039,-1.52129
-0.178339,-0.0505854,0.0757006;-1.63023,0.209128,-1.50774
-0.191806,-0.0750981,0.094763;-1.67149,0.342461,-1.53183
-0.193601,-0.0934315,0.0805478;-1.69373,0.238136,-1.51622
-0.187286,-0.107513,0.0576852;-1.59947,0.106936,-1.56806
-0.190231,-0.107193,0.0630878;-1.64924,0.161133,-1.55639
-0.195235,-0.102223,0.0649067;-1.66797,0.23365,-1.5481
-0.211764,-0.109912,0.0817498;-1.6422,0.407825,-1.52464
-0.229092,-0.150073,0.0996415;-1.56032,0.533748,-1.55211
-0.241785,-0.186072,0.0905786;-1.49677,0.450883,-1.55483
-0.245554,-0.190884,0.0575443;-1.57565,0.170629,-1.55606
-0.245862,-0.193002,0.0567342;-1.58651,0.159473,-1.56885
-0.252134,-0.195846,0.0614783;-1.63451,0.250856,-1.55392
-0.255844,-0.179255,0.0763879;-1.74278,0.408878,-1.48157
-0.266361,-0.189421,0.0932722;-1.67376,0.565715,-1.50842
-0.283446,-0.22764,0.101654;-1.6222,0.62762,-1.51874
-0.290655,-0.258672,0.0580688;-1.57678,0.345384,-1.54704
-0.291474,-0.26277,0.0612209;-1.56594,0.285821,-1.53546
-0.296914,-0.265212,0.0596564;-1.56056,0.250591,-1.54402
-0.293564,-0.255644,0.0731339;-1.74912,0.41114,-1.49586
-0.30157,-0.255565,0.0847455;-1.81825,0.518056,-1.46341
-0.316783,-0.277538,0.101831;-1.67953,0.644018,-1.50399
-0.332247,-0.317089,0.0640473;-1.51914,0.357221,-1.55839
-0.331886,-0.320247,0.0563324;-1.57076,0.234229,-1.56458
-0.33176,-0.321369,0.0563562;-1.57123,0.202103,-1.56397
-0.322947,-0.298294,0.0695387;-1.6623,0.472372,-1.48743
-0.327589,-0.297605,0.0873293;-1.74207,0.60695,-1.46715
-0.334635,-0.306793,0.102755;-1.72,0.720547,-1.49328
-0.342303,-0.321803,0.0708753;-1.74315,0.536586,-1.47955
-0.34401,-0.333373,0.0561501;-1.56415,0.502065,-1.56724
-0.343497,-0.333718,0.0564259;-1.57232,0.48635,-1.5629
-0.34147,-0.321773,0.0592767;-1.59965,0.620736,-1.53537
-0.352383,-0.32749,0.0735461;-1.68622,0.713754,-1.47668
-0.367103,-0.342436,0.0962319;-1.61742,0.825298,-1.53435
-0.387789,-0.367307,0.0886876;-1.73169,0.708977,-1.45491
-0.387132,-0.3643,0.0814015;-1.85192,0.607283,-1.39342
-0.398858,-0.386722,0.0580872;-1.60173,0.554037,-1.55305
-0.40105,-0.386317,0.0589655;-1.58292,0.55664,-1.54039
-0.40392,-0.383095,0.0679123;-1.65136,0.651029,-1.48684
-0.416739,-0.386596,0.0903592;-1.66725,0.790038,-1.49226
-0.454364,-0.432542,0.0902913;-1.61935,0.877886,-1.51558
-0.447967,-0.433622,0.0789697;-1.76812,0.752486,-1.43123
-0.439397,-0.43198,0.0769509;-1.82479,0.723505,-1.39199
-0.455946,-0.44569,0.0599102;-1.58674,0.687773,-1.53634
-0.453867,-0.437367,0.0635992;-1.62363,0.758251,-1.4984
-0.4632,-0.430109,0.071891;-1.73076,0.884446,-1.41434
-0.528894,-0.465902,0.106948;-1.65089,1.10562,-1.47565
-0.548033,-0.489102,0.0913445;-1.55786,0.995906,-1.54156
-0.547396,-0.492366,0.06682;-1.75038,0.888194,-1.43073
-0.54998,-0.496102,0.0625659;-1.68156,0.882432,-1.48378
-0.547104,-0.486272,0.0654602;-1.66628,0.969403,-1.45944
-0.541927,-0.4765,0.0743263;-1.76728,1.0455,-1.33971
-0.592915,-0.489099,0.101819;-1.58192,1.35019,-1.54588
-0.622858,-0.501744,0.101127;-1.44497,1.21154,-1.64808
-0.62709,-0.501956,0.0735806;-1.45581,1.04906,-1.63345
-0.627589,-0.506424,0.0580801;-1.62513,0.923023,-1.52821
-0.625881,-0.495042,0.0640965;-1.72739,1.03704,-1.42993
-0.61808,-0.485327,0.0697056;-1.80504,1.08357,-1.33921
-0.659523,-0.495614,0.0997443;-1.38822,1.38008,-1.72817
-0.689604,-0.509265,0.0962182;-1.19164,1.26351,-1.88792
-0.702502,-0.512805,0.0760736;-1.30301,1.15823,-1.77188
-0.711366,-0.511355,0.0560921;-1.57114,0.995699,-1.5706
-0.710247,-0.505825,0.0589516;-1.65435,1.09081,-1.49527
-0.703947,-0.499428,0.0681701;-1.8068,1.11276,-1.34245
-0.713875,-0.492937,0.0979749;-1.72051,1.33916,-1.42432
-0.714692,-0.497513,0.0997058;-1.70847,1.29129,-1.42483
-0.710168,-0.500964,0.0642271;-1.61673,1.27311,-1.49781
-0.72115,-0.501714,0.062371;-1.55265,1.15753,-1.5436
-0.720099,-0.501007,0.0617572;-1.57934,1.16628,-1.51823
-0.717902,-0.498818,0.0638197;-1.68916,1.16711,-1.43146
-0.726871,-0.480419,0.0930432;-2.21357,1.32114,-0.936055
-0.728851,-0.476635,0.0974347;-2.08799,1.3181,-1.04132
-0.716852,-0.476832,0.0827247;-2.10884,1.3577,-1.02791
-0.7187,-0.488994,0.0563796;-1.57358,1.24478,-1.5617
-0.719741,-0.489088,0.0583713;-1.54936,1.22911,-1.5732
-0.712958,-0.485096,0.0634267;-1.60444,1.29788,-1.48664
-0.708065,-0.476505,0.0733566;-2.19026,1.38472,-0.910663
-0.733374,-0.454545,0.104343;3.03663,1.43865,0.0981716
-0.737997,-0.449114,0.0988362;-2.76226,1.43383,-0.361342
-0.730848,-0.441705,0.0660282;-2.33216,1.42829,-0.803744
-0.740492,-0.447768,0.0563773;-1.57264,1.41549,-1.56179
-0.736169,-0.445728,0.0569296;-1.62553,1.46947,-1.50432
-0.734684,-0.437816,0.0613302;-2.11512,1.52916,-0.995407
-0.784993,-0.425643,0.102714;1.60424,1.40207,1.54971
-0.801468,-0.418426,0.101368;2.12555,1.41837,1.02263
-0.791029,-0.424082,0.0815791;3.01264,1.39356,0.128954
-0.795881,-0.425458,0.0560409;1.42238,1.55857,1.71849
-0.794311,-0.423811,0.0565586;1.6117,1.50614,1.53894
-0.792997,-0.419959,0.0598094;1.7287,1.47387,1.44028
-0.821164,-0.409642,0.0933377;1.56917,1.27311,1.58954
-0.834525,-0.406014,0.0896231;1.71012,1.28833,1.46739
-0.832857,-0.403284,0.0699583;1.85743,1.31992,1.30391
-0.827491,-0.406897,0.0727616;2.45023,1.35881,0.699082
-0.842906,-0.39653,0.0679923;2.53991,1.44114,0.606646
-0.840384,-0.394516,0.0652544;2.37298,1.45625,0.783198
-0.845357,-0.397185,0.0842208;1.66996,1.37285,1.50053
-0.84429,-0.397194,0.0872991;1.63676,1.3641,1.54665
-0.841685,-0.40003,0.0788386;1.93685,1.33373,1.24975
-0.844161,-0.41042,0.0620859;2.04353,1.43791,1.09411
-0.833507,-0.412978,0.0606783;2.18847,1.52343,0.934658
-0.814916,-0.409863,0.0690109;2.72653,1.46105,0.435573
-0.819696,-0.396492,0.0822424;2.12576,1.27483,1.05522
-0.835641,-0.39372,0.0954637;1.69433,1.28419,1.46792
-0.838454,-0.388488,0.0940198;1.90784,1.31445,1.27545
-0.829476,-0.386879,0.0717106;2.22415,1.31215,0.931719
-0.82608,-0.380719,0.0593648;1.83613,1.42884,1.30724
-0.816722,-0.383207,0.0592671;1.96756,1.48109,1.17735
-0.806323,-0.375179,0.077344;2.37425,1.32692,0.79652
-0.817973,-0.374798,0.0916725;1.88315,1.28365,1.28216
-0.830964,-0.374943,0.10085;1.76298,1.27222,1.41023
-0.811921,-0.36899,0.074107;2.34225,1.30644,0.817624
-0.814199,-0.365457,0.0638542;2.04313,1.38653,1.10274
-0.812987,-0.365726,0.0570575;1.75484,1.44996,1.38624
-0.795157,-0.361301,0.0757213;2.67821,1.3575,0.47243
-0.783092,-0.370512,0.0915629;2.58374,1.30673,0.554126
-0.773641,-0.37611,0.106848;2.27647,1.28313,0.862413
-0.789126,-0.371752,0.0740106;2.23207,1.307,0.94103
-0.798483,-0.374055,0.0616037;1.60964,1.46479,1.57386
-0.794605,-0.368431,0.0579198;1.64007,1.5207,1.51997
-0.776977,-0.361533,0.0720124;2.72889,1.39309,0.417487
-0.773151,-0.362797,0.0842262;2.87059,1.32466,0.287255
-0.774374,-0.373808,0.104671;2.58471,1.31088,0.539345
-0.773829,-0.365122,0.0829613;2.3652,1.22464,0.781273
-0.779587,-0.36154,0.0653568;2.02164,1.34868,1.12926
-0.788489,-0.362065,0.0564374;1.56511,1.43478,1.58524
-0.770674,-0.361447,0.0683832;2.06197,1.42234,1.1253
-0.754279,-0.363163,0.0826772;2.47493,1.29019,0.719214
-0.761144,-0.36298,0.091475;2.39394,1.23323,0.767338
-0.79485,-0.37864,0.103262;2.38593,1.13109,0.74264
-0.775091,-0.373498,0.096493;2.4915,1.10747,0.659485
-0.761242,-0.356892,0.0691022;2.10608,1.3086,1.04753
-0.757626,-0.358365,0.0572791;1.66193,1.40805,1.49011
-0.756111,-0.355957,0.0667226;1.96022,1.38201,1.21882
-0.764532,-0.347885,0.0857163;2.19142,1.27007,0.994042
-0.814007,-0.347415,0.105251;2.03647,1.14154,1.12704
-0.796576,-0.347911,0.0876044;2.24902,1.14578,0.921214
-0.776011,-0.339668,0.0815559;2.34622,1.20286,0.823402
-0.738392,-0.319688,0.0567877;1.69619,1.45984,1.44917
-0.737063,-0.317647,0.0592727;1.72579,1.46195,1.4375
-0.747151,-0.310574,0.068102;1.90282,1.41794,1.28614
-0.818231,-0.29367,0.0962487;1.52584,1.24535,1.64723
-0.822285,-0.290465,0.0827805;1.62595,1.29184,1.54744
-0.799495,-0.289171,0.0721867;2.29594,1.36885,0.879713
-0.775298,-0.285302,0.0630768;-2.52591,1.47691,-0.620152
-0.763952,-0.28438,0.0613208;-2.11848,1.45411,-1.02685
-0.765409,-0.277796,0.0650438;-2.19639,1.46895,-0.924645
-0.829195,-0.265923,0.0957423;0.818533,1.4079,2.37997
-0.845629,-0.258074,0.0879544;0.918892,1.41947,2.30384
-0.840146,-0.252109,0.0648423;1.25058,1.51546,1.92424
-0.827003,-0.262886,0.0630497;-2.38726,1.46696,-0.759655
-0.817635,-0.265411,0.067024;-2.3713,1.44573,-0.759617
-0.809482,-0.261465,0.0708099;-2.58337,1.45699,-0.522275
-0.852405,-0.253457,0.0917465;1.62171,1.49986,1.552
-0.851358,-0.250889,0.0901424;2.49965,1.49457,0.679097
-0.850409,-0.248918,0.0714222;2.80977,1.42528,0.346939
-0.850786,-0.245205,0.0567154;2.84858,1.55626,0.291566
-0.844152,-0.245765,0.0599336;-2.62258,1.51625,-0.522181
-0.838666,-0.248418,0.0661783;-2.78406,1.46562,-0.353955
-0.838666,-0.248418,0.0661783;-2.78406,1.46562,-0.353955
-0.8366,-0.241912,0.080346;3.02961,1.35999,0.135524
-0.8366,-0.241912,0.080346;3.02961,1.35999,0.135524
