-0.125,0.125,0.11;-1.57,-2.98023e-08,-1.57
-0.125,0.125,0.11;-1.57,-2.98023e-08,-1.57
-0.125,0.125,0.11;-1.57,-2.98023e-08,-1.57
-0.124071,0.130706,0.0560428;-1.57131,-0.247146,-1.57003
-0.123699,0.133493,0.0566319;-1.57382,-0.164871,-1.56152
-0.128618,0.118587,0.0627407;-1.56354,-0.0273933,-1.56278
-0.13289,0.0680574,0.0900165;-1.56288,0.0282161,-1.54059
-0.132895,0.0756406,0.070619;-1.6787,-0.177495,-1.56282
-0.128225,0.0584863,0.0569408;-1.59004,-0.23005,-1.57344
-0.129168,0.0553451,0.0562914;-1.57068,-0.20957,-1.57581
-0.139149,0.0594577,0.0574575;-1.58134,0.0193502,-1.55216
-0.148668,0.0485265,0.0681127;-1.64761,0.100555,-1.53914
-0.158353,0.0226328,0.0915999;-1.62894,0.210662,-1.55775
-0.161944,-0.0130657,0.0679675;-1.50608,0.0764306,-1.54231
-0.165764,-0.00321407,0.0626972;-1.58318,-0.0506392,-1.52404
-0.167248,-0.00382672,0.0612007;-1.56486,-0.109627,-1.53173
-0.162328,0.00295269,0.0627341;-1.63948,-0.147388,-1.57718
-0.166953,0.00972496,0.06861;-1.67796,-0.0545286,-1.57105
-0.171797,-0.00341181,0.0854255;-1.65027,0.076491,-1.56093
-0.164924,-0.0773533,0.0848983;-1.42126,0.109622,-1.53809
-0.173778,-0.0918569,0.0731425;-1.45295,-0.0715803,-1.54548
-0.179616,-0.0842568,0.0566431;-1.57466,-0.224756,-1.56171
-0.178195,-0.08045,0.0598842;-1.56698,-0.230037,-1.54002
-0.181132,-0.0735004,0.0620646;-1.59097,-0.10392,-1.53255
-0.190956,-0.0806404,0.0700048;-1.65879,0.0280501,-1.54934
-0.196952,-0.112829,0.089891;-1.64308,0.141261,-1.55094
-0.192198,-0.139323,0.0838494;-1.70147,0.0799797,-1.5514
-0.186648,-0.157326,0.0560772;-1.57098,0.0182285,-1.57084
-0.186374,-0.155842,0.0563351;-1.57098,0.0307721,-1.5646
-0.184654,-0.145768,0.0584238;-1.57516,0.124908,-1.54741
-0.195687,-0.139163,0.0859332;-1.6469,0.402754,-1.51854
-0.201346,-0.15765,0.101655;-1.65859,0.505621,-1.537
-0.20821,-0.188419,0.0938063;-1.58815,0.413789,-1.54009
-0.205569,-0.1967,0.0569449;-1.59156,0.176481,-1.56707
-0.205319,-0.197586,0.0577822;-1.60183,0.184206,-1.56688
-0.211018,-0.199546,0.0622467;-1.6401,0.224631,-1.55313
-0.226937,-0.198943,0.0695693;-1.64238,0.37499,-1.52018
-0.243089,-0.225062,0.0902216;-1.55799,0.534689,-1.55562
-0.25621,-0.265238,0.0969974;-1.53284,0.549293,-1.55613
-0.265468,-0.286024,0.05696;-1.57784,0.274622,-1.55429
-0.265305,-0.287484,0.0561994;-1.571,0.234358,-1.56793
-0.264603,-0.285873,0.0563246;-1.57111,0.245693,-1.56472
-0.273417,-0.282317,0.0663897;-1.68437,0.455666,-1.52529
-0.284208,-0.290652,0.0866875;-1.7001,0.542506,-1.52209
-0.29831,-0.310009,0.104296;-1.63976,0.626128,-1.5327
-0.308294,-0.324346,0.0644098;-1.59053,0.369366,-1.51859
-0.307866,-0.330047,0.0594426;-1.57028,0.249633,-1.5441
-0.315059,-0.338047,0.0561496;-1.56924,0.1544,-1.57096
-0.319672,-0.335978,0.0584358;-1.57917,0.226658,-1.54821
-0.333403,-0.354679,0.0724138;-1.60348,0.346961,-1.54045
-0.339877,-0.392004,0.0938549;-1.52543,0.462263,-1.57787
-0.349102,-0.428683,0.0585027;-1.62287,0.311349,-1.55529
-0.345974,-0.431631,0.0642899;-1.65548,0.280762,-1.54221
-0.359692,-0.444861,0.0586861;-1.60681,0.276847,-1.56192
-0.390707,-0.47531,0.0597963;-1.59849,0.446648,-1.54315
-0.40325,-0.487183,0.0666749;-1.60632,0.548078,-1.5417
-0.414012,-0.517796,0.0866507;-1.50713,0.636469,-1.60199
-0.433589,-0.550817,0.0627929;-1.51319,0.524503,-1.58498
-0.431551,-0.544826,0.0567454;-1.57565,0.44515,-1.55685
-0.431127,-0.544994,0.0562543;-1.57085,0.445309,-1.56656
-0.426484,-0.532662,0.0676479;-1.64999,0.520828,-1.49227
-0.423887,-0.526071,0.0749914;-1.74849,0.621582,-1.43986
-0.440822,-0.534341,0.0883737;-1.7207,0.76684,-1.47524
-0.482346,-0.568918,0.0882469;-1.59053,0.831007,-1.53042
-0.485468,-0.563497,0.0650431;-1.5492,0.762996,-1.55024
-0.485969,-0.563273,0.0566146;-1.5757,0.710724,-1.55833
-0.485749,-0.562876,0.05645;-1.57265,0.716064,-1.56191
-0.484885,-0.554757,0.0604835;-1.5938,0.809196,-1.52249
-0.504595,-0.553964,0.0776455;-1.74675,0.918103,-1.39613
-0.561799,-0.594509,0.0991361;-1.5069,1.06856,-1.60358
-0.575286,-0.607256,0.0877235;-1.48999,0.942333,-1.62617
-0.566191,-0.596099,0.0669697;-1.70686,0.846888,-1.47388
-0.55831,-0.595002,0.0560764;-1.57085,0.763844,-1.57075
-0.556053,-0.591695,0.0569092;-1.58235,0.789463,-1.55124
-0.559619,-0.588058,0.0612487;-1.59761,0.82667,-1.52418
-0.599063,-0.62858,0.0852405;-1.30787,1.03929,-1.74091
-0.624323,-0.626737,0.0789147;-1.28616,0.938931,-1.75532
-0.619157,-0.59609,0.0666341;-1.51854,0.775112,-1.59715
-0.605617,-0.586695,0.0570468;-1.59191,0.615912,-1.56483
-0.607096,-0.599826,0.0643188;-1.69018,0.717344,-1.49416
-0.614916,-0.606208,0.0662583;-1.70668,0.767534,-1.48148
-0.649889,-0.644841,0.0903132;-1.43874,1.00826,-1.65608
-0.666144,-0.664652,0.0797863;-1.33064,0.894736,-1.73154
-0.673315,-0.661668,0.062721;-1.52048,0.79581,-1.5831
-0.681671,-0.659887,0.056599;-1.56758,0.655865,-1.56296
-0.681445,-0.658049,0.0565598;-1.57005,0.663223,-1.55998
-0.679394,-0.65243,0.0564956;-1.56906,0.67706,-1.56275
-0.654215,-0.652823,0.0784194;-1.35872,0.914643,-1.74964
-0.664694,-0.670219,0.0795321;-1.45177,0.977251,-1.67806
-0.672715,-0.674273,0.0777894;-1.74075,0.950058,-1.45267
-0.674214,-0.679252,0.0685266;-1.69846,0.901682,-1.43729
-0.664261,-0.671376,0.063546;-1.57925,0.830753,-1.51073
-0.635032,-0.643669,0.0649623;-1.60348,0.811549,-1.4927
-0.641863,-0.638081,0.0866809;-1.67509,0.96214,-1.46986
-0.675803,-0.668122,0.0971402;-1.6751,1.01,-1.4649
-0.687385,-0.682534,0.083416;-1.53424,1.02007,-1.59414
-0.689317,-0.680244,0.0570155;-1.60443,0.956539,-1.54402
-0.686675,-0.673346,0.061852;-1.55541,0.903246,-1.61955
-0.68177,-0.664851,0.0653224;-1.6368,0.928127,-1.50138
-0.668037,-0.655677,0.0823599;-1.67762,1.01493,-1.46224
-0.660409,-0.659873,0.0918928;-1.56078,1.13903,-1.54216
-0.677566,-0.672039,0.0789381;-1.41944,1.02064,-1.63813
-0.683241,-0.653143,0.0586422;-1.58723,0.91312,-1.53458
-0.686672,-0.646657,0.0563823;-1.57363,0.842853,-1.56331
-0.68537,-0.642364,0.0567668;-1.57864,0.85499,-1.55341
-0.684916,-0.636794,0.0594811;-1.5898,0.892833,-1.53365
-0.682999,-0.659609,0.113796;-1.6873,1.09882,-1.47838
-0.68818,-0.66172,0.105342;-1.7809,1.07217,-1.39252
-0.689169,-0.644252,0.0707965;-1.73338,0.980564,-1.42414
-0.68694,-0.646168,0.0567853;-1.59074,0.92732,-1.54986
-0.68486,-0.643987,0.0570787;-1.58064,0.945199,-1.55127
-0.681435,-0.637201,0.0589578;-1.58904,0.989686,-1.53227
-0.710326,-0.674371,0.0820582;-1.34266,1.15253,-1.79834
-0.720923,-0.685381,0.087775;-1.48257,1.16478,-1.65339
-0.7236,-0.676811,0.080539;-1.62562,1.07947,-1.52033
-0.738168,-0.646294,0.0703396;-1.68251,0.818041,-1.53131
-0.736719,-0.616612,0.0735138;-1.54251,0.649729,-1.69554
-0.712496,-0.59995,0.0569519;-1.60985,0.583093,-1.53881
-0.667341,-0.594536,0.0762752;-1.45329,0.771428,-1.64687
-0.651328,-0.595233,0.0893135;-1.48141,0.872055,-1.59074
-0.64654,-0.593608,0.0698946;-1.49716,0.887717,-1.58602
-0.625711,-0.573331,0.0587958;-1.59006,0.812639,-1.54061
-0.625508,-0.573475,0.0598167;-1.63477,0.802672,-1.52409
-0.628961,-0.575639,0.0597862;-1.63827,0.801913,-1.52028
-0.654339,-0.574378,0.0834249;-1.9724,0.941396,-1.24832
-0.688644,-0.594744,0.103048;-1.73394,1.06182,-1.42157
-0.726325,-0.630786,0.101833;-1.63083,1.10538,-1.48067
-0.738079,-0.621616,0.0610938;-1.60178,0.954491,-1.51477
-0.738126,-0.618422,0.0582705;-1.59156,0.936306,-1.53944
-0.732074,-0.603711,0.0618856;-1.58351,0.838932,-1.52286
-0.696614,-0.583549,0.0737763;-1.7821,0.973849,-1.35904
-0.691849,-0.584743,0.0892392;-1.80061,1.08704,-1.36291
-0.715722,-0.599492,0.106588;-1.83134,1.12721,-1.33175
-0.705218,-0.585328,0.0837668;-2.03384,0.982915,-1.15335
-0.697579,-0.581142,0.0882554;-2.06332,0.978266,-1.11958
-0.693327,-0.579601,0.0873389;-2.04574,1.01534,-1.11788
-0.692067,-0.568942,0.0777586;-1.97185,1.14572,-1.15742
-0.71297,-0.566577,0.0892504;-2.078,1.2401,-1.04446
-0.747352,-0.583906,0.10479;-1.81069,1.33468,-1.31865
-0.789588,-0.617729,0.059325;-1.56732,1.2267,-1.54231
-0.787156,-0.617052,0.05756;-1.632,1.18631,-1.51457
-0.778063,-0.610302,0.0572147;-1.58163,1.12476,-1.57569
-0.725965,-0.571222,0.0697023;-1.82056,1.0597,-1.33769
-0.723245,-0.562766,0.0767658;-1.92401,1.12874,-1.22021
-0.74157,-0.576716,0.0950374;-1.69008,1.30595,-1.4419
-0.77786,-0.585811,0.0660999;-1.52287,1.28125,-1.56364
-0.782199,-0.583724,0.0596097;-1.58317,1.24036,-1.53086
-0.780101,-0.581702,0.056357;-1.57168,1.24977,-1.56327
-0.766026,-0.574015,0.0642546;-1.93933,1.33976,-1.20633
-0.774382,-0.562951,0.0764366;-2.50936,1.36422,-0.62165
-0.80536,-0.556409,0.0954263;-3.024,1.37745,-0.134366
-0.859126,-0.564943,0.0951701;2.94573,1.36557,0.186978
-0.854194,-0.560652,0.0791163;-3.08086,1.36995,-0.0389473
-0.85517,-0.561807,0.0778971;-3.00046,1.42865,-0.0899311
-0.850773,-0.562909,0.0584903;-1.84925,1.55487,-1.26887
-0.852174,-0.561945,0.0578585;-2.23083,1.55424,-0.900085
-0.854852,-0.563345,0.062509;0.537905,1.56212,2.61849
-0.850292,-0.556028,0.0674876;-0.545932,1.52593,-2.57091
-0.845275,-0.554416,0.0667866;-3.05843,1.47473,-0.0711701
-0.842652,-0.558124,0.0616413;-2.42175,1.48916,-0.724204
-0.825166,-0.557484,0.05936;-1.78078,1.42791,-1.35472
-0.818506,-0.554368,0.0600723;-1.8039,1.49513,-1.31359
-0.824839,-0.543447,0.0701251;2.98484,1.46669,0.182152
-0.855346,-0.528041,0.0954207;2.52037,1.42988,0.651927
-0.851121,-0.530177,0.0877858;2.59793,1.37194,0.568173
-0.850434,-0.530202,0.0668214;2.37966,1.41478,0.767057
-0.853055,-0.527473,0.0653467;2.41548,1.44443,0.7295
-0.845736,-0.525369,0.0631819;2.14227,1.43691,1.00435
-0.82425,-0.533257,0.0783487;2.52514,1.33445,0.647603
-0.809018,-0.549016,0.093986;2.61205,1.23286,0.528246
-0.81472,-0.54291,0.0959475;2.74465,1.24675,0.413793
-0.823112,-0.537409,0.0789925;2.63706,1.30938,0.50907
-0.80106,-0.555495,0.0560721;-1.56841,1.42687,-1.57326
-0.800111,-0.557579,0.0569224;-1.67482,1.38825,-1.46648
-0.79349,-0.551506,0.0635212;-1.99467,1.42016,-1.13326
-0.79207,-0.525427,0.0966402;3.04994,1.30953,0.0784677
-0.821216,-0.521911,0.106911;2.91313,1.26373,0.193326
-0.841032,-0.526028,0.0938782;2.98948,1.24784,0.108833
-0.856951,-0.531312,0.0629023;2.81399,1.49708,0.320162
-0.855522,-0.530918,0.0615334;2.69856,1.50487,0.443293
-0.853143,-0.529174,0.0589795;2.01712,1.51592,1.13843
-0.853143,-0.529174,0.0589795;2.01712,1.51592,1.13843
-0.853294,-0.529745,0.0629321;1.84051,1.49178,1.33705
-0.853294,-0.529745,0.0629321;1.84051,1.49178,1.33705
