-0.125,0.125,0.11;-1.57,-2.98023e-08,-1.57
-0.125,0.125,0.11;-1.57,-2.98023e-08,-1.57
-0.125,0.125,0.11;-1.57,-2.98023e-08,-1.57
-0.122122,0.130092,0.0560392;-1.57318,-0.240083,-1.56898
-0.124748,0.133703,0.0576836;-1.58904,-0.155758,-1.56349
-0.132071,0.124383,0.0700889;-1.67253,-0.0601378,-1.57557
-0.145841,0.0820017,0.0939486;-1.61762,0.0283054,-1.54451
-0.138602,0.0933564,0.0613564;-1.57497,-0.226289,-1.52977
-0.136131,0.0765703,0.0578762;-1.56803,-0.328719,-1.55287
-0.138567,0.0700913,0.0560763;-1.57073,-0.410718,-1.57092
-0.143422,0.0700427,0.0596157;-1.59486,-0.345466,-1.55998
-0.146226,0.0597091,0.0771699;-1.66351,-0.237841,-1.58267
-0.145226,0.0437601,0.0998882;-1.62931,-0.109076,-1.5811
-0.146802,0.0375372,0.0838047;-1.65566,-0.204875,-1.57405
-0.149505,0.0535999,0.0722478;-1.68113,-0.304321,-1.56135
-0.14052,0.046882,0.0626473;-1.55846,-0.385745,-1.51848
-0.141192,0.0405165,0.0591295;-1.57787,-0.387016,-1.54551
-0.147927,0.035315,0.0665224;-1.63792,-0.302731,-1.56334
-0.147402,-0.00180592,0.092345;-1.60817,-0.169238,-1.56197
-0.138428,-0.0362053,0.101584;-1.60582,-0.111701,-1.56002
-0.143565,-0.0232304,0.0875199;-1.63837,-0.185064,-1.5505
-0.143843,-0.00344527,0.0594993;-1.60896,-0.271217,-1.57285
-0.140289,-0.00694078,0.0622;-1.56679,-0.284029,-1.52496
-0.1458,-0.00740712,0.063457;-1.60248,-0.201629,-1.53857
-0.156171,-0.0205691,0.0765618;-1.72515,-0.093874,-1.56532
-0.158144,-0.0563972,0.0944175;-1.66244,-0.0441026,-1.56517
-0.15428,-0.0828316,0.087396;-1.67061,-0.118768,-1.5637
-0.149235,-0.0857457,0.0562949;-1.57097,-0.169121,-1.56538
-0.149219,-0.0846974,0.0563777;-1.57098,-0.15907,-1.56359
-0.151124,-0.0780095,0.0585004;-1.57623,-0.0918382,-1.54876
-0.169128,-0.0931551,0.0878818;-1.7133,0.0938663,-1.53612
-0.175265,-0.142103,0.106467;-1.60745,0.180522,-1.55413
-0.175307,-0.170465,0.0992787;-1.63822,0.122853,-1.54081
-0.168239,-0.166632,0.0568593;-1.58564,0.00874963,-1.56693
-0.168116,-0.16494,0.0563503;-1.57075,0.068914,-1.56417
-0.169146,-0.162821,0.056377;-1.56983,0.118646,-1.56451
-0.188767,-0.160853,0.0726851;-1.70633,0.266477,-1.51722
-0.206987,-0.191376,0.0935565;-1.72253,0.358153,-1.51939
-0.217799,-0.233029,0.105367;-1.63955,0.371888,-1.54002
-0.214428,-0.262416,0.0628723;-1.62875,0.244207,-1.54302
-0.213775,-0.267979,0.0564061;-1.57286,0.21027,-1.56394
-0.213515,-0.264749,0.056415;-1.57162,0.24886,-1.5628
-0.220098,-0.252273,0.0659503;-1.65873,0.406869,-1.51765
-0.232194,-0.254696,0.0827266;-1.77959,0.503766,-1.4648
-0.254104,-0.286533,0.10565;-1.68262,0.629947,-1.50646
-0.266235,-0.306569,0.0674719;-1.64947,0.378311,-1.49805
-0.263256,-0.313417,0.0610616;-1.57583,0.312217,-1.53234
-0.267262,-0.317624,0.0564723;-1.5698,0.278414,-1.56267
-0.27044,-0.306756,0.0598664;-1.59085,0.420302,-1.53772
-0.290257,-0.317726,0.0775717;-1.66749,0.546562,-1.49759
-0.307867,-0.345742,0.102102;-1.59376,0.663691,-1.55011
-0.312178,-0.373102,0.0770247;-1.82934,0.594786,-1.42464
-0.316176,-0.381793,0.0669554;-1.6961,0.59615,-1.49663
-0.323764,-0.392566,0.0566077;-1.56838,0.568335,-1.56355
-0.320433,-0.37826,0.0636509;-1.60607,0.678668,-1.5038
-0.326196,-0.379918,0.0721076;-1.6388,0.775464,-1.51385
-0.338511,-0.407657,0.0913138;-1.53223,0.912437,-1.60241
-0.349195,-0.435547,0.0756331;-1.69775,0.763628,-1.49037
-0.329754,-0.426384,0.0678145;-1.72789,0.706133,-1.46819
-0.324497,-0.430101,0.0572339;-1.60206,0.695597,-1.55191
-0.323688,-0.428322,0.0613581;-1.5833,0.712463,-1.52199
-0.332597,-0.42527,0.0724958;-1.65899,0.8122,-1.45695
-0.35841,-0.43867,0.094224;-1.61006,0.934081,-1.51914
-0.399593,-0.469483,0.0930774;-1.75484,1.0372,-1.40718
-0.39735,-0.474817,0.0789093;-1.85413,1.00945,-1.30617
-0.395806,-0.479198,0.0633693;-1.71799,1.02965,-1.44241
-0.39951,-0.482717,0.0566264;-1.57918,1.04521,-1.55423
-0.402184,-0.477926,0.0609227;-1.64148,1.10013,-1.48596
-0.424063,-0.474446,0.0817843;-1.9503,1.16183,-1.20764
-0.474874,-0.482995,0.107966;-1.69386,1.29009,-1.44501
-0.468651,-0.483769,0.0961671;-1.7597,1.1824,-1.37776
-0.446311,-0.477566,0.0685812;-1.8201,1.08307,-1.33916
-0.445661,-0.482914,0.0563851;-1.57098,1.06698,-1.56332
-0.444678,-0.480408,0.0569185;-1.5896,1.09794,-1.54245
-0.448264,-0.475342,0.0625473;-1.65077,1.13393,-1.47367
-0.515773,-0.493293,0.108078;-1.53599,1.32322,-1.5921
-0.537874,-0.495007,0.10471;-1.71488,1.25131,-1.41085
-0.543936,-0.492131,0.0828087;-1.87556,1.16779,-1.25197
-0.55601,-0.499043,0.0561538;-1.56753,1.14294,-1.57074
-0.552745,-0.495078,0.0567173;-1.5841,1.24086,-1.54655
-0.553802,-0.489688,0.0602812;-1.63293,1.28832,-1.486
-0.62295,-0.494622,0.1004;-1.14293,1.44373,-1.97212
-0.643658,-0.501329,0.103151;-1.67856,1.39299,-1.44653
-0.644683,-0.508758,0.0800845;-1.98282,1.30418,-1.1962
-0.640867,-0.511498,0.0584296;-1.62641,1.20405,-1.50947
-0.64134,-0.512342,0.05878;-1.5749,1.20993,-1.54221
-0.635944,-0.508404,0.0589203;-1.59626,1.24244,-1.5266
-0.67346,-0.513032,0.0963204;-1.43428,1.4808,-1.70452
-0.686639,-0.513087,0.0978098;-1.90408,1.39328,-1.23424
-0.700285,-0.515532,0.0721142;-2.08891,1.31741,-1.06233
-0.706572,-0.517565,0.0567817;-1.64032,1.32532,-1.50359
-0.700762,-0.512514,0.0592955;-1.62065,1.42876,-1.49494
-0.69508,-0.507668,0.0643308;-1.79864,1.45769,-1.29193
-0.727613,-0.498181,0.0920513;1.94304,1.44586,1.20754
-0.76007,-0.501815,0.0967908;2.36018,1.46545,0.796322
-0.775401,-0.509623,0.0882817;2.12508,1.47275,1.01488
-0.768293,-0.51001,0.0652863;-2.63983,1.46648,-0.504497
-0.771913,-0.510208,0.0563761;-1.57853,1.5188,-1.55597
-0.767225,-0.508598,0.0578365;-1.92715,1.55395,-1.19495
-0.765999,-0.506612,0.0695867;2.46932,1.47515,0.714384
-0.817799,-0.507808,0.103896;1.69166,1.31319,1.45516
-0.820904,-0.502945,0.0978062;1.96055,1.35713,1.20034
-0.791875,-0.503797,0.0748022;2.73517,1.36514,0.416197
-0.749775,-0.517554,0.064528;-2.26303,1.43894,-0.890559
-0.747568,-0.515646,0.0575446;-1.83103,1.47479,-1.30682
-0.751865,-0.508026,0.0623335;-2.28017,1.51943,-0.833174
-0.799897,-0.494296,0.104331;1.63837,1.36007,1.51126
-0.820126,-0.498018,0.105167;2.09265,1.34663,1.05783
-0.824806,-0.514417,0.0891431;2.52757,1.28917,0.616299
-0.826499,-0.508117,0.0635214;1.9401,1.42304,1.18406
-0.827122,-0.504887,0.0579643;1.76046,1.4253,1.38428
-0.825215,-0.502148,0.0645085;2.0934,1.43624,1.06748
-0.838808,-0.509004,0.0909237;1.39727,1.37384,1.75873
-0.833213,-0.503119,0.088558;1.6143,1.43638,1.55775
-0.81857,-0.501062,0.0718118;2.56688,1.45504,0.588044
-0.803411,-0.504315,0.071444;-2.3435,1.38143,-0.794859
-0.793203,-0.497,0.0621889;-1.81027,1.3484,-1.3267
-0.786501,-0.492268,0.0591106;-1.69833,1.3816,-1.43202
-0.824287,-0.47903,0.0918415;-2.48287,1.50907,-0.647634
-0.852876,-0.480606,0.102219;2.99625,1.5365,0.16138
-0.855876,-0.483167,0.093504;-3.08209,1.40367,-0.0547312
-0.849113,-0.492865,0.0890276;-3.13821,1.23792,-0.0112422
-0.85402,-0.495046,0.0806733;3.11824,1.33099,0.0225696
-0.853104,-0.493702,0.0778738;2.97599,1.36741,0.17399
-0.838741,-0.482206,0.0785488;2.6609,1.33559,0.483974
-0.841982,-0.477822,0.0929187;2.21658,1.48527,0.948015
-0.852611,-0.472608,0.0920314;2.87048,1.48927,0.307502
-0.846415,-0.465896,0.0780951;-2.88269,1.3661,-0.251369
-0.840239,-0.462924,0.0773746;-2.88998,1.36771,-0.24856
-0.828487,-0.456565,0.0593062;-2.39331,1.51239,-0.749832
-0.820624,-0.458917,0.0717149;-3.0684,1.49286,-0.0220433
-0.829348,-0.461771,0.0874187;2.48964,1.45079,0.673236
-0.851107,-0.46105,0.0982281;2.04372,1.46626,1.12107
-0.843351,-0.464077,0.0761963;-2.89373,1.35913,-0.256247
-0.84341,-0.463707,0.0777254;-2.91628,1.35356,-0.232993
-0.844171,-0.46521,0.0732097;-2.97855,1.40511,-0.163531
-0.851226,-0.459944,0.0595284;1.68974,1.47879,1.47544
-0.848073,-0.4653,0.0655921;1.29048,1.43889,1.85957
-0.840217,-0.47435,0.0818549;0.858241,1.33822,2.28942
-0.826509,-0.46726,0.07019;-2.91344,1.41878,-0.228707
-0.817324,-0.476473,0.0634767;-2.04,1.39352,-1.11271
-0.808595,-0.473251,0.0637306;-1.94018,1.35447,-1.2175
-0.788997,-0.463005,0.0593208;-1.69296,1.34898,-1.44493
-0.79069,-0.459161,0.0705282;-1.6029,1.44545,-1.52588
-0.802615,-0.459321,0.0930492;-0.430081,1.5657,-2.70719
-0.798746,-0.45743,0.0716633;-2.20293,1.31917,-0.940513
-0.797167,-0.461225,0.0773054;-2.35327,1.28659,-0.803076
-0.803363,-0.465179,0.0760627;-2.26149,1.26696,-0.903686
-0.804272,-0.463103,0.066007;-2.15548,1.39162,-0.985651
-0.81437,-0.455627,0.0738297;-2.6467,1.44201,-0.476934
-0.846495,-0.452773,0.0947746;1.78266,1.54314,1.37867
-0.846183,-0.45995,0.0895328;3.1058,1.42305,0.0461978
-0.826951,-0.467865,0.0766492;-2.87862,1.35522,-0.274102
-0.823798,-0.475322,0.073204;-2.53955,1.36337,-0.617952
-0.79342,-0.470504,0.0707035;-2.10925,1.35441,-1.01767
-0.784641,-0.464229,0.0713175;-2.18977,1.3774,-0.932293
-0.79421,-0.454816,0.0803805;-1.95848,1.43107,-1.16278
-0.835072,-0.45702,0.102958;-2.32807,1.42327,-0.795113
-0.823955,-0.4676,0.0812787;-2.43748,1.32218,-0.703927
-0.815682,-0.476844,0.0764522;-2.46725,1.30855,-0.695784
-0.788354,-0.475548,0.0684825;-2.17625,1.36429,-0.970985
-0.784967,-0.468831,0.0666313;-2.20526,1.45912,-0.905185
-0.791619,-0.459003,0.0782678;3.02933,1.4247,0.161491
-0.852599,-0.444291,0.101845;2.15141,1.43979,1.01332
-0.85417,-0.445757,0.093919;2.8607,1.42527,0.293447
-0.846509,-0.459146,0.0777028;-3.11972,1.3537,-0.0305534
-0.81674,-0.464775,0.0716948;-2.39847,1.40721,-0.776817
-0.811638,-0.463376,0.0643268;-2.23886,1.42588,-0.907261
-0.808405,-0.458334,0.0661884;-2.24926,1.44831,-0.882252
-0.849268,-0.45354,0.101046;1.06624,1.53575,2.11196
-0.843678,-0.446544,0.0935461;-2.24851,1.46653,-0.865955
-0.826795,-0.442337,0.0793011;-2.37764,1.31596,-0.742426
-0.814163,-0.45351,0.0758194;-2.35047,1.29801,-0.810344
-0.80484,-0.44917,0.0723624;-2.33196,1.33676,-0.823354
-0.796428,-0.439823,0.0722254;-2.50763,1.40107,-0.622857
-0.820866,-0.421717,0.0931493;2.45228,1.42617,0.709947
-0.847892,-0.423499,0.101977;2.89178,1.40114,0.273785
-0.861225,-0.431624,0.0819902;3.12916,1.32476,0.0242335
-0.859649,-0.429677,0.0851734;-3.12201,1.28604,-0.0207877
-0.850993,-0.424688,0.086628;-3.02411,1.26299,-0.126615
-0.850255,-0.422253,0.0757034;3.12496,1.38419,0.0254858
-0.850255,-0.422253,0.0757034;3.12496,1.38419,0.0254858
-0.843151,-0.419079,0.0785546;3.01109,1.40044,0.142061
-0.843151,-0.419079,0.0785546;3.01109,1.40044,0.142061
