-0.125,0.125,0.06;-1.57,-2.98023e-08,-1.57
-0.125,0.125,0.06;-1.57,-2.98023e-08,-1.57
-0.125,0.125,0.06;-1.57,-2.98023e-08,-1.57
-0.125708,0.122913,0.028571;-1.57124,-0.230326,-1.57006
-0.124165,0.121979,0.0285796;-1.57078,-0.147976,-1.57074
-0.122101,0.1279,0.0294189;-1.57913,-0.00487726,-1.56694
-0.117004,0.14469,0.0394898;-1.73467,0.0699883,-1.57787
-0.119631,0.144412,0.0298166;-1.59915,-0.120656,-1.5825
-0.119507,0.144501,0.0287795;-1.57756,-0.185527,-1.57498
-0.118969,0.144856,0.0285969;-1.57096,-0.221409,-1.56988
-0.116335,0.144908,0.0289;-1.55755,-0.0767239,-1.57183
-0.113827,0.153696,0.0300428;-1.56987,0.0458969,-1.56435
-0.113377,0.169729,0.0327926;-1.63071,0.191578,-1.55165
-0.112183,0.186528,0.0364657;-1.70236,0.0598285,-1.57065
-0.112513,0.182371,0.034201;-1.67354,-0.0552095,-1.58448
-0.113502,0.178772,0.0291578;-1.58417,-0.123336,-1.58689
-0.114341,0.176615,0.0287322;-1.56826,-0.046159,-1.57538
-0.111797,0.181366,0.0297792;-1.57365,0.0724212,-1.56417
-0.110327,0.194105,0.0320815;-1.6222,0.204562,-1.54894
-0.109355,0.211521,0.0383023;-1.73307,0.17753,-1.54553
-0.108676,0.209778,0.0359865;-1.6966,0.0638873,-1.5613
-0.109093,0.199475,0.0288262;-1.57364,-0.0583041,-1.57976
-0.108296,0.199517,0.0291555;-1.584,-0.130695,-1.58691
-0.109303,0.197282,0.028995;-1.58525,-0.0385585,-1.57704
-0.10792,0.203133,0.0304085;-1.58899,0.0996181,-1.56428
-0.107307,0.215216,0.0313601;-1.6097,0.159831,-1.55151
-0.105984,0.221684,0.0301869;-1.59899,0.0375247,-1.56402
-0.106081,0.214281,0.0285794;-1.57107,-0.142006,-1.57127
-0.106184,0.213864,0.0288434;-1.58058,-0.127453,-1.57493
-0.106888,0.211504,0.0291346;-1.58212,-0.043517,-1.5844
-0.101593,0.222492,0.0324812;-1.62624,0.235974,-1.55658
-0.10256,0.237303,0.0370065;-1.70231,0.302957,-1.52952
-0.100329,0.24723,0.0369278;-1.71112,0.172944,-1.546
-0.10011,0.234816,0.0285862;-1.57047,-0.0493487,-1.57128
-0.10023,0.234439,0.0285796;-1.57074,-0.0725132,-1.57088
-0.0997406,0.233799,0.02858;-1.57072,0.00451602,-1.57065
-0.0939688,0.241359,0.0305109;-1.59675,0.224802,-1.56764
-0.0882486,0.257325,0.0381355;-1.71761,0.374088,-1.52998
-0.0854867,0.272527,0.0394314;-1.75474,0.329574,-1.52121
-0.0835548,0.264196,0.0287123;-1.57267,0.0543314,-1.57509
-0.0840176,0.26262,0.0285731;-1.57072,-0.00155434,-1.57058
-0.0840351,0.262547,0.02858;-1.57075,0.00788831,-1.57079
-0.0806083,0.265651,0.0292457;-1.55865,0.180888,-1.57246
-0.0762772,0.279441,0.0312546;-1.60279,0.314416,-1.55653
-0.074057,0.300226,0.0399861;-1.74786,0.384475,-1.52221
-0.069961,0.313667,0.0336487;-1.67114,0.150183,-1.55751
-0.0721059,0.306811,0.0285806;-1.57169,0.0617132,-1.57308
-0.0721939,0.306658,0.0285776;-1.57052,0.024919,-1.57091
-0.0695616,0.305748,0.029084;-1.55558,0.198001,-1.57515
-0.0652074,0.314796,0.0306359;-1.5786,0.322702,-1.5575
-0.0614787,0.331075,0.0335674;-1.65348,0.455638,-1.5223
-0.0572621,0.343252,0.0327275;-1.65412,0.222274,-1.55355
-0.0595532,0.338102,0.0287229;-1.57234,0.101086,-1.5803
-0.0567008,0.341285,0.0289744;-1.58592,-0.0420854,-1.57536
-0.0543448,0.341765,0.0290091;-1.55811,0.0918829,-1.57162
-0.05052,0.351198,0.0304521;-1.57384,0.225171,-1.55658
-0.0487026,0.367234,0.0331422;-1.62747,0.352343,-1.52717
-0.0432092,0.379255,0.031261;-1.62086,0.149183,-1.55663
-0.0440909,0.372027,0.0286945;-1.57019,0.0346468,-1.57691
-0.0421678,0.374454,0.0290614;-1.58829,-0.0796179,-1.57791
-0.0424059,0.370971,0.0294073;-1.5706,0.0486486,-1.58477
-0.0400586,0.371601,0.0298689;-1.55588,0.183683,-1.57743
-0.0365133,0.382466,0.0315055;-1.61222,0.342385,-1.53817
-0.0350583,0.392713,0.0323601;-1.63818,0.250317,-1.54702
-0.035564,0.388028,0.0289395;-1.56,0.128464,-1.5785
-0.0379645,0.38824,0.0288348;-1.5652,0.0113038,-1.5775
-0.0384535,0.386603,0.0293988;-1.57479,0.0204539,-1.59025
-0.037842,0.381497,0.0308098;-1.55544,0.127961,-1.60433
-0.0331645,0.382787,0.0321503;-1.55271,0.280887,-1.60112
-0.0275807,0.404059,0.0371819;-1.68375,0.397917,-1.54085
-0.0264347,0.407857,0.0374287;-1.68186,0.27174,-1.56138
-0.0272723,0.40047,0.0291799;-1.55171,0.136716,-1.58295
-0.0301393,0.402646,0.0289858;-1.5635,0.0204008,-1.58302
-0.0291736,0.399012,0.0302356;-1.5608,0.0898244,-1.60033
-0.025564,0.392911,0.0326918;-1.5364,0.217259,-1.62112
-0.0175645,0.410455,0.0427925;-1.62365,0.507896,-1.56944
-0.0149602,0.425484,0.04376;-1.72017,0.392704,-1.55689
-0.0134976,0.425132,0.0343079;-1.61825,0.22763,-1.58549
-0.0179639,0.421974,0.0291282;-1.55907,0.0840465,-1.58635
-0.0171614,0.418889,0.0301357;-1.54858,0.136915,-1.59482
-0.0140241,0.415808,0.0315268;-1.5311,0.218045,-1.60658
-0.00451772,0.42224,0.041512;-1.50891,0.524648,-1.60137
-0.00154562,0.434713,0.0461354;-1.67927,0.43219,-1.57648
-0.000274448,0.438492,0.0363504;-1.62724,0.27674,-1.60134
-0.00496218,0.43735,0.0291345;-1.56018,0.071659,-1.58758
-0.00399195,0.433978,0.0308016;-1.54449,0.129911,-1.60151
-0.000487793,0.43052,0.0323848;-1.51973,0.21619,-1.61416
0.00575058,0.438101,0.0397762;-1.42727,0.5263,-1.59655
0.00718959,0.446673,0.0439255;-1.56072,0.436563,-1.5875
0.00748406,0.448893,0.0347086;-1.57956,0.288188,-1.61701
0.00438625,0.450282,0.0309586;-1.56972,0.0453566,-1.61075
0.0050426,0.449476,0.031697;-1.55438,0.0858644,-1.61444
0.00776538,0.444772,0.0321574;-1.52356,0.161792,-1.6102
0.017323,0.448248,0.0394227;-1.40678,0.409673,-1.59897
0.0178404,0.454531,0.0399576;-1.47235,0.331258,-1.5981
0.0169513,0.454195,0.0313403;-1.53493,0.283136,-1.59783
0.0122493,0.460774,0.0316274;-1.56486,0.0603954,-1.61576
0.0164637,0.467036,0.032095;-1.58378,-0.0390823,-1.61745
0.0152864,0.462916,0.0324796;-1.54879,0.0499701,-1.62059
0.0196094,0.457114,0.0333276;-1.50111,0.173932,-1.61007
0.0299696,0.473173,0.0398368;-1.43303,0.365921,-1.57785
0.0294282,0.480385,0.0363135;-1.55789,0.246889,-1.58987
0.0268812,0.481385,0.029789;-1.54671,0.119193,-1.58711
0.0235546,0.489335,0.0293652;-1.57203,-0.0324531,-1.59018
0.0229225,0.485569,0.0315531;-1.56753,0.0353996,-1.61757
0.0243337,0.482048,0.0330594;-1.54017,0.155685,-1.62812
0.0306549,0.498168,0.0367562;-1.54455,0.472215,-1.56934
0.0313024,0.508518,0.0384389;-1.65092,0.351147,-1.55466
0.0321967,0.507354,0.0296298;-1.55907,0.201876,-1.58533
0.0288379,0.510184,0.0287343;-1.56997,0.0246142,-1.57775
0.0296575,0.508675,0.028969;-1.56709,0.0866561,-1.58596
0.0312853,0.503938,0.0304508;-1.55113,0.192005,-1.59928
0.0423134,0.522398,0.0398513;-1.69976,0.492406,-1.54702
0.0447102,0.537378,0.040889;-1.75422,0.389018,-1.52739
0.0458519,0.535241,0.0302996;-1.60917,0.245364,-1.56018
0.0431768,0.534065,0.02862;-1.57017,0.0570393,-1.57325
0.0435401,0.53272,0.0286682;-1.57102,0.121847,-1.57542
0.0453036,0.530533,0.0290464;-1.55368,0.216196,-1.58007
0.0561352,0.551373,0.0349485;-1.66659,0.490145,-1.53083
0.0601484,0.566795,0.0414292;-1.77492,0.440384,-1.51129
0.0617325,0.571796,0.0393015;-1.76223,0.318337,-1.52219
0.0567802,0.566535,0.0286041;-1.57094,0.132212,-1.57241
0.056785,0.566265,0.0285803;-1.57084,0.132302,-1.57087
0.0576242,0.564493,0.0286881;-1.56695,0.215413,-1.57298
0.0659911,0.578034,0.031186;-1.5946,0.439745,-1.54557
0.0698487,0.593599,0.0365809;-1.71037,0.525832,-1.49774
0.07528,0.604004,0.0387302;-1.75537,0.420538,-1.49947
0.0741766,0.595925,0.0289843;-1.57478,0.196764,-1.58518
0.0758815,0.597695,0.0290002;-1.58587,0.112246,-1.57436
0.0758388,0.596845,0.028603;-1.57093,0.142435,-1.57188
0.0814481,0.603531,0.0300095;-1.57073,0.338868,-1.56485
0.0867643,0.618604,0.0321977;-1.62294,0.469766,-1.5325
0.0910904,0.634795,0.0382836;-1.74113,0.443572,-1.49918
0.0934785,0.631705,0.0288103;-1.57323,0.196993,-1.57872
0.0946359,0.632405,0.0291539;-1.59001,0.0885965,-1.57768
0.0966038,0.634014,0.029216;-1.59416,0.0370803,-1.5774
0.0968215,0.633494,0.029389;-1.55633,0.2202,-1.57727
0.10221,0.64363,0.0312134;-1.58529,0.373302,-1.54862
0.105325,0.661605,0.0349254;-1.68529,0.460946,-1.51389
0.112283,0.671118,0.0310076;-1.61644,0.217837,-1.55402
0.110669,0.663671,0.0285619;-1.57061,0.109256,-1.57101
0.111735,0.66347,0.0286453;-1.57267,0.0221735,-1.57187
0.110487,0.661334,0.0295692;-1.58943,0.188521,-1.57804
0.115879,0.670642,0.0311045;-1.60497,0.345365,-1.5588
0.119483,0.6857,0.0361349;-1.69441,0.485019,-1.50975
0.127409,0.697386,0.0304041;-1.60702,0.210641,-1.55748
0.125778,0.690205,0.0285463;-1.57108,0.111312,-1.57071
0.125199,0.688766,0.0285782;-1.57085,0.0462614,-1.57091
0.127846,0.689696,0.0289751;-1.56896,0.204071,-1.57469
0.134573,0.697523,0.0314047;-1.61319,0.354393,-1.55951
0.140532,0.712551,0.0402699;-1.76046,0.486495,-1.50284
0.148089,0.726211,0.0345911;-1.67733,0.26981,-1.5377
0.145767,0.71636,0.0286181;-1.57171,0.156597,-1.57441
0.145351,0.715656,0.0285794;-1.57072,0.114636,-1.57082
0.14618,0.714725,0.0287276;-1.56596,0.211374,-1.57413
0.149615,0.719126,0.0295156;-1.56083,0.310879,-1.57399
0.156277,0.731714,0.0329778;-1.63522,0.449784,-1.54173
0.166481,0.756086,0.0415626;-1.80069,0.389915,-1.50086
0.164229,0.754087,0.0345254;-1.68878,0.295744,-1.53874
0.16048,0.74959,0.0286711;-1.57118,0.205267,-1.57474
0.161258,0.748801,0.0285789;-1.57075,0.235826,-1.57096
0.162749,0.749432,0.0289505;-1.55664,0.298376,-1.57671
0.16824,0.757248,0.0304282;-1.57321,0.42352,-1.55954
0.179631,0.788714,0.0390162;-1.76598,0.502122,-1.48196
0.182655,0.792799,0.038017;-1.74457,0.373152,-1.51251
0.180661,0.786715,0.0327711;-1.65555,0.257916,-1.55951
0.180822,0.785411,0.028599;-1.57061,0.15796,-1.57189
0.181657,0.784082,0.0287236;-1.56582,0.23308,-1.57395
0.185072,0.78761,0.0293966;-1.55752,0.332396,-1.5746
0.19525,0.810259,0.037191;-1.72735,0.518611,-1.49741
0.200237,0.813111,0.0379123;-1.74125,0.403008,-1.50932
0.200287,0.808328,0.0302195;-1.61008,0.287227,-1.56247
0.202305,0.807796,0.0292317;-1.59464,0.0911279,-1.57657
0.201173,0.806286,0.0288305;-1.57329,0.153095,-1.57976
0.201983,0.806784,0.0292212;-1.5581,0.246767,-1.57868
0.212594,0.825731,0.0334193;-1.65253,0.49335,-1.5255
0.218482,0.829922,0.0371595;-1.73192,0.376427,-1.51652
0.219669,0.826048,0.0292395;-1.57752,0.257047,-1.56685
0.219056,0.822797,0.0286678;-1.57362,0.0844886,-1.57255
0.217558,0.820961,0.0289633;-1.5758,0.161993,-1.5833
0.218693,0.817463,0.0304295;-1.57201,0.2824,-1.59494
0.218693,0.817463,0.0304295;-1.57201,0.2824,-1.59494
0.225029,0.825721,0.0313287;-1.58474,0.429276,-1.57353
0.225029,0.825721,0.0313287;-1.58474,0.429276,-1.57353
