-0.125,0.125,0.06;-1.57,-2.98023e-08,-1.57
-0.125,0.125,0.06;-1.57,-2.98023e-08,-1.57
-0.125,0.125,0.06;-1.57,-2.98023e-08,-1.57
-0.125681,0.12391,0.0285804;-1.57056,-0.220192,-1.57057
-0.123425,0.122134,0.0286434;-1.57088,-0.112101,-1.57385
-0.120389,0.125435,0.0294829;-1.58548,0.0213953,-1.57201
-0.115644,0.146778,0.0383427;-1.73989,0.116425,-1.56471
-0.115717,0.145309,0.0286439;-1.57158,-0.0683018,-1.57618
-0.116266,0.144815,0.0286011;-1.57082,-0.121077,-1.57225
-0.116395,0.144771,0.0285857;-1.57072,-0.126394,-1.57113
-0.113286,0.142162,0.0290958;-1.559,0.0570662,-1.57873
-0.109334,0.147125,0.0304031;-1.58451,0.185125,-1.57358
-0.10508,0.16134,0.038721;-1.73397,0.322375,-1.53952
-0.102775,0.183919,0.0369665;-1.73383,0.240907,-1.54309
-0.102799,0.178935,0.030791;-1.61992,0.152436,-1.56615
-0.10341,0.174533,0.0286144;-1.57082,0.0707551,-1.57264
-0.104316,0.170588,0.0287647;-1.56841,0.110849,-1.57734
-0.102797,0.167998,0.0298476;-1.57806,0.224251,-1.577
-0.096415,0.173342,0.0353135;-1.6636,0.372302,-1.54912
-0.0867394,0.204031,0.0411076;-1.79507,0.42112,-1.50244
-0.0857698,0.208081,0.0372617;-1.73749,0.344651,-1.51919
-0.0871762,0.20135,0.0286483;-1.56756,0.256873,-1.57791
-0.0889762,0.199261,0.0286348;-1.57063,0.202892,-1.57349
-0.0881141,0.197179,0.0290661;-1.56387,0.298438,-1.57906
-0.0827254,0.198637,0.0307879;-1.59581,0.438297,-1.56629
-0.0741761,0.211112,0.0374835;-1.72844,0.524668,-1.50457
-0.0675091,0.228374,0.0342277;-1.68797,0.485207,-1.52065
-0.0675166,0.229456,0.0286176;-1.57059,0.351152,-1.57271
-0.0675582,0.228469,0.0286295;-1.5706,0.384647,-1.57325
-0.0674601,0.227016,0.028765;-1.56571,0.425698,-1.57721
-0.0583807,0.232105,0.0333444;-1.64649,0.644831,-1.5336
-0.0466664,0.246975,0.042346;-1.84016,0.72729,-1.4188
-0.0361993,0.265054,0.0396492;-1.82503,0.68967,-1.42042
-0.0361981,0.265237,0.0286727;-1.56856,0.593847,-1.57468
-0.0365702,0.265083,0.0286027;-1.57059,0.574574,-1.5721
-0.0370429,0.263221,0.0286155;-1.57073,0.637444,-1.5726
-0.0339117,0.262934,0.030118;-1.59552,0.775715,-1.55817
-0.0236774,0.268752,0.038742;-1.81439,0.913262,-1.3952
-0.0101303,0.281479,0.0417942;-1.92271,0.910542,-1.31375
-0.00242854,0.289839,0.028789;-1.57825,0.847947,-1.57143
-0.00296624,0.289356,0.0286308;-1.57052,0.806461,-1.57351
-0.00357101,0.288876,0.028626;-1.5705,0.822315,-1.57327
-0.00468737,0.286542,0.0294848;-1.58258,0.918555,-1.56751
-0.00160494,0.287391,0.0331472;-1.69168,1.02762,-1.47544
0.0115362,0.294453,0.0424381;-2.01526,1.09992,-1.19864
0.0351126,0.313003,0.0319763;-1.72244,1.07373,-1.44122
0.0337167,0.311197,0.0286648;-1.56782,1.04041,-1.57608
0.033221,0.311311,0.0286157;-1.57007,1.01849,-1.57322
0.0306315,0.308041,0.0292231;-1.57719,1.14245,-1.57026
0.0332822,0.308669,0.0319938;-1.72253,1.22885,-1.43439
0.0432841,0.31178,0.0407053;-2.26516,1.30026,-0.921966
0.0708427,0.324039,0.0315509;-1.82046,1.30676,-1.33364
0.0694286,0.323298,0.0286563;-1.56824,1.26356,-1.57609
0.0692506,0.323444,0.0286415;-1.56733,1.25203,-1.57672
0.0654882,0.320963,0.0292282;-1.62826,1.34621,-1.51856
0.0624919,0.321588,0.0323246;-1.92477,1.39154,-1.22872
0.0648719,0.323866,0.0414124;-2.62957,1.3594,-0.547695
0.0783149,0.326586,0.0322306;-1.889,1.34358,-1.26449
0.0803243,0.328155,0.028669;-1.56673,1.34488,-1.57968
0.080153,0.327979,0.0286516;-1.56755,1.34875,-1.57697
0.0749239,0.326186,0.0291494;-1.62313,1.36945,-1.52272
0.0695675,0.325135,0.0314946;-1.86618,1.39422,-1.28468
0.0663102,0.325348,0.0387629;-2.53818,1.39388,-0.626738
0.0794757,0.326446,0.0374739;-2.52686,1.38358,-0.632017
0.0854462,0.327605,0.031514;-1.9582,1.41833,-1.19078
0.0863248,0.328463,0.0286505;-1.5706,1.42222,-1.5743
0.0847984,0.328534,0.0286388;-1.56451,1.401,-1.57881
0.082354,0.328659,0.0292255;-1.63133,1.43238,-1.51635
0.0789792,0.329333,0.0325634;-2.16343,1.4596,-0.98668
0.0960847,0.32942,0.0423772;3.05375,1.35597,0.0642896
0.105244,0.329463,0.0390429;-2.95734,1.38414,-0.194038
0.109361,0.331292,0.0292532;-1.97264,1.51547,-1.17317
0.10701,0.330705,0.0286427;-1.55705,1.52718,-1.58726
0.104835,0.329993,0.0286795;1.51007,1.56422,1.62729
0.10154,0.330246,0.0303535;2.35946,1.51246,0.779249
0.094715,0.331204,0.0435845;2.84443,1.35093,0.270339
0.101819,0.331073,0.0427519;-3.12592,1.3508,-0.0378089
0.107989,0.331287,0.0331726;-2.71106,1.47706,-0.435484
0.108553,0.332743,0.0286638;-1.46873,1.55583,-1.67607
0.106348,0.331425,0.0286987;1.53657,1.50648,1.60127
0.104487,0.331039,0.0296549;1.91836,1.49459,1.22109
0.0979144,0.331751,0.0429333;2.67647,1.34579,0.443678
0.100499,0.33321,0.0417804;3.11478,1.37248,0.00377202
0.104715,0.333271,0.0321421;-2.58806,1.49561,-0.559869
0.104702,0.334272,0.0286656;-1.53462,1.55184,-1.61094
0.102353,0.332856,0.0286879;1.54868,1.50684,1.58882
0.100711,0.33328,0.0295999;1.86932,1.48264,1.26992
0.0950439,0.333366,0.0432085;2.56399,1.31618,0.560544
0.0972675,0.331716,0.0417604;3.02337,1.36911,0.0981566
0.100184,0.330119,0.0325987;-2.62674,1.48698,-0.519701
0.0992735,0.33016,0.0286387;-1.55958,1.55705,-1.58498
0.0961765,0.328297,0.0287249;1.53734,1.45975,1.60075
0.0952108,0.328712,0.0291676;1.67089,1.44037,1.46719
0.0913368,0.328814,0.0421007;2.37215,1.27926,0.765227
0.0925015,0.328,0.0419119;2.89958,1.34221,0.240109
0.086557,0.327625,0.0364664;3.12763,1.44053,0.0089204
0.0830395,0.32761,0.0286153;-1.57017,1.51724,-1.57313
0.0813336,0.326783,0.0286673;1.52297,1.55215,1.61504
0.0807922,0.326475,0.028785;1.52341,1.51133,1.61344
0.0792524,0.327304,0.0303095;1.91428,1.46201,1.22441
0.0749152,0.32959,0.0427421;2.78665,1.34954,0.341045
0.073928,0.331689,0.0382606;-2.98022,1.41708,-0.169877
0.0719655,0.331971,0.0290593;-1.42368,1.49742,-1.72439
0.0718496,0.331639,0.0286202;-1.56823,1.53198,-1.57541
0.069955,0.329815,0.0287069;1.53084,1.49984,1.60721
0.0694465,0.329353,0.0296141;1.71641,1.44032,1.42404
0.0670084,0.329821,0.0434904;2.50717,1.29505,0.622949
0.0646101,0.331887,0.0419937;-3.11967,1.35517,-0.0313942
0.0578873,0.331719,0.0304747;-1.87144,1.46183,-1.27609
0.0558956,0.331888,0.0286193;-1.56927,1.50559,-1.57423
0.0530972,0.329867,0.0286917;1.52802,1.49961,1.61121
0.0545544,0.328736,0.0293665;1.6197,1.41101,1.51734
0.0569883,0.329241,0.0429205;2.33853,1.25514,0.796956
0.0593085,0.328772,0.042355;2.87833,1.33565,0.260059
0.0490746,0.328383,0.0330106;-2.27025,1.44671,-0.873659
0.0430493,0.329293,0.0285978;-1.57052,1.50004,-1.57192
0.0404319,0.327284,0.0286894;1.50786,1.51547,1.63196
0.0410713,0.326187,0.0291264;1.54799,1.43422,1.58798
0.0466166,0.324965,0.0416878;2.25736,1.25084,0.886334
0.0508141,0.324084,0.043333;2.57938,1.28827,0.560582
0.0450693,0.325534,0.0379714;-3.13425,1.41004,-0.00512981
0.0351489,0.328773,0.0286268;-1.60241,1.52784,-1.54049
0.033356,0.328514,0.0286179;1.57952,1.5333,1.55982
0.032019,0.327136,0.0287577;1.53716,1.44252,1.59997
0.0398969,0.323707,0.0359943;1.95647,1.23791,1.19284
0.0442303,0.323045,0.0442853;2.24611,1.17799,0.900892
0.0491021,0.321548,0.0426067;2.54159,1.27615,0.611833
0.0309502,0.326521,0.0286937;-1.49925,1.53803,-1.6462
0.0300184,0.326602,0.0285699;1.46611,1.55945,1.67478
0.0275098,0.324888,0.0286567;1.563,1.43769,1.57594
0.0346091,0.319928,0.0308657;1.68969,1.21839,1.4539
0.0413518,0.319413,0.0403362;2.02283,1.14176,1.13204
0.0495677,0.316832,0.0439249;2.24638,1.16952,0.907293
0.0360907,0.318434,0.028552;1.29342,1.53896,1.84114
0.0355381,0.319154,0.028602;1.60269,1.55067,1.5371
0.0335811,0.319157,0.0286071;1.56835,1.47884,1.57177
0.0339021,0.314896,0.0295001;1.59687,1.23872,1.54204
0.0400094,0.313046,0.0352211;1.84446,1.15444,1.30995
0.0467852,0.311187,0.0443289;2.12489,1.10549,1.03014
0.0449091,0.309179,0.0340099;2.39298,1.43358,0.7574
0.037874,0.311613,0.0286374;1.55806,1.53476,1.58095
0.036602,0.312012,0.0285663;1.5438,1.49395,1.59714
0.0353396,0.307975,0.0292479;1.56709,1.22385,1.56913
0.045724,0.304136,0.0326513;1.72668,1.10684,1.42297
0.0542722,0.303584,0.042711;1.99683,1.03513,1.1635
0.0631691,0.297085,0.0347563;2.03229,1.30179,1.12509
0.0534293,0.299476,0.0286036;1.57361,1.42398,1.56492
0.0530024,0.299818,0.0285925;1.56991,1.43597,1.57105
0.0499681,0.296373,0.0292704;1.55333,1.2004,1.58275
0.0577693,0.290857,0.0322697;1.69422,1.06678,1.45718
0.0729474,0.285436,0.0411334;1.89389,0.944953,1.27292
0.0892732,0.277209,0.0370677;1.99162,1.16021,1.17842
0.078818,0.280529,0.0287942;1.54377,1.29449,1.59253
0.0776279,0.281634,0.0286187;1.57056,1.34351,1.5691
0.0735066,0.280579,0.0288741;1.54765,1.16346,1.58711
0.0774989,0.275877,0.0298964;1.59798,1.03021,1.54397
0.0875853,0.267766,0.0363824;1.76891,0.882249,1.40073
0.105099,0.256454,0.040701;1.9681,0.981012,1.22536
0.102398,0.258103,0.0337197;1.80447,1.12502,1.35998
0.0953705,0.262131,0.0286222;1.57063,1.21949,1.56849
0.0919417,0.261721,0.0286489;1.56681,1.11034,1.5728
0.0914283,0.260142,0.0292672;1.54755,1.0095,1.58431
0.0965299,0.252909,0.0312257;1.63412,0.871206,1.51777
0.119366,0.235587,0.0422242;1.88696,0.776745,1.31623
0.123846,0.233037,0.037888;1.85151,0.906934,1.34371
0.1172,0.239419,0.0287085;1.56623,1.0322,1.56817
0.115376,0.241182,0.0286093;1.57107,1.0517,1.56889
0.112879,0.240774,0.0287703;1.5634,0.94889,1.57186
0.114048,0.236911,0.0297449;1.57497,0.827674,1.56199
0.133531,0.214263,0.0427105;1.82654,0.591103,1.3874
0.143064,0.204062,0.0409185;1.85591,0.69876,1.36893
0.140561,0.204337,0.0333394;1.71089,0.822589,1.46629
0.134215,0.210207,0.0285986;1.57049,0.943118,1.57006
0.131012,0.210718,0.0286865;1.56644,0.80977,1.57187
0.129978,0.209043,0.0294392;1.55903,0.705987,1.5727
0.136045,0.187229,0.0423213;1.79179,0.443458,1.43825
0.136083,0.177389,0.0425092;1.82445,0.533233,1.41327
0.132416,0.173892,0.032842;1.68403,0.658877,1.4971
0.127526,0.179009,0.0285934;1.57068,0.779666,1.57015
0.124752,0.179859,0.0286606;1.56776,0.685815,1.57119
0.123962,0.178997,0.0293087;1.5629,0.602477,1.56894
0.123962,0.178997,0.0293087;1.5629,0.602477,1.56894
0.124859,0.172009,0.0313044;1.61155,0.473339,1.54788
0.124859,0.172009,0.0313044;1.61155,0.473339,1.54788
