-0.125,0.125,0.06;-1.57,-2.98023e-08,-1.57
-0.125,0.125,0.06;-1.57,-2.98023e-08,-1.57
-0.125,0.125,0.06;-1.57,-2.98023e-08,-1.57
-0.125952,0.123309,0.028572;-1.57069,-0.215899,-1.57048
-0.124397,0.121675,0.0286275;-1.57079,-0.113523,-1.57303
-0.12116,0.124984,0.0294581;-1.58274,0.0259876,-1.5724
-0.115978,0.145063,0.0376196;-1.72039,0.11005,-1.56799
-0.116441,0.144092,0.0286354;-1.57126,-0.0853884,-1.57545
-0.116993,0.144505,0.0286244;-1.57086,-0.131307,-1.57304
-0.117026,0.144431,0.0285819;-1.57071,-0.129514,-1.57101
-0.113495,0.141925,0.0288676;-1.56474,0.072552,-1.57909
-0.109032,0.148285,0.0301274;-1.58724,0.21048,-1.5735
-0.104267,0.162881,0.0378494;-1.72126,0.347448,-1.54389
-0.0997837,0.17749,0.0359545;-1.70705,0.222181,-1.55032
-0.10128,0.171692,0.029003;-1.58606,0.113822,-1.57427
-0.102471,0.171384,0.0286069;-1.57059,0.0402538,-1.57235
-0.101306,0.168914,0.028713;-1.57073,0.165714,-1.57712
-0.0980138,0.172119,0.029811;-1.5825,0.279267,-1.57354
-0.0920176,0.182475,0.0364473;-1.70085,0.411811,-1.53599
-0.0873068,0.197195,0.0408221;-1.78972,0.398396,-1.5135
-0.0868231,0.197935,0.0365176;-1.72569,0.298081,-1.53298
-0.089523,0.192198,0.0286908;-1.56695,0.20108,-1.57976
-0.0902885,0.19075,0.0286624;-1.57059,0.197855,-1.57479
-0.0886674,0.188475,0.0288187;-1.56705,0.311368,-1.57984
-0.0837474,0.192935,0.0307873;-1.60777,0.445604,-1.56065
-0.0785103,0.203511,0.0374661;-1.72945,0.502271,-1.511
-0.0754084,0.209449,0.0348122;-1.69091,0.399467,-1.52914
-0.0764861,0.208535,0.0286368;-1.57104,0.23237,-1.57322
-0.0765638,0.207238,0.0286358;-1.57077,0.281419,-1.57342
-0.0755501,0.204648,0.0287067;-1.5681,0.389535,-1.5764
-0.0621941,0.213811,0.0332889;-1.6623,0.656577,-1.52435
-0.0534375,0.227891,0.0416708;-1.82513,0.703707,-1.44
-0.0468782,0.237,0.0399494;-1.80818,0.599059,-1.45214
-0.0509947,0.232812,0.0286731;-1.56958,0.418754,-1.57559
-0.0509061,0.232887,0.028613;-1.57075,0.396599,-1.57247
-0.0508899,0.230469,0.0286602;-1.57072,0.501286,-1.57465
-0.0427817,0.231121,0.030117;-1.59186,0.74231,-1.56192
-0.030981,0.241042,0.0376871;-1.78104,0.871663,-1.43029
-0.0215121,0.252266,0.0414685;-1.87676,0.827837,-1.37277
-0.0243734,0.250616,0.0287785;-1.57067,0.640504,-1.58031
-0.0244022,0.251636,0.0286232;-1.57112,0.575834,-1.57293
-0.0250231,0.250789,0.0286167;-1.57077,0.60282,-1.57254
-0.0216979,0.246781,0.0293521;-1.55991,0.842112,-1.58699
-0.0104146,0.251676,0.0327518;-1.68429,0.986026,-1.48491
0.00290754,0.262412,0.0417621;-1.95486,1.03846,-1.27389
0.0121846,0.269389,0.0315917;-1.66762,0.826731,-1.50335
0.00953574,0.268231,0.0286613;-1.57018,0.7453,-1.57511
0.00960569,0.268216,0.0286017;-1.5707,0.724704,-1.57195
0.0099313,0.262378,0.0290953;-1.558,0.987254,-1.59021
0.0201198,0.263371,0.0308883;-1.65015,1.12837,-1.50497
0.0353236,0.27031,0.0404584;-2.06983,1.21247,-1.13096
0.0500403,0.278388,0.0322675;-1.71603,1.00643,-1.45174
0.0463327,0.277722,0.0286611;-1.56911,0.93281,-1.57599
0.0464266,0.277837,0.0285807;-1.57078,0.907943,-1.57086
0.0454753,0.272172,0.0290545;-1.54945,1.17026,-1.59871
0.0554513,0.271382,0.0308285;-1.7027,1.3087,-1.44812
0.0714226,0.275452,0.0402291;-2.45916,1.35622,-0.724862
0.0881989,0.281044,0.034556;-1.89621,1.20027,-1.27445
0.082281,0.280253,0.0287904;-1.5705,1.11709,-1.58124
0.0828073,0.280542,0.028579;-1.57078,1.06897,-1.5707
0.0813061,0.276781,0.0288196;-1.5542,1.24852,-1.5928
0.0872324,0.276064,0.029824;-1.62028,1.36057,-1.52618
0.100013,0.277715,0.0365363;-2.5533,1.42769,-0.609331
0.114683,0.280831,0.0389203;-2.41841,1.33064,-0.756049
0.111868,0.281096,0.0335357;-1.92481,1.28933,-1.23603
0.108506,0.281509,0.0287272;-1.57115,1.22093,-1.57789
0.107188,0.280789,0.0286638;-1.56907,1.25329,-1.57623
0.106472,0.278534,0.0289611;-1.54276,1.35704,-1.60505
0.11455,0.276585,0.0309314;-1.97814,1.48472,-1.16942
0.138748,0.279182,0.0422721;3.07063,1.3586,0.0347986
0.143482,0.279597,0.0396529;-2.72028,1.35894,-0.444518
0.138753,0.281064,0.0300383;-1.76113,1.38469,-1.3894
0.136773,0.281726,0.0286425;-1.57038,1.34598,-1.57422
0.134634,0.279171,0.0286913;-1.55526,1.47635,-1.59006
0.13713,0.27629,0.0294571;1.43806,1.54195,1.69562
0.165357,0.271065,0.0430257;2.24162,1.23578,0.8827
0.178956,0.269446,0.042067;2.57426,1.30116,0.557418
0.178995,0.269235,0.0340998;2.80004,1.45489,0.340267
0.172779,0.271424,0.0286251;-1.56975,1.50695,-1.57404
0.169914,0.269398,0.0286619;1.57028,1.48678,1.56748
0.16985,0.266757,0.0293059;1.54445,1.36479,1.58764
0.194468,0.256106,0.0422492;1.98407,1.07293,1.16202
0.210648,0.252018,0.0423114;2.17029,1.16118,0.984496
0.210027,0.252159,0.0342499;2.02674,1.31512,1.12401
0.204007,0.255858,0.0286104;1.57116,1.46616,1.56885
0.200835,0.254315,0.0286571;1.57699,1.32327,1.55983
0.199801,0.251985,0.0292139;1.54902,1.20034,1.58337
0.222067,0.238454,0.0412985;1.87017,0.916033,1.29516
0.237567,0.231776,0.0416078;1.98914,1.01348,1.18681
0.236697,0.230667,0.0353004;1.89705,1.15269,1.26411
0.232446,0.234307,0.0285809;1.57087,1.31709,1.57076
0.229773,0.23363,0.028682;1.57044,1.19346,1.56636
0.228453,0.232448,0.0289323;1.54553,1.11411,1.58763
0.245333,0.21828,0.0374887;1.77558,0.851334,1.39869
0.257751,0.209994,0.0409542;1.91999,0.920506,1.26756
0.257372,0.208528,0.0384152;1.88118,0.95203,1.29928
0.254466,0.213225,0.0287045;1.57101,1.13714,1.56445
0.252622,0.21328,0.0286265;1.57076,1.07141,1.56866
0.250536,0.212619,0.0287098;1.56848,0.979663,1.56726
0.251722,0.207592,0.0295436;1.56926,0.851326,1.56443
0.27275,0.184312,0.042033;1.82715,0.657896,1.37413
0.279708,0.178029,0.0401355;1.85148,0.76629,1.35764
0.278175,0.181499,0.0306286;1.64281,0.879648,1.50934
0.277463,0.183138,0.0286112;1.57082,0.95467,1.56922
0.274154,0.183413,0.0286877;1.57072,0.82364,1.56575
0.27186,0.181599,0.0292404;1.56541,0.697817,1.56476
0.283057,0.156576,0.0420698;1.77997,0.428065,1.44354
0.292018,0.144011,0.0416971;1.82714,0.53505,1.41424
0.292631,0.147172,0.0336642;1.69881,0.652922,1.48806
0.292056,0.151786,0.0286124;1.57127,0.771021,1.56913
0.288886,0.152632,0.0286927;1.56853,0.632478,1.56861
0.286325,0.151754,0.0291037;1.56043,0.511546,1.56692
0.292681,0.12589,0.0408508;1.7508,0.24462,1.49375
0.299553,0.110999,0.0426345;1.8173,0.344318,1.45542
0.301066,0.11093,0.0352634;1.72182,0.454243,1.49434
0.301172,0.11544,0.0285688;1.57071,0.543764,1.57143
0.299088,0.116848,0.0286569;1.57019,0.436231,1.56776
0.297106,0.117002,0.0289603;1.5588,0.336255,1.56785
0.298174,0.0939172,0.0375284;1.70542,0.0617292,1.54387
0.300619,0.0797245,0.0418718;1.78186,0.104701,1.51418
0.301367,0.0753161,0.0389524;1.76186,0.204846,1.51808
0.303461,0.0807468,0.0287075;1.57089,0.32843,1.56448
0.303078,0.081251,0.0286286;1.57081,0.303847,1.56848
0.300684,0.0830807,0.0287079;1.56709,0.19125,1.56907
0.296109,0.0685478,0.032556;1.62901,-0.0604617,1.56725
0.297045,0.052349,0.0412078;1.75602,-0.146614,1.56446
0.296128,0.0392318,0.0424214;1.7997,-0.0534117,1.55198
0.299963,0.0431774,0.0288309;1.57064,0.0986371,1.55875
0.299649,0.0425845,0.0285932;1.57078,0.127214,1.57018
0.298956,0.0445173,0.0286346;1.57075,0.038399,1.56823
0.292958,0.0400055,0.0299964;1.58454,-0.189011,1.56883
0.287967,0.0259211,0.0367415;1.70069,-0.329262,1.59624
0.284743,0.0110076,0.0420076;1.78942,-0.313003,1.60246
0.28617,0.00897966,0.0299206;1.60313,-0.126422,1.56795
0.286757,0.00927284,0.0286872;1.57067,-0.0621163,1.56573
0.286816,0.00965196,0.0286262;1.57076,-0.0712029,1.56862
0.282353,0.012526,0.0293199;1.56576,-0.319423,1.56005
0.274176,0.00344663,0.0326874;1.64232,-0.465792,1.59316
0.266775,-0.0124559,0.0425303;1.8043,-0.551088,1.65274
0.261728,-0.0257304,0.0335978;1.67842,-0.338117,1.60113
0.2646,-0.0228814,0.0286768;1.57059,-0.272013,1.56462
0.264453,-0.0229507,0.028601;1.57088,-0.249269,1.56967
0.261061,-0.0181296,0.0290942;1.56221,-0.515162,1.55893
0.252721,-0.0241646,0.0311751;1.619,-0.651982,1.59386
0.242994,-0.0371285,0.0406095;1.80777,-0.759521,1.70336
0.233983,-0.051852,0.0350898;1.72016,-0.557252,1.64208
0.238093,-0.0496849,0.0288133;1.57236,-0.504057,1.56084
0.237497,-0.0497941,0.0285787;1.57106,-0.465097,1.57123
0.236026,-0.0457504,0.0290105;1.55404,-0.679451,1.5539
0.228292,-0.0508935,0.0305958;1.60805,-0.813594,1.59598
0.217381,-0.0620142,0.0382781;1.81417,-0.93298,1.74718
0.203636,-0.0735049,0.0381326;1.8173,-0.756301,1.73081
0.209695,-0.0723446,0.0289694;1.57838,-0.710263,1.56313
0.209384,-0.0721437,0.0286855;1.57068,-0.669966,1.56579
0.210047,-0.0682876,0.0287659;1.56298,-0.806709,1.56174
0.205542,-0.06941,0.0294901;1.55696,-0.911207,1.55377
0.193468,-0.0755223,0.0334858;1.71528,-1.0483,1.6893
0.170643,-0.0909587,0.0418676;1.97159,-0.970437,1.8798
0.17176,-0.0920714,0.0349581;1.77354,-0.908489,1.72359
0.175159,-0.0910924,0.0288655;1.57372,-0.867377,1.56158
0.175764,-0.0888004,0.0286534;1.5701,-0.943148,1.56656
0.175321,-0.086953,0.0289776;1.5468,-1.03427,1.54329
0.167149,-0.0879285,0.0302495;1.61303,-1.16596,1.60658
0.138564,-0.0999077,0.0418897;2.17829,-1.19496,2.11124
0.134065,-0.100998,0.0386147;1.99997,-1.1199,1.9512
0.138371,-0.0999896,0.0289302;1.58691,-1.07786,1.57597
0.139071,-0.10005,0.0286431;1.57069,-1.04711,1.56771
0.140226,-0.097436,0.0286782;1.57058,-1.16267,1.5659
0.137794,-0.0952189,0.0294539;1.56369,-1.28189,1.55523
0.108616,-0.098213,0.042453;2.83517,-1.35961,2.78812
0.095991,-0.100607,0.0413519;2.45667,-1.29095,2.41507
0.0977896,-0.101474,0.0330024;1.88482,-1.27408,1.86641
0.10126,-0.102526,0.0286085;1.57085,-1.20028,1.56931
0.10333,-0.0998075,0.0286444;1.5688,-1.3422,1.56606
0.103641,-0.0971775,0.0291377;1.48918,-1.45907,1.48129
0.077354,-0.0936584,0.0403893;-2.40728,-1.3428,-2.42439
0.0612464,-0.0937259,0.0426016;-2.96406,-1.33242,-2.98915
0.0597742,-0.0946649,0.0352118;2.73081,-1.43058,2.72028
0.0634888,-0.0963489,0.0285654;1.57069,-1.42438,1.57143
0.06602,-0.0946531,0.028667;1.47531,-1.55591,1.47199
0.06595,-0.0925366,0.0289681;-1.40496,-1.48364,-1.40972
0.06595,-0.0925366,0.0289681;-1.40496,-1.48364,-1.40972
0.0564605,-0.0884392,0.0308833;-1.70296,-1.3434,-1.70094
0.0564605,-0.0884392,0.0308833;-1.70296,-1.3434,-1.70094
