-0.125,0.125,0.06;-1.57,-2.98023e-08,-1.57
-0.125,0.125,0.06;-1.57,-2.98023e-08,-1.57
-0.125,0.125,0.06;-1.57,-2.98023e-08,-1.57
-0.125828,0.122849,0.0285636;-1.571,-0.245639,-1.56994
-0.12433,0.12168,0.0285927;-1.57087,-0.160917,-1.57145
-0.121265,0.127147,0.0296142;-1.58773,-0.0160731,-1.57241
-0.116527,0.142611,0.0379632;-1.71212,0.060953,-1.57688
-0.118055,0.138882,0.0286594;-1.57161,-0.163495,-1.57674
-0.118378,0.139328,0.0286046;-1.57077,-0.210546,-1.57203
-0.118393,0.139308,0.0285797;-1.57101,-0.205109,-1.57068
-0.117045,0.137151,0.0287768;-1.5707,-0.0646645,-1.58024
-0.114099,0.138088,0.0294371;-1.57823,0.0550929,-1.58559
-0.10904,0.150842,0.0362259;-1.67327,0.213474,-1.57395
-0.112577,0.166121,0.037339;-1.71421,0.0935504,-1.56069
-0.112838,0.159359,0.0307296;-1.60988,-0.0284453,-1.56925
-0.114051,0.155389,0.0285962;-1.56984,-0.123129,-1.57214
-0.113478,0.152346,0.0287513;-1.57141,-0.0148289,-1.57894
-0.112445,0.149384,0.0294726;-1.57691,0.0848246,-1.58909
-0.106576,0.153197,0.0328426;-1.60785,0.223125,-1.59624
-0.104138,0.171406,0.0401751;-1.74748,0.229925,-1.55515
-0.103643,0.172749,0.036642;-1.7116,0.121268,-1.55934
-0.10537,0.166117,0.0287125;-1.57226,-0.00301287,-1.57942
-0.105965,0.164978,0.0286139;-1.57077,-0.0120361,-1.57242
-0.10601,0.162568,0.0287972;-1.57091,0.0982776,-1.58072
-0.103709,0.161127,0.0300212;-1.57811,0.207928,-1.5932
-0.0992523,0.166921,0.0337381;-1.62639,0.277734,-1.58517
-0.10254,0.174221,0.0345349;-1.66537,0.188691,-1.55384
-0.107855,0.165228,0.0286228;-1.5698,-0.0323237,-1.56775
-0.108051,0.164503,0.0285783;-1.57078,-0.029782,-1.57089
-0.107419,0.162882,0.0286804;-1.57096,0.0488248,-1.57535
-0.103131,0.160968,0.0314059;-1.59373,0.268395,-1.5929
-0.0960849,0.173858,0.0388268;-1.70573,0.36225,-1.56208
-0.0977858,0.184798,0.0399147;-1.75938,0.267255,-1.53491
-0.10892,0.171981,0.0291548;-1.56361,0.052821,-1.56491
-0.110143,0.166458,0.0287637;-1.56701,-0.0369762,-1.56557
-0.109394,0.165837,0.0285792;-1.57083,0.00315497,-1.57074
-0.107959,0.162215,0.0298068;-1.5789,0.177973,-1.59068
-0.102437,0.165385,0.0334895;-1.6093,0.312801,-1.60036
-0.0989901,0.177434,0.0392393;-1.72257,0.304063,-1.55944
-0.109778,0.17448,0.0300687;-1.59164,0.0800215,-1.55846
-0.111419,0.166694,0.0291289;-1.57094,-0.0260247,-1.56312
-0.112023,0.163583,0.0287263;-1.56815,-0.0687161,-1.5662
-0.110188,0.161677,0.0290471;-1.57939,0.0953055,-1.58335
-0.107444,0.159932,0.0309265;-1.58171,0.208502,-1.59994
-0.100417,0.1712,0.0378437;-1.67422,0.320043,-1.58458
-0.10779,0.180881,0.0339243;-1.66109,0.098233,-1.55051
-0.112823,0.170303,0.0293011;-1.56559,-0.0147172,-1.56115
-0.113453,0.164364,0.0288038;-1.56849,-0.0992145,-1.56225
-0.110606,0.163556,0.0288499;-1.57074,0.0459365,-1.58405
-0.107725,0.161968,0.0305897;-1.57644,0.159162,-1.60116
-0.100419,0.167606,0.0349876;-1.60909,0.290723,-1.61934
-0.104263,0.17814,0.0310788;-1.62013,0.0830798,-1.56932
-0.10777,0.170802,0.029023;-1.56092,-0.0311648,-1.56562
-0.110152,0.168093,0.0292134;-1.56824,-0.084462,-1.55721
-0.106976,0.166856,0.0292251;-1.56934,0.0603534,-1.57701
-0.100027,0.172615,0.0301489;-1.58472,0.196001,-1.58971
-0.0934856,0.180215,0.0363432;-1.64458,0.323074,-1.6059
-0.0950742,0.189039,0.0321414;-1.64129,0.132574,-1.57237
-0.100135,0.182467,0.0293261;-1.57427,0.027851,-1.57144
-0.102617,0.179049,0.0292785;-1.56833,-0.0307079,-1.55992
-0.100896,0.176201,0.0289962;-1.56999,0.111662,-1.57043
-0.0960337,0.178681,0.0295153;-1.58758,0.235672,-1.57686
-0.0914912,0.182101,0.0340092;-1.63539,0.357454,-1.58497
-0.0887782,0.189081,0.0347909;-1.6442,0.307896,-1.58923
-0.0917677,0.18944,0.0309228;-1.61604,0.203679,-1.57057
-0.0952787,0.185546,0.0290752;-1.566,0.0974565,-1.57174
-0.0973685,0.183502,0.0291958;-1.56803,0.0847856,-1.56015
-0.0948845,0.18329,0.0293469;-1.57227,0.178871,-1.56915
-0.086487,0.186893,0.0306552;-1.604,0.323936,-1.5716
-0.0739342,0.199647,0.0384975;-1.68499,0.431819,-1.58712
-0.0748928,0.201622,0.0361566;-1.67945,0.328403,-1.57353
-0.0783701,0.199438,0.0289469;-1.57932,0.212058,-1.5781
-0.0840611,0.192498,0.0291392;-1.56795,0.0904405,-1.56022
-0.0832586,0.191168,0.0290441;-1.56068,0.151798,-1.56831
-0.0786527,0.193147,0.0293475;-1.57996,0.264575,-1.57565
-0.0655088,0.203975,0.0382652;-1.67693,0.508687,-1.58537
-0.0636017,0.211488,0.0395239;-1.72531,0.403365,-1.55449
-0.0653332,0.212234,0.0315911;-1.62814,0.291755,-1.56533
-0.0705103,0.205322,0.0289341;-1.56927,0.124757,-1.56238
-0.0703651,0.204176,0.0291929;-1.55821,0.191157,-1.56768
-0.0663821,0.207644,0.0298606;-1.57958,0.305315,-1.56661
-0.0465351,0.223275,0.039643;-1.73255,0.575853,-1.53412
-0.0430079,0.231717,0.0393564;-1.73363,0.464619,-1.54286
-0.0410944,0.233035,0.0309775;-1.60319,0.384618,-1.58041
-0.0404677,0.23287,0.0286295;-1.57034,0.301089,-1.56815
-0.0382233,0.233236,0.02892;-1.55612,0.421102,-1.57348
-0.0344226,0.23711,0.0300357;-1.57785,0.542746,-1.56194
-0.0104549,0.251688,0.0399317;-1.77292,0.778959,-1.47643
-0.00522409,0.260097,0.0396418;-1.7699,0.662883,-1.48729
-0.00343464,0.260501,0.031491;-1.6112,0.581383,-1.57486
-0.00395551,0.260723,0.0286049;-1.57191,0.504866,-1.57069
-0.0028924,0.258982,0.0288754;-1.55461,0.635669,-1.57816
-0.000564548,0.261355,0.0295151;-1.57552,0.710835,-1.56062
0.0173946,0.265863,0.0385524;-1.80465,0.956844,-1.40446
0.0270933,0.271085,0.0389639;-1.80331,0.863299,-1.42176
0.0287188,0.270097,0.0354457;-1.72701,0.83919,-1.48808
0.0279137,0.270627,0.0287306;-1.57083,0.719618,-1.57785
0.0277188,0.26959,0.0286983;-1.56878,0.808511,-1.56789
0.0293874,0.269497,0.0290755;-1.5497,0.88481,-1.58261
0.0373752,0.270979,0.0304224;-1.59871,1.01353,-1.54379
0.0685931,0.275737,0.0396729;-1.94987,1.17006,-1.26785
0.0737036,0.277571,0.0371082;-1.81444,1.05924,-1.39524
0.0738909,0.276865,0.0295778;-1.58301,0.979163,-1.57957
0.0729202,0.276264,0.0285887;-1.57017,1.00847,-1.57178
0.0719792,0.273048,0.0287299;-1.55937,1.13393,-1.58362
0.0761083,0.272193,0.0296335;-1.55995,1.24065,-1.58563
0.105561,0.270756,0.0404115;-2.67951,1.40419,-0.516308
0.116029,0.273216,0.03959;-2.2408,1.31359,-0.95408
0.117396,0.271864,0.0303927;-1.66032,1.26789,-1.50275
0.115809,0.271928,0.028626;-1.57599,1.26426,-1.56642
0.112465,0.269363,0.0286604;-1.57044,1.44025,-1.575
0.112866,0.267224,0.029049;-1.30283,1.54795,-1.84961
0.142108,0.260394,0.0404552;2.15772,1.28679,0.965129
0.157072,0.257175,0.0405987;2.57224,1.35923,0.546397
0.158206,0.256257,0.0330775;-2.82982,1.48282,-0.325711
0.154222,0.258625,0.0287094;-1.63546,1.53275,-1.50982
0.150478,0.2569,0.0285998;1.57071,1.45041,1.56987
0.149329,0.255583,0.0287347;1.56725,1.35342,1.56667
0.171742,0.240891,0.0374497;1.81922,1.06915,1.33022
0.187206,0.232747,0.0408585;1.95374,1.08861,1.18942
0.191032,0.229763,0.0370751;1.98369,1.22466,1.16074
0.1894,0.232079,0.028803;1.59685,1.35929,1.53936
0.18693,0.233588,0.0286084;1.57109,1.2494,1.56917
0.184096,0.233498,0.0286249;1.57081,1.1141,1.56873
0.189278,0.223975,0.0307661;1.61772,0.898497,1.52165
0.20428,0.211273,0.0401194;1.78266,0.784404,1.38271
0.214786,0.202406,0.0405158;1.85543,0.878273,1.32116
0.212398,0.205407,0.0288262;1.57322,1.10885,1.55647
0.211801,0.206385,0.0287001;1.57429,1.09588,1.56356
0.209623,0.209394,0.0286361;1.57427,0.945624,1.5675
0.206628,0.208371,0.0291845;1.58184,0.757315,1.54918
0.210904,0.197319,0.033933;1.65676,0.612671,1.49881
0.221696,0.183075,0.0407664;1.77207,0.582522,1.42118
0.225853,0.180945,0.0291973;1.59465,0.850498,1.54463
0.225802,0.181449,0.0287266;1.57275,0.900918,1.56334
0.225023,0.183325,0.0285879;1.57088,0.830325,1.5704
0.220098,0.184802,0.0289703;1.57727,0.601489,1.55151
0.219251,0.179613,0.0310963;1.5849,0.487789,1.53678
0.225079,0.16338,0.0397288;1.71455,0.360717,1.47643
0.236519,0.153816,0.0346036;1.69864,0.601715,1.49926
0.233331,0.161761,0.0286867;1.56991,0.713465,1.56558
0.23308,0.162617,0.0285991;1.57066,0.753716,1.56996
0.228512,0.16556,0.0288387;1.57067,0.50838,1.55818
0.225906,0.164349,0.0308086;1.57544,0.417305,1.53545
0.226409,0.15233,0.0360597;1.63543,0.278578,1.50243
0.236718,0.140883,0.0350865;1.69448,0.500765,1.51405
0.235423,0.15116,0.0289018;1.56402,0.621708,1.56824
0.233629,0.155915,0.0286289;1.56999,0.68938,1.56916
0.23016,0.159545,0.0287245;1.57073,0.465609,1.56427
0.229054,0.160073,0.0298872;1.58325,0.378828,1.54644
0.227594,0.153538,0.0341954;1.62168,0.262344,1.51459
0.234728,0.138787,0.0368443;1.71965,0.401564,1.50454
0.234734,0.146226,0.0300533;1.60199,0.534116,1.55671
0.231698,0.153648,0.0290687;1.57356,0.638696,1.56742
0.229728,0.157409,0.0286477;1.57094,0.542983,1.56756
0.229422,0.15934,0.0290194;1.58133,0.442031,1.55439
0.227401,0.159612,0.0314869;1.59313,0.342302,1.53096
0.228896,0.143785,0.0382337;1.70225,0.343101,1.48799
0.231867,0.145363,0.033569;1.66805,0.469619,1.52138
0.232726,0.154117,0.0294295;1.56845,0.594013,1.57066
0.228861,0.16183,0.0285799;1.57073,0.634411,1.5708
0.228067,0.16331,0.0287159;1.57116,0.551428,1.56461
0.226005,0.164197,0.0296649;1.58317,0.442688,1.54711
0.225437,0.148531,0.0385107;1.68208,0.315979,1.48352
0.229457,0.145315,0.0371479;1.71983,0.421281,1.49276
0.231338,0.153728,0.0302954;1.60854,0.556268,1.55357
0.226946,0.166256,0.0286563;1.56839,0.691724,1.57415
0.225253,0.166824,0.0286793;1.57073,0.617522,1.56619
0.223587,0.16807,0.0290495;1.58152,0.517666,1.55171
0.218778,0.155392,0.0368351;1.62824,0.303607,1.48435
0.223754,0.148829,0.0384052;1.69946,0.39387,1.47782
0.225945,0.151353,0.030832;1.62457,0.526713,1.5372
0.224061,0.163847,0.0288054;1.56662,0.708192,1.5802
0.222615,0.16406,0.0286435;1.56623,0.63757,1.57303
0.220429,0.163864,0.0288947;1.57259,0.540126,1.55549
0.213857,0.152072,0.035594;1.61076,0.292526,1.49368
0.217517,0.142314,0.037677;1.65933,0.365259,1.47823
0.220243,0.139353,0.031425;1.61398,0.478433,1.53037
0.221168,0.147206,0.0290402;1.56596,0.643563,1.57872
0.219931,0.147876,0.0287624;1.5641,0.567516,1.5775
0.218517,0.146584,0.0287195;1.5711,0.469836,1.56378
0.218517,0.146584,0.0287195;1.5711,0.469836,1.56378
0.216319,0.146019,0.0298243;1.58273,0.349313,1.54632
0.216319,0.146019,0.0298243;1.58273,0.349313,1.54632
