-0.125,0.125,0.06;-1.57,-2.98023e-08,-1.57
-0.125,0.125,0.06;-1.57,-2.98023e-08,-1.57
-0.125,0.125,0.06;-1.57,-2.98023e-08,-1.57
-0.125551,0.124437,0.0285804;-1.57078,-0.21504,-1.56977
-0.124388,0.125452,0.0285777;-1.57082,-0.134436,-1.57074
-0.122559,0.129488,0.0292311;-1.58281,-0.00585342,-1.5718
-0.118095,0.144097,0.036059;-1.69776,0.0790447,-1.57738
-0.11949,0.143518,0.0286501;-1.5705,-0.130654,-1.57448
-0.119302,0.144227,0.0285991;-1.57173,-0.183996,-1.57093
-0.119306,0.144062,0.0285896;-1.57079,-0.192128,-1.57037
-0.118423,0.144295,0.0286983;-1.57061,-0.0267312,-1.57647
-0.115521,0.149362,0.0296916;-1.58336,0.0939217,-1.57782
-0.110903,0.163383,0.0360638;-1.686,0.237735,-1.56755
-0.110187,0.172513,0.0337293;-1.66348,0.132621,-1.5713
-0.111144,0.168965,0.0286972;-1.56805,0.0171988,-1.57908
-0.11152,0.17015,0.0286215;-1.57208,-0.0621574,-1.57185
-0.110895,0.167493,0.0286904;-1.57078,0.0577989,-1.57596
-0.108929,0.168539,0.0292758;-1.57925,0.160504,-1.57834
-0.103418,0.17925,0.0349602;-1.67132,0.298778,-1.56136
-0.101517,0.189629,0.0395624;-1.74789,0.321755,-1.54462
-0.101911,0.188269,0.0346714;-1.68361,0.208576,-1.55799
-0.103605,0.184607,0.0286262;-1.57115,0.085758,-1.57653
-0.103815,0.184282,0.0286139;-1.57075,0.0698774,-1.57238
-0.103326,0.181881,0.0286993;-1.57076,0.181008,-1.57634
-0.0992898,0.18593,0.0298632;-1.58863,0.306393,-1.57466
-0.0953065,0.196712,0.0353974;-1.68793,0.368316,-1.54512
-0.0950681,0.201013,0.0326335;-1.64576,0.273734,-1.55893
-0.0963759,0.201205,0.0286377;-1.57369,0.0988698,-1.57061
-0.0964075,0.200984,0.028582;-1.57092,0.130736,-1.57071
-0.095818,0.199792,0.0286539;-1.5708,0.209915,-1.57416
-0.0867341,0.209073,0.0322345;-1.6313,0.464037,-1.55593
-0.0802549,0.224632,0.040265;-1.76605,0.528276,-1.50699
-0.075887,0.234069,0.0387487;-1.75541,0.420291,-1.51318
-0.0774838,0.229992,0.0286405;-1.57051,0.221006,-1.57385
-0.0769681,0.230196,0.0285783;-1.5707,0.190123,-1.57079
-0.0766499,0.22906,0.0286086;-1.57222,0.271992,-1.57056
-0.0714183,0.231366,0.0296639;-1.58388,0.482215,-1.57212
-0.0617199,0.244371,0.035866;-1.70206,0.620307,-1.51748
-0.0560018,0.258484,0.040407;-1.78666,0.581977,-1.4806
-0.0574635,0.257089,0.028698;-1.57101,0.359002,-1.57688
-0.0571615,0.257864,0.028614;-1.57366,0.305722,-1.56944
-0.0572851,0.257736,0.0285796;-1.57074,0.322144,-1.57078
-0.0555851,0.256221,0.0289245;-1.56916,0.519926,-1.58065
-0.045793,0.263719,0.0316396;-1.62715,0.668762,-1.54702
-0.0356664,0.27788,0.0405654;-1.80193,0.747026,-1.44895
-0.0317377,0.284814,0.0290692;-1.59175,0.515618,-1.56591
-0.0325098,0.285108,0.0286335;-1.57056,0.441316,-1.57361
-0.0320004,0.285085,0.0285792;-1.57073,0.412385,-1.57085
-0.0308379,0.282088,0.0287618;-1.57004,0.602943,-1.57974
-0.022967,0.286504,0.0300279;-1.59405,0.735129,-1.56391
-0.0104505,0.298765,0.0386143;-1.79009,0.861016,-1.43518
-0.00200469,0.310732,0.0296895;-1.60643,0.623779,-1.55582
-0.00295697,0.311034,0.0286373;-1.57055,0.540098,-1.57378
-0.00246676,0.310854,0.0285793;-1.57051,0.503694,-1.57078
-0.00147558,0.308143,0.0287618;-1.57041,0.701288,-1.57978
0.00746364,0.312059,0.030352;-1.60549,0.833728,-1.55352
0.021238,0.323127,0.0386274;-1.81979,0.954595,-1.39798
0.0302688,0.334312,0.0314193;-1.65116,0.756819,-1.52339
0.0283173,0.333247,0.0286661;-1.57065,0.657324,-1.57522
0.0290806,0.333593,0.0286341;-1.57391,0.607622,-1.56909
0.0286548,0.329942,0.0287094;-1.5709,0.792172,-1.57695
0.0336564,0.330713,0.0296;-1.58879,0.907794,-1.56393
0.0472571,0.336606,0.0357774;-1.77893,1.03623,-1.41211
0.0580316,0.3461,0.0362139;-1.8056,0.952203,-1.39479
0.0535468,0.343895,0.0301726;-1.62278,0.851704,-1.5387
0.0525032,0.344242,0.0286483;-1.57056,0.762387,-1.57431
0.0520644,0.343606,0.0286292;-1.57073,0.790991,-1.57315
0.0513014,0.341526,0.0287432;-1.5706,0.899521,-1.57873
0.0584988,0.342196,0.0305241;-1.62745,1.03233,-1.53156
0.0785546,0.353162,0.0409431;-1.99714,1.10527,-1.2188
0.0799599,0.353828,0.0370721;-1.85924,1.01254,-1.33749
0.0743863,0.350568,0.0287327;-1.56941,0.915033,-1.58015
0.0744771,0.351434,0.0285814;-1.57099,0.849215,-1.5707
0.0735083,0.349417,0.0286487;-1.57074,0.964289,-1.57407
0.0755634,0.348436,0.029048;-1.57148,1.07559,-1.57892
0.104026,0.358534,0.0421795;-2.22399,1.26357,-0.985348
0.116021,0.364267,0.0411723;-2.08494,1.15641,-1.12115
0.113546,0.362087,0.0324417;-1.72884,1.06467,-1.43888
0.110509,0.361018,0.0285817;-1.57085,0.931962,-1.57081
0.109576,0.358211,0.0286315;-1.57085,1.05789,-1.57324
0.110528,0.356642,0.0288132;-1.57002,1.16013,-1.58014
0.140824,0.362412,0.0407944;-2.42782,1.34921,-0.764815
0.155446,0.368165,0.0412767;-2.23077,1.24148,-0.965541
0.154099,0.367707,0.0321757;-1.75628,1.17386,-1.40624
0.151232,0.367506,0.0285796;-1.57095,1.07681,-1.57052
0.15004,0.364877,0.0286265;-1.57086,1.21413,-1.57288
0.150854,0.363292,0.0288302;-1.56125,1.3177,-1.58867
0.181029,0.365438,0.0407888;3.10182,1.40493,0.00160831
0.196519,0.368974,0.041264;-2.63492,1.343,-0.546271
0.195239,0.36842,0.0321634;-1.86494,1.32396,-1.29208
0.192592,0.368636,0.0286319;-1.57793,1.21714,-1.56416
0.190664,0.365978,0.0286401;-1.57081,1.35378,-1.57363
0.190126,0.364849,0.0287186;-1.57027,1.42338,-1.57803
0.214214,0.361376,0.0376971;2.43347,1.40072,0.688857
0.229593,0.36329,0.0393775;3.10531,1.3973,0.0175477
0.229507,0.361547,0.0348293;-2.83329,1.4532,-0.32327
0.22451,0.362635,0.0285794;-1.57072,1.3549,-1.571
0.224452,0.361738,0.0286875;-1.60283,1.41001,-1.53832
0.223551,0.361052,0.0286521;-1.57127,1.4802,-1.57379
0.22638,0.358681,0.0292409;1.8127,1.5517,1.32088
0.258881,0.354917,0.040621;2.29486,1.30674,0.829921
0.266047,0.354475,0.0375377;2.69945,1.40414,0.435031
0.259574,0.355489,0.0287501;-1.57115,1.52421,-1.57884
0.260269,0.355755,0.0285784;-1.5707,1.45367,-1.57046
0.259296,0.354778,0.0285839;-1.59959,1.56312,-1.54243
0.258896,0.353325,0.028791;1.55172,1.48765,1.58069
0.285442,0.343929,0.0400443;2.00129,1.1888,1.13408
0.301359,0.342672,0.0402774;2.26455,1.27849,0.875861
0.299089,0.344697,0.0305276;1.94929,1.45508,1.18877
0.297356,0.345799,0.0285796;1.5597,1.55516,1.58202
0.29558,0.344457,0.0285991;1.5721,1.43733,1.56855
0.294806,0.34319,0.0287692;1.56759,1.34613,1.56499
0.320319,0.330159,0.0394288;1.87619,1.05952,1.26966
0.336037,0.325072,0.0403743;2.04228,1.152,1.11119
0.334542,0.324869,0.0306892;1.7522,1.31808,1.38891
0.3339,0.32561,0.0285774;1.56845,1.43242,1.5733
0.332273,0.324572,0.0285801;1.57147,1.33372,1.57005
0.330975,0.323995,0.0287424;1.56464,1.25298,1.5702
0.350742,0.309062,0.037172;1.78546,0.971322,1.36782
0.363789,0.304144,0.0406354;1.91072,0.997195,1.25197
0.364431,0.303284,0.0349398;1.8395,1.1357,1.31687
0.360441,0.306611,0.0286814;1.58969,1.31041,1.55246
0.360224,0.306752,0.0285794;1.57064,1.28706,1.57097
0.358635,0.306533,0.028646;1.57106,1.19761,1.56763
0.36703,0.295032,0.032052;1.6565,0.935516,1.49156
0.381302,0.285976,0.0408637;1.82262,0.833442,1.34627
0.391032,0.279868,0.0395954;1.87059,0.934315,1.30598
0.385304,0.284009,0.0286468;1.57054,1.17052,1.56754
0.385255,0.283774,0.0285795;1.57055,1.20007,1.5711
0.383909,0.283627,0.0286675;1.58039,1.11444,1.56218
0.385677,0.277665,0.0296263;1.5867,0.908119,1.55117
0.396235,0.265161,0.0360609;1.71824,0.759927,1.44852
0.408898,0.257014,0.0407173;1.81904,0.761193,1.36551
0.407749,0.259513,0.0286709;1.56952,1.02042,1.56322
0.408436,0.259219,0.0286449;1.57738,1.07968,1.56501
0.408197,0.259195,0.0285798;1.57074,1.0706,1.57083
0.405791,0.257634,0.0287938;1.57376,0.870825,1.55932
0.411562,0.246836,0.0315271;1.62789,0.722134,1.52361
0.423496,0.234076,0.0406795;1.77456,0.608384,1.41564
0.429526,0.227721,0.0300767;1.62508,0.868177,1.52344
0.429431,0.228908,0.0286354;1.57074,0.951413,1.56824
0.429242,0.228555,0.0285794;1.57047,0.980762,1.57121
0.426195,0.227948,0.0287773;1.56922,0.765786,1.56284
0.430187,0.217779,0.0304072;1.6008,0.631371,1.54535
0.440084,0.202726,0.0393394;1.73597,0.494408,1.46071
0.44966,0.193601,0.0305596;1.63031,0.746964,1.52465
0.449468,0.195441,0.0286207;1.57092,0.826234,1.56784
0.449371,0.195224,0.0285796;1.57056,0.850221,1.57111
0.44596,0.195693,0.0287732;1.56864,0.651824,1.5639
0.447789,0.186009,0.0302497;1.59424,0.517471,1.55172
0.455777,0.170491,0.0386003;1.71763,0.379096,1.48813
0.465148,0.158332,0.0336522;1.68145,0.588905,1.5015
0.464024,0.162762,0.0286534;1.57089,0.691662,1.56601
0.46395,0.16227,0.0286665;1.57635,0.733005,1.56706
0.462128,0.162988,0.0286542;1.57078,0.606707,1.56728
0.461357,0.159102,0.0291853;1.57411,0.488385,1.56131
0.463559,0.145101,0.0336659;1.65088,0.334319,1.53179
0.472694,0.135362,0.0385762;1.73566,0.355652,1.4942
0.471401,0.142299,0.0286467;1.5657,0.49233,1.56338
0.47224,0.1421,0.0286196;1.57034,0.600513,1.56874
0.470488,0.142364,0.0285878;1.57083,0.544561,1.57013
0.469089,0.142759,0.0287256;1.57058,0.461332,1.56384
0.468872,0.134076,0.030095;1.59059,0.329139,1.55721
0.478108,0.104492,0.040807;1.75842,0.231458,1.49659
0.477777,0.103615,0.0347582;1.68725,0.363913,1.52025
0.477044,0.108891,0.028715;1.56979,0.472739,1.56335
0.477104,0.108537,0.028582;1.57091,0.488849,1.57098
0.476052,0.109226,0.0286282;1.57131,0.406222,1.56803
0.474589,0.107294,0.0290322;1.5724,0.297718,1.56202
0.477977,0.0778648,0.0410839;1.74386,0.065917,1.52223
0.479803,0.0689879,0.039201;1.74341,0.191974,1.51938
0.479106,0.0745643,0.0292399;1.5949,0.317299,1.55786
0.479245,0.0747074,0.0285798;1.57081,0.41716,1.57093
0.478028,0.0750075,0.0285805;1.56986,0.315377,1.57033
0.476841,0.0750246,0.028789;1.56892,0.231453,1.56243
0.4758,0.0473793,0.0396705;1.72008,-0.0378408,1.54493
0.478306,0.0327841,0.0400447;1.75112,0.0735511,1.53576
0.478333,0.0359318,0.0305339;1.61514,0.206693,1.55611
0.478843,0.0376745,0.0285802;1.57079,0.309841,1.5708
0.477131,0.0387086,0.0286031;1.57123,0.177972,1.56926
0.475248,0.0386733,0.0287781;1.56897,0.0798872,1.56261
0.475248,0.0386733,0.0287781;1.56897,0.0798872,1.56261
0.472344,0.0282976,0.0305421;1.59598,-0.0530645,1.56449
0.472344,0.0282976,0.0305421;1.59598,-0.0530645,1.56449
