-0.125,0.125,0.06;-1.57,-2.98023e-08,-1.57
-0.125,0.125,0.06;-1.57,-2.98023e-08,-1.57
-0.125,0.125,0.06;-1.57,-2.98023e-08,-1.57
-0.125939,0.122982,0.0285458;-1.57151,-0.222968,-1.57065
-0.124284,0.121632,0.028603;-1.57082,-0.132694,-1.57186
-0.121474,0.128039,0.0297335;-1.58829,0.0112742,-1.57159
-0.115828,0.143229,0.0376693;-1.70197,0.0902566,-1.57877
-0.117633,0.141579,0.0287285;-1.57076,-0.12666,-1.57966
-0.117709,0.14214,0.0286867;-1.57607,-0.157268,-1.57156
-0.117927,0.141868,0.02858;-1.57086,-0.133847,-1.57065
-0.115983,0.140732,0.0287619;-1.57065,0.0200161,-1.57949
-0.111592,0.145417,0.0299296;-1.57737,0.148359,-1.58197
-0.106273,0.15952,0.0378829;-1.69597,0.296882,-1.55834
-0.103513,0.172563,0.0348985;-1.68061,0.164816,-1.56532
-0.105666,0.166106,0.0288257;-1.57126,0.0501493,-1.58175
-0.106332,0.166538,0.0286178;-1.5709,-0.0160656,-1.57319
-0.10621,0.163541,0.0287482;-1.57072,0.132834,-1.57878
-0.10221,0.165093,0.0296108;-1.57463,0.246042,-1.58205
-0.0945585,0.176717,0.036366;-1.67929,0.388737,-1.5499
-0.0894297,0.19199,0.0405437;-1.75969,0.380697,-1.53136
-0.0906113,0.191397,0.0359326;-1.69923,0.270127,-1.54607
-0.0941507,0.186133,0.0287546;-1.57053,0.159639,-1.5834
-0.0946003,0.184855,0.0286398;-1.57083,0.181211,-1.5735
-0.0938517,0.1822,0.0287977;-1.57042,0.306881,-1.5815
-0.0871979,0.185881,0.0302572;-1.58612,0.448201,-1.57652
-0.080791,0.197565,0.0370164;-1.69983,0.513512,-1.52608
-0.0790651,0.203246,0.0336403;-1.66438,0.400281,-1.54347
-0.0804778,0.202921,0.0286786;-1.5758,0.243147,-1.56956
-0.080868,0.20181,0.0285829;-1.57107,0.315433,-1.57048
-0.0803548,0.199751,0.0286937;-1.57071,0.409747,-1.57621
-0.0663403,0.207885,0.0331297;-1.65072,0.674328,-1.53259
-0.0564432,0.221549,0.0412947;-1.8004,0.7363,-1.45395
-0.0507257,0.22943,0.0394514;-1.77915,0.619259,-1.4714
-0.055878,0.224618,0.0286741;-1.57072,0.412706,-1.57567
-0.0558963,0.224629,0.0285799;-1.57053,0.416928,-1.57106
-0.0560548,0.221884,0.0286426;-1.57268,0.543755,-1.57182
-0.0470529,0.222742,0.0299693;-1.58067,0.769227,-1.5749
-0.0335423,0.232378,0.0378082;-1.7631,0.904941,-1.44224
-0.0233458,0.242894,0.0409993;-1.844,0.861027,-1.39513
-0.027041,0.240143,0.0288559;-1.57096,0.632641,-1.58418
-0.0267291,0.240662,0.0287015;-1.57684,0.591332,-1.56864
-0.0276794,0.240306,0.0285794;-1.57081,0.653836,-1.57062
-0.0255643,0.23647,0.0292226;-1.57016,0.882794,-1.58379
-0.0124303,0.239752,0.0325037;-1.67455,1.03445,-1.49265
0.00207353,0.248847,0.0414995;-1.95216,1.09882,-1.26818
0.00705928,0.253599,0.0305252;-1.63365,0.861621,-1.53044
0.00566273,0.253555,0.0286632;-1.57045,0.783239,-1.57512
0.00570812,0.253628,0.0285799;-1.57081,0.782935,-1.5708
0.00600473,0.249444,0.0289468;-1.55962,1.03623,-1.59235
0.0177929,0.249955,0.0306884;-1.62613,1.17404,-1.53056
0.0345779,0.256,0.0401178;-2.09265,1.26938,-1.10291
0.046323,0.262055,0.031107;-1.67173,1.03279,-1.49089
0.0441176,0.262082,0.0286333;-1.57135,0.953402,-1.57405
0.0442295,0.262164,0.0285983;-1.57225,0.949695,-1.56956
0.0446272,0.257831,0.0288832;-1.55974,1.20296,-1.59202
0.0560471,0.256893,0.0306734;-1.68291,1.33871,-1.47037
0.0733438,0.259718,0.0400834;-2.54778,1.3905,-0.635244
0.0860646,0.263007,0.0328465;-1.80123,1.21946,-1.36428
0.0804733,0.26325,0.0287563;-1.57126,1.12909,-1.58087
0.0805706,0.26317,0.0286651;-1.5795,1.11011,-1.56325
0.0773211,0.260283,0.0287881;-1.56915,1.34859,-1.58238
0.0825699,0.257075,0.029654;-1.58635,1.46751,-1.56606
0.0972287,0.255316,0.0366917;2.83618,1.46008,0.287468
0.111645,0.25558,0.0373633;-2.79355,1.42505,-0.37261
0.108114,0.256054,0.0316005;-1.89071,1.39178,-1.26557
0.106511,0.257052,0.0287191;-1.57005,1.31792,-1.57856
0.105135,0.256699,0.028668;-1.57062,1.36796,-1.57509
0.103549,0.254764,0.0288408;-1.57388,1.47225,-1.57915
0.110995,0.250527,0.0305942;2.03947,1.52218,1.09189
0.137575,0.247871,0.0417223;2.45263,1.33128,0.663894
0.139787,0.248256,0.038337;2.88808,1.4078,0.237691
0.133311,0.250578,0.0288556;-1.60237,1.49775,-1.54994
0.132943,0.251815,0.0285797;-1.57193,1.49989,-1.56962
0.129864,0.249953,0.0286991;1.57027,1.4924,1.56559
0.132228,0.245953,0.0294103;1.55358,1.3721,1.57605
0.161929,0.23355,0.0427591;1.98153,1.09296,1.15386
0.174324,0.229718,0.0419585;2.1587,1.20154,0.981697
0.171793,0.23078,0.0332713;2.06157,1.37472,1.07843
0.167652,0.233582,0.0286437;1.61736,1.50328,1.52448
0.164002,0.232967,0.0286703;1.57043,1.32591,1.56685
0.163722,0.230079,0.0292016;1.56012,1.20749,1.56915
0.189531,0.212927,0.0418073;1.8608,0.929568,1.29287
0.203283,0.206735,0.0417883;1.96577,1.03874,1.19463
0.201952,0.207606,0.0332144;1.80793,1.20073,1.3423
0.198437,0.211113,0.0286606;1.5855,1.30753,1.55662
0.194435,0.209796,0.0286601;1.5707,1.14008,1.56715
0.193897,0.206941,0.0291189;1.56262,1.02204,1.5669
0.216869,0.185894,0.0417404;1.80579,0.755351,1.36503
0.229322,0.17702,0.0417996;1.87878,0.871894,1.29998
0.227884,0.177697,0.0334697;1.74145,1.0206,1.41645
0.224062,0.182023,0.0286759;1.58163,1.13715,1.56088
0.219979,0.181969,0.0286733;1.56972,0.965129,1.56672
0.218418,0.181031,0.0288811;1.56403,0.885074,1.56559
0.231028,0.160381,0.038646;1.73101,0.626308,1.45085
0.241505,0.149757,0.0396593;1.79443,0.725798,1.39737
0.240149,0.149049,0.0358668;1.7412,0.773839,1.43512
0.23683,0.154951,0.0286419;1.57374,0.967892,1.56578
0.234939,0.155156,0.0286755;1.57796,0.862424,1.56523
0.233527,0.155656,0.0287252;1.57065,0.787501,1.56399
0.233077,0.151184,0.0294827;1.57247,0.674397,1.55698
0.247157,0.123439,0.0415538;1.76537,0.464157,1.44164
0.25167,0.117166,0.0389564;1.7645,0.59646,1.43975
0.249862,0.122744,0.0290699;1.59056,0.726838,1.54893
0.250359,0.123119,0.0285803;1.57088,0.75826,1.57076
0.247061,0.124288,0.0286456;1.57079,0.606464,1.5677
0.245162,0.122635,0.0291194;1.5662,0.500974,1.56126
0.252457,0.0918963,0.0412105;1.73908,0.233065,1.49169
0.259072,0.078432,0.0409514;1.76814,0.360243,1.47243
0.25878,0.0806126,0.031963;1.64663,0.506307,1.52597
0.258736,0.0845693,0.0286039;1.57197,0.580696,1.57029
0.255835,0.0867543,0.0286501;1.57093,0.393301,1.567
0.253592,0.0863891,0.0289911;1.56673,0.27788,1.5602
0.254175,0.055427,0.040753;1.72749,0.0185718,1.52944
0.257252,0.0399637,0.0408629;1.75605,0.142518,1.51542
0.256581,0.0412876,0.0325022;1.64735,0.289974,1.54034
0.257304,0.0454696,0.0286258;1.57309,0.368244,1.57
0.255711,0.0483113,0.0286209;1.57078,0.2129,1.56889
0.253749,0.0493257,0.0288515;1.56696,0.101293,1.56114
0.247346,0.023126,0.0381492;1.69645,-0.164602,1.56704
0.246771,0.00790401,0.0414313;1.75275,-0.123303,1.55567
0.246322,0.00556102,0.0364667;1.7055,0.00753094,1.55564
0.248007,0.0115808,0.0286104;1.57232,0.15722,1.57038
0.248468,0.0120072,0.0285802;1.57076,0.093734,1.57079
0.246663,0.0137162,0.0286699;1.57079,-0.0241057,1.56658
0.236651,-0.000267663,0.032294;1.62169,-0.280346,1.57453
0.231808,-0.018587,0.0414478;1.75199,-0.37642,1.5963
0.228767,-0.030365,0.0406501;1.75699,-0.266148,1.59008
0.231126,-0.0215671,0.028685;1.57062,-0.0443084,1.56168
0.231037,-0.0215327,0.0286409;1.5735,-0.0390877,1.5706
0.230278,-0.0195586,0.028679;1.57482,-0.15768,1.57021
0.22303,-0.0232756,0.0297653;1.57233,-0.377014,1.55993
0.213274,-0.037835,0.0369328;1.69564,-0.520456,1.61328
0.206843,-0.0524638,0.0415448;1.77585,-0.509801,1.63209
0.208982,-0.0505096,0.028716;1.56291,-0.270145,1.55513
0.209024,-0.0510301,0.0285944;1.5709,-0.225479,1.57
0.209618,-0.050631,0.0285729;1.57042,-0.271723,1.57074
0.205409,-0.0467193,0.0292004;1.5669,-0.520975,1.557
0.194452,-0.0545431,0.0320225;1.62884,-0.671111,1.59658
0.184026,-0.0683586,0.041727;1.80934,-0.767725,1.69547
0.178829,-0.0766696,0.0318551;1.64412,-0.512319,1.59826
0.181875,-0.0748655,0.0286815;1.5709,-0.439301,1.56505
0.181963,-0.074894,0.0285989;1.57174,-0.438135,1.57123
0.179712,-0.069126,0.0289016;1.57203,-0.71039,1.55924
0.16937,-0.0737116,0.0308674;1.60707,-0.847959,1.58648
0.155271,-0.0853183,0.0407665;1.84332,-0.957461,1.75741
0.145392,-0.0957878,0.0319111;1.65479,-0.699554,1.61677
0.148745,-0.0942981,0.0287088;1.5707,-0.62446,1.56433
0.148699,-0.0944131,0.0286325;1.5738,-0.62214,1.57257
0.147837,-0.0888991,0.0288903;1.56524,-0.872957,1.55505
0.136773,-0.0906267,0.0303739;1.59597,-1.00887,1.58154
0.121159,-0.0998103,0.0394014;1.90317,-1.12476,1.8433
0.107814,-0.107249,0.0352097;1.76497,-0.928184,1.7149
0.113294,-0.104897,0.0288487;1.57091,-0.838453,1.55758
0.112645,-0.104883,0.0286271;1.57495,-0.808663,1.57357
0.115715,-0.1016,0.0287049;1.57053,-1.01782,1.56466
0.110984,-0.100505,0.0294809;1.56272,-1.12725,1.55211
0.0954312,-0.102307,0.0336298;1.80473,-1.26994,1.78333
0.0693155,-0.111068,0.0396936;2.02756,-1.17721,1.96925
0.0734445,-0.108952,0.0317013;1.70029,-1.07162,1.67384
0.0762134,-0.108605,0.0286918;1.57158,-1.00535,1.56558
0.0788127,-0.106005,0.0286346;1.57083,-1.16634,1.5682
0.0793693,-0.10363,0.0288756;1.55529,-1.2771,1.54558
0.0703892,-0.101144,0.0301096;1.61271,-1.41124,1.60233
0.0368723,-0.103682,0.0415203;2.82349,-1.37992,2.77912
0.0346753,-0.104042,0.036657;2.19283,-1.33421,2.16459
0.0415395,-0.105628,0.028808;1.56205,-1.2782,1.54882
0.042409,-0.105493,0.028578;1.57106,-1.31639,1.57131
0.0446661,-0.103451,0.0286956;1.5711,-1.44811,1.56569
0.0419981,-0.100529,0.0293902;1.3133,-1.55743,1.302
0.00927088,-0.0938133,0.0418564;-2.25133,-1.29338,-2.27623
-0.00288237,-0.0930846,0.0403628;-2.73005,-1.37464,-2.75061
0.0011763,-0.0944195,0.0312357;2.32349,-1.49479,2.31303
0.00304082,-0.0954333,0.0285793;1.57104,-1.44118,1.57108
0.00630019,-0.0942516,0.0286352;-1.57032,-1.52275,-1.5729
0.00718864,-0.09242,0.0289078;-1.56296,-1.40679,-1.57541
-0.019903,-0.0792774,0.0408175;-1.93336,-1.11584,-1.93735
-0.0355358,-0.0753274,0.0408777;-2.12547,-1.22085,-2.1265
-0.0344963,-0.0762923,0.0318856;-1.95791,-1.39978,-1.96083
-0.0315102,-0.0786111,0.0286109;-1.58699,-1.48749,-1.58679
-0.028936,-0.0773532,0.0286158;-1.57004,-1.31653,-1.57245
-0.0278539,-0.0753276,0.0289174;-1.55856,-1.2051,-1.57154
-0.0278539,-0.0753276,0.0289174;-1.55856,-1.2051,-1.57154
-0.0360326,-0.0663581,0.0306347;-1.61192,-1.06856,-1.61668
-0.0360326,-0.0663581,0.0306347;-1.61192,-1.06856,-1.61668
