-0.125,0.125,0.06;-1.57,-2.98023e-08,-1.57
-0.125,0.125,0.06;-1.57,-2.98023e-08,-1.57
-0.125,0.125,0.06;-1.57,-2.98023e-08,-1.57
-0.125944,0.12312,0.0285443;-1.57247,-0.211776,-1.5707
-0.124599,0.122041,0.0285788;-1.57144,-0.119849,-1.57142
-0.122114,0.121275,0.0289962;-1.57315,0.0261759,-1.57379
-0.117068,0.143095,0.0359899;-1.67849,0.144373,-1.5731
-0.117371,0.146246,0.0286216;-1.57067,-0.0919378,-1.57317
-0.117295,0.148049,0.0285873;-1.57119,-0.18443,-1.57132
-0.117139,0.148173,0.0285785;-1.57074,-0.217875,-1.57083
-0.11553,0.145668,0.0287423;-1.56991,-0.0444064,-1.57767
-0.112131,0.146936,0.0296386;-1.56538,0.0964525,-1.58082
-0.10971,0.161798,0.0356748;-1.65864,0.234571,-1.57399
-0.109273,0.176391,0.0332218;-1.65795,0.125802,-1.56942
-0.108762,0.173713,0.0286868;-1.56987,0.00219196,-1.57688
-0.110019,0.175547,0.0286245;-1.57125,-0.115851,-1.57291
-0.108692,0.17343,0.0287128;-1.57043,-0.00784256,-1.57696
-0.106086,0.172059,0.029396;-1.57062,0.113879,-1.5794
-0.102811,0.179517,0.0343578;-1.64199,0.25732,-1.57286
-0.102254,0.192975,0.0390189;-1.72468,0.269474,-1.56027
-0.101661,0.193753,0.0342909;-1.66793,0.158565,-1.56373
-0.102124,0.192254,0.0285945;-1.57151,0.0262182,-1.57425
-0.103029,0.193479,0.028602;-1.57062,-0.0569606,-1.57179
-0.101521,0.191064,0.0287758;-1.56921,0.0599677,-1.57902
-0.0980994,0.191622,0.0298752;-1.57476,0.207314,-1.57974
-0.0948533,0.202158,0.0346725;-1.65299,0.271724,-1.56608
-0.0944752,0.208974,0.0324583;-1.63672,0.171071,-1.56515
-0.0956585,0.210738,0.0285976;-1.57145,-0.0473524,-1.57142
-0.0955886,0.210807,0.0285796;-1.5708,-0.0477817,-1.57081
-0.0949902,0.209519,0.0286905;-1.57042,0.031652,-1.57606
-0.0873905,0.216028,0.0315914;-1.59957,0.311875,-1.57455
-0.0859199,0.233826,0.0403357;-1.72763,0.389095,-1.55042
-0.0843398,0.243717,0.0382353;-1.7211,0.29388,-1.54762
-0.0855965,0.241689,0.0286008;-1.57051,0.0490162,-1.57171
-0.0848226,0.242987,0.0285792;-1.57063,-0.0303611,-1.57076
-0.0849964,0.242188,0.0286376;-1.57076,0.0201865,-1.5735
-0.079862,0.241589,0.0296551;-1.56456,0.267139,-1.58211
-0.0754287,0.256367,0.035772;-1.66511,0.405154,-1.5584
-0.0747453,0.271636,0.0400823;-1.74165,0.387158,-1.53916
-0.073762,0.270991,0.0286741;-1.57055,0.143852,-1.57569
-0.0743598,0.272845,0.0286313;-1.57085,0.0396626,-1.5733
-0.0741393,0.273209,0.02858;-1.57083,0.0249275,-1.57077
-0.071134,0.269681,0.0290723;-1.56403,0.239303,-1.58029
-0.0652401,0.27766,0.031118;-1.59639,0.386785,-1.57212
-0.062482,0.294185,0.0407656;-1.73954,0.480837,-1.53394
-0.0616933,0.303088,0.0288007;-1.57736,0.263208,-1.57314
-0.0630982,0.304567,0.028554;-1.57193,0.140762,-1.57058
-0.0623227,0.305582,0.0285778;-1.57084,0.0721368,-1.57073
-0.0604721,0.301995,0.0287856;-1.56724,0.270202,-1.57815
-0.0553923,0.304867,0.0299328;-1.5729,0.412677,-1.58035
-0.0490381,0.320084,0.0384749;-1.70925,0.541458,-1.53291
-0.0451458,0.333593,0.0290389;-1.5917,0.324355,-1.56667
-0.0461043,0.334499,0.0286044;-1.57064,0.20051,-1.57199
-0.0452192,0.335648,0.0285825;-1.57139,0.117919,-1.57089
-0.0435485,0.331917,0.028841;-1.5662,0.312233,-1.5805
-0.0383678,0.335067,0.0300422;-1.57163,0.456716,-1.58005
-0.0314822,0.350619,0.0383988;-1.71131,0.586909,-1.52645
-0.0260451,0.360149,0.0301983;-1.61439,0.388302,-1.55789
-0.0267853,0.36011,0.0286424;-1.57074,0.266977,-1.57402
-0.0264105,0.361807,0.0286106;-1.57142,0.17178,-1.57216
-0.0248684,0.358724,0.0287262;-1.56978,0.333909,-1.5772
-0.0221924,0.357878,0.0294347;-1.57088,0.458206,-1.57863
-0.0160719,0.366536,0.035124;-1.66288,0.599156,-1.54093
-0.0125509,0.379881,0.035906;-1.70431,0.54364,-1.5191
-0.012791,0.377414,0.0290776;-1.59442,0.425246,-1.56365
-0.0139333,0.37907,0.028598;-1.57062,0.296323,-1.57183
-0.0141197,0.379137,0.0286141;-1.57043,0.287557,-1.57245
-0.0132742,0.376366,0.0287499;-1.57046,0.405161,-1.57907
-0.00875833,0.376941,0.0300993;-1.57981,0.552469,-1.57586
0.000948212,0.392882,0.0406609;-1.77448,0.657559,-1.4842
0.0027179,0.394759,0.036666;-1.71412,0.557047,-1.51098
0.00235833,0.393842,0.0286987;-1.56976,0.42781,-1.57781
0.00221582,0.396812,0.0285808;-1.57078,0.276638,-1.57098
0.00253323,0.395212,0.0286996;-1.57,0.365652,-1.57701
0.00450622,0.392304,0.0291398;-1.56512,0.502984,-1.58016
0.0190248,0.414448,0.0419797;-1.79225,0.753,-1.46766
0.024189,0.42639,0.0411136;-1.80026,0.657818,-1.46153
0.0229541,0.425148,0.0309499;-1.63622,0.544563,-1.53899
0.0229508,0.426665,0.0285876;-1.5724,0.316245,-1.56993
0.0234073,0.425449,0.0286595;-1.56986,0.402031,-1.57558
0.0248605,0.422923,0.0289583;-1.56474,0.534362,-1.58067
0.0381166,0.441732,0.0407385;-1.78352,0.815841,-1.45895
0.0443763,0.454379,0.0412218;-1.81536,0.723258,-1.43999
0.0436326,0.452596,0.0311883;-1.64457,0.603277,-1.53064
0.0431684,0.454212,0.0286094;-1.57284,0.385644,-1.56994
0.0434359,0.452462,0.0286501;-1.57084,0.468142,-1.57424
0.0448177,0.449576,0.0289756;-1.56219,0.599219,-1.58333
0.0589493,0.466492,0.0407328;-1.79742,0.876384,-1.43892
0.0658349,0.478145,0.0412591;-1.82899,0.78552,-1.41897
0.0650701,0.477131,0.0311728;-1.64772,0.676858,-1.52477
0.0646695,0.478284,0.0286073;-1.57212,0.455379,-1.57055
0.064597,0.47655,0.0286628;-1.57071,0.542401,-1.57487
0.0653132,0.474253,0.0287949;-1.56645,0.640778,-1.5801
0.0780183,0.484066,0.0372626;-1.73671,0.899659,-1.46962
0.0858553,0.496359,0.0393055;-1.79633,0.814598,-1.42904
0.0863893,0.495845,0.0342576;-1.71208,0.791983,-1.48236
0.0852348,0.495687,0.0285903;-1.57079,0.546262,-1.57126
0.0861407,0.495861,0.0285894;-1.57102,0.513027,-1.57106
0.0862527,0.493917,0.0287209;-1.56877,0.608202,-1.57694
0.0889826,0.49218,0.0293743;-1.5625,0.741919,-1.58407
0.109417,0.513108,0.0403864;-1.8231,0.919045,-1.40685
0.114366,0.518599,0.0374204;-1.76436,0.815241,-1.44663
0.112751,0.516081,0.0286938;-1.56506,0.698225,-1.5812
0.113678,0.518825,0.028579;-1.57084,0.53962,-1.5708
0.113211,0.517748,0.0286714;-1.57033,0.61339,-1.575
0.114066,0.514506,0.028865;-1.56194,0.744121,-1.58403
0.132971,0.52811,0.0394787;-1.81473,1.00014,-1.40149
0.141835,0.540007,0.0399136;-1.83636,0.898703,-1.38822
0.141786,0.538827,0.0295007;-1.61208,0.793612,-1.54378
0.142569,0.541223,0.0285889;-1.57181,0.573564,-1.57027
0.142318,0.539819,0.0286538;-1.57061,0.644174,-1.57445
0.14265,0.536491,0.0288154;-1.56505,0.770365,-1.58209
0.160952,0.548457,0.0390858;-1.8186,1.03286,-1.39265
0.170718,0.559381,0.0400274;-1.85378,0.940519,-1.36775
0.170144,0.558384,0.0298597;-1.62447,0.831471,-1.53323
0.170661,0.560314,0.0285883;-1.57181,0.620382,-1.57015
0.170214,0.55978,0.0286275;-1.57073,0.672733,-1.57305
0.17021,0.557005,0.0287816;-1.56595,0.782086,-1.58026
0.185913,0.564161,0.0364754;-1.76114,1.05223,-1.43119
0.196482,0.575488,0.0402872;-1.88273,1.02082,-1.33697
0.198035,0.577085,0.0346389;-1.74379,0.928307,-1.44196
0.196814,0.578453,0.0286444;-1.57108,0.706527,-1.57357
0.197297,0.578593,0.0285798;-1.57091,0.69166,-1.5708
0.19695,0.577133,0.0286823;-1.5704,0.772148,-1.57587
0.20615,0.576744,0.0311681;-1.61616,1.05114,-1.5416
0.217747,0.587697,0.0407198;-1.92699,1.13741,-1.28662
0.225884,0.595395,0.0395045;-1.89812,1.05689,-1.31007
0.224181,0.595409,0.0286125;-1.57113,0.832545,-1.57246
0.225674,0.596025,0.0285697;-1.5701,0.747687,-1.57139
0.225033,0.595795,0.0286347;-1.57076,0.787757,-1.57338
0.22817,0.590833,0.0295613;-1.56063,1.02876,-1.58831
0.2409,0.597202,0.0351889;-1.7677,1.15773,-1.41152
0.253073,0.607519,0.0402255;-1.96209,1.14474,-1.24676
0.254921,0.607702,0.0287052;-1.57088,0.934671,-1.57704
0.255775,0.60931,0.0286085;-1.57069,0.825661,-1.57224
0.256625,0.609492,0.0285802;-1.57094,0.791558,-1.57078
0.25601,0.604623,0.0289602;-1.55638,0.997907,-1.59082
0.265076,0.60629,0.0309152;-1.61729,1.14161,-1.53884
0.278457,0.616128,0.0407963;-2.02084,1.22757,-1.187
0.285713,0.620716,0.0295837;-1.63131,1.0313,-1.52113
0.284949,0.622118,0.0286082;-1.57063,0.903356,-1.57246
0.286673,0.622662,0.0285761;-1.57094,0.81788,-1.5706
0.285813,0.618848,0.0288022;-1.56375,1.01779,-1.58398
0.293163,0.618802,0.0300997;-1.59112,1.16104,-1.56048
0.306191,0.626391,0.0391652;-2.01677,1.27339,-1.17816
0.316148,0.632192,0.0295143;-1.63466,1.0842,-1.51629
0.315773,0.633824,0.028607;-1.57071,0.956536,-1.57209
0.317493,0.634178,0.0285462;-1.56848,0.868402,-1.5725
0.316331,0.63056,0.0288158;-1.56187,1.05257,-1.58534
0.320561,0.628348,0.0299464;-1.56681,1.19623,-1.58369
0.335409,0.634109,0.0377297;-1.99942,1.30833,-1.1864
0.34862,0.643094,0.0326712;-1.7704,1.15949,-1.39342
0.347516,0.643231,0.0286426;-1.57086,1.04111,-1.57396
0.348889,0.644678,0.0286188;-1.5726,0.941555,-1.57081
0.348211,0.642802,0.0287119;-1.5679,1.03307,-1.57802
0.348571,0.639447,0.0292722;-1.5562,1.16977,-1.59127
0.359976,0.640478,0.0323063;-1.72197,1.31113,-1.43807
0.384614,0.653008,0.0382899;-2.04866,1.2515,-1.13473
0.382377,0.651005,0.0288678;-1.59238,1.16337,-1.556
0.382683,0.652976,0.0286043;-1.57088,1.04356,-1.57192
0.383517,0.652521,0.0286379;-1.57055,1.02802,-1.57379
0.382478,0.649962,0.028812;-1.56059,1.13927,-1.58688
0.386507,0.647828,0.0297712;-1.55128,1.28327,-1.59874
0.415857,0.65882,0.0401956;-2.33129,1.33582,-0.858362
0.417744,0.659261,0.034347;-1.90686,1.2697,-1.25835
0.41577,0.659141,0.0286759;-1.57047,1.16053,-1.57636
0.417055,0.660497,0.0285806;-1.57094,1.05257,-1.5707
0.415936,0.658998,0.0287115;-1.56873,1.14097,-1.57807
0.415767,0.655358,0.029197;-1.54955,1.28061,-1.5984
0.441209,0.661536,0.0409963;-2.82964,1.41122,-0.359086
0.450731,0.665468,0.0390795;-2.38422,1.35813,-0.792336
0.448755,0.664744,0.0288851;-1.60782,1.3023,-1.53971
0.450561,0.666702,0.0285704;-1.56996,1.11264,-1.5716
0.449577,0.666126,0.0286512;-1.57071,1.18817,-1.57415
0.448047,0.663461,0.0288264;-1.55088,1.31463,-1.59709
0.469593,0.664987,0.03901;2.98033,1.44403,0.128535
0.484247,0.670199,0.0398534;-2.70558,1.38917,-0.467236
0.48267,0.669531,0.0290707;-1.68421,1.37337,-1.46093
0.483604,0.671005,0.0285752;-1.57001,1.16854,-1.57142
0.48306,0.670292,0.0285809;-1.57125,1.23543,-1.57044
0.481303,0.667767,0.0287302;-1.56073,1.36073,-1.58602
0.481303,0.667767,0.0287302;-1.56073,1.36073,-1.58602
0.487613,0.665751,0.0300473;-1.71034,1.50061,-1.43899
0.487613,0.665751,0.0300473;-1.71034,1.50061,-1.43899
