0.5,-0.3,0.06;-1.57,-2.98023e-08,-1.57
0.5,-0.3,0.06;-1.57,-2.98023e-08,-1.57
0.5,-0.3,0.06;-1.57,-2.98023e-08,-1.57
0.499491,-0.304085,0.028593;-1.5701,-0.195997,-1.56915
0.499747,-0.303546,0.02858;-1.57076,-0.161628,-1.57118
0.501286,-0.292965,0.0308934;-1.54031,-0.0972426,-1.57035
0.49671,-0.26096,0.0360001;-1.68495,-0.0111895,-1.55823
0.49987,-0.270961,0.0287157;-1.57062,-0.137571,-1.56404
0.499096,-0.273189,0.0286143;-1.57129,-0.202951,-1.56894
0.499681,-0.274715,0.0286388;-1.57104,-0.276285,-1.56812
0.500467,-0.272098,0.0288245;-1.55876,-0.164606,-1.56832
0.50415,-0.264366,0.0320225;-1.5169,-0.0791567,-1.57293
0.506103,-0.250633,0.0372762;-1.51556,0.00810033,-1.58069
0.50377,-0.241588,0.0346826;-1.51224,0.0386653,-1.54694
0.503747,-0.243225,0.0289494;-1.57367,-0.0312893,-1.55264
0.503084,-0.245886,0.0286461;-1.57075,-0.0979559,-1.56773
0.502457,-0.247916,0.0286619;-1.56832,-0.172076,-1.57278
0.501786,-0.247078,0.0290826;-1.588,-0.149285,-1.58051
0.501265,-0.242669,0.0315895;-1.62492,-0.0926647,-1.58651
0.496651,-0.233703,0.036484;-1.66422,-0.00166881,-1.55961
0.50075,-0.237876,0.033644;-1.59156,-0.0642917,-1.55676
0.502802,-0.242632,0.0290572;-1.54785,-0.116932,-1.56819
0.502563,-0.244195,0.0287762;-1.56361,-0.143855,-1.57233
0.50242,-0.244537,0.0286265;-1.57062,-0.136817,-1.57306
0.501957,-0.245868,0.029508;-1.5945,-0.119258,-1.58406
0.499727,-0.243138,0.0317488;-1.62644,-0.0485207,-1.57742
0.497579,-0.241751,0.0302222;-1.58704,-0.0271521,-1.55299
0.49778,-0.240771,0.0287409;-1.5682,-0.0125305,-1.56564
0.496994,-0.242158,0.0285803;-1.57073,-0.0689308,-1.57083
0.497031,-0.242656,0.0285799;-1.57065,-0.100487,-1.57087
0.49814,-0.243208,0.0304048;-1.58664,-0.0980822,-1.59371
0.497676,-0.238138,0.0356955;-1.60323,-0.0431469,-1.58194
0.495176,-0.236419,0.036881;-1.58607,-0.0276584,-1.55818
0.495679,-0.235879,0.0322584;-1.4941,-0.00359819,-1.5664
0.495699,-0.236919,0.0290385;-1.55239,-0.0289613,-1.56984
0.495223,-0.238253,0.0290234;-1.55579,-0.0512424,-1.57611
0.496435,-0.24274,0.0291942;-1.58746,-0.113134,-1.58101
0.49691,-0.242351,0.0343521;-1.67068,-0.104962,-1.58092
0.494913,-0.239345,0.0360537;-1.66618,-0.0680767,-1.55432
0.494892,-0.235581,0.0302946;-1.53469,-0.0123552,-1.55583
0.495459,-0.234709,0.0287979;-1.56044,0.00303817,-1.57075
0.495191,-0.235408,0.028856;-1.55789,-0.0112761,-1.57105
0.49473,-0.236972,0.0290557;-1.59135,-0.0314614,-1.57432
0.493709,-0.241982,0.0332861;-1.66294,-0.0316243,-1.57665
0.493663,-0.243674,0.0391394;-1.76225,-0.0322466,-1.56654
0.48818,-0.236847,0.0304164;-1.56261,0.0373046,-1.53437
0.488224,-0.235431,0.0307295;-1.5399,0.0519427,-1.55074
0.488016,-0.235596,0.0293195;-1.5416,0.0530672,-1.56509
0.486745,-0.237231,0.0286212;-1.56944,-0.0264385,-1.57136
0.487644,-0.238216,0.0304881;-1.61408,-0.0468632,-1.57749
0.490435,-0.242765,0.0385366;-1.71888,-0.108981,-1.5746
0.489295,-0.249177,0.0338681;-1.49907,-0.202206,-1.5171
0.490444,-0.247349,0.0334041;-1.48027,-0.161638,-1.53907
0.492649,-0.242998,0.029205;-1.55225,-0.103388,-1.56197
0.492901,-0.241421,0.0286478;-1.5708,-0.0475358,-1.5738
0.492391,-0.242238,0.0305969;-1.61472,-0.0358329,-1.57828
0.493047,-0.242463,0.0371276;-1.71971,-0.039343,-1.56413
0.48313,-0.248826,0.0332883;-1.57394,-0.0918777,-1.4998
0.484007,-0.246427,0.0320291;-1.54842,-0.0398641,-1.52616
0.486113,-0.240932,0.0295726;-1.55817,0.0238667,-1.55663
0.486618,-0.239665,0.0286547;-1.57085,0.0883923,-1.57441
0.48643,-0.240681,0.0292938;-1.58946,0.0948557,-1.57939
0.487247,-0.241881,0.0353275;-1.70522,0.0873698,-1.56859
0.481445,-0.259997,0.0367328;-1.6464,-0.0563953,-1.52356
0.477701,-0.274072,0.0332;-1.47983,-0.107674,-1.54526
0.478122,-0.272332,0.0302869;-1.53604,-0.104471,-1.5539
0.48001,-0.265718,0.0285813;-1.57013,-0.0248325,-1.57026
0.480104,-0.265529,0.0285826;-1.57107,-0.0402143,-1.57104
0.480816,-0.263104,0.030338;-1.60999,-0.0407107,-1.577
0.480767,-0.267897,0.0383965;-1.69345,-0.157112,-1.53458
0.475999,-0.277852,0.0355788;-1.59384,-0.257036,-1.52255
0.473638,-0.281266,0.031329;-1.52133,-0.270654,-1.53643
0.479474,-0.269077,0.0286653;-1.56852,-0.0842238,-1.568
0.479922,-0.268094,0.0286405;-1.57074,-0.0144497,-1.56696
0.479453,-0.267051,0.0289332;-1.58476,0.0407574,-1.57447
0.4797,-0.267627,0.0401229;-1.78643,0.0316719,-1.55921
0.474348,-0.281875,0.0391532;-1.70532,-0.100684,-1.5318
0.461348,-0.307073,0.0323336;-1.4965,-0.185267,-1.53896
0.463665,-0.306266,0.0290078;-1.55635,-0.144922,-1.56228
0.46547,-0.302282,0.0285772;-1.57069,-0.0185293,-1.57089
0.465857,-0.301866,0.0287985;-1.57056,0.019251,-1.58145
0.470945,-0.291149,0.0385361;-1.76524,-0.0123193,-1.58065
0.469805,-0.296474,0.0379823;-1.70138,-0.158659,-1.54733
0.461717,-0.31248,0.032029;-1.5542,-0.280673,-1.51406
0.459885,-0.320551,0.0296314;-1.54179,-0.371779,-1.55101
0.462053,-0.314584,0.0286624;-1.56876,-0.246611,-1.56839
0.46209,-0.314023,0.0287985;-1.57124,-0.200354,-1.58094
0.462417,-0.310208,0.0370227;-1.73181,-0.151783,-1.60324
0.459464,-0.312581,0.0372786;-1.69883,-0.206308,-1.5614
0.452183,-0.321821,0.0313061;-1.56515,-0.235787,-1.52204
0.448447,-0.338313,0.030465;-1.52666,-0.350701,-1.54202
0.448657,-0.336627,0.0289323;-1.56757,-0.330908,-1.55595
0.448399,-0.336458,0.0287849;-1.57083,-0.302182,-1.58047
0.451754,-0.324037,0.0353304;-1.63878,-0.177572,-1.61324
0.448354,-0.315131,0.0374469;-1.74431,-0.175698,-1.6024
0.446016,-0.322826,0.0330302;-1.62674,-0.212816,-1.55741
0.439639,-0.350751,0.0303229;-1.52276,-0.498021,-1.53684
0.438674,-0.356468,0.0288933;-1.56108,-0.571469,-1.55863
0.438386,-0.355439,0.0285732;-1.57133,-0.552513,-1.57171
0.439367,-0.351354,0.0287407;-1.57325,-0.52823,-1.57873
0.438953,-0.336796,0.0381443;-1.73355,-0.48141,-1.62544
0.436471,-0.331861,0.0365271;-1.66977,-0.524948,-1.56155
0.434248,-0.34088,0.0324775;-1.52154,-0.576488,-1.50336
0.43437,-0.358783,0.0292168;-1.54193,-0.745666,-1.54148
0.434106,-0.355909,0.0287753;-1.57103,-0.68868,-1.5615
0.433945,-0.355029,0.0286368;-1.57095,-0.624645,-1.57412
0.43105,-0.335153,0.0403168;-1.75751,-0.428742,-1.66755
0.425982,-0.326252,0.0403079;-1.78945,-0.440471,-1.64423
0.427507,-0.332536,0.033901;-1.62307,-0.504642,-1.54569
0.43051,-0.361539,0.0294316;-1.54167,-0.750874,-1.53956
0.430401,-0.36377,0.0288455;-1.56776,-0.801557,-1.55786
0.430841,-0.362707,0.0286608;-1.56704,-0.76885,-1.56989
0.422672,-0.327202,0.0378818;-1.6859,-0.582243,-1.66222
0.409277,-0.303744,0.0394501;-1.79146,-0.552434,-1.6752
0.413253,-0.30649,0.0348457;-1.66742,-0.614751,-1.58658
0.426725,-0.329036,0.0299797;-1.52403,-0.824807,-1.52569
0.427896,-0.334468,0.0288895;-1.55326,-0.899639,-1.55294
0.428143,-0.335051,0.0287361;-1.56479,-0.887882,-1.5699
0.425706,-0.326913,0.0367641;-1.59199,-0.735163,-1.65258
0.414669,-0.306612,0.035533;-1.67106,-0.6449,-1.63989
0.404903,-0.294104,0.0351251;-1.6721,-0.576669,-1.60136
0.41017,-0.306597,0.0328369;-1.52214,-0.621887,-1.50187
0.414724,-0.318241,0.0291806;-1.54769,-0.687689,-1.54869
0.414787,-0.321573,0.0287107;-1.56138,-0.723443,-1.56522
0.41872,-0.330065,0.0346236;-1.53891,-0.557802,-1.62793
0.419987,-0.321096,0.0373323;-1.54913,-0.433988,-1.61581
0.407607,-0.30499,0.0362461;-1.60992,-0.381074,-1.59161
0.402766,-0.310085,0.0307675;-1.5543,-0.428569,-1.5317
0.405016,-0.315973,0.0317266;-1.54257,-0.477286,-1.52286
0.40523,-0.322588,0.0289193;-1.56129,-0.533283,-1.55786
0.406605,-0.322402,0.0305625;-1.57011,-0.509246,-1.60575
0.407131,-0.316486,0.0356351;-1.56546,-0.420889,-1.63988
0.400412,-0.303579,0.0375209;-1.6264,-0.313214,-1.62062
0.390978,-0.293786,0.0308016;-1.571,-0.283137,-1.53313
0.392303,-0.294203,0.0316454;-1.56046,-0.27528,-1.52474
0.393118,-0.299526,0.029407;-1.55761,-0.311146,-1.55172
0.393482,-0.302653,0.0292243;-1.56803,-0.253628,-1.58582
0.395658,-0.303015,0.0330918;-1.56289,-0.144425,-1.61414
0.397438,-0.294393,0.036375;-1.62177,-0.0251679,-1.60175
0.393549,-0.273686,0.0307795;-1.57823,0.117728,-1.53297
0.394372,-0.270245,0.0314028;-1.56907,0.171057,-1.52623
0.394285,-0.273259,0.0312383;-1.56628,0.148992,-1.5311
0.392476,-0.279727,0.0286775;-1.5677,0.0793685,-1.57337
0.394522,-0.279283,0.0307962;-1.56574,0.111176,-1.59972
0.40042,-0.271964,0.0345291;-1.55781,0.198769,-1.62759
0.401266,-0.254349,0.0307306;-1.55276,0.310068,-1.54614
0.400485,-0.253704,0.0315694;-1.56223,0.310351,-1.52582
0.40134,-0.254939,0.0328291;-1.56031,0.327004,-1.51917
0.401388,-0.256503,0.0286173;-1.56941,0.280195,-1.57083
0.404163,-0.254116,0.0303748;-1.57089,0.245217,-1.5974
0.409909,-0.250662,0.0344994;-1.5875,0.218067,-1.61829
0.407808,-0.251183,0.0302931;-1.54498,0.230813,-1.56201
0.407805,-0.25077,0.0306236;-1.55688,0.223238,-1.54488
0.408239,-0.25186,0.0319349;-1.54593,0.24117,-1.53962
0.41006,-0.254343,0.0315728;-1.54727,0.263128,-1.53891
0.409445,-0.255757,0.0287294;-1.57617,0.296862,-1.5725
0.408257,-0.258125,0.0319269;-1.58058,0.338466,-1.59962
0.400038,-0.260447,0.0326887;-1.58228,0.423395,-1.57592
0.396237,-0.261569,0.0303641;-1.55864,0.459177,-1.54888
0.395017,-0.260753,0.031217;-1.56419,0.459232,-1.53452
0.396547,-0.264088,0.0323907;-1.56034,0.490395,-1.52335
0.395722,-0.265258,0.0321459;-1.50532,0.500406,-1.58408
0.395283,-0.266816,0.0335906;-1.48572,0.5139,-1.62391
0.394088,-0.264854,0.035692;-1.62233,0.483474,-1.57439
0.388344,-0.263628,0.029692;-1.5807,0.496495,-1.55161
0.387155,-0.262926,0.0308528;-1.56606,0.503157,-1.53388
0.390754,-0.262931,0.0323596;-1.55656,0.51857,-1.53059
0.391083,-0.263567,0.0318762;-1.53502,0.518829,-1.55646
0.39174,-0.263877,0.0320986;-1.49666,0.505843,-1.60996
0.397883,-0.26137,0.0358125;-1.62492,0.443828,-1.58332
0.39396,-0.257749,0.0331175;-1.62527,0.409116,-1.54829
0.390412,-0.257535,0.0296931;-1.57157,0.397586,-1.54614
0.39081,-0.257652,0.0330143;-1.55482,0.437098,-1.52077
0.391311,-0.258675,0.0327535;-1.55895,0.447814,-1.51699
0.389546,-0.26052,0.0324427;-1.50196,0.473636,-1.58666
0.384111,-0.263768,0.0337301;-1.58882,0.594602,-1.60778
0.380462,-0.262225,0.0346546;-1.62225,0.597452,-1.56642
0.372356,-0.264215,0.0289601;-1.57272,0.520683,-1.55752
0.362474,-0.271885,0.0294352;-1.56816,0.391686,-1.55551
0.361086,-0.275244,0.0296646;-1.5685,0.354359,-1.55067
0.361709,-0.275653,0.0288783;-1.55974,0.36452,-1.57085
0.361709,-0.275653,0.0288783;-1.55974,0.36452,-1.57085
0.365312,-0.275119,0.0308604;-1.55717,0.394801,-1.60149
0.365312,-0.275119,0.0308604;-1.55717,0.394801,-1.60149
