0.5,-0.3,0.06;-1.57,-2.98023e-08,-1.57
0.5,-0.3,0.06;-1.57,-2.98023e-08,-1.57
0.5,-0.3,0.06;-1.57,-2.98023e-08,-1.57
0.499066,-0.302663,0.0286091;-1.56948,-0.197389,-1.56929
0.499303,-0.302041,0.0285816;-1.57078,-0.174411,-1.5717
0.501037,-0.29483,0.0302553;-1.55146,-0.137813,-1.57237
0.501271,-0.260572,0.0355466;-1.68839,-0.0461783,-1.56622
0.502358,-0.261981,0.028584;-1.57044,-0.112393,-1.57063
0.501887,-0.262663,0.0286535;-1.56723,-0.147867,-1.57008
0.501725,-0.262842,0.0285801;-1.57076,-0.165469,-1.57074
0.501795,-0.262639,0.0285886;-1.57081,-0.166943,-1.57134
0.502048,-0.262523,0.0289913;-1.58248,-0.158668,-1.58192
0.50418,-0.257075,0.0328541;-1.60727,-0.106631,-1.59059
0.505673,-0.24304,0.0307737;-1.59748,-0.0932456,-1.55822
0.50509,-0.244635,0.0296137;-1.54257,-0.124098,-1.55771
0.50389,-0.246683,0.0291762;-1.54621,-0.149251,-1.56237
0.50296,-0.248706,0.0290934;-1.55078,-0.193696,-1.57162
0.502832,-0.248553,0.0290871;-1.58851,-0.177233,-1.579
0.502603,-0.246406,0.0344814;-1.65238,-0.147287,-1.56888
0.500731,-0.248339,0.0380558;-1.6318,-0.180343,-1.55403
0.501946,-0.24978,0.032839;-1.5674,-0.212424,-1.56489
0.502515,-0.249264,0.0285815;-1.57131,-0.206796,-1.5707
0.502313,-0.249361,0.0285992;-1.56979,-0.205791,-1.57059
0.502259,-0.24951,0.0286303;-1.57277,-0.193272,-1.57207
0.501807,-0.249775,0.0300317;-1.60856,-0.17361,-1.58262
0.500334,-0.248377,0.0337006;-1.66018,-0.147904,-1.57809
0.499481,-0.252482,0.0299253;-1.58055,-0.213163,-1.55303
0.497795,-0.256471,0.0286082;-1.57075,-0.283146,-1.56945
0.497815,-0.256304,0.0286155;-1.57088,-0.279041,-1.56896
0.497801,-0.256065,0.0285797;-1.5708,-0.266687,-1.57076
0.498766,-0.249216,0.0309389;-1.6129,-0.121931,-1.58597
0.497524,-0.243678,0.0371628;-1.71373,-0.0918001,-1.57986
0.496406,-0.246173,0.0383702;-1.62586,-0.141232,-1.56003
0.493405,-0.261044,0.0288529;-1.55733,-0.231088,-1.56788
0.493134,-0.261935,0.0286382;-1.56806,-0.216672,-1.56999
0.493186,-0.262543,0.0286029;-1.56973,-0.198145,-1.57112
0.493581,-0.264585,0.02942;-1.57712,-0.0996418,-1.58937
0.496618,-0.255916,0.0337092;-1.54824,0.00566956,-1.60552
0.496223,-0.247097,0.0391192;-1.56048,0.0715585,-1.58868
0.496979,-0.254122,0.0345055;-1.44798,0.0631669,-1.57902
0.497487,-0.255135,0.0316647;-1.50356,0.0625576,-1.58119
0.496933,-0.25898,0.0319232;-1.49959,0.0424753,-1.58045
0.497681,-0.267722,0.0336814;-1.48224,0.0452315,-1.58783
0.49849,-0.270553,0.0343839;-1.49037,0.0769527,-1.59027
0.498261,-0.267735,0.0367777;-1.48758,0.13801,-1.59255
0.495588,-0.264757,0.0307766;-1.53613,0.18525,-1.55775
0.495813,-0.26331,0.0287401;-1.57189,0.200878,-1.56186
0.495549,-0.26428,0.0286659;-1.57064,0.178473,-1.56661
0.49551,-0.267289,0.0287422;-1.57108,0.12892,-1.56313
0.495644,-0.271094,0.0302161;-1.54767,0.1341,-1.57413
0.496122,-0.274095,0.0333772;-1.52281,0.137981,-1.59311
0.492251,-0.286303,0.0309107;-1.52982,0.111883,-1.55916
0.493557,-0.284667,0.028785;-1.57158,0.139841,-1.56023
0.493387,-0.283476,0.0286947;-1.57441,0.17163,-1.56818
0.49321,-0.283619,0.0285837;-1.57171,0.172229,-1.57189
0.493375,-0.281893,0.0295341;-1.57281,0.154987,-1.58523
0.493194,-0.279272,0.0343324;-1.5203,0.117669,-1.59897
0.486214,-0.284761,0.0318918;-1.51491,0.106864,-1.5603
0.485397,-0.28523,0.028999;-1.56664,0.0750724,-1.55514
0.485031,-0.285593,0.0288324;-1.56798,0.0683082,-1.56172
0.485035,-0.283888,0.0286839;-1.56992,0.120922,-1.57536
0.485909,-0.279901,0.0294404;-1.56675,0.106417,-1.58532
0.488735,-0.269086,0.0341757;-1.5349,0.1249,-1.59976
0.484639,-0.269206,0.0346782;-1.56267,0.0443169,-1.55265
0.480499,-0.276545,0.0315104;-1.52283,-0.0382182,-1.54902
0.47801,-0.280898,0.0290666;-1.55947,-0.103397,-1.55353
0.477754,-0.281797,0.0286443;-1.57047,-0.124575,-1.56716
0.47835,-0.280916,0.0287419;-1.56876,-0.114667,-1.57671
0.481818,-0.274975,0.0311053;-1.56179,-0.0767502,-1.59916
0.48544,-0.250787,0.0353648;-1.68805,-0.0113465,-1.57935
0.485739,-0.248444,0.0338448;-1.65537,-0.0590534,-1.565
0.485341,-0.254959,0.0291277;-1.56483,-0.131873,-1.54965
0.483571,-0.258778,0.0286017;-1.57096,-0.223622,-1.56972
0.483577,-0.258945,0.0285798;-1.57081,-0.23817,-1.57077
0.48364,-0.258996,0.028735;-1.57256,-0.234024,-1.57743
0.488306,-0.24808,0.0370864;-1.67759,-0.170627,-1.60103
0.487917,-0.245623,0.0350599;-1.63833,-0.168306,-1.59058
0.48655,-0.246315,0.0301795;-1.53786,-0.167214,-1.56956
0.487224,-0.246787,0.0285915;-1.57078,-0.168362,-1.57137
0.487442,-0.246464,0.0285799;-1.57076,-0.150912,-1.57071
0.487578,-0.246614,0.0286153;-1.57229,-0.14811,-1.57143
0.485542,-0.251983,0.0365345;-1.70159,-0.160499,-1.5803
0.484809,-0.250749,0.0353929;-1.6624,-0.233581,-1.5644
0.483655,-0.251225,0.0289491;-1.56385,-0.236699,-1.55823
0.484265,-0.249447,0.0289984;-1.55071,-0.185903,-1.56628
0.484494,-0.24859,0.0285798;-1.57075,-0.167614,-1.57076
0.48448,-0.248694,0.028721;-1.57679,-0.152988,-1.57261
0.486096,-0.248489,0.0374671;-1.73718,-0.126245,-1.58743
0.48481,-0.253337,0.035551;-1.68727,-0.210065,-1.57595
0.479865,-0.264028,0.0292535;-1.56444,-0.274872,-1.55562
0.479275,-0.265247,0.0293026;-1.54324,-0.249819,-1.55543
0.480746,-0.261557,0.0286017;-1.57095,-0.164893,-1.56956
0.480724,-0.261581,0.0287839;-1.57081,-0.133306,-1.58042
0.483111,-0.253619,0.034748;-1.66873,-0.0319629,-1.59271
0.481597,-0.247738,0.0346999;-1.6824,-0.0348786,-1.57151
0.48069,-0.252384,0.0326073;-1.63416,-0.0759812,-1.56278
0.472591,-0.275987,0.0292308;-1.54665,-0.266228,-1.55483
0.471171,-0.278886,0.028685;-1.57086,-0.335398,-1.5657
0.47103,-0.278227,0.0285794;-1.57091,-0.281079,-1.57095
0.472952,-0.275872,0.0293587;-1.56804,-0.212823,-1.58355
0.47482,-0.241379,0.037946;-1.72353,-0.0338719,-1.5883
0.474487,-0.246758,0.0350743;-1.67966,-0.104416,-1.57152
0.472029,-0.262757,0.0291773;-1.54725,-0.19304,-1.55998
0.470886,-0.266428,0.0287238;-1.5707,-0.241636,-1.56367
0.470423,-0.266403,0.0285778;-1.57112,-0.216818,-1.57218
0.470465,-0.267476,0.0292609;-1.55812,-0.179806,-1.57938
0.470376,-0.258021,0.0385851;-1.47813,0.00423895,-1.61092
0.468041,-0.253984,0.0417344;-1.50365,0.0479414,-1.57741
0.467554,-0.257531,0.0346419;-1.45704,0.0517593,-1.56525
0.468064,-0.259654,0.0292078;-1.54513,0.0365486,-1.56665
0.468009,-0.259999,0.0289296;-1.55309,0.0543905,-1.57233
0.467849,-0.262085,0.0299637;-1.54137,0.0732102,-1.58469
0.466534,-0.262937,0.0371087;-1.49233,0.108311,-1.63767
0.464053,-0.265821,0.0347536;-1.49423,0.147231,-1.60956
0.464549,-0.2664,0.0308371;-1.52065,0.180398,-1.58142
0.464705,-0.265598,0.0285874;-1.57131,0.179163,-1.57078
0.46436,-0.266228,0.0285799;-1.57074,0.16918,-1.5708
0.463789,-0.267879,0.0292708;-1.54414,0.164712,-1.58178
0.466021,-0.269759,0.0361828;-1.48226,0.197623,-1.62706
0.464149,-0.271268,0.0359177;-1.46392,0.204087,-1.60981
0.460634,-0.273861,0.0336999;-1.47433,0.189757,-1.58354
0.458018,-0.27573,0.0287623;-1.57093,0.148037,-1.56198
0.457766,-0.274851,0.0287496;-1.57104,0.170053,-1.56262
0.457743,-0.275192,0.0290002;-1.55008,0.180871,-1.5743
0.459523,-0.269089,0.0319923;-1.54529,0.213759,-1.60488
0.459953,-0.264748,0.0356524;-1.49009,0.216949,-1.61762
0.45598,-0.267588,0.0347716;-1.46638,0.223008,-1.58395
0.449966,-0.274561,0.028902;-1.5694,0.0798462,-1.55703
0.449063,-0.276785,0.0289423;-1.56366,0.0353698,-1.56077
0.449068,-0.276698,0.028771;-1.57105,0.0407695,-1.56143
0.452733,-0.270874,0.0300853;-1.55444,0.131808,-1.59007
0.456333,-0.254763,0.0349067;-1.53582,0.162093,-1.61465
0.456,-0.249981,0.0377083;-1.55943,0.165907,-1.59707
0.454803,-0.25512,0.0287439;-1.56992,0.0708041,-1.56386
0.453815,-0.258249,0.0287883;-1.57071,-0.00259906,-1.56064
0.453102,-0.26033,0.0288606;-1.5681,-0.0362468,-1.55984
0.452781,-0.2614,0.0288862;-1.56728,-0.0309089,-1.58241
0.45454,-0.255626,0.0320628;-1.54739,0.0157265,-1.60076
0.456175,-0.246408,0.0371926;-1.56622,0.0657872,-1.61452
0.456129,-0.245848,0.0312964;-1.52573,0.073363,-1.56304
0.455756,-0.246466,0.0289169;-1.5677,0.0101001,-1.55744
0.455026,-0.247869,0.0289096;-1.56681,-0.0323293,-1.55883
0.454004,-0.249676,0.0287795;-1.57064,-0.113246,-1.58022
0.455596,-0.249201,0.0305969;-1.56636,-0.0953685,-1.59358
0.458314,-0.243987,0.0359182;-1.59697,-0.0393961,-1.6125
0.457319,-0.24014,0.0309851;-1.52083,-0.0459503,-1.56634
0.45784,-0.239366,0.0307599;-1.52047,-0.0323835,-1.56539
0.458185,-0.239054,0.0304272;-1.5286,-0.0333925,-1.56234
0.457965,-0.23984,0.0286624;-1.57174,-0.0581307,-1.5748
0.458078,-0.241339,0.0297445;-1.59234,-0.0621343,-1.58363
0.458567,-0.245631,0.0362999;-1.65249,-0.050419,-1.59886
0.453225,-0.243157,0.0298405;-1.57167,-0.101515,-1.56797
0.453466,-0.244781,0.0290024;-1.55345,-0.120937,-1.56515
0.454109,-0.244114,0.0290284;-1.55554,-0.0981076,-1.56282
0.454902,-0.242065,0.0287312;-1.56993,-0.0415427,-1.56408
0.454645,-0.242181,0.0288343;-1.57466,0.0206727,-1.57912
0.453364,-0.244761,0.0326227;-1.59556,0.0564459,-1.59103
0.447817,-0.245842,0.0328971;-1.64408,0.0280068,-1.56518
0.44999,-0.253135,0.0287613;-1.57041,-0.113098,-1.56242
0.448798,-0.256336,0.0288256;-1.56586,-0.208005,-1.56275
0.447891,-0.256975,0.0288319;-1.56612,-0.236493,-1.5622
0.448542,-0.255609,0.0287764;-1.56637,-0.186689,-1.56494
0.449118,-0.252566,0.0293846;-1.58724,-0.0938695,-1.58062
0.444406,-0.242245,0.0365794;-1.67332,0.0135398,-1.5828
0.445275,-0.239853,0.0323562;-1.63701,-0.0578606,-1.56833
0.447136,-0.246886,0.0290092;-1.55858,-0.150931,-1.56041
0.445709,-0.250872,0.0289971;-1.56075,-0.212477,-1.55842
0.445239,-0.251945,0.0293103;-1.53958,-0.220728,-1.5586
0.446786,-0.251903,0.02997;-1.54233,-0.170998,-1.56887
0.44489,-0.23927,0.0365729;-1.6279,0.00467055,-1.58539
0.44067,-0.243883,0.0355647;-1.59864,0.0596645,-1.57722
0.440269,-0.245744,0.0306373;-1.53983,0.0718574,-1.55434
0.440103,-0.245925,0.0290363;-1.55944,0.0743872,-1.56095
0.43932,-0.24707,0.0289376;-1.56697,0.0459935,-1.5575
0.438592,-0.250225,0.0298558;-1.53419,0.0348529,-1.56818
0.443396,-0.255724,0.0365154;-1.48484,0.124527,-1.61778
0.438786,-0.257173,0.0368833;-1.48578,0.171094,-1.58922
0.439161,-0.257467,0.0343042;-1.48649,0.207206,-1.56059
0.440214,-0.256105,0.0320335;-1.55221,0.215439,-1.53238
0.439049,-0.257194,0.0287831;-1.57084,0.175472,-1.56084
0.438195,-0.260649,0.0290667;-1.55695,0.115086,-1.56286
0.438195,-0.260649,0.0290667;-1.55695,0.115086,-1.56286
0.440626,-0.264921,0.0321892;-1.51583,0.136057,-1.58834
0.440626,-0.264921,0.0321892;-1.51583,0.136057,-1.58834
