0.5,-0.3,0.06;-1.57,-2.98023e-08,-1.57
0.5,-0.3,0.06;-1.57,-2.98023e-08,-1.57
0.5,-0.3,0.06;-1.57,-2.98023e-08,-1.57
0.499139,-0.303371,0.0286134;-1.56923,-0.209868,-1.56926
0.499161,-0.30311,0.02858;-1.57079,-0.213892,-1.57079
0.499595,-0.30189,0.0295716;-1.5641,-0.203929,-1.57488
0.498677,-0.301342,0.0385045;-1.5283,-0.130606,-1.56533
0.498198,-0.309015,0.028669;-1.57083,-0.146417,-1.56649
0.498244,-0.308524,0.0287293;-1.57385,-0.135247,-1.56706
0.498129,-0.308628,0.0285887;-1.57098,-0.139037,-1.57034
0.498205,-0.308299,0.0286054;-1.57079,-0.121435,-1.57222
0.498142,-0.304875,0.0298808;-1.55709,-0.136079,-1.57704
0.500253,-0.294145,0.0378626;-1.54989,-0.120355,-1.58276
0.497629,-0.290111,0.0320469;-1.60344,-0.224059,-1.54807
0.496575,-0.30027,0.0290589;-1.55474,-0.322667,-1.55779
0.495391,-0.303872,0.0288023;-1.56483,-0.416649,-1.5631
0.495037,-0.30476,0.0285797;-1.57079,-0.452008,-1.57081
0.495943,-0.305086,0.0290937;-1.57504,-0.391825,-1.58886
0.498622,-0.301962,0.034844;-1.51595,-0.295585,-1.59321
0.500114,-0.289951,0.0400882;-1.49557,-0.179028,-1.5664
0.50291,-0.29295,0.0346774;-1.46593,-0.174441,-1.56896
0.504947,-0.292726,0.0306633;-1.51908,-0.146872,-1.56606
0.505092,-0.290193,0.0285797;-1.57083,-0.144401,-1.57085
0.505003,-0.289732,0.0286548;-1.57073,-0.152714,-1.5743
0.505465,-0.287038,0.0295022;-1.57478,-0.157275,-1.588
0.507305,-0.279703,0.0309772;-1.57596,-0.14928,-1.59208
0.5084,-0.277092,0.0286558;-1.57448,-0.203457,-1.57132
0.506499,-0.284355,0.0290901;-1.56371,-0.319813,-1.55957
0.505722,-0.287247,0.0288118;-1.56707,-0.374994,-1.56177
0.505126,-0.288645,0.0285799;-1.57074,-0.419767,-1.57079
0.505277,-0.292783,0.0303232;-1.57539,-0.299822,-1.59686
0.50545,-0.29276,0.0348845;-1.5092,-0.215905,-1.58662
0.504004,-0.288426,0.0372306;-1.47151,-0.204101,-1.57315
0.501938,-0.276231,0.0295529;-1.56401,-0.200577,-1.5516
0.505698,-0.266661,0.0291018;-1.56571,-0.116967,-1.55999
0.506545,-0.265093,0.0288693;-1.56272,-0.0975496,-1.56413
0.506249,-0.263833,0.0290153;-1.58135,-0.0402439,-1.58168
0.507664,-0.261745,0.0333705;-1.65933,-0.0262187,-1.5801
0.509364,-0.254827,0.0352767;-1.68016,-0.0257971,-1.55927
0.502616,-0.267583,0.0289723;-1.56738,-0.113199,-1.55491
0.501236,-0.271107,0.0293733;-1.56349,-0.13892,-1.55694
0.50107,-0.275587,0.0289731;-1.56566,-0.167463,-1.56055
0.501023,-0.278184,0.0286126;-1.57233,-0.15267,-1.57104
0.500771,-0.278744,0.0292199;-1.59104,-0.117162,-1.58141
0.50476,-0.272269,0.0336689;-1.57435,-0.0700484,-1.612
0.508825,-0.25613,0.0287257;-1.56892,-0.0737849,-1.56364
0.509357,-0.253379,0.0293434;-1.55633,-0.0224022,-1.55936
0.510196,-0.248864,0.0294703;-1.56251,0.0213536,-1.55419
0.512095,-0.245065,0.0289762;-1.57927,0.0724325,-1.55944
0.51143,-0.245877,0.0307573;-1.62086,0.105836,-1.56849
0.510782,-0.24863,0.0353504;-1.68649,0.144119,-1.57557
0.50824,-0.262904,0.0285809;-1.57077,0.0422437,-1.57061
0.507754,-0.264886,0.0288398;-1.56358,0.0152013,-1.56548
0.50725,-0.267294,0.0291184;-1.56518,0.0230609,-1.56167
0.508095,-0.271319,0.0289648;-1.57019,-0.0230264,-1.55424
0.50786,-0.272427,0.029186;-1.57033,-0.0528657,-1.57555
0.509245,-0.271259,0.034028;-1.58688,-0.0675921,-1.60512
0.510416,-0.264199,0.0287125;-1.57108,-0.129553,-1.57683
0.510503,-0.263911,0.0285823;-1.57071,-0.145177,-1.57048
0.510514,-0.26349,0.0288286;-1.56489,-0.136914,-1.56384
0.510118,-0.260988,0.029449;-1.57344,-0.0838556,-1.54964
0.509916,-0.261212,0.0322694;-1.61637,-0.0589476,-1.54871
0.509825,-0.260746,0.0357888;-1.68789,0.0215973,-1.56924
0.50855,-0.269889,0.0315025;-1.60137,0.0301318,-1.5929
0.508465,-0.272985,0.0287269;-1.57055,0.0112151,-1.57777
0.508015,-0.273608,0.0288153;-1.55939,-0.0324303,-1.57039
0.507284,-0.274208,0.0289467;-1.5649,-0.0586898,-1.55866
0.507834,-0.273351,0.0291642;-1.55907,-0.0551858,-1.55689
0.510954,-0.269574,0.0307031;-1.54149,-0.0441847,-1.5684
0.52141,-0.25437,0.0357058;-1.64892,-0.00272188,-1.57849
0.522675,-0.246134,0.0312016;-1.6196,-0.0128911,-1.56536
0.521164,-0.250426,0.0292461;-1.54163,-0.0510604,-1.56555
0.521107,-0.249797,0.0287024;-1.56971,8.61585e-05,-1.56608
0.520977,-0.248793,0.0288622;-1.57103,0.0247645,-1.55704
0.518947,-0.247671,0.030554;-1.5986,0.0775061,-1.55194
0.527729,-0.253457,0.0396599;-1.69531,0.0705626,-1.59991
0.52929,-0.256568,0.0365372;-1.6519,-0.00903267,-1.59857
0.530073,-0.258616,0.0289566;-1.57702,-0.0821202,-1.58301
0.528996,-0.260454,0.0286684;-1.57085,-0.198919,-1.56659
0.529057,-0.260106,0.0287408;-1.56943,-0.195466,-1.56368
0.529357,-0.258879,0.029278;-1.56258,-0.185767,-1.55724
0.534025,-0.241036,0.0389757;-1.73281,-0.0482275,-1.55996
0.534443,-0.24056,0.0383886;-1.66456,-0.0549132,-1.56449
0.530743,-0.244439,0.0290305;-1.55888,-0.0351887,-1.56041
0.530234,-0.246781,0.0289658;-1.5558,-0.0253404,-1.5665
0.531032,-0.247563,0.028757;-1.56227,0.0449513,-1.57115
0.531146,-0.247537,0.0287059;-1.575,0.0644372,-1.56849
0.529426,-0.238685,0.0371378;-1.72784,0.0939391,-1.5687
0.531069,-0.237698,0.0377809;-1.70367,0.0374007,-1.57988
0.536316,-0.24889,0.0290434;-1.58579,-0.089048,-1.57211
0.535274,-0.25208,0.0286737;-1.56627,-0.236333,-1.56945
0.535319,-0.251672,0.0285794;-1.57072,-0.215858,-1.57068
0.535405,-0.251586,0.0285801;-1.57084,-0.214509,-1.57072
0.534804,-0.240309,0.0380525;-1.67065,-0.0450118,-1.56307
0.533583,-0.237686,0.0385881;-1.64691,-0.00589091,-1.55366
0.532856,-0.236729,0.0354711;-1.62251,0.0299457,-1.55069
0.532276,-0.243702,0.0308035;-1.52347,0.0651042,-1.57412
0.533094,-0.243307,0.0287178;-1.56551,0.0651783,-1.56958
0.533131,-0.242663,0.0286233;-1.57026,0.0706922,-1.56935
0.532632,-0.240151,0.0287417;-1.57737,0.122543,-1.57109
0.534145,-0.236863,0.0390313;-1.74977,0.0807867,-1.55782
0.536397,-0.242415,0.0374693;-1.69177,0.0204036,-1.55366
0.539454,-0.25344,0.0288953;-1.56215,-0.0859902,-1.56327
0.537659,-0.258708,0.028621;-1.57084,-0.240307,-1.56884
0.53767,-0.258628,0.0285799;-1.5708,-0.23706,-1.5708
0.538319,-0.258791,0.028624;-1.56842,-0.180835,-1.57367
0.539063,-0.241398,0.0423079;-1.57125,0.0432236,-1.58038
0.53589,-0.238781,0.0441134;-1.54114,0.0934661,-1.57166
0.536032,-0.244766,0.0378346;-1.39628,0.0926832,-1.57095
0.536959,-0.241417,0.0287326;-1.57105,0.0349463,-1.56343
0.536979,-0.241878,0.0286433;-1.57074,0.0195014,-1.56778
0.536948,-0.241524,0.0286841;-1.572,0.0196025,-1.57567
0.536813,-0.236784,0.0356932;-1.68479,0.0953465,-1.58461
0.535194,-0.23736,0.037806;-1.68505,0.0816769,-1.57133
0.534918,-0.243004,0.0323836;-1.62943,0.00231248,-1.55142
0.537416,-0.261989,0.0288927;-1.57015,-0.174878,-1.56195
0.537441,-0.264052,0.0287191;-1.57087,-0.227848,-1.56413
0.537396,-0.263722,0.0285851;-1.57071,-0.19412,-1.57039
0.544833,-0.257651,0.0372131;-1.43627,0.00905428,-1.5791
0.542493,-0.24613,0.0405794;-1.41472,0.0724691,-1.56748
0.539702,-0.244647,0.0399022;-1.38858,0.0903869,-1.55308
0.535557,-0.24468,0.0293699;-1.57675,-0.0198003,-1.55604
0.536217,-0.244327,0.0290635;-1.57014,-0.02781,-1.55967
0.536632,-0.244162,0.0287914;-1.57099,-0.0351367,-1.56059
0.536965,-0.242929,0.0297637;-1.58332,0.0201764,-1.5903
0.538297,-0.240253,0.0359866;-1.67815,0.0507366,-1.59709
0.536467,-0.237578,0.036685;-1.6891,0.0628457,-1.58532
0.535238,-0.257443,0.0294488;-1.57846,-0.0478388,-1.55179
0.540348,-0.269994,0.0291441;-1.57278,-0.137037,-1.55869
0.545582,-0.27409,0.0288824;-1.57309,-0.149066,-1.56247
0.549664,-0.270269,0.0294175;-1.55561,-0.0424203,-1.57191
0.549025,-0.258942,0.0355263;-1.46507,-0.0342434,-1.57531
0.545011,-0.248839,0.0391664;-1.45571,0.022781,-1.5654
0.540624,-0.244325,0.0381822;-1.39648,0.0278585,-1.56472
0.540984,-0.248419,0.0384691;-1.39485,-0.0137428,-1.55253
0.540341,-0.249298,0.0295899;-1.57008,-0.0700067,-1.55222
0.540138,-0.245377,0.0293521;-1.58103,-0.0180643,-1.55997
0.537218,-0.243193,0.0332896;-1.65398,0.0769015,-1.57966
0.53503,-0.250005,0.0381097;-1.67252,0.163098,-1.61535
0.535669,-0.274347,0.0287217;-1.55815,0.150317,-1.56434
0.53461,-0.280578,0.0292869;-1.57495,0.0543765,-1.55487
0.534429,-0.286276,0.0295491;-1.5736,0.00393681,-1.55257
0.536121,-0.285229,0.029646;-1.55877,0.00960889,-1.55316
0.536459,-0.274035,0.0336305;-1.48298,0.0497484,-1.5687
0.533522,-0.249564,0.0384279;-1.49988,0.0790566,-1.59739
0.532604,-0.241377,0.0322731;-1.50347,0.0150627,-1.5777
0.532401,-0.239788,0.0287108;-1.57102,-0.0031769,-1.5644
0.53176,-0.240755,0.0290258;-1.56963,-0.0109012,-1.56076
0.532203,-0.248718,0.0302699;-1.57531,-0.0695471,-1.53812
0.53387,-0.250612,0.0331253;-1.64492,0.0299907,-1.56479
0.536157,-0.250988,0.0379666;-1.66025,0.15769,-1.59657
0.545774,-0.268723,0.0289864;-1.55584,0.194591,-1.57825
0.544642,-0.272886,0.0285698;-1.57157,0.0876265,-1.57037
0.544737,-0.275503,0.0288441;-1.57461,0.0226227,-1.56125
0.54284,-0.276504,0.030218;-1.56865,0.000797331,-1.54024
0.544201,-0.271497,0.0313323;-1.54834,0.012505,-1.54146
0.546987,-0.251524,0.0378632;-1.48193,0.0375282,-1.56313
0.547999,-0.2367,0.036339;-1.56926,0.0756925,-1.59205
0.54779,-0.237375,0.0288939;-1.57126,0.0710666,-1.58609
0.548089,-0.237936,0.0285919;-1.56963,0.075758,-1.57065
0.54846,-0.239334,0.0288752;-1.56783,0.103115,-1.56247
0.549306,-0.241343,0.0292287;-1.57808,0.109828,-1.55331
0.549612,-0.241408,0.0321215;-1.61429,0.141124,-1.54636
0.552813,-0.239438,0.039429;-1.61721,0.114153,-1.59035
0.555266,-0.244698,0.0367126;-1.50668,0.04304,-1.58851
0.556443,-0.249061,0.0316354;-1.50863,-0.0323959,-1.57818
0.555476,-0.249053,0.0287272;-1.57074,-0.0916723,-1.56375
0.555269,-0.248426,0.0289883;-1.56559,-0.0752427,-1.55549
0.555354,-0.245778,0.0316923;-1.54892,-0.0293698,-1.53609
0.555991,-0.236887,0.042024;-1.66994,0.0896636,-1.57788
0.553802,-0.238616,0.0382798;-1.6034,0.102253,-1.58023
0.55288,-0.240328,0.0287191;-1.57154,0.121699,-1.57725
0.55293,-0.24182,0.0287257;-1.56475,0.0864878,-1.57001
0.553058,-0.241694,0.0287064;-1.57098,0.0922499,-1.5648
0.553077,-0.24218,0.0289634;-1.57607,0.0866744,-1.55628
0.551921,-0.238215,0.0359117;-1.67969,0.0965267,-1.55324
0.551503,-0.238308,0.0376062;-1.6526,0.069765,-1.567
0.555836,-0.246849,0.0307241;-1.55406,-0.0304073,-1.57316
0.556618,-0.250417,0.0288208;-1.55908,-0.100682,-1.56945
0.556903,-0.249752,0.0286389;-1.56843,-0.0752625,-1.56974
0.557288,-0.248303,0.028836;-1.57141,-0.0348345,-1.55905
0.557288,-0.248303,0.028836;-1.57141,-0.0348345,-1.55905
0.557177,-0.241185,0.0324977;-1.62208,0.0521528,-1.55142
0.557177,-0.241185,0.0324977;-1.62208,0.0521528,-1.55142
