0.5,-0.3,0.06;-1.57,-2.98023e-08,-1.57
0.5,-0.3,0.06;-1.57,-2.98023e-08,-1.57
0.5,-0.3,0.06;-1.57,-2.98023e-08,-1.57
0.498519,-0.302937,0.028606;-1.57111,-0.192432,-1.56897
0.498894,-0.302336,0.0285865;-1.57066,-0.154437,-1.57156
0.501092,-0.291724,0.0312466;-1.53406,-0.0879289,-1.57235
0.50093,-0.260798,0.0361733;-1.70338,-0.0212712,-1.56786
0.50465,-0.270356,0.028562;-1.57066,-0.166569,-1.57046
0.503988,-0.271873,0.0285941;-1.57137,-0.221557,-1.56985
0.504188,-0.272815,0.0286186;-1.57104,-0.261131,-1.56882
0.504679,-0.270307,0.028584;-1.57032,-0.169431,-1.57071
0.508344,-0.259109,0.0304218;-1.54302,-0.0938192,-1.56794
0.511325,-0.237422,0.0359892;-1.68836,-0.0114626,-1.55834
0.512016,-0.234452,0.0334059;-1.60548,-0.00502776,-1.55574
0.513554,-0.238844,0.0290968;-1.54831,-0.0637783,-1.57147
0.513256,-0.240694,0.0292181;-1.54811,-0.0783027,-1.57674
0.512897,-0.242021,0.0290922;-1.56245,-0.10601,-1.58616
0.513176,-0.241006,0.0291617;-1.59169,-0.0767311,-1.57728
0.51265,-0.23692,0.0334186;-1.65582,-0.0241203,-1.57265
0.512069,-0.232342,0.0355464;-1.68501,0.027612,-1.55813
0.515495,-0.235372,0.0321806;-1.62267,-0.0211796,-1.56053
0.516535,-0.239872,0.0288245;-1.55927,-0.079749,-1.57059
0.515952,-0.242394,0.028945;-1.55641,-0.106921,-1.57419
0.516007,-0.242584,0.0287363;-1.57441,-0.0999669,-1.57572
0.516365,-0.24276,0.0298124;-1.60369,-0.0851421,-1.57878
0.515356,-0.239842,0.0329291;-1.65829,-0.0536966,-1.57862
0.515925,-0.237884,0.0296838;-1.58511,-0.048124,-1.56136
0.515137,-0.240611,0.028906;-1.55476,-0.0818802,-1.56949
0.514783,-0.241326,0.0289006;-1.55581,-0.0933095,-1.57037
0.514727,-0.241312,0.0285951;-1.56992,-0.100868,-1.57088
0.514088,-0.240606,0.0322693;-1.64975,-0.0617432,-1.57847
0.512931,-0.237136,0.0364039;-1.71713,-0.0153725,-1.57052
0.51282,-0.234166,0.0351568;-1.68543,-0.00623612,-1.55775
0.512196,-0.235523,0.0292136;-1.54662,-0.0183568,-1.56363
0.511602,-0.237641,0.0290349;-1.54923,-0.0418986,-1.56999
0.511391,-0.239091,0.0290583;-1.54979,-0.0597311,-1.57127
0.511272,-0.240545,0.0294521;-1.59673,-0.0740949,-1.57594
0.510305,-0.239255,0.0349812;-1.68281,-0.0228858,-1.56931
0.508485,-0.236416,0.0369023;-1.70987,0.00309283,-1.55839
0.507485,-0.23361,0.0290536;-1.56433,0.021787,-1.55466
0.507349,-0.234796,0.0291878;-1.54783,0.0187851,-1.56458
0.506991,-0.236028,0.0291564;-1.54762,-0.00686421,-1.56568
0.506948,-0.237869,0.02905;-1.57957,-0.0349714,-1.55779
0.506275,-0.240992,0.0328758;-1.64018,-0.0190749,-1.56979
0.506898,-0.241522,0.0384041;-1.71716,-0.00112882,-1.56579
0.504084,-0.23525,0.0287047;-1.56729,0.0413568,-1.5736
0.504169,-0.236117,0.0289728;-1.55286,0.0582896,-1.57269
0.504362,-0.236702,0.0289703;-1.55383,0.0622731,-1.57368
0.504366,-0.238348,0.0286074;-1.57157,0.0611217,-1.57099
0.503918,-0.240864,0.0302389;-1.61003,0.0806112,-1.57329
0.505676,-0.243814,0.0376706;-1.73152,0.0670523,-1.56572
0.504403,-0.250796,0.0287066;-1.57052,0.0955691,-1.56467
0.50447,-0.250046,0.0287138;-1.57071,0.132143,-1.56429
0.504224,-0.250869,0.0285875;-1.57067,0.114795,-1.57033
0.503933,-0.251414,0.0290064;-1.5886,0.0990417,-1.57187
0.50391,-0.253038,0.0294429;-1.60036,0.108475,-1.57397
0.505172,-0.257293,0.0366731;-1.6428,0.103325,-1.5676
0.50098,-0.26803,0.0317819;-1.52109,0.12308,-1.55659
0.500985,-0.267269,0.028779;-1.57143,0.134011,-1.56061
0.501005,-0.266701,0.0286792;-1.57093,0.151335,-1.56594
0.500904,-0.266649,0.0285801;-1.57077,0.166637,-1.57083
0.500912,-0.266459,0.0289125;-1.57653,0.16223,-1.58021
0.501239,-0.265604,0.0315903;-1.57609,0.148639,-1.58639
0.497177,-0.273988,0.0368874;-1.43293,0.14124,-1.56863
0.497402,-0.275285,0.0335343;-1.47424,0.134939,-1.57485
0.498352,-0.273016,0.0295529;-1.54018,0.152849,-1.57681
0.499153,-0.272335,0.0285803;-1.57079,0.162635,-1.57084
0.499051,-0.272206,0.0288252;-1.57645,0.154615,-1.57758
0.500462,-0.270997,0.0288155;-1.57793,0.165357,-1.57526
0.50143,-0.266921,0.0360508;-1.51662,0.199125,-1.57222
0.501701,-0.26771,0.0374504;-1.4824,0.198852,-1.58097
0.502106,-0.267697,0.0314788;-1.50257,0.18273,-1.58539
0.503604,-0.26623,0.0290739;-1.55122,0.195107,-1.57888
0.504158,-0.265629,0.0285817;-1.57081,0.224607,-1.57054
0.503894,-0.265155,0.0287193;-1.57759,0.258422,-1.56947
0.507201,-0.263344,0.0400976;-1.67102,0.210286,-1.56178
0.506713,-0.2699,0.0419295;-1.63234,0.141073,-1.57091
0.505996,-0.281184,0.0286908;-1.56868,0.0796623,-1.57407
0.505693,-0.281203,0.0285795;-1.57088,0.0923584,-1.57071
0.505868,-0.280822,0.0285925;-1.57048,0.103185,-1.57068
0.506269,-0.28,0.028577;-1.57113,0.135976,-1.57124
0.508243,-0.276044,0.0406624;-1.61998,0.104837,-1.56617
0.505084,-0.280292,0.0413701;-1.62048,0.0215172,-1.57165
0.500516,-0.288737,0.0287575;-1.56473,-0.0457954,-1.56658
0.500481,-0.288042,0.0286232;-1.57117,-0.0133309,-1.5685
0.500625,-0.287301,0.0285791;-1.57094,0.0211932,-1.57069
0.500866,-0.287027,0.0286497;-1.57096,0.032002,-1.57426
0.503375,-0.28401,0.0407062;-1.59216,0.0354749,-1.5757
0.499364,-0.284084,0.0421804;-1.60273,-0.02812,-1.55796
0.492918,-0.291118,0.0297308;-1.54156,-0.0941916,-1.56485
0.492305,-0.293188,0.0287345;-1.56998,-0.098513,-1.5642
0.492458,-0.291659,0.0285781;-1.57097,-0.0346296,-1.57067
0.492375,-0.29153,0.0286947;-1.57107,-0.030149,-1.57625
0.493805,-0.286657,0.0350889;-1.59264,0.00799182,-1.58261
0.494252,-0.278885,0.0398814;-1.57896,0.00369779,-1.56156
0.492009,-0.280227,0.0356629;-1.5458,-0.00365646,-1.55311
0.486867,-0.293318,0.0286468;-1.5707,-0.158082,-1.56771
0.486716,-0.292665,0.0286451;-1.57125,-0.134244,-1.56748
0.486854,-0.291667,0.0285787;-1.57086,-0.0864738,-1.57065
0.487676,-0.289862,0.0290641;-1.56199,-0.0493185,-1.57104
0.489725,-0.278903,0.0448467;-1.61318,-0.0179576,-1.55736
0.484751,-0.288928,0.040666;-1.55458,-0.0915884,-1.56183
0.479427,-0.301148,0.0289915;-1.55217,-0.182098,-1.56463
0.479399,-0.300882,0.0286502;-1.5701,-0.187993,-1.56619
0.47959,-0.298806,0.0285515;-1.57149,-0.102258,-1.57212
0.480424,-0.297656,0.0286981;-1.56497,-0.0565135,-1.57057
0.48466,-0.282297,0.0434819;-1.65123,0.0215108,-1.56155
0.480299,-0.284002,0.0429953;-1.67629,-0.0319273,-1.54571
0.473128,-0.305535,0.0292063;-1.54449,-0.1186,-1.56311
0.471686,-0.310107,0.0287201;-1.57096,-0.197026,-1.56399
0.471424,-0.308766,0.02861;-1.57104,-0.140294,-1.56915
0.472256,-0.308308,0.0286899;-1.56921,-0.0857531,-1.57562
0.4769,-0.287425,0.0411738;-1.52599,0.0469121,-1.57698
0.473358,-0.286908,0.0443358;-1.61175,0.0170425,-1.55156
0.467896,-0.302935,0.0325279;-1.49184,-0.0545624,-1.55566
0.465082,-0.312632,0.0287501;-1.5705,-0.188602,-1.5626
0.465226,-0.31243,0.02868;-1.57086,-0.181309,-1.56582
0.465373,-0.311761,0.0286264;-1.5707,-0.140503,-1.57319
0.469347,-0.292681,0.038397;-1.41999,-0.0135979,-1.5696
0.468848,-0.285448,0.0432223;-1.51574,0.00261924,-1.55988
0.463791,-0.29649,0.0372322;-1.46803,-0.0518271,-1.54065
0.459794,-0.307797,0.0287681;-1.57233,-0.20302,-1.56342
0.459752,-0.308972,0.0287156;-1.57092,-0.218121,-1.56428
0.459709,-0.308318,0.0286507;-1.57103,-0.201748,-1.56732
0.463173,-0.297064,0.0355136;-1.45064,-0.0931072,-1.56052
0.463799,-0.278347,0.0422812;-1.39059,0.00757016,-1.55719
0.459711,-0.271558,0.0445341;-1.52334,-0.00352395,-1.54736
0.456187,-0.284572,0.0287905;-1.57013,-0.139247,-1.5613
0.45652,-0.286274,0.0287324;-1.57132,-0.172421,-1.56399
0.45665,-0.287192,0.0287396;-1.57686,-0.197807,-1.56984
0.458537,-0.283311,0.0312062;-1.52113,-0.136962,-1.56535
0.460989,-0.272887,0.0384539;-1.39556,-0.0545589,-1.55431
0.460347,-0.25948,0.0425659;-1.38054,0.0376727,-1.55027
0.455488,-0.252979,0.0306877;-1.54295,0.0378537,-1.55391
0.455665,-0.252887,0.0288794;-1.57962,0.0161135,-1.56433
0.456209,-0.254873,0.0286576;-1.57093,-0.0337764,-1.56695
0.456819,-0.255696,0.0292371;-1.55258,-0.0120205,-1.57121
0.458994,-0.257562,0.0346599;-1.46172,0.0100416,-1.56757
0.462596,-0.256342,0.0405459;-1.35474,0.0781827,-1.5734
0.460254,-0.25705,0.0404747;-1.39307,0.0920576,-1.53873
0.46137,-0.249541,0.0292541;-1.57734,0.119589,-1.55112
0.461684,-0.251752,0.028688;-1.5709,0.0949427,-1.56559
0.4618,-0.253251,0.0289612;-1.55363,0.100513,-1.57121
0.462412,-0.253712,0.0303501;-1.54399,0.10023,-1.5761
0.461754,-0.254183,0.0330963;-1.53136,0.094656,-1.59997
0.459096,-0.261647,0.0380002;-1.42306,0.139093,-1.55587
0.461295,-0.257349,0.0345385;-1.51046,0.177075,-1.53156
0.461746,-0.255385,0.028817;-1.57396,0.180181,-1.56189
0.461477,-0.257151,0.0288407;-1.56911,0.171703,-1.58237
0.462144,-0.258678,0.0297301;-1.55915,0.177836,-1.58542
0.462286,-0.261197,0.0336956;-1.50631,0.172764,-1.59712
0.460289,-0.267339,0.0359803;-1.4354,0.188956,-1.57917
0.459752,-0.268576,0.0322379;-1.49538,0.187196,-1.57683
0.461007,-0.266091,0.0289308;-1.56876,0.243806,-1.56207
0.461019,-0.266651,0.0286026;-1.57068,0.24789,-1.5719
0.461211,-0.267115,0.0289792;-1.55747,0.252263,-1.58044
0.461698,-0.267147,0.0315556;-1.53529,0.242969,-1.59245
0.459198,-0.27086,0.0349334;-1.45616,0.22606,-1.59261
0.457969,-0.274937,0.0353461;-1.445,0.217002,-1.58259
0.458527,-0.273904,0.0289243;-1.55898,0.236284,-1.56841
0.459027,-0.272945,0.0285942;-1.57083,0.306011,-1.57017
0.458784,-0.273167,0.0286304;-1.56995,0.300672,-1.57423
0.458499,-0.272741,0.0304034;-1.53914,0.292774,-1.58437
0.45663,-0.272766,0.0335731;-1.51836,0.26054,-1.61252
0.454362,-0.27829,0.0336522;-1.47252,0.270314,-1.5971
0.453427,-0.281073,0.0323035;-1.49781,0.246079,-1.57735
0.456644,-0.277421,0.0286812;-1.57143,0.31735,-1.56615
0.456569,-0.277227,0.0286;-1.57075,0.328147,-1.57194
0.456503,-0.277171,0.0290698;-1.55403,0.319614,-1.5795
0.456103,-0.273654,0.035156;-1.49145,0.276866,-1.61667
0.451083,-0.280441,0.0362721;-1.46728,0.241439,-1.59172
0.448143,-0.282814,0.033911;-1.4731,0.216718,-1.57759
0.452905,-0.27868,0.0287608;-1.57277,0.289435,-1.5633
0.452993,-0.278213,0.0286371;-1.57097,0.306989,-1.56793
0.453031,-0.278074,0.0286588;-1.56757,0.302805,-1.57364
0.454246,-0.2727,0.0356849;-1.49969,0.290584,-1.59796
0.449066,-0.276234,0.0385825;-1.49683,0.249131,-1.57903
0.440609,-0.280396,0.0314971;-1.50895,0.182959,-1.57662
0.441428,-0.281421,0.0287277;-1.57086,0.200401,-1.56367
0.442576,-0.2795,0.0286999;-1.57094,0.268011,-1.56493
0.442567,-0.278989,0.0286262;-1.57089,0.288322,-1.57305
0.442567,-0.278989,0.0286262;-1.57089,0.288322,-1.57305
0.443358,-0.277596,0.0302247;-1.5466,0.280822,-1.57973
0.443358,-0.277596,0.0302247;-1.5466,0.280822,-1.57973
