0.5,-0.3,0.06;-1.57,-2.98023e-08,-1.57
0.5,-0.3,0.06;-1.57,-2.98023e-08,-1.57
0.5,-0.3,0.06;-1.57,-2.98023e-08,-1.57
0.498927,-0.302952,0.028603;-1.56991,-0.235576,-1.569
0.498978,-0.302332,0.0286279;-1.57075,-0.226058,-1.57338
0.499764,-0.299971,0.0293699;-1.577,-0.215553,-1.58785
0.500653,-0.282735,0.0311985;-1.61932,-0.165446,-1.58783
0.502029,-0.285278,0.0285867;-1.57111,-0.298669,-1.57028
0.501512,-0.289907,0.02878;-1.56972,-0.372677,-1.56195
0.500455,-0.293551,0.0288369;-1.56731,-0.462826,-1.56001
0.500948,-0.294625,0.0290015;-1.55584,-0.487606,-1.55659
0.502745,-0.288437,0.0300193;-1.5545,-0.413851,-1.5727
0.503032,-0.268397,0.0352753;-1.5934,-0.296202,-1.60157
0.501889,-0.255479,0.0309402;-1.56535,-0.290162,-1.59299
0.503497,-0.259945,0.0290958;-1.55454,-0.358501,-1.57432
0.50338,-0.261229,0.0287984;-1.56118,-0.379441,-1.56853
0.503276,-0.26368,0.0290512;-1.54637,-0.386019,-1.56179
0.503622,-0.264336,0.0288126;-1.57505,-0.320747,-1.58026
0.504607,-0.258417,0.0321412;-1.60827,-0.243442,-1.59186
0.498489,-0.246236,0.0353982;-1.60795,-0.087693,-1.60389
0.499238,-0.248602,0.0324997;-1.53026,-0.100883,-1.60669
0.499781,-0.251636,0.0288978;-1.56539,-0.128643,-1.58006
0.500469,-0.253856,0.0286842;-1.56759,-0.085288,-1.5723
0.500866,-0.253901,0.0287338;-1.57072,-0.0511052,-1.57805
0.501168,-0.253116,0.0290746;-1.58509,-0.0196854,-1.57847
0.501791,-0.248544,0.0303702;-1.58052,0.0270497,-1.59319
0.50143,-0.247015,0.0315146;-1.52387,0.0527708,-1.58368
0.500399,-0.252277,0.0293405;-1.55094,0.0340171,-1.56908
0.5003,-0.253747,0.0289856;-1.55383,0.0252732,-1.56854
0.500445,-0.253869,0.0290021;-1.56226,0.0234242,-1.55925
0.501557,-0.250327,0.0311012;-1.56686,0.0854442,-1.60026
0.502365,-0.24627,0.0355389;-1.56522,0.0996861,-1.60761
0.500832,-0.248185,0.0356572;-1.54665,0.0917633,-1.57829
0.499246,-0.249819,0.0290395;-1.55157,-0.00985397,-1.56884
0.498485,-0.252417,0.0291702;-1.56089,-0.0395929,-1.56506
0.497372,-0.25607,0.0288455;-1.56969,-0.0865716,-1.56269
0.500548,-0.252093,0.0298964;-1.55628,0.0302469,-1.57671
0.502633,-0.244574,0.0345405;-1.5528,0.112528,-1.60398
0.502004,-0.241495,0.0345723;-1.60276,0.112215,-1.60567
0.500854,-0.246638,0.0292641;-1.541,0.0731471,-1.5691
0.500361,-0.250621,0.0288651;-1.56826,-0.0114362,-1.55969
0.499068,-0.254918,0.0288613;-1.56845,-0.125542,-1.55938
0.499181,-0.254038,0.0289427;-1.56237,-0.0634058,-1.5798
0.500398,-0.245622,0.0303654;-1.56609,-0.0254211,-1.58763
0.499944,-0.238589,0.0335759;-1.58326,0.0379804,-1.59108
0.498244,-0.239292,0.0341164;-1.46089,0.0583305,-1.57918
0.49837,-0.241114,0.032726;-1.48799,0.0435716,-1.5745
0.49832,-0.246734,0.0323905;-1.49541,0.0263792,-1.57196
0.499692,-0.249389,0.0286162;-1.57322,0.0265534,-1.57227
0.49981,-0.25115,0.0298271;-1.57393,0.0869399,-1.58907
0.500713,-0.248515,0.0347096;-1.53097,0.142107,-1.60779
0.497695,-0.247475,0.0316191;-1.5304,0.213533,-1.55627
0.496782,-0.247115,0.0287501;-1.57096,0.191777,-1.56255
0.496732,-0.248041,0.0287405;-1.57074,0.173384,-1.56341
0.497096,-0.250794,0.028885;-1.57303,0.107275,-1.55785
0.498095,-0.25126,0.0290865;-1.59008,0.0909985,-1.57507
0.499072,-0.250927,0.0329273;-1.62287,0.0964921,-1.59449
0.497366,-0.247033,0.0288637;-1.56402,0.159273,-1.57868
0.497483,-0.246921,0.0285798;-1.57075,0.166883,-1.57076
0.4975,-0.246913,0.0286018;-1.57074,0.165138,-1.56975
0.49717,-0.246752,0.0287031;-1.57101,0.130139,-1.57665
0.497357,-0.246521,0.0290328;-1.57723,0.113196,-1.58286
0.498791,-0.248286,0.0343629;-1.53616,0.113956,-1.5925
0.495669,-0.244542,0.0377967;-1.43802,0.107663,-1.56298
0.495125,-0.240786,0.0385943;-1.41092,0.0776534,-1.54425
0.49496,-0.238383,0.0382359;-1.4093,0.059531,-1.54711
0.495384,-0.23866,0.0380975;-1.38594,0.0520929,-1.56545
0.495335,-0.233718,0.0289052;-1.58318,0.0367873,-1.5666
0.495774,-0.233309,0.0311125;-1.62535,0.0339514,-1.57564
0.495799,-0.235693,0.0370266;-1.73402,0.0278332,-1.57688
0.495417,-0.236667,0.0330851;-1.66381,0.0364088,-1.57096
0.494245,-0.238073,0.0286835;-1.57087,0.0816234,-1.56587
0.49424,-0.238162,0.0287239;-1.56904,0.0922048,-1.56553
0.494193,-0.238306,0.0287261;-1.56378,0.0979962,-1.57138
0.494206,-0.238818,0.0289608;-1.56473,0.101558,-1.57762
0.498316,-0.234477,0.0371184;-1.68589,0.0619407,-1.60879
0.498959,-0.232881,0.0340132;-1.6309,0.0293388,-1.60943
0.500013,-0.234053,0.0301922;-1.5614,0.00696215,-1.59817
0.500555,-0.234975,0.0290949;-1.55536,0.0050229,-1.56751
0.500718,-0.233854,0.0287109;-1.57093,0.0368212,-1.56457
0.500782,-0.233869,0.0292895;-1.60144,0.0367287,-1.57092
0.499089,-0.238562,0.040184;-1.75808,0.108532,-1.58659
0.496708,-0.239337,0.0381763;-1.6936,0.11772,-1.58179
0.49311,-0.241742,0.0315197;-1.63295,0.142841,-1.56361
0.493632,-0.247251,0.0288044;-1.56729,0.0666971,-1.56378
0.493439,-0.247059,0.0286442;-1.57079,0.0749786,-1.56773
0.493386,-0.247496,0.0288136;-1.58204,0.0822828,-1.57029
0.495925,-0.250183,0.0355321;-1.67973,0.107434,-1.58806
0.49146,-0.249668,0.033639;-1.63565,0.160413,-1.59146
0.488828,-0.248687,0.0289831;-1.58731,0.185811,-1.57106
0.489097,-0.249327,0.0287541;-1.56666,0.216863,-1.56683
0.48915,-0.249883,0.0285803;-1.57057,0.21546,-1.57095
0.489117,-0.250692,0.0286054;-1.57202,0.221977,-1.5718
0.489808,-0.252588,0.0345644;-1.61632,0.23374,-1.61612
0.487796,-0.25167,0.0319857;-1.59557,0.203037,-1.60032
0.487773,-0.251048,0.0302684;-1.58523,0.183744,-1.58775
0.487968,-0.250761,0.0291321;-1.54791,0.114401,-1.57014
0.487433,-0.252358,0.0289572;-1.55479,0.0737704,-1.56964
0.487226,-0.252391,0.0285878;-1.57113,0.0703501,-1.57071
0.487431,-0.252789,0.0298093;-1.60506,0.0759627,-1.57487
0.486527,-0.255379,0.0379156;-1.66005,0.0963912,-1.586
0.485639,-0.258824,0.0329427;-1.61836,0.0574321,-1.58573
0.486099,-0.259522,0.0286654;-1.57071,0.0349806,-1.57479
0.486102,-0.259372,0.0286224;-1.57081,0.0342899,-1.56879
0.486067,-0.259054,0.028579;-1.57084,0.0449402,-1.57082
0.485993,-0.258917,0.028669;-1.57113,0.0500479,-1.57522
0.489281,-0.252926,0.0372644;-1.69801,0.04463,-1.59479
0.487667,-0.247185,0.0341807;-1.67652,0.0159095,-1.56966
0.488469,-0.252733,0.0286081;-1.56986,-0.0327179,-1.56927
0.488634,-0.253071,0.0286184;-1.57084,-0.00351403,-1.56899
0.488578,-0.252992,0.0285797;-1.57073,0.0191876,-1.57078
0.488124,-0.253974,0.0287927;-1.57084,0.0655743,-1.58064
0.48957,-0.25201,0.034584;-1.60788,0.134207,-1.62322
0.484262,-0.246497,0.0321324;-1.5969,0.18043,-1.59824
0.483472,-0.249634,0.0301933;-1.52923,0.163015,-1.57604
0.481615,-0.256205,0.0289679;-1.559,0.0628386,-1.5621
0.481716,-0.255304,0.0290511;-1.55682,0.0708195,-1.55957
0.481717,-0.253741,0.029232;-1.56139,0.0851322,-1.55568
0.482509,-0.242559,0.0363191;-1.67258,0.168791,-1.58496
0.480598,-0.242396,0.037002;-1.66048,0.164561,-1.58108
0.478509,-0.242654,0.0327347;-1.57693,0.157011,-1.56481
0.477702,-0.246399,0.0286715;-1.57118,0.082362,-1.56566
0.477233,-0.2473,0.0286591;-1.57099,0.0376671,-1.56651
0.477092,-0.246984,0.0285764;-1.57093,0.0482233,-1.57087
0.476885,-0.243957,0.0300784;-1.58578,0.0924637,-1.5898
0.47615,-0.240294,0.0352298;-1.64741,0.0888116,-1.6063
0.47161,-0.241537,0.0340588;-1.63184,0.101876,-1.57906
0.47211,-0.24079,0.0287139;-1.57086,-0.0386557,-1.56431
0.471216,-0.242603,0.028722;-1.56402,-0.0997898,-1.56984
0.470949,-0.242563,0.0286604;-1.56779,-0.110649,-1.56958
0.470511,-0.242876,0.0293626;-1.57783,-0.067357,-1.58876
0.470114,-0.244433,0.0327811;-1.5925,-0.0184711,-1.61755
0.468577,-0.242485,0.0331937;-1.59121,0.00849528,-1.6163
0.464691,-0.244348,0.0285749;-1.57082,0.0293623,-1.57058
0.464648,-0.24539,0.0287416;-1.5703,-0.00356136,-1.56359
0.464226,-0.245824,0.0287329;-1.57092,-0.00971902,-1.56336
0.464633,-0.247041,0.0293527;-1.58062,-0.0411293,-1.55918
0.465195,-0.243535,0.0318356;-1.63114,-0.0392112,-1.58549
0.466806,-0.24121,0.0360769;-1.66304,-0.0427129,-1.61558
0.466042,-0.239104,0.0305261;-1.53915,-0.0701906,-1.58345
0.466721,-0.238599,0.0286238;-1.56822,-0.0691414,-1.56994
0.46657,-0.239088,0.0287495;-1.56254,-0.0715304,-1.57003
0.4657,-0.240585,0.0288451;-1.58218,-0.0604711,-1.57296
0.463614,-0.245504,0.0302829;-1.59315,-0.00131393,-1.5901
0.463878,-0.246812,0.0360681;-1.64231,0.0124489,-1.61377
0.46018,-0.248648,0.031632;-1.50647,0.0566191,-1.57049
0.460674,-0.247208,0.0290183;-1.55043,0.0576833,-1.57237
0.461136,-0.248797,0.0289942;-1.55153,0.074731,-1.57123
0.46001,-0.25297,0.0292035;-1.55678,0.10376,-1.5867
0.459831,-0.255642,0.0316471;-1.55471,0.141223,-1.61076
0.457881,-0.257212,0.0343956;-1.58297,0.159281,-1.63577
0.45229,-0.258475,0.029484;-1.56018,0.245961,-1.58502
0.452543,-0.260272,0.0290944;-1.54872,0.247824,-1.57248
0.452208,-0.261091,0.0287375;-1.56879,0.231296,-1.56562
0.452177,-0.262284,0.0287559;-1.56898,0.237429,-1.56449
0.451977,-0.262653,0.0290807;-1.58893,0.261631,-1.573
0.450958,-0.263691,0.0305028;-1.58981,0.281042,-1.59341
0.451331,-0.259045,0.0303793;-1.5891,0.256755,-1.58523
0.452674,-0.257136,0.0285853;-1.57056,0.199096,-1.57087
0.452373,-0.257147,0.0285814;-1.57055,0.173616,-1.57056
0.451331,-0.258304,0.0286341;-1.5689,0.0974936,-1.57018
0.451209,-0.258211,0.0285798;-1.57089,0.116841,-1.57072
0.450477,-0.25841,0.0291749;-1.5854,0.137719,-1.57952
0.439433,-0.260975,0.033348;-1.57732,0.234604,-1.59432
0.437442,-0.260067,0.0317019;-1.51755,0.215409,-1.58582
0.437373,-0.257875,0.0285997;-1.57326,0.20625,-1.56994
0.436703,-0.258329,0.028619;-1.56877,0.160977,-1.57081
0.436617,-0.258265,0.0285793;-1.57072,0.148677,-1.57089
0.436397,-0.258112,0.0288225;-1.57341,0.157769,-1.57962
0.438001,-0.254471,0.0344077;-1.62454,0.151417,-1.60922
0.437554,-0.250771,0.0317049;-1.59722,0.131362,-1.57619
0.436138,-0.250491,0.0293741;-1.56799,0.128203,-1.55166
0.435661,-0.253881,0.0289324;-1.56995,0.0762214,-1.56178
0.435757,-0.258333,0.0288751;-1.57409,0.0144672,-1.55954
0.43595,-0.260098,0.0288378;-1.57209,-0.0154418,-1.55916
0.438017,-0.254783,0.034968;-1.65472,0.0975752,-1.59108
0.435256,-0.249436,0.0340073;-1.58218,0.135259,-1.58335
0.433407,-0.25105,0.030427;-1.52768,0.150327,-1.5766
0.433419,-0.250353,0.028583;-1.57068,0.126147,-1.57059
0.43268,-0.251471,0.0285831;-1.5707,0.0629859,-1.57039
0.43277,-0.252386,0.028652;-1.57424,0.043031,-1.5707
0.43277,-0.252386,0.028652;-1.57424,0.043031,-1.5707
0.431763,-0.253937,0.0301216;-1.59908,0.0774222,-1.57883
0.431763,-0.253937,0.0301216;-1.59908,0.0774222,-1.57883
