0.5,-0.3,0.06;-1.57,-2.98023e-08,-1.57
0.5,-0.3,0.06;-1.57,-2.98023e-08,-1.57
0.5,-0.3,0.06;-1.57,-2.98023e-08,-1.57
0.501933,-0.295089,0.0288788;-1.57583,-0.295304,-1.58156
0.501799,-0.296416,0.0287041;-1.57057,-0.203835,-1.5768
0.50216,-0.292341,0.0298962;-1.55745,-0.0470613,-1.55353
0.499654,-0.282682,0.0324428;-1.60104,0.0517818,-1.53233
0.503484,-0.284917,0.0286685;-1.57082,-0.221072,-1.57542
0.504534,-0.282118,0.0286598;-1.5704,-0.349592,-1.57491
0.504866,-0.280502,0.0286267;-1.57066,-0.406359,-1.57313
0.504721,-0.281606,0.0286975;-1.56717,-0.193284,-1.56746
0.503847,-0.274217,0.0305692;-1.57579,-0.0477578,-1.53947
0.498299,-0.268683,0.0338938;-1.60292,0.125222,-1.51409
0.502408,-0.269098,0.0309283;-1.58079,0.0226793,-1.53687
0.504406,-0.273563,0.0286651;-1.57055,-0.117552,-1.56674
0.503558,-0.273237,0.0286663;-1.57035,-0.252269,-1.57558
0.503727,-0.272596,0.0285822;-1.57052,-0.173123,-1.57038
0.502339,-0.267484,0.0300946;-1.5742,-0.0505657,-1.54431
0.497063,-0.262692,0.0334108;-1.59794,0.11915,-1.51371
0.49575,-0.261232,0.0335781;-1.59784,0.149607,-1.5099
0.500805,-0.264506,0.0301641;-1.57903,0.0203953,-1.54565
0.50202,-0.269043,0.02858;-1.57065,-0.125771,-1.5705
0.501224,-0.268313,0.0285791;-1.57091,-0.245036,-1.57101
0.501589,-0.266552,0.0287541;-1.57076,-0.151408,-1.56235
0.498622,-0.259932,0.0310625;-1.57855,-0.00883257,-1.53284
0.494564,-0.255035,0.0327896;-1.59262,0.0961654,-1.51733
0.498667,-0.257896,0.0292771;-1.57277,0.000180542,-1.55436
0.49737,-0.259596,0.0287508;-1.56627,-0.283228,-1.5734
0.497222,-0.259394,0.0286385;-1.57089,-0.286794,-1.57369
0.497391,-0.259384,0.0285817;-1.57054,-0.191398,-1.57088
0.493455,-0.247102,0.0327343;-1.58828,0.108468,-1.51632
0.48774,-0.24681,0.0341064;-1.6025,0.213674,-1.50582
0.491483,-0.24644,0.0320816;-1.58888,0.140545,-1.52433
0.494232,-0.253727,0.0285979;-1.57071,-0.164188,-1.57152
0.493565,-0.252757,0.0287363;-1.56716,-0.249849,-1.57402
0.493335,-0.253346,0.0285805;-1.57074,-0.196532,-1.57083
0.493366,-0.245727,0.0300948;-1.57692,0.0438253,-1.54222
0.48742,-0.24728,0.032588;-1.59361,0.179063,-1.51881
0.485498,-0.247396,0.0328744;-1.58853,0.203625,-1.51564
0.490221,-0.251438,0.0285888;-1.57044,-0.0500902,-1.57025
0.489208,-0.249408,0.028666;-1.56797,-0.192743,-1.57154
0.489093,-0.249848,0.0286453;-1.57045,-0.19853,-1.57376
0.490181,-0.247192,0.0288594;-1.57225,-0.00502433,-1.55826
0.488593,-0.24504,0.0309692;-1.57658,0.100173,-1.53401
0.482274,-0.249428,0.0335319;-1.59243,0.237566,-1.5115
0.488339,-0.250064,0.0286666;-1.57079,0.0185066,-1.56661
0.486646,-0.250176,0.0285857;-1.57041,-0.142777,-1.57054
0.485855,-0.250115,0.0286968;-1.56803,-0.20875,-1.57321
0.485787,-0.249929,0.02863;-1.57067,-0.00751082,-1.56833
0.484803,-0.247279,0.0298251;-1.5737,0.101493,-1.54937
0.477959,-0.249809,0.0330154;-1.58589,0.245126,-1.51519
0.483706,-0.249531,0.0287652;-1.57055,0.0689678,-1.5617
0.48193,-0.250692,0.0285796;-1.57007,-0.112671,-1.57064
0.481108,-0.251337,0.0285792;-1.57068,-0.223483,-1.57086
0.481173,-0.249466,0.0287945;-1.56957,0.000821382,-1.55715
0.47721,-0.245717,0.0301685;-1.57113,0.107958,-1.54204
0.469155,-0.250972,0.0314462;-1.59507,0.23153,-1.53972
0.472803,-0.249701,0.0292383;-1.56715,0.133642,-1.55162
0.47266,-0.251802,0.0285782;-1.56997,-0.02814,-1.57073
0.473033,-0.248687,0.0286558;-1.57088,-0.182541,-1.57456
0.472767,-0.248991,0.0286424;-1.57082,-0.0404393,-1.56785
0.471786,-0.2449,0.0300212;-1.5731,0.0775191,-1.5449
0.467483,-0.248557,0.0327481;-1.60815,0.184683,-1.53147
0.467757,-0.248361,0.0312101;-1.57708,0.181409,-1.53164
0.470691,-0.24865,0.0286793;-1.57361,0.0799861,-1.56861
0.471351,-0.246421,0.0288025;-1.57097,-0.0765242,-1.58169
0.471847,-0.245261,0.028745;-1.57076,-0.14156,-1.57872
0.470259,-0.245635,0.028814;-1.57981,-0.0379048,-1.56895
0.467354,-0.242998,0.0310542;-1.59563,0.0771542,-1.54789
0.463746,-0.248973,0.0346975;-1.63814,0.200948,-1.52596
0.467882,-0.245549,0.0340331;-1.58262,0.120592,-1.55221
0.471283,-0.244242,0.028806;-1.57078,0.00213021,-1.58161
0.474294,-0.243362,0.0291534;-1.58104,-0.132083,-1.58486
0.472956,-0.245105,0.0289169;-1.57612,-0.0442728,-1.58168
0.471709,-0.24683,0.0289602;-1.58333,0.0620161,-1.57582
0.466913,-0.25286,0.0353054;-1.64239,0.250856,-1.54186
0.47093,-0.251757,0.0371998;-1.57507,0.186977,-1.56212
0.474624,-0.247229,0.0305082;-1.61907,0.0762227,-1.57515
0.479232,-0.241383,0.0294159;-1.59553,-0.123173,-1.58192
0.477479,-0.244291,0.0292499;-1.58839,-0.0504878,-1.58632
0.475672,-0.247406,0.0292051;-1.58595,0.0279379,-1.58507
0.470118,-0.249983,0.0343024;-1.67685,0.201474,-1.56387
0.472589,-0.247497,0.0366062;-1.6649,0.151419,-1.56696
0.475777,-0.243458,0.0335011;-1.66831,0.0657022,-1.57371
0.479973,-0.241485,0.0301995;-1.59831,-0.0820709,-1.59076
0.477794,-0.247339,0.0292546;-1.58346,-0.00641768,-1.58541
0.47587,-0.249362,0.029076;-1.58134,0.0759517,-1.58318
0.468766,-0.251577,0.033756;-1.66711,0.227656,-1.56275
0.471132,-0.247806,0.0366507;-1.69233,0.169616,-1.56028
0.473803,-0.2452,0.0340593;-1.6569,0.117942,-1.56669
0.478323,-0.244278,0.0304135;-1.59706,-0.0237035,-1.59206
0.476577,-0.249824,0.0294242;-1.58282,0.0357255,-1.5882
0.474895,-0.251738,0.0293256;-1.59333,0.0658252,-1.58278
0.468739,-0.255857,0.0327044;-1.64972,0.210881,-1.56716
0.47008,-0.250422,0.0343917;-1.67345,0.182768,-1.56751
0.470179,-0.250479,0.0333888;-1.66328,0.192958,-1.56164
0.476381,-0.247318,0.0298482;-1.58459,0.0316746,-1.59202
0.476011,-0.251682,0.0307945;-1.60149,0.012281,-1.59467
0.472628,-0.256405,0.0292243;-1.58709,0.0854727,-1.58398
0.469566,-0.258791,0.0294548;-1.59354,0.149399,-1.58058
0.465416,-0.258628,0.032162;-1.63998,0.266723,-1.56544
0.467549,-0.253668,0.0336214;-1.63654,0.219866,-1.57038
0.47005,-0.25368,0.0304459;-1.59048,0.145325,-1.59168
0.473642,-0.253167,0.0292268;-1.5939,0.00767897,-1.57907
0.471705,-0.255946,0.0292163;-1.58825,0.0651335,-1.58288
0.469724,-0.258285,0.0292082;-1.58928,0.136901,-1.58015
0.463608,-0.257537,0.030744;-1.60979,0.292504,-1.57114
0.465208,-0.255019,0.0324566;-1.64911,0.2517,-1.55729
0.467357,-0.254968,0.0289245;-1.57793,0.197823,-1.57881
0.471337,-0.251465,0.0292283;-1.5958,0.0033412,-1.57723
0.469983,-0.254033,0.0290842;-1.58198,0.0596526,-1.58296
0.468319,-0.256482,0.0288909;-1.57468,0.145516,-1.58106
0.464194,-0.256721,0.0305145;-1.58106,0.293776,-1.56196
0.464878,-0.255811,0.0311647;-1.60819,0.268952,-1.55218
0.466547,-0.254647,0.0290723;-1.57746,0.218298,-1.56943
0.470899,-0.250621,0.0290022;-1.58655,-0.011525,-1.57564
0.4697,-0.252317,0.0290119;-1.58428,0.0380843,-1.57761
0.468383,-0.254656,0.0287931;-1.57147,0.10523,-1.58085
0.465832,-0.257178,0.0310997;-1.5534,0.26985,-1.55493
0.465133,-0.256654,0.0320495;-1.54663,0.281895,-1.54715
0.465578,-0.25623,0.0327827;-1.52546,0.253053,-1.55068
0.467766,-0.251144,0.0287979;-1.57668,-0.011077,-1.57592
0.468354,-0.251051,0.0286976;-1.57407,-0.0429352,-1.57332
0.467271,-0.252274,0.02858;-1.5707,0.0276745,-1.57078
0.46792,-0.25136,0.0303726;-1.55335,0.178056,-1.55393
0.467581,-0.252971,0.0322899;-1.53952,0.229521,-1.54176
0.467284,-0.253003,0.0339867;-1.51195,0.20546,-1.53693
0.466391,-0.253421,0.0285784;-1.57023,0.00757272,-1.57096
0.466803,-0.25273,0.0285787;-1.5708,-0.101917,-1.5708
0.466706,-0.252866,0.0286001;-1.5713,-0.0899146,-1.57002
0.470211,-0.244887,0.0303226;-1.55324,0.0834072,-1.55073
0.470669,-0.245822,0.0320716;-1.55578,0.129112,-1.53313
0.470146,-0.245839,0.0332473;-1.55446,0.137526,-1.52009
0.472252,-0.244698,0.0287612;-1.56972,-0.00402499,-1.56257
0.470567,-0.246129,0.0285877;-1.57028,-0.119222,-1.5705
0.470211,-0.246554,0.0285829;-1.57087,-0.154383,-1.57068
0.472416,-0.242524,0.0290079;-1.56047,0.0212195,-1.56059
0.472948,-0.241653,0.0306698;-1.5715,0.0634074,-1.54154
0.470728,-0.244333,0.0321578;-1.58093,0.113833,-1.52659
0.475729,-0.240746,0.0287262;-1.57076,-0.005252,-1.56347
0.474305,-0.242754,0.0287089;-1.56494,-0.126532,-1.57079
0.474312,-0.24393,0.0288295;-1.56183,-0.137903,-1.57265
0.474871,-0.245152,0.0285795;-1.57072,0.0165165,-1.57053
0.474399,-0.24432,0.0289011;-1.57029,0.0779141,-1.56575
0.4724,-0.246847,0.0319879;-1.58211,0.163341,-1.52977
0.476119,-0.242345,0.0292816;-1.57567,0.0547609,-1.55405
0.474,-0.244635,0.0285911;-1.56934,-0.0758337,-1.57116
0.472842,-0.244092,0.028753;-1.56303,-0.143164,-1.57076
0.474575,-0.243428,0.0288112;-1.56802,-0.00706637,-1.56226
0.474752,-0.241839,0.029463;-1.5703,0.0432744,-1.55546
0.470862,-0.246298,0.0313426;-1.58098,0.139379,-1.53648
0.473342,-0.244984,0.0326017;-1.54344,0.0889701,-1.53172
0.473767,-0.245783,0.0286977;-1.56881,-0.0033339,-1.5663
0.471653,-0.246165,0.0285761;-1.57121,-0.104539,-1.57051
0.472244,-0.24573,0.0287255;-1.56852,-0.0467268,-1.56595
0.473302,-0.241719,0.029548;-1.56812,0.0265278,-1.55305
0.471022,-0.24385,0.0311995;-1.57583,0.0950045,-1.53267
0.468243,-0.24817,0.0326394;-1.57303,0.149242,-1.52022
0.471627,-0.246003,0.0289427;-1.57498,0.0792945,-1.55704
0.469261,-0.248654,0.02865;-1.56651,-0.0566656,-1.57116
0.468125,-0.24861,0.0285838;-1.57041,-0.0902229,-1.5706
0.469662,-0.246324,0.0289115;-1.56455,-0.00470476,-1.56065
0.469739,-0.242872,0.030225;-1.57422,0.0734773,-1.544
0.462903,-0.250332,0.0331387;-1.5913,0.184717,-1.51136
0.466864,-0.247887,0.0326184;-1.54455,0.116992,-1.53206
0.467486,-0.249288,0.028704;-1.56999,0.0123605,-1.56518
0.46435,-0.249601,0.0285809;-1.57068,-0.135533,-1.57084
0.465499,-0.248364,0.0287006;-1.56773,-0.0322504,-1.56796
0.467097,-0.244116,0.0293943;-1.56952,0.0661396,-1.55429
0.457761,-0.253773,0.0330141;-1.59201,0.251039,-1.51579
0.46141,-0.251941,0.0332203;-1.5588,0.191933,-1.52408
0.464072,-0.250676,0.0287225;-1.57025,0.106961,-1.56403
0.460403,-0.252522,0.0286319;-1.56827,-0.119425,-1.57042
0.460849,-0.251765,0.0285822;-1.57062,-0.0209126,-1.57082
0.461718,-0.249632,0.0289348;-1.56247,0.110586,-1.56257
0.458531,-0.252413,0.0322348;-1.58458,0.233006,-1.51964
0.460018,-0.254336,0.032133;-1.57244,0.231117,-1.52007
0.460702,-0.256354,0.028871;-1.57005,0.202007,-1.56112
0.457227,-0.253678,0.0286925;-1.5707,-0.0764144,-1.57611
0.456789,-0.254402,0.0287628;-1.57039,-0.0448036,-1.57924
0.458369,-0.255684,0.0288955;-1.56494,0.0778064,-1.56112
0.458369,-0.255684,0.0288955;-1.56494,0.0778064,-1.56112
0.458496,-0.25231,0.030724;-1.58381,0.171842,-1.53844
0.458496,-0.25231,0.030724;-1.58381,0.171842,-1.53844
