0.5,-0.3,0.06;-1.57,-2.98023e-08,-1.57
0.5,-0.3,0.06;-1.57,-2.98023e-08,-1.57
0.5,-0.3,0.06;-1.57,-2.98023e-08,-1.57
0.499837,-0.297846,0.0286475;-1.5698,-0.270382,-1.57554
0.500627,-0.29822,0.0287153;-1.56617,-0.198053,-1.57259
0.501049,-0.29053,0.0313974;-1.52272,-0.0742628,-1.55739
0.498946,-0.279162,0.0332825;-1.53363,0.0136179,-1.53801
0.500402,-0.279896,0.0286388;-1.57223,-0.183876,-1.57475
0.501256,-0.277526,0.0286335;-1.57027,-0.297985,-1.57358
0.501689,-0.276943,0.0286702;-1.57366,-0.323108,-1.57326
0.50121,-0.27916,0.0287908;-1.56169,-0.162314,-1.57044
0.502282,-0.271616,0.0316189;-1.51966,-0.0377637,-1.5587
0.4995,-0.261438,0.0366322;-1.49673,0.116555,-1.53033
0.50092,-0.257467,0.0304;-1.55636,0.0091256,-1.55183
0.501369,-0.259568,0.0287268;-1.57053,-0.0921269,-1.57809
0.502196,-0.257472,0.0290342;-1.57561,-0.188136,-1.58483
0.501839,-0.260281,0.0289689;-1.57298,-0.141365,-1.58728
0.501459,-0.261838,0.0305162;-1.5554,-0.01982,-1.58465
0.50212,-0.258741,0.0376051;-1.49404,0.120411,-1.56822
0.502415,-0.248433,0.0424898;-1.55876,0.150784,-1.56857
0.505433,-0.243037,0.0363329;-1.71343,0.0414927,-1.59481
0.508175,-0.242298,0.0326667;-1.60977,-0.0458994,-1.61235
0.508932,-0.247239,0.032192;-1.58675,-0.0908205,-1.62118
0.507679,-0.251656,0.0319162;-1.60082,-0.0365565,-1.61136
0.505975,-0.252276,0.0338199;-1.60098,0.0776286,-1.60596
0.505548,-0.24546,0.036757;-1.65183,0.14711,-1.58696
0.508296,-0.241963,0.0369305;-1.61549,0.0741837,-1.59607
0.511437,-0.243869,0.032305;-1.593,-0.0904071,-1.6183
0.511455,-0.247494,0.031771;-1.58357,-0.0967891,-1.61636
0.509967,-0.251868,0.0293683;-1.5846,-0.0429831,-1.58751
0.505403,-0.258288,0.0310695;-1.54017,0.166747,-1.57675
0.50416,-0.258585,0.0334252;-1.49597,0.24284,-1.56751
0.504833,-0.256571,0.0353926;-1.45635,0.182759,-1.57056
0.505147,-0.250635,0.0286912;-1.57062,-0.0638299,-1.57604
0.505865,-0.250573,0.0287177;-1.57096,-0.127661,-1.57785
0.50569,-0.25215,0.0287987;-1.57413,-0.0890913,-1.5783
0.505071,-0.254307,0.0289986;-1.5618,0.0672264,-1.57083
0.504106,-0.252044,0.0322631;-1.52982,0.180469,-1.557
0.504293,-0.250686,0.0332925;-1.52211,0.180649,-1.55216
0.506091,-0.246857,0.0287075;-1.57053,0.00803491,-1.57664
0.505637,-0.246835,0.0287596;-1.57081,-0.0799878,-1.57958
0.505525,-0.247724,0.0288411;-1.56892,-0.100046,-1.58129
0.505025,-0.250723,0.0287002;-1.56841,0.0200377,-1.57427
0.504449,-0.250631,0.0301837;-1.54648,0.112672,-1.56513
0.503487,-0.251887,0.0344639;-1.49566,0.214781,-1.55722
0.505418,-0.245614,0.0289516;-1.57205,0.0108256,-1.58716
0.505839,-0.243836,0.02997;-1.57254,-0.0635901,-1.5969
0.50803,-0.24668,0.0305717;-1.58033,-0.136785,-1.60316
0.504217,-0.25669,0.0295952;-1.56857,0.019408,-1.59471
0.502602,-0.254644,0.0328493;-1.59494,0.142614,-1.59021
0.500088,-0.254408,0.038754;-1.60926,0.258682,-1.57729
0.505612,-0.247748,0.0348662;-1.66172,0.0648616,-1.5947
0.508801,-0.245547,0.0316915;-1.57892,-0.0401408,-1.61851
0.51097,-0.245925,0.0329618;-1.60405,-0.105673,-1.62268
0.506589,-0.253938,0.0335948;-1.6483,0.0390076,-1.59486
0.502934,-0.256684,0.0351911;-1.66763,0.160978,-1.58513
0.499877,-0.251267,0.0369512;-1.6876,0.289497,-1.56897
0.505099,-0.246705,0.0336529;-1.65755,0.121954,-1.57782
0.506591,-0.246983,0.0290764;-1.56852,0.0191949,-1.58765
0.509695,-0.248337,0.0299188;-1.58768,-0.102518,-1.59
0.50748,-0.253489,0.0289468;-1.57174,-0.000929922,-1.5871
0.506266,-0.2546,0.0292399;-1.56234,0.109875,-1.57033
0.504012,-0.253222,0.0312766;-1.53877,0.224788,-1.56035
0.505193,-0.249391,0.0308587;-1.55641,0.191745,-1.55322
0.506697,-0.250786,0.0285931;-1.57096,0.0877004,-1.57168
0.505919,-0.249395,0.0286494;-1.57066,-0.0312709,-1.57391
0.505751,-0.249816,0.0286995;-1.57044,-0.0677551,-1.57644
0.505959,-0.251107,0.0286972;-1.56753,0.00607888,-1.57388
0.505427,-0.249027,0.0295854;-1.55643,0.101462,-1.56618
0.503054,-0.249257,0.0343157;-1.52876,0.241013,-1.54572
0.505498,-0.250958,0.0365518;-1.43767,0.156159,-1.57146
0.504706,-0.250721,0.0286712;-1.57473,0.0471562,-1.57146
0.504617,-0.250623,0.0287159;-1.57084,-0.137811,-1.57733
0.50378,-0.253114,0.0287999;-1.57077,-0.0564607,-1.58117
0.503574,-0.25519,0.0288532;-1.56051,0.0602646,-1.57404
0.500386,-0.254726,0.0355184;-1.48717,0.308462,-1.56445
0.503318,-0.252216,0.0400042;-1.4059,0.227523,-1.59536
0.504808,-0.248283,0.0296362;-1.58069,0.0999666,-1.59463
0.510474,-0.247603,0.0321979;-1.59407,-0.130409,-1.61761
0.50904,-0.25369,0.0315881;-1.57673,-0.0824927,-1.61808
0.507339,-0.258091,0.0318584;-1.60268,0.00352401,-1.60183
0.503804,-0.248586,0.0401311;-1.68137,0.258018,-1.5732
0.50683,-0.245421,0.0422431;-1.67101,0.201484,-1.58808
0.509996,-0.240743,0.0369507;-1.7094,0.0827008,-1.58491
0.514803,-0.245082,0.033235;-1.60505,-0.0925679,-1.6256
0.513313,-0.250652,0.0319667;-1.58862,-0.0500819,-1.61655
0.510691,-0.255304,0.0325981;-1.62755,0.0365072,-1.59666
0.504307,-0.254618,0.0357745;-1.62071,0.287718,-1.57248
0.50589,-0.248582,0.0386034;-1.60545,0.24421,-1.57552
0.509214,-0.243226,0.0309891;-1.61341,0.135723,-1.576
0.511864,-0.244454,0.0290058;-1.57766,-0.081616,-1.58341
0.511786,-0.24724,0.0288778;-1.56779,-0.0454715,-1.58225
0.511524,-0.248833,0.0286591;-1.57074,0.0099235,-1.57452
0.509002,-0.251625,0.0328967;-1.5279,0.194713,-1.5516
0.510539,-0.246292,0.0349144;-1.4819,0.166287,-1.56047
0.511144,-0.246292,0.0343328;-1.48802,0.159065,-1.5607
0.51131,-0.244749,0.0287409;-1.57075,-0.0440836,-1.57862
0.511309,-0.247789,0.0287921;-1.57057,-0.0751725,-1.58079
0.510985,-0.24945,0.0286762;-1.5708,-0.0273357,-1.57544
0.510051,-0.250081,0.0290102;-1.55876,0.0415234,-1.56916
0.507266,-0.250006,0.0347575;-1.50287,0.217685,-1.55214
0.509628,-0.249144,0.0368298;-1.433,0.152252,-1.57348
0.509881,-0.246513,0.0286184;-1.57049,0.0601327,-1.57252
0.509874,-0.245853,0.0288744;-1.57201,-0.109615,-1.5842
0.508489,-0.250157,0.0290114;-1.57752,-0.0512154,-1.58517
0.506323,-0.252827,0.0289694;-1.57557,0.0595116,-1.58443
0.501005,-0.257816,0.0355266;-1.55282,0.288622,-1.57183
0.504263,-0.254695,0.0399758;-1.51495,0.222308,-1.59203
0.506823,-0.251695,0.0316241;-1.611,0.0914226,-1.59843
0.514518,-0.244529,0.0319137;-1.60194,-0.0945433,-1.61172
0.51296,-0.249203,0.0318117;-1.60184,-0.0389754,-1.61072
0.509884,-0.252709,0.0336091;-1.64575,0.0491751,-1.595
0.503751,-0.251889,0.0385018;-1.69973,0.286762,-1.57234
0.506009,-0.246692,0.0409021;-1.72646,0.223671,-1.57491
0.509269,-0.244518,0.0358308;-1.68153,0.118427,-1.58684
0.514466,-0.243915,0.0319083;-1.60118,-0.0785562,-1.61019
0.513359,-0.248931,0.031312;-1.58501,-0.0519256,-1.60829
0.510468,-0.254249,0.0303155;-1.59577,0.0258681,-1.58988
0.5043,-0.253651,0.0331091;-1.59493,0.28287,-1.56769
0.504705,-0.252675,0.0345925;-1.59086,0.278331,-1.56658
0.507545,-0.252762,0.0321016;-1.50431,0.181919,-1.58374
0.507964,-0.253301,0.0286518;-1.57276,-0.0955178,-1.57353
0.508161,-0.25334,0.0286252;-1.57078,-0.124517,-1.573
0.507735,-0.254934,0.0286889;-1.57074,-0.0590863,-1.57591
0.506449,-0.250822,0.0301819;-1.55434,0.13938,-1.56019
0.503857,-0.249861,0.0342208;-1.52205,0.247458,-1.54777
0.50637,-0.247889,0.034657;-1.48759,0.192504,-1.56153
0.507328,-0.255067,0.0298563;-1.53523,0.00938322,-1.56685
0.505818,-0.256951,0.028606;-1.57081,-0.123129,-1.57214
0.505581,-0.25714,0.0288149;-1.5798,-0.111568,-1.57415
0.50451,-0.257372,0.0290881;-1.56079,0.083813,-1.5701
0.503618,-0.251654,0.0326252;-1.53125,0.195273,-1.55459
0.503368,-0.2487,0.0339112;-1.51694,0.22785,-1.55227
0.505039,-0.246584,0.0288546;-1.57913,0.0110366,-1.57847
0.506036,-0.246412,0.0294122;-1.57746,-0.0913873,-1.58917
0.507107,-0.24974,0.0296885;-1.57685,-0.139553,-1.59348
0.504325,-0.258329,0.029568;-1.57535,0.027397,-1.58992
0.503916,-0.254668,0.0328121;-1.56796,0.161409,-1.58408
0.500482,-0.251969,0.0392037;-1.60111,0.271091,-1.57023
0.50648,-0.245228,0.0340103;-1.64241,0.0809296,-1.60046
0.510012,-0.245389,0.0320006;-1.57914,-0.0408134,-1.62203
0.512323,-0.248054,0.033305;-1.60062,-0.129047,-1.62935
0.507952,-0.256844,0.0340787;-1.65954,0.0129301,-1.59566
0.505415,-0.257164,0.0354425;-1.66286,0.15209,-1.59134
0.503053,-0.249772,0.0384007;-1.71944,0.274395,-1.56856
0.508472,-0.242563,0.0344645;-1.65807,0.108557,-1.5904
0.511702,-0.240513,0.0304599;-1.57523,0.00561541,-1.60344
0.513854,-0.242757,0.0313891;-1.59248,-0.0753118,-1.60769
0.510139,-0.254288,0.0291697;-1.58121,0.0124616,-1.58876
0.507873,-0.258651,0.0298761;-1.56381,0.133009,-1.58158
0.505068,-0.257842,0.0321773;-1.51791,0.253481,-1.56788
0.50726,-0.253786,0.0373201;-1.40771,0.202467,-1.58409
0.507514,-0.254985,0.0330189;-1.47388,0.0961612,-1.57479
0.507875,-0.254567,0.029121;-1.56825,-0.014594,-1.56101
0.507923,-0.254915,0.0292174;-1.55085,-0.014355,-1.55894
0.50983,-0.25064,0.0322796;-1.51541,0.0728778,-1.55486
0.509861,-0.250551,0.0368943;-1.45514,0.160759,-1.55093
0.512005,-0.249768,0.0414863;-1.36408,0.204594,-1.57275
0.512127,-0.244889,0.0316375;-1.50262,0.138828,-1.57722
0.511041,-0.243356,0.028657;-1.56715,0.0267672,-1.5707
0.510888,-0.2489,0.0290742;-1.55156,-0.0499153,-1.565
0.51066,-0.250364,0.0307439;-1.51743,-0.0325465,-1.56284
0.511764,-0.254877,0.0357499;-1.43165,0.0396879,-1.56421
0.519183,-0.249922,0.0453258;-1.29501,0.201677,-1.57113
0.519281,-0.24631,0.0387625;-1.38505,0.137274,-1.58235
0.519132,-0.235029,0.0287674;-1.58164,0.00674685,-1.57643
0.522155,-0.243125,0.0304145;-1.59249,-0.08313,-1.58358
0.522195,-0.246911,0.0291935;-1.57315,-0.0594265,-1.57856
0.521538,-0.254489,0.0349435;-1.46587,0.0616026,-1.58959
0.521103,-0.263356,0.0451745;-1.2917,0.302077,-1.61166
0.523948,-0.261053,0.0430378;-1.35669,0.229869,-1.62354
0.523541,-0.253621,0.0327673;-1.53255,0.0966845,-1.61126
0.523808,-0.244343,0.0326181;-1.60712,-0.095229,-1.60568
0.522638,-0.247494,0.0307399;-1.5895,-0.0712414,-1.59468
0.520319,-0.254839,0.0328345;-1.58884,-0.0145683,-1.57901
0.522731,-0.260536,0.0437524;-1.34051,0.369783,-1.60311
0.522689,-0.258244,0.0437002;-1.40595,0.276699,-1.59927
0.522141,-0.252269,0.0312152;-1.55058,0.146064,-1.58661
0.525203,-0.248063,0.0292217;-1.59385,-0.115297,-1.57406
0.525099,-0.249199,0.0287877;-1.56297,-0.0951698,-1.56771
0.525318,-0.255278,0.03241;-1.48876,-0.0360296,-1.56012
0.525318,-0.255278,0.03241;-1.48876,-0.0360296,-1.56012
0.530173,-0.252189,0.0390889;-1.38191,0.172431,-1.5752
0.530173,-0.252189,0.0390889;-1.38191,0.172431,-1.5752
