0.5,-0.3,0.06;-1.57,-2.98023e-08,-1.57
0.5,-0.3,0.06;-1.57,-2.98023e-08,-1.57
0.5,-0.3,0.06;-1.57,-2.98023e-08,-1.57
0.500936,-0.297203,0.0287705;-1.57248,-0.271177,-1.57885
0.501531,-0.297865,0.0286593;-1.56846,-0.190313,-1.57194
0.502545,-0.29133,0.0311625;-1.52552,-0.0565316,-1.55819
0.500732,-0.28325,0.0344355;-1.50515,0.0137453,-1.53935
0.501545,-0.28438,0.0286382;-1.57237,-0.205633,-1.57554
0.502697,-0.28219,0.0286107;-1.57216,-0.322354,-1.57141
0.503682,-0.280725,0.0286162;-1.57101,-0.368225,-1.57281
0.503003,-0.282184,0.0286254;-1.56841,-0.203978,-1.56963
0.50412,-0.274321,0.0309241;-1.53484,-0.0717175,-1.5546
0.500307,-0.264642,0.0353781;-1.52549,0.0749229,-1.52436
0.505338,-0.266439,0.0329612;-1.50276,-0.0113646,-1.55717
0.505252,-0.268438,0.0285981;-1.57098,-0.139832,-1.57185
0.505118,-0.266184,0.0286777;-1.57139,-0.267892,-1.57563
0.506011,-0.266134,0.0286881;-1.56554,-0.175753,-1.56976
0.506284,-0.260432,0.0299919;-1.56854,-0.0396856,-1.54716
0.503587,-0.252193,0.0320577;-1.58384,0.0911728,-1.51884
0.504999,-0.256694,0.0365099;-1.49199,0.132058,-1.54092
0.506435,-0.264839,0.0346013;-1.45453,-0.00851689,-1.56737
0.504741,-0.262191,0.0287668;-1.57061,-0.129659,-1.57957
0.504893,-0.26005,0.0288675;-1.57201,-0.234105,-1.58405
0.504768,-0.261664,0.0286341;-1.56865,-0.131578,-1.56685
0.504747,-0.255683,0.0301772;-1.55505,0.0185679,-1.54885
0.503725,-0.250332,0.0322417;-1.6083,0.102063,-1.55259
0.508741,-0.253442,0.031548;-1.57456,0.0517841,-1.60419
0.509238,-0.254992,0.0322066;-1.58058,-0.165838,-1.6188
0.510297,-0.254799,0.0321073;-1.57358,-0.190424,-1.62322
0.510846,-0.254947,0.0316885;-1.56888,-0.171496,-1.62013
0.509548,-0.246501,0.032885;-1.64765,0.072309,-1.56043
0.507666,-0.241787,0.037845;-1.72465,0.157655,-1.55464
0.511472,-0.242042,0.0400745;-1.74359,0.146985,-1.58793
0.513199,-0.254296,0.0330759;-1.57398,-0.0400133,-1.63547
0.514072,-0.255285,0.033394;-1.59637,-0.153832,-1.6323
0.514569,-0.254955,0.0330126;-1.59751,-0.151793,-1.62939
0.513427,-0.249174,0.0332334;-1.6485,-0.00337703,-1.58345
0.511588,-0.238366,0.0374601;-1.73618,0.115778,-1.56446
0.512396,-0.239438,0.0413194;-1.75809,0.130735,-1.57806
0.516536,-0.248219,0.0372595;-1.6457,0.0219498,-1.64158
0.513238,-0.255175,0.0345;-1.59518,-0.0878125,-1.64132
0.514368,-0.255333,0.0340351;-1.59685,-0.158069,-1.63746
0.513848,-0.250408,0.0320342;-1.55507,-0.0773515,-1.61695
0.513736,-0.240805,0.0337157;-1.67376,0.038226,-1.56912
0.511238,-0.23942,0.0371625;-1.71696,0.127499,-1.55803
0.518346,-0.244573,0.0353909;-1.61936,0.0424291,-1.63469
0.514956,-0.255719,0.0330005;-1.56765,-0.0789043,-1.63162
0.51344,-0.257403,0.0322066;-1.58898,-0.164124,-1.61858
0.514467,-0.255825,0.0288863;-1.57384,-0.113927,-1.5825
0.514184,-0.250502,0.029642;-1.58927,0.030043,-1.55889
0.511143,-0.244321,0.032146;-1.61636,0.136613,-1.54209
0.519052,-0.250055,0.0305903;-1.56214,0.05787,-1.60967
0.51737,-0.251142,0.0305677;-1.56477,-0.0542039,-1.60382
0.514265,-0.255945,0.0293061;-1.5744,-0.117594,-1.58815
0.515022,-0.255851,0.0287068;-1.56677,-0.0460542,-1.5687
0.515722,-0.249809,0.0298108;-1.57354,0.0793307,-1.54787
0.512654,-0.245197,0.0316961;-1.58118,0.195142,-1.52147
0.519008,-0.253864,0.0332377;-1.47995,0.0900646,-1.58201
0.51702,-0.249334,0.0289239;-1.57039,-0.0379785,-1.58843
0.51627,-0.252076,0.0290623;-1.57822,-0.062266,-1.58716
0.516386,-0.251483,0.0285798;-1.57081,-0.0905572,-1.57077
0.516559,-0.24685,0.0289836;-1.57273,0.0194785,-1.55848
0.513592,-0.241048,0.0309045;-1.58017,0.136596,-1.52845
0.515028,-0.244168,0.0325753;-1.52672,0.116292,-1.55267
0.517947,-0.249051,0.0321114;-1.50226,0.0337363,-1.58376
0.517001,-0.246334,0.0299228;-1.56936,-0.0351198,-1.59858
0.516122,-0.247355,0.0300854;-1.55362,-0.0943964,-1.59171
0.516796,-0.247934,0.0315344;-1.50608,-0.060477,-1.57337
0.517659,-0.239262,0.0310931;-1.56342,0.0417295,-1.53547
0.514468,-0.243395,0.0332723;-1.56722,0.167777,-1.51815
0.519194,-0.247979,0.0326922;-1.49889,0.135155,-1.56965
0.522069,-0.250601,0.0309238;-1.54268,0.0562498,-1.60024
0.519239,-0.255217,0.0294075;-1.5735,-0.0865091,-1.58995
0.519132,-0.255735,0.0287627;-1.57146,-0.0729116,-1.58312
0.519408,-0.253452,0.0288503;-1.56306,0.00570968,-1.56479
0.515732,-0.243638,0.0331162;-1.62077,0.184264,-1.52717
0.519701,-0.243663,0.0363753;-1.61783,0.169166,-1.56607
0.524889,-0.245715,0.0319543;-1.5759,0.112519,-1.62296
0.520103,-0.267464,0.0330774;-1.5866,-0.0672817,-1.62767
0.520585,-0.26872,0.0315644;-1.57217,-0.0622338,-1.6192
0.521092,-0.268182,0.0290763;-1.57292,0.00754456,-1.58379
0.521885,-0.242249,0.0369832;-1.73114,0.171506,-1.53439
0.525009,-0.242238,0.0370889;-1.73952,0.153743,-1.55463
0.527963,-0.243786,0.0368015;-1.69254,0.11092,-1.59614
0.522356,-0.277064,0.0370659;-1.57278,-0.00616361,-1.66878
0.520616,-0.283041,0.0343283;-1.56812,0.0203535,-1.65533
0.520089,-0.282782,0.0319857;-1.56319,0.0941423,-1.62505
0.520431,-0.252048,0.0387329;-1.77795,0.318997,-1.507
0.524239,-0.250663,0.0381385;-1.77081,0.269652,-1.52326
0.528713,-0.249413,0.0364627;-1.72617,0.189968,-1.56063
0.521186,-0.277922,0.0371827;-1.58549,0.131961,-1.67324
0.513409,-0.297318,0.0346508;-1.56582,0.145552,-1.6595
0.514329,-0.30044,0.0328828;-1.5491,0.20167,-1.62894
0.521252,-0.268124,0.0367382;-1.71126,0.420083,-1.49288
0.524302,-0.263936,0.0371208;-1.75862,0.372304,-1.50365
0.525925,-0.267215,0.0345657;-1.69566,0.324397,-1.53698
0.526378,-0.278198,0.034384;-1.57558,0.265129,-1.64718
0.512546,-0.30746,0.0336741;-1.57481,0.169593,-1.64003
0.511001,-0.309793,0.0310377;-1.56643,0.223533,-1.61359
0.513822,-0.304834,0.0292238;-1.55943,0.306904,-1.5743
0.51903,-0.279012,0.035276;-1.66443,0.490566,-1.48326
0.523624,-0.279527,0.0320404;-1.63005,0.426923,-1.5392
0.524213,-0.282479,0.0294413;-1.56541,0.375577,-1.5963
0.521424,-0.299733,0.0326969;-1.55356,0.214856,-1.62845
0.518754,-0.303882,0.0303305;-1.56697,0.248487,-1.60368
0.519019,-0.306943,0.029294;-1.54256,0.342819,-1.58225
0.523861,-0.282108,0.0341622;-1.59285,0.585708,-1.4855
0.526968,-0.280433,0.0311221;-1.59604,0.542817,-1.5255
0.529092,-0.282758,0.0288464;-1.56598,0.404553,-1.58296
0.528951,-0.287716,0.0330714;-1.53984,0.256872,-1.62872
0.527838,-0.292002,0.0310785;-1.56596,0.279169,-1.61306
0.526929,-0.295336,0.0291746;-1.5495,0.335204,-1.58231
0.528491,-0.2724,0.0337349;-1.59197,0.592685,-1.49182
0.531302,-0.273491,0.0314235;-1.59294,0.554188,-1.52102
0.532435,-0.281496,0.0289046;-1.55943,0.426259,-1.58201
0.533746,-0.282023,0.0328636;-1.53447,0.301912,-1.62712
0.532395,-0.286944,0.0315279;-1.56715,0.28546,-1.61875
0.529908,-0.292386,0.0295625;-1.55146,0.309801,-1.58998
0.531462,-0.274305,0.0329144;-1.59032,0.526401,-1.4999
0.532543,-0.272765,0.0324696;-1.57362,0.507833,-1.50843
0.534738,-0.277563,0.0296149;-1.57266,0.409821,-1.55078
0.53931,-0.279206,0.0314369;-1.56008,0.248709,-1.61402
0.538246,-0.292115,0.0332329;-1.55848,0.200987,-1.63697
0.535374,-0.300577,0.0326129;-1.55825,0.219391,-1.63176
0.534401,-0.304657,0.0356935;-1.44538,0.461638,-1.60449
0.539186,-0.290038,0.0345328;-1.59463,0.546974,-1.50757
0.544679,-0.283551,0.0363003;-1.73748,0.506369,-1.48392
0.553001,-0.285982,0.0315294;-1.57264,0.27955,-1.61887
0.555039,-0.291148,0.0346184;-1.5841,0.205223,-1.64195
0.550148,-0.305454,0.035692;-1.57789,0.250645,-1.66278
0.546558,-0.31597,0.034191;-1.49951,0.445069,-1.63157
0.552176,-0.305067,0.0375035;-1.59387,0.579245,-1.54509
0.557125,-0.292631,0.0394558;-1.83144,0.582128,-1.42913
0.570095,-0.290203,0.0349257;-1.65633,0.371036,-1.58069
0.570539,-0.294216,0.0355197;-1.59217,0.296583,-1.64692
0.567578,-0.302448,0.0371729;-1.58938,0.304081,-1.67118
0.558209,-0.315273,0.0345206;-1.53418,0.465201,-1.65638
0.563635,-0.306115,0.0362678;-1.69799,0.638962,-1.51572
0.566089,-0.296429,0.0398452;-1.86397,0.678906,-1.38877
0.576094,-0.294724,0.0358409;-1.7025,0.505445,-1.53606
0.579971,-0.294805,0.0334614;-1.57337,0.390331,-1.63932
0.583459,-0.297024,0.0359966;-1.58541,0.277045,-1.65037
0.572392,-0.30705,0.0353724;-1.52874,0.429776,-1.66269
0.569796,-0.305094,0.0371445;-1.52378,0.581944,-1.61902
0.573991,-0.293041,0.0375864;-1.80928,0.706488,-1.41994
0.583017,-0.291284,0.0316331;-1.65188,0.552382,-1.54099
0.587647,-0.289116,0.0307387;-1.57236,0.44049,-1.60716
0.592049,-0.292636,0.0336876;-1.56295,0.260373,-1.63211
0.584434,-0.303515,0.0338478;-1.52974,0.379611,-1.64179
0.578104,-0.309472,0.0391816;-1.36425,0.496974,-1.68001
0.578853,-0.308599,0.0403294;-1.3644,0.663299,-1.64325
0.587336,-0.30146,0.0290444;-1.58141,0.562397,-1.55593
0.587536,-0.301482,0.0288632;-1.5699,0.420481,-1.58625
0.591886,-0.29796,0.0297122;-1.56499,0.298406,-1.5921
0.592215,-0.299671,0.0312751;-1.55688,0.284567,-1.61545
0.590691,-0.306056,0.0346681;-1.45414,0.353851,-1.62695
0.588749,-0.306284,0.0402398;-1.34486,0.483867,-1.65197
0.598298,-0.286075,0.0315141;-1.59471,0.531122,-1.52114
0.597036,-0.292984,0.0286792;-1.57169,0.401845,-1.56492
0.5962,-0.292088,0.0288107;-1.57101,0.28233,-1.58224
0.597527,-0.292827,0.0298708;-1.56909,0.210163,-1.59681
0.594588,-0.297581,0.0329947;-1.50269,0.278333,-1.61765
0.587027,-0.30279,0.0395623;-1.34506,0.404154,-1.66119
0.592442,-0.288539,0.0370506;-1.48509,0.543558,-1.55401
0.598207,-0.284359,0.0297096;-1.58217,0.453149,-1.54601
0.596141,-0.287711,0.0285961;-1.56991,0.318407,-1.57253
0.597462,-0.285301,0.0291688;-1.56747,0.157705,-1.5866
0.596524,-0.290806,0.0300899;-1.55778,0.203562,-1.60023
0.597327,-0.298115,0.0350701;-1.45851,0.292612,-1.6277
0.600216,-0.29488,0.0429127;-1.36072,0.505467,-1.60311
0.605609,-0.287325,0.0330346;-1.52598,0.468278,-1.55233
0.606321,-0.288714,0.0286357;-1.57077,0.337286,-1.56807
0.610901,-0.280658,0.0304752;-1.57148,0.0834414,-1.60285
0.611972,-0.281042,0.0315846;-1.57332,0.0843733,-1.61861
0.612835,-0.285589,0.0336101;-1.53295,0.167127,-1.6308
0.610762,-0.273436,0.040689;-1.5236,0.43452,-1.55599
0.615314,-0.261691,0.0357064;-1.73638,0.404133,-1.50762
0.617909,-0.264081,0.0315402;-1.6336,0.336541,-1.56045
0.622535,-0.265583,0.0336911;-1.57194,0.0852773,-1.6294
0.623935,-0.266801,0.0330811;-1.57977,0.0658353,-1.63604
0.62513,-0.26598,0.0333928;-1.55869,0.097011,-1.6396
0.62513,-0.26598,0.0333928;-1.55869,0.097011,-1.6396
0.628976,-0.255874,0.0388028;-1.55553,0.202841,-1.61491
0.628976,-0.255874,0.0388028;-1.55553,0.202841,-1.61491
