0.5,-0.3,0.06;-1.57,-2.98023e-08,-1.57
0.5,-0.3,0.06;-1.57,-2.98023e-08,-1.57
0.5,-0.3,0.06;-1.57,-2.98023e-08,-1.57
0.501008,-0.295896,0.0290751;-1.58154,-0.238023,-1.58654
0.500517,-0.297235,0.0290077;-1.57426,-0.187694,-1.58881
0.500541,-0.29614,0.0313512;-1.53316,-0.0472627,-1.57321
0.499895,-0.29385,0.0359196;-1.46583,0.0238853,-1.55754
0.500829,-0.291753,0.0290087;-1.57333,-0.203482,-1.58893
0.503896,-0.282295,0.029327;-1.59325,-0.318923,-1.58593
0.506274,-0.278437,0.0292685;-1.59905,-0.377617,-1.5885
0.502191,-0.286465,0.0288941;-1.57137,-0.166097,-1.58506
0.502399,-0.285258,0.0309193;-1.53437,-0.00507977,-1.56978
0.501526,-0.279718,0.0374883;-1.48485,0.146641,-1.55131
0.504629,-0.272782,0.0309239;-1.61441,0.0410936,-1.56665
0.506834,-0.271238,0.0289295;-1.57049,-0.0578969,-1.58788
0.508748,-0.266754,0.0290926;-1.5872,-0.178879,-1.58535
0.508089,-0.268466,0.028938;-1.57273,-0.126155,-1.58634
0.506934,-0.270126,0.0291527;-1.56718,-0.0191841,-1.57279
0.506945,-0.269691,0.0363397;-1.47134,0.125941,-1.55708
0.507472,-0.275699,0.0394226;-1.39858,0.120087,-1.55953
0.507247,-0.275991,0.0349868;-1.45697,0.00603212,-1.57773
0.507238,-0.270017,0.0289106;-1.57084,-0.127903,-1.58796
0.508742,-0.266091,0.0290759;-1.58382,-0.235251,-1.58693
0.507433,-0.268764,0.0289042;-1.57185,-0.134901,-1.58535
0.507393,-0.267353,0.031588;-1.52139,-0.00129741,-1.56784
0.507945,-0.262376,0.0361996;-1.45281,0.0872291,-1.56188
0.509262,-0.260095,0.0316916;-1.52034,-0.0112536,-1.58003
0.512125,-0.252977,0.0296805;-1.58509,-0.187648,-1.59022
0.512385,-0.254221,0.0295594;-1.58611,-0.181948,-1.58997
0.511004,-0.257552,0.0289244;-1.57297,-0.112377,-1.58509
0.510265,-0.252465,0.0315845;-1.54437,0.150893,-1.56592
0.508171,-0.251789,0.0358326;-1.57115,0.219983,-1.55733
0.509906,-0.250858,0.0370019;-1.52066,0.131155,-1.56965
0.511919,-0.248144,0.0293014;-1.57492,-0.100563,-1.59032
0.513915,-0.249799,0.0297393;-1.57922,-0.181224,-1.59389
0.513101,-0.254295,0.0299639;-1.58514,-0.145757,-1.5954
0.510371,-0.260265,0.0295602;-1.56766,0.0387083,-1.57916
0.508687,-0.257708,0.0333064;-1.51381,0.175785,-1.56723
0.509059,-0.256798,0.0349624;-1.53366,0.174185,-1.56795
0.511059,-0.253057,0.0290088;-1.57066,-0.0504592,-1.59087
0.512885,-0.249625,0.0293911;-1.58282,-0.134582,-1.58733
0.513769,-0.249163,0.0291879;-1.58613,-0.156728,-1.58751
0.510322,-0.255672,0.0290605;-1.57864,0.0192671,-1.5859
0.509248,-0.252469,0.0311625;-1.54059,0.154672,-1.57098
0.506541,-0.25092,0.0355003;-1.55569,0.256345,-1.56029
0.510434,-0.243908,0.0290009;-1.57251,0.0455839,-1.58865
0.510553,-0.241999,0.0294273;-1.57388,-0.0526312,-1.59032
0.513266,-0.24466,0.0297995;-1.57679,-0.138447,-1.59505
0.510023,-0.252261,0.0289997;-1.57519,0.0146353,-1.58618
0.508299,-0.253809,0.0297443;-1.56228,0.127594,-1.57442
0.505814,-0.256331,0.0338028;-1.50477,0.261991,-1.56867
0.508582,-0.252604,0.0329862;-1.48621,0.0712015,-1.58194
0.509084,-0.24778,0.0290143;-1.57535,-0.0677666,-1.58706
0.511968,-0.246817,0.0291177;-1.58359,-0.152199,-1.58613
0.50893,-0.254531,0.0290141;-1.57577,-0.0247297,-1.58677
0.5069,-0.256697,0.0297839;-1.56227,0.101868,-1.57524
0.504229,-0.257136,0.0336096;-1.52357,0.231244,-1.56438
0.507382,-0.25022,0.0288492;-1.58245,0.0620318,-1.57481
0.507952,-0.248226,0.0289358;-1.57041,-0.0377387,-1.58819
0.510093,-0.24641,0.0295446;-1.58136,-0.120669,-1.58897
0.508557,-0.250988,0.0288964;-1.57132,-0.0222141,-1.58572
0.506894,-0.251832,0.0289802;-1.57225,0.091605,-1.57392
0.50474,-0.251665,0.0321215;-1.53365,0.216135,-1.56284
0.50661,-0.248261,0.0329768;-1.56249,0.15051,-1.56592
0.50804,-0.248708,0.028875;-1.57369,0.0368641,-1.5845
0.509099,-0.245573,0.0291949;-1.575,-0.0753297,-1.58927
0.509004,-0.247095,0.0292023;-1.57649,-0.0901799,-1.58821
0.507779,-0.249762,0.0290696;-1.57707,-0.0298804,-1.58792
0.506372,-0.253474,0.0292941;-1.57578,0.0956245,-1.57572
0.506332,-0.255255,0.033695;-1.52254,0.213647,-1.57028
0.507373,-0.253067,0.0344099;-1.47334,0.1095,-1.58928
0.5083,-0.247979,0.0290054;-1.56977,-0.0150688,-1.59114
0.509798,-0.246341,0.0295711;-1.57657,-0.133415,-1.59179
0.508556,-0.250698,0.0288395;-1.57135,-0.0758671,-1.58248
0.507158,-0.252346,0.0288079;-1.57365,0.040444,-1.5787
0.50197,-0.252053,0.0353946;-1.53859,0.286842,-1.55773
0.50542,-0.249715,0.0378921;-1.43086,0.205278,-1.58298
0.50641,-0.244689,0.0290248;-1.58166,0.0735664,-1.58596
0.507583,-0.244418,0.0296529;-1.57691,-0.126743,-1.59295
0.506703,-0.249175,0.0291482;-1.57531,-0.0733593,-1.58695
0.505175,-0.251264,0.0289222;-1.57455,0.036113,-1.58334
0.501033,-0.256901,0.0345344;-1.48485,0.276933,-1.56528
0.502921,-0.255383,0.0385416;-1.39626,0.210821,-1.58821
0.503205,-0.252609,0.0327119;-1.50544,0.0787483,-1.5906
0.50656,-0.246202,0.0292139;-1.5806,-0.140161,-1.58685
0.505603,-0.250725,0.0290371;-1.57665,-0.0959809,-1.58722
0.504139,-0.253979,0.0290639;-1.57771,-0.0077834,-1.58741
0.499743,-0.257235,0.0330451;-1.52,0.248185,-1.5623
0.50073,-0.255557,0.0367949;-1.44788,0.173802,-1.5773
0.501673,-0.24945,0.0287209;-1.57688,0.0487538,-1.57618
0.504472,-0.246092,0.0294757;-1.57665,-0.130211,-1.58968
0.503788,-0.249782,0.0289149;-1.57331,-0.0749196,-1.58429
0.502476,-0.251351,0.0288795;-1.57242,-0.000408798,-1.58332
0.499378,-0.251563,0.0330478;-1.53765,0.235531,-1.55593
0.501178,-0.249838,0.0354251;-1.49519,0.164727,-1.56988
0.502196,-0.249807,0.0322539;-1.50808,0.134621,-1.57231
0.503718,-0.246688,0.0293865;-1.57546,-0.0965613,-1.59028
0.504309,-0.252079,0.0300103;-1.58314,-0.141674,-1.59456
0.503052,-0.255737,0.0289953;-1.57499,-0.085067,-1.58634
0.501668,-0.258878,0.0289187;-1.57629,0.0282226,-1.57941
0.500274,-0.260695,0.0340783;-1.48409,0.215818,-1.56946
0.500699,-0.261055,0.0352306;-1.45237,0.117076,-1.58902
0.50085,-0.254993,0.0290078;-1.57047,-0.00778978,-1.59104
0.501909,-0.250188,0.0290596;-1.58083,-0.172881,-1.58537
0.500621,-0.25293,0.0290914;-1.5804,-0.113773,-1.58672
0.498811,-0.25669,0.0290261;-1.57457,-0.00489344,-1.58839
0.496193,-0.255116,0.0333625;-1.52291,0.264515,-1.56375
0.497625,-0.251998,0.0365486;-1.43839,0.182637,-1.58036
0.499292,-0.246431,0.0290134;-1.57918,0.0494555,-1.58405
0.50065,-0.245369,0.0295129;-1.57656,-0.141522,-1.59116
0.499274,-0.250082,0.0290142;-1.57918,-0.0884899,-1.58389
0.497367,-0.252981,0.0289541;-1.57394,0.011115,-1.58538
0.494022,-0.258777,0.032659;-1.51123,0.250005,-1.56777
0.49489,-0.259166,0.0369581;-1.42676,0.172337,-1.57703
0.494736,-0.254047,0.0300148;-1.54917,0.0462283,-1.58346
0.498224,-0.248949,0.0290269;-1.57852,-0.173891,-1.58589
0.497232,-0.252538,0.0291962;-1.58282,-0.142987,-1.58635
0.496044,-0.255874,0.0289346;-1.57134,-0.0738079,-1.58727
0.491808,-0.259869,0.031758;-1.52344,0.171462,-1.56518
0.492584,-0.25907,0.032791;-1.51664,0.167464,-1.57158
0.493177,-0.257715,0.0337458;-1.47582,0.0658797,-1.57858
0.495211,-0.248932,0.0290803;-1.58226,-0.143764,-1.58526
0.495599,-0.248709,0.0290195;-1.57964,-0.164131,-1.58444
0.494411,-0.251216,0.0287928;-1.57092,-0.0953117,-1.58074
0.493195,-0.252597,0.0311178;-1.53224,0.139736,-1.56312
0.491773,-0.254909,0.0347618;-1.48729,0.245542,-1.55865
0.493615,-0.252314,0.0366401;-1.43222,0.180704,-1.57477
0.494921,-0.244727,0.0289631;-1.57235,-0.0653448,-1.58744
0.496669,-0.245723,0.0293795;-1.57404,-0.150184,-1.58989
0.496068,-0.248849,0.0296933;-1.58266,-0.125364,-1.59166
0.49378,-0.254925,0.02912;-1.56403,0.0442472,-1.57133
0.492197,-0.256682,0.0328852;-1.50371,0.166683,-1.5637
0.492646,-0.259066,0.0355833;-1.45752,0.191406,-1.56873
0.492389,-0.252517,0.0289873;-1.56918,-0.0464508,-1.58934
0.493656,-0.249581,0.0290979;-1.57594,-0.15262,-1.58505
0.494391,-0.249064,0.0290453;-1.5797,-0.175038,-1.5857
0.491196,-0.254794,0.028792;-1.57143,0.00611261,-1.58039
0.490667,-0.254542,0.0306419;-1.53596,0.135076,-1.56694
0.488681,-0.256073,0.0346267;-1.48812,0.251981,-1.56167
0.491247,-0.245647,0.0290288;-1.58556,0.0422633,-1.5816
0.490912,-0.243631,0.0289683;-1.56845,-0.0852495,-1.58574
0.492258,-0.243425,0.0290776;-1.57551,-0.153415,-1.58606
0.489528,-0.251024,0.0288622;-1.57076,0.00380985,-1.58413
0.488179,-0.253578,0.0295765;-1.55866,0.126615,-1.56926
0.485427,-0.258793,0.0326894;-1.50742,0.239171,-1.56737
0.48587,-0.251404,0.028798;-1.57067,0.0403294,-1.58094
0.487072,-0.247928,0.0289325;-1.5727,-0.0928829,-1.58563
0.488912,-0.246229,0.0290392;-1.58007,-0.183387,-1.58549
0.486162,-0.254025,0.0288753;-1.57174,-0.0631361,-1.58391
0.484431,-0.257832,0.0292786;-1.56639,0.0520619,-1.57045
0.482903,-0.260675,0.0327867;-1.50785,0.181063,-1.56195
0.482865,-0.259627,0.0335802;-1.47584,0.0333555,-1.57684
0.482462,-0.253449,0.0289167;-1.57043,-0.0847161,-1.58687
0.484315,-0.249892,0.0290142;-1.57983,-0.181881,-1.58418
0.483493,-0.252466,0.0286726;-1.57105,-0.101285,-1.57477
0.483822,-0.251232,0.0294684;-1.54928,0.0272399,-1.5651
0.481733,-0.25055,0.0312061;-1.5432,0.14496,-1.55171
0.482912,-0.253318,0.0383253;-1.39632,0.145422,-1.57512
0.482119,-0.248742,0.0296707;-1.55283,0.0171475,-1.58127
0.483662,-0.244249,0.0290715;-1.57468,-0.109517,-1.5873
0.48359,-0.247657,0.0291704;-1.58446,-0.126273,-1.58754
0.482843,-0.250815,0.0288663;-1.57054,-0.0542161,-1.58447
0.4821,-0.254889,0.0295113;-1.55502,0.0493811,-1.56582
0.480784,-0.259619,0.0354296;-1.46138,0.164371,-1.56548
0.480806,-0.260209,0.0351701;-1.44358,0.0631964,-1.57899
0.480091,-0.252956,0.0289254;-1.57074,-0.0827242,-1.58721
0.482263,-0.249779,0.0290522;-1.5817,-0.194574,-1.58475
0.48102,-0.25237,0.0287798;-1.57021,-0.111499,-1.58012
0.481405,-0.254301,0.0288897;-1.55597,0.0109731,-1.57067
0.480609,-0.253626,0.0355886;-1.47761,0.230971,-1.55668
0.482287,-0.252067,0.037285;-1.41004,0.154704,-1.58094
0.482207,-0.244066,0.0289567;-1.57991,0.0188506,-1.58165
0.482657,-0.242389,0.0291484;-1.57618,-0.144367,-1.58599
0.480807,-0.246239,0.0289653;-1.57574,-0.0841056,-1.58449
0.47878,-0.247969,0.0288295;-1.5704,0.0186182,-1.58258
0.47042,-0.251855,0.0297;-1.57708,0.205152,-1.57533
0.471695,-0.250837,0.03046;-1.53973,0.141173,-1.57263
0.472527,-0.246201,0.0288372;-1.57495,0.0208471,-1.58094
0.47333,-0.244335,0.0289974;-1.5782,-0.171211,-1.58506
0.472437,-0.246394,0.0290006;-1.57745,-0.124995,-1.58496
0.470802,-0.249735,0.0289516;-1.57372,-0.0596703,-1.58582
0.470802,-0.249735,0.0289516;-1.57372,-0.0596703,-1.58582
0.469298,-0.254993,0.0293343;-1.56492,0.0342354,-1.56991
0.469298,-0.254993,0.0293343;-1.56492,0.0342354,-1.56991
