0.5,-0.3,0.06;-1.57,-2.98023e-08,-1.57
0.5,-0.3,0.06;-1.57,-2.98023e-08,-1.57
0.5,-0.3,0.06;-1.57,-2.98023e-08,-1.57
0.499078,-0.299444,0.0285809;-1.57065,-0.2934,-1.56984
0.499945,-0.297078,0.0287996;-1.56833,-0.203871,-1.56179
0.500415,-0.286651,0.0303974;-1.56811,-0.0828302,-1.54181
0.498397,-0.277324,0.0331144;-1.58109,-0.0177045,-1.51298
0.499729,-0.282873,0.0285758;-1.57057,-0.249135,-1.57111
0.500208,-0.279962,0.0286595;-1.57154,-0.397138,-1.57404
0.501527,-0.276983,0.0289687;-1.58843,-0.478661,-1.58201
0.499708,-0.282083,0.0290587;-1.59007,-0.294515,-1.58127
0.498299,-0.276077,0.0307048;-1.59684,-0.155111,-1.56469
0.492306,-0.263314,0.0371467;-1.70264,-0.0108394,-1.55272
0.494893,-0.264808,0.0332957;-1.6379,-0.0754381,-1.55667
0.497025,-0.272006,0.0285741;-1.5709,-0.199798,-1.57121
0.495962,-0.271034,0.0286635;-1.57395,-0.318411,-1.57315
0.4965,-0.26987,0.0288343;-1.5673,-0.30136,-1.56084
0.497437,-0.261407,0.0302955;-1.56079,-0.188198,-1.5436
0.493523,-0.250295,0.0334459;-1.58416,-0.0443325,-1.50949
0.491976,-0.249025,0.0342927;-1.59342,-0.0286547,-1.50355
0.497006,-0.251252,0.0310221;-1.57876,-0.143284,-1.53575
0.498625,-0.257306,0.0287373;-1.57014,-0.253434,-1.56327
0.497863,-0.258422,0.0287325;-1.57098,-0.394364,-1.57839
0.497191,-0.259964,0.0287871;-1.57946,-0.295207,-1.57541
0.494621,-0.255922,0.0309615;-1.6023,-0.147224,-1.56655
0.491688,-0.245437,0.0380306;-1.75781,-0.0600277,-1.58758
0.493818,-0.242204,0.0370729;-1.74111,-0.111503,-1.59912
0.495972,-0.248193,0.0307234;-1.58972,-0.216394,-1.60247
0.496583,-0.24961,0.0305185;-1.58473,-0.232738,-1.60207
0.496469,-0.250705,0.028869;-1.57096,-0.191623,-1.58451
0.496265,-0.24697,0.0322698;-1.53282,0.0598185,-1.55583
0.494113,-0.248196,0.0341004;-1.54746,0.143953,-1.5441
0.496293,-0.247913,0.0373329;-1.43276,0.0759458,-1.56093
0.499627,-0.243011,0.0290202;-1.5725,-0.119847,-1.58551
0.500998,-0.245895,0.0292757;-1.57267,-0.170197,-1.58788
0.501409,-0.246212,0.0293603;-1.58548,-0.17022,-1.58717
0.498101,-0.253978,0.0337545;-1.53545,0.0636671,-1.61209
0.495072,-0.251848,0.0402565;-1.61876,0.193526,-1.58781
0.495048,-0.249875,0.0434346;-1.67813,0.210909,-1.58883
0.503197,-0.242854,0.0369406;-1.64613,0.00832031,-1.63738
0.503758,-0.243124,0.0356046;-1.59321,-0.100777,-1.65386
0.504635,-0.245425,0.0361477;-1.59306,-0.164383,-1.6649
0.499783,-0.25531,0.0306742;-1.57004,-0.0181384,-1.60906
0.498624,-0.251681,0.0316924;-1.55183,0.125974,-1.5808
0.495404,-0.251793,0.0348831;-1.59184,0.237447,-1.55149
0.504066,-0.244913,0.0288709;-1.57053,0.0315992,-1.58475
0.503044,-0.24284,0.0287794;-1.57113,-0.093488,-1.58049
0.503636,-0.245039,0.0289578;-1.56653,-0.154045,-1.58396
0.50292,-0.247958,0.0287659;-1.57073,-0.0687109,-1.57942
0.500589,-0.246631,0.0290158;-1.57511,0.0548915,-1.56964
0.496805,-0.249068,0.0333179;-1.62106,0.180491,-1.54526
0.501997,-0.243929,0.0312814;-1.62387,0.0600974,-1.57666
0.504693,-0.241465,0.0299576;-1.57614,-0.0284315,-1.5974
0.507016,-0.241618,0.0312433;-1.59316,-0.112207,-1.60712
0.506083,-0.242787,0.0293048;-1.60006,-0.0739449,-1.57921
0.502809,-0.241932,0.029554;-1.58298,0.0205176,-1.56463
0.499113,-0.243949,0.0333007;-1.61331,0.139211,-1.53613
0.500911,-0.248634,0.0301981;-1.56542,0.0786124,-1.54363
0.500183,-0.253917,0.0287361;-1.57045,-0.0411712,-1.56326
0.499181,-0.256307,0.028584;-1.57057,-0.155843,-1.57068
0.500265,-0.253683,0.0288615;-1.56683,-0.0682684,-1.56105
0.501329,-0.247806,0.0306843;-1.56583,0.0193349,-1.53914
0.499077,-0.246232,0.0324734;-1.58098,0.0868756,-1.51623
0.499256,-0.247373,0.0326185;-1.58285,0.117985,-1.51767
0.50163,-0.250314,0.0288329;-1.57464,0.0287356,-1.56513
0.502556,-0.24922,0.0288781;-1.57336,-0.0984819,-1.58278
0.504247,-0.246625,0.0290873;-1.5811,-0.179905,-1.58669
0.503493,-0.2465,0.0293311;-1.59849,-0.144333,-1.5746
0.500057,-0.24057,0.0324137;-1.62998,-0.0290171,-1.55379
0.494207,-0.244943,0.0362289;-1.68884,0.109715,-1.54234
0.496949,-0.243713,0.0327313;-1.62998,0.0635637,-1.55143
0.497863,-0.248804,0.0285801;-1.57065,-0.065338,-1.57092
0.497551,-0.248869,0.028676;-1.56729,-0.211788,-1.57127
0.497819,-0.248627,0.0285908;-1.57054,-0.126836,-1.57018
0.498029,-0.245127,0.0288761;-1.56961,-0.0351126,-1.5569
0.492121,-0.249434,0.0332557;-1.58846,0.159873,-1.52083
0.494871,-0.247451,0.0338052;-1.53676,0.138109,-1.54794
0.497702,-0.246983,0.0286947;-1.56721,0.0501033,-1.57379
0.499366,-0.243561,0.0298371;-1.58833,-0.130998,-1.59224
0.500363,-0.243802,0.0304794;-1.58327,-0.130541,-1.60346
0.499634,-0.243105,0.0324399;-1.61625,-0.076688,-1.60386
0.493535,-0.248866,0.0408987;-1.79059,0.0908433,-1.57686
0.495116,-0.24572,0.0412559;-1.78843,0.0710126,-1.58843
0.497754,-0.244863,0.0379089;-1.7233,0.0077243,-1.59647
0.501979,-0.245445,0.0324596;-1.5877,-0.152865,-1.62085
0.503034,-0.245577,0.0310555;-1.57765,-0.148349,-1.61242
0.501981,-0.247888,0.0292392;-1.58068,-0.0807692,-1.58776
0.493474,-0.251859,0.0358413;-1.63881,0.172485,-1.55765
0.495324,-0.251634,0.0371211;-1.63224,0.111692,-1.56992
0.498734,-0.251814,0.0321355;-1.64074,0.0267907,-1.56619
0.500942,-0.25167,0.0292362;-1.58395,-0.117119,-1.58452
0.501404,-0.251043,0.029387;-1.57437,-0.121794,-1.59053
0.501156,-0.250343,0.0298382;-1.57123,-0.09273,-1.59568
0.494998,-0.245801,0.0378453;-1.74568,0.156333,-1.54749
0.49559,-0.250244,0.039865;-1.78737,0.127938,-1.55435
0.495423,-0.25293,0.0410234;-1.80329,0.139401,-1.5542
0.499763,-0.254758,0.0326937;-1.58262,0.00403128,-1.62728
0.502871,-0.248816,0.0303438;-1.59989,-0.118636,-1.59368
0.50077,-0.250547,0.0289749;-1.57357,-0.0693263,-1.58685
0.498521,-0.251485,0.0288387;-1.56552,0.0501517,-1.56976
0.49281,-0.257544,0.0331106;-1.58724,0.243254,-1.52285
0.494128,-0.261444,0.0315631;-1.56339,0.199263,-1.54195
0.494445,-0.265253,0.0286548;-1.57118,0.0903461,-1.56672
0.494084,-0.265637,0.02858;-1.57071,-0.12764,-1.57066
0.494277,-0.264954,0.028579;-1.57092,-0.102428,-1.57079
0.49613,-0.261875,0.0289797;-1.56233,0.00233352,-1.55976
0.49261,-0.257215,0.034851;-1.64445,0.224521,-1.52367
0.494744,-0.25924,0.0361642;-1.69124,0.177335,-1.52524
0.497929,-0.264029,0.0322461;-1.64869,0.087557,-1.56805
0.503136,-0.258697,0.029945;-1.59584,-0.0646299,-1.58823
0.503513,-0.257279,0.0292815;-1.59423,-0.0760475,-1.58313
0.50205,-0.257634,0.0291315;-1.59462,-0.0134483,-1.57417
0.4953,-0.250798,0.0331038;-1.60648,0.229253,-1.52385
0.496257,-0.255474,0.0325517;-1.587,0.201932,-1.5212
0.495458,-0.264785,0.0302527;-1.57281,0.10503,-1.54201
0.49257,-0.272582,0.0285791;-1.57043,-0.112623,-1.57081
0.492687,-0.272362,0.0285793;-1.57071,-0.106113,-1.57095
0.49461,-0.269909,0.0289379;-1.56205,-0.0141018,-1.56198
0.494176,-0.254432,0.0331721;-1.59427,0.254549,-1.50873
0.492655,-0.261805,0.0349907;-1.63018,0.276885,-1.50807
0.493935,-0.270889,0.03271;-1.61428,0.200976,-1.53428
0.496924,-0.274903,0.0304406;-1.59016,-0.00265262,-1.59533
0.501472,-0.268668,0.0302875;-1.60075,-0.0842703,-1.59035
0.501736,-0.268189,0.0301522;-1.58911,-0.0590392,-1.59524
0.497003,-0.257189,0.03402;-1.67587,0.154583,-1.54627
0.493328,-0.252945,0.0375985;-1.73811,0.267105,-1.52014
0.494537,-0.257765,0.0379508;-1.74855,0.228527,-1.52575
0.496152,-0.27041,0.0288377;-1.57066,0.0307546,-1.58396
0.497782,-0.26863,0.0287833;-1.57602,-0.0608577,-1.57685
0.497969,-0.268321,0.0289215;-1.58012,-0.0638365,-1.58075
0.49753,-0.264467,0.0299615;-1.55746,0.109756,-1.57155
0.493341,-0.259964,0.0326532;-1.61259,0.269968,-1.5336
0.491833,-0.26116,0.03634;-1.65257,0.315919,-1.54
0.496192,-0.269878,0.0312367;-1.55805,0.121286,-1.62057
0.498245,-0.267537,0.0332207;-1.58711,0.0226955,-1.62957
0.503051,-0.2618,0.0337263;-1.60247,-0.0680584,-1.63268
0.50461,-0.257658,0.0357449;-1.63735,0.0168983,-1.62379
0.503689,-0.251011,0.0395947;-1.77411,0.121175,-1.56427
0.499396,-0.253339,0.0426637;-1.81496,0.228787,-1.55159
0.504187,-0.253323,0.0368152;-1.70702,0.104787,-1.58031
0.506134,-0.254355,0.0308256;-1.57334,0.00421746,-1.6092
0.507685,-0.253083,0.0294162;-1.58498,-0.0881298,-1.58808
0.506975,-0.250789,0.0290552;-1.56881,-0.0234549,-1.58562
0.502674,-0.248235,0.0307011;-1.59247,0.113616,-1.56121
0.497331,-0.249053,0.0350708;-1.66159,0.252678,-1.5301
0.501944,-0.255721,0.0299662;-1.59138,0.102637,-1.56243
0.501365,-0.258778,0.0288403;-1.5706,-0.016069,-1.58318
0.503724,-0.255657,0.0291514;-1.5875,-0.133258,-1.58392
0.503475,-0.255473,0.0290837;-1.5776,-0.0893056,-1.58835
0.502076,-0.249879,0.0319716;-1.64212,0.00663607,-1.57092
0.499531,-0.241743,0.0367552;-1.72729,0.137518,-1.54263
0.500968,-0.244184,0.0379895;-1.76262,0.122391,-1.5509
0.501608,-0.248178,0.0320703;-1.6306,0.0469489,-1.58336
0.501052,-0.254843,0.0290137;-1.58553,-0.0866915,-1.57833
0.500356,-0.256544,0.0285794;-1.57083,-0.0891999,-1.57068
0.500392,-0.253941,0.0288637;-1.56712,-0.0261275,-1.56041
0.499788,-0.246104,0.0311926;-1.57992,0.094488,-1.53144
0.498935,-0.249906,0.0328831;-1.58403,0.138961,-1.51667
0.499393,-0.257517,0.0292218;-1.569,0.0530838,-1.55777
0.497453,-0.261046,0.028581;-1.57074,-0.0808248,-1.57089
0.498137,-0.262171,0.0285821;-1.57076,-0.144809,-1.57101
0.498396,-0.261444,0.0285794;-1.57086,-0.108175,-1.57054
0.498976,-0.256491,0.0292249;-1.58099,-0.0353568,-1.56261
0.497296,-0.248646,0.0374134;-1.7237,0.129062,-1.5413
0.500144,-0.24901,0.0372229;-1.7448,0.0913426,-1.56022
0.501453,-0.251098,0.0331254;-1.64109,0.0369402,-1.59742
0.503459,-0.249743,0.029174;-1.5862,-0.117974,-1.58576
0.503241,-0.249714,0.0289602;-1.57633,-0.118903,-1.58388
0.502205,-0.249457,0.0287986;-1.58092,-0.048559,-1.57102
0.498406,-0.242247,0.0326187;-1.58094,0.149836,-1.51908
0.500134,-0.24427,0.0326698;-1.58862,0.105265,-1.51718
0.502938,-0.248851,0.0288337;-1.57006,0.0217961,-1.55964
0.50149,-0.252004,0.0286308;-1.56824,-0.190554,-1.57012
0.501052,-0.252104,0.0286659;-1.57072,-0.175341,-1.57479
0.500929,-0.252331,0.028587;-1.57018,-0.138563,-1.57053
0.495213,-0.244405,0.035228;-1.67073,0.106124,-1.54495
0.496602,-0.243608,0.037241;-1.73605,0.0762933,-1.55787
0.500557,-0.242822,0.0356089;-1.71263,-0.00420959,-1.57746
0.50703,-0.24495,0.0338534;-1.61329,-0.126328,-1.63392
0.506446,-0.248243,0.0338779;-1.60725,-0.108834,-1.6349
0.505475,-0.248608,0.0336299;-1.63715,-0.0636756,-1.60962
0.505475,-0.248608,0.0336299;-1.63715,-0.0636756,-1.60962
0.504047,-0.245562,0.0357802;-1.71815,-0.0276512,-1.57842
0.504047,-0.245562,0.0357802;-1.71815,-0.0276512,-1.57842
