0.5,-0.3,0.06;-1.57,-2.98023e-08,-1.57
0.5,-0.3,0.06;-1.57,-2.98023e-08,-1.57
0.5,-0.3,0.06;-1.57,-2.98023e-08,-1.57
0.50206,-0.289847,0.0290621;-1.57875,-0.246203,-1.58787
0.501317,-0.291158,0.0290051;-1.57363,-0.188455,-1.58856
0.499282,-0.290668,0.0303625;-1.59638,-0.0427362,-1.56851
0.497406,-0.284971,0.0351456;-1.67878,0.0565622,-1.55388
0.501015,-0.289128,0.0290284;-1.57308,-0.125615,-1.58974
0.504197,-0.282223,0.0294421;-1.59506,-0.250736,-1.58623
0.505426,-0.2806,0.0292143;-1.5945,-0.283815,-1.58565
0.501741,-0.28668,0.0289423;-1.57152,-0.11674,-1.58719
0.50215,-0.284391,0.0304323;-1.54666,0.0369146,-1.57465
0.501082,-0.27721,0.0364741;-1.59282,0.181054,-1.5476
0.504708,-0.271828,0.0320829;-1.63048,0.0548777,-1.56131
0.507596,-0.271873,0.0289837;-1.57236,-0.0590332,-1.58851
0.509755,-0.26686,0.0290126;-1.57857,-0.177416,-1.58655
0.508792,-0.26887,0.0290347;-1.5757,-0.122031,-1.58889
0.50644,-0.271288,0.0292586;-1.58901,0.0135879,-1.57203
0.503812,-0.269809,0.0343747;-1.65763,0.191589,-1.54348
0.501774,-0.270563,0.0375517;-1.69812,0.272509,-1.53391
0.502918,-0.280657,0.0332963;-1.60766,0.170538,-1.57143
0.502238,-0.281944,0.0290702;-1.56666,0.0234658,-1.59162
0.506791,-0.271596,0.0292698;-1.59368,-0.135617,-1.58457
0.504927,-0.274552,0.0290026;-1.57387,-0.0478088,-1.58772
0.503755,-0.275334,0.0300594;-1.55288,0.092795,-1.57515
0.502891,-0.27013,0.0346105;-1.61658,0.181278,-1.54677
0.5069,-0.26525,0.0318191;-1.64171,0.0827383,-1.56675
0.512126,-0.259219,0.029225;-1.58254,-0.150173,-1.58546
0.512551,-0.25832,0.0292136;-1.59289,-0.157999,-1.58313
0.510352,-0.26159,0.0291086;-1.58015,-0.0702914,-1.58739
0.505148,-0.272203,0.0321313;-1.51344,0.240299,-1.58175
0.50376,-0.273748,0.0354457;-1.47499,0.3324,-1.57279
0.503975,-0.275524,0.0364848;-1.44601,0.248874,-1.5842
0.506702,-0.265641,0.0289812;-1.57799,-0.0462577,-1.58584
0.51014,-0.260527,0.0292233;-1.59194,-0.170558,-1.58465
0.509813,-0.260991,0.029416;-1.5917,-0.144804,-1.58433
0.50489,-0.265923,0.0290633;-1.58395,0.0946778,-1.5739
0.501934,-0.265764,0.0339163;-1.6371,0.24497,-1.54447
0.500739,-0.263129,0.0354627;-1.68455,0.255722,-1.52779
0.506291,-0.261613,0.0289835;-1.57229,0.0347664,-1.58928
0.50804,-0.258862,0.0290214;-1.57999,-0.0755652,-1.58336
0.510348,-0.256935,0.0292618;-1.59591,-0.12214,-1.5821
0.50517,-0.266174,0.0290659;-1.57425,0.0785827,-1.58666
0.504344,-0.266451,0.0311929;-1.53545,0.191691,-1.57965
0.502087,-0.26559,0.0345641;-1.49274,0.295125,-1.57388
0.506702,-0.256198,0.0291458;-1.5727,0.0502775,-1.58852
0.509715,-0.250841,0.0290402;-1.57617,-0.0807352,-1.58764
0.512665,-0.24731,0.0295101;-1.589,-0.184456,-1.58905
0.508186,-0.254697,0.0292173;-1.58596,-0.0538478,-1.58727
0.503592,-0.261874,0.0297017;-1.59516,0.0905166,-1.57706
0.499916,-0.259545,0.0342567;-1.6596,0.252254,-1.54616
0.503786,-0.259523,0.0289279;-1.57341,0.0924498,-1.58448
0.504934,-0.25689,0.0289424;-1.57248,-0.0328972,-1.58678
0.507417,-0.255359,0.0292616;-1.5932,-0.11341,-1.58475
0.504439,-0.262937,0.0292264;-1.5771,0.0266793,-1.59003
0.502868,-0.264246,0.0300519;-1.56372,0.130028,-1.58585
0.500413,-0.26287,0.03356;-1.54667,0.269729,-1.57188
0.504417,-0.253925,0.0311929;-1.61854,0.0831196,-1.55859
0.507702,-0.25261,0.0290378;-1.57578,-0.056769,-1.58748
0.510418,-0.249214,0.0291054;-1.58376,-0.194773,-1.58594
0.507778,-0.253043,0.0291518;-1.58095,-0.12363,-1.58928
0.503916,-0.259742,0.0293511;-1.59115,-0.0160864,-1.58118
0.500204,-0.263085,0.0306005;-1.58308,0.135566,-1.57204
0.497862,-0.264656,0.0354918;-1.68093,0.167708,-1.5441
0.49965,-0.269543,0.0322142;-1.64465,0.071816,-1.5715
0.500722,-0.268665,0.0289632;-1.57756,-0.0786545,-1.58405
0.50284,-0.264224,0.0290619;-1.58955,-0.179149,-1.58462
0.501617,-0.266532,0.028983;-1.57464,-0.102836,-1.58763
0.500824,-0.268148,0.0309335;-1.53637,0.045374,-1.57826
0.496733,-0.269626,0.0365555;-1.58347,0.219281,-1.5462
0.499678,-0.266956,0.0362781;-1.59093,0.099765,-1.56636
0.503708,-0.263532,0.0289979;-1.57389,-0.041812,-1.58796
0.507363,-0.256758,0.0292186;-1.5935,-0.214988,-1.58439
0.505914,-0.259628,0.029051;-1.577,-0.133987,-1.58783
0.502593,-0.267321,0.0293657;-1.57321,0.00393821,-1.58629
0.499873,-0.2717,0.0353931;-1.48556,0.303268,-1.5623
0.501179,-0.272315,0.0379541;-1.41524,0.204872,-1.58461
0.500308,-0.266328,0.0292171;-1.57468,0.0478694,-1.58723
0.505838,-0.254255,0.0291989;-1.59059,-0.22072,-1.58565
0.505243,-0.255567,0.0291258;-1.58205,-0.168158,-1.58774
0.50185,-0.26021,0.0291657;-1.58552,-0.0815085,-1.58546
0.493796,-0.265146,0.0341034;-1.64225,0.229164,-1.55144
0.496201,-0.260155,0.037341;-1.57701,0.156245,-1.57149
0.49981,-0.256869,0.0295554;-1.59905,0.00850896,-1.57883
0.503387,-0.253128,0.0291341;-1.58626,-0.199988,-1.58536
0.50148,-0.256997,0.0290933;-1.58283,-0.115009,-1.5846
0.498534,-0.264321,0.0293595;-1.56997,0.00139302,-1.59078
0.496928,-0.266969,0.0332884;-1.50007,0.258271,-1.57369
0.495466,-0.264623,0.0358183;-1.47892,0.159799,-1.57517
0.494318,-0.258691,0.0306229;-1.61372,0.0148506,-1.57165
0.499391,-0.251727,0.0290557;-1.58376,-0.262927,-1.58447
0.498668,-0.253438,0.0291795;-1.5845,-0.21888,-1.58904
0.497229,-0.254984,0.0290797;-1.57904,-0.18419,-1.58789
0.491238,-0.264784,0.0309554;-1.56353,0.0482187,-1.57492
0.489972,-0.266255,0.0336364;-1.57955,0.0252682,-1.55889
0.489692,-0.264446,0.0345644;-1.62542,0.00320981,-1.54656
0.492869,-0.269609,0.0290563;-1.5845,-0.20528,-1.5832
0.494258,-0.268193,0.0293574;-1.59636,-0.257542,-1.58296
0.492779,-0.271702,0.0289785;-1.57385,-0.176453,-1.58717
0.49224,-0.27263,0.0296088;-1.55818,-0.069481,-1.57771
0.488441,-0.270739,0.0367272;-1.52532,0.152628,-1.5533
0.49029,-0.268738,0.0368585;-1.51798,0.0265818,-1.56987
0.492915,-0.263077,0.029148;-1.58522,-0.128882,-1.5857
0.495941,-0.257374,0.0293577;-1.58755,-0.336414,-1.58968
0.495496,-0.258644,0.0291278;-1.58463,-0.290967,-1.58771
0.493604,-0.262188,0.0289194;-1.57538,-0.166719,-1.58293
0.486811,-0.263352,0.0359718;-1.64707,0.145214,-1.54418
0.486579,-0.266929,0.0380937;-1.64353,0.0937646,-1.55332
0.488802,-0.270999,0.032155;-1.64604,-0.0331027,-1.57763
0.493109,-0.264227,0.0291232;-1.59428,-0.319695,-1.58535
0.492397,-0.265337,0.0290938;-1.58612,-0.275272,-1.5872
0.490802,-0.27001,0.0290571;-1.57402,-0.16508,-1.58909
0.487346,-0.267454,0.0355857;-1.60255,0.141081,-1.55336
0.485787,-0.271122,0.0382447;-1.59457,0.0744708,-1.54583
0.488397,-0.269999,0.0329929;-1.65657,-0.0713948,-1.57098
0.492964,-0.266507,0.029052;-1.58634,-0.348841,-1.58416
0.492661,-0.267344,0.0291175;-1.58531,-0.330822,-1.58738
0.490915,-0.271872,0.0290712;-1.57917,-0.23193,-1.5881
0.491311,-0.283568,0.0368558;-1.43528,0.110655,-1.56701
0.491321,-0.286039,0.0381221;-1.42579,0.132684,-1.55504
0.488384,-0.285952,0.0347537;-1.53221,-0.000595748,-1.55667
0.492099,-0.274799,0.0290571;-1.58855,-0.296616,-1.58199
0.493501,-0.271455,0.0291029;-1.58979,-0.402597,-1.586
0.493234,-0.272139,0.0291663;-1.58835,-0.378773,-1.58894
0.489352,-0.275263,0.0310873;-1.555,-0.108392,-1.56317
0.48531,-0.2742,0.0384864;-1.58916,0.0491464,-1.54692
0.484277,-0.277005,0.0386797;-1.612,-0.004068,-1.54552
0.488829,-0.281856,0.0290399;-1.57909,-0.255765,-1.5867
0.490027,-0.278356,0.0290906;-1.58761,-0.369224,-1.58566
0.489808,-0.279359,0.0291861;-1.59247,-0.352013,-1.58735
0.491271,-0.296061,0.0322227;-1.50786,-0.0791366,-1.57082
0.493479,-0.291537,0.0370537;-1.44291,0.0420044,-1.54715
0.491576,-0.285126,0.0385707;-1.43772,0.0886427,-1.53609
0.492558,-0.278773,0.0290333;-1.58029,-0.208942,-1.585
0.494152,-0.274549,0.0291354;-1.59161,-0.32814,-1.58462
0.495548,-0.271111,0.0290324;-1.58187,-0.439301,-1.58697
0.493318,-0.276303,0.0289292;-1.5763,-0.264264,-1.58333
0.490679,-0.275113,0.0315264;-1.57603,-0.0984048,-1.55846
0.486196,-0.272004,0.038799;-1.62341,0.060287,-1.54344
0.489799,-0.278062,0.0329205;-1.66342,-0.175135,-1.58807
0.490988,-0.280809,0.0289484;-1.57724,-0.295829,-1.58399
0.493041,-0.277388,0.0290559;-1.58468,-0.392345,-1.58621
0.490728,-0.289493,0.0292912;-1.56963,-0.218028,-1.5901
0.492004,-0.288567,0.032144;-1.51156,-0.116022,-1.57075
0.491051,-0.283793,0.0375729;-1.43066,0.0472691,-1.54895
0.489968,-0.279501,0.0316273;-1.63727,-0.198712,-1.57845
0.49286,-0.276274,0.0291072;-1.59549,-0.337403,-1.58143
0.494306,-0.27296,0.0290607;-1.58926,-0.470655,-1.58584
0.493438,-0.275557,0.0291018;-1.58365,-0.410055,-1.58899
0.492091,-0.279368,0.0301034;-1.54614,-0.274425,-1.57556
0.48873,-0.279504,0.0351944;-1.54699,-0.10199,-1.55474
0.4863,-0.290742,0.0335619;-1.65179,-0.184608,-1.56519
0.489265,-0.293149,0.0295162;-1.60175,-0.320412,-1.58396
0.490242,-0.288501,0.0290299;-1.58917,-0.460985,-1.58415
0.490766,-0.286942,0.0291466;-1.58854,-0.51169,-1.59108
0.490106,-0.290002,0.0291038;-1.57013,-0.410668,-1.58267
0.488286,-0.290139,0.0324458;-1.52427,-0.243543,-1.55516
0.484302,-0.294674,0.0381587;-1.5901,-0.177937,-1.55194
0.486764,-0.295068,0.0317196;-1.64187,-0.327347,-1.59172
0.488555,-0.293485,0.0290932;-1.58559,-0.450769,-1.5884
0.489271,-0.289949,0.0292432;-1.59538,-0.550329,-1.59481
0.487663,-0.297972,0.029098;-1.57314,-0.442773,-1.58912
0.489612,-0.307337,0.0328019;-1.49734,-0.269549,-1.56129
0.490643,-0.304368,0.0376121;-1.44193,-0.090821,-1.5179
0.488734,-0.303939,0.0343242;-1.50652,-0.251879,-1.54899
0.488308,-0.29698,0.0291704;-1.59379,-0.407971,-1.58735
0.489979,-0.289485,0.029049;-1.58441,-0.621661,-1.59011
0.489592,-0.290866,0.029127;-1.58586,-0.579475,-1.59264
0.489085,-0.29539,0.0289262;-1.57311,-0.452718,-1.58451
0.482775,-0.296455,0.0388259;-1.56877,-0.140407,-1.54345
0.481903,-0.298755,0.0380103;-1.62009,-0.249637,-1.56101
0.485039,-0.300638,0.0317164;-1.64599,-0.393156,-1.59988
0.48793,-0.297545,0.0290031;-1.58008,-0.604329,-1.58883
0.486841,-0.302352,0.0292423;-1.59245,-0.531162,-1.59501
0.487181,-0.314844,0.0297166;-1.56799,-0.39642,-1.59354
0.495464,-0.320844,0.0378066;-1.4261,-0.110386,-1.52295
0.491995,-0.320829,0.0357938;-1.48142,-0.210139,-1.53363
0.489538,-0.322367,0.0301808;-1.59362,-0.337271,-1.57429
0.492937,-0.315584,0.0291282;-1.59083,-0.54404,-1.5911
0.493102,-0.316619,0.0291141;-1.58285,-0.529359,-1.59202
0.492977,-0.325882,0.0293363;-1.57364,-0.411784,-1.5903
0.492977,-0.325882,0.0293363;-1.57364,-0.411784,-1.5903
0.498546,-0.334833,0.0322169;-1.49912,-0.263928,-1.56235
0.498546,-0.334833,0.0322169;-1.49912,-0.263928,-1.56235
