-0.125,0.125,0.06;-1.57,-2.98023e-08,-1.57
-0.125,0.125,0.06;-1.57,-2.98023e-08,-1.57
-0.125,0.125,0.06;-1.57,-2.98023e-08,-1.57
-0.12523,0.120039,0.0287238;-1.57323,-0.129647,-1.57565
-0.125193,0.119647,0.0288847;-1.56913,-0.0683488,-1.58436
-0.122889,0.130657,0.0323859;-1.51177,0.0089652,-1.57525
-0.122655,0.159217,0.0349184;-1.68316,0.0837901,-1.56646
-0.121338,0.151171,0.0288317;-1.5711,-0.0107698,-1.5833
-0.121596,0.150402,0.028914;-1.58307,-0.0152953,-1.57479
-0.121825,0.150215,0.0288851;-1.58411,0.00139201,-1.57221
-0.122088,0.149603,0.028869;-1.5697,0.0819824,-1.58462
-0.118237,0.158085,0.031915;-1.51656,0.159693,-1.58427
-0.113778,0.179377,0.0384916;-1.52208,0.264661,-1.5763
-0.110579,0.183212,0.031149;-1.61751,0.202293,-1.56548
-0.111562,0.174968,0.0287445;-1.57349,0.126401,-1.58395
-0.111329,0.174738,0.0287426;-1.57541,0.104685,-1.57346
-0.112149,0.174556,0.0288713;-1.5707,0.177719,-1.58479
-0.108756,0.18098,0.0304464;-1.54295,0.251713,-1.58424
-0.102933,0.203615,0.036036;-1.56159,0.360234,-1.57175
-0.100131,0.216743,0.0361949;-1.71474,0.356488,-1.52513
-0.0993011,0.210187,0.0330734;-1.66268,0.295914,-1.55078
-0.101596,0.20301,0.028841;-1.57242,0.248923,-1.58524
-0.102082,0.201981,0.0287223;-1.57343,0.259333,-1.57422
-0.101777,0.201696,0.028887;-1.56819,0.318436,-1.58416
-0.0950689,0.213702,0.0325372;-1.50259,0.40501,-1.6006
-0.087769,0.232393,0.0352513;-1.60846,0.455363,-1.55313
-0.0861903,0.232082,0.0315121;-1.637,0.401691,-1.55049
-0.0891582,0.226669,0.0288598;-1.58568,0.344552,-1.57028
-0.0893646,0.226685,0.028863;-1.58552,0.373942,-1.5681
-0.0900254,0.226217,0.0288183;-1.57081,0.421483,-1.58218
-0.0766024,0.244707,0.0352347;-1.47295,0.579099,-1.62176
-0.067395,0.261526,0.0400836;-1.62655,0.634985,-1.53409
-0.0638105,0.262589,0.035344;-1.71918,0.569627,-1.49507
-0.0702813,0.249322,0.0287222;-1.5708,0.477997,-1.57757
-0.0707003,0.249104,0.0289009;-1.58583,0.489156,-1.56595
-0.0714398,0.248851,0.0287594;-1.57822,0.551269,-1.5692
-0.0642432,0.255195,0.031802;-1.50624,0.668511,-1.61611
-0.0500204,0.273381,0.0380646;-1.55389,0.774573,-1.57716
-0.0420294,0.282752,0.0376288;-1.71228,0.766844,-1.47409
-0.0493542,0.26957,0.0288349;-1.57122,0.643835,-1.58476
-0.0495718,0.269347,0.028896;-1.58472,0.639762,-1.56648
-0.0499565,0.269312,0.0289074;-1.58876,0.663041,-1.56147
-0.0493466,0.269263,0.0293969;-1.54827,0.76999,-1.59711
-0.0349539,0.280911,0.0347675;-1.43652,0.871837,-1.67189
-0.0202872,0.294925,0.0405978;-1.63679,0.943948,-1.51271
-0.024492,0.285737,0.0286774;-1.55799,0.806339,-1.59315
-0.0254691,0.285321,0.0287285;-1.57159,0.781187,-1.57693
-0.0258322,0.285401,0.0289496;-1.59263,0.79095,-1.55786
-0.0262196,0.285435,0.0288924;-1.56795,0.892614,-1.58719
-0.0143912,0.291897,0.032962;-1.44873,0.973778,-1.6753
0.00376655,0.305977,0.0395409;-1.62159,1.07238,-1.52285
0.00300082,0.301279,0.029011;-1.59065,0.953496,-1.56374
0.00136203,0.300624,0.0287481;-1.57045,0.921854,-1.57904
0.0010366,0.300705,0.0289477;-1.59621,0.933334,-1.55308
-0.000159945,0.30063,0.028881;-1.56853,1.04537,-1.58734
0.0118634,0.305137,0.0325764;-1.4281,1.12698,-1.70406
0.031663,0.31585,0.038961;-1.66408,1.22394,-1.48169
0.0300336,0.311856,0.0302153;-1.65381,1.10743,-1.50262
0.0247133,0.309775,0.0288721;-1.57213,1.05771,-1.58337
0.0242196,0.309681,0.0289135;-1.5958,1.05913,-1.55284
0.0234713,0.310114,0.0288697;-1.57026,1.15091,-1.58519
0.0327806,0.312097,0.0311246;-1.45872,1.22364,-1.68158
0.0545876,0.320499,0.0370422;-1.59692,1.32717,-1.54299
0.0605299,0.321351,0.0339943;-1.88322,1.26701,-1.27324
0.0526123,0.317234,0.0291697;-1.61914,1.22148,-1.53295
0.0509619,0.316984,0.0287485;-1.57056,1.18545,-1.57924
0.0500973,0.317024,0.0287974;-1.57791,1.20822,-1.57258
0.0509224,0.316725,0.0289217;-1.55631,1.27456,-1.59828
0.0674691,0.318602,0.0326644;-1.28368,1.35897,-1.85391
0.0970209,0.32904,0.0365667;-2.41278,1.38147,-0.745191
0.0948772,0.325817,0.0347119;-2.13494,1.34993,-1.02539
0.084714,0.322348,0.02882;-1.57102,1.32234,-1.58434
0.0839301,0.322393,0.0288924;-1.62554,1.32814,-1.51966
0.0830152,0.322609,0.0287915;-1.56977,1.39696,-1.58187
0.0859325,0.321345,0.0297006;-1.41684,1.44823,-1.73314
0.12652,0.325912,0.041441;2.36154,1.48927,0.783438
0.13202,0.324358,0.0377969;-3.07706,1.42222,-0.0723016
0.121121,0.321572,0.0301695;-2.03278,1.49305,-1.11932
0.116582,0.321792,0.0289782;-1.72168,1.46651,-1.42436
0.115625,0.322616,0.028744;-1.5635,1.543,-1.58587
0.11643,0.322023,0.0290567;0.966949,1.5575,2.16179
0.156304,0.320416,0.0396519;1.89642,1.35926,1.2485
0.16446,0.317974,0.0364832;2.41324,1.36175,0.726142
0.155097,0.315394,0.030791;2.13723,1.48401,0.997038
0.148482,0.316913,0.0289421;1.87027,1.52314,1.26819
0.14775,0.317561,0.0287029;1.5691,1.45099,1.56676
0.148761,0.316973,0.0290188;1.53605,1.41479,1.59093
0.18881,0.309998,0.0389566;1.83926,1.21573,1.31057
0.19693,0.306137,0.0366714;2.07269,1.24809,1.07881
0.18656,0.306905,0.0308834;1.78921,1.33996,1.35196
0.180139,0.30902,0.028932;1.64147,1.38283,1.49755
0.179476,0.309909,0.0287381;1.57053,1.30514,1.5636
0.17975,0.309682,0.0288676;1.5692,1.27788,1.55866
0.211977,0.298542,0.0381269;1.65158,1.09978,1.4998
0.219221,0.294155,0.0358277;1.9073,1.1343,1.25644
0.212015,0.295943,0.0330575;1.77886,1.17576,1.3756
0.202572,0.298381,0.0286675;1.57805,1.26879,1.56181
0.202039,0.299277,0.0288941;1.60695,1.21141,1.53448
0.201988,0.299624,0.028835;1.5698,1.18117,1.55945
0.206091,0.29564,0.030167;1.51162,1.11653,1.61641
0.241259,0.277331,0.039351;1.68791,0.972076,1.47597
0.239686,0.275261,0.0346839;1.80371,1.04109,1.36143
0.228201,0.279454,0.0288913;1.56845,1.12456,1.55786
0.227665,0.280268,0.0289054;1.60248,1.12078,1.54026
0.22713,0.281046,0.0287287;1.56961,1.05895,1.56458
0.227249,0.280193,0.0290399;1.55207,1.01833,1.5739
0.257148,0.258224,0.0405706;1.60739,0.836319,1.54929
0.260841,0.252619,0.0370127;1.7876,0.891655,1.39588
0.250491,0.257713,0.0292196;1.59932,0.967357,1.5375
0.249379,0.259593,0.0289811;1.60056,0.985555,1.543
0.248986,0.260663,0.0286461;1.57092,0.91499,1.56767
0.249175,0.260153,0.028919;1.56635,0.878485,1.55958
0.276218,0.233952,0.0392599;1.62904,0.694288,1.53451
0.280971,0.226754,0.036127;1.77132,0.744378,1.42553
0.271102,0.23424,0.0294658;1.61163,0.817474,1.53267
0.269454,0.236672,0.0289257;1.59143,0.848685,1.55222
0.269222,0.237605,0.0286257;1.57226,0.783744,1.56867
0.269178,0.23776,0.0288782;1.56892,0.744612,1.55795
0.289081,0.210414,0.038094;1.58068,0.560176,1.56942
0.295787,0.201314,0.0372782;1.70892,0.569366,1.49432
0.289749,0.204676,0.0330918;1.68167,0.649996,1.4978
0.282792,0.21336,0.0289055;1.58557,0.711567,1.55673
0.282791,0.213583,0.0288958;1.58799,0.690363,1.55784
0.28271,0.214288,0.0288096;1.57079,0.641901,1.55984
0.291786,0.194468,0.0347987;1.4835,0.485347,1.61302
0.303308,0.17738,0.0403276;1.62472,0.418466,1.55272
0.304168,0.172496,0.0360968;1.72574,0.470472,1.49868
0.294769,0.185873,0.0287544;1.57049,0.584435,1.56209
0.294799,0.18631,0.0289684;1.58929,0.575981,1.55742
0.29496,0.18676,0.0288377;1.58194,0.521259,1.56252
0.296296,0.178805,0.0314002;1.5239,0.405376,1.5836
0.30535,0.157283,0.0374682;1.55331,0.297602,1.58211
0.310858,0.144917,0.0383449;1.66482,0.288123,1.54416
0.302934,0.156435,0.0288441;1.57058,0.420604,1.55609
0.302571,0.157026,0.0288562;1.58083,0.428074,1.56223
0.30279,0.157623,0.0288977;1.58548,0.399173,1.56327
0.302705,0.156743,0.0292202;1.55591,0.291517,1.56374
0.305571,0.138578,0.034375;1.48975,0.190092,1.5868
0.31176,0.118898,0.0407074;1.61648,0.112218,1.56958
0.305065,0.125659,0.0291355;1.5874,0.249595,1.55615
0.304905,0.127804,0.0287316;1.57066,0.281519,1.5635
0.305303,0.128246,0.028993;1.58833,0.265048,1.56308
0.305756,0.12908,0.0289349;1.5667,0.158588,1.55762
0.305431,0.115811,0.0328617;1.50456,0.0701078,1.57196
0.308425,0.0935158,0.0395329;1.60421,-0.0274901,1.575
0.30439,0.0968079,0.0292495;1.58826,0.0953221,1.56033
0.304737,0.0989527,0.0287471;1.57061,0.12666,1.56262
0.305041,0.0992648,0.028963;1.5865,0.114766,1.56601
0.305339,0.0997769,0.0288807;1.56946,0.0127193,1.55644
0.302755,0.0873615,0.0322599;1.51501,-0.072643,1.56205
0.302453,0.0638999,0.0387251;1.60374,-0.169274,1.57796
0.298984,0.0630329,0.0317819;1.63613,-0.0663605,1.5693
0.299528,0.0702648,0.0288585;1.57081,-0.0195042,1.55723
0.299788,0.0708639,0.0289056;1.58244,-0.0229656,1.56703
0.300321,0.0716693,0.0288351;1.57072,-0.100982,1.55865
0.297695,0.0673509,0.0299277;1.54872,-0.166692,1.5589
0.291967,0.0456859,0.0357425;1.50958,-0.278433,1.55816
0.286586,0.0282388,0.0349943;1.69599,-0.25505,1.59771
0.288048,0.0414425,0.028661;1.56359,-0.186304,1.55887
0.288739,0.0428216,0.0287379;1.57242,-0.158258,1.56467
0.290041,0.0436229,0.0286936;1.57316,-0.237,1.56833
0.289849,0.0434983,0.0288625;1.57032,-0.270972,1.55703
0.283923,0.0336151,0.0321553;1.51184,-0.350755,1.54647
0.271992,0.000916433,0.037418;1.69301,-0.436716,1.62232
0.271543,0.00789493,0.0328773;1.66102,-0.364019,1.59668
0.27469,0.0168233,0.0288868;1.57075,-0.309441,1.55615
0.275344,0.0175716,0.028907;1.58532,-0.340298,1.57347
0.275847,0.0179377,0.0288101;1.5706,-0.391234,1.55983
0.27317,0.0156469,0.0296636;1.55108,-0.44524,1.55307
0.254801,-0.0191411,0.0405823;1.62968,-0.609779,1.6092
0.251637,-0.0196151,0.0356019;1.7322,-0.529573,1.65037
0.256135,-0.00818077,0.0288006;1.5684,-0.470371,1.55724
0.257423,-0.00762929,0.0289543;1.58808,-0.463063,1.57581
0.25825,-0.0070962,0.0286844;1.57031,-0.531957,1.56516
0.257824,-0.00710911,0.0289228;1.56449,-0.568598,1.55459
0.23589,-0.0354922,0.0397098;1.61031,-0.751073,1.60147
0.229599,-0.0401976,0.0361634;1.762,-0.679002,1.68584
0.234929,-0.0303586,0.0292666;1.59266,-0.62695,1.57365
0.23702,-0.028806,0.0289826;1.59074,-0.609611,1.57907
0.238055,-0.0283899,0.0286653;1.57142,-0.683279,1.56757
0.237469,-0.0287275,0.0288885;1.5685,-0.718172,1.55476
0.237469,-0.0287275,0.0288885;1.5685,-0.718172,1.55476
0.226609,-0.0374865,0.0324529;1.48822,-0.803027,1.50676
0.226609,-0.0374865,0.0324529;1.48822,-0.803027,1.50676
