-0.125,0.125,0.06;-1.57,-2.98023e-08,-1.57
-0.125,0.125,0.06;-1.57,-2.98023e-08,-1.57
-0.125,0.125,0.06;-1.57,-2.98023e-08,-1.57
-0.125311,0.119874,0.0287323;-1.57376,-0.134878,-1.57561
-0.125383,0.119531,0.0288916;-1.56894,-0.0762171,-1.58455
-0.122686,0.131295,0.0319853;-1.51882,0.00302312,-1.57449
-0.122653,0.161254,0.0347393;-1.68226,0.0938892,-1.56748
-0.120672,0.155187,0.0288042;-1.57093,0.00545853,-1.58281
-0.120796,0.154497,0.0288752;-1.58064,0.00441481,-1.57503
-0.121283,0.153985,0.0289147;-1.585,0.0324964,-1.57237
-0.122146,0.153231,0.0288438;-1.57048,0.119321,-1.58374
-0.118559,0.162651,0.0311954;-1.52926,0.199172,-1.58215
-0.114981,0.185408,0.037349;-1.58765,0.299673,-1.56258
-0.111856,0.188287,0.0321449;-1.64046,0.226489,-1.5609
-0.112629,0.181035,0.0287636;-1.56675,0.167983,-1.58401
-0.112728,0.180679,0.0287367;-1.57561,0.151278,-1.57315
-0.113268,0.180838,0.0288654;-1.57062,0.217733,-1.58441
-0.110192,0.187788,0.0297377;-1.55471,0.296244,-1.58015
-0.104548,0.211808,0.0346796;-1.62785,0.393946,-1.55194
-0.103355,0.22111,0.036002;-1.71501,0.388222,-1.52324
-0.102265,0.215923,0.0328594;-1.66222,0.342002,-1.5478
-0.103488,0.210005,0.0288815;-1.57059,0.287332,-1.58586
-0.104044,0.208727,0.0287095;-1.57232,0.304897,-1.5762
-0.103859,0.208852,0.028851;-1.56908,0.370579,-1.58469
-0.0970509,0.222148,0.0311336;-1.53003,0.457266,-1.5902
-0.0902415,0.240719,0.0335168;-1.67716,0.499724,-1.52686
-0.0884277,0.239146,0.0315737;-1.64003,0.449793,-1.54642
-0.0904341,0.234472,0.0288918;-1.58241,0.407803,-1.57045
-0.0911122,0.234147,0.0289005;-1.58527,0.448894,-1.56716
-0.0917985,0.233743,0.0288167;-1.57081,0.495553,-1.582
-0.0769532,0.253224,0.0343906;-1.51547,0.657673,-1.60155
-0.0675891,0.270196,0.0382478;-1.69019,0.712344,-1.4943
-0.0640136,0.271037,0.0353013;-1.7315,0.653638,-1.48084
-0.0711126,0.259008,0.0286987;-1.57034,0.574242,-1.57713
-0.0716485,0.258868,0.0289164;-1.58659,0.591206,-1.56508
-0.0722463,0.258656,0.0287665;-1.57849,0.64956,-1.56894
-0.0642339,0.264722,0.0312713;-1.51376,0.763004,-1.61434
-0.0483408,0.2823,0.0372456;-1.61053,0.867632,-1.53818
-0.0399527,0.291386,0.0356604;-1.7727,0.852005,-1.42329
-0.0468669,0.281297,0.0288364;-1.57093,0.755166,-1.58466
-0.0473191,0.28118,0.0289099;-1.58557,0.755486,-1.56575
-0.0477197,0.28112,0.0288819;-1.58772,0.778461,-1.56146
-0.0461121,0.281893,0.0292572;-1.55054,0.877377,-1.59565
-0.0300185,0.293693,0.0339628;-1.48126,0.976402,-1.64242
-0.0150242,0.307687,0.0386245;-1.75552,1.04179,-1.41371
-0.0180366,0.30187,0.0288214;-1.57011,0.944253,-1.58297
-0.0190873,0.301598,0.028726;-1.5711,0.921273,-1.5771
-0.0195091,0.301828,0.0289211;-1.593,0.933796,-1.55617
-0.0199448,0.302033,0.0288384;-1.56941,1.03714,-1.58486
-0.00704228,0.307854,0.031806;-1.4679,1.11933,-1.66564
0.012529,0.32223,0.0372401;-1.84625,1.20039,-1.31995
0.0139448,0.320325,0.0290964;-1.6057,1.12577,-1.54901
0.0122841,0.319807,0.0287482;-1.57053,1.10134,-1.57904
0.0117329,0.319958,0.0289248;-1.59972,1.1104,-1.54863
0.0113968,0.320315,0.0288849;-1.56505,1.22227,-1.58961
0.0253877,0.324115,0.0316174;-1.4197,1.29849,-1.71891
0.0473867,0.33441,0.0368648;-2.14171,1.36625,-1.01909
0.0481079,0.331374,0.030676;-1.74387,1.30198,-1.40994
0.0424948,0.329754,0.0288288;-1.57042,1.26187,-1.58441
0.0419589,0.329533,0.0288599;-1.60153,1.26183,-1.54559
0.0413415,0.33015,0.0288614;-1.5702,1.35504,-1.58472
0.051439,0.33099,0.0305232;-1.3726,1.42826,-1.77098
0.0755435,0.336434,0.0354129;-2.61739,1.48814,-0.529803
0.0788663,0.335682,0.0340322;-2.38303,1.4316,-0.76986
0.072333,0.332877,0.0291285;-1.70998,1.42255,-1.43947
0.070544,0.332827,0.0287546;-1.57003,1.39048,-1.57992
0.0696088,0.332934,0.0288164;-1.58701,1.41269,-1.56355
0.0698244,0.332765,0.028892;-1.53168,1.47964,-1.62199
0.0870746,0.3325,0.032135;-0.0785226,1.52247,-3.0635
0.115611,0.337672,0.0366746;2.67893,1.40718,0.457578
0.114522,0.335546,0.0341914;2.91808,1.45908,0.215521
0.106688,0.335213,0.0288646;-1.54015,1.55075,-1.61554
0.105948,0.335418,0.0288749;-2.63094,1.55754,-0.513385
0.105338,0.335838,0.0287851;1.55876,1.5104,1.57243
0.109022,0.334446,0.0294072;1.44796,1.45962,1.6861
0.151721,0.332321,0.0380957;2.03341,1.25166,1.11508
0.157429,0.328795,0.0364871;2.14589,1.29541,1.00187
0.149209,0.328983,0.030404;1.77054,1.3739,1.36514
0.145345,0.330852,0.0289152;1.64081,1.4009,1.49748
0.144803,0.331769,0.0286944;1.56302,1.32277,1.57107
0.145721,0.331095,0.0289627;1.5461,1.28387,1.58269
0.187616,0.32191,0.0368176;1.89476,1.08371,1.26637
0.193547,0.31784,0.0366092;1.93084,1.13441,1.22966
0.186323,0.319899,0.0300125;1.66525,1.18906,1.47515
0.182711,0.322273,0.0289405;1.60824,1.22192,1.53102
0.181973,0.323276,0.0286607;1.57106,1.14581,1.56677
0.182638,0.322854,0.0288611;1.56542,1.10245,1.56369
0.221537,0.305944,0.0372331;1.81601,0.904135,1.35952
0.22592,0.301266,0.0363499;1.8296,0.956579,1.34477
0.219166,0.303982,0.0303874;1.65392,1.00893,1.49277
0.215555,0.306417,0.0288823;1.59137,1.05345,1.54858
0.214911,0.308037,0.0286956;1.56995,0.964706,1.56563
0.215297,0.307894,0.028827;1.57072,0.945774,1.55901
0.243578,0.287598,0.0364001;1.70946,0.76139,1.46724
0.247064,0.282704,0.0360159;1.77223,0.798194,1.41592
0.242098,0.285419,0.033042;1.69894,0.834297,1.46957
0.235524,0.289361,0.0286938;1.57505,0.911443,1.5643
0.23538,0.290184,0.0288899;1.58937,0.858861,1.55389
0.235164,0.290746,0.0288261;1.5706,0.826297,1.5592
0.237784,0.285279,0.0300239;1.53863,0.756636,1.58705
0.264184,0.257391,0.0384126;1.66109,0.61313,1.51902
0.263008,0.255305,0.0342473;1.71296,0.673698,1.47423
0.256384,0.26198,0.0288408;1.56724,0.732559,1.5581
0.256098,0.262998,0.0288953;1.58801,0.726076,1.55699
0.255815,0.264227,0.0287294;1.56986,0.668192,1.56367
0.256074,0.263164,0.0289271;1.56311,0.628606,1.56405
0.278866,0.231751,0.0387824;1.66695,0.445668,1.52585
0.281468,0.224719,0.0359285;1.73065,0.495636,1.48262
0.275991,0.232016,0.0293222;1.59162,0.543454,1.54997
0.275547,0.234049,0.0289414;1.58685,0.55841,1.55843
0.275684,0.235358,0.0286529;1.57087,0.485671,1.56739
0.275973,0.234733,0.028872;1.56911,0.448822,1.55829
0.292717,0.200405,0.036823;1.69264,0.264498,1.52727
0.293936,0.193057,0.0362231;1.7231,0.315309,1.51329
0.289459,0.201541,0.0296189;1.60067,0.36287,1.55164
0.289066,0.204147,0.0289129;1.58386,0.380383,1.562
0.289129,0.205262,0.0286347;1.57258,0.324248,1.56854
0.289147,0.20523,0.0288544;1.57025,0.287568,1.55742
0.297052,0.171096,0.0375771;1.60609,0.105555,1.5679
0.29964,0.159805,0.03586;1.70504,0.113365,1.54823
0.295987,0.164988,0.0329105;1.65679,0.175712,1.54932
0.294591,0.173704,0.028885;1.58081,0.221636,1.56338
0.294767,0.174043,0.0288878;1.58321,0.198786,1.56563
0.295086,0.17465,0.0287952;1.56998,0.150714,1.56006
0.294712,0.15211,0.0339581;1.52112,-0.000717908,1.57294
0.297912,0.131344,0.0385618;1.66226,-0.0699875,1.57397
0.296317,0.126563,0.0358742;1.70994,-0.0196254,1.56474
0.294174,0.140327,0.0287703;1.57055,0.0694362,1.56149
0.294394,0.140692,0.0289234;1.58358,0.0575137,1.56627
0.294824,0.141185,0.0288298;1.58038,0.0131635,1.56825
0.292308,0.13193,0.0309491;1.5343,-0.0992347,1.56282
0.290735,0.108298,0.0370311;1.58214,-0.202624,1.57668
0.28987,0.0948551,0.0368068;1.68386,-0.213054,1.5909
0.288168,0.106264,0.0288656;1.56911,-0.10048,1.5554
0.288299,0.10715,0.0288181;1.57724,-0.0957037,1.56653
0.288716,0.107448,0.0288974;1.58355,-0.122343,1.56969
0.288144,0.106721,0.0290872;1.56066,-0.223336,1.55905
0.282848,0.0884196,0.0335437;1.51663,-0.321863,1.55594
0.279505,0.0670725,0.0388469;1.67445,-0.402257,1.60733
0.277731,0.0712675,0.0290813;1.58545,-0.306617,1.56518
0.278674,0.0729779,0.0287485;1.57081,-0.282683,1.5628
0.27896,0.0732124,0.028924;1.58443,-0.293151,1.57117
0.279523,0.0734242,0.0288636;1.56867,-0.406809,1.55754
0.272227,0.0600686,0.0318936;1.52082,-0.49086,1.54576
0.264482,0.0369366,0.0369788;1.71098,-0.584492,1.63774
0.262989,0.0393728,0.0293242;1.60066,-0.496077,1.57507
0.264276,0.0409913,0.0287503;1.57053,-0.471475,1.56244
0.264808,0.041471,0.0289091;1.58482,-0.482064,1.57386
0.265886,0.0417987,0.0288632;1.57007,-0.593227,1.55653
0.256853,0.0320956,0.0318194;1.51043,-0.67556,1.52939
0.243835,0.0124758,0.0375598;1.66693,-0.773255,1.63554
0.240251,0.0134517,0.031752;1.65488,-0.681985,1.61733
0.244485,0.0185536,0.0288452;1.57331,-0.637394,1.55949
0.245091,0.0190213,0.0288973;1.58532,-0.64087,1.57465
0.246064,0.0192202,0.0288347;1.57291,-0.721048,1.56007
0.241672,0.017049,0.0297651;1.54369,-0.781466,1.54493
0.224826,0.0014474,0.035127;1.52367,-0.885566,1.53789
0.210515,-0.0122443,0.0350629;1.76207,-0.867153,1.70975
0.217892,-0.00345185,0.0288196;1.57368,-0.816877,1.56367
0.218719,-0.00293779,0.0287347;1.57291,-0.798293,1.5662
0.220534,-0.00284327,0.0287154;1.57546,-0.876861,1.57097
0.220444,-0.0027091,0.0288445;1.56961,-0.912517,1.55679
0.209813,-0.00781501,0.0316024;1.48543,-0.995926,1.49645
0.181647,-0.0285103,0.0360296;1.85479,-1.0661,1.81339
0.185195,-0.0234796,0.0327207;1.72807,-1.01889,1.6976
0.19099,-0.0196072,0.0288602;1.57016,-0.977759,1.55607
0.191814,-0.0194771,0.0288789;1.59293,-1.00453,1.58695
0.192522,-0.0195426,0.0288193;1.57067,-1.05601,1.55932
0.188553,-0.0202745,0.0294053;1.53706,-1.11519,1.53263
0.151193,-0.0397822,0.0384493;1.91673,-1.26522,1.89686
0.147637,-0.0391922,0.0354375;1.93817,-1.20182,1.9058
0.157182,-0.0342957,0.0288558;1.57293,-1.17278,1.56071
0.158478,-0.0343679,0.0289158;1.60339,-1.1631,1.59747
0.159461,-0.0345464,0.0286891;1.5679,-1.23406,1.56208
0.158793,-0.0345301,0.0288416;1.56615,-1.26851,1.55415
0.123539,-0.0460498,0.0374635;2.24731,-1.4168,2.23408
0.115479,-0.0459936,0.0358152;2.24155,-1.34954,2.21874
0.123541,-0.043512,0.0292726;1.6843,-1.35648,1.6722
0.125632,-0.043607,0.0289102;1.62372,-1.33955,1.61855
0.126676,-0.0440978,0.0285955;1.55157,-1.41173,1.54808
0.126024,-0.0441617,0.0288822;1.55247,-1.44909,1.53858
0.126024,-0.0441617,0.0288822;1.55247,-1.44909,1.53858
0.110869,-0.0441809,0.0318479;0.716589,-1.51266,0.714149
0.110869,-0.0441809,0.0318479;0.716589,-1.51266,0.714149
