-0.125,0.125,0.06;-1.57,-2.98023e-08,-1.57
-0.125,0.125,0.06;-1.57,-2.98023e-08,-1.57
-0.125,0.125,0.06;-1.57,-2.98023e-08,-1.57
-0.12536,0.120132,0.0287364;-1.57348,-0.138079,-1.57615
-0.125464,0.119848,0.0288864;-1.56948,-0.0809671,-1.58498
-0.123357,0.131352,0.0320927;-1.51798,-0.00329319,-1.57488
-0.122781,0.159579,0.0348159;-1.67981,0.0799423,-1.56601
-0.120528,0.151584,0.0288294;-1.57118,-0.0186829,-1.58335
-0.120525,0.150835,0.0288969;-1.58187,-0.0218696,-1.57518
-0.120878,0.150438,0.0289018;-1.58471,-0.00225556,-1.5725
-0.121449,0.149551,0.0288801;-1.56944,0.0842415,-1.58458
-0.117664,0.157182,0.0318752;-1.51911,0.164352,-1.58502
-0.112862,0.178818,0.0384427;-1.53026,0.267771,-1.57434
-0.109088,0.186225,0.0314077;-1.6256,0.224993,-1.5639
-0.109546,0.180135,0.0288205;-1.56975,0.160583,-1.58388
-0.109625,0.179769,0.0287483;-1.57658,0.14219,-1.57232
-0.110382,0.179543,0.0288689;-1.57065,0.188394,-1.58466
-0.107595,0.183374,0.0300849;-1.54899,0.252848,-1.58366
-0.100565,0.202513,0.0369554;-1.51084,0.356947,-1.5864
-0.0942254,0.224204,0.0353782;-1.70255,0.402754,-1.52717
-0.0929493,0.221967,0.0325791;-1.65723,0.368265,-1.54789
-0.094206,0.218557,0.0288689;-1.56951,0.336419,-1.58615
-0.0947847,0.21753,0.0287453;-1.5739,0.340997,-1.57488
-0.0946665,0.217404,0.028912;-1.56834,0.405708,-1.58654
-0.0864991,0.227285,0.0325246;-1.50281,0.492525,-1.60879
-0.0756304,0.244674,0.0359477;-1.55334,0.563441,-1.57713
-0.071368,0.249144,0.0305881;-1.62269,0.542423,-1.54936
-0.0726423,0.246914,0.028851;-1.58025,0.5167,-1.57081
-0.0731375,0.246618,0.0288773;-1.5836,0.534066,-1.56759
-0.074036,0.24629,0.0288247;-1.5708,0.576981,-1.58239
-0.0566765,0.261318,0.0354716;-1.45429,0.731998,-1.64786
-0.0445121,0.278042,0.0401994;-1.62819,0.799495,-1.52448
-0.036743,0.285243,0.0341618;-1.72418,0.787363,-1.47041
-0.0396956,0.28127,0.028729;-1.57066,0.748616,-1.57835
-0.0402295,0.281002,0.0288117;-1.58032,0.757014,-1.56834
-0.040661,0.280861,0.0288084;-1.58227,0.781155,-1.56547
-0.0314948,0.285145,0.0317705;-1.49182,0.912623,-1.63951
-0.012468,0.298622,0.0381337;-1.52968,1.02245,-1.59942
0.000542179,0.308149,0.0375276;-1.72851,1.04217,-1.43599
-0.000624686,0.306035,0.0288979;-1.56957,0.990743,-1.58698
-0.000971002,0.305789,0.0288272;-1.5835,0.982513,-1.56505
-0.00133921,0.305749,0.0288809;-1.59255,0.995427,-1.55532
-4.22865e-05,0.305835,0.0293226;-1.54383,1.10587,-1.60496
0.0184857,0.312004,0.0345534;-1.36491,1.20012,-1.76131
0.0372379,0.322471,0.0400415;-1.78249,1.27648,-1.36593
0.0404892,0.321579,0.0288728;-1.57898,1.22313,-1.57385
0.0396483,0.321469,0.0287176;-1.57111,1.19904,-1.57749
0.0390763,0.321716,0.028897;-1.60321,1.21048,-1.54426
0.0386487,0.321992,0.028884;-1.56559,1.28649,-1.59041
0.0497131,0.322023,0.0327028;-1.2635,1.36238,-1.87707
0.0703508,0.326165,0.0400306;-1.55916,1.46976,-1.57643
0.0819103,0.327278,0.0289206;-1.61433,1.46227,-1.53891
0.0815521,0.327187,0.0287442;-1.56924,1.43795,-1.5802
0.0807463,0.327176,0.0287455;-1.59874,1.44198,-1.54731
0.0800759,0.327691,0.0288391;-1.56955,1.48047,-1.58436
0.0844593,0.327164,0.0311398;-0.817441,1.52263,-2.32939
0.0988534,0.327923,0.0397667;1.17215,1.51075,1.97428
0.111193,0.326759,0.0294654;1.99705,1.51422,1.13924
0.110041,0.327135,0.0288734;1.588,1.54992,1.54032
0.109206,0.327236,0.0287513;1.74963,1.5532,1.38632
0.109118,0.327587,0.0288512;1.56025,1.54674,1.56846
0.111119,0.326644,0.0298852;1.3929,1.48548,1.74173
0.12628,0.324476,0.0373991;1.30629,1.38544,1.8349
0.143464,0.321516,0.0329735;1.94721,1.34532,1.19514
0.141548,0.320675,0.0290828;1.66221,1.39782,1.47239
0.140919,0.320775,0.0287472;1.56895,1.42286,1.56472
0.140335,0.320968,0.0288054;1.58711,1.41495,1.54537
0.140114,0.320775,0.0288664;1.56566,1.35448,1.56253
0.152139,0.315906,0.0323713;1.38379,1.26853,1.74616
0.183028,0.308646,0.035922;1.87901,1.15284,1.27976
0.184284,0.305893,0.0341981;1.86506,1.19094,1.28781
0.179513,0.307516,0.0287881;1.55991,1.21881,1.56764
0.178815,0.307898,0.0287846;1.58764,1.21951,1.551
0.178269,0.308633,0.0288068;1.5707,1.17387,1.56009
0.179015,0.307916,0.0289234;1.55351,1.1509,1.57716
0.205333,0.295649,0.0426064;1.63287,0.987854,1.52467
0.216691,0.287991,0.0368421;1.79371,0.98367,1.36878
0.214727,0.289666,0.0298211;1.62649,0.995259,1.51352
0.213458,0.290566,0.0287768;1.57863,1.02674,1.55887
0.213125,0.291256,0.0287623;1.57085,0.992867,1.56206
0.213255,0.291187,0.0288335;1.5723,0.996904,1.55842
0.228089,0.280604,0.0416148;1.5485,0.849004,1.59477
0.237492,0.271725,0.0391666;1.6904,0.856783,1.4688
0.238119,0.272221,0.0296737;1.60444,0.854911,1.53375
0.237479,0.273517,0.0287512;1.57591,0.890575,1.56155
0.23736,0.274387,0.0287558;1.57068,0.849529,1.56255
0.237589,0.274176,0.0288903;1.57514,0.856668,1.55546
0.252896,0.259783,0.0410215;1.59502,0.705083,1.55802
0.262306,0.248913,0.0369128;1.73105,0.706975,1.44815
0.261517,0.251439,0.0298708;1.60895,0.705226,1.53845
0.260186,0.25291,0.0286974;1.57089,0.741391,1.56523
0.259937,0.253613,0.0287631;1.57072,0.705744,1.56213
0.259974,0.253576,0.0288152;1.57066,0.725589,1.55957
0.270054,0.240879,0.0386987;1.5755,0.588702,1.57208
0.274464,0.232659,0.0370657;1.6652,0.605573,1.51447
0.275503,0.231238,0.0320934;1.65221,0.591096,1.51925
0.273121,0.233069,0.0286722;1.571,0.619636,1.56656
0.272736,0.233806,0.0288915;1.58401,0.613046,1.55902
0.272696,0.234401,0.0288135;1.57083,0.592706,1.55962
0.273063,0.232079,0.0296113;1.55373,0.550734,1.57241
0.288155,0.203978,0.0401965;1.60984,0.409659,1.56052
0.292177,0.193731,0.0332164;1.66945,0.405499,1.52318
0.29143,0.197465,0.0288638;1.57007,0.398458,1.55704
0.291087,0.19835,0.028699;1.57086,0.423883,1.56498
0.291268,0.198911,0.0287609;1.57035,0.392835,1.56211
0.29127,0.198853,0.0287804;1.57054,0.390788,1.56117
0.299957,0.181541,0.0403424;1.60897,0.253872,1.56477
0.303497,0.16816,0.0349134;1.70139,0.255042,1.51833
0.303513,0.171769,0.0289162;1.57431,0.250362,1.55751
0.303248,0.172737,0.0287073;1.57188,0.286188,1.56469
0.303418,0.173177,0.0286785;1.57077,0.259036,1.56621
0.303638,0.173377,0.0288281;1.57092,0.247528,1.55907
0.310039,0.152957,0.0392623;1.60124,0.102287,1.57013
0.311636,0.13997,0.0357201;1.68439,0.113204,1.5468
0.3122,0.142812,0.0289553;1.5789,0.10446,1.5602
0.312122,0.144162,0.0287009;1.57085,0.133709,1.56504
0.312159,0.144621,0.0286427;1.57045,0.125711,1.56765
0.312403,0.14487,0.0288172;1.5707,0.112242,1.55949
0.313321,0.135114,0.0378386;1.53058,0.0184765,1.57696
0.314119,0.124348,0.0399765;1.59413,0.00266704,1.57551
0.313568,0.117995,0.0317848;1.63577,0.00905002,1.56317
0.314013,0.120655,0.0287014;1.57077,0.0102256,1.56494
0.313964,0.120542,0.0287068;1.57111,0.0273483,1.56487
0.314372,0.120903,0.0288314;1.57125,0.0145115,1.55896
0.314576,0.118078,0.0320484;1.53133,-0.0373129,1.56682
0.316737,0.108933,0.0413981;1.53837,-0.104936,1.57794
0.315085,0.0991273,0.0383732;1.60834,-0.0961202,1.57402
0.315586,0.0983596,0.0287862;1.57067,-0.0920161,1.56097
0.315617,0.0988529,0.0287088;1.57103,-0.0669172,1.56449
0.315821,0.0992807,0.0287133;1.57249,-0.0741089,1.56636
0.315215,0.0987111,0.0294976;1.56323,-0.105026,1.56291
0.313696,0.0894983,0.036964;1.49993,-0.19488,1.56052
0.312319,0.0776543,0.0410828;1.55992,-0.229366,1.57463
0.310379,0.0726427,0.0288736;1.56955,-0.21855,1.55561
0.310064,0.0729961,0.0286971;1.57096,-0.19772,1.56503
0.310034,0.073137,0.0286907;1.57168,-0.186064,1.56585
0.310531,0.0733769,0.0287749;1.57056,-0.226734,1.56141
0.308426,0.0681885,0.0321323;1.5288,-0.274176,1.55751
0.307684,0.0559782,0.0411875;1.5731,-0.348631,1.58015
0.305261,0.0471222,0.0288532;1.57176,-0.340359,1.55936
0.30526,0.0475371,0.0287462;1.57063,-0.335517,1.56284
0.30528,0.0477863,0.0287049;1.57087,-0.317874,1.56477
0.305652,0.0479537,0.0288169;1.57069,-0.34762,1.55947
0.30465,0.04709,0.0301302;1.57901,-0.363459,1.56892
0.303323,0.0392992,0.0392193;1.57818,-0.426565,1.57786
0.300817,0.0350396,0.0288679;1.57112,-0.40177,1.55773
0.300983,0.0352076,0.028761;1.57066,-0.397124,1.56218
0.30103,0.0354812,0.0286886;1.5709,-0.395389,1.5656
0.301275,0.035685,0.028838;1.57066,-0.398105,1.55844
0.300713,0.0355191,0.0298016;1.5718,-0.413558,1.56478
0.298304,0.0317057,0.039327;1.54825,-0.457441,1.56383
0.292207,0.0237023,0.0293413;1.59952,-0.452075,1.5767
0.292927,0.0245572,0.028878;1.57216,-0.449231,1.55807
0.292946,0.0249566,0.0286923;1.57083,-0.44751,1.56556
0.293393,0.0253023,0.0288303;1.57076,-0.452617,1.55882
0.292904,0.0252863,0.0288414;1.57169,-0.460133,1.56078
0.290722,0.0230739,0.0341581;1.49243,-0.496836,1.52768
0.279653,0.00735789,0.0375042;1.56565,-0.568054,1.56514
0.278405,0.00635127,0.0288454;1.57108,-0.560059,1.55818
0.278461,0.00664256,0.0287138;1.5708,-0.557831,1.56451
0.278678,0.00700359,0.0286985;1.57089,-0.55012,1.56506
0.27898,0.00711336,0.0288301;1.57062,-0.563233,1.55888
0.278254,0.00694863,0.0299297;1.55802,-0.579271,1.55672
0.268578,-0.00613063,0.0410267;1.54446,-0.665932,1.55929
0.264861,-0.00928023,0.0306342;1.63241,-0.647534,1.6011
0.266029,-0.00827953,0.0288898;1.5704,-0.645308,1.55569
0.266128,-0.00777557,0.0286794;1.57075,-0.628611,1.56609
0.266459,-0.00783361,0.0288207;1.57063,-0.655713,1.55932
0.266153,-0.0077804,0.0288098;1.57294,-0.663945,1.56264
0.260883,-0.0138868,0.0418989;1.53375,-0.725749,1.55291
0.259014,-0.014264,0.0386313;1.58365,-0.693926,1.57505
0.259084,-0.0135877,0.0289202;1.57345,-0.681351,1.55853
0.259233,-0.0132596,0.0286938;1.57074,-0.673889,1.56538
0.259394,-0.0131138,0.0287335;1.57071,-0.685815,1.56346
0.259454,-0.0130668,0.0288095;1.57113,-0.697194,1.56034
0.255346,-0.016598,0.0398083;1.54685,-0.753261,1.55698
0.251755,-0.0185251,0.0397218;1.57783,-0.740733,1.56721
0.250779,-0.0184259,0.0288992;1.57393,-0.718932,1.55996
0.251224,-0.0179927,0.0286803;1.57085,-0.717361,1.56602
0.25129,-0.0177747,0.0286601;1.57075,-0.729267,1.56706
0.251536,-0.0178217,0.0288717;1.57282,-0.737554,1.55964
0.251536,-0.0178217,0.0288717;1.57282,-0.737554,1.55964
0.25069,-0.0179784,0.0303269;1.55693,-0.759122,1.55332
0.25069,-0.0179784,0.0303269;1.55693,-0.759122,1.55332
