-0.125,0.125,0.06;-1.57,-2.98023e-08,-1.57
-0.125,0.125,0.06;-1.57,-2.98023e-08,-1.57
-0.125,0.125,0.06;-1.57,-2.98023e-08,-1.57
-0.125288,0.119934,0.0287294;-1.5736,-0.133659,-1.57582
-0.125178,0.119444,0.028872;-1.56912,-0.0732935,-1.58397
-0.122711,0.130407,0.0321588;-1.51598,0.0083769,-1.57498
-0.122114,0.157575,0.0348563;-1.68112,0.0797901,-1.56586
-0.120385,0.14942,0.0288325;-1.57098,-0.0152256,-1.58336
-0.120434,0.148788,0.0288781;-1.5813,-0.0165024,-1.57479
-0.120755,0.148518,0.0289058;-1.58518,0.00592602,-1.57219
-0.121296,0.147921,0.028869;-1.57031,0.0866647,-1.58475
-0.117621,0.156195,0.0319663;-1.51595,0.1662,-1.58544
-0.112784,0.177762,0.0385655;-1.52758,0.271069,-1.57481
-0.108879,0.18263,0.0313192;-1.61995,0.207362,-1.56386
-0.109577,0.174726,0.0288512;-1.57,0.132987,-1.58461
-0.109683,0.174164,0.0287735;-1.57754,0.118447,-1.57262
-0.110673,0.173935,0.0288762;-1.57065,0.197064,-1.58495
-0.107359,0.180709,0.0303758;-1.54445,0.271786,-1.58413
-0.10068,0.203434,0.0359126;-1.57283,0.376793,-1.56833
-0.0979563,0.215316,0.0361061;-1.71005,0.36987,-1.52301
-0.096834,0.208809,0.0330665;-1.66331,0.303692,-1.54958
-0.0986796,0.201808,0.0288445;-1.57015,0.256875,-1.58577
-0.0989381,0.200809,0.0287399;-1.57362,0.268807,-1.57524
-0.0992164,0.200425,0.0288868;-1.56957,0.330028,-1.58611
-0.0919582,0.212778,0.0322141;-1.50971,0.417419,-1.59892
-0.0841645,0.231414,0.0347324;-1.62357,0.467191,-1.54442
-0.0826928,0.230549,0.0315024;-1.63721,0.413225,-1.54933
-0.0854004,0.225777,0.0288784;-1.58629,0.359015,-1.57018
-0.0859695,0.225742,0.0288702;-1.58563,0.398199,-1.56791
-0.0864417,0.225524,0.028816;-1.57067,0.443827,-1.58199
-0.0723595,0.24372,0.0349562;-1.48779,0.606705,-1.61572
-0.0630573,0.260026,0.0396633;-1.63846,0.660647,-1.52398
-0.0599777,0.261138,0.0350294;-1.71999,0.595614,-1.48976
-0.0665357,0.247825,0.0287335;-1.57087,0.498662,-1.57813
-0.0672137,0.247677,0.0289666;-1.58906,0.518164,-1.56462
-0.0682411,0.247234,0.0287678;-1.57879,0.578276,-1.56874
-0.060827,0.252984,0.0314886;-1.51391,0.692591,-1.61225
-0.0459754,0.270599,0.0375311;-1.56627,0.798819,-1.56843
-0.0382221,0.279878,0.0373437;-1.71331,0.790059,-1.46818
-0.0449566,0.267026,0.0288563;-1.57109,0.662463,-1.58525
-0.0452973,0.266874,0.0289314;-1.58633,0.661294,-1.56596
-0.0456391,0.266786,0.0289265;-1.58982,0.684379,-1.56081
-0.0445808,0.266743,0.0293426;-1.55054,0.780728,-1.5959
-0.0299759,0.278469,0.0345937;-1.45256,0.881497,-1.66082
-0.0154255,0.292691,0.0405255;-1.64101,0.952567,-1.50754
-0.0195937,0.283267,0.0287688;-1.56609,0.814591,-1.58615
-0.020655,0.282605,0.0287315;-1.57196,0.78934,-1.57638
-0.0212016,0.282693,0.0289826;-1.59469,0.805728,-1.55652
-0.0219574,0.282665,0.0289044;-1.56576,0.908235,-1.58824
-0.0101715,0.288163,0.0324755;-1.46227,0.990874,-1.66546
0.00801646,0.301228,0.039293;-1.63514,1.09116,-1.50889
0.00713058,0.296426,0.029009;-1.59092,0.969336,-1.56333
0.00542042,0.295615,0.0287382;-1.57043,0.940472,-1.57855
0.00482306,0.295864,0.0289904;-1.5997,0.957577,-1.55043
0.00398193,0.295796,0.0288789;-1.56888,1.06215,-1.58676
0.0169744,0.300409,0.0319409;-1.45256,1.14431,-1.68271
0.0370816,0.311607,0.0386374;-1.7293,1.23873,-1.41908
0.0352308,0.305704,0.0301389;-1.65114,1.1159,-1.50406
0.030254,0.303661,0.0288457;-1.57078,1.07382,-1.58496
0.0297069,0.303772,0.0289377;-1.59852,1.07985,-1.55053
0.0290555,0.304191,0.0288756;-1.57043,1.17894,-1.58525
0.0387387,0.305803,0.0304533;-1.48694,1.25375,-1.65575
0.0607532,0.31409,0.0360382;-1.73125,1.35228,-1.41245
0.0648386,0.314061,0.0338319;-1.89348,1.28877,-1.26043
0.056649,0.309329,0.0291418;-1.63039,1.23396,-1.52219
0.05501,0.309014,0.028759;-1.57067,1.19832,-1.57939
0.0540588,0.30913,0.0288354;-1.58058,1.22271,-1.57025
0.0543208,0.308813,0.0288722;-1.56252,1.28765,-1.59251
0.0708861,0.310488,0.0323416;-1.30512,1.37427,-1.83294
0.0987517,0.319399,0.0366121;-2.44488,1.3982,-0.706028
0.0961441,0.315098,0.0343231;-2.13817,1.35928,-1.02118
0.0870123,0.311875,0.0288745;-1.56446,1.33053,-1.59241
0.0859308,0.31226,0.0289406;-1.63942,1.35286,-1.50642
0.0846552,0.312616,0.0288;-1.5679,1.41807,-1.58434
0.0876703,0.311506,0.0295037;-1.43397,1.46369,-1.71553
0.128019,0.314811,0.0412889;2.2942,1.47189,0.853214
0.133209,0.312135,0.0370311;3.10825,1.42065,0.0299356
0.122615,0.309451,0.0302651;-2.14425,1.49933,-1.00555
0.118338,0.310499,0.029011;-1.77916,1.48925,-1.3671
0.117099,0.31142,0.0287406;0,1.57045,3.13402
0.118416,0.310889,0.0289768;1.38509,1.53321,1.74359
0.15716,0.308302,0.0394227;1.90842,1.33427,1.24181
0.165126,0.30519,0.0363951;2.31555,1.35022,0.826184
0.155138,0.304034,0.0303305;1.95053,1.46217,1.18557
0.150417,0.305724,0.0290034;1.77,1.48896,1.36796
0.149331,0.306561,0.0287102;1.56447,1.41875,1.56984
0.15041,0.305992,0.0289124;1.55945,1.38258,1.56706
0.189378,0.297253,0.0385007;1.83198,1.18389,1.3224
0.196118,0.293278,0.0364377;2.01751,1.2194,1.13646
0.184671,0.294054,0.0306873;1.75719,1.3193,1.38438
0.178999,0.296549,0.0289727;1.63798,1.35412,1.50066
0.178041,0.297331,0.0287346;1.56842,1.28908,1.56527
0.178449,0.297105,0.0288618;1.56989,1.26495,1.55806
0.210768,0.284339,0.0374254;1.70439,1.07912,1.45336
0.217071,0.279855,0.0355581;1.877,1.11577,1.28661
0.209918,0.281642,0.033026;1.76343,1.15779,1.39348
0.20102,0.2841,0.0287153;1.58289,1.24354,1.55674
0.200628,0.285007,0.0289186;1.60821,1.18923,1.53358
0.200607,0.285321,0.0288364;1.57001,1.1623,1.55923
0.204387,0.281333,0.0300108;1.52568,1.10134,1.60335
0.237579,0.262737,0.0386129;1.69315,0.950209,1.4759
0.235405,0.260639,0.0344085;1.78125,1.02183,1.38541
0.224158,0.264499,0.0288221;1.56159,1.10458,1.56508
0.223585,0.265642,0.02893;1.60498,1.09651,1.53704
0.223643,0.2665,0.0287491;1.57108,1.03094,1.56204
0.224026,0.265662,0.0289794;1.5573,0.992839,1.56964
0.253757,0.241797,0.0399822;1.63666,0.808055,1.52903
0.257137,0.236211,0.0358317;1.79296,0.867941,1.39838
0.246939,0.241328,0.0292107;1.60255,0.945301,1.53694
0.245983,0.243412,0.0290189;1.60245,0.955088,1.54115
0.245677,0.244582,0.0286398;1.57112,0.873631,1.56763
0.246095,0.244013,0.0288772;1.56923,0.837941,1.55755
0.271337,0.216837,0.0385684;1.64414,0.652316,1.52837
0.275041,0.210167,0.0357923;1.74675,0.704915,1.45012
0.264657,0.217112,0.0294977;1.60766,0.787796,1.53869
0.263188,0.219948,0.0290056;1.59524,0.80045,1.54962
0.26281,0.220918,0.0286952;1.57572,0.737337,1.56565
0.2628,0.221103,0.0288633;1.57022,0.705567,1.5573
0.281965,0.193124,0.037515;1.60644,0.526468,1.55784
0.287474,0.184508,0.03648;1.7035,0.53425,1.50468
0.280374,0.18779,0.0327287;1.67126,0.614949,1.50702
0.274167,0.195071,0.0289588;1.58805,0.672001,1.55523
0.274199,0.195626,0.0289469;1.58955,0.641793,1.55684
0.27408,0.196395,0.0288181;1.5707,0.59577,1.55954
0.28209,0.173652,0.0337939;1.521,0.433417,1.59329
0.292222,0.157133,0.0396458;1.63431,0.366809,1.55416
0.292568,0.152298,0.0355478;1.7066,0.417958,1.51477
0.283759,0.165551,0.0287581;1.57054,0.533508,1.56186
0.283923,0.166092,0.0290042;1.59021,0.51602,1.55753
0.284207,0.167136,0.0288393;1.58177,0.458457,1.56327
0.285035,0.15823,0.0308844;1.53568,0.343486,1.57697
0.292066,0.135921,0.0370305;1.58094,0.23416,1.5756
0.296007,0.124377,0.0371359;1.66876,0.221977,1.55272
0.287385,0.135765,0.0288824;1.57091,0.366034,1.55549
0.287348,0.136157,0.0289074;1.58248,0.373724,1.56162
0.287607,0.136597,0.0289569;1.58757,0.350132,1.56255
0.287326,0.135595,0.0290663;1.56185,0.254301,1.56222
0.289165,0.117206,0.0336028;1.51492,0.151516,1.58028
0.294449,0.0975252,0.0402095;1.6218,0.0728186,1.57405
0.287457,0.10416,0.0289788;1.58143,0.224099,1.55965
0.287549,0.106057,0.0287377;1.57067,0.250712,1.563
0.288069,0.106431,0.0290322;1.58975,0.231976,1.56292
0.288328,0.107354,0.0288675;1.56928,0.129237,1.55743
0.287463,0.0938232,0.0322194;1.52019,0.0383266,1.56919
0.289586,0.0711776,0.0385676;1.62597,-0.058462,1.57847
0.284051,0.0757736,0.029242;1.59538,0.0778134,1.56123
0.284328,0.0775432,0.0287682;1.57104,0.106942,1.56185
0.284729,0.077816,0.0290045;1.58803,0.0923899,1.56579
0.285201,0.0784259,0.0288693;1.57014,-0.00609002,1.55679
0.282364,0.0657655,0.0314712;1.53,-0.0925219,1.56323
0.28154,0.0425536,0.0380151;1.62774,-0.190211,1.58538
0.27731,0.0426321,0.0314868;1.6309,-0.0712859,1.5696
0.277602,0.0488329,0.0288235;1.57129,-0.0240033,1.5577
0.278086,0.0494362,0.02899;1.58572,-0.0333274,1.56645
0.278936,0.0506566,0.0288304;1.57075,-0.117425,1.5591
0.276724,0.0471119,0.0295606;1.5549,-0.179809,1.55958
0.270598,0.0259289,0.0350446;1.54025,-0.286916,1.56678
0.265136,0.00895835,0.0346683;1.68273,-0.260561,1.59931
0.265235,0.0208939,0.0288032;1.5729,-0.178138,1.562
0.265699,0.0217419,0.0287137;1.57309,-0.152019,1.56633
0.267148,0.0219404,0.0287593;1.57828,-0.240087,1.56857
0.267123,0.0221122,0.0288517;1.56988,-0.280802,1.55699
0.260902,0.0118653,0.031183;1.53019,-0.369193,1.55245
0.24852,-0.0209991,0.0358574;1.71052,-0.445856,1.63442
0.24786,-0.012045,0.0324934;1.65495,-0.358608,1.59418
0.249444,-0.00484656,0.028892;1.57081,-0.3008,1.55556
0.250946,-0.00392904,0.0289453;1.5869,-0.347444,1.57374
0.251784,-0.00315622,0.0287975;1.57063,-0.404635,1.56049
0.249465,-0.00492567,0.0293463;1.55788,-0.460594,1.55595
0.229824,-0.0389389,0.0396612;1.64533,-0.625925,1.6218
0.22631,-0.0400588,0.0352135;1.71058,-0.546729,1.64242
0.22922,-0.0288022,0.0289047;1.57409,-0.466516,1.55996
0.230728,-0.0282021,0.0289982;1.58989,-0.46515,1.57619
0.232288,-0.0272813,0.0287197;1.57092,-0.547587,1.56455
0.232101,-0.027263,0.0288661;1.56804,-0.589609,1.55597
0.208996,-0.0551144,0.0388384;1.63857,-0.770859,1.62405
0.202313,-0.059636,0.0352853;1.74829,-0.697195,1.68113
0.206297,-0.0501018,0.0293106;1.59847,-0.631734,1.58046
0.208984,-0.0488196,0.0290364;1.59361,-0.624716,1.58047
0.210523,-0.0482533,0.0286551;1.56943,-0.716745,1.56547
0.210323,-0.0483046,0.0288726;1.56971,-0.754913,1.55557
0.210323,-0.0483046,0.0288726;1.56971,-0.754913,1.55557
0.198884,-0.0565307,0.0316171;1.51178,-0.844489,1.52309
0.198884,-0.0565307,0.0316171;1.51178,-0.844489,1.52309
