-0.125,0.125,0.06;-1.57,-2.98023e-08,-1.57
-0.125,0.125,0.06;-1.57,-2.98023e-08,-1.57
-0.125,0.125,0.06;-1.57,-2.98023e-08,-1.57
-0.125408,0.11947,0.0287205;-1.57313,-0.119762,-1.57551
-0.125384,0.118908,0.0288877;-1.56888,-0.0566116,-1.58451
-0.123211,0.129593,0.0325924;-1.50703,0.018548,-1.57547
-0.122453,0.158019,0.034794;-1.68229,0.0869955,-1.56749
-0.121143,0.149838,0.0288321;-1.5709,-0.00671273,-1.58331
-0.121051,0.149552,0.0289196;-1.58391,-0.0126756,-1.57428
-0.121328,0.149434,0.0288908;-1.58463,0.00168777,-1.572
-0.121886,0.148291,0.0288717;-1.5692,0.10274,-1.58438
-0.118228,0.155923,0.0322239;-1.51079,0.183557,-1.58642
-0.113145,0.177793,0.0386874;-1.50357,0.292734,-1.58111
-0.109853,0.181373,0.0311709;-1.62106,0.23206,-1.56525
-0.111504,0.172368,0.0288102;-1.57127,0.154474,-1.58417
-0.111362,0.17204,0.0287315;-1.57646,0.132397,-1.57176
-0.111642,0.172155,0.0288382;-1.57069,0.203351,-1.58311
-0.108115,0.178341,0.0304133;-1.53772,0.273123,-1.58386
-0.101625,0.200625,0.0364263;-1.52609,0.379279,-1.5815
-0.09781,0.215189,0.0364791;-1.72242,0.37499,-1.52322
-0.0974684,0.208955,0.0334423;-1.67069,0.315778,-1.547
-0.100331,0.200669,0.0288154;-1.57191,0.267086,-1.5857
-0.10054,0.199814,0.0287358;-1.57486,0.275499,-1.57309
-0.100576,0.199463,0.0288287;-1.56963,0.341404,-1.58357
-0.0934425,0.211004,0.032658;-1.49462,0.426062,-1.60318
-0.0856344,0.229344,0.0356461;-1.59534,0.477861,-1.56
-0.0839577,0.229585,0.0319502;-1.64616,0.424539,-1.54697
-0.0866306,0.224666,0.0288953;-1.58636,0.372733,-1.56922
-0.0868688,0.22469,0.0288889;-1.58638,0.405092,-1.56706
-0.0877269,0.224154,0.0287864;-1.57019,0.467176,-1.58114
-0.0728738,0.242558,0.0354257;-1.44911,0.629046,-1.63735
-0.0631473,0.259356,0.040817;-1.62032,0.687879,-1.53743
-0.0594716,0.260322,0.0359014;-1.75407,0.616962,-1.47035
-0.0673722,0.247058,0.0287453;-1.57096,0.528502,-1.57872
-0.0676395,0.246917,0.0289494;-1.58856,0.536235,-1.56437
-0.0681518,0.246582,0.0287769;-1.57963,0.593527,-1.56794
-0.0609646,0.251625,0.0318286;-1.49631,0.71876,-1.62228
-0.0455534,0.269295,0.0379512;-1.52255,0.822859,-1.5972
-0.037621,0.277807,0.0388269;-1.70677,0.810575,-1.47668
-0.0464764,0.266742,0.0289142;-1.57125,0.700269,-1.58646
-0.0469131,0.26638,0.0288595;-1.58406,0.70163,-1.56553
-0.0471441,0.266506,0.0289124;-1.58989,0.718235,-1.56
-0.0462394,0.266353,0.0294309;-1.54663,0.821294,-1.59687
-0.0320255,0.276804,0.0349875;-1.40371,0.917625,-1.69982
-0.0171067,0.290453,0.0412949;-1.60639,0.994577,-1.53713
-0.0228058,0.281589,0.0287247;-1.5609,0.857329,-1.59129
-0.0238484,0.28108,0.0287368;-1.57176,0.828886,-1.57695
-0.0240614,0.281194,0.0289655;-1.59497,0.838789,-1.55538
-0.0252788,0.280596,0.0289575;-1.56265,0.946077,-1.59157
-0.0138092,0.285962,0.03348;-1.41992,1.02488,-1.70373
0.0051392,0.298864,0.0400285;-1.57572,1.12885,-1.56176
0.00279553,0.295798,0.0290925;-1.59747,1.01094,-1.55868
0.00104193,0.295277,0.0287572;-1.57003,0.980733,-1.58007
0.000846774,0.295429,0.028982;-1.60116,0.988889,-1.54824
0.000137979,0.295339,0.0288835;-1.56867,1.09314,-1.58744
0.0127568,0.299468,0.0329652;-1.39302,1.17187,-1.73815
0.0334357,0.310174,0.0391547;-1.66812,1.27428,-1.47634
0.0309874,0.306127,0.0310578;-1.6962,1.16124,-1.46582
0.023111,0.302864,0.0289325;-1.57459,1.11119,-1.58368
0.0226171,0.302697,0.0288989;-1.59821,1.10998,-1.54945
0.0220857,0.303004,0.0287604;-1.5705,1.20266,-1.57965
0.029157,0.303899,0.0309369;-1.43949,1.27147,-1.69819
0.0503109,0.311532,0.0367695;-1.42017,1.36973,-1.70835
0.0572646,0.311585,0.034741;-2.00259,1.30811,-1.16328
0.0494193,0.307902,0.0305617;-1.67878,1.26614,-1.48244
0.0460152,0.307341,0.0288248;-1.57591,1.23701,-1.57637
0.0451461,0.307212,0.028741;-1.57551,1.25736,-1.57335
0.0451619,0.306846,0.0288061;-1.55397,1.32217,-1.59497
0.0597412,0.308167,0.033069;-1.13026,1.39445,-2.0036
0.0908496,0.315947,0.0376561;-2.61199,1.4069,-0.548585
0.0912409,0.313738,0.0356364;-2.32599,1.38095,-0.836634
0.0808164,0.312564,0.0288507;-1.52252,1.39893,-1.63582
0.0801172,0.313041,0.0289317;-1.66226,1.40767,-1.48276
0.0788047,0.313397,0.02873;-1.56303,1.47998,-1.58627
0.0817906,0.312086,0.0297758;-1.11763,1.52181,-2.02989
0.12211,0.312826,0.0418923;1.99303,1.42583,1.15201
0.127897,0.310324,0.0381518;2.76029,1.39427,0.376631
0.115896,0.308712,0.030679;3.00371,1.52826,0.128606
0.110774,0.309813,0.0289943;-2.07461,1.53583,-1.07048
0.109727,0.310543,0.0287342;1.55961,1.52095,1.57431
0.110761,0.309668,0.0290977;1.45685,1.47353,1.67044
0.149281,0.305449,0.0405839;1.76125,1.28292,1.38515
0.15814,0.302048,0.037195;2.21818,1.29245,0.930636
0.148116,0.302485,0.030782;1.8116,1.3917,1.32269
0.142672,0.3048,0.0289673;1.67864,1.42756,1.46067
0.141927,0.30555,0.0287275;1.56819,1.34881,1.56585
0.142624,0.30496,0.0289326;1.55026,1.30987,1.57807
0.181238,0.294594,0.0393891;1.73741,1.12191,1.41646
0.189291,0.289879,0.0368566;1.96698,1.15381,1.19257
0.179658,0.292417,0.0319245;1.75081,1.22379,1.38895
0.171569,0.296893,0.0288951;1.60986,1.26558,1.53007
0.171112,0.297693,0.0287151;1.56868,1.18454,1.56553
0.17153,0.297261,0.0286747;1.57022,1.15598,1.56682
0.201915,0.282486,0.0374885;1.5812,0.98779,1.572
0.207929,0.276141,0.0362742;1.8557,1.02217,1.31498
0.203328,0.277943,0.0346888;1.79148,1.04979,1.36703
0.191112,0.285121,0.0289217;1.59179,1.13419,1.5442
0.19065,0.285707,0.028913;1.60198,1.0925,1.54132
0.190133,0.286168,0.0287599;1.57061,1.05551,1.56233
0.192598,0.282509,0.0304987;1.50956,0.988799,1.61676
0.222687,0.259835,0.0405069;1.65436,0.842307,1.50439
0.221926,0.257833,0.0359844;1.80042,0.903284,1.38002
0.213781,0.264782,0.0288937;1.56402,0.958305,1.55812
0.21324,0.265955,0.0289014;1.59376,0.954249,1.54981
0.212958,0.266944,0.0287444;1.56933,0.890562,1.56333
0.213092,0.265861,0.029167;1.55033,0.852386,1.57152
0.23921,0.239254,0.0413884;1.59247,0.66775,1.55971
0.242661,0.232955,0.0382122;1.7756,0.725119,1.42192
0.234669,0.240496,0.030279;1.61006,0.78868,1.52889
0.232461,0.244085,0.0289749;1.59416,0.814125,1.55064
0.232258,0.245099,0.0286528;1.57081,0.747662,1.56742
0.232423,0.244547,0.0289476;1.56382,0.709442,1.56155
0.254806,0.215094,0.0394969;1.60914,0.527992,1.55234
0.256869,0.207347,0.0372631;1.76799,0.579229,1.44558
0.251563,0.214418,0.0320276;1.64297,0.634583,1.50969
0.249242,0.220609,0.0289825;1.5899,0.643203,1.55518
0.249185,0.221236,0.0286919;1.57581,0.587547,1.56682
0.249007,0.221432,0.0287574;1.56936,0.543343,1.56358
0.26422,0.190788,0.0379827;1.54609,0.369946,1.59117
0.267775,0.180596,0.0383501;1.70445,0.379117,1.50748
0.264282,0.182574,0.0352236;1.69865,0.447007,1.49943
0.260201,0.195794,0.0290898;1.58998,0.496513,1.55388
0.260155,0.196296,0.028866;1.58432,0.478007,1.56277
0.260247,0.197026,0.0286876;1.57025,0.423509,1.56536
0.264351,0.178397,0.0347762;1.4711,0.27177,1.60543
0.272057,0.159584,0.0404387;1.59572,0.207167,1.57148
0.269256,0.155477,0.0382033;1.71173,0.257531,1.51847
0.26512,0.170933,0.0289463;1.57477,0.34542,1.55588
0.265237,0.171281,0.0290255;1.58839,0.339295,1.56
0.265427,0.172012,0.0288229;1.58121,0.292126,1.56603
0.264885,0.164659,0.0315483;1.51956,0.171159,1.577
0.269204,0.141017,0.0375652;1.51623,0.0686924,1.58592
0.270417,0.12755,0.0394213;1.66626,0.0587408,1.55562
0.267437,0.139517,0.0289753;1.57054,0.16759,1.55208
0.267647,0.140055,0.0289718;1.58318,0.171216,1.56212
0.267862,0.140551,0.0288901;1.58391,0.151215,1.5668
0.267487,0.139985,0.029513;1.55566,0.0482519,1.55909
0.266028,0.122458,0.0352635;1.46855,-0.0533493,1.56527
0.266931,0.101217,0.0416676;1.59875,-0.133196,1.5761
0.264255,0.107556,0.0300152;1.59402,-0.00969494,1.55613
0.265106,0.110935,0.0287972;1.57133,0.0157775,1.56055
0.265336,0.111219,0.0289582;1.58619,0.00511213,1.5678
0.265954,0.112017,0.0289382;1.56555,-0.100279,1.55748
0.262505,0.0991056,0.0333206;1.4927,-0.180685,1.55513
0.260129,0.0759946,0.039626;1.59507,-0.278382,1.58072
0.256453,0.0771969,0.0319171;1.62459,-0.171072,1.55971
0.259248,0.082759,0.0289112;1.57372,-0.15641,1.55835
0.259538,0.0829032,0.029003;1.5872,-0.162758,1.56919
0.260065,0.0838373,0.0287336;1.56881,-0.264509,1.56436
0.254691,0.0730631,0.0320796;1.51017,-0.345311,1.55133
0.24843,0.0503075,0.0379297;1.58242,-0.441185,1.58584
0.242951,0.0503372,0.0346199;1.67686,-0.339691,1.58791
0.248232,0.0613732,0.0289668;1.57192,-0.310142,1.55333
0.248878,0.0615127,0.0291182;1.58964,-0.305976,1.56845
0.249627,0.0625867,0.0286864;1.5706,-0.383131,1.56559
0.2464,0.0595949,0.0297489;1.54871,-0.446495,1.55797
0.236056,0.0420803,0.0352208;1.47332,-0.54933,1.53287
0.224734,0.0292263,0.0367737;1.7444,-0.523187,1.63974
0.229761,0.0387695,0.0313698;1.6139,-0.467959,1.56686
0.232892,0.0422007,0.0289867;1.57913,-0.450157,1.56259
0.23434,0.0430185,0.0287189;1.57506,-0.519526,1.57001
0.234311,0.043451,0.0287124;1.56965,-0.568309,1.56362
0.226496,0.0358522,0.0321728;1.49531,-0.651396,1.52539
0.205942,0.00890578,0.0386441;1.72977,-0.728815,1.66391
0.206463,0.012579,0.034661;1.70715,-0.663813,1.6407
0.214004,0.0193594,0.0289455;1.57071,-0.641394,1.55335
0.214978,0.019654,0.028891;1.58747,-0.663709,1.57912
0.215699,0.0201547,0.0287871;1.57066,-0.721764,1.56097
0.212827,0.0192384,0.0298652;1.54028,-0.771052,1.54112
0.18418,-0.00840784,0.0415823;1.64255,-0.93408,1.62856
0.180684,-0.00906431,0.037489;1.80225,-0.84873,1.73359
0.189099,-0.00157383,0.0294724;1.5894,-0.815545,1.56822
0.191587,-0.000476034,0.0289184;1.59073,-0.811211,1.58259
0.192574,-0.000477838,0.0286615;1.56997,-0.878695,1.56558
0.191769,-0.000520899,0.0289951;1.55593,-0.923057,1.54745
0.16103,-0.0211066,0.0397479;1.59466,-1.10294,1.59828
0.153234,-0.0218216,0.0375923;1.88772,-1.01746,1.82179
0.159246,-0.0169089,0.0318617;1.66409,-0.987781,1.62769
0.165956,-0.0152448,0.0290104;1.60027,-0.983047,1.59089
0.166901,-0.0149433,0.0286393;1.57063,-1.05586,1.56777
0.166299,-0.0148933,0.0286935;1.56831,-1.1063,1.56373
0.166299,-0.0148933,0.0286935;1.56831,-1.1063,1.56373
0.154301,-0.0190263,0.0321691;1.42015,-1.18904,1.43441
0.154301,-0.0190263,0.0321691;1.42015,-1.18904,1.43441
