-0.125,0.125,0.06;-1.57,-2.98023e-08,-1.57
-0.125,0.125,0.06;-1.57,-2.98023e-08,-1.57
-0.125,0.125,0.06;-1.57,-2.98023e-08,-1.57
-0.124073,0.137225,0.0423045;-1.56987,-0.228108,-1.56962
-0.123854,0.138059,0.0424613;-1.57093,-0.184183,-1.56651
-0.126448,0.132737,0.0463704;-1.57251,-0.0601052,-1.55512
-0.126156,0.0936647,0.0560726;-1.42357,0.0410484,-1.54809
-0.126094,0.0989972,0.0422743;-1.56924,-0.103383,-1.57046
-0.12721,0.0994985,0.0423238;-1.57094,-0.15999,-1.5708
-0.127699,0.0993855,0.0423314;-1.57074,-0.179611,-1.57082
-0.126239,0.100088,0.0425095;-1.57085,-0.0910168,-1.56474
-0.128448,0.0957518,0.0455201;-1.56547,0.0281513,-1.55262
-0.13053,0.0669936,0.0616617;-1.47642,0.170398,-1.55511
-0.132162,0.0565535,0.0508417;-1.47396,0.0735425,-1.56218
-0.13289,0.0699641,0.0423062;-1.58095,-0.00788384,-1.57046
-0.132672,0.0703813,0.0424773;-1.56582,-0.071213,-1.57031
-0.131329,0.0710032,0.0424645;-1.5708,0.0171228,-1.56647
-0.133689,0.0693242,0.0446738;-1.57519,0.0981599,-1.55104
-0.138009,0.0498778,0.0566277;-1.52509,0.206824,-1.54943
-0.136755,0.0217099,0.0618667;-1.3809,0.198327,-1.57215
-0.134128,0.0374121,0.0523082;-1.45375,0.08152,-1.57486
-0.132764,0.053027,0.0421189;-1.56968,-0.0112365,-1.57118
-0.13307,0.0530209,0.0423317;-1.57061,-0.0216899,-1.57093
-0.131842,0.0542723,0.0425733;-1.57114,0.0691091,-1.56252
-0.137515,0.0460165,0.0466427;-1.57722,0.185578,-1.54645
-0.142948,0.0197867,0.0563678;-1.43886,0.259988,-1.57004
-0.146206,0.0129659,0.0484914;-1.49835,0.182981,-1.57504
-0.146401,0.0159213,0.0423301;-1.57074,0.0782429,-1.57083
-0.146318,0.015693,0.0423799;-1.56916,0.0728436,-1.57102
-0.144672,0.0155679,0.0423516;-1.56982,0.152805,-1.57085
-0.154185,-0.00300897,0.0538726;-1.48727,0.416847,-1.57913
-0.162046,-0.0342883,0.0646366;-1.37576,0.502312,-1.61175
-0.16525,-0.0412244,0.0574952;-1.40333,0.411892,-1.6173
-0.156487,-0.024022,0.0423269;-1.57082,0.230255,-1.57068
-0.157443,-0.0235859,0.0423288;-1.57079,0.182448,-1.57081
-0.156373,-0.0243759,0.042447;-1.56686,0.246995,-1.57166
-0.157738,-0.0231141,0.045593;-1.57909,0.421093,-1.54446
-0.16679,-0.0424631,0.0594733;-1.4782,0.535506,-1.58218
-0.1746,-0.0722643,0.0626324;-1.35553,0.534127,-1.64403
-0.167739,-0.0617873,0.0421737;-1.56802,0.383543,-1.5725
-0.168226,-0.0613814,0.0425215;-1.56396,0.344379,-1.57326
-0.168278,-0.061104,0.0423297;-1.57082,0.335649,-1.57077
-0.165655,-0.0585986,0.0433603;-1.57186,0.506178,-1.55685
-0.177147,-0.0697752,0.0508317;-1.53997,0.644708,-1.56074
-0.18879,-0.0966107,0.0639968;-1.33052,0.714923,-1.66387
-0.19551,-0.0952201,0.0421223;-1.58273,0.554882,-1.56108
-0.194168,-0.0954865,0.0423079;-1.57095,0.472611,-1.5703
-0.194945,-0.0954827,0.0423262;-1.57087,0.4328,-1.5708
-0.190584,-0.0953613,0.0425858;-1.57071,0.609556,-1.56275
-0.200535,-0.104581,0.048721;-1.51278,0.7448,-1.58695
-0.213835,-0.128923,0.0635728;-1.33286,0.840463,-1.69036
-0.221072,-0.141093,0.0425762;-1.56503,0.721393,-1.57114
-0.220022,-0.140031,0.0423251;-1.571,0.653092,-1.57066
-0.220514,-0.139545,0.0423299;-1.57062,0.60177,-1.57078
-0.216315,-0.138855,0.042653;-1.57292,0.776119,-1.56019
-0.220473,-0.139862,0.0471953;-1.55051,0.865728,-1.56174
-0.239986,-0.163884,0.0629717;-1.30893,0.98903,-1.73706
-0.245814,-0.177293,0.0460021;-1.49558,0.861413,-1.62253
-0.240371,-0.173495,0.0423195;-1.57165,0.794766,-1.56951
-0.240948,-0.172377,0.0423719;-1.56893,0.748256,-1.57192
-0.239015,-0.173083,0.0425079;-1.57124,0.852022,-1.56457
-0.24358,-0.17323,0.0452706;-1.58132,0.953113,-1.54169
-0.265247,-0.188151,0.0568736;-1.33166,1.07535,-1.73289
-0.272835,-0.194252,0.055039;-1.34015,1.01944,-1.73785
-0.269961,-0.190289,0.0427372;-1.55863,0.959165,-1.57474
-0.26957,-0.190583,0.0423291;-1.57087,0.88777,-1.57075
-0.269788,-0.190617,0.0423296;-1.57077,0.86492,-1.57083
-0.268241,-0.189832,0.0427725;-1.57271,0.949095,-1.55856
-0.279906,-0.191909,0.0475489;-1.58448,1.07116,-1.53482
-0.307199,-0.21269,0.0634282;-1.11303,1.13734,-1.93183
-0.306827,-0.209082,0.0542302;-1.32288,1.05329,-1.7634
-0.297466,-0.201718,0.0422975;-1.57329,0.95663,-1.56528
-0.297816,-0.201429,0.042328;-1.57036,0.89077,-1.57091
-0.296797,-0.202419,0.0423188;-1.56945,0.980318,-1.57032
-0.29517,-0.200808,0.0437267;-1.57202,1.08467,-1.55411
-0.337612,-0.221524,0.065168;-0.878258,1.25256,-2.16914
-0.34975,-0.226553,0.0633347;-0.991704,1.19817,-2.06785
-0.346791,-0.218741,0.0442008;-1.51153,1.15739,-1.61816
-0.34618,-0.218364,0.0423274;-1.57096,1.04257,-1.57062
-0.345515,-0.219259,0.0423314;-1.57096,1.12379,-1.57061
-0.342769,-0.219407,0.0429867;-1.5715,1.24439,-1.55968
-0.387484,-0.232651,0.0656682;-0.382147,1.3777,-2.68632
-0.404197,-0.24046,0.0620133;-0.534992,1.34727,-2.54838
-0.399149,-0.236793,0.0450898;-1.40236,1.35513,-1.72926
-0.39614,-0.235206,0.0423287;-1.57079,1.22789,-1.57082
-0.395319,-0.237524,0.0423339;-1.57079,1.34338,-1.56971
-0.392697,-0.237151,0.0430241;-1.56626,1.45228,-1.56468
-0.430043,-0.243558,0.0635003;0.521205,1.36917,2.68016
-0.447175,-0.249864,0.0624773;0.13559,1.36248,3.04602
-0.434153,-0.249936,0.0465188;-0.81365,1.48876,-2.32183
-0.427575,-0.249129,0.0425214;-1.53837,1.3791,-1.60283
-0.428673,-0.252283,0.0423258;-1.57246,1.50187,-1.56907
-0.428105,-0.252959,0.0425652;-1.57444,1.54219,-1.5595
-0.465844,-0.247467,0.0613814;1.02545,1.32738,2.15129
-0.48164,-0.246147,0.0611996;0.724649,1.32386,2.44394
-0.473258,-0.244015,0.0506313;1.06238,1.41292,2.09664
-0.461722,-0.244605,0.0423951;-1.51402,1.52991,-1.62751
-0.462072,-0.244266,0.0424932;-1.43981,1.53036,-1.70171
-0.461215,-0.245639,0.0424017;1.54541,1.53397,1.59751
-0.462845,-0.243038,0.0442805;1.58995,1.4111,1.56917
-0.517578,-0.233287,0.0646282;1.06935,1.16349,2.09481
-0.522844,-0.231018,0.055716;1.07988,1.27058,2.06757
-0.515129,-0.230743,0.0424797;1.57069,1.37859,1.57567
-0.515182,-0.229745,0.0423303;1.57017,1.45141,1.57141
-0.517134,-0.231937,0.0423439;1.56772,1.33681,1.57418
-0.514668,-0.232768,0.043015;1.57369,1.22664,1.57921
-0.549357,-0.216579,0.0636143;1.26257,1.00006,1.89381
-0.569863,-0.212591,0.0613451;1.1786,1.06168,1.94962
-0.560508,-0.217961,0.0438216;1.50587,1.17347,1.63374
-0.557908,-0.218008,0.0423685;1.56664,1.26024,1.5749
-0.559411,-0.219473,0.0423274;1.57103,1.17492,1.57055
-0.557197,-0.220881,0.042789;1.57275,1.07322,1.57918
-0.593002,-0.196726,0.0621084;1.33431,0.816575,1.80896
-0.601186,-0.190704,0.0617208;1.29528,0.860613,1.8328
-0.589989,-0.192631,0.0423569;1.57955,0.972848,1.5691
-0.588333,-0.194204,0.0423172;1.57149,1.10356,1.57011
-0.588577,-0.194605,0.0424153;1.56517,1.07546,1.5757
-0.587676,-0.19624,0.0425735;1.57251,1.00042,1.57713
-0.622209,-0.163997,0.062254;1.36617,0.729232,1.75799
-0.63872,-0.154264,0.0639391;1.30356,0.71211,1.80117
-0.633535,-0.157746,0.051857;1.42701,0.803716,1.69321
-0.62602,-0.164902,0.0423922;1.56739,0.922536,1.57361
-0.625982,-0.164972,0.0423348;1.5706,0.931222,1.57094
-0.627995,-0.166003,0.042316;1.57092,0.833501,1.57067
-0.632072,-0.155488,0.0509225;1.58484,0.655634,1.5869
-0.659337,-0.130221,0.0664739;1.38169,0.527521,1.72461
-0.670634,-0.123429,0.0608958;1.36976,0.561167,1.7146
-0.665973,-0.1337,0.0423184;1.57077,0.719545,1.57059
-0.664906,-0.133157,0.0423157;1.57135,0.770879,1.57043
-0.665593,-0.133431,0.0424282;1.56577,0.725692,1.57394
-0.665181,-0.12944,0.0455001;1.58293,0.534918,1.58583
-0.678237,-0.104777,0.058267;1.49289,0.405627,1.64351
-0.688406,-0.0911755,0.0639787;1.36009,0.397981,1.71396
-0.670487,-0.115191,0.04232;1.57233,0.593748,1.57251
-0.670379,-0.114553,0.0425685;1.56077,0.653151,1.5771
-0.670322,-0.114811,0.04233;1.57066,0.644401,1.57081
-0.670908,-0.115147,0.0433848;1.57456,0.478102,1.58257
-0.676275,-0.0946475,0.0509333;1.63035,0.376623,1.56244
-0.693726,-0.0600127,0.0648773;1.42805,0.284471,1.6695
-0.690027,-0.0596116,0.0425405;1.57485,0.415757,1.57287
-0.690317,-0.0605028,0.0423087;1.57021,0.480249,1.57211
-0.688735,-0.0597587,0.0423117;1.57145,0.533728,1.57036
-0.686729,-0.0606808,0.0427079;1.57157,0.501262,1.58043
-0.687735,-0.0552415,0.0472334;1.56503,0.409782,1.59765
-0.703379,-0.0338064,0.0608035;1.41494,0.321478,1.68065
-0.683634,-0.0397612,0.0421909;1.57983,0.475292,1.57002
-0.683908,-0.0412502,0.0423263;1.57048,0.521038,1.57116
-0.682795,-0.0410845,0.0423298;1.57072,0.564167,1.5708
-0.682488,-0.0424796,0.0426578;1.57234,0.482647,1.58038
-0.683051,-0.0346876,0.0467147;1.58206,0.398961,1.58941
-0.695495,-0.0110642,0.0612964;1.43688,0.311218,1.66425
-0.677541,-0.0213372,0.0485799;1.49941,0.461342,1.61785
-0.672524,-0.0306368,0.0422744;1.5724,0.542566,1.57086
-0.671586,-0.0298451,0.0425156;1.56371,0.580876,1.57481
-0.6722,-0.0305455,0.0424181;1.57067,0.524751,1.57381
-0.670552,-0.0282071,0.0442209;1.57613,0.441986,1.58561
-0.67684,-0.00631064,0.054706;1.58284,0.318988,1.58808
-0.689747,0.0198308,0.0564257;1.43286,0.319517,1.65306
-0.682946,0.010029,0.042571;1.58267,0.421445,1.56913
-0.683246,0.0100772,0.0423262;1.57093,0.48529,1.57073
-0.682197,0.0110178,0.0423621;1.56955,0.533477,1.57138
-0.68235,0.00847609,0.0425747;1.5709,0.443286,1.57866
-0.683122,0.0173126,0.0463021;1.55529,0.315793,1.59591
-0.695521,0.0471765,0.0625472;1.38328,0.22697,1.6699
-0.69001,0.044566,0.0496677;1.4898,0.323166,1.61584
-0.68693,0.0418168,0.0422942;1.57062,0.392472,1.57024
-0.685275,0.041437,0.0423167;1.57094,0.471073,1.57094
-0.684327,0.0420418,0.0423461;1.57066,0.469458,1.57136
-0.684681,0.0403971,0.0432689;1.55691,0.417767,1.58297
-0.692751,0.0475162,0.0621654;1.37586,0.27406,1.67548
-0.685713,0.0518566,0.0553923;1.41815,0.373525,1.649
-0.679541,0.0487658,0.0423886;1.57316,0.459191,1.57368
-0.678852,0.0494685,0.0423252;1.57099,0.561686,1.57062
-0.67895,0.049506,0.0423239;1.57098,0.530333,1.57067
-0.680042,0.0472314,0.0427086;1.564,0.446657,1.57972
-0.691464,0.0558861,0.0601884;1.4147,0.233056,1.66155
-0.690889,0.059657,0.0577549;1.41492,0.281284,1.65028
-0.684184,0.059418,0.0427078;1.56139,0.394493,1.57784
-0.681507,0.0576615,0.0423266;1.57097,0.533481,1.57025
-0.680831,0.058109,0.0423255;1.57099,0.532983,1.57077
-0.681377,0.0579369,0.0426189;1.57135,0.465949,1.57891
-0.681377,0.0579369,0.0426189;1.57135,0.465949,1.57891
-0.685501,0.0717484,0.0481163;1.51995,0.345916,1.60776
-0.685501,0.0717484,0.0481163;1.51995,0.345916,1.60776
