-0.125,0.125,0.06;-1.57,-2.98023e-08,-1.57
-0.125,0.125,0.06;-1.57,-2.98023e-08,-1.57
-0.125,0.125,0.06;-1.57,-2.98023e-08,-1.57
-0.124545,0.132621,0.0423132;-1.57069,-0.244528,-1.57052
-0.123364,0.133694,0.042517;-1.57102,-0.188484,-1.56471
-0.125497,0.125708,0.0466236;-1.55604,-0.0706073,-1.54987
-0.12114,0.0837899,0.0566687;-1.43126,-0.00639485,-1.55228
-0.123177,0.0977507,0.0422274;-1.5735,-0.195525,-1.57143
-0.123699,0.0976076,0.042408;-1.56749,-0.233624,-1.5705
-0.123889,0.0976007,0.0423357;-1.5706,-0.240223,-1.57088
-0.122254,0.097716,0.0425133;-1.57076,-0.123988,-1.56481
-0.123942,0.0926989,0.0459083;-1.55718,-0.0117511,-1.55215
-0.122999,0.0639053,0.0599433;-1.44574,0.129344,-1.55131
-0.12106,0.0471284,0.0511672;-1.4645,0.0275668,-1.56737
-0.121218,0.0622986,0.0423116;-1.58284,-0.0633531,-1.56949
-0.121286,0.0621412,0.0424469;-1.56702,-0.137256,-1.57018
-0.120183,0.0625029,0.0423854;-1.57079,-0.0591975,-1.56911
-0.121345,0.0611379,0.044562;-1.5687,0.031957,-1.55426
-0.124355,0.0355958,0.0574343;-1.46806,0.174934,-1.55829
-0.122774,0.00450737,0.0602292;-1.40733,0.173102,-1.5698
-0.123339,0.0179288,0.0505811;-1.46758,0.0642202,-1.5753
-0.123422,0.0301366,0.0422019;-1.56799,-0.050222,-1.56954
-0.123686,0.0303945,0.0423352;-1.57052,-0.0854445,-1.57095
-0.121954,0.0320476,0.0425426;-1.57095,-0.0101994,-1.56384
-0.124925,0.0242,0.0469206;-1.5544,0.105621,-1.55185
-0.126739,-0.00490894,0.056928;-1.44588,0.176451,-1.56892
-0.127121,-0.0152401,0.0479039;-1.49654,0.0958959,-1.57504
-0.127363,-0.0105246,0.0424293;-1.56757,-0.0167628,-1.57074
-0.126975,-0.0107318,0.0423573;-1.56989,0.000914544,-1.57086
-0.126007,-0.0104268,0.0423328;-1.57044,0.0522839,-1.57077
-0.132343,-0.0291747,0.0533134;-1.49453,0.278026,-1.56627
-0.135118,-0.0582437,0.0647158;-1.39841,0.343134,-1.58892
-0.138109,-0.0621645,0.0552457;-1.42834,0.244228,-1.59324
-0.137279,-0.0435708,0.0422917;-1.57071,0.0341432,-1.57034
-0.138399,-0.0438905,0.042319;-1.5711,-0.00355367,-1.57087
-0.137692,-0.0445595,0.0424454;-1.5671,0.042492,-1.57088
-0.13944,-0.0483724,0.0459394;-1.56066,0.223033,-1.55364
-0.146298,-0.0783759,0.0601686;-1.43821,0.358924,-1.58179
-0.149447,-0.105147,0.0596292;-1.39739,0.351106,-1.60291
-0.145188,-0.085898,0.0422811;-1.56939,0.142978,-1.57034
-0.14562,-0.0856518,0.0424623;-1.566,0.0821093,-1.57128
-0.145789,-0.0855931,0.0423317;-1.57066,0.0820566,-1.57072
-0.143919,-0.084498,0.0431231;-1.56809,0.219429,-1.5604
-0.151895,-0.101332,0.0523577;-1.50129,0.351989,-1.57038
-0.15675,-0.136005,0.0637724;-1.39592,0.453043,-1.60238
-0.153635,-0.138427,0.0429377;-1.55329,0.269436,-1.57261
-0.152898,-0.137333,0.0422801;-1.5718,0.183665,-1.57031
-0.153844,-0.137242,0.0423469;-1.57016,0.152933,-1.57106
-0.151006,-0.136503,0.0425843;-1.57119,0.299361,-1.56218
-0.158035,-0.144799,0.0484298;-1.53345,0.425587,-1.56486
-0.167732,-0.176298,0.0629772;-1.40135,0.557671,-1.6174
-0.16839,-0.188574,0.0432943;-1.54973,0.398147,-1.57646
-0.167345,-0.186775,0.0422987;-1.57074,0.31028,-1.56989
-0.168486,-0.186837,0.0423583;-1.5698,0.274542,-1.57118
-0.165074,-0.186838,0.042603;-1.57175,0.423545,-1.56177
-0.173356,-0.195028,0.0483121;-1.53394,0.54708,-1.56829
-0.187398,-0.226077,0.0628377;-1.38617,0.677184,-1.64392
-0.191012,-0.239756,0.0458488;-1.51519,0.538552,-1.59515
-0.188278,-0.235726,0.0423209;-1.57093,0.442644,-1.57099
-0.189136,-0.235556,0.0424482;-1.56669,0.398034,-1.57235
-0.186817,-0.235317,0.0424449;-1.57059,0.509024,-1.56742
-0.189889,-0.237703,0.0452019;-1.56526,0.604796,-1.55555
-0.20591,-0.260985,0.0588979;-1.41995,0.734987,-1.63956
-0.2183,-0.281051,0.0551604;-1.39966,0.671961,-1.66431
-0.208951,-0.267533,0.043998;-1.53804,0.577987,-1.58654
-0.206892,-0.265492,0.0423271;-1.57083,0.484655,-1.57081
-0.206963,-0.265627,0.0423295;-1.57077,0.484246,-1.57078
-0.204991,-0.264963,0.0425916;-1.57124,0.560265,-1.56161
-0.214517,-0.27163,0.0481045;-1.53719,0.685018,-1.57026
-0.244819,-0.318279,0.0614535;-1.32892,0.792462,-1.70809
-0.241045,-0.3119,0.0540781;-1.4007,0.693278,-1.67234
-0.231013,-0.297967,0.0423515;-1.57386,0.587144,-1.56581
-0.231157,-0.297192,0.0423329;-1.57061,0.488495,-1.57097
-0.229978,-0.29765,0.0423501;-1.5702,0.549368,-1.57004
-0.229585,-0.297226,0.0435965;-1.56693,0.642114,-1.56005
-0.263879,-0.344312,0.0655601;-1.31219,0.879654,-1.71886
-0.271403,-0.358669,0.0599026;-1.32525,0.800962,-1.72322
-0.261417,-0.350064,0.0466148;-1.49294,0.703753,-1.61759
-0.257631,-0.345595,0.0424085;-1.56779,0.559514,-1.57238
-0.25675,-0.346254,0.0423414;-1.57122,0.625265,-1.56987
-0.254486,-0.345525,0.0429323;-1.56891,0.712881,-1.56234
-0.289991,-0.382735,0.0646964;-1.29496,0.96242,-1.7487
-0.302532,-0.398924,0.0602252;-1.29427,0.890784,-1.76114
-0.293815,-0.392562,0.0464237;-1.4898,0.803933,-1.62546
-0.29015,-0.388915,0.0423989;-1.56786,0.669761,-1.57265
-0.289546,-0.390395,0.0423301;-1.57048,0.737757,-1.57095
-0.287095,-0.390197,0.0428978;-1.56995,0.82224,-1.5618
-0.32572,-0.424767,0.064725;-1.24958,1.06018,-1.80363
-0.33988,-0.440628,0.0602655;-1.25398,0.990129,-1.81121
-0.33105,-0.435832,0.0465442;-1.47725,0.911358,-1.64061
-0.326991,-0.431712,0.0424229;-1.56659,0.770332,-1.57373
-0.326347,-0.432852,0.0423259;-1.57045,0.83857,-1.57108
-0.324303,-0.433146,0.0425397;-1.57014,0.901778,-1.56507
-0.357792,-0.454793,0.06138;-1.26902,1.1207,-1.8054
-0.377981,-0.470254,0.0564245;-1.26786,1.05466,-1.82101
-0.374452,-0.467246,0.0520516;-1.34565,1.02609,-1.75692
-0.360242,-0.457524,0.0423873;-1.56701,0.862416,-1.57297
-0.360669,-0.457831,0.0424639;-1.56419,0.871124,-1.57578
-0.359596,-0.458481,0.0424534;-1.56643,0.927885,-1.57136
-0.360068,-0.458267,0.0441875;-1.56314,1.02841,-1.56146
-0.408474,-0.489451,0.061505;-1.11347,1.18965,-1.95976
-0.411027,-0.492739,0.054457;-1.26522,1.10914,-1.83748
-0.397847,-0.486385,0.0424509;-1.5783,1.02596,-1.5599
-0.39893,-0.485874,0.0423311;-1.57052,0.901886,-1.57116
-0.398664,-0.486753,0.0423349;-1.57057,0.957828,-1.57115
-0.39634,-0.487066,0.0427559;-1.56891,1.04354,-1.5634
-0.441767,-0.509405,0.0637252;-1.04117,1.26694,-2.03399
-0.459179,-0.519837,0.0579867;-1.12339,1.19531,-1.97085
-0.448554,-0.513849,0.0444793;-1.49469,1.12306,-1.63695
-0.446239,-0.51184,0.0423744;-1.56773,0.977279,-1.57355
-0.446101,-0.512646,0.0423288;-1.57077,1.03743,-1.57091
-0.443107,-0.513318,0.0426414;-1.57057,1.12546,-1.56245
-0.486338,-0.52932,0.0633056;-0.888091,1.33698,-2.19455
-0.506398,-0.538104,0.0583571;-1.00061,1.26677,-2.09937
-0.496011,-0.53405,0.0447403;-1.46592,1.20948,-1.66559
-0.493203,-0.532604,0.0423846;-1.56696,1.07251,-1.57419
-0.492609,-0.533588,0.0423719;-1.56753,1.12072,-1.57377
-0.490207,-0.53438,0.0425238;-1.5695,1.1998,-1.56611
-0.527983,-0.54318,0.0607839;-0.710505,1.39975,-2.38618
-0.553376,-0.552464,0.060025;-0.644561,1.36386,-2.45723
-0.547548,-0.550415,0.0510056;-1.13061,1.31223,-1.99525
-0.537813,-0.546906,0.042479;-1.55863,1.16135,-1.58196
-0.53782,-0.54669,0.0423302;-1.57075,1.16027,-1.57089
-0.537357,-0.54741,0.0423286;-1.57008,1.20566,-1.57137
-0.552984,-0.547112,0.0518156;-1.16893,1.41454,-1.94388
-0.586722,-0.558921,0.0640019;-0.221233,1.41138,-2.87202
-0.60265,-0.564858,0.05726;-0.612592,1.38565,-2.50289
-0.585319,-0.562721,0.0422703;-1.57477,1.26641,-1.56643
-0.585617,-0.561961,0.042375;-1.56591,1.22688,-1.57555
-0.585763,-0.562888,0.042417;-1.56157,1.26937,-1.57957
-0.588314,-0.562442,0.0454239;-1.51991,1.4488,-1.60216
-0.617591,-0.564557,0.059269;0.15681,1.45209,3.01781
-0.647081,-0.572123,0.0604492;0.207194,1.40289,2.96498
-0.630244,-0.571866,0.0423153;-1.55645,1.39138,-1.58258
-0.630543,-0.571713,0.042472;-1.55082,1.3204,-1.58966
-0.630589,-0.571502,0.042331;-1.57048,1.31357,-1.57114
-0.628647,-0.572682,0.0431073;-1.55089,1.46095,-1.5804
-0.646024,-0.570017,0.0514207;0.357088,1.50804,2.80759
-0.681427,-0.576156,0.0642072;0.726454,1.36174,2.45133
-0.687978,-0.580046,0.0442429;-0.933596,1.51764,-2.20404
-0.684955,-0.580279,0.0422869;-1.58048,1.44569,-1.56098
-0.685328,-0.579493,0.0423783;-1.5581,1.4182,-1.58365
-0.683491,-0.582717,0.0426665;0,1.56872,-3.13252
-0.69611,-0.578056,0.0490153;1.27857,1.43417,1.88287
-0.730724,-0.578579,0.0633069;1.05704,1.26444,2.10991
-0.733719,-0.574176,0.0438808;1.20768,1.49436,1.93627
-0.730852,-0.57503,0.0423249;-1.57736,1.53813,-1.56414
-0.731348,-0.573517,0.0423612;-1.55746,1.48767,-1.58418
-0.729345,-0.576209,0.0425788;1.56667,1.52497,1.58276
-0.738621,-0.571749,0.0475037;1.43915,1.39998,1.72213
-0.762196,-0.565266,0.0628214;1.07815,1.24547,2.08784
-0.759615,-0.559362,0.0482765;0.98919,1.42598,2.14933
-0.75383,-0.558896,0.0423187;1.57305,1.54862,1.56828
-0.754233,-0.558473,0.0424313;-1.45406,1.54285,-1.6875
-0.753718,-0.55973,0.0423888;1.54852,1.52474,1.59452
-0.753423,-0.559477,0.0438268;1.54864,1.4294,1.6072
-0.771016,-0.551172,0.0542516;1.25794,1.28591,1.90264
-0.777154,-0.542849,0.0538493;1.02486,1.34882,2.12102
-0.770235,-0.543373,0.0426956;1.49462,1.46045,1.64978
-0.769767,-0.54344,0.0423279;1.55979,1.53045,1.58239
-0.769868,-0.544149,0.04241;1.53482,1.49948,1.60666
-0.768545,-0.54611,0.0425274;1.57191,1.42588,1.57613
-0.773335,-0.541366,0.0461716;1.53647,1.31858,1.62655
-0.799193,-0.527952,0.0578631;1.14387,1.22032,2.01037
-0.786548,-0.528849,0.0482371;1.19461,1.36362,1.94554
-0.780354,-0.530559,0.0423144;1.5626,1.45477,1.58026
-0.780296,-0.530222,0.0423481;1.56221,1.48227,1.5792
-0.780204,-0.530924,0.0423631;1.56921,1.42462,1.57322
-0.778891,-0.530887,0.0435166;1.57003,1.35559,1.58466
-0.818311,-0.518399,0.0632318;1.24391,1.15086,1.91948
-0.820701,-0.510222,0.0540617;1.14289,1.26427,2.0028
-0.800238,-0.513119,0.0425623;1.5993,1.41704,1.54817
-0.799844,-0.511529,0.0423244;1.57638,1.54371,1.56526
-0.799733,-0.511836,0.0423299;1.57086,1.51311,1.57064
-0.797959,-0.513249,0.0427108;1.57549,1.44612,1.57525
-0.830939,-0.505606,0.0623634;1.25414,1.22311,1.91156
-0.839964,-0.49769,0.0555574;1.01559,1.30256,2.13448
-0.82117,-0.497211,0.0426367;1.61381,1.47698,1.53397
-0.820362,-0.495327,0.0423274;-1.57188,1.50926,-1.56969
-0.82027,-0.495781,0.0423299;-1.56877,1.53318,-1.57291
-0.818447,-0.496904,0.0426317;1.58345,1.53621,1.56691
-0.818447,-0.496904,0.0426317;1.58345,1.53621,1.56691
-0.825511,-0.493986,0.0475618;1.58792,1.44292,1.57698
-0.825511,-0.493986,0.0475618;1.58792,1.44292,1.57698
