-0.125,0.125,0.06;-1.57,-2.98023e-08,-1.57
-0.125,0.125,0.06;-1.57,-2.98023e-08,-1.57
-0.125,0.125,0.06;-1.57,-2.98023e-08,-1.57
-0.124233,0.135086,0.0423663;-1.56876,-0.190068,-1.56979
-0.124333,0.13438,0.0423195;-1.57054,-0.131038,-1.5706
-0.125877,0.12898,0.0435421;-1.57947,-0.00537446,-1.57329
-0.125272,0.111466,0.049775;-1.506,0.100657,-1.56977
-0.125369,0.120139,0.0423066;-1.57083,-0.137838,-1.57149
-0.125565,0.120783,0.0425199;-1.57065,-0.174851,-1.57684
-0.125381,0.121566,0.0426483;-1.57261,-0.197357,-1.57966
-0.128448,0.117418,0.0430736;-1.58936,-0.0651951,-1.57064
-0.133012,0.112111,0.0508406;-1.63417,0.0265912,-1.55629
-0.134999,0.0905923,0.0645108;-1.56159,0.153418,-1.55644
-0.135609,0.0658332,0.0569768;-1.41818,0.0707886,-1.55648
-0.132726,0.0816511,0.0444582;-1.53729,-0.00604174,-1.56077
-0.132186,0.0826599,0.0428406;-1.55915,-0.0403337,-1.56499
-0.130808,0.0833221,0.0423313;-1.57064,0.0593447,-1.57086
-0.133452,0.0799381,0.0426085;-1.57402,0.158018,-1.57307
-0.137131,0.064635,0.0492681;-1.60261,0.321417,-1.57844
-0.141329,0.0510164,0.0566475;-1.47755,0.300301,-1.57395
-0.142326,0.0494126,0.0505681;-1.49759,0.194014,-1.58052
-0.139782,0.0593447,0.0430076;-1.59026,0.0828871,-1.57179
-0.141211,0.0533852,0.0431237;-1.583,0.0992491,-1.58311
-0.145799,0.0465548,0.0439078;-1.58212,0.167744,-1.58782
-0.151504,0.040254,0.0510725;-1.66204,0.257698,-1.57166
-0.156538,0.031037,0.0547815;-1.65148,0.323558,-1.54954
-0.160556,0.0211085,0.0495076;-1.4825,0.239864,-1.57394
-0.165434,0.0181936,0.0434057;-1.54616,0.149134,-1.56509
-0.164671,0.0178024,0.0436906;-1.54139,0.162777,-1.56744
-0.16149,0.0215196,0.0430022;-1.56525,0.222979,-1.5559
-0.171168,0.00314499,0.0493586;-1.56437,0.449112,-1.56337
-0.179941,-0.0270867,0.058653;-1.44309,0.54053,-1.61234
-0.184235,-0.0355042,0.0593589;-1.38294,0.458839,-1.61945
-0.174864,-0.0195451,0.0425523;-1.57128,0.258814,-1.57773
-0.175761,-0.020838,0.0429081;-1.57701,0.263925,-1.58157
-0.180531,-0.026778,0.0436013;-1.58388,0.328888,-1.58305
-0.191941,-0.0362793,0.0487853;-1.64319,0.463471,-1.55844
-0.198475,-0.0462012,0.0557122;-1.67939,0.610073,-1.54252
-0.206711,-0.0591527,0.0578038;-1.59276,0.627,-1.56136
-0.202473,-0.0560571,0.0423607;-1.57024,0.356031,-1.56244
-0.205208,-0.0591881,0.0430594;-1.55286,0.269872,-1.5692
-0.206796,-0.0600497,0.0432039;-1.54759,0.252124,-1.57067
-0.203398,-0.0556188,0.0456148;-1.56961,0.381443,-1.53773
-0.217329,-0.0753694,0.0552907;-1.4756,0.521915,-1.58152
-0.229944,-0.110118,0.0644493;-1.35187,0.616633,-1.64405
-0.223927,-0.109644,0.0436491;-1.55906,0.4914,-1.57009
-0.222195,-0.109717,0.0426247;-1.57074,0.46801,-1.58011
-0.223949,-0.111119,0.0429124;-1.57739,0.491715,-1.58031
-0.234291,-0.117567,0.0442515;-1.5955,0.609377,-1.57168
-0.241923,-0.121082,0.0499397;-1.68826,0.703564,-1.50747
-0.252244,-0.134374,0.0563829;-1.67418,0.881362,-1.52009
-0.258222,-0.141449,0.0426067;-1.56473,0.643142,-1.56997
-0.257697,-0.141779,0.0423503;-1.57068,0.487931,-1.57011
-0.260656,-0.141038,0.0423434;-1.5702,0.393532,-1.57105
-0.259135,-0.140347,0.0423296;-1.57077,0.524209,-1.5707
-0.267765,-0.147295,0.0455241;-1.58743,0.639912,-1.55128
-0.285858,-0.176148,0.0597536;-1.41066,0.759619,-1.64988
-0.297885,-0.194628,0.0553754;-1.39892,0.6548,-1.64103
-0.287614,-0.192034,0.0450946;-1.57742,0.606125,-1.53423
-0.29076,-0.1958,0.0443834;-1.55733,0.593528,-1.56673
-0.298623,-0.201309,0.0434931;-1.59334,0.728259,-1.56455
-0.306746,-0.204208,0.047232;-1.64933,0.807042,-1.52991
-0.319971,-0.214256,0.0535628;-1.71052,0.934566,-1.49204
-0.340971,-0.226594,0.054781;-1.42308,0.872767,-1.65333
-0.334794,-0.221543,0.0501994;-1.46195,0.755873,-1.62595
-0.332809,-0.220239,0.0425166;-1.57055,0.614875,-1.56506
-0.335332,-0.220348,0.0423328;-1.57071,0.558181,-1.57089
-0.336789,-0.221657,0.0423871;-1.57078,0.627074,-1.57252
-0.345403,-0.228028,0.0437359;-1.58741,0.762944,-1.56651
-0.367558,-0.249107,0.0583767;-1.51235,0.887957,-1.60549
-0.370356,-0.249849,0.059644;-1.4821,0.779629,-1.61928
-0.362093,-0.245034,0.0434169;-1.60893,0.69578,-1.54107
-0.366761,-0.249101,0.0426473;-1.58415,0.685015,-1.56226
-0.366565,-0.246209,0.0428544;-1.58075,0.750071,-1.55444
-0.370486,-0.245087,0.0477868;-1.63774,0.836384,-1.50165
-0.410453,-0.280548,0.0642823;-1.26637,1.06021,-1.79175
-0.421819,-0.293668,0.0626738;-1.22891,0.972491,-1.82043
-0.412433,-0.287156,0.0466972;-1.4764,0.882212,-1.64075
-0.410619,-0.284091,0.0424347;-1.56636,0.678565,-1.57352
-0.40978,-0.284251,0.0423383;-1.57078,0.724798,-1.57052
-0.410499,-0.284539,0.0423761;-1.57246,0.811197,-1.56993
-0.433244,-0.302559,0.0571262;-1.56881,1.12,-1.58444
-0.440344,-0.309107,0.063489;-1.43767,1.03291,-1.66895
-0.438245,-0.305341,0.0454156;-1.64208,0.879823,-1.51562
-0.432141,-0.305891,0.0429213;-1.57971,0.803845,-1.57693
-0.443227,-0.308218,0.0428193;-1.57732,0.900918,-1.57712
-0.449849,-0.308833,0.0443257;-1.61246,0.964524,-1.54892
-0.490689,-0.331679,0.0637975;-1.29024,1.17657,-1.80727
-0.514969,-0.343033,0.0635044;-1.15489,1.06231,-1.89592
-0.512823,-0.337434,0.0590642;-1.26287,0.978671,-1.79009
-0.504726,-0.339597,0.0453618;-1.52714,0.827295,-1.5812
-0.502923,-0.33933,0.0426048;-1.56294,0.890464,-1.57306
-0.501567,-0.339071,0.0423304;-1.57068,0.957042,-1.57116
-0.532751,-0.357168,0.0500321;-1.57469,1.19373,-1.59685
-0.547339,-0.362606,0.051411;-1.39087,1.10817,-1.72304
-0.547188,-0.356948,0.0527517;-1.51926,1.05945,-1.60189
-0.537033,-0.357315,0.0427191;-1.58102,0.926027,-1.56874
-0.542699,-0.358157,0.0438759;-1.59214,0.955895,-1.5711
-0.546991,-0.358406,0.0428059;-1.57192,1.01804,-1.58408
-0.552549,-0.358144,0.0449163;-1.65021,1.09596,-1.50762
-0.586307,-0.373328,0.0609485;-1.36902,1.31061,-1.74868
-0.599346,-0.377271,0.0617132;-1.13294,1.16735,-1.93416
-0.590749,-0.374853,0.0504181;-1.40643,1.06413,-1.68639
-0.596062,-0.376213,0.0446888;-1.50829,0.950046,-1.61021
-0.593376,-0.376328,0.0436948;-1.5268,0.989921,-1.59742
-0.585543,-0.375216,0.0444942;-1.57588,1.07343,-1.53906
-0.627088,-0.392438,0.0619348;-1.18132,1.32238,-1.92893
-0.63771,-0.393222,0.06455;-1.31738,1.23169,-1.78605
-0.624364,-0.388287,0.0505096;-1.76075,1.11889,-1.38614
-0.633891,-0.395933,0.0428382;-1.57913,1.06755,-1.5755
-0.640215,-0.395777,0.0430437;-1.59216,1.12458,-1.56522
-0.645259,-0.395291,0.0432836;-1.59843,1.1895,-1.55977
-0.676946,-0.403806,0.0537216;-1.82977,1.4557,-1.34079
-0.692822,-0.40426,0.0588986;-1.17218,1.35827,-1.92949
-0.691388,-0.397271,0.0556391;-1.29214,1.17827,-1.78861
-0.691982,-0.397727,0.0429603;-1.5458,0.952853,-1.58534
-0.69165,-0.3977,0.0430074;-1.54136,0.979066,-1.58978
-0.688986,-0.397045,0.0426115;-1.5709,1.04473,-1.56166
-0.734707,-0.41737,0.0599567;-1.09667,1.22737,-1.98551
-0.754003,-0.425778,0.0621786;-1.05533,1.17952,-2.01707
-0.746485,-0.418259,0.062115;-1.36518,1.12217,-1.72246
-0.732429,-0.42499,0.0466081;-1.62883,1.00203,-1.49766
-0.739641,-0.426014,0.0428392;-1.58528,1.02994,-1.56724
-0.743819,-0.425794,0.0431027;-1.60034,1.09263,-1.5559
-0.760695,-0.427717,0.0479952;-1.73234,1.28145,-1.43059
-0.779336,-0.43602,0.0563817;-1.52057,1.42309,-1.62798
-0.793415,-0.433149,0.0609115;-1.046,1.29226,-2.02641
-0.786167,-0.430441,0.042553;-1.57057,1.05477,-1.56352
-0.786519,-0.429929,0.042434;-1.57066,1.04721,-1.56756
-0.785318,-0.432517,0.0424209;-1.56465,1.08731,-1.57621
-0.78118,-0.437369,0.0437154;-1.59649,1.21701,-1.54344
-0.797127,-0.443712,0.0558237;-1.64248,1.36786,-1.49983
-0.818861,-0.450856,0.0659053;-1.28129,1.36765,-1.8368
-0.803138,-0.450955,0.0505194;-1.76378,1.21159,-1.34477
-0.806927,-0.453473,0.0453398;-1.5577,1.21018,-1.56066
-0.808904,-0.453997,0.0431426;-1.58485,1.23664,-1.55171
-0.805799,-0.459682,0.0441105;-1.63226,1.32597,-1.49948
-0.819989,-0.460356,0.0478645;-1.84279,1.44047,-1.29968
-0.844905,-0.465433,0.0572913;-0.0401627,1.499,-3.08824
-0.847655,-0.457284,0.0546797;-1.17406,1.29753,-1.91823
-0.841231,-0.452781,0.0427033;-1.57362,1.2456,-1.55893
-0.841149,-0.451748,0.0425502;-1.56443,1.25882,-1.57179
-0.837153,-0.458572,0.0424382;-1.59567,1.37001,-1.54646
-0.845049,-0.458984,0.0448395;-1.83188,1.46963,-1.31857
-0.861524,-0.459214,0.0551342;2.90476,1.49649,0.202113
-0.856358,-0.453868,0.0534846;-2.18987,1.33226,-0.954695
-0.858342,-0.455404,0.0526193;-1.98969,1.34312,-1.13065
-0.860934,-0.455879,0.0489082;-1.79797,1.35357,-1.31636
-0.857169,-0.455803,0.0450284;-1.70733,1.40595,-1.41558
-0.864221,-0.459167,0.0548726;-2.31689,1.43462,-0.790819
-0.88012,-0.463713,0.0655333;0.621431,1.50351,2.55774
-0.874857,-0.458409,0.0578786;-1.51164,1.45321,-1.56193
-0.863218,-0.45415,0.0489191;-1.65389,1.38963,-1.42869
-0.860125,-0.451449,0.0465618;-1.58886,1.36016,-1.51093
-0.856161,-0.450918,0.0425934;-1.58702,1.40584,-1.5486
-0.856925,-0.453925,0.0432808;-1.65434,1.43413,-1.48123
-0.871121,-0.454375,0.0464717;1.81333,1.56733,1.29938
-0.865624,-0.447223,0.0560563;-2.63899,1.43041,-0.511291
-0.85886,-0.449538,0.05254;-2.30675,1.36814,-0.843023
-0.860636,-0.450343,0.0500251;-2.13751,1.37234,-1.00877
-0.859532,-0.448884,0.0442764;-1.77334,1.38824,-1.37225
-0.859295,-0.45014,0.0429362;-1.70483,1.42402,-1.43863
-0.86506,-0.451412,0.0459187;-1.8826,1.50939,-1.25736
-0.882922,-0.454319,0.060417;-0.0490458,1.46454,-3.05503
-0.878978,-0.450577,0.0594248;-0.801576,1.44535,-2.27782
-0.866285,-0.448684,0.0536381;-1.31383,1.39924,-1.75372
-0.858887,-0.444921,0.0453946;-1.4684,1.39339,-1.64393
-0.855797,-0.447083,0.0427632;-1.57903,1.42336,-1.54922
-0.855323,-0.447102,0.042363;-1.5872,1.48624,-1.55686
-0.874675,-0.448217,0.0566242;1.96237,1.4675,1.15114
-0.862181,-0.444166,0.0557364;-2.94016,1.42079,-0.215117
-0.856336,-0.446245,0.0539322;-2.50207,1.37825,-0.64638
-0.858407,-0.439838,0.0429121;-1.64589,1.38618,-1.50197
-0.856479,-0.439131,0.0427383;-1.57353,1.38449,-1.58042
-0.851897,-0.439368,0.0429487;-1.63221,1.38582,-1.51889
-0.866287,-0.448472,0.0490152;1.22242,1.53019,1.90367
-0.8677,-0.444518,0.05596;-0.990703,1.49013,-2.12689
-0.866459,-0.438418,0.0479773;-1.62899,1.39347,-1.46583
-0.854271,-0.429858,0.0482234;-1.49146,1.32289,-1.59839
-0.851662,-0.433566,0.0465145;-1.55247,1.35143,-1.54372
-0.848493,-0.437205,0.0473025;-1.64474,1.38468,-1.44906
-0.848493,-0.437205,0.0473025;-1.64474,1.38468,-1.44906
-0.859362,-0.443056,0.0548269;-2.19295,1.42415,-0.909969
-0.859362,-0.443056,0.0548269;-2.19295,1.42415,-0.909969
