-0.125,0.125,0.06;-1.57,-2.98023e-08,-1.57
-0.125,0.125,0.06;-1.57,-2.98023e-08,-1.57
-0.125,0.125,0.06;-1.57,-2.98023e-08,-1.57
-0.124685,0.13091,0.0423452;-1.56926,-0.193683,-1.56943
-0.123973,0.132079,0.0425496;-1.57129,-0.135348,-1.5633
-0.125948,0.126118,0.0462407;-1.5694,-0.0258617,-1.54844
-0.123095,0.0835884,0.0565249;-1.42632,0.0455966,-1.55262
-0.122373,0.0938365,0.0422704;-1.57032,-0.132951,-1.57098
-0.123156,0.0933898,0.0424145;-1.56763,-0.166589,-1.57005
-0.123152,0.0934396,0.0423313;-1.57077,-0.170099,-1.57077
-0.121149,0.0940359,0.0425702;-1.57099,-0.0481335,-1.56297
-0.124632,0.0891979,0.0458149;-1.57579,0.0535708,-1.54649
-0.126811,0.0599167,0.0593613;-1.45424,0.194361,-1.55209
-0.125084,0.0405179,0.0507854;-1.47378,0.115268,-1.56945
-0.123608,0.0526897,0.0423897;-1.57195,0.0285877,-1.56888
-0.123362,0.0526148,0.0424674;-1.56572,-0.0325565,-1.56984
-0.122058,0.0534535,0.042474;-1.57079,0.0374711,-1.5662
-0.124719,0.0525055,0.0447946;-1.57555,0.131572,-1.54973
-0.131444,0.0285672,0.0568095;-1.49658,0.277383,-1.55883
-0.132805,0.00073438,0.0600155;-1.40015,0.27892,-1.58265
-0.132412,0.0143552,0.0505736;-1.46525,0.170695,-1.58255
-0.130497,0.0245246,0.0423377;-1.57152,0.0599245,-1.56991
-0.130231,0.0241982,0.0423305;-1.57074,0.0270517,-1.57082
-0.129258,0.0255527,0.0426662;-1.57283,0.0945076,-1.56148
-0.134819,0.0180892,0.0467845;-1.57759,0.20673,-1.54484
-0.14145,-0.0095968,0.0561499;-1.44314,0.281876,-1.57759
-0.142524,-0.0192396,0.04819;-1.49197,0.210503,-1.58328
-0.142008,-0.0163489,0.0424608;-1.56653,0.106282,-1.57116
-0.141653,-0.0163518,0.042349;-1.57017,0.123242,-1.57093
-0.141094,-0.0160371,0.0423339;-1.5707,0.165935,-1.57072
-0.151479,-0.0317922,0.0523578;-1.53214,0.374694,-1.5569
-0.158274,-0.066503,0.0628334;-1.38315,0.457431,-1.60478
-0.159252,-0.078021,0.0566384;-1.40277,0.378862,-1.61299
-0.153051,-0.0647798,0.0422696;-1.5725,0.2115,-1.57027
-0.153781,-0.0649269,0.0423241;-1.57081,0.191521,-1.57095
-0.152596,-0.0658086,0.0424261;-1.56724,0.25114,-1.57125
-0.156184,-0.0677007,0.0457954;-1.5777,0.425016,-1.54425
-0.169351,-0.0943871,0.0593748;-1.44013,0.563015,-1.60028
-0.17757,-0.120643,0.061273;-1.35689,0.553236,-1.64596
-0.168129,-0.1045,0.0423485;-1.57075,0.352132,-1.56944
-0.168373,-0.104964,0.042512;-1.56426,0.299955,-1.5727
-0.168362,-0.104843,0.0423292;-1.57078,0.302719,-1.57083
-0.168297,-0.103679,0.0434312;-1.57122,0.413508,-1.55651
-0.179808,-0.11717,0.0512677;-1.53803,0.550032,-1.56041
-0.193311,-0.151225,0.0632801;-1.36046,0.6514,-1.64665
-0.190806,-0.156657,0.0423496;-1.57583,0.491389,-1.56351
-0.18983,-0.156494,0.0423222;-1.57106,0.41471,-1.57072
-0.190365,-0.156576,0.0423268;-1.57088,0.391861,-1.57078
-0.188391,-0.156676,0.042696;-1.57162,0.530809,-1.55937
-0.1978,-0.162514,0.0475145;-1.57006,0.653006,-1.54519
-0.217276,-0.19053,0.0621127;-1.36146,0.785703,-1.66856
-0.223376,-0.206066,0.0426205;-1.56307,0.646934,-1.57158
-0.222281,-0.205473,0.0423348;-1.57048,0.564881,-1.57066
-0.222926,-0.205276,0.0423284;-1.57079,0.532603,-1.57076
-0.220607,-0.205402,0.0427451;-1.57229,0.676379,-1.55959
-0.231387,-0.211158,0.0475772;-1.55677,0.797731,-1.55543
-0.254875,-0.237404,0.0620789;-1.32389,0.922034,-1.71835
-0.263576,-0.251368,0.0451025;-1.51483,0.804438,-1.60599
-0.261386,-0.249708,0.0423295;-1.57083,0.712722,-1.57076
-0.262232,-0.249365,0.0424705;-1.56507,0.666126,-1.57425
-0.259834,-0.249626,0.0425193;-1.5709,0.767104,-1.56466
-0.265019,-0.24976,0.0453972;-1.58055,0.869959,-1.54124
-0.287743,-0.265869,0.0585516;-1.39057,1.00639,-1.68656
-0.302136,-0.278696,0.0544828;-1.34767,0.934224,-1.73089
-0.290034,-0.267604,0.0433305;-1.54262,0.850918,-1.58966
-0.289073,-0.267996,0.0423285;-1.57072,0.761452,-1.57085
-0.28929,-0.268124,0.0423299;-1.57079,0.761554,-1.57079
-0.287897,-0.267403,0.0427619;-1.57333,0.830822,-1.55925
-0.299011,-0.270077,0.0478198;-1.57427,0.952153,-1.54236
-0.338282,-0.306335,0.0619836;-1.20801,1.05531,-1.84554
-0.331633,-0.299421,0.0544621;-1.33072,0.961247,-1.75471
-0.318468,-0.290861,0.0424164;-1.5756,0.864948,-1.5632
-0.318984,-0.291546,0.0423297;-1.57078,0.783905,-1.57082
-0.318006,-0.291989,0.0424171;-1.57066,0.833649,-1.56811
-0.318216,-0.291082,0.0438461;-1.57266,0.908712,-1.55296
-0.3656,-0.324878,0.065047;-1.14882,1.13672,-1.89666
-0.376316,-0.337484,0.061566;-1.17475,1.06181,-1.88556
-0.366312,-0.332478,0.0456633;-1.48597,0.992312,-1.63868
-0.362803,-0.330653,0.0423827;-1.56764,0.858276,-1.57344
-0.361896,-0.33171,0.0423631;-1.56967,0.92594,-1.57036
-0.360862,-0.33085,0.0432034;-1.57183,0.997193,-1.55704
-0.407931,-0.354286,0.0639721;-1.07451,1.22368,-1.98534
-0.42572,-0.367736,0.0613456;-1.08344,1.1569,-1.98821
-0.416541,-0.365739,0.0459602;-1.45998,1.10577,-1.66682
-0.413556,-0.364491,0.0423671;-1.56801,0.979128,-1.57321
-0.413035,-0.365518,0.0423145;-1.57069,1.04237,-1.57054
-0.41135,-0.364839,0.0430701;-1.57066,1.12058,-1.55935
-0.458764,-0.381695,0.0642737;-0.794555,1.33632,-2.2757
-0.47757,-0.392273,0.0613787;-0.883461,1.27382,-2.20063
-0.467816,-0.391604,0.0459543;-1.41629,1.24737,-1.71362
-0.463773,-0.390866,0.042432;-1.56324,1.12848,-1.57764
-0.463207,-0.392338,0.0423678;-1.57322,1.20172,-1.56584
-0.46185,-0.392452,0.0425899;-1.57122,1.25084,-1.56192
-0.500907,-0.398542,0.0607993;-0.465124,1.42241,-2.62507
-0.523896,-0.406468,0.0581873;-0.643609,1.36344,-2.46161
-0.517971,-0.405531,0.0516103;-0.994567,1.37566,-2.12502
-0.504901,-0.403292,0.0424342;-1.56063,1.22408,-1.58014
-0.506023,-0.403474,0.0424195;-1.56146,1.24366,-1.57947
-0.504992,-0.404193,0.04243;-1.57086,1.2985,-1.56761
-0.506305,-0.402841,0.044496;-1.5867,1.38473,-1.53598
-0.561731,-0.411964,0.062054;0.0163006,1.39608,-3.11101
-0.563454,-0.413327,0.0537925;-0.608987,1.40244,-2.51257
-0.552017,-0.412993,0.0424808;-1.62322,1.39268,-1.51608
-0.551848,-0.412688,0.042328;-1.57107,1.32334,-1.57056
-0.553227,-0.413101,0.0422086;-1.55085,1.38711,-1.59026
-0.552734,-0.413343,0.0427026;-1.55958,1.46392,-1.57084
-0.597281,-0.412375,0.067154;0.967255,1.40974,2.20433
-0.618379,-0.416177,0.0594338;0.390175,1.40961,2.76891
-0.6083,-0.416018,0.0424304;-1.52125,1.55382,-1.6181
-0.603934,-0.416529,0.0424023;-1.57053,1.44586,-1.57335
-0.60616,-0.416376,0.0424288;-1.56986,1.5076,-1.57491
-0.607869,-0.416087,0.0424553;1.61656,1.55523,1.52926
-0.643554,-0.410507,0.0677055;1.3418,1.32118,1.81763
-0.663515,-0.412394,0.061179;1.05656,1.36488,2.08815
-0.653645,-0.414941,0.0419509;1.68496,1.46773,1.4575
-0.651425,-0.416794,0.0425022;1.57005,1.53749,1.56606
-0.65263,-0.416102,0.0425279;1.58434,1.4953,1.552
-0.655372,-0.414562,0.0425115;1.58681,1.42261,1.55135
-0.679851,-0.404545,0.0665019;1.57666,1.21175,1.57456
-0.702015,-0.400424,0.0670674;1.31387,1.21979,1.8273
-0.696692,-0.402465,0.0521077;1.39305,1.31802,1.73894
-0.68955,-0.407839,0.0425442;1.57081,1.3992,1.56388
-0.689944,-0.407624,0.0426136;1.57933,1.38856,1.5548
-0.692103,-0.406002,0.0427111;1.57176,1.33754,1.55819
-0.704011,-0.395621,0.0575887;1.73169,1.14949,1.42244
-0.725924,-0.387772,0.0716628;1.51781,1.07051,1.62825
-0.736969,-0.384771,0.0642029;1.42972,1.1401,1.6996
-0.724006,-0.394079,0.0428438;1.59093,1.26745,1.54144
-0.727128,-0.391645,0.0427592;1.58069,1.22393,1.55135
-0.728521,-0.390088,0.042904;1.59138,1.18173,1.54134
-0.735006,-0.380693,0.0497155;1.69834,1.0239,1.4568
-0.743836,-0.371618,0.0663176;1.65561,0.924065,1.49855
-0.748693,-0.365992,0.0693667;1.5711,0.94974,1.57432
-0.733261,-0.373642,0.043041;1.59275,1.13155,1.53774
-0.733041,-0.373919,0.0428926;1.58892,1.13514,1.54422
-0.733299,-0.373541,0.0428868;1.58435,1.13383,1.54665
-0.74099,-0.364017,0.0454544;1.6432,1.01041,1.50077
-0.747354,-0.357634,0.0590678;1.69211,0.915125,1.46479
-0.759559,-0.352833,0.073307;1.62476,0.855161,1.52559
-0.740777,-0.35343,0.0484532;1.72305,1.05088,1.42515
-0.736035,-0.356553,0.0429478;1.58598,1.10811,1.54445
-0.735565,-0.356705,0.0429022;1.58444,1.11886,1.54639
-0.743029,-0.348259,0.04437;1.60875,1.01334,1.52495
-0.746914,-0.343696,0.0558137;1.70708,0.920063,1.44849
-0.756888,-0.340616,0.0716376;1.67385,0.844082,1.48068
-0.741518,-0.338868,0.050221;1.75208,1.0323,1.3974
-0.737023,-0.342568,0.0429151;1.57884,1.09913,1.54888
-0.736576,-0.342771,0.0429912;1.58971,1.10968,1.54138
-0.742619,-0.335455,0.0443377;1.60789,1.02273,1.5243
-0.746454,-0.330701,0.0545077;1.71966,0.927607,1.43757
-0.755978,-0.327708,0.07042;1.69987,0.844369,1.45839
-0.744401,-0.324372,0.0533315;1.73215,1.00143,1.41526
-0.736871,-0.331114,0.0435159;1.58578,1.08971,1.538
-0.735818,-0.332258,0.0429652;1.59016,1.10646,1.54199
-0.73866,-0.328394,0.0430957;1.58411,1.06191,1.54374
-0.743267,-0.321809,0.0482472;1.68126,0.979285,1.46804
-0.750176,-0.318474,0.0627622;1.69516,0.89121,1.46181
-0.756212,-0.309312,0.0646812;1.60592,0.9448,1.53128
-0.740574,-0.317223,0.0464662;1.67674,1.05358,1.46724
-0.735933,-0.320897,0.0429584;1.58919,1.10617,1.54268
-0.737047,-0.318307,0.0439591;1.58861,1.08749,1.53591
-0.741011,-0.31333,0.0436078;1.60416,1.02736,1.53018
-0.745548,-0.307438,0.05316;1.70087,0.932575,1.45643
-0.76068,-0.298129,0.0701978;1.56886,0.884195,1.57188
-0.747436,-0.29887,0.0558113;1.67305,0.989443,1.4703
-0.736836,-0.304529,0.0444546;1.60755,1.07531,1.51878
-0.73417,-0.305966,0.0429027;1.58478,1.10808,1.54648
-0.736029,-0.303431,0.0429384;1.58117,1.06959,1.54737
-0.739968,-0.297246,0.0461701;1.65914,0.991504,1.49029
-0.762038,-0.285257,0.0722522;1.57569,0.846776,1.57034
-0.758964,-0.279293,0.064688;1.56578,0.938174,1.56816
-0.740428,-0.286467,0.0461728;1.66712,1.05037,1.4727
-0.73366,-0.288817,0.0428184;1.58037,1.11435,1.55096
-0.736125,-0.286327,0.0429326;1.58369,1.07471,1.54637
-0.738075,-0.282946,0.0432361;1.5984,1.00746,1.53906
-0.761469,-0.269843,0.0691062;1.54622,0.833922,1.59755
-0.761963,-0.261545,0.0649863;1.55405,0.918016,1.58061
-0.740093,-0.265904,0.0444382;1.6316,1.0384,1.50917
-0.733852,-0.26882,0.0426128;1.57606,1.11859,1.55846
-0.734865,-0.267247,0.0427451;1.57671,1.08694,1.55488
-0.736311,-0.264523,0.0429061;1.59317,1.00971,1.54478
-0.736311,-0.264523,0.0429061;1.59317,1.00971,1.54478
-0.742495,-0.257636,0.0515654;1.64487,0.919896,1.51148
-0.742495,-0.257636,0.0515654;1.64487,0.919896,1.51148
