-0.125,0.125,0.06;-1.57,-2.98023e-08,-1.57
-0.125,0.125,0.06;-1.57,-2.98023e-08,-1.57
-0.125,0.125,0.06;-1.57,-2.98023e-08,-1.57
-0.124625,0.130751,0.0423303;-1.5704,-0.193957,-1.57024
-0.124039,0.129994,0.0423218;-1.57131,-0.129612,-1.5706
-0.12559,0.124194,0.0490464;-1.62754,-0.0350737,-1.57685
-0.126502,0.104966,0.0633748;-1.56966,0.138862,-1.56659
-0.121604,0.114877,0.0424621;-1.57082,-0.011192,-1.56652
-0.123583,0.111816,0.0423219;-1.57095,-0.105614,-1.57078
-0.124033,0.111769,0.0423305;-1.57078,-0.135267,-1.57082
-0.123059,0.11042,0.0424974;-1.57064,-0.0622823,-1.57621
-0.122368,0.103723,0.0453521;-1.56624,0.0124773,-1.58963
-0.119639,0.0928871,0.0623382;-1.55235,0.128126,-1.59219
-0.118881,0.0869192,0.0543196;-1.56454,0.125083,-1.55611
-0.116788,0.094347,0.0431285;-1.57815,0.0441913,-1.55629
-0.116295,0.0915119,0.0424937;-1.56942,-0.0181911,-1.56642
-0.117547,0.0904204,0.0424416;-1.57078,-0.0706725,-1.57433
-0.119937,0.0845696,0.0439506;-1.57954,0.00145379,-1.587
-0.12153,0.0671834,0.0573592;-1.57518,0.0959298,-1.60204
-0.123859,0.0467558,0.0649961;-1.54481,0.145201,-1.57476
-0.124656,0.0576455,0.0555971;-1.56667,0.0484321,-1.56343
-0.124493,0.0637561,0.0428409;-1.57353,-0.0366871,-1.55697
-0.125361,0.0579463,0.0423275;-1.5707,-0.184095,-1.5708
-0.125547,0.056291,0.0425234;-1.5717,-0.156402,-1.57655
-0.126175,0.0490372,0.0466224;-1.60276,-0.126469,-1.59686
-0.124304,0.0325163,0.0559865;-1.57334,-0.0768068,-1.59417
-0.119518,0.0249706,0.0438965;-1.55908,-0.0670939,-1.57829
-0.118464,0.0191677,0.0428922;-1.57374,-0.202696,-1.56092
-0.116781,0.0129715,0.0425458;-1.5708,-0.256091,-1.56382
-0.116861,0.0123866,0.0423417;-1.5708,-0.264664,-1.57042
-0.117567,-0.000373567,0.0512018;-1.60703,-0.164711,-1.60975
-0.113115,-0.015835,0.0659517;-1.57675,-0.102441,-1.59758
-0.106786,-0.0254809,0.0588823;-1.56178,-0.101687,-1.57726
-0.101429,-0.0317555,0.0431509;-1.57533,-0.205864,-1.55894
-0.0993439,-0.0406888,0.0430224;-1.57319,-0.285946,-1.55893
-0.0973977,-0.0477805,0.0425439;-1.57044,-0.338531,-1.56422
-0.098309,-0.0482562,0.0450674;-1.57163,-0.286812,-1.59575
-0.0948761,-0.0558453,0.0568402;-1.56153,-0.206312,-1.61273
-0.0937629,-0.0584461,0.0639715;-1.56085,-0.163363,-1.59412
-0.0859576,-0.064954,0.0428558;-1.5743,-0.266646,-1.55791
-0.0845849,-0.069769,0.0435823;-1.57579,-0.334337,-1.55675
-0.0814736,-0.0795234,0.0470609;-1.57361,-0.412959,-1.52527
-0.0778148,-0.0779641,0.0430521;-1.56365,-0.376837,-1.56691
-0.0753151,-0.0734278,0.0515378;-1.57449,-0.289541,-1.60332
-0.0697739,-0.0756283,0.0636509;-1.54901,-0.218387,-1.61125
-0.0578157,-0.0729261,0.0424313;-1.57413,-0.249148,-1.57075
-0.0556236,-0.0749334,0.0426867;-1.57426,-0.305935,-1.56336
-0.0550918,-0.0817664,0.0439021;-1.57468,-0.380315,-1.55204
-0.0507007,-0.095284,0.0432419;-1.5672,-0.472542,-1.55541
-0.0489214,-0.0903285,0.0502846;-1.55761,-0.39074,-1.58285
-0.0458487,-0.0877803,0.0632353;-1.55722,-0.330969,-1.61228
-0.0396402,-0.0853469,0.0426034;-1.56982,-0.350779,-1.57983
-0.0387286,-0.0850246,0.042474;-1.57092,-0.381174,-1.56605
-0.0383241,-0.0869074,0.0424888;-1.57098,-0.425921,-1.56591
-0.0389845,-0.106732,0.0450865;-1.56556,-0.579375,-1.53832
-0.0389026,-0.10783,0.0547622;-1.55412,-0.544269,-1.55567
-0.0395287,-0.107564,0.0674304;-1.55939,-0.493643,-1.58961
-0.0400903,-0.10902,0.0429749;-1.57053,-0.536767,-1.5827
-0.039667,-0.108311,0.042323;-1.57059,-0.543759,-1.57025
-0.0396375,-0.108377,0.0423746;-1.57076,-0.546685,-1.56933
-0.0362881,-0.11683,0.0445747;-1.57512,-0.644374,-1.54522
-0.0327118,-0.121383,0.0496271;-1.57538,-0.634688,-1.55352
-0.0330596,-0.12534,0.0666965;-1.56488,-0.573392,-1.56926
-0.0381286,-0.115477,0.0514784;-1.584,-0.584043,-1.59631
-0.0388489,-0.114332,0.0425126;-1.5697,-0.596815,-1.57672
-0.0386493,-0.114084,0.0423445;-1.57019,-0.605173,-1.5705
-0.0380512,-0.114643,0.0424984;-1.57165,-0.625919,-1.5653
-0.0393413,-0.115935,0.0441879;-1.57533,-0.62148,-1.54883
-0.0443585,-0.122661,0.0561292;-1.59792,-0.604106,-1.55799
-0.0484911,-0.121874,0.0684674;-1.56405,-0.582149,-1.57795
-0.0522298,-0.112346,0.0547718;-1.59298,-0.589333,-1.5974
-0.0525497,-0.108609,0.0424656;-1.5705,-0.604279,-1.57505
-0.0522208,-0.109947,0.0423717;-1.57118,-0.677261,-1.56929
-0.0515181,-0.111465,0.0427327;-1.57142,-0.714846,-1.5578
-0.0532473,-0.114312,0.0463777;-1.57242,-0.707887,-1.54144
-0.0631252,-0.112497,0.0766103;-1.56267,-0.594362,-1.57232
-0.0707304,-0.10852,0.0685608;-1.5789,-0.638569,-1.58261
-0.077778,-0.103192,0.0427449;-1.58265,-0.675529,-1.58223
-0.0777873,-0.102884,0.0423289;-1.5708,-0.717683,-1.57073
-0.0777111,-0.10339,0.0423035;-1.57068,-0.716293,-1.56984
-0.0776475,-0.103491,0.0425111;-1.56822,-0.710789,-1.56487
-0.0881029,-0.104053,0.0756564;-1.55723,-0.59725,-1.5643
-0.0989374,-0.0922643,0.0688616;-1.56853,-0.616704,-1.57108
-0.110282,-0.0726296,0.0429307;-1.59109,-0.667216,-1.58679
-0.109223,-0.0720753,0.0423308;-1.57075,-0.689907,-1.57082
-0.109143,-0.072404,0.0423287;-1.57084,-0.692688,-1.57081
-0.108338,-0.0738052,0.0424454;-1.57203,-0.672134,-1.57479
-0.117785,-0.0806015,0.0737575;-1.57027,-0.621347,-1.57716
-0.131548,-0.0729085,0.0690673;-1.57821,-0.644783,-1.57231
-0.150457,-0.0558068,0.0457823;-1.61827,-0.688981,-1.58569
-0.153828,-0.05124,0.0423429;-1.57081,-0.653717,-1.57036
-0.153775,-0.0520858,0.0423681;-1.57331,-0.663601,-1.57434
-0.153044,-0.0530005,0.042519;-1.57063,-0.6513,-1.57663
-0.146549,-0.0683107,0.063012;-1.58637,-0.599567,-1.59802
-0.150304,-0.0692165,0.0641014;-1.55969,-0.646165,-1.56078
-0.159628,-0.0643955,0.053105;-1.57543,-0.670917,-1.55153
-0.171336,-0.0494009,0.0425023;-1.56752,-0.697791,-1.56569
-0.169983,-0.0480033,0.042511;-1.56364,-0.622143,-1.56659
-0.169844,-0.0482708,0.0423807;-1.57071,-0.614614,-1.5724
-0.168966,-0.0511652,0.0435333;-1.5956,-0.571167,-1.58886
-0.17151,-0.0633992,0.0722177;-1.56286,-0.564084,-1.56526
-0.182752,-0.0600195,0.061361;-1.57154,-0.623,-1.5517
-0.198478,-0.0513553,0.045255;-1.59013,-0.686801,-1.55271
-0.200278,-0.0451107,0.0425811;-1.57106,-0.658161,-1.5628
-0.200078,-0.0457932,0.0423838;-1.57071,-0.663373,-1.56897
-0.199654,-0.0470975,0.0425557;-1.57076,-0.642422,-1.57788
-0.195771,-0.0500849,0.0690197;-1.58199,-0.523263,-1.58918
-0.202694,-0.0484957,0.0661633;-1.57893,-0.607089,-1.57076
-0.219997,-0.0425862,0.0454145;-1.60639,-0.675853,-1.5708
-0.22428,-0.0354866,0.0437201;-1.57047,-0.661573,-1.55286
-0.224512,-0.034772,0.0426016;-1.57179,-0.646484,-1.56337
-0.223394,-0.0360295,0.0425244;-1.57759,-0.650252,-1.57594
-0.206096,-0.0432472,0.062146;-1.5811,-0.445495,-1.62092
-0.204849,-0.0405345,0.0621121;-1.56487,-0.493655,-1.58226
-0.215538,-0.0322142,0.0428646;-1.58072,-0.548235,-1.56731
-0.216473,-0.0317227,0.0433894;-1.57303,-0.587112,-1.55713
-0.214875,-0.0313069,0.0451746;-1.57459,-0.57089,-1.54456
-0.212846,-0.0331341,0.0428767;-1.5795,-0.585876,-1.56492
-0.192989,-0.0509839,0.0580678;-1.56577,-0.391249,-1.62433
-0.188691,-0.0508435,0.0622243;-1.5555,-0.361999,-1.59887
-0.193341,-0.0485658,0.0501301;-1.552,-0.442316,-1.56503
-0.199846,-0.0419833,0.0431027;-1.57268,-0.47345,-1.56012
-0.200097,-0.0434209,0.0443711;-1.57373,-0.479593,-1.5481
-0.198467,-0.0454659,0.0455672;-1.57952,-0.489095,-1.54074
-0.186459,-0.0773664,0.0567257;-1.59278,-0.422429,-1.59686
-0.173442,-0.0935961,0.0651059;-1.5434,-0.310603,-1.60265
-0.165651,-0.0953612,0.0565895;-1.53252,-0.298514,-1.58655
-0.168069,-0.0811543,0.042606;-1.57113,-0.356726,-1.56193
-0.168982,-0.0793983,0.0430361;-1.57047,-0.336989,-1.55891
-0.1701,-0.0814447,0.0453927;-1.57014,-0.337742,-1.54018
-0.165052,-0.0988022,0.0516788;-1.66873,-0.33687,-1.59017
-0.153915,-0.129059,0.0626034;-1.58419,-0.260476,-1.59845
-0.144563,-0.148298,0.0629774;-1.54567,-0.203164,-1.59517
-0.148621,-0.138116,0.0422521;-1.56963,-0.304581,-1.56991
-0.14905,-0.13631,0.0425521;-1.57018,-0.281766,-1.56422
-0.150271,-0.134888,0.0429932;-1.56839,-0.264654,-1.55788
-0.146928,-0.147944,0.0506281;-1.6408,-0.298266,-1.55316
-0.138922,-0.175977,0.061846;-1.70819,-0.268026,-1.5918
-0.123959,-0.213873,0.0720398;-1.55248,-0.168101,-1.58551
-0.107159,-0.229458,0.0426319;-1.57143,-0.190911,-1.58069
-0.106803,-0.228221,0.0423247;-1.57082,-0.215512,-1.57071
-0.107192,-0.227888,0.042329;-1.57082,-0.23845,-1.57081
-0.10765,-0.227952,0.0425955;-1.57067,-0.225993,-1.57922
-0.105032,-0.228326,0.0483117;-1.54755,-0.165018,-1.59412
-0.0988253,-0.225645,0.0676316;-1.55863,-0.0579745,-1.59348
-0.0889137,-0.22075,0.0424991;-1.57191,-0.0385351,-1.57708
-0.0885949,-0.220432,0.0423252;-1.57066,-0.0575338,-1.57057
-0.0894266,-0.219597,0.0423243;-1.57075,-0.0925859,-1.57068
-0.0898949,-0.219921,0.042485;-1.57062,-0.0996985,-1.57581
-0.0907937,-0.221236,0.0472153;-1.55389,-0.100376,-1.5883
-0.0939154,-0.227443,0.0618583;-1.56211,-0.0634506,-1.60612
-0.0963656,-0.225795,0.0495145;-1.54261,0.0136932,-1.56197
-0.0944938,-0.221288,0.0424948;-1.57122,-0.00587309,-1.56537
-0.0953636,-0.221388,0.042401;-1.57326,-0.0442748,-1.57115
-0.0955657,-0.220688,0.0423288;-1.57083,-0.082997,-1.57085
-0.0962107,-0.221192,0.0430937;-1.56833,-0.0846826,-1.57788
-0.100207,-0.224067,0.0520218;-1.5632,-0.0798515,-1.60606
-0.103392,-0.245011,0.0600583;-1.54164,-0.0362539,-1.57103
-0.1031,-0.246327,0.0426903;-1.57297,-0.0859422,-1.5609
-0.102179,-0.247353,0.0424732;-1.57039,-0.126651,-1.56621
-0.103399,-0.249568,0.0423278;-1.57083,-0.262987,-1.57088
-0.103723,-0.249863,0.0424973;-1.57078,-0.257269,-1.5761
-0.104627,-0.25067,0.045616;-1.5753,-0.222376,-1.59534
-0.10225,-0.275583,0.0635908;-1.56257,-0.174519,-1.59204
-0.0989602,-0.291992,0.0463208;-1.5255,-0.218033,-1.56702
-0.0986284,-0.29127,0.042695;-1.57035,-0.269085,-1.55834
-0.0983821,-0.297018,0.0423238;-1.57092,-0.437016,-1.5707
-0.0983643,-0.297144,0.0423288;-1.57085,-0.442687,-1.57096
-0.0985408,-0.29822,0.0430643;-1.57362,-0.413151,-1.58445
-0.092426,-0.302492,0.0643147;-1.54479,-0.321593,-1.59663
-0.0878336,-0.307795,0.0599682;-1.55514,-0.323188,-1.58377
-0.0830516,-0.311304,0.0424199;-1.57532,-0.381319,-1.57201
-0.0798189,-0.320334,0.0425106;-1.57098,-0.572706,-1.56516
-0.0783992,-0.323581,0.0423841;-1.57091,-0.671014,-1.56912
-0.0785047,-0.323918,0.0425997;-1.57024,-0.671665,-1.57878
-0.0851184,-0.332563,0.06131;-1.50839,-0.693806,-1.57379
-0.0886725,-0.338735,0.0641685;-1.55365,-0.698312,-1.57275
-0.0886873,-0.341644,0.0427095;-1.55765,-0.674808,-1.56427
-0.0887698,-0.339617,0.0425327;-1.57087,-0.656191,-1.56429
-0.088358,-0.341783,0.0425279;-1.57091,-0.691897,-1.56456
-0.0885992,-0.342632,0.0427237;-1.57062,-0.68694,-1.58321
-0.0885992,-0.342632,0.0427237;-1.57062,-0.68694,-1.58321
-0.0861259,-0.344499,0.0487737;-1.52687,-0.656084,-1.57729
-0.0861259,-0.344499,0.0487737;-1.52687,-0.656084,-1.57729
