-0.125,0.125,0.06;-1.57,-2.98023e-08,-1.57
-0.125,0.125,0.06;-1.57,-2.98023e-08,-1.57
-0.125,0.125,0.06;-1.57,-2.98023e-08,-1.57
-0.124276,0.131731,0.0422851;-1.57111,-0.227404,-1.57143
-0.125004,0.129044,0.0424885;-1.57242,-0.144061,-1.5743
-0.127913,0.124983,0.0508999;-1.6366,-0.0251111,-1.58018
-0.128893,0.130539,0.0657413;-1.67841,0.095223,-1.5752
-0.121498,0.141784,0.0424438;-1.56945,-0.0720035,-1.57553
-0.12203,0.142086,0.0424504;-1.57068,-0.100472,-1.5747
-0.122002,0.142085,0.0423285;-1.57078,-0.0964418,-1.57076
-0.123347,0.137348,0.0432147;-1.58625,0.0248681,-1.58327
-0.125645,0.133958,0.0514029;-1.66079,0.0971376,-1.58261
-0.126981,0.129887,0.0673498;-1.68985,0.228704,-1.57857
-0.130956,0.137467,0.0571379;-1.72985,0.15154,-1.53953
-0.125613,0.13555,0.0515407;-1.68857,0.0550106,-1.55726
-0.1213,0.12129,0.0422956;-1.57027,-0.0497323,-1.57179
-0.12488,0.117512,0.0431064;-1.58688,0.0301937,-1.57914
-0.129226,0.110782,0.0490959;-1.64219,0.103733,-1.58248
-0.132369,0.0987004,0.0607407;-1.68765,0.216353,-1.58608
-0.135018,0.0904559,0.0703277;-1.66775,0.213966,-1.56372
-0.131898,0.0999938,0.0596148;-1.69863,0.0976608,-1.55921
-0.127907,0.0994626,0.0458938;-1.63028,0.020463,-1.57171
-0.127358,0.0961601,0.0424088;-1.57127,0.0165206,-1.57315
-0.131209,0.0922096,0.0436746;-1.59938,0.102347,-1.57203
-0.137024,0.0814513,0.0516114;-1.66063,0.183507,-1.58159
-0.140322,0.068155,0.0586644;-1.68576,0.23382,-1.58095
-0.137674,0.0722445,0.0505423;-1.68635,0.148254,-1.55691
-0.135729,0.0630984,0.0426084;-1.57327,0.0087788,-1.5641
-0.13662,0.0614408,0.0423708;-1.56971,-0.00574592,-1.5705
-0.137741,0.0604129,0.042737;-1.58065,0.0446995,-1.57353
-0.146453,0.0413759,0.0562156;-1.69355,0.204153,-1.5865
-0.146734,0.0259196,0.0667396;-1.64993,0.281284,-1.59244
-0.144984,0.0308589,0.0645564;-1.67155,0.203977,-1.56804
-0.145213,0.0284605,0.0473794;-1.62096,0.0416177,-1.54699
-0.143572,0.016559,0.0425977;-1.57022,-0.0358035,-1.56281
-0.144272,0.015262,0.0424899;-1.56556,-0.0381231,-1.57059
-0.151332,0.00445828,0.050388;-1.6511,0.107542,-1.58798
-0.152769,-0.0128257,0.0616542;-1.67686,0.195738,-1.5985
-0.152995,-0.0225376,0.0685521;-1.64151,0.194002,-1.58899
-0.155383,-0.0119807,0.0503863;-1.67676,0.0141963,-1.55724
-0.15446,-0.0249474,0.0435181;-1.57933,-0.0526905,-1.55981
-0.15584,-0.0345108,0.0429541;-1.5611,-0.114299,-1.55934
-0.159989,-0.0369901,0.0475916;-1.64256,-0.0105717,-1.57719
-0.164275,-0.049319,0.0560784;-1.69034,0.0749355,-1.60524
-0.161699,-0.067205,0.0676226;-1.65291,0.148565,-1.6112
-0.159781,-0.0537766,0.0491716;-1.66843,-0.0340181,-1.57658
-0.158775,-0.0622971,0.0427222;-1.57679,-0.0987058,-1.56465
-0.16174,-0.0708129,0.043035;-1.56559,-0.158968,-1.55708
-0.163358,-0.0740937,0.0456556;-1.62169,-0.0517221,-1.57647
-0.168492,-0.0836436,0.0540697;-1.6741,0.0417151,-1.60391
-0.166807,-0.100144,0.0627081;-1.64827,0.134361,-1.62537
-0.166983,-0.0882984,0.0504802;-1.67888,-0.0305757,-1.58283
-0.165958,-0.0916511,0.0448575;-1.61276,-0.076284,-1.57389
-0.172544,-0.102031,0.0430972;-1.57559,-0.100216,-1.56275
-0.174812,-0.104641,0.0460577;-1.61536,0.0301863,-1.5605
-0.176913,-0.108684,0.0552251;-1.71266,0.147582,-1.5718
-0.178707,-0.116949,0.0638339;-1.70082,0.261947,-1.59974
-0.171886,-0.120533,0.0550946;-1.70035,0.157309,-1.58371
-0.170779,-0.12143,0.0498612;-1.65864,0.129183,-1.57853
-0.177404,-0.131383,0.0426447;-1.5757,0.136614,-1.57524
-0.18432,-0.133955,0.0439552;-1.57835,0.217469,-1.54876
-0.186252,-0.143546,0.0530007;-1.64321,0.308998,-1.55096
-0.187597,-0.153098,0.0655214;-1.64303,0.433474,-1.57686
-0.182983,-0.150223,0.057815;-1.69309,0.383879,-1.58668
-0.178104,-0.144647,0.0586276;-1.75428,0.337331,-1.54495
-0.182918,-0.152486,0.0467871;-1.59672,0.328035,-1.59279
-0.191626,-0.159989,0.0429939;-1.57082,0.286975,-1.55994
-0.192439,-0.164874,0.0446411;-1.59852,0.355992,-1.55442
-0.194957,-0.173555,0.05932;-1.62846,0.471065,-1.55628
-0.191656,-0.181028,0.0693807;-1.59717,0.567819,-1.60392
-0.189242,-0.179593,0.0622014;-1.77484,0.508028,-1.5275
-0.188749,-0.181548,0.0478001;-1.6061,0.45853,-1.59108
-0.189824,-0.180486,0.0423786;-1.57068,0.320634,-1.56914
-0.190049,-0.181703,0.0429498;-1.585,0.387204,-1.56057
-0.193656,-0.189093,0.0524062;-1.56193,0.541333,-1.56753
-0.183541,-0.205373,0.0731425;-1.45896,0.73769,-1.65749
-0.183147,-0.205454,0.0700745;-1.62568,0.666214,-1.57941
-0.183214,-0.200003,0.0492143;-1.61223,0.585269,-1.59249
-0.183385,-0.19523,0.042319;-1.57078,0.431385,-1.57045
-0.183537,-0.196833,0.0428066;-1.58132,0.484819,-1.56465
-0.18572,-0.204269,0.0476451;-1.51657,0.637548,-1.59524
-0.183397,-0.231953,0.0698218;-1.23535,0.820733,-1.77143
-0.183664,-0.237764,0.0668814;-1.36852,0.74461,-1.70875
-0.178333,-0.230703,0.0510234;-1.54484,0.68987,-1.62655
-0.170037,-0.217425,0.0426775;-1.57353,0.536621,-1.57806
-0.172486,-0.219343,0.042467;-1.56989,0.610808,-1.57628
-0.17335,-0.223581,0.0435554;-1.55091,0.721841,-1.58549
-0.181383,-0.248899,0.071916;-1.25099,0.900089,-1.77114
-0.177878,-0.256942,0.0685987;-1.26283,0.808688,-1.77315
-0.162667,-0.249533,0.0589852;-1.49453,0.809959,-1.64757
-0.150288,-0.233274,0.0449678;-1.57507,0.642812,-1.59731
-0.153794,-0.23433,0.0424069;-1.5693,0.685822,-1.5752
-0.155282,-0.234948,0.0423602;-1.57064,0.716228,-1.56987
-0.170816,-0.253407,0.0708106;-1.39852,0.918123,-1.68751
-0.1681,-0.256526,0.068742;-1.21607,0.863833,-1.81472
-0.156243,-0.248563,0.0661797;-1.35743,0.869289,-1.73006
-0.140634,-0.234776,0.0426459;-1.56513,0.752232,-1.5888
-0.139281,-0.230887,0.0424312;-1.57074,0.645915,-1.57401
-0.142739,-0.233018,0.0427638;-1.57094,0.75663,-1.58436
-0.147719,-0.238057,0.04779;-1.60492,0.874431,-1.56236
-0.146541,-0.245262,0.0774703;-1.61713,1.02637,-1.54373
-0.133853,-0.243782,0.0713012;-1.85906,0.942192,-1.37096
-0.12024,-0.241243,0.0612757;-1.94765,0.845892,-1.29759
-0.125296,-0.242191,0.0428223;-1.57687,0.772533,-1.57782
-0.129397,-0.243169,0.0426496;-1.57382,0.866801,-1.57652
-0.135471,-0.246391,0.0439275;-1.57575,0.956676,-1.5865
-0.139186,-0.250739,0.077281;-1.7752,1.15565,-1.41539
-0.132745,-0.247718,0.0721658;-1.89383,1.06538,-1.31572
-0.117705,-0.24472,0.0618825;-2.04253,0.9428,-1.18352
-0.134828,-0.254514,0.0498928;-1.72602,0.856632,-1.45635
-0.145123,-0.256482,0.0425448;-1.56991,0.92444,-1.5789
-0.152804,-0.259137,0.0437786;-1.58873,1.00053,-1.57215
-0.17098,-0.268264,0.0703644;-1.69583,1.18897,-1.49467
-0.168126,-0.268485,0.0721099;-1.71313,1.13777,-1.46607
-0.151978,-0.266011,0.0588603;-2.01725,1.02448,-1.18536
-0.160436,-0.27384,0.0555853;-1.86681,0.952353,-1.3246
-0.176195,-0.275536,0.0427438;-1.57095,0.99503,-1.58375
-0.18087,-0.275165,0.0431043;-1.60476,1.05653,-1.54961
-0.201816,-0.281501,0.0635086;-1.78019,1.22885,-1.41533
-0.206074,-0.283806,0.071122;-1.6803,1.22836,-1.4914
-0.195268,-0.28578,0.0609971;-1.93732,1.1514,-1.24767
-0.191914,-0.289777,0.0596656;-1.99964,1.04862,-1.17567
-0.201141,-0.297349,0.0504612;-1.76813,1.03729,-1.39038
-0.208937,-0.301199,0.0425971;-1.58653,1.03736,-1.5579
-0.223148,-0.30246,0.0553114;-1.8485,1.17606,-1.35768
-0.235261,-0.310044,0.0677636;-1.81684,1.26508,-1.38317
-0.233905,-0.312363,0.0682583;-1.8183,1.22743,-1.36182
-0.224039,-0.31134,0.057766;-1.96699,1.07748,-1.19854
-0.232931,-0.319591,0.0542154;-1.80718,1.03354,-1.33959
-0.245754,-0.327451,0.0423001;-1.56366,1.00196,-1.57695
-0.254412,-0.325978,0.050632;-1.77318,1.10933,-1.40885
-0.267734,-0.331616,0.0600053;-1.87218,1.19519,-1.34069
-0.276097,-0.337625,0.0691263;-1.75373,1.23002,-1.43265
-0.268365,-0.34043,0.0568044;-1.97587,1.05123,-1.212
-0.276229,-0.342325,0.0561223;-1.86813,1.02116,-1.29147
-0.283113,-0.347111,0.0530085;-1.72104,0.999869,-1.39657
-0.287722,-0.344734,0.0471121;-1.71201,1.11035,-1.4434
-0.294943,-0.343572,0.0555346;-1.92589,1.19429,-1.27141
-0.313465,-0.352829,0.0650631;-1.88667,1.29824,-1.32252
-0.310709,-0.364587,0.0541153;-1.96841,1.14269,-1.20988
-0.31218,-0.365317,0.055459;-1.94121,1.09348,-1.22908
-0.319037,-0.363873,0.0536717;-1.83638,1.08425,-1.31067
-0.324785,-0.361907,0.0438823;-1.62159,1.15043,-1.51647
-0.328836,-0.361516,0.0527192;-1.90556,1.25282,-1.27097
-0.341418,-0.366653,0.06267;-1.97162,1.3644,-1.23241
-0.342076,-0.37992,0.0522511;-2.00374,1.2509,-1.16525
-0.339187,-0.380421,0.0546397;-2.0414,1.20489,-1.12705
-0.345134,-0.378329,0.0546311;-1.97401,1.17848,-1.17796
-0.351918,-0.368589,0.0505245;-1.77879,1.24981,-1.33658
-0.359516,-0.370667,0.0567199;-2.07968,1.3349,-1.06634
-0.373852,-0.377044,0.0690814;-2.36037,1.47524,-0.815543
-0.372192,-0.388658,0.0523845;-2.31024,1.40316,-0.862198
-0.365673,-0.391678,0.0527962;-2.25862,1.34497,-0.900855
-0.369287,-0.390701,0.0513438;-2.13761,1.34073,-1.01649
-0.384572,-0.377534,0.0447044;-1.70282,1.38743,-1.42307
-0.387181,-0.37699,0.0527369;-2.38652,1.42471,-0.740015
-0.392885,-0.37748,0.0620135;2.86426,1.44762,0.257203
-0.405632,-0.386425,0.0601292;2.49666,1.44987,0.605211
-0.398027,-0.394781,0.0537506;3.11318,1.42865,0.0114412
-0.397016,-0.395546,0.0526664;-3.04377,1.42967,-0.10364
-0.414163,-0.375543,0.0458959;-3.08369,1.53123,-0.0464319
-0.416128,-0.368852,0.0475347;2.11437,1.5032,1.05994
-0.417982,-0.366322,0.0594407;2.20289,1.33037,0.966242
-0.425104,-0.368399,0.0701626;1.79731,1.19121,1.32753
-0.42597,-0.378338,0.0562887;2.05536,1.24437,1.07539
-0.423285,-0.381402,0.0551106;2.10525,1.27371,1.03119
-0.441212,-0.352461,0.0459876;1.66217,1.30742,1.45928
-0.445387,-0.344982,0.0432084;1.60396,1.23698,1.54763
-0.444969,-0.340954,0.050706;1.64449,1.11169,1.52814
-0.45007,-0.343463,0.0740421;1.66634,0.846685,1.46921
-0.449148,-0.354682,0.0634167;1.78741,0.886126,1.34882
-0.448617,-0.367116,0.0563495;1.80946,0.960638,1.32807
-0.455651,-0.340384,0.051274;1.58479,1.01233,1.49138
-0.458608,-0.323175,0.0434085;1.58266,0.97088,1.55379
-0.459507,-0.31756,0.0448533;1.56552,0.866563,1.5934
-0.473348,-0.306055,0.0763649;1.48382,0.619908,1.63415
-0.468873,-0.321802,0.0732058;1.52761,0.640763,1.58495
-0.463232,-0.349795,0.0591751;1.81507,0.707927,1.37485
-0.462392,-0.343229,0.0541388;1.56977,0.862918,1.48081
-0.460713,-0.324669,0.0452885;1.5826,0.874822,1.53318
-0.464734,-0.315275,0.0428789;1.58227,0.755524,1.56745
-0.464734,-0.315275,0.0428789;1.58227,0.755524,1.56745
-0.474739,-0.302754,0.0570573;1.49006,0.644919,1.62703
-0.474739,-0.302754,0.0570573;1.49006,0.644919,1.62703
