-0.125,0.125,0.06;-1.57,-2.98023e-08,-1.57
-0.125,0.125,0.06;-1.57,-2.98023e-08,-1.57
-0.125,0.125,0.06;-1.57,-2.98023e-08,-1.57
-0.124755,0.128801,0.0423288;-1.57077,-0.167939,-1.57015
-0.124389,0.128115,0.04234;-1.57073,-0.104341,-1.57002
-0.125798,0.122669,0.0472349;-1.58566,-0.00853483,-1.56329
-0.123148,0.10002,0.062945;-1.52652,0.0263839,-1.57722
-0.120291,0.114247,0.0427833;-1.5724,-0.118012,-1.58359
-0.120435,0.114549,0.0424101;-1.57074,-0.130551,-1.5733
-0.120525,0.114941,0.0423297;-1.57078,-0.155698,-1.57078
-0.11752,0.113954,0.0425276;-1.57078,0.00226674,-1.56456
-0.120422,0.110003,0.0456697;-1.5781,0.100643,-1.54749
-0.124173,0.0801646,0.058871;-1.45225,0.23341,-1.55756
-0.122272,0.0648177,0.0532364;-1.4827,0.131735,-1.58606
-0.117678,0.0814674,0.0444563;-1.61096,0.0676683,-1.57283
-0.116791,0.0807952,0.0425644;-1.57111,0.0491527,-1.57806
-0.11801,0.0775146,0.0423327;-1.57056,0.129399,-1.57064
-0.119603,0.077298,0.0439942;-1.57334,0.204054,-1.55611
-0.127323,0.0572272,0.055447;-1.55236,0.321379,-1.55626
-0.134381,0.0171881,0.0613032;-1.38169,0.332721,-1.58831
-0.132555,0.0284778,0.0516094;-1.45467,0.242498,-1.58945
-0.125576,0.0400609,0.0429616;-1.59154,0.173841,-1.57241
-0.125763,0.0385472,0.0425636;-1.571,0.179399,-1.57784
-0.127307,0.0361134,0.0423063;-1.5704,0.244768,-1.57045
-0.131123,0.0316437,0.0455638;-1.57902,0.331493,-1.54816
-0.141549,0.00761416,0.0553788;-1.46549,0.400113,-1.57718
-0.145906,-0.00503983,0.0504688;-1.47567,0.333416,-1.58895
-0.146831,-0.00237156,0.0424439;-1.57078,0.192099,-1.5746
-0.146165,-0.00123737,0.042792;-1.57463,0.167611,-1.58092
-0.148239,-0.00573856,0.0433183;-1.58367,0.211969,-1.58219
-0.162843,-0.0265004,0.0536092;-1.56002,0.396921,-1.56308
-0.170804,-0.0552041,0.0619718;-1.39358,0.488111,-1.60096
-0.17486,-0.0713865,0.0587964;-1.38674,0.411694,-1.60976
-0.17012,-0.0626763,0.0423166;-1.57305,0.198057,-1.56824
-0.172534,-0.0632695,0.0423182;-1.57108,0.121519,-1.57072
-0.172767,-0.0648621,0.0424423;-1.57077,0.16343,-1.57427
-0.180544,-0.078358,0.0501189;-1.64541,0.317573,-1.56245
-0.187925,-0.0912918,0.0638916;-1.59049,0.424329,-1.56069
-0.19617,-0.115375,0.0629795;-1.4331,0.421043,-1.5869
-0.194654,-0.114299,0.0425085;-1.57288,0.230291,-1.56268
-0.196457,-0.116662,0.0425406;-1.56394,0.141349,-1.57159
-0.196741,-0.116305,0.0422996;-1.56957,0.119947,-1.5706
-0.198319,-0.119794,0.0434271;-1.58903,0.275293,-1.56768
-0.204839,-0.13016,0.0580595;-1.67402,0.371765,-1.54539
-0.21291,-0.149946,0.0733183;-1.58205,0.447115,-1.56193
-0.214194,-0.157755,0.0425125;-1.5803,0.275253,-1.56496
-0.214157,-0.159015,0.0423098;-1.57208,0.182491,-1.56979
-0.215774,-0.159115,0.0423297;-1.57072,0.133737,-1.57065
-0.214256,-0.159475,0.042641;-1.57288,0.287367,-1.56172
-0.220083,-0.167199,0.0484748;-1.60374,0.379609,-1.54868
-0.229579,-0.191131,0.0682682;-1.53205,0.492268,-1.57692
-0.224579,-0.196829,0.0477756;-1.65651,0.34486,-1.54675
-0.222183,-0.198145,0.0425033;-1.56647,0.299537,-1.57522
-0.222922,-0.196725,0.0423338;-1.57083,0.251248,-1.57093
-0.221546,-0.196287,0.0423316;-1.57069,0.352684,-1.5708
-0.228003,-0.205052,0.0455988;-1.57852,0.447108,-1.55396
-0.239609,-0.236541,0.0594635;-1.4053,0.573525,-1.62094
-0.24501,-0.24783,0.0509758;-1.55676,0.413996,-1.56966
-0.237636,-0.243604,0.0467495;-1.64171,0.368219,-1.54764
-0.239283,-0.248443,0.0426203;-1.57209,0.350672,-1.57822
-0.242146,-0.251459,0.0423303;-1.57081,0.419953,-1.57077
-0.243765,-0.252707,0.0432319;-1.57111,0.49017,-1.56514
-0.256668,-0.271255,0.0555113;-1.54085,0.605322,-1.57596
-0.276461,-0.299715,0.0563451;-1.4189,0.558276,-1.61177
-0.268877,-0.288546,0.0478288;-1.53378,0.477851,-1.57429
-0.263254,-0.286984,0.0427971;-1.58445,0.418942,-1.56912
-0.264493,-0.288565,0.0427864;-1.57538,0.428974,-1.58015
-0.267542,-0.290905,0.0424841;-1.57074,0.507253,-1.57564
-0.275631,-0.297955,0.0462727;-1.58814,0.590913,-1.54547
-0.309582,-0.353424,0.0621287;-1.33477,0.727105,-1.67463
-0.310938,-0.356118,0.0578796;-1.37335,0.645893,-1.65633
-0.30239,-0.34678,0.0426035;-1.58848,0.55677,-1.55163
-0.301175,-0.345717,0.0428328;-1.57549,0.412032,-1.5805
-0.303201,-0.34749,0.0426102;-1.56982,0.461572,-1.5808
-0.307555,-0.350127,0.0446436;-1.60613,0.554166,-1.55415
-0.333874,-0.390541,0.0655807;-1.35223,0.766938,-1.66124
-0.342803,-0.411872,0.0622878;-1.30593,0.698873,-1.70047
-0.338937,-0.40729,0.0467895;-1.51012,0.621079,-1.5957
-0.339085,-0.406568,0.0423551;-1.56989,0.422618,-1.57129
-0.340117,-0.408468,0.0424515;-1.57296,0.479925,-1.57406
-0.344894,-0.412043,0.0441336;-1.5943,0.565839,-1.57084
-0.371346,-0.445098,0.067265;-1.45905,0.758247,-1.62694
-0.383583,-0.462363,0.0607161;-1.35191,0.672789,-1.67194
-0.385008,-0.457154,0.0492316;-1.4982,0.555134,-1.58827
-0.387246,-0.458953,0.0424826;-1.56547,0.276289,-1.57215
-0.38774,-0.459856,0.0423185;-1.5708,0.293898,-1.57045
-0.388659,-0.460917,0.0424629;-1.5709,0.337366,-1.5748
-0.40525,-0.495714,0.0682508;-1.50824,0.524733,-1.60947
-0.414136,-0.50542,0.064732;-1.49248,0.437399,-1.59502
-0.419173,-0.495503,0.047881;-1.54961,0.345972,-1.5526
-0.420407,-0.498977,0.0425521;-1.56635,0.156144,-1.56868
-0.421466,-0.49977,0.0423304;-1.57091,0.144766,-1.57072
-0.421523,-0.499862,0.0423301;-1.57069,0.148086,-1.57083
-0.430686,-0.532379,0.0580284;-1.49175,0.330982,-1.587
-0.43685,-0.556501,0.0596514;-1.46898,0.289481,-1.59159
-0.437132,-0.556646,0.0575926;-1.51699,0.269571,-1.57936
-0.431304,-0.543788,0.0424325;-1.56777,0.132809,-1.56989
-0.433866,-0.546073,0.0423844;-1.56903,0.0515135,-1.57089
-0.43317,-0.545672,0.0423879;-1.57084,0.0944437,-1.56895
-0.434428,-0.546091,0.0444665;-1.57673,0.173175,-1.55133
-0.44689,-0.598558,0.0665127;-1.43622,0.355735,-1.57917
-0.449102,-0.604412,0.0624532;-1.48314,0.25023,-1.57592
-0.438208,-0.58861,0.0510198;-1.70077,0.168816,-1.5436
-0.438114,-0.599423,0.0425222;-1.57043,0.106233,-1.57716
-0.438337,-0.601744,0.0423192;-1.57081,0.165268,-1.57043
-0.437661,-0.600857,0.0428587;-1.57334,0.245139,-1.5607
-0.451504,-0.651636,0.0628897;-1.3894,0.466251,-1.59583
-0.460587,-0.671053,0.0611679;-1.37932,0.381463,-1.58864
-0.461418,-0.663843,0.0519693;-1.50776,0.280092,-1.56389
-0.456335,-0.675999,0.0431406;-1.57986,0.167793,-1.58081
-0.459877,-0.681346,0.0434902;-1.57631,0.213828,-1.58833
-0.463466,-0.685774,0.0427765;-1.57372,0.290058,-1.58137
-0.479451,-0.733004,0.0600998;-1.40713,0.491225,-1.60406
-0.489224,-0.758276,0.0591382;-1.39971,0.437649,-1.59682
-0.496217,-0.749767,0.0519846;-1.50118,0.299403,-1.54708
-0.498802,-0.750459,0.0427031;-1.56891,0.0823144,-1.57094
-0.497891,-0.74972,0.0429217;-1.57668,0.0747358,-1.58338
-0.500285,-0.75478,0.0456136;-1.58868,0.126472,-1.59864
-0.512339,-0.779953,0.0618536;-1.54737,0.303148,-1.57368
-0.518441,-0.806477,0.06071;-1.43559,0.329323,-1.57242
-0.526878,-0.811713,0.0549507;-1.48095,0.236846,-1.54581
-0.527384,-0.81051,0.0426304;-1.5661,0.00232923,-1.56484
-0.529529,-0.812733,0.042335;-1.57019,-0.0704019,-1.57146
-0.52995,-0.814844,0.042867;-1.57653,-0.0239936,-1.58235
-0.537013,-0.833676,0.060582;-1.68646,0.137412,-1.58198
-0.542955,-0.849901,0.0722744;-1.60468,0.204178,-1.56809
-0.551568,-0.864141,0.0660065;-1.55818,0.154933,-1.54996
-0.552558,-0.863428,0.0432178;-1.57403,-0.0186693,-1.55681
-0.555036,-0.869473,0.042556;-1.56763,-0.119425,-1.56629
-0.554516,-0.869174,0.0423939;-1.56876,-0.114968,-1.57031
-0.549734,-0.879107,0.0488867;-1.6423,0.0136121,-1.58299
-0.549968,-0.885642,0.0629279;-1.60831,0.077935,-1.58159
-0.550527,-0.885854,0.0658146;-1.58497,0.0672113,-1.57159
-0.561294,-0.876813,0.0534966;-1.68303,-0.0666301,-1.54927
-0.560424,-0.88057,0.0502575;-1.60257,-0.0753133,-1.51766
-0.561054,-0.878711,0.0488601;-1.5858,-0.0726511,-1.51613
-0.562743,-0.876498,0.0423259;-1.57053,0.0632145,-1.57111
-0.563063,-0.882374,0.0481029;-1.54861,0.112011,-1.57072
-0.560889,-0.87913,0.0591942;-1.4606,0.13872,-1.56396
-0.568058,-0.873535,0.0542812;-1.69898,-0.0434659,-1.55886
-0.564568,-0.875713,0.0508411;-1.66034,-0.0736744,-1.55274
-0.56423,-0.879829,0.0478525;-1.59606,-0.0882887,-1.53425
-0.564356,-0.877366,0.042298;-1.56935,0.0299783,-1.57136
-0.565715,-0.884516,0.0440787;-1.57093,0.0844829,-1.56243
-0.561442,-0.881225,0.0528627;-1.48817,0.118299,-1.5608
-0.57029,-0.881275,0.0516798;-1.67942,-0.0457512,-1.56082
-0.569602,-0.88011,0.051803;-1.68289,-0.0624956,-1.56923
-0.570636,-0.880558,0.0503251;-1.67357,-0.0632469,-1.57371
-0.569992,-0.881219,0.0433605;-1.59616,-0.0236803,-1.57131
-0.566165,-0.887369,0.0448372;-1.58829,0.039951,-1.56612
-0.562655,-0.884398,0.0501805;-1.5441,0.0872755,-1.55352
-0.569093,-0.887899,0.0469186;-1.58758,0.00815064,-1.53632
-0.568733,-0.886532,0.0474775;-1.62338,-0.0267808,-1.55501
-0.569377,-0.885853,0.0473669;-1.63324,-0.0405736,-1.56716
-0.57166,-0.884288,0.0465406;-1.63524,-0.0338488,-1.57559
-0.569923,-0.888157,0.0449189;-1.58848,0.0193416,-1.58944
-0.566785,-0.886294,0.0469988;-1.58563,0.0678112,-1.57866
-0.569698,-0.886572,0.0514743;-1.54571,0.0420385,-1.54599
-0.573936,-0.886289,0.0487148;-1.60207,-0.0202655,-1.52471
-0.574009,-0.885529,0.0486558;-1.60678,-0.0404922,-1.53363
-0.576678,-0.882485,0.0477133;-1.64469,-0.0593161,-1.57518
-0.577122,-0.882961,0.0491651;-1.6557,-0.0288958,-1.58498
-0.573967,-0.88786,0.0483795;-1.60301,0.0338545,-1.60264
-0.572031,-0.885965,0.0605395;-1.58357,0.0641649,-1.56587
-0.575931,-0.886767,0.0564769;-1.65259,-0.0140824,-1.53763
-0.576456,-0.885159,0.0519468;-1.61951,-0.0515416,-1.51243
-0.579457,-0.880144,0.0497256;-1.61815,-0.0732438,-1.53201
-0.581678,-0.879847,0.0427857;-1.57113,-0.015893,-1.58474
-0.583326,-0.887065,0.0452517;-1.58253,0.0416941,-1.59568
-0.580084,-0.882695,0.0570689;-1.48831,0.09255,-1.57189
-0.585112,-0.885309,0.0546461;-1.51639,0.0316148,-1.55958
-0.591129,-0.883269,0.0476111;-1.60045,-0.0453367,-1.53008
-0.594593,-0.879348,0.0465126;-1.57415,-0.0943832,-1.52926
-0.59459,-0.874678,0.0426985;-1.56922,-0.0544356,-1.56088
-0.596439,-0.876835,0.0427741;-1.57466,0.0186607,-1.58101
-0.594793,-0.882152,0.0568274;-1.50567,0.105479,-1.57938
-0.598521,-0.88492,0.0557058;-1.52518,0.0506736,-1.57124
-0.605707,-0.880339,0.0527182;-1.68501,-0.0425452,-1.55541
-0.605249,-0.8824,0.0492334;-1.57678,-0.0723921,-1.50967
-0.605424,-0.879897,0.0459201;-1.57848,-0.049333,-1.53593
-0.607259,-0.880448,0.042311;-1.57079,0.0215734,-1.57016
-0.607259,-0.880448,0.042311;-1.57079,0.0215734,-1.57016
-0.608523,-0.88495,0.04352;-1.56423,0.0756903,-1.56694
-0.608523,-0.88495,0.04352;-1.56423,0.0756903,-1.56694
