-0.125,0.125,0.06;-1.57,-2.98023e-08,-1.57
-0.125,0.125,0.06;-1.57,-2.98023e-08,-1.57
-0.125,0.125,0.06;-1.57,-2.98023e-08,-1.57
-0.124622,0.129766,0.0423387;-1.57076,-0.151115,-1.57016
-0.124627,0.12912,0.0423247;-1.57087,-0.098627,-1.57048
-0.126129,0.120143,0.0430314;-1.57407,-0.0396493,-1.57248
-0.124035,0.0896801,0.0540581;-1.42449,0.0339317,-1.56861
-0.126762,0.0994152,0.0424337;-1.57018,-0.138799,-1.56599
-0.128568,0.0951145,0.0426821;-1.56664,-0.226646,-1.56268
-0.131262,0.0876144,0.0429167;-1.56405,-0.319294,-1.55633
-0.130621,0.098695,0.0444295;-1.57362,-0.206457,-1.54392
-0.134359,0.102497,0.0462289;-1.58659,-0.0628183,-1.54757
-0.133819,0.079815,0.0554201;-1.53722,0.0486736,-1.56608
-0.131497,0.06428,0.0482242;-1.49602,-0.0151655,-1.56541
-0.134208,0.0737098,0.0423059;-1.57085,-0.113718,-1.57005
-0.134268,0.074537,0.0424719;-1.56591,-0.180447,-1.57004
-0.133591,0.0731727,0.0423333;-1.57061,-0.134803,-1.57087
-0.133891,0.0698717,0.0424611;-1.56834,-0.0635231,-1.5689
-0.134699,0.0455688,0.0474152;-1.52648,0.0436515,-1.57551
-0.131403,0.0187572,0.0565932;-1.40756,0.0527392,-1.5586
-0.135175,0.0237348,0.050756;-1.48091,-0.0538491,-1.55688
-0.136969,0.0348587,0.0429616;-1.58004,-0.147372,-1.56108
-0.136433,0.0329664,0.0430347;-1.57631,-0.172365,-1.56452
-0.136563,0.0350476,0.0445087;-1.60966,-0.114938,-1.57605
-0.139491,0.0281933,0.0520471;-1.68251,-0.030096,-1.58873
-0.138247,0.0130695,0.0577986;-1.60264,0.00661494,-1.59873
-0.136724,0.0077847,0.0468202;-1.57126,-0.0715436,-1.60609
-0.134794,0.0163931,0.0429044;-1.57585,-0.137698,-1.58455
-0.134948,0.01764,0.043861;-1.57688,-0.145292,-1.59143
-0.135724,0.0121909,0.0435793;-1.57872,-0.102238,-1.58909
-0.138145,-0.0113725,0.0519838;-1.59558,0.0465912,-1.60716
-0.138466,-0.027942,0.0632931;-1.51795,0.0917576,-1.58625
-0.140669,-0.0306275,0.0614596;-1.49451,0.0250672,-1.57351
-0.142498,-0.0171717,0.0427733;-1.57836,-0.102435,-1.56524
-0.142444,-0.0239053,0.0426667;-1.5721,-0.169296,-1.56318
-0.142043,-0.0267652,0.0427991;-1.56029,-0.179558,-1.56392
-0.144126,-0.0275225,0.0430681;-1.57515,0.00655933,-1.56973
-0.144116,-0.0595953,0.0500858;-1.48544,0.112703,-1.5784
-0.14159,-0.0837225,0.0576966;-1.38682,0.0985225,-1.57384
-0.14903,-0.067547,0.0422587;-1.57252,-0.104246,-1.57081
-0.149195,-0.0674228,0.0424475;-1.56707,-0.141047,-1.57042
-0.149265,-0.0674032,0.0423186;-1.56889,-0.136696,-1.57004
-0.148284,-0.0686806,0.042383;-1.57041,-0.0422168,-1.56938
-0.1507,-0.0811659,0.0471296;-1.58607,0.0667629,-1.56202
-0.149646,-0.118733,0.0623867;-1.43608,0.14855,-1.5556
-0.155738,-0.13386,0.0463051;-1.55015,-0.0543406,-1.5442
-0.154001,-0.134988,0.0425496;-1.57022,-0.145161,-1.56277
-0.155312,-0.138084,0.0427051;-1.56566,-0.205973,-1.56277
-0.153733,-0.134425,0.0423388;-1.57085,-0.072938,-1.57045
-0.154568,-0.149108,0.0435118;-1.56099,0.00207856,-1.57025
-0.149241,-0.181822,0.0547657;-1.42573,0.129784,-1.57503
-0.152412,-0.184768,0.0423924;-1.56957,-0.0384543,-1.57468
-0.15182,-0.180772,0.0422943;-1.57153,-0.152873,-1.5706
-0.153761,-0.181266,0.0423248;-1.57092,-0.220095,-1.5707
-0.151681,-0.186387,0.0423937;-1.57085,-0.072052,-1.57281
-0.153441,-0.198086,0.0457253;-1.59766,0.0188576,-1.57601
-0.153697,-0.225582,0.0614945;-1.49579,0.132657,-1.56789
-0.15648,-0.226061,0.0487165;-1.54723,0.017456,-1.55915
-0.152604,-0.212888,0.0457893;-1.62542,-0.0315345,-1.57442
-0.152182,-0.218928,0.0427025;-1.57432,-0.0605459,-1.57365
-0.153317,-0.225898,0.043975;-1.57541,-0.00066793,-1.59195
-0.155653,-0.235105,0.0480117;-1.59862,0.0632989,-1.60524
-0.157028,-0.252434,0.0564067;-1.58216,0.147424,-1.61122
-0.158509,-0.253631,0.0549063;-1.55612,0.0940539,-1.60422
-0.156338,-0.24214,0.0467395;-1.60826,0.0223826,-1.593
-0.154189,-0.238147,0.0431636;-1.57433,-0.0131505,-1.5858
-0.154756,-0.24032,0.0429109;-1.57525,0.00799137,-1.58462
-0.157327,-0.243187,0.0437228;-1.5981,0.0780629,-1.57124
-0.162381,-0.249036,0.0528837;-1.69018,0.169887,-1.55831
-0.167732,-0.293652,0.0667149;-1.44655,0.25149,-1.57113
-0.169331,-0.295991,0.0542553;-1.41899,0.13618,-1.57576
-0.168775,-0.286667,0.0429092;-1.57881,0.0494768,-1.55954
-0.16889,-0.289075,0.0423252;-1.5709,-0.0449149,-1.57083
-0.168326,-0.290113,0.0423278;-1.57079,0.0111505,-1.57086
-0.168089,-0.291451,0.0424501;-1.5676,0.0554881,-1.5702
-0.171351,-0.345544,0.0583334;-1.38644,0.261572,-1.59297
-0.173034,-0.364623,0.0561197;-1.39323,0.183549,-1.59704
-0.176986,-0.346621,0.0422173;-1.57682,0.0836235,-1.57258
-0.175216,-0.340772,0.0425003;-1.56575,-0.0639004,-1.56994
-0.172529,-0.338454,0.0424441;-1.57066,0.0361619,-1.56736
-0.175177,-0.334118,0.0442784;-1.57436,0.143986,-1.54769
-0.190231,-0.375604,0.0640547;-1.39651,0.417245,-1.58809
-0.192977,-0.399466,0.0600144;-1.36186,0.340467,-1.61342
-0.192108,-0.392274,0.0457173;-1.52437,0.278517,-1.57722
-0.192529,-0.3901,0.0423505;-1.57009,0.139614,-1.57083
-0.191717,-0.391832,0.0423089;-1.57234,0.206904,-1.57137
-0.191891,-0.39334,0.0423291;-1.57076,0.251695,-1.57066
-0.201452,-0.441389,0.0568011;-1.38494,0.469627,-1.6374
-0.206247,-0.459334,0.0554027;-1.38971,0.410215,-1.63944
-0.205649,-0.440166,0.0424434;-1.56848,0.324694,-1.57268
-0.205126,-0.433148,0.0423679;-1.5696,0.126764,-1.5709
-0.205101,-0.433926,0.0423634;-1.57068,0.172822,-1.56933
-0.206656,-0.430459,0.0431573;-1.57586,0.255269,-1.55614
-0.216833,-0.44387,0.0653961;-1.66778,0.458205,-1.53847
-0.219118,-0.46045,0.0649619;-1.53578,0.41143,-1.58998
-0.216334,-0.455147,0.0540535;-1.57516,0.396878,-1.58024
-0.206886,-0.44557,0.0429245;-1.57774,0.297948,-1.58096
-0.208221,-0.4475,0.0448924;-1.57875,0.317582,-1.59617
-0.211149,-0.45293,0.0434253;-1.58252,0.365983,-1.58238
-0.217677,-0.462319,0.0466996;-1.58937,0.432883,-1.59587
-0.229292,-0.486578,0.0647838;-1.51633,0.53955,-1.61631
-0.233598,-0.489464,0.0564901;-1.52223,0.441892,-1.61975
-0.228737,-0.478738,0.0431273;-1.57746,0.355647,-1.58236
-0.228528,-0.477232,0.0428942;-1.57842,0.279461,-1.56185
-0.227077,-0.473511,0.0433095;-1.57314,0.345078,-1.55774
-0.226931,-0.47088,0.0466536;-1.6046,0.460783,-1.52974
-0.240749,-0.498827,0.0624346;-1.41566,0.712753,-1.63783
-0.250415,-0.51811,0.0561191;-1.36732,0.616432,-1.67656
-0.246591,-0.504515,0.0423982;-1.57954,0.537706,-1.56713
-0.24603,-0.502615,0.0423301;-1.57075,0.39019,-1.57079
-0.244764,-0.50451,0.0423439;-1.57033,0.468404,-1.57107
-0.244773,-0.504819,0.0423294;-1.57069,0.520008,-1.57092
-0.268949,-0.543521,0.0548879;-1.37475,0.716863,-1.68712
-0.276464,-0.559348,0.0553216;-1.35988,0.680581,-1.69766
-0.271413,-0.548504,0.042392;-1.57289,0.618299,-1.56771
-0.277644,-0.555717,0.0427657;-1.56771,0.413132,-1.561
-0.280997,-0.557822,0.0454757;-1.55657,0.403306,-1.54911
-0.275666,-0.550472,0.0448069;-1.57529,0.493909,-1.53837
-0.285989,-0.561728,0.058987;-1.48939,0.792002,-1.60905
-0.298794,-0.583491,0.0598567;-1.29916,0.750716,-1.73227
-0.297624,-0.577178,0.048913;-1.45875,0.690828,-1.63972
-0.293152,-0.568455,0.0425305;-1.56274,0.552418,-1.57484
-0.293132,-0.568294,0.0423285;-1.57073,0.558809,-1.57089
-0.293208,-0.569504,0.042323;-1.57107,0.613438,-1.57069
-0.30459,-0.58057,0.0445397;-1.55651,0.765191,-1.58425
-0.326089,-0.610008,0.0568509;-1.31294,0.836931,-1.74602
-0.333058,-0.617135,0.0559001;-1.33713,0.784734,-1.72123
-0.32401,-0.603357,0.0427125;-1.57613,0.645079,-1.5595
-0.328929,-0.605537,0.0431649;-1.57555,0.579814,-1.55968
-0.329845,-0.606653,0.0436898;-1.56914,0.575173,-1.56283
-0.330094,-0.608308,0.0516002;-1.72496,0.745503,-1.47627
-0.343091,-0.620451,0.0596241;-1.69459,0.833916,-1.51714
-0.356762,-0.636354,0.062827;-1.47339,0.830076,-1.6637
-0.35231,-0.633059,0.0447937;-1.58722,0.681448,-1.58585
-0.351543,-0.633013,0.0429172;-1.5787,0.68315,-1.57827
-0.350015,-0.631878,0.0431584;-1.57762,0.670453,-1.58189
-0.363504,-0.640436,0.0452544;-1.58801,0.777211,-1.58424
-0.374722,-0.649324,0.0508522;-1.59928,0.864262,-1.57798
-0.388689,-0.659138,0.0659153;-1.48472,0.918609,-1.64493
-0.392114,-0.649461,0.0469182;-1.65058,0.72624,-1.50903
-0.393311,-0.65433,0.0428951;-1.57322,0.676874,-1.56002
-0.402138,-0.659173,0.0430444;-1.55987,0.596924,-1.56666
-0.399959,-0.657838,0.0429379;-1.57247,0.711503,-1.55682
-0.408235,-0.661322,0.0443942;-1.58221,0.823187,-1.55731
-0.431853,-0.6907,0.0551244;-1.32675,0.912391,-1.75079
-0.437369,-0.678734,0.0421366;-1.58805,0.745733,-1.56068
-0.432741,-0.675818,0.0421817;-1.56832,0.629291,-1.5722
-0.433951,-0.674595,0.0423231;-1.57097,0.56833,-1.57062
-0.433583,-0.676681,0.0423033;-1.57153,0.671017,-1.57014
-0.439437,-0.682223,0.0434994;-1.57465,0.761769,-1.56557
-0.460786,-0.707256,0.0566311;-1.40384,0.878724,-1.67594
-0.471135,-0.705251,0.0527636;-1.44697,0.723325,-1.62224
-0.458175,-0.690901,0.0440658;-1.57938,0.621969,-1.54349
-0.462837,-0.697058,0.0428519;-1.56768,0.540688,-1.5627
-0.462571,-0.697669,0.0426694;-1.57165,0.571506,-1.55983
-0.464497,-0.696226,0.0425425;-1.5716,0.645226,-1.56546
-0.481217,-0.714521,0.0463987;-1.52975,0.735789,-1.60457
-0.501869,-0.728948,0.0526589;-1.39915,0.696342,-1.6733
-0.496683,-0.713483,0.0422303;-1.57632,0.608862,-1.5674
-0.495081,-0.712414,0.0423266;-1.57092,0.535873,-1.57066
-0.495445,-0.713435,0.0423845;-1.56866,0.575579,-1.57203
-0.495727,-0.713445,0.0424142;-1.57094,0.637664,-1.56771
-0.503123,-0.71654,0.0478648;-1.64224,0.725915,-1.51742
-0.531684,-0.745167,0.0673462;-1.42172,0.764732,-1.64751
-0.526711,-0.730541,0.0583854;-1.56027,0.664302,-1.56243
-0.516306,-0.71886,0.0477389;-1.66442,0.598521,-1.51579
-0.517317,-0.727343,0.0428394;-1.57738,0.500077,-1.57797
-0.521255,-0.731208,0.0432429;-1.58397,0.558084,-1.57891
-0.530982,-0.739074,0.0465429;-1.59767,0.621701,-1.58456
-0.549168,-0.768399,0.0644017;-1.52288,0.734821,-1.62596
-0.555021,-0.763985,0.0601654;-1.55199,0.643261,-1.60949
-0.548975,-0.749788,0.0453247;-1.58025,0.544628,-1.59718
-0.544251,-0.744165,0.0428991;-1.57704,0.5041,-1.58017
-0.548025,-0.74744,0.0427541;-1.57398,0.559784,-1.57973
-0.550956,-0.748088,0.0437212;-1.60251,0.648896,-1.55433
-0.564183,-0.771369,0.0672465;-1.47621,0.793977,-1.6143
-0.572523,-0.771522,0.0642778;-1.4553,0.72484,-1.61822
-0.567842,-0.744734,0.0446987;-1.58909,0.60553,-1.53976
-0.571022,-0.747897,0.0424226;-1.5691,0.380682,-1.57005
-0.572131,-0.748514,0.0423293;-1.57081,0.361762,-1.57075
-0.572337,-0.748765,0.0423302;-1.57061,0.375841,-1.57098
-0.572337,-0.748765,0.0423302;-1.57061,0.375841,-1.57098
-0.576743,-0.757164,0.0433747;-1.57131,0.457036,-1.57488
-0.576743,-0.757164,0.0433747;-1.57131,0.457036,-1.57488
