-0.125,0.125,0.06;-1.57,-2.98023e-08,-1.57
-0.125,0.125,0.06;-1.57,-2.98023e-08,-1.57
-0.125,0.125,0.06;-1.57,-2.98023e-08,-1.57
-0.124452,0.127599,0.0423452;-1.57078,-0.174312,-1.56983
-0.123631,0.128564,0.0425704;-1.57125,-0.114291,-1.56264
-0.126147,0.121682,0.046195;-1.57665,-0.0222066,-1.54781
-0.125817,0.0843734,0.056648;-1.42697,0.0614761,-1.55005
-0.126276,0.100145,0.042261;-1.57012,-0.109252,-1.57093
-0.126784,0.100023,0.0424509;-1.5669,-0.14076,-1.57015
-0.127024,0.10026,0.0424696;-1.57078,-0.146225,-1.57523
-0.129768,0.0927712,0.0428618;-1.57602,-0.00480901,-1.58266
-0.133935,0.0830954,0.051073;-1.64466,0.0851084,-1.57591
-0.139086,0.0646704,0.0668593;-1.58444,0.160774,-1.57327
-0.140027,0.0674833,0.0525271;-1.54601,0.094016,-1.58165
-0.13784,0.0776769,0.0423469;-1.56725,0.00828106,-1.57268
-0.137841,0.0799535,0.0424124;-1.56955,-0.0530559,-1.57211
-0.13718,0.0804587,0.0424712;-1.5708,0.00708967,-1.56629
-0.139608,0.0798096,0.0447144;-1.57648,0.0816976,-1.54958
-0.145934,0.0568727,0.0559202;-1.55417,0.190495,-1.54964
-0.143613,0.0214594,0.0591068;-1.40019,0.201196,-1.5702
-0.145165,0.0317778,0.050428;-1.47137,0.0784772,-1.57251
-0.144688,0.0417285,0.0421376;-1.56917,-0.0291969,-1.5708
-0.144595,0.0416228,0.0423309;-1.57072,-0.0404791,-1.57083
-0.143985,0.0429005,0.0425763;-1.5711,0.0230761,-1.56252
-0.147661,0.0375208,0.0481422;-1.61796,0.107957,-1.55802
-0.150293,0.0200845,0.0619749;-1.56246,0.14696,-1.57496
-0.146007,0.0175561,0.0533971;-1.56981,0.0779555,-1.59653
-0.140245,0.0293208,0.0429129;-1.57698,-0.00792407,-1.58309
-0.140608,0.0294017,0.0429176;-1.57741,-0.00287781,-1.58281
-0.141771,0.0266981,0.0425707;-1.57041,0.0419843,-1.57854
-0.150165,0.00904775,0.0521096;-1.57205,0.220544,-1.54741
-0.152256,-0.0271206,0.0612588;-1.3988,0.296411,-1.5745
-0.150455,-0.0391429,0.0578184;-1.39537,0.251728,-1.59022
-0.147225,-0.0251997,0.0423302;-1.5708,0.0575346,-1.57081
-0.148026,-0.0252771,0.0423289;-1.5708,0.0314968,-1.57076
-0.146653,-0.0258635,0.0424281;-1.56761,0.093373,-1.57108
-0.149707,-0.0275046,0.0456719;-1.58075,0.238683,-1.5437
-0.158918,-0.0553295,0.0583085;-1.49762,0.347346,-1.56207
-0.160584,-0.0821082,0.0607098;-1.38497,0.344725,-1.60581
-0.152222,-0.0675239,0.043049;-1.57678,0.186015,-1.58652
-0.15257,-0.0687612,0.0430296;-1.58187,0.196897,-1.58016
-0.152701,-0.0689904,0.0435647;-1.57889,0.206321,-1.58668
-0.16184,-0.0805364,0.045669;-1.60582,0.33671,-1.57228
-0.169012,-0.0887031,0.0572661;-1.60019,0.428323,-1.5599
-0.178991,-0.1067,0.0679698;-1.47865,0.479025,-1.59154
-0.181731,-0.108731,0.0424626;-1.5691,0.301769,-1.56882
-0.18055,-0.10858,0.0422884;-1.57036,0.223427,-1.56948
-0.180843,-0.10862,0.0423287;-1.5709,0.210726,-1.57075
-0.179057,-0.109133,0.0426824;-1.57316,0.346296,-1.56027
-0.186542,-0.116387,0.0474777;-1.57293,0.455498,-1.54517
-0.201983,-0.150876,0.0601607;-1.39596,0.574263,-1.61775
-0.206421,-0.167553,0.0426785;-1.56119,0.480591,-1.57262
-0.205346,-0.16533,0.0422895;-1.57254,0.418312,-1.57111
-0.205756,-0.163648,0.0424662;-1.57081,0.368137,-1.57506
-0.213187,-0.172311,0.0437735;-1.58124,0.479273,-1.58051
-0.219849,-0.1788,0.0558917;-1.6308,0.571702,-1.55584
-0.232122,-0.189519,0.0723498;-1.57406,0.645565,-1.57733
-0.228387,-0.1765,0.0475245;-1.57792,0.534832,-1.59337
-0.220743,-0.168989,0.0427951;-1.57219,0.457044,-1.5837
-0.220048,-0.168333,0.0424824;-1.57032,0.431584,-1.57544
-0.21995,-0.169097,0.0425806;-1.57086,0.516485,-1.5627
-0.223118,-0.168692,0.0450561;-1.58005,0.596735,-1.54167
-0.239424,-0.187851,0.056136;-1.50261,0.709379,-1.58225
-0.248064,-0.204739,0.0547058;-1.39177,0.660577,-1.66686
-0.243597,-0.193264,0.0455647;-1.51671,0.558572,-1.59962
-0.23953,-0.188454,0.0423106;-1.57061,0.451737,-1.5708
-0.239561,-0.188498,0.042331;-1.57071,0.448675,-1.57076
-0.239149,-0.187392,0.0425974;-1.57157,0.513435,-1.5618
-0.246431,-0.191369,0.049852;-1.64118,0.598819,-1.525
-0.266249,-0.220027,0.0704853;-1.47102,0.663954,-1.63544
-0.264346,-0.218191,0.0636507;-1.53486,0.567279,-1.61499
-0.25442,-0.211189,0.0459607;-1.60201,0.48847,-1.58318
-0.252892,-0.21006,0.0428107;-1.57601,0.468845,-1.57897
-0.255354,-0.212363,0.0424046;-1.57091,0.527026,-1.57296
-0.256861,-0.212956,0.0433737;-1.57682,0.609372,-1.55743
-0.293371,-0.259816,0.0631178;-1.31298,0.802488,-1.70503
-0.304035,-0.275262,0.059626;-1.3129,0.715775,-1.71541
-0.302833,-0.268742,0.046306;-1.50088,0.655255,-1.61046
-0.300095,-0.265937,0.0423294;-1.57086,0.579005,-1.57077
-0.29991,-0.267545,0.0423269;-1.57086,0.656117,-1.57085
-0.299326,-0.26688,0.0431774;-1.57062,0.721261,-1.55863
-0.34175,-0.303364,0.0616728;-1.26039,0.928698,-1.77204
-0.355925,-0.317288,0.0593264;-1.26592,0.848891,-1.78385
-0.342082,-0.309498,0.0469826;-1.50444,0.822125,-1.63294
-0.331457,-0.306717,0.0429953;-1.58216,0.773506,-1.57583
-0.337354,-0.309949,0.0444368;-1.57534,0.835152,-1.59449
-0.34566,-0.313733,0.0450648;-1.59479,0.902992,-1.57089
-0.373332,-0.323024,0.0691121;-1.43677,1.0682,-1.67266
-0.383005,-0.32887,0.0617411;-1.34676,1.00744,-1.74306
-0.373834,-0.320921,0.0459795;-1.48259,0.949076,-1.64047
-0.36632,-0.316575,0.0423639;-1.56849,0.771226,-1.57284
-0.365586,-0.317286,0.0423223;-1.56986,0.836485,-1.56999
-0.365022,-0.317235,0.0426825;-1.57187,0.859695,-1.55884
-0.394262,-0.333299,0.0570763;-1.35189,1.05608,-1.71631
-0.409434,-0.349641,0.0583671;-1.21439,1.01054,-1.85843
-0.406093,-0.347092,0.0530214;-1.32169,0.993583,-1.77628
-0.391187,-0.332582,0.0423426;-1.57221,0.795292,-1.57175
-0.390653,-0.331849,0.0427162;-1.57577,0.761854,-1.57593
-0.393331,-0.33308,0.0428566;-1.57599,0.809794,-1.58012
-0.401358,-0.336262,0.0478818;-1.6585,0.889785,-1.51226
-0.428319,-0.350153,0.0712814;-1.42871,0.992501,-1.69067
-0.431954,-0.349844,0.0604501;-1.40422,0.901021,-1.71741
-0.422105,-0.339191,0.0427848;-1.58179,0.818481,-1.5766
-0.418876,-0.338282,0.0423295;-1.57083,0.754786,-1.57077
-0.419586,-0.34005,0.0423276;-1.57055,0.818448,-1.571
-0.419138,-0.339464,0.0428662;-1.56975,0.875353,-1.56248
-0.467074,-0.367781,0.0618238;-1.18115,1.07701,-1.87258
-0.481035,-0.379784,0.0603182;-1.16978,1.02745,-1.89321
-0.475443,-0.374126,0.0449572;-1.49839,0.987489,-1.63005
-0.4719,-0.37142,0.0423267;-1.57095,0.870655,-1.57063
-0.471979,-0.373221,0.042335;-1.5704,0.954938,-1.5712
-0.471017,-0.373622,0.0426629;-1.57077,1.02199,-1.56164
-0.511422,-0.387354,0.0688714;-1.32385,1.19827,-1.78818
-0.519086,-0.39381,0.0649622;-1.29788,1.1314,-1.83606
-0.499793,-0.39103,0.0488857;-1.52232,1.10565,-1.65234
-0.488708,-0.38946,0.042848;-1.58128,1.04998,-1.57286
-0.490712,-0.389207,0.0426809;-1.57915,1.09884,-1.57062
-0.492667,-0.389732,0.0423355;-1.57129,1.15955,-1.56965
-0.525431,-0.396908,0.0571622;-1.08474,1.33362,-2.00383
-0.546988,-0.409322,0.0604153;-0.76401,1.27984,-2.33343
-0.543595,-0.405663,0.0547633;-1.05732,1.23756,-2.05918
-0.524576,-0.394824,0.0423281;-1.57068,1.04909,-1.57075
-0.524641,-0.394705,0.0423368;-1.57037,1.0435,-1.57117
-0.524625,-0.395612,0.0424511;-1.57064,1.08997,-1.567
-0.538765,-0.396549,0.0494109;-1.49573,1.26239,-1.61037
-0.571737,-0.410162,0.0609922;-0.868477,1.29635,-2.21014
-0.583279,-0.415972,0.0585321;-0.900419,1.23142,-2.2054
-0.559179,-0.407262,0.0433807;-1.58549,1.13923,-1.5749
-0.556875,-0.407831,0.0429891;-1.59032,1.12433,-1.56565
-0.559813,-0.407981,0.043614;-1.59885,1.15187,-1.56085
-0.574002,-0.408003,0.0487511;-1.75187,1.28778,-1.40031
-0.592068,-0.408888,0.0621772;-1.34571,1.3812,-1.77875
-0.611163,-0.416227,0.06145;-0.715396,1.3245,-2.39215
-0.599426,-0.404969,0.0421767;-1.60363,1.20905,-1.54184
-0.596704,-0.405616,0.0423208;-1.5709,1.11024,-1.57037
-0.596902,-0.405599,0.0423222;-1.57021,1.09678,-1.5718
-0.596659,-0.406226,0.0431552;-1.56702,1.2243,-1.56262
-0.615305,-0.407141,0.0502005;-1.39794,1.33749,-1.71313
-0.654272,-0.418024,0.0625008;-0.54222,1.34629,-2.54543
-0.660572,-0.417849,0.0451185;-1.40513,1.31597,-1.73081
-0.654244,-0.41723,0.0423974;-1.57028,1.23371,-1.57362
-0.653154,-0.416826,0.0424191;-1.56594,1.19198,-1.57996
-0.663005,-0.416984,0.0435906;-1.59103,1.29632,-1.56681
-0.677253,-0.418164,0.0558859;-1.4874,1.38036,-1.66599
-0.697143,-0.416941,0.0691839;-0.897392,1.39463,-2.2324
-0.678887,-0.410295,0.047035;-1.43785,1.29226,-1.7277
-0.669552,-0.409782,0.042623;-1.56998,1.22605,-1.58091
-0.668355,-0.409687,0.042316;-1.57062,1.19505,-1.57042
-0.666177,-0.410296,0.0427352;-1.57601,1.29576,-1.55404
-0.672802,-0.408838,0.0462713;-1.59581,1.38844,-1.51782
-0.704608,-0.414112,0.0582751;-0.365256,1.42923,-2.72899
-0.719234,-0.416271,0.0540913;-0.77036,1.35423,-2.36093
-0.702276,-0.409045,0.0422684;-1.56559,1.28622,-1.5809
-0.698762,-0.408577,0.0423205;-1.5721,1.19178,-1.56976
-0.698783,-0.409341,0.0426154;-1.56203,1.23162,-1.5729
-0.698924,-0.408629,0.0437203;-1.59192,1.30132,-1.53807
-0.717169,-0.409089,0.0567037;-1.6066,1.38762,-1.52506
-0.742816,-0.416369,0.0609879;-0.936041,1.30277,-2.21886
-0.72957,-0.414411,0.0493846;-1.43999,1.28098,-1.74239
-0.720162,-0.413706,0.0449401;-1.58867,1.2338,-1.58241
-0.719487,-0.413606,0.0426312;-1.58012,1.25157,-1.5685
-0.720804,-0.413836,0.0425628;-1.57143,1.31699,-1.56195
-0.726767,-0.412764,0.0456907;-1.54314,1.40025,-1.57304
-0.777906,-0.42251,0.0607375;-0.21552,1.34573,-2.90275
-0.774444,-0.418038,0.0544806;-0.715633,1.35837,-2.41496
-0.758148,-0.410902,0.0423706;-1.57483,1.30722,-1.56771
-0.755814,-0.411083,0.0423304;-1.57062,1.20703,-1.57097
-0.756061,-0.412111,0.0424554;-1.57067,1.26009,-1.56689
-0.755478,-0.411464,0.043651;-1.57171,1.33616,-1.55467
-0.814024,-0.419399,0.0616792;-0.185357,1.35151,-2.91985
-0.82068,-0.419374,0.0570268;-0.569751,1.34707,-2.56054
-0.803963,-0.419043,0.0452417;-1.44649,1.38587,-1.71305
-0.797928,-0.421469,0.0429638;-1.60912,1.35378,-1.54526
-0.804507,-0.420568,0.043755;-1.62313,1.41311,-1.539
-0.813686,-0.419128,0.0435833;-1.58826,1.48615,-1.57102
-0.853667,-0.41267,0.061544;0.387683,1.36341,2.77189
-0.862164,-0.411194,0.0575735;0.0846075,1.36924,3.06174
-0.846981,-0.405249,0.0476389;-0.761224,1.46963,-2.38029
-0.836919,-0.404126,0.0423257;-1.57162,1.32851,-1.56988
-0.836724,-0.405102,0.0423244;-1.5717,1.38462,-1.57001
-0.835337,-0.405081,0.0428237;-1.57645,1.43039,-1.55252
-0.835337,-0.405081,0.0428237;-1.57645,1.43039,-1.55252
-0.842811,-0.40291,0.0470303;-1.37479,1.53184,-1.73619
-0.842811,-0.40291,0.0470303;-1.37479,1.53184,-1.73619
