-0.125,0.125,0.06;-1.57,-2.98023e-08,-1.57
-0.125,0.125,0.06;-1.57,-2.98023e-08,-1.57
-0.125,0.125,0.06;-1.57,-2.98023e-08,-1.57
-0.124075,0.12961,0.0423302;-1.57066,-0.1593,-1.57033
-0.123381,0.131057,0.0425613;-1.57127,-0.0896242,-1.56334
-0.126394,0.125821,0.0461311;-1.56778,0.0195987,-1.54828
-0.128968,0.0919564,0.0585026;-1.39906,0.0963886,-1.55803
-0.130184,0.0995793,0.042198;-1.57452,-0.0777393,-1.57126
-0.131151,0.0995798,0.0423305;-1.57064,-0.118253,-1.57057
-0.131446,0.0992699,0.0423095;-1.57018,-0.132557,-1.57068
-0.131497,0.0952525,0.0425465;-1.56571,0.0410664,-1.56828
-0.133385,0.0935862,0.0455513;-1.57348,0.13039,-1.54633
-0.13862,0.0691076,0.0586548;-1.4265,0.26885,-1.56742
-0.142075,0.0498335,0.0520651;-1.45657,0.205948,-1.58067
-0.140995,0.0569649,0.042562;-1.5781,0.123799,-1.56761
-0.141293,0.0559186,0.0424021;-1.56848,0.0608732,-1.57087
-0.140344,0.0563135,0.0424621;-1.57081,0.117619,-1.56664
-0.142149,0.0550626,0.044619;-1.57295,0.195725,-1.55032
-0.151526,0.0335606,0.0557241;-1.44775,0.310823,-1.5782
-0.159764,0.00372573,0.0602134;-1.36263,0.347458,-1.61243
-0.164419,0.00354698,0.0503315;-1.46208,0.25896,-1.59519
-0.164817,0.00778295,0.0423838;-1.56981,0.168158,-1.5693
-0.164747,0.00756844,0.0423306;-1.57072,0.146244,-1.57082
-0.163512,0.00893522,0.0425871;-1.57162,0.227068,-1.56198
-0.168973,0.00330484,0.0463782;-1.55887,0.332603,-1.55238
-0.180668,-0.0232616,0.0562105;-1.39644,0.399909,-1.62124
-0.18497,-0.0275825,0.049691;-1.46619,0.349987,-1.60511
-0.18393,-0.0249681,0.042329;-1.57075,0.220283,-1.57086
-0.183948,-0.0249455,0.0423294;-1.57078,0.221881,-1.57084
-0.183017,-0.0249818,0.0423757;-1.57059,0.298857,-1.56933
-0.192314,-0.03696,0.0522836;-1.46825,0.489829,-1.59663
-0.206964,-0.0625789,0.0629831;-1.29679,0.561533,-1.687
-0.211816,-0.0688385,0.055987;-1.37055,0.534867,-1.66484
-0.213107,-0.0644472,0.0423136;-1.57047,0.367685,-1.57107
-0.213329,-0.0646634,0.0423287;-1.57073,0.347963,-1.57067
-0.212911,-0.0645677,0.0423412;-1.57146,0.390203,-1.56958
-0.21477,-0.0660977,0.0457019;-1.55212,0.586833,-1.56214
-0.231623,-0.0867115,0.0596033;-1.31521,0.69677,-1.71156
-0.241684,-0.101587,0.0602275;-1.2924,0.721535,-1.73394
-0.248522,-0.0963719,0.0421942;-1.56915,0.539352,-1.57033
-0.248656,-0.0972045,0.0423361;-1.57069,0.477152,-1.57028
-0.248587,-0.0971218,0.0423325;-1.5707,0.480223,-1.57071
-0.244619,-0.0971228,0.0431591;-1.56654,0.672113,-1.56263
-0.256317,-0.106249,0.0523901;-1.42393,0.801913,-1.65593
-0.273618,-0.122272,0.0640919;-1.20564,0.893075,-1.81569
-0.286904,-0.118294,0.0427878;-1.55352,0.723024,-1.58037
-0.285915,-0.119525,0.042336;-1.57041,0.622539,-1.57042
-0.286016,-0.119579,0.0423276;-1.57086,0.608257,-1.57083
-0.282331,-0.119929,0.042596;-1.57097,0.778349,-1.56227
-0.285039,-0.121676,0.0491936;-1.4635,0.889619,-1.6383
-0.303163,-0.135758,0.0626853;-1.1528,0.997674,-1.89313
-0.318082,-0.135504,0.0430436;-1.54397,0.90412,-1.59082
-0.316886,-0.13602,0.0423563;-1.57274,0.824952,-1.56734
-0.317295,-0.136175,0.0423297;-1.5708,0.802337,-1.57085
-0.313303,-0.135829,0.0426622;-1.56429,0.932668,-1.56913
-0.310655,-0.137296,0.0502734;-1.37998,1.01553,-1.72817
-0.316935,-0.143567,0.0615197;-1.09358,1.11097,-1.97089
-0.328908,-0.150327,0.0463238;-1.43721,1.13574,-1.68918
-0.328789,-0.14896,0.0422377;-1.56509,1.05841,-1.57557
-0.329083,-0.149534,0.0423238;-1.57047,0.995955,-1.57115
-0.327401,-0.149368,0.0424956;-1.57081,1.0646,-1.56542
-0.326587,-0.149745,0.0460587;-1.47246,1.15522,-1.65154
-0.3436,-0.155163,0.0589035;-0.946974,1.25095,-2.14592
-0.357018,-0.163024,0.0541763;-1.00705,1.31806,-2.10212
-0.362056,-0.158018,0.0431239;-1.50582,1.2581,-1.63095
-0.362401,-0.158711,0.0423168;-1.56922,1.14856,-1.57192
-0.362362,-0.158874,0.0423299;-1.57089,1.1462,-1.57068
-0.359574,-0.15999,0.0425858;-1.57165,1.24147,-1.5616
-0.366479,-0.159744,0.0483443;-1.32786,1.34929,-1.79071
-0.405851,-0.167624,0.0609042;-0.280818,1.35997,-2.82189
-0.413866,-0.161547,0.0517415;-0.928479,1.35435,-2.19923
-0.409646,-0.156063,0.0423825;-1.57249,1.29452,-1.56707
-0.409769,-0.156973,0.0423286;-1.57077,1.23991,-1.57078
-0.4092,-0.1578,0.0423595;-1.56873,1.3059,-1.5713
-0.406546,-0.15874,0.0435308;-1.5096,1.38374,-1.62205
-0.441376,-0.162292,0.065036;0.282697,1.32618,2.89865
-0.45596,-0.15689,0.0575093;-0.16758,1.37487,-2.96239
-0.453369,-0.150116,0.0463437;-1.13713,1.43339,-2
-0.451073,-0.150327,0.0423289;-1.57082,1.3268,-1.57074
-0.45001,-0.150984,0.0423585;-1.5704,1.39742,-1.5702
-0.447072,-0.152396,0.0428249;-1.50484,1.46928,-1.62778
-0.467746,-0.152749,0.0635395;0.522936,1.30828,2.642
-0.488729,-0.148766,0.0569082;0.397652,1.36474,2.74211
-0.487135,-0.145754,0.046113;0.632275,1.50325,2.509
-0.48691,-0.1456,0.0423284;-1.57038,1.48507,-1.57123
-0.486418,-0.145924,0.0423344;-1.57156,1.52566,-1.56984
-0.483322,-0.148409,0.0428578;1.28702,1.53217,1.85966
-0.502747,-0.14735,0.0624564;0.949984,1.2173,2.20183
-0.527361,-0.140243,0.0563038;0.993882,1.24984,2.13622
-0.52543,-0.140748,0.0463934;1.35039,1.30575,1.78631
-0.524672,-0.141658,0.0423309;1.57127,1.43386,1.57045
-0.524375,-0.14189,0.0423473;1.57098,1.39769,1.57118
-0.522765,-0.143303,0.0425679;1.56815,1.36114,1.58037
-0.543834,-0.134426,0.0601178;1.15507,1.10204,1.97815
-0.564512,-0.127351,0.0564585;1.17342,1.09689,1.93847
-0.56238,-0.130144,0.0520543;1.32345,1.09925,1.80658
-0.560452,-0.128017,0.0423729;1.57106,1.25701,1.5723
-0.560696,-0.127966,0.0423519;1.57087,1.25271,1.57148
-0.559761,-0.129438,0.0424447;1.57014,1.17536,1.57468
-0.558826,-0.129434,0.0442183;1.56556,1.08696,1.59309
-0.600018,-0.100092,0.0621902;1.23915,0.865805,1.86431
-0.608236,-0.0936142,0.0536233;1.34725,0.927513,1.76456
-0.604423,-0.0902144,0.0422818;1.58209,1.014,1.5633
-0.605647,-0.0905794,0.0423281;1.57077,1.09768,1.57076
-0.605459,-0.0909315,0.0423287;1.57031,1.05871,1.57096
-0.603964,-0.093651,0.042769;1.56868,0.973235,1.58201
-0.63,-0.0716803,0.0631;1.31253,0.720357,1.79239
-0.651068,-0.055032,0.056075;1.35567,0.74707,1.73847
-0.649814,-0.0528342,0.0440544;1.53025,0.805802,1.60239
-0.649603,-0.0528974,0.0423284;1.57017,0.899029,1.57163
-0.649435,-0.0531653,0.042325;1.57073,0.867832,1.57059
-0.64897,-0.0556711,0.0426489;1.56811,0.802315,1.58122
-0.665505,-0.0374435,0.0617168;1.38441,0.55273,1.71917
-0.685994,-0.0176716,0.0568543;1.39102,0.551563,1.69511
-0.684381,-0.0178824,0.0445668;1.53522,0.577523,1.59471
-0.683774,-0.018048,0.0423293;1.57077,0.672685,1.57076
-0.683686,-0.0185113,0.042378;1.5694,0.645393,1.57206
-0.683713,-0.0202437,0.042565;1.57093,0.591733,1.57842
-0.691359,0.0008046,0.0603573;1.47877,0.383773,1.64364
-0.702814,0.0206386,0.0607721;1.38317,0.375585,1.68781
-0.698664,0.0227326,0.0498982;1.49167,0.43369,1.62546
-0.692493,0.0226052,0.0423293;1.57062,0.504438,1.57082
-0.691273,0.0230099,0.0423259;1.57086,0.507872,1.57058
-0.690109,0.0224908,0.0423271;1.57075,0.508584,1.57094
-0.686763,0.0201352,0.050189;1.56047,0.386381,1.60148
-0.69414,0.0364931,0.0651943;1.46761,0.306108,1.64885
-0.700972,0.054144,0.0570039;1.42613,0.333832,1.65716
-0.691287,0.0539272,0.0423238;1.57099,0.430073,1.57021
-0.690075,0.0542453,0.0423241;1.57078,0.445397,1.57054
-0.688016,0.0532169,0.0423071;1.57077,0.465104,1.57153
-0.684172,0.0491065,0.0449796;1.57376,0.404094,1.59063
-0.684298,0.0571385,0.0567213;1.55767,0.298096,1.60367
-0.693703,0.0754523,0.063697;1.45416,0.270726,1.64964
-0.688776,0.082759,0.0423776;1.57171,0.353019,1.57269
-0.687356,0.083114,0.0423313;1.57051,0.375428,1.57106
-0.686541,0.0832091,0.0423236;1.57092,0.381853,1.57058
-0.68498,0.080378,0.0429535;1.56927,0.362805,1.58069
-0.684133,0.0798466,0.0497033;1.54027,0.26267,1.60614
-0.693823,0.0918298,0.0635467;1.46177,0.195606,1.64551
-0.688519,0.102173,0.0424882;1.57082,0.287899,1.57578
-0.686291,0.102535,0.0423206;1.57128,0.32242,1.57069
-0.684695,0.103204,0.0423272;1.57082,0.334539,1.5706
-0.68379,0.10122,0.0426015;1.57106,0.321355,1.57922
-0.681567,0.0999567,0.0473086;1.55465,0.231767,1.5972
-0.687349,0.113023,0.0616328;1.48901,0.139349,1.62701
-0.681704,0.122377,0.0424647;1.57088,0.22884,1.57511
-0.679746,0.122729,0.0423102;1.57083,0.259598,1.57128
-0.679131,0.122911,0.0423223;1.57066,0.265388,1.5709
-0.678846,0.120805,0.0425617;1.5709,0.234999,1.57849
-0.675961,0.118609,0.0456078;1.57504,0.160635,1.59092
-0.677283,0.12951,0.0604084;1.55729,0.0492705,1.59399
-0.685346,0.155492,0.044872;1.53505,0.0402026,1.58333
-0.683737,0.154501,0.0423309;1.57083,0.0505044,1.57064
-0.683485,0.154286,0.0423275;1.57085,0.0552088,1.57078
-0.684025,0.153634,0.0423462;1.57052,-0.00779273,1.57157
-0.683458,0.151848,0.0434862;1.57019,-0.0513301,1.58383
-0.68041,0.157721,0.051284;1.59175,-0.14443,1.5945
-0.683341,0.195532,0.059716;1.50895,-0.216019,1.57937
-0.679022,0.199975,0.0422038;1.5765,-0.167401,1.57319
-0.678771,0.200177,0.0423381;1.57082,-0.141017,1.57108
-0.678871,0.200867,0.0424239;1.56779,-0.121592,1.57218
-0.679839,0.199653,0.0425442;1.57092,-0.163432,1.57794
-0.678704,0.197655,0.0453066;1.57746,-0.219338,1.5927
-0.67332,0.223002,0.067659;1.55907,-0.357845,1.57947
-0.674561,0.237847,0.0476797;1.51693,-0.343266,1.57308
-0.673107,0.238959,0.042329;1.57071,-0.305726,1.57074
-0.673034,0.239209,0.0423364;1.57066,-0.263535,1.57091
-0.67414,0.238715,0.042368;1.57015,-0.317204,1.57163
-0.67503,0.236647,0.0431174;1.56958,-0.372678,1.58092
-0.666148,0.263207,0.0681088;1.54092,-0.564935,1.57655
-0.664838,0.283299,0.0607155;1.51984,-0.56507,1.56292
-0.668346,0.291144,0.0424425;1.57192,-0.547954,1.57591
-0.667562,0.291168,0.0423275;1.57072,-0.485297,1.5707
-0.668405,0.291005,0.0423306;1.57078,-0.529687,1.57078
-0.67048,0.28986,0.0425722;1.57106,-0.590378,1.57888
-0.661814,0.305559,0.0621459;1.53595,-0.788858,1.57053
-0.657042,0.321818,0.063341;1.54601,-0.787987,1.56212
-0.658958,0.331055,0.0424342;1.57152,-0.766884,1.57513
-0.658505,0.330901,0.0423177;1.57077,-0.722947,1.5711
-0.65908,0.330739,0.0423287;1.57078,-0.749261,1.57076
-0.660616,0.330169,0.0425428;1.5717,-0.797444,1.57795
-0.660616,0.330169,0.0425428;1.5717,-0.797444,1.57795
-0.661059,0.328029,0.0459148;1.5865,-0.859165,1.60139
-0.661059,0.328029,0.0459148;1.5865,-0.859165,1.60139
