-0.125,0.125,0.06;-1.57,-2.98023e-08,-1.57
-0.125,0.125,0.06;-1.57,-2.98023e-08,-1.57
-0.125,0.125,0.06;-1.57,-2.98023e-08,-1.57
-0.123986,0.135024,0.0423338;-1.57044,-0.172488,-1.57059
-0.124335,0.133549,0.0423336;-1.57091,-0.139032,-1.57053
-0.12737,0.121266,0.0500368;-1.63879,-0.0913124,-1.57368
-0.127535,0.0930777,0.0611454;-1.52485,-0.0473931,-1.57235
-0.127555,0.112336,0.0422801;-1.5696,-0.158892,-1.57037
-0.127493,0.11225,0.0425041;-1.56517,-0.16301,-1.56989
-0.127497,0.11224,0.0423349;-1.57064,-0.154358,-1.57096
-0.126751,0.111526,0.0423294;-1.57064,-0.0838322,-1.57052
-0.129314,0.103076,0.0484939;-1.62664,-0.0331738,-1.56772
-0.132294,0.0790228,0.0687547;-1.57599,0.0513051,-1.57568
-0.130417,0.073925,0.0498198;-1.51594,-0.00109926,-1.57506
-0.12961,0.0866072,0.042296;-1.58382,-0.0577514,-1.57067
-0.129166,0.0869571,0.0424543;-1.56674,-0.0766254,-1.57059
-0.12903,0.0858272,0.0423289;-1.57071,-0.0452749,-1.57076
-0.132301,0.0779715,0.046641;-1.61534,0.0038215,-1.56636
-0.138944,0.0533474,0.0654237;-1.6049,0.093808,-1.57324
-0.141621,0.0314937,0.0659762;-1.51373,0.113257,-1.57955
-0.140218,0.0438651,0.0538599;-1.52966,0.0510019,-1.57708
-0.138129,0.0552998,0.0422884;-1.5701,-0.00165248,-1.57104
-0.137929,0.0554512,0.0423331;-1.57057,-0.00131863,-1.571
-0.138541,0.0548585,0.0423436;-1.57081,0.032369,-1.57025
-0.143366,0.0449375,0.0504569;-1.63998,0.083957,-1.55981
-0.148119,0.0225276,0.0641042;-1.5751,0.14661,-1.57157
-0.146636,0.0151496,0.0470086;-1.50365,0.0918645,-1.58614
-0.144886,0.019815,0.0424778;-1.56605,0.0638272,-1.57116
-0.144871,0.0197371,0.0424052;-1.56817,0.0774799,-1.57117
-0.144645,0.0195254,0.0423281;-1.57079,0.106885,-1.57088
-0.155493,0.000710919,0.0597449;-1.63935,0.219936,-1.55568
-0.164897,-0.0233877,0.0738169;-1.55268,0.28538,-1.57814
-0.165913,-0.0303481,0.061215;-1.50137,0.232648,-1.59315
-0.160191,-0.0158579,0.0423418;-1.57067,0.155002,-1.57049
-0.1602,-0.0160168,0.042333;-1.57067,0.155549,-1.57088
-0.159948,-0.0170214,0.0424738;-1.5661,0.186968,-1.57175
-0.16618,-0.0239909,0.0486195;-1.63303,0.268646,-1.54763
-0.178967,-0.0446906,0.0689491;-1.58996,0.359885,-1.56914
-0.186872,-0.0624234,0.0692167;-1.52211,0.368665,-1.59237
-0.180384,-0.0460671,0.0422823;-1.56969,0.25328,-1.57084
-0.180339,-0.0460947,0.0424796;-1.56594,0.247064,-1.572
-0.180398,-0.0461177,0.0423327;-1.57071,0.253127,-1.57093
-0.182451,-0.0481227,0.0433811;-1.58442,0.326087,-1.56318
-0.194216,-0.0624387,0.0580988;-1.63523,0.398992,-1.54498
-0.208957,-0.0837646,0.0746887;-1.54103,0.467302,-1.58795
-0.203187,-0.072666,0.0424596;-1.58512,0.343175,-1.56627
-0.201918,-0.0717068,0.0423305;-1.57069,0.314838,-1.57063
-0.202103,-0.0717403,0.0423368;-1.57057,0.311699,-1.57087
-0.202677,-0.073904,0.042439;-1.57269,0.393956,-1.56786
-0.212404,-0.0838504,0.0520507;-1.63936,0.449613,-1.53754
-0.228106,-0.103806,0.0724655;-1.55331,0.537536,-1.58651
-0.223836,-0.0983544,0.0424064;-1.5847,0.428716,-1.56578
-0.222732,-0.0974728,0.0423293;-1.57077,0.391126,-1.57058
-0.222901,-0.0973562,0.042407;-1.56812,0.379928,-1.57179
-0.223123,-0.0990502,0.0423619;-1.57225,0.459669,-1.57033
-0.232315,-0.106372,0.0513528;-1.64849,0.515878,-1.528
-0.247621,-0.123828,0.0721477;-1.57614,0.60684,-1.57568
-0.248728,-0.130098,0.0429639;-1.56007,0.543257,-1.57694
-0.247088,-0.128296,0.042322;-1.57101,0.512668,-1.57055
-0.246922,-0.128292,0.042416;-1.5676,0.51662,-1.57242
-0.24711,-0.129235,0.0423287;-1.57072,0.566804,-1.57086
-0.254053,-0.132476,0.0477011;-1.63622,0.612147,-1.52366
-0.273373,-0.143586,0.0673551;-1.6542,0.704128,-1.51661
-0.297779,-0.16565,0.053847;-1.45819,0.73014,-1.65401
-0.289274,-0.156892,0.0430019;-1.55095,0.673228,-1.58402
-0.287808,-0.156139,0.0423107;-1.56833,0.649006,-1.57182
-0.28779,-0.156139,0.0423289;-1.57086,0.650404,-1.57074
-0.289077,-0.156282,0.0424205;-1.5724,0.689696,-1.5679
-0.302391,-0.161949,0.05222;-1.6762,0.745561,-1.49101
-0.340768,-0.1875,0.0693642;-1.48525,0.851593,-1.6411
-0.337102,-0.184909,0.0576258;-1.47446,0.780624,-1.649
-0.324617,-0.174886,0.042251;-1.57615,0.727417,-1.56737
-0.324253,-0.175054,0.0423302;-1.5707,0.715679,-1.57096
-0.324671,-0.175741,0.0423257;-1.57072,0.751969,-1.57076
-0.328231,-0.176297,0.0438843;-1.59496,0.790867,-1.55036
-0.36991,-0.196595,0.0767099;-1.50381,0.935695,-1.63071
-0.373931,-0.197673,0.0677351;-1.4794,0.862744,-1.6504
-0.357676,-0.187138,0.0428216;-1.55923,0.806594,-1.58187
-0.354371,-0.186057,0.0424036;-1.56731,0.768762,-1.57297
-0.354998,-0.18749,0.042326;-1.57048,0.819096,-1.57089
-0.357282,-0.187602,0.0426539;-1.58224,0.856085,-1.56188
-0.396894,-0.204045,0.0748398;-1.51325,1.00366,-1.62774
-0.404873,-0.207911,0.0680707;-1.50217,0.950158,-1.63685
-0.395405,-0.20333,0.0424374;-1.57239,0.920832,-1.57382
-0.392704,-0.202702,0.0423308;-1.5708,0.886275,-1.57077
-0.392914,-0.202941,0.0423191;-1.57134,0.907369,-1.57038
-0.393241,-0.202791,0.0425972;-1.58351,0.924382,-1.55976
-0.419418,-0.203991,0.0740059;-1.7471,1.06265,-1.41509
-0.438954,-0.210431,0.0692289;-1.61126,1.06596,-1.54234
-0.445329,-0.218633,0.0429403;-1.53866,1.08135,-1.60337
-0.442699,-0.217958,0.042331;-1.57061,1.03864,-1.57097
-0.442796,-0.218238,0.0423287;-1.57084,1.06075,-1.57084
-0.442895,-0.218139,0.0423293;-1.5708,1.06892,-1.57075
-0.471357,-0.21761,0.0703678;-1.7333,1.20883,-1.41887
-0.492979,-0.22041,0.0644847;-1.52576,1.22583,-1.61856
-0.502724,-0.223224,0.0491723;-1.35031,1.22703,-1.78751
-0.491564,-0.219557,0.0423687;-1.56816,1.15075,-1.57274
-0.491884,-0.219925,0.0424218;-1.56397,1.16867,-1.57732
-0.492144,-0.22023,0.042329;-1.57075,1.20035,-1.57083
-0.497986,-0.219195,0.0447842;-1.64735,1.24485,-1.49405
-0.545373,-0.219864,0.0716257;-1.32319,1.37069,-1.81933
-0.55039,-0.222148,0.0569437;-1.29699,1.32392,-1.84667
-0.539823,-0.222462,0.042326;-1.58523,1.28376,-1.55726
-0.53976,-0.222724,0.0423302;-1.57056,1.27523,-1.57106
-0.540121,-0.222839,0.0423304;-1.57049,1.29402,-1.57116
-0.541797,-0.222038,0.042501;-1.58755,1.33514,-1.55246
-0.584368,-0.215243,0.0742059;-1.28169,1.48449,-1.86712
-0.601819,-0.217206,0.0648079;-1.17357,1.47347,-1.97471
-0.596094,-0.221903,0.0423938;-1.61374,1.43896,-1.52818
-0.5946,-0.222392,0.0423301;-1.57055,1.41026,-1.57107
-0.594846,-0.222546,0.0423299;-1.57052,1.42893,-1.57114
-0.595673,-0.221905,0.0423692;-1.58261,1.46156,-1.55817
-0.627826,-0.20896,0.0732961;2.13537,1.5208,1.00137
-0.648356,-0.205324,0.0659;1.18937,1.51935,1.94502
-0.651379,-0.208971,0.042173;1.71864,1.5363,1.42296
-0.650332,-0.209379,0.0423314;1.56581,1.55676,1.57579
-0.65091,-0.209582,0.04241;1.48783,1.54014,1.65373
-0.650937,-0.209539,0.0423114;1.56887,1.52419,1.57342
-0.673126,-0.195436,0.0692508;1.83878,1.38239,1.30707
-0.69568,-0.186885,0.070856;1.49909,1.34942,1.6356
-0.710636,-0.186558,0.048798;1.23338,1.34629,1.88873
-0.704889,-0.188678,0.0423185;1.56735,1.40011,1.57448
-0.705215,-0.188522,0.0422992;1.56326,1.39273,1.57857
-0.705141,-0.188515,0.042321;1.56919,1.3803,1.57236
-0.720097,-0.173942,0.0576699;1.78052,1.2587,1.37689
-0.742,-0.158045,0.0754135;1.55105,1.17639,1.5841
-0.756315,-0.146835,0.0656279;1.46086,1.1774,1.66314
-0.745285,-0.152638,0.0423287;1.57175,1.29705,1.56982
-0.745448,-0.15276,0.0423306;1.5704,1.29847,1.57124
-0.745073,-0.152006,0.042392;1.56333,1.28468,1.57783
-0.753417,-0.13899,0.0477253;1.68643,1.17715,1.47375
-0.774564,-0.123816,0.0656832;1.56589,1.10018,1.5672
-0.789898,-0.115979,0.0684689;1.4405,1.08154,1.6786
-0.768209,-0.120751,0.0427436;1.60689,1.25153,1.5339
-0.765834,-0.121042,0.0424061;1.55779,1.31386,1.58356
-0.764444,-0.121325,0.0423668;1.57034,1.36769,1.57008
-0.767364,-0.116231,0.0430388;1.61656,1.30692,1.52914
-0.784755,-0.103734,0.0563538;1.67191,1.24065,1.47446
-0.806582,-0.0942412,0.0747975;1.50712,1.17532,1.61921
-0.800578,-0.0911873,0.0425911;1.56212,1.31494,1.57312
-0.792881,-0.0928042,0.0422879;1.57631,1.38314,1.56701
-0.791155,-0.0919375,0.0423395;1.56982,1.4459,1.57153
-0.792821,-0.0893193,0.0428287;1.65614,1.42608,1.48247
-0.802841,-0.0821918,0.0529777;1.94496,1.36182,1.20755
-0.819205,-0.0759543,0.0746093;1.76521,1.30293,1.37297
-0.820917,-0.07146,0.0427161;1.59072,1.41074,1.53531
-0.812941,-0.0722244,0.0424151;1.57419,1.47469,1.5645
-0.810875,-0.0716674,0.0423293;1.57293,1.54558,1.56861
-0.811612,-0.0706787,0.0423531;1.60959,1.5484,1.53223
-0.818206,-0.0665182,0.0499052;2.34511,1.47748,0.807356
-0.834098,-0.0592459,0.0711688;1.98734,1.41723,1.15452
-0.850763,-0.0510651,0.0520986;1.31032,1.45807,1.81442
-0.841147,-0.0528447,0.0424701;1.597,1.54922,1.53911
-0.840324,-0.0526439,0.0423159;-1.58738,1.53502,-1.55449
-0.840039,-0.0518041,0.0423289;-1.57104,1.50775,-1.57066
-0.844518,-0.0490955,0.0439637;-2.3614,1.54719,-0.776459
-0.864266,-0.0437897,0.0600448;2.00692,1.51611,1.13351
-0.879552,-0.0415529,0.0647216;1.81031,1.51394,1.31994
-0.857354,-0.0384878,0.0425522;-1.70132,1.50947,-1.44072
-0.855186,-0.039251,0.0423091;-1.56204,1.47284,-1.57796
-0.854593,-0.038709,0.0423684;-1.56076,1.44307,-1.58033
-0.855583,-0.0374333,0.0423318;-1.57072,1.47553,-1.56964
-0.866458,-0.0336244,0.0487116;-2.33593,1.50715,-0.799987
-0.88678,-0.0314705,0.0651208;0.530385,1.53668,2.6043
-0.876719,-0.0278457,0.0534068;-1.37061,1.50642,-1.77864
-0.867378,-0.0270682,0.0423212;-1.57118,1.44252,-1.57106
-0.866542,-0.0270884,0.0423358;-1.57034,1.40403,-1.57138
-0.866331,-0.026315,0.0423277;-1.5711,1.41018,-1.57059
-0.86987,-0.0242171,0.0432862;-1.66096,1.4554,-1.47765
-0.884081,-0.0233242,0.0641085;-0.720843,1.50707,-2.42757
-0.881869,-0.022282,0.061167;-1.42985,1.47906,-1.72204
-0.869414,-0.0252195,0.0424783;-1.64745,1.39439,-1.49533
-0.868794,-0.0257622,0.0423612;-1.57047,1.35511,-1.57214
-0.868439,-0.0244135,0.0423653;-1.57053,1.36227,-1.5725
-0.870431,-0.0218578,0.042744;-1.6456,1.408,-1.49509
-0.883407,-0.0217895,0.0613907;-1.31915,1.496,-1.83058
-0.882717,-0.0209212,0.0595823;-1.58584,1.47763,-1.57069
-0.878097,-0.0212628,0.0430888;-1.67923,1.41853,-1.47134
-0.876815,-0.0220815,0.0423347;-1.57139,1.36497,-1.57042
-0.87684,-0.0221055,0.0423296;-1.57065,1.36941,-1.57099
-0.877486,-0.0217703,0.0425104;-1.59196,1.39115,-1.55194
-0.877486,-0.0217703,0.0425104;-1.59196,1.39115,-1.55194
-0.881539,-0.0222973,0.046831;-1.71732,1.43674,-1.42689
-0.881539,-0.0222973,0.046831;-1.71732,1.43674,-1.42689
