-0.125,0.125,0.06;-1.57,-2.98023e-08,-1.57
-0.125,0.125,0.06;-1.57,-2.98023e-08,-1.57
-0.125,0.125,0.06;-1.57,-2.98023e-08,-1.57
-0.124909,0.132213,0.0423373;-1.57055,-0.156636,-1.57032
-0.124164,0.133461,0.0425754;-1.57157,-0.0914947,-1.56312
-0.127562,0.128338,0.0461429;-1.57161,0.0185039,-1.54852
-0.127719,0.0919647,0.0584976;-1.4007,0.0984036,-1.55613
-0.126998,0.104503,0.0422597;-1.57031,-0.0726212,-1.57096
-0.127601,0.104362,0.0424526;-1.56684,-0.111427,-1.57027
-0.128063,0.104424,0.0423241;-1.57047,-0.126406,-1.57083
-0.127536,0.100791,0.0425241;-1.57148,0.0384609,-1.56347
-0.130645,0.0993415,0.0455552;-1.5791,0.126838,-1.54608
-0.135309,0.0747832,0.0587118;-1.48782,0.271014,-1.5544
-0.136043,0.0529811,0.0546742;-1.43206,0.195701,-1.57805
-0.133036,0.0667443,0.0422065;-1.57934,0.113059,-1.56543
-0.132651,0.0682399,0.0422966;-1.57155,0.0503423,-1.57064
-0.131782,0.0677799,0.0423301;-1.5707,0.109288,-1.57067
-0.133276,0.0689358,0.0439668;-1.5758,0.198643,-1.55485
-0.140589,0.0510065,0.053557;-1.55479,0.336707,-1.55112
-0.144998,0.0176814,0.0638274;-1.34632,0.350384,-1.60201
-0.142999,0.0283138,0.0553334;-1.4073,0.256051,-1.59945
-0.138706,0.0407274,0.0422896;-1.57657,0.170037,-1.56464
-0.13885,0.0402348,0.04233;-1.57075,0.144469,-1.57082
-0.137755,0.0410973,0.0424369;-1.57027,0.212473,-1.56685
-0.141191,0.0397354,0.0453493;-1.58282,0.322739,-1.54674
-0.149134,0.0186451,0.0552807;-1.46117,0.397739,-1.58081
-0.152891,0.00513907,0.0541102;-1.41522,0.313132,-1.61038
-0.151996,0.0104192,0.0424401;-1.5672,0.239,-1.57161
-0.151765,0.0102832,0.0423302;-1.57068,0.26217,-1.57094
-0.150584,0.0104969,0.0423363;-1.57071,0.326897,-1.57058
-0.158629,0.00228968,0.049468;-1.57864,0.535779,-1.54397
-0.170758,-0.0268622,0.0639967;-1.34871,0.619833,-1.64568
-0.17631,-0.0413485,0.0616984;-1.31355,0.537682,-1.67535
-0.168637,-0.0296802,0.0422422;-1.56641,0.434744,-1.57315
-0.168828,-0.0295666,0.0425057;-1.56469,0.424068,-1.57331
-0.167006,-0.0299766,0.0423288;-1.57084,0.494653,-1.57074
-0.167164,-0.0286629,0.0447238;-1.58057,0.674114,-1.54593
-0.183669,-0.0459212,0.0564614;-1.48702,0.804801,-1.59872
-0.198991,-0.0688908,0.0651793;-1.24412,0.785897,-1.75664
-0.189652,-0.0585238,0.0423296;-1.58891,0.64271,-1.55629
-0.18926,-0.0588976,0.0423191;-1.57053,0.604161,-1.57101
-0.189382,-0.0589979,0.0423298;-1.57079,0.606437,-1.57084
-0.186851,-0.0582761,0.0431686;-1.57284,0.754712,-1.55681
-0.199003,-0.0645056,0.0495315;-1.56202,0.887079,-1.55155
-0.221263,-0.0891192,0.0646885;-1.23797,0.972612,-1.78983
-0.225016,-0.0959344,0.0443309;-1.527,0.836703,-1.59919
-0.222897,-0.0948182,0.0423141;-1.57152,0.773399,-1.57003
-0.223365,-0.0942988,0.042359;-1.56946,0.747936,-1.57172
-0.220516,-0.0953703,0.0426648;-1.57367,0.920515,-1.55952
-0.229445,-0.0969365,0.0473108;-1.60727,1.03583,-1.51764
-0.256396,-0.114335,0.0639418;-1.30064,1.15697,-1.77767
-0.276373,-0.128181,0.0504583;-1.36885,1.02545,-1.73607
-0.271334,-0.12603,0.0424326;-1.57061,1.01157,-1.56757
-0.271595,-0.125716,0.0424181;-1.56593,0.996526,-1.57504
-0.270022,-0.12667,0.0424689;-1.57084,1.16672,-1.56621
-0.275077,-0.125083,0.0458154;-1.63105,1.28879,-1.49514
-0.301096,-0.134133,0.0602066;-1.10357,1.40371,-1.99644
-0.32537,-0.144231,0.0588604;-0.879376,1.24801,-2.22035
-0.317351,-0.142153,0.0491361;-1.24588,1.27115,-1.87855
-0.310363,-0.141376,0.0423446;-1.57092,1.30177,-1.5701
-0.308952,-0.142569,0.04233;-1.57119,1.38306,-1.57035
-0.307054,-0.141121,0.043162;-1.61828,1.4778,-1.51521
-0.319462,-0.139745,0.0506713;1.79658,1.51813,1.36434
-0.346138,-0.142017,0.0633648;0.0376331,1.34268,3.1406
-0.340446,-0.140897,0.0581056;-0.376289,1.35089,-2.7499
-0.324478,-0.136201,0.042343;-1.6484,1.42947,-1.49203
-0.32364,-0.136535,0.0423214;-1.56972,1.43749,-1.57145
-0.322576,-0.13761,0.0424868;-1.58975,1.5039,-1.54496
-0.324331,-0.135117,0.0451736;1.75364,1.52222,1.4087
-0.369547,-0.133095,0.0668442;0.703699,1.28052,2.47665
-0.371049,-0.131876,0.0610562;0.33511,1.33741,2.82009
-0.356932,-0.130846,0.0458988;-0.272363,1.51715,-2.86456
-0.352172,-0.131015,0.0424639;-1.50415,1.50621,-1.63726
-0.351571,-0.13269,0.0423442;1.54052,1.55979,1.60188
-0.349737,-0.132345,0.0434768;1.57901,1.46866,1.57567
-0.402101,-0.124338,0.0661181;1.04791,1.16576,2.12443
-0.418798,-0.124889,0.0641983;0.885474,1.20874,2.26672
-0.412256,-0.126411,0.0503717;1.108,1.35166,2.03527
-0.406328,-0.128724,0.0423858;1.55561,1.45307,1.58589
-0.406348,-0.130103,0.0422764;1.57029,1.37539,1.57306
-0.404274,-0.130188,0.0425605;1.57575,1.28851,1.57225
-0.441823,-0.115375,0.065377;1.39593,1.0306,1.75809
-0.467712,-0.108662,0.0632259;1.12242,1.0607,2.0121
-0.468213,-0.10894,0.0563562;1.13454,1.13679,1.9823
-0.458641,-0.114408,0.0423701;1.56932,1.19543,1.57313
-0.460189,-0.114937,0.0423157;1.56945,1.13085,1.57342
-0.45902,-0.115623,0.0424907;1.57144,1.06184,1.5759
-0.473766,-0.102742,0.0581537;1.53581,0.792062,1.62189
-0.496332,-0.0941312,0.0621851;1.26621,0.824203,1.83611
-0.498237,-0.0898835,0.0595387;1.21567,0.904043,1.86839
-0.485074,-0.100883,0.042488;1.56204,0.964402,1.57812
-0.485444,-0.102895,0.0423367;1.57028,0.889672,1.57132
-0.485109,-0.104231,0.0423409;1.57085,0.835751,1.57109
-0.487426,-0.0974344,0.0497097;1.57556,0.591168,1.59372
-0.496939,-0.0857522,0.0600737;1.36996,0.617463,1.72537
-0.49906,-0.0823359,0.0625139;1.28187,0.652761,1.7803
-0.478717,-0.0978085,0.0425252;1.58567,0.820168,1.5611
-0.477767,-0.09828,0.0423295;1.57078,0.848661,1.57086
-0.478012,-0.0994142,0.0423396;1.57055,0.788595,1.57128
-0.476627,-0.0994598,0.0437926;1.57358,0.690853,1.58342
-0.507397,-0.0590305,0.066352;1.33576,0.478618,1.74063
-0.511898,-0.0515451,0.0650649;1.25658,0.573814,1.77888
-0.510549,-0.0594942,0.057847;1.31562,0.638094,1.73304
-0.504175,-0.0758198,0.0425006;1.56517,0.62614,1.57501
-0.505301,-0.0761491,0.042329;1.57082,0.56459,1.5708
-0.504054,-0.0772315,0.042752;1.57203,0.492957,1.57778
-0.520569,-0.0350933,0.0662997;1.45371,0.250699,1.64212
-0.536456,-0.0122665,0.0657213;1.29357,0.30909,1.6927
-0.537216,-0.0102567,0.0618919;1.29014,0.377792,1.68528
-0.532957,-0.0287299,0.0424693;1.57059,0.397141,1.57514
-0.534109,-0.0306361,0.0423287;1.57082,0.329427,1.57079
-0.533578,-0.0321391,0.042489;1.57125,0.255399,1.57559
-0.537321,-0.000123501,0.0595531;1.49561,0.0083378,1.61131
-0.544692,0.0252861,0.0654002;1.32965,0.0582256,1.6278
-0.543706,0.0289443,0.0623076;1.3048,0.158865,1.62415
-0.54006,0.00887759,0.0437642;1.54255,0.209336,1.58029
-0.540768,0.0063251,0.0423525;1.57056,0.165112,1.57142
-0.541335,0.00554076,0.0423368;1.5707,0.0848098,1.57115
-0.539434,0.0182146,0.0545508;1.57778,-0.135968,1.59158
-0.53914,0.039855,0.0645698;1.38093,-0.143833,1.59378
-0.539456,0.046579,0.0636026;1.30797,-0.0564708,1.57892
-0.535968,0.02932,0.0493063;1.47249,0.0360799,1.57823
-0.536723,0.0238891,0.0423289;1.57078,0.053363,1.5708
-0.537329,0.0251682,0.0424336;1.57015,-0.0045618,1.56792
-0.534692,0.0285976,0.0484657;1.6207,-0.191471,1.58641
-0.533593,0.0493262,0.0641434;1.50259,-0.295037,1.5782
-0.52852,0.0648335,0.0674221;1.34523,-0.235754,1.55311
-0.527897,0.0578054,0.0561103;1.38911,-0.129226,1.55219
-0.534342,0.0458818,0.0421785;1.57964,-0.144531,1.57086
-0.534458,0.0462301,0.0423823;1.57081,-0.156549,1.56875
-0.530062,0.052057,0.0446216;1.60238,-0.318734,1.57471
-0.524553,0.065215,0.0592782;1.60558,-0.433763,1.5834
-0.519673,0.0848738,0.0691843;1.42452,-0.462277,1.53325
-0.517004,0.083482,0.0593645;1.33996,-0.300235,1.50415
-0.524389,0.0761871,0.0494843;1.46962,-0.333111,1.53759
-0.528096,0.0718181,0.0423291;1.57084,-0.330574,1.5708
-0.522822,0.0762234,0.0438883;1.60302,-0.477873,1.58112
-0.515103,0.0826693,0.0533133;1.70558,-0.579777,1.63435
-0.507275,0.0978714,0.0685067;1.58467,-0.679562,1.58606
-0.502526,0.115549,0.0601153;1.30892,-0.500559,1.44046
-0.506672,0.111165,0.0548017;1.38859,-0.509909,1.471
-0.514316,0.106083,0.0424551;1.57711,-0.522012,1.56978
-0.510496,0.109035,0.0429749;1.58621,-0.648908,1.5712
-0.503905,0.112472,0.049919;1.6898,-0.732815,1.6386
-0.496498,0.120968,0.0641602;1.68626,-0.839073,1.64792
-0.485503,0.131224,0.062234;1.38988,-0.696925,1.45051
-0.486305,0.131339,0.0561175;1.3665,-0.690854,1.42129
-0.493963,0.126912,0.0426576;1.57926,-0.701711,1.56621
-0.489873,0.129791,0.042861;1.57594,-0.794583,1.5611
-0.484993,0.131492,0.0472954;1.66354,-0.866895,1.63046
-0.479779,0.134057,0.0602415;1.75852,-0.968801,1.70876
-0.475819,0.135024,0.0675567;1.47771,-0.861838,1.49824
-0.474777,0.134341,0.060832;1.32139,-0.795745,1.37481
-0.479523,0.133799,0.0516333;1.42148,-0.799204,1.44515
-0.482206,0.133612,0.0429822;1.5814,-0.865622,1.56491
-0.47688,0.135704,0.0447794;1.60585,-0.930984,1.58092
-0.47138,0.137672,0.0541219;1.75877,-1.02658,1.70838
-0.465144,0.138595,0.0718007;1.53695,-1.02916,1.53928
-0.462752,0.13525,0.0659174;1.4251,-0.938756,1.45198
-0.465678,0.133025,0.0543553;1.39407,-0.928899,1.42359
-0.470848,0.135134,0.0428883;1.58281,-0.958727,1.56965
-0.464976,0.137163,0.0439259;1.57369,-1.02495,1.55052
-0.457796,0.138838,0.04905;1.69866,-1.1079,1.65895
-0.449853,0.140476,0.0710055;1.65318,-1.22024,1.63829
-0.450725,0.139775,0.0692944;1.53863,-1.12863,1.53559
-0.449452,0.135781,0.0583968;1.34357,-1.06098,1.36104
-0.457034,0.139209,0.042939;1.58818,-1.08556,1.57469
-0.451558,0.140195,0.0430223;1.58428,-1.13643,1.56654
-0.445704,0.1404,0.0467846;1.72014,-1.20652,1.69653
-0.431364,0.138815,0.0670117;2.17115,-1.34072,2.13487
-0.425227,0.143096,0.0723548;1.60406,-1.2982,1.58873
-0.4209,0.142419,0.0621907;1.31566,-1.21379,1.31468
-0.431101,0.144894,0.0435021;1.59482,-1.20372,1.57853
-0.424854,0.146021,0.0430655;1.5989,-1.25442,1.58373
-0.4176,0.146477,0.0438249;1.65616,-1.32243,1.64216
-0.40508,0.142159,0.0632862;2.73021,-1.39027,2.69275
-0.395498,0.141569,0.07131;1.86632,-1.42633,1.85555
-0.393113,0.142859,0.0647621;1.36567,-1.35536,1.35751
-0.396271,0.142961,0.0487356;1.35622,-1.33094,1.33482
-0.393605,0.144264,0.0432847;1.59935,-1.39396,1.58433
-0.388779,0.143838,0.0432946;1.65252,-1.46029,1.63497
-0.388779,0.143838,0.0432946;1.65252,-1.46029,1.63497
-0.385302,0.141954,0.0486615;2.55021,-1.48642,2.53095
-0.385302,0.141954,0.0486615;2.55021,-1.48642,2.53095
