-0.125,0.125,0.06;-1.57,-2.98023e-08,-1.57
-0.125,0.125,0.06;-1.57,-2.98023e-08,-1.57
-0.125,0.125,0.06;-1.57,-2.98023e-08,-1.57
-0.124526,0.129771,0.0423454;-1.56991,-0.160742,-1.57026
-0.123773,0.130691,0.0425649;-1.57108,-0.0983868,-1.56299
-0.126372,0.125506,0.046007;-1.57233,0.00563318,-1.54874
-0.127408,0.0891775,0.0581177;-1.41303,0.107896,-1.55311
-0.129215,0.0961746,0.0422842;-1.57017,-0.0630931,-1.57084
-0.129912,0.0960657,0.0423419;-1.5703,-0.0973352,-1.57083
-0.13006,0.0960296,0.0423296;-1.57085,-0.102387,-1.5708
-0.13019,0.0913326,0.0424798;-1.57069,0.0668949,-1.57552
-0.131398,0.0836222,0.0485757;-1.56708,0.164034,-1.57683
-0.13168,0.0682969,0.0677018;-1.52745,0.254413,-1.57439
-0.130841,0.0711894,0.054792;-1.55337,0.149473,-1.5839
-0.128551,0.0830355,0.0447602;-1.60652,0.0760748,-1.57632
-0.12806,0.0826136,0.0427624;-1.57603,0.0649396,-1.57891
-0.129947,0.0794357,0.0424429;-1.57077,0.146544,-1.57437
-0.129797,0.0779944,0.0441494;-1.5628,0.229216,-1.55823
-0.13307,0.0573938,0.0549881;-1.47053,0.360443,-1.56946
-0.135359,0.0310813,0.0600424;-1.39421,0.373447,-1.58867
-0.134386,0.0425748,0.0511085;-1.46977,0.27536,-1.58219
-0.131823,0.0508405,0.0424172;-1.57066,0.167016,-1.56714
-0.131939,0.0503445,0.0423295;-1.57085,0.126356,-1.57076
-0.130828,0.0510718,0.0424868;-1.57008,0.193597,-1.56512
-0.133247,0.0456773,0.0459144;-1.56217,0.298044,-1.5531
-0.13728,0.0225367,0.0562151;-1.44564,0.373788,-1.57948
-0.140496,0.0125828,0.0478295;-1.49882,0.290801,-1.58286
-0.137935,0.0168803,0.0426592;-1.573,0.209799,-1.57859
-0.138014,0.0163703,0.0431937;-1.57992,0.213187,-1.58306
-0.140444,0.0108011,0.0434277;-1.57746,0.261865,-1.58638
-0.144736,-0.00134173,0.0618282;-1.59342,0.435229,-1.5757
-0.147727,-0.0102093,0.0723175;-1.53351,0.481018,-1.57887
-0.149391,-0.010733,0.0643091;-1.52848,0.407139,-1.5853
-0.144023,0.00392088,0.0423324;-1.57059,0.231876,-1.57079
-0.144551,0.00416831,0.0423303;-1.57069,0.211898,-1.57084
-0.144263,0.00410709,0.0423996;-1.56854,0.235669,-1.57128
-0.144274,0.00172132,0.0451786;-1.56259,0.404367,-1.55572
-0.152066,-0.0254772,0.057716;-1.42872,0.533454,-1.60011
-0.157346,-0.0465512,0.0614169;-1.36914,0.535406,-1.62397
-0.151805,-0.0310038,0.0424291;-1.5705,0.323109,-1.56532
-0.152398,-0.0314054,0.0425056;-1.56491,0.260279,-1.57229
-0.152716,-0.0311539,0.0423361;-1.57046,0.250766,-1.5714
-0.152356,-0.0335489,0.042633;-1.56976,0.419959,-1.56713
-0.158601,-0.0480253,0.055268;-1.5498,0.523244,-1.57773
-0.163693,-0.0675649,0.0715455;-1.46825,0.58144,-1.60564
-0.149463,-0.0572041,0.0476272;-1.63884,0.419258,-1.55902
-0.146485,-0.0553382,0.0432123;-1.5781,0.384232,-1.58348
-0.147797,-0.0561418,0.043082;-1.57938,0.394048,-1.58214
-0.155642,-0.0649306,0.0429329;-1.57489,0.534754,-1.58063
-0.160806,-0.0719812,0.0503835;-1.51269,0.638225,-1.5933
-0.169975,-0.093467,0.0622354;-1.38574,0.751289,-1.64951
-0.175275,-0.10096,0.0426037;-1.56431,0.618882,-1.5712
-0.174388,-0.101335,0.0423269;-1.57164,0.548108,-1.56981
-0.174825,-0.101156,0.0423108;-1.57132,0.523265,-1.57054
-0.171897,-0.100665,0.0426029;-1.57074,0.649541,-1.56201
-0.178872,-0.107205,0.0477526;-1.53269,0.761957,-1.57336
-0.194998,-0.133975,0.0611519;-1.33342,0.886072,-1.70017
-0.19542,-0.141178,0.046555;-1.51298,0.81668,-1.59724
-0.189488,-0.137186,0.042366;-1.57066,0.729661,-1.56833
-0.189683,-0.136249,0.0423606;-1.57169,0.666087,-1.57207
-0.191645,-0.138025,0.0429001;-1.57541,0.698764,-1.58226
-0.197173,-0.144057,0.0498876;-1.61762,0.78118,-1.55847
-0.203818,-0.154649,0.0668017;-1.55328,0.878759,-1.59489
-0.200464,-0.148164,0.0629029;-1.59284,0.841717,-1.56022
-0.19058,-0.138451,0.0485803;-1.69141,0.759828,-1.49506
-0.187644,-0.140042,0.04261;-1.57187,0.697614,-1.57804
-0.189013,-0.141192,0.0423477;-1.57081,0.730489,-1.57133
-0.187644,-0.14111,0.0424901;-1.57124,0.802186,-1.56509
-0.193933,-0.145457,0.0461397;-1.532,0.903839,-1.58428
-0.225883,-0.183885,0.0625016;-1.24924,1.01204,-1.78746
-0.225251,-0.181565,0.0558958;-1.34757,0.89963,-1.71725
-0.216248,-0.173534,0.0426379;-1.57503,0.803156,-1.55792
-0.218713,-0.175339,0.0423289;-1.57074,0.68251,-1.57086
-0.217909,-0.175728,0.0423523;-1.57112,0.741704,-1.56879
-0.217076,-0.175189,0.0433341;-1.56411,0.827179,-1.56507
-0.24874,-0.214874,0.0639211;-1.21214,1.01298,-1.81844
-0.251483,-0.218182,0.0626033;-1.34488,0.926097,-1.7349
-0.236923,-0.21004,0.0474079;-1.55716,0.861358,-1.59225
-0.231002,-0.210493,0.0430421;-1.58561,0.828477,-1.57269
-0.24128,-0.215337,0.0441429;-1.57641,0.914191,-1.59079
-0.246275,-0.218609,0.0451908;-1.57923,0.988815,-1.5842
-0.264981,-0.230327,0.0702672;-1.35476,1.16221,-1.74457
-0.271972,-0.232687,0.0637855;-1.36897,1.07932,-1.72897
-0.26608,-0.226026,0.0441727;-1.51416,1.0107,-1.614
-0.265375,-0.224988,0.0423297;-1.57067,0.875179,-1.57095
-0.263793,-0.22543,0.042342;-1.57144,0.944824,-1.56994
-0.263052,-0.225526,0.0425998;-1.56951,0.989553,-1.56391
-0.30182,-0.25483,0.0618171;-1.10104,1.20784,-1.95754
-0.313122,-0.263348,0.0594882;-1.13714,1.16959,-1.93104
-0.301065,-0.256761,0.0468137;-1.47115,1.14489,-1.64544
-0.295981,-0.255224,0.0423947;-1.56677,1.00448,-1.57418
-0.29626,-0.255828,0.0423374;-1.571,1.02868,-1.57021
-0.296941,-0.256027,0.0423943;-1.57119,1.04548,-1.57252
-0.318123,-0.272109,0.064844;-1.34839,1.22983,-1.7771
-0.319441,-0.272647,0.066037;-1.4331,1.18216,-1.6987
-0.304099,-0.26359,0.0605115;-1.63213,1.17768,-1.5201
-0.288837,-0.263296,0.0429057;-1.58615,1.06347,-1.5682
-0.294616,-0.264062,0.0429697;-1.58952,1.09683,-1.56595
-0.298253,-0.264209,0.0426433;-1.57043,1.1702,-1.58095
-0.30373,-0.266173,0.0433354;-1.53499,1.25725,-1.6032
-0.342043,-0.287699,0.0624111;-0.686258,1.36994,-2.38525
-0.343039,-0.29025,0.0571003;-0.966261,1.31811,-2.12256
-0.327575,-0.287417,0.04251;-1.62257,1.26631,-1.51409
-0.329815,-0.288601,0.0423281;-1.57071,1.14142,-1.57091
-0.328384,-0.289445,0.0423389;-1.57029,1.20348,-1.5708
-0.326403,-0.289381,0.0431081;-1.5663,1.27878,-1.56358
-0.368856,-0.30538,0.0634102;-0.269632,1.41132,-2.80376
-0.377526,-0.312819,0.0617338;-0.395572,1.38405,-2.68399
-0.364374,-0.313119,0.0432734;-1.45407,1.41887,-1.67986
-0.360632,-0.314761,0.0425817;-1.57075,1.34165,-1.57883
-0.3652,-0.314999,0.0438258;-1.61104,1.38142,-1.55181
-0.371596,-0.315233,0.0447317;-1.63502,1.44017,-1.52902
-0.391726,-0.318906,0.0730138;0.671987,1.51336,2.47186
-0.386086,-0.313904,0.0708312;-0.709406,1.54557,-2.42642
-0.358891,-0.308879,0.0493121;-2.40018,1.45578,-0.75256
-0.356204,-0.312157,0.0424313;-1.57016,1.41086,-1.57462
-0.357063,-0.312405,0.0423582;-1.56379,1.43512,-1.57781
-0.355678,-0.313153,0.0423869;-1.56949,1.49959,-1.57031
-0.391568,-0.317156,0.0570978;0.8824,1.37333,2.2874
-0.413398,-0.320313,0.0619361;0.741945,1.34057,2.44384
-0.400031,-0.320396,0.0569728;0.555357,1.41588,2.62429
-0.383905,-0.323184,0.0425182;-1.54124,1.44934,-1.59754
-0.385257,-0.321722,0.0423255;-1.57005,1.39522,-1.57165
-0.385498,-0.321892,0.0423252;-1.571,1.42363,-1.57003
-0.400156,-0.324521,0.0507293;0.518091,1.50864,2.63418
-0.426344,-0.330542,0.0659137;0.724524,1.4067,2.43909
-0.425438,-0.329436,0.0653616;0.484743,1.47923,2.6733
-0.396284,-0.336509,0.0459694;-2.19119,1.47198,-0.958077
-0.398943,-0.336561,0.043145;-1.66669,1.48199,-1.49111
-0.404895,-0.334563,0.0457956;-1.76527,1.51587,-1.40935
-0.420201,-0.331476,0.0482441;1.41181,1.48035,1.71469
-0.433399,-0.331642,0.0616527;1.17517,1.36762,1.97292
-0.442939,-0.330958,0.0646103;1.09285,1.33291,2.07741
-0.426157,-0.331874,0.0427886;1.67116,1.52597,1.48241
-0.428825,-0.332241,0.0424867;-1.45665,1.53188,-1.68409
-0.429206,-0.33127,0.0423292;-1.56956,1.50243,-1.57206
-0.426854,-0.332865,0.0433472;1.53015,1.5108,1.62382
-0.443506,-0.33128,0.0515661;1.25924,1.36179,1.90715
-0.474693,-0.333472,0.063584;1.07928,1.22613,2.10201
-0.463587,-0.340926,0.044654;1.45753,1.39126,1.69444
-0.461853,-0.343065,0.0423997;1.57225,1.48408,1.5716
-0.461653,-0.341654,0.0423556;1.57143,1.53522,1.56924
-0.467166,-0.339562,0.0429081;1.59277,1.42775,1.53641
-0.4803,-0.338792,0.0555257;1.4558,1.32812,1.67233
-0.495474,-0.339298,0.0722211;1.35065,1.25712,1.78673
-0.458564,-0.343964,0.0518202;2.09353,1.33725,1.04746
-0.454657,-0.349071,0.0444964;1.83397,1.42869,1.30611
-0.456907,-0.348319,0.042757;1.59089,1.43493,1.54022
-0.462928,-0.344765,0.0424982;1.57068,1.33035,1.56573
-0.471727,-0.342781,0.0456824;1.46858,1.232,1.67664
-0.500187,-0.339122,0.0575075;1.2841,1.08634,1.86344
-0.501289,-0.339042,0.0554737;1.26865,1.17583,1.89312
-0.483827,-0.346336,0.0428953;1.59316,1.30318,1.56192
-0.48686,-0.345115,0.0424863;1.55744,1.38929,1.58663
-0.487482,-0.343775,0.04233;1.57045,1.42003,1.5711
-0.487926,-0.344627,0.0429587;1.54465,1.34803,1.60156
-0.507742,-0.340593,0.0511759;1.34711,1.21693,1.80138
-0.541024,-0.335022,0.0583694;1.16437,1.17681,1.99549
-0.519359,-0.343555,0.0469736;1.59145,1.27608,1.56165
-0.515924,-0.348427,0.0426091;1.59259,1.30766,1.54656
-0.521572,-0.345079,0.0452497;1.6003,1.29582,1.51259
-0.525794,-0.342643,0.0449159;1.60566,1.24352,1.51196
-0.53505,-0.338666,0.0528496;1.60498,1.15221,1.51606
-0.549148,-0.33027,0.0701335;1.46038,1.08311,1.68401
-0.53407,-0.332323,0.0569273;1.51717,1.14234,1.63091
-0.523461,-0.337451,0.0426756;1.59685,1.23104,1.54877
-0.525591,-0.336278,0.0423304;1.57069,1.30796,1.57094
-0.525119,-0.337032,0.0423557;1.57004,1.2601,1.57234
-0.524818,-0.338278,0.0434424;1.55864,1.17663,1.5936
-0.572008,-0.325531,0.0629958;1.29226,0.933478,1.85857
-0.573194,-0.325553,0.0606946;1.27537,0.986361,1.87297
-0.552945,-0.33656,0.04342;1.55799,1.09525,1.59433
-0.553067,-0.337664,0.0423291;1.57071,1.19906,1.57084
-0.553791,-0.33787,0.042317;1.57182,1.1581,1.56995
-0.554585,-0.338443,0.0424815;1.561,1.08681,1.58016
-0.586009,-0.326524,0.0674046;1.39395,0.896053,1.72914
-0.583609,-0.327392,0.0690027;1.48772,0.971573,1.64569
-0.558355,-0.346677,0.0515949;1.74756,0.992534,1.40807
-0.557576,-0.351953,0.0430962;1.5856,1.06158,1.54271
-0.562504,-0.345281,0.0445938;1.57991,1.0112,1.53662
-0.566601,-0.340459,0.0435461;1.57685,0.960745,1.54737
-0.566601,-0.340459,0.0435461;1.57685,0.960745,1.54737
-0.576021,-0.333432,0.0481756;1.4905,0.861355,1.62388
-0.576021,-0.333432,0.0481756;1.4905,0.861355,1.62388
