0.5,-0.3,0.06;-1.57,-2.98023e-08,-1.57
0.5,-0.3,0.06;-1.57,-2.98023e-08,-1.57
0.5,-0.3,0.06;-1.57,-2.98023e-08,-1.57
0.500301,-0.293007,0.02989;-1.5728,-0.229928,-1.59579
0.500446,-0.295597,0.029033;-1.56625,-0.176437,-1.58717
0.500843,-0.296416,0.0306238;-1.53088,-0.0393087,-1.5601
0.501405,-0.289717,0.0324582;-1.53341,0.0437289,-1.54009
0.502074,-0.289201,0.0290519;-1.56669,-0.177548,-1.58956
0.502174,-0.286478,0.0290051;-1.57652,-0.260322,-1.58718
0.502765,-0.285144,0.0290294;-1.5771,-0.291889,-1.58782
0.501992,-0.289093,0.0290629;-1.5605,-0.184165,-1.58194
0.502521,-0.285557,0.0310454;-1.53003,-0.0704799,-1.5587
0.49908,-0.275108,0.0343416;-1.56986,0.0798203,-1.51255
0.502924,-0.275909,0.030093;-1.56152,-0.0409671,-1.55353
0.503014,-0.276972,0.0286685;-1.57327,-0.146923,-1.578
0.501832,-0.27629,0.0288735;-1.56928,-0.232268,-1.58205
0.502619,-0.277166,0.0288953;-1.56797,-0.175358,-1.58352
0.503908,-0.276367,0.0294854;-1.55388,-0.0835338,-1.56567
0.503874,-0.273134,0.0312414;-1.56929,0.0311619,-1.53658
0.504235,-0.269103,0.0323315;-1.58669,0.0555191,-1.52318
0.507834,-0.271362,0.0291122;-1.56516,-0.04991,-1.56554
0.507404,-0.271784,0.0288969;-1.56992,-0.160971,-1.58506
0.50595,-0.27069,0.0288519;-1.57056,-0.23578,-1.58368
0.506525,-0.271872,0.0288159;-1.57136,-0.175985,-1.58268
0.507053,-0.271392,0.0293573;-1.56107,-0.0735824,-1.56478
0.507691,-0.268043,0.0305556;-1.57003,-0.015413,-1.54339
0.509885,-0.266272,0.0285803;-1.57122,-0.0825802,-1.57119
0.508599,-0.264225,0.0288704;-1.57545,-0.248506,-1.58233
0.508859,-0.264097,0.0288793;-1.57472,-0.243451,-1.58304
0.509077,-0.26516,0.0288948;-1.56975,-0.20907,-1.58519
0.509359,-0.262217,0.0306073;-1.57668,-0.0112583,-1.54359
0.506351,-0.257088,0.0329523;-1.59539,0.0781433,-1.51598
0.509891,-0.256462,0.0312034;-1.58533,0.00662242,-1.53819
0.511456,-0.260567,0.0289657;-1.5649,-0.192964,-1.58252
0.512211,-0.258714,0.0288589;-1.57245,-0.247166,-1.58274
0.512062,-0.259424,0.0288708;-1.57311,-0.217874,-1.58286
0.512796,-0.253257,0.0300651;-1.56806,-0.0282475,-1.55061
0.508087,-0.247608,0.032654;-1.59363,0.0839891,-1.51745
0.508062,-0.248544,0.0326851;-1.59617,0.0863338,-1.5188
0.513229,-0.252326,0.0288625;-1.57055,-0.106933,-1.58415
0.513061,-0.250958,0.0288515;-1.57306,-0.173918,-1.58248
0.513376,-0.250557,0.0288815;-1.57262,-0.192662,-1.58354
0.512673,-0.250627,0.0287612;-1.5639,-0.0488626,-1.57108
0.510605,-0.244741,0.0308479;-1.58398,0.0785463,-1.54013
0.506506,-0.245958,0.0322287;-1.59551,0.172957,-1.51936
0.513434,-0.245191,0.0288037;-1.57081,-0.0157474,-1.58172
0.512039,-0.243433,0.0290179;-1.56673,-0.125593,-1.58523
0.512934,-0.245968,0.029793;-1.57286,-0.174214,-1.59466
0.511548,-0.249178,0.0288006;-1.57059,-0.059488,-1.5811
0.509284,-0.246853,0.0296969;-1.57822,0.0671283,-1.55793
0.503741,-0.245276,0.0327414;-1.60664,0.1919,-1.52339
0.511424,-0.24104,0.0289143;-1.57303,0.00519814,-1.5843
0.512614,-0.240075,0.0299042;-1.56789,-0.0817844,-1.59568
0.514962,-0.245454,0.0310731;-1.57385,-0.169124,-1.61063
0.511369,-0.251274,0.0290504;-1.57371,-0.0334264,-1.58406
0.508707,-0.247808,0.0301078;-1.59738,0.108123,-1.56483
0.503388,-0.247259,0.0345659;-1.67403,0.231737,-1.53048
0.511038,-0.241026,0.0310842;-1.62573,0.084447,-1.57121
0.5148,-0.238324,0.0301351;-1.57143,-0.0145018,-1.60267
0.517416,-0.241762,0.0318288;-1.58149,-0.113332,-1.61693
0.514617,-0.247658,0.0302746;-1.57046,-0.0232321,-1.60365
0.511636,-0.24956,0.0316359;-1.63516,0.0799559,-1.56899
0.50739,-0.246346,0.0341286;-1.6742,0.212357,-1.54155
0.510826,-0.243697,0.0350772;-1.70351,0.170691,-1.54986
0.516137,-0.240476,0.0331793;-1.64051,0.0682996,-1.58908
0.519991,-0.238274,0.0317609;-1.57187,-0.0405353,-1.6211
0.520485,-0.239988,0.0321473;-1.57598,-0.0698384,-1.62549
0.518486,-0.24409,0.0323345;-1.62848,-0.000312597,-1.59849
0.514006,-0.247932,0.0348867;-1.70227,0.11546,-1.56017
0.508977,-0.250237,0.0384398;-1.77695,0.210915,-1.53198
0.51382,-0.245613,0.0371737;-1.73487,0.117823,-1.57029
0.518837,-0.243525,0.0337806;-1.61799,-0.00950753,-1.61512
0.521799,-0.244995,0.0341149;-1.59673,-0.150193,-1.63945
0.521091,-0.24763,0.0330658;-1.59279,-0.0950608,-1.62989
0.517334,-0.252041,0.0340566;-1.6603,0.0228613,-1.58963
0.508434,-0.256513,0.038983;-1.78705,0.207312,-1.5303
0.513153,-0.25115,0.0391402;-1.77472,0.121343,-1.56609
0.518681,-0.247334,0.0361859;-1.69355,-0.0221648,-1.59858
0.522646,-0.248143,0.0344432;-1.60097,-0.197912,-1.64378
0.521793,-0.249549,0.0340987;-1.60827,-0.150991,-1.63264
0.519006,-0.254161,0.0342046;-1.6546,-0.0436831,-1.60098
0.509823,-0.258088,0.0386971;-1.77985,0.179977,-1.53684
0.51331,-0.252961,0.0391056;-1.7663,0.114174,-1.56406
0.519096,-0.247834,0.035941;-1.70105,-0.02229,-1.59965
0.522616,-0.249958,0.0344923;-1.60301,-0.226998,-1.64403
0.521992,-0.251399,0.0334006;-1.59973,-0.187185,-1.63393
0.51897,-0.257161,0.0327562;-1.57768,-0.0665055,-1.62361
0.511885,-0.255085,0.0379455;-1.76464,0.175289,-1.54032
0.515057,-0.250822,0.0381718;-1.75451,0.116717,-1.55947
0.520599,-0.245938,0.035611;-1.70284,-0.00802233,-1.58435
0.525083,-0.248566,0.0348292;-1.59379,-0.201179,-1.64681
0.524718,-0.250775,0.0326401;-1.58127,-0.169966,-1.62976
0.521242,-0.257174,0.0318112;-1.57553,-0.0739185,-1.62209
0.516046,-0.251544,0.0359469;-1.72208,0.187484,-1.54284
0.519172,-0.24755,0.0371026;-1.74438,0.135953,-1.55071
0.520561,-0.247872,0.0356959;-1.71665,0.104575,-1.55804
0.528486,-0.244045,0.0321542;-1.57713,-0.126596,-1.62318
0.530147,-0.251061,0.0322606;-1.60261,-0.226652,-1.61787
0.527622,-0.256722,0.0312796;-1.57274,-0.143246,-1.61499
0.523304,-0.263201,0.0301012;-1.5781,-0.00575078,-1.5922
0.519451,-0.252332,0.0356969;-1.71346,0.197477,-1.53929
0.522892,-0.251472,0.0344496;-1.69229,0.119907,-1.56185
0.527329,-0.249244,0.0300032;-1.56829,-0.0151902,-1.60123
0.531306,-0.249097,0.0318599;-1.58058,-0.211203,-1.61791
0.530517,-0.251582,0.0299716;-1.57993,-0.179755,-1.59701
0.527514,-0.258287,0.0294754;-1.57082,-0.0541724,-1.58689
0.521602,-0.250799,0.0346465;-1.65964,0.223511,-1.52182
0.52544,-0.247408,0.0341275;-1.66436,0.155617,-1.54036
0.529252,-0.252372,0.0289883;-1.57041,0.0130084,-1.58793
0.531091,-0.248763,0.0297818;-1.57606,-0.209244,-1.59276
0.530575,-0.250262,0.0290483;-1.58054,-0.183207,-1.58531
0.528393,-0.253242,0.0289066;-1.57564,-0.0663996,-1.5818
0.520469,-0.246172,0.0332854;-1.61903,0.207004,-1.52004
0.523211,-0.248333,0.0327803;-1.62744,0.154062,-1.53546
0.526695,-0.253776,0.0286506;-1.57093,0.00967434,-1.57436
0.527544,-0.249266,0.0288815;-1.57595,-0.211823,-1.58207
0.527364,-0.25019,0.0289011;-1.57522,-0.184845,-1.58361
0.526907,-0.252229,0.0286214;-1.57031,-0.064363,-1.57289
0.519617,-0.244829,0.0322302;-1.59565,0.184051,-1.52052
0.519502,-0.24733,0.0319512;-1.5948,0.18458,-1.52405
0.523332,-0.251391,0.0294522;-1.57816,0.090037,-1.55622
0.523457,-0.250115,0.0287812;-1.57347,-0.138472,-1.58025
0.523828,-0.24962,0.028794;-1.57299,-0.166206,-1.58198
0.523569,-0.250607,0.028805;-1.57227,-0.115624,-1.58256
0.520373,-0.245308,0.0308351;-1.5869,0.139356,-1.53839
0.516163,-0.246445,0.0323967;-1.60255,0.219549,-1.52094
0.519004,-0.246735,0.0317643;-1.59533,0.179828,-1.528
0.521655,-0.249145,0.0289088;-1.56528,-0.0717192,-1.58168
0.521866,-0.247479,0.0287677;-1.5731,-0.168636,-1.58145
0.521727,-0.248012,0.0287723;-1.57398,-0.15713,-1.58043
0.518769,-0.24772,0.02919;-1.57042,0.0604676,-1.56273
0.514511,-0.244211,0.0319446;-1.59396,0.185597,-1.52546
0.513259,-0.24608,0.0324782;-1.60236,0.206579,-1.51865
0.518534,-0.249236,0.0287184;-1.57066,0.00257027,-1.58057
0.517414,-0.247823,0.0288032;-1.57011,-0.114216,-1.57995
0.517972,-0.24686,0.0288544;-1.57312,-0.164408,-1.58223
0.516409,-0.248991,0.0286448;-1.56866,-0.00195921,-1.5719
0.514666,-0.244388,0.0305019;-1.5837,0.12048,-1.54151
0.509971,-0.245471,0.0319444;-1.60167,0.20689,-1.52669
0.516704,-0.246146,0.0286476;-1.57083,0.0254423,-1.57383
0.51537,-0.244765,0.0288595;-1.56577,-0.10407,-1.58177
0.515437,-0.24528,0.0288979;-1.57369,-0.163306,-1.58344
0.513886,-0.248409,0.0286662;-1.57173,-0.0295515,-1.57396
0.511586,-0.245986,0.0298033;-1.57951,0.0902281,-1.55209
0.507233,-0.24499,0.031922;-1.59833,0.195799,-1.52539
0.513992,-0.24961,0.0286305;-1.57069,0.0305946,-1.5735
0.51301,-0.247954,0.0289633;-1.56386,-0.0902982,-1.58159
0.51367,-0.246419,0.0288267;-1.57267,-0.17826,-1.58092
0.512373,-0.249078,0.0286415;-1.57177,-0.0456745,-1.57272
0.510481,-0.246547,0.029862;-1.58017,0.0669274,-1.55004
0.506591,-0.24608,0.0319624;-1.59101,0.177601,-1.52108
0.509477,-0.252818,0.0289515;-1.56517,0.0470726,-1.5647
0.509199,-0.251993,0.028883;-1.57048,-0.089549,-1.58498
0.509566,-0.249717,0.0289937;-1.57974,-0.189413,-1.5835
0.508601,-0.252108,0.0288963;-1.57045,-0.111554,-1.58588
0.507371,-0.254056,0.0286721;-1.57523,0.00533148,-1.57114
0.504887,-0.250856,0.0305855;-1.59095,0.120302,-1.54264
0.506671,-0.249887,0.0311791;-1.60391,0.118724,-1.54413
0.508961,-0.252774,0.0288849;-1.57143,-0.00723604,-1.58477
0.509439,-0.248945,0.0290609;-1.56944,-0.122704,-1.58804
0.510846,-0.24944,0.0295012;-1.58087,-0.176056,-1.59049
0.50801,-0.254644,0.0290628;-1.57644,-0.0903548,-1.5887
0.505862,-0.256708,0.029174;-1.58683,0.0418655,-1.56959
0.502545,-0.252631,0.0340683;-1.67214,0.152943,-1.544
0.506873,-0.251569,0.0316414;-1.63432,0.0669418,-1.57249
0.50995,-0.248533,0.0299067;-1.56928,-0.0487232,-1.59915
0.512612,-0.245626,0.0312499;-1.58996,-0.177846,-1.60874
0.510701,-0.250257,0.0304962;-1.58131,-0.120843,-1.60476
0.506058,-0.257666,0.0296243;-1.58511,-0.00740183,-1.58822
0.501507,-0.251148,0.0353992;-1.70667,0.202323,-1.53938
0.505754,-0.246478,0.0355303;-1.69309,0.132731,-1.55618
0.508881,-0.24761,0.0316181;-1.60591,0.0159088,-1.60278
0.512932,-0.245668,0.032614;-1.59276,-0.183601,-1.62474
0.512025,-0.248441,0.0317929;-1.58905,-0.159738,-1.61585
0.508347,-0.256663,0.0312688;-1.60119,-0.0462436,-1.60319
0.501012,-0.255635,0.0363462;-1.73258,0.163579,-1.54675
0.504425,-0.251473,0.0376167;-1.75064,0.101347,-1.55971
0.508847,-0.248574,0.0347458;-1.68008,-0.00698676,-1.59651
0.512435,-0.24806,0.0335208;-1.60763,-0.221554,-1.63135
0.511267,-0.250973,0.0329596;-1.60797,-0.184233,-1.62246
0.507162,-0.25858,0.0327085;-1.62396,-0.0767654,-1.60581
0.507162,-0.25858,0.0327085;-1.62396,-0.0767654,-1.60581
0.503615,-0.262975,0.0351109;-1.70089,0.0336641,-1.57383
0.503615,-0.262975,0.0351109;-1.70089,0.0336641,-1.57383
