0.5,-0.3,0.06;-1.57,-2.98023e-08,-1.57
0.5,-0.3,0.06;-1.57,-2.98023e-08,-1.57
0.5,-0.3,0.06;-1.57,-2.98023e-08,-1.57
0.499172,-0.295209,0.0288721;-1.56957,-0.25979,-1.58376
0.500243,-0.295886,0.0290014;-1.56024,-0.191044,-1.57854
0.500683,-0.286902,0.0300144;-1.562,-0.0617311,-1.55309
0.498468,-0.27784,0.0316747;-1.58576,0.00265429,-1.53118
0.500653,-0.281893,0.028883;-1.56967,-0.210767,-1.58438
0.50105,-0.279779,0.0290656;-1.58124,-0.302147,-1.58744
0.50294,-0.276748,0.0292302;-1.58783,-0.358564,-1.59221
0.498987,-0.287402,0.0304928;-1.57022,-0.187766,-1.60682
0.500178,-0.283275,0.031702;-1.57081,-0.0206084,-1.58666
0.496942,-0.265815,0.0367914;-1.73041,0.136886,-1.5438
0.501704,-0.261557,0.0347976;-1.70069,0.040015,-1.569
0.505513,-0.26178,0.0301142;-1.57473,-0.068496,-1.59952
0.506684,-0.258289,0.0308536;-1.58396,-0.152423,-1.60372
0.506079,-0.25944,0.02892;-1.57121,-0.100395,-1.58682
0.50422,-0.259726,0.0287481;-1.57777,0.0157124,-1.56927
0.501268,-0.252165,0.0307011;-1.59217,0.155018,-1.53793
0.50049,-0.250558,0.032397;-1.59324,0.19172,-1.5185
0.504474,-0.255274,0.029226;-1.57576,0.0789197,-1.55825
0.504321,-0.25729,0.0287257;-1.57055,-0.0360022,-1.57774
0.50366,-0.255563,0.0287753;-1.57078,-0.137844,-1.58008
0.503046,-0.256594,0.0286351;-1.57026,-0.0545848,-1.57342
0.501649,-0.254017,0.0291081;-1.57802,0.0780706,-1.56077
0.499795,-0.25098,0.0305491;-1.59775,0.159435,-1.54665
0.503631,-0.250069,0.02962;-1.58972,0.0816406,-1.57988
0.511988,-0.244698,0.0331262;-1.59636,-0.149791,-1.62866
0.512194,-0.247333,0.0334407;-1.5923,-0.178057,-1.63406
0.510399,-0.250848,0.0308431;-1.5812,-0.128028,-1.6093
0.499746,-0.255194,0.0298909;-1.59817,0.153604,-1.55938
0.497426,-0.251411,0.0329543;-1.62882,0.239821,-1.52967
0.499641,-0.254114,0.030415;-1.57955,0.187241,-1.54061
0.499733,-0.256519,0.0287068;-1.57066,-0.113929,-1.57679
0.501481,-0.25418,0.0286918;-1.57062,-0.224881,-1.576
0.500992,-0.254792,0.0287834;-1.57704,-0.200095,-1.57592
0.498227,-0.254995,0.0289561;-1.57462,0.0456782,-1.56058
0.49425,-0.250516,0.031423;-1.58524,0.171647,-1.5297
0.493529,-0.250508,0.0319012;-1.59036,0.198144,-1.52469
0.496632,-0.254154,0.0289134;-1.57068,-0.083709,-1.58651
0.499329,-0.249425,0.0292398;-1.5889,-0.203994,-1.58879
0.500065,-0.25002,0.0299176;-1.59852,-0.21662,-1.59137
0.493181,-0.260646,0.0307803;-1.61707,-0.019856,-1.58113
0.489816,-0.260866,0.0319483;-1.6404,0.121163,-1.5633
0.487467,-0.253649,0.0357268;-1.6956,0.234144,-1.52968
0.494955,-0.248475,0.0290752;-1.5751,0.0200037,-1.58832
0.495878,-0.245323,0.0290385;-1.57814,-0.115585,-1.5861
0.496944,-0.247801,0.0293423;-1.57403,-0.184017,-1.58836
0.496699,-0.25061,0.02858;-1.57071,-0.065793,-1.57077
0.494801,-0.247065,0.0296137;-1.57282,0.063981,-1.55184
0.490652,-0.244579,0.0319495;-1.58524,0.184127,-1.52252
0.495629,-0.250489,0.0286679;-1.57078,0.0105942,-1.56662
0.494149,-0.249096,0.0286555;-1.57072,-0.161447,-1.57429
0.49412,-0.250371,0.0288645;-1.56749,-0.219596,-1.58044
0.492796,-0.253498,0.02862;-1.57144,-0.0827898,-1.57231
0.490824,-0.251757,0.0295154;-1.58291,0.0665697,-1.55962
0.48659,-0.250833,0.0333906;-1.63548,0.200183,-1.53128
0.493404,-0.247621,0.0314872;-1.63761,0.0829413,-1.57187
0.498637,-0.242972,0.0298153;-1.57558,-0.0475936,-1.5981
0.500758,-0.244117,0.0320149;-1.59756,-0.127501,-1.61428
0.497238,-0.250071,0.029263;-1.58858,-0.0614651,-1.58688
0.49398,-0.254188,0.0288416;-1.58179,0.0826078,-1.57158
0.49115,-0.255223,0.0308252;-1.58291,0.196642,-1.53957
0.490968,-0.252984,0.0309167;-1.5761,0.20754,-1.53498
0.492459,-0.255523,0.0287622;-1.56746,0.0900738,-1.56568
0.489603,-0.254382,0.0287733;-1.5672,-0.0712225,-1.57618
0.488645,-0.253544,0.0286915;-1.57064,-0.13369,-1.57607
0.488542,-0.25549,0.0286369;-1.56984,-0.0403354,-1.57251
0.488791,-0.25436,0.0295051;-1.56555,0.0619542,-1.55606
0.484987,-0.252395,0.0322083;-1.57492,0.242305,-1.51615
0.488097,-0.252599,0.0297705;-1.57353,0.14734,-1.55204
0.489057,-0.251843,0.0288894;-1.57098,-0.00988887,-1.58566
0.492711,-0.246583,0.030437;-1.59923,-0.178253,-1.59643
0.490458,-0.251466,0.0298109;-1.59188,-0.109696,-1.59095
0.48502,-0.25954,0.029432;-1.58655,0.00303072,-1.58346
0.479856,-0.254205,0.0349327;-1.66729,0.274004,-1.52319
0.482832,-0.251724,0.0338384;-1.62021,0.204451,-1.53331
0.48575,-0.250934,0.0287638;-1.5712,0.0775026,-1.57969
0.484058,-0.247152,0.0287494;-1.57091,-0.190636,-1.57899
0.484263,-0.248191,0.0286764;-1.57052,-0.144252,-1.57531
0.484479,-0.249556,0.0286555;-1.56814,-0.0797927,-1.56944
0.479477,-0.244051,0.032117;-1.58546,0.151844,-1.52204
0.482087,-0.241347,0.0316237;-1.58362,0.118725,-1.53223
0.484518,-0.245443,0.0286965;-1.57019,-0.00107402,-1.5659
0.482133,-0.248482,0.0290095;-1.56162,-0.203281,-1.58049
0.48194,-0.249592,0.0286967;-1.57132,-0.14522,-1.57616
0.480802,-0.252859,0.0286923;-1.57182,-0.0434941,-1.57613
0.476529,-0.255513,0.0334361;-1.63385,0.203919,-1.53275
0.480621,-0.249409,0.0348426;-1.69242,0.176279,-1.54943
0.484486,-0.24642,0.0330074;-1.66141,0.0954532,-1.56882
0.491036,-0.241831,0.0313654;-1.59825,-0.117352,-1.6056
0.490308,-0.244049,0.0291216;-1.58394,-0.100899,-1.58478
0.488345,-0.247642,0.0290837;-1.58344,-0.0322296,-1.58271
0.48326,-0.256413,0.0313957;-1.56885,0.200619,-1.52561
0.48534,-0.253623,0.0318462;-1.57037,0.201089,-1.52677
0.486116,-0.252203,0.0311782;-1.56808,0.196523,-1.53165
0.485211,-0.253879,0.0286584;-1.57056,-0.0274348,-1.57435
0.485537,-0.251298,0.0286765;-1.57574,-0.152483,-1.5714
0.485052,-0.252799,0.028625;-1.57075,-0.105975,-1.57274
0.484638,-0.253513,0.0286561;-1.56976,-0.0206919,-1.56723
0.483375,-0.24726,0.0317692;-1.57098,0.192586,-1.52057
0.485862,-0.245688,0.0301247;-1.57226,0.140893,-1.55307
0.488165,-0.242755,0.0289478;-1.57064,-0.01049,-1.58864
0.49141,-0.24282,0.0307693;-1.59028,-0.157051,-1.6032
0.489532,-0.249464,0.0305546;-1.57988,-0.0991069,-1.60424
0.487184,-0.254651,0.0298952;-1.60329,-0.0146867,-1.57894
0.480438,-0.255663,0.0328751;-1.62912,0.264623,-1.53232
0.48254,-0.252919,0.0327398;-1.61666,0.236014,-1.53779
0.48437,-0.254546,0.0286148;-1.57055,0.0950226,-1.5725
0.485024,-0.250946,0.0287003;-1.57077,-0.116566,-1.57667
0.484623,-0.253669,0.0287375;-1.57,-0.0599483,-1.57778
0.484882,-0.254691,0.0286213;-1.5707,0.0029625,-1.56862
0.481122,-0.253877,0.0326966;-1.57936,0.224034,-1.51165
0.482437,-0.252885,0.0326939;-1.56814,0.235256,-1.51917
0.484492,-0.254292,0.0287177;-1.57075,0.159606,-1.56417
0.483946,-0.253121,0.0286892;-1.5711,-0.0814449,-1.57609
0.483038,-0.255563,0.0290067;-1.58153,-0.0425228,-1.5807
0.48134,-0.259119,0.0289298;-1.57641,0.0374014,-1.5816
0.474053,-0.269236,0.0326178;-1.60841,0.294819,-1.53233
0.47452,-0.262957,0.0351848;-1.65814,0.350237,-1.5211
0.478005,-0.255399,0.0347781;-1.65726,0.254555,-1.54505
0.48579,-0.24834,0.0299462;-1.59335,0.0235377,-1.58557
0.486201,-0.253597,0.0291129;-1.58687,-0.028409,-1.58104
0.484422,-0.259172,0.0287828;-1.57058,0.0152967,-1.58044
0.483232,-0.260217,0.0305536;-1.57172,0.18139,-1.53765
0.479983,-0.261177,0.0332658;-1.58339,0.300598,-1.50557
0.481549,-0.259386,0.0327293;-1.56703,0.306044,-1.5181
0.483632,-0.260315,0.0286724;-1.57074,0.0790091,-1.57526
0.484186,-0.259117,0.0286522;-1.57097,-0.00129765,-1.57437
0.483934,-0.260505,0.0286895;-1.5734,0.0169504,-1.57322
0.48278,-0.261568,0.0288651;-1.57283,0.124013,-1.56113
0.48039,-0.260579,0.0309281;-1.56947,0.231412,-1.53127
0.480454,-0.2605,0.0316566;-1.566,0.300755,-1.52466
0.488523,-0.250873,0.0290195;-1.57145,0.122049,-1.59075
0.491205,-0.250451,0.0311638;-1.59197,0.0389953,-1.60271
0.494297,-0.251563,0.0311033;-1.59701,-0.0248436,-1.60258
0.488074,-0.265052,0.03019;-1.61196,0.14198,-1.57097
0.484617,-0.267002,0.030546;-1.60824,0.26735,-1.55457
0.4807,-0.268149,0.0330533;-1.61447,0.396028,-1.51715
0.483011,-0.268671,0.0285799;-1.5706,0.239746,-1.57112
0.481679,-0.266828,0.028664;-1.57062,0.0820824,-1.57482
0.483077,-0.265613,0.0286445;-1.57116,0.00315729,-1.57347
0.481623,-0.268492,0.0285788;-1.57133,0.124131,-1.56994
0.480989,-0.266537,0.029418;-1.57279,0.224343,-1.55404
0.476901,-0.265866,0.0326716;-1.58695,0.352352,-1.51213
0.480324,-0.266185,0.0287001;-1.5709,0.275251,-1.56504
0.479459,-0.265141,0.0287113;-1.57061,0.114868,-1.57718
0.481496,-0.263193,0.028915;-1.57967,0.00585813,-1.57786
0.476416,-0.2706,0.0293419;-1.59867,0.128997,-1.57335
0.47065,-0.277783,0.0309572;-1.6284,0.250605,-1.55998
0.467355,-0.280444,0.0334573;-1.65087,0.399802,-1.52514
0.474101,-0.266789,0.0339337;-1.67971,0.331246,-1.54479
0.48019,-0.260934,0.0290908;-1.57871,0.19291,-1.58571
0.484466,-0.256437,0.029356;-1.58851,0.0766889,-1.58219
0.484233,-0.259689,0.0287961;-1.57128,0.0839759,-1.58059
0.48383,-0.260854,0.0287577;-1.57204,0.126387,-1.56294
0.482936,-0.25905,0.0303547;-1.57483,0.186019,-1.54021
0.482885,-0.257238,0.0312433;-1.57179,0.22543,-1.52783
0.48349,-0.257929,0.0286798;-1.5699,0.170642,-1.56584
0.482663,-0.256756,0.0287034;-1.56891,0.0398162,-1.57506
0.482211,-0.257446,0.0286983;-1.57065,0.00974542,-1.57646
0.481783,-0.258747,0.0285782;-1.57063,0.0403244,-1.57063
0.481121,-0.258959,0.0290205;-1.56745,0.118793,-1.5555
0.479238,-0.259119,0.0309078;-1.58325,0.23415,-1.53604
0.483122,-0.252062,0.0305752;-1.61969,0.170719,-1.56646
0.488495,-0.246125,0.0299217;-1.57307,0.0519566,-1.59956
0.490854,-0.250015,0.0314024;-1.59414,-0.040951,-1.60721
0.488515,-0.255846,0.0300391;-1.58298,0.0113348,-1.59661
0.484741,-0.261505,0.0293098;-1.60333,0.100598,-1.57115
0.479855,-0.261985,0.0310128;-1.57596,0.316491,-1.52821
0.481641,-0.260745,0.0304686;-1.57682,0.285887,-1.53464
0.482175,-0.262642,0.0285782;-1.57051,0.180867,-1.57136
0.481771,-0.257924,0.0287047;-1.57071,-0.0568591,-1.57667
0.481315,-0.2588,0.0286976;-1.57068,-0.0128397,-1.57648
0.481009,-0.25956,0.0285803;-1.57094,0.0444173,-1.5702
0.478976,-0.255562,0.031471;-1.58184,0.212046,-1.52269
0.481099,-0.253701,0.0313808;-1.57901,0.174774,-1.52704
0.483066,-0.251853,0.0286353;-1.57037,0.108975,-1.56767
0.485081,-0.244973,0.0291511;-1.58163,-0.122246,-1.58927
0.483432,-0.24933,0.0300387;-1.5814,-0.0758557,-1.59655
0.479789,-0.256919,0.0294551;-1.58217,0.0228169,-1.58916
0.479789,-0.256919,0.0294551;-1.58217,0.0228169,-1.58916
0.476574,-0.262968,0.0307262;-1.61902,0.124449,-1.56927
0.476574,-0.262968,0.0307262;-1.61902,0.124449,-1.56927
