0.5,-0.3,0.06;-1.57,-2.98023e-08,-1.57
0.5,-0.3,0.06;-1.57,-2.98023e-08,-1.57
0.5,-0.3,0.06;-1.57,-2.98023e-08,-1.57
0.499149,-0.295792,0.0289403;-1.56812,-0.238472,-1.58559
0.498571,-0.298239,0.0290528;-1.5712,-0.16823,-1.58855
0.498406,-0.294232,0.0311164;-1.53188,-0.0143444,-1.56873
0.497414,-0.282279,0.0363806;-1.72157,0.0597096,-1.56814
0.502197,-0.282575,0.0302811;-1.56948,-0.111322,-1.60355
0.502169,-0.279175,0.0293699;-1.57859,-0.215919,-1.58832
0.503547,-0.277192,0.0289055;-1.57403,-0.270175,-1.5839
0.503021,-0.282055,0.0291473;-1.55743,-0.127674,-1.58243
0.504194,-0.277655,0.0313945;-1.51852,0.00831605,-1.56482
0.502202,-0.266581,0.0340464;-1.55759,0.169691,-1.53202
0.506797,-0.27226,0.0314013;-1.59894,0.119885,-1.58557
0.507518,-0.275821,0.030344;-1.56474,0.0274118,-1.60644
0.507275,-0.271187,0.0305377;-1.57605,-0.0840996,-1.60171
0.508936,-0.271143,0.0290806;-1.56356,-0.0512167,-1.58726
0.50974,-0.27203,0.0294113;-1.55661,0.0800324,-1.57223
0.508494,-0.261844,0.0311212;-1.58003,0.192045,-1.53479
0.507539,-0.260546,0.0323217;-1.59842,0.24201,-1.52954
0.511173,-0.261914,0.031871;-1.62337,0.136875,-1.57803
0.513827,-0.2621,0.0315535;-1.56911,0.0447556,-1.62158
0.516332,-0.255926,0.0295587;-1.57391,-0.0704234,-1.5921
0.516189,-0.257186,0.0289215;-1.56516,-0.00823251,-1.5837
0.514784,-0.255214,0.0293349;-1.56116,0.127268,-1.56715
0.512986,-0.254129,0.0307071;-1.57462,0.200345,-1.54573
0.514355,-0.258311,0.0287534;-1.57237,0.148428,-1.5781
0.516463,-0.261057,0.0328106;-1.58675,-0.00635056,-1.62573
0.516425,-0.263819,0.0326486;-1.57934,-0.0709775,-1.62829
0.517129,-0.262319,0.0307142;-1.57016,-0.0789818,-1.60848
0.5145,-0.253518,0.0304283;-1.57297,0.145508,-1.54482
0.510545,-0.24944,0.0320853;-1.59103,0.246244,-1.52469
0.514583,-0.25378,0.0305446;-1.57877,0.170116,-1.54664
0.515782,-0.258264,0.0303882;-1.57048,0.0247949,-1.6022
0.515716,-0.261178,0.0320933;-1.57968,-0.10644,-1.61949
0.517147,-0.260212,0.0332175;-1.58421,-0.134556,-1.63482
0.517293,-0.248812,0.0291313;-1.57855,-0.00680973,-1.57211
0.512357,-0.242931,0.0311838;-1.58116,0.147879,-1.53689
0.511416,-0.244284,0.0318845;-1.58634,0.169488,-1.52936
0.515029,-0.248636,0.0290353;-1.56736,-0.00921307,-1.58934
0.514636,-0.251336,0.0305038;-1.57797,-0.0629481,-1.60148
0.515757,-0.254245,0.0314955;-1.57671,-0.120486,-1.61618
0.516569,-0.251069,0.0313012;-1.56492,-0.0471024,-1.61572
0.51614,-0.239177,0.0306191;-1.60856,0.043047,-1.57201
0.513522,-0.237691,0.0316404;-1.62003,0.104136,-1.55731
0.515478,-0.243449,0.02895;-1.56254,-0.0257921,-1.58026
0.513747,-0.242219,0.0288836;-1.57127,-0.114395,-1.58497
0.513667,-0.245735,0.0299322;-1.57513,-0.157397,-1.59684
0.514411,-0.247046,0.0313707;-1.56143,-0.108528,-1.61694
0.513673,-0.237145,0.0303171;-1.58905,-0.0267912,-1.58923
0.511011,-0.233036,0.0330919;-1.65313,0.0432559,-1.56568
0.514919,-0.237551,0.0289691;-1.56742,-0.0528987,-1.58601
0.515341,-0.240706,0.0296743;-1.55687,-0.10077,-1.58775
0.515055,-0.24497,0.0289274;-1.56919,-0.149469,-1.58327
0.514957,-0.250288,0.0291559;-1.57493,-0.0792212,-1.59197
0.514986,-0.242095,0.0296961;-1.56824,0.00822142,-1.57943
0.51287,-0.233982,0.0341658;-1.66858,0.057363,-1.5602
0.518586,-0.237843,0.0292923;-1.5774,-0.0523817,-1.5841
0.518929,-0.240134,0.0292875;-1.5697,-0.0886475,-1.5904
0.519554,-0.243338,0.0297672;-1.56068,-0.137891,-1.58918
0.519471,-0.247475,0.0288113;-1.5719,-0.0804701,-1.58611
0.519733,-0.243827,0.0290488;-1.56113,-0.0144697,-1.56774
0.518256,-0.235255,0.0315295;-1.59922,0.0643308,-1.54763
0.521259,-0.232355,0.0358282;-1.65249,0.022555,-1.56787
0.523563,-0.235773,0.0323169;-1.62563,-0.0261146,-1.59527
0.52358,-0.238723,0.0307486;-1.56858,-0.0658063,-1.60632
0.523665,-0.241956,0.028837;-1.57116,-0.106487,-1.58341
0.523428,-0.243408,0.0288776;-1.57243,-0.0532485,-1.58564
0.522073,-0.242745,0.0291448;-1.56731,0.0484835,-1.56798
0.518958,-0.23598,0.0348499;-1.60906,0.0796071,-1.54892
0.523287,-0.232869,0.0362135;-1.61591,0.0116437,-1.58716
0.525784,-0.238442,0.0318061;-1.56527,-0.064346,-1.62499
0.52437,-0.249597,0.0300296;-1.5744,-0.160443,-1.59666
0.523689,-0.25494,0.0289037;-1.56982,-0.0874341,-1.58596
0.524664,-0.255188,0.029287;-1.55137,0.024339,-1.57043
0.520415,-0.242157,0.0327279;-1.59017,0.160722,-1.52324
0.525241,-0.236982,0.0349646;-1.57966,0.0745841,-1.55538
0.53029,-0.236309,0.0313555;-1.61129,-0.0243843,-1.59923
0.529471,-0.245684,0.0320278;-1.59023,-0.12416,-1.61652
0.52767,-0.252147,0.0302051;-1.57019,-0.0615025,-1.60099
0.527991,-0.256199,0.029096;-1.55192,0.034916,-1.57715
0.523186,-0.246048,0.0324629;-1.59357,0.215981,-1.51959
0.526653,-0.243908,0.0316353;-1.55753,0.158062,-1.54452
0.530897,-0.243387,0.0289784;-1.57321,0.049938,-1.58497
0.536456,-0.245321,0.0330439;-1.58989,-0.146157,-1.62951
0.535337,-0.250217,0.0313414;-1.57054,-0.103547,-1.61536
0.534251,-0.255227,0.0299129;-1.5538,0.00375668,-1.58292
0.529574,-0.248926,0.0322435;-1.60178,0.25968,-1.52512
0.533535,-0.248822,0.0306248;-1.58097,0.197034,-1.54612
0.537155,-0.252064,0.0286922;-1.56786,0.0955725,-1.57359
0.540187,-0.246061,0.0311725;-1.58525,-0.150473,-1.60604
0.539509,-0.251908,0.0318396;-1.57157,-0.102229,-1.62342
0.537915,-0.257953,0.0320138;-1.56518,-0.0315781,-1.62391
0.53112,-0.246871,0.0341222;-1.65281,0.231539,-1.52998
0.533202,-0.245801,0.0308623;-1.58715,0.195565,-1.54526
0.534117,-0.245812,0.0304616;-1.58192,0.177862,-1.54883
0.53519,-0.243984,0.0296146;-1.57318,-0.0557185,-1.59162
0.53944,-0.249969,0.0323499;-1.59508,-0.212672,-1.62182
0.537295,-0.255928,0.0318325;-1.56925,-0.126893,-1.62312
0.535642,-0.255513,0.0306047;-1.56175,0.0259981,-1.59291
0.53064,-0.246064,0.0326941;-1.60608,0.211872,-1.52434
0.534378,-0.247886,0.0304587;-1.58489,0.14717,-1.5519
0.536382,-0.250336,0.0288041;-1.57057,0.0151521,-1.58146
0.536649,-0.247521,0.028933;-1.5682,-0.180166,-1.58511
0.535975,-0.250291,0.0298943;-1.57363,-0.156023,-1.5978
0.533613,-0.255154,0.0302166;-1.56752,-0.0347179,-1.59975
0.527214,-0.245763,0.0348597;-1.67167,0.215899,-1.52864
0.52939,-0.248492,0.0318475;-1.62668,0.20892,-1.55224
0.531391,-0.254065,0.0287906;-1.56995,0.0901929,-1.58119
0.53065,-0.250706,0.0288431;-1.56789,-0.141054,-1.58042
0.530843,-0.250714,0.0288587;-1.57204,-0.15465,-1.58271
0.531713,-0.251821,0.0291354;-1.55408,-0.077783,-1.5793
0.524622,-0.243475,0.0354512;-1.68549,0.183949,-1.53292
0.525842,-0.243822,0.0345666;-1.67146,0.171769,-1.54816
0.529504,-0.246942,0.0288675;-1.56797,0.0912102,-1.58197
0.529294,-0.246352,0.0288899;-1.56596,-0.1209,-1.5804
0.529591,-0.245968,0.0289698;-1.57557,-0.145223,-1.58525
0.529964,-0.246898,0.0289548;-1.56464,-0.111803,-1.58233
0.523591,-0.241629,0.0319432;-1.60541,0.151842,-1.5383
0.522629,-0.244443,0.0352557;-1.64118,0.184835,-1.53599
0.526695,-0.242782,0.0340935;-1.66992,0.143716,-1.5724
0.530363,-0.246945,0.0295377;-1.57523,-0.0246889,-1.59072
0.531406,-0.246607,0.0288473;-1.5714,-0.131974,-1.58407
0.531576,-0.246778,0.0288739;-1.56978,-0.144459,-1.58394
0.528804,-0.243534,0.0303658;-1.5786,0.102877,-1.54496
0.524329,-0.244844,0.0326742;-1.60585,0.196307,-1.52463
0.525605,-0.245436,0.0351593;-1.60057,0.195658,-1.55052
0.531746,-0.245553,0.0311137;-1.56807,0.0415363,-1.6125
0.53262,-0.255942,0.030615;-1.56472,-0.0752105,-1.60119
0.533085,-0.256845,0.0289868;-1.57545,-0.118354,-1.58593
0.533241,-0.252056,0.0298869;-1.55031,0.0242958,-1.56359
0.528575,-0.24318,0.0318861;-1.58678,0.167812,-1.52643
0.527012,-0.245696,0.0320416;-1.57898,0.201033,-1.5201
0.533933,-0.247941,0.0303281;-1.56944,0.0618832,-1.6062
0.533904,-0.251068,0.0322868;-1.56867,-0.0124571,-1.61748
0.531961,-0.263818,0.0307675;-1.56451,-0.103035,-1.60174
0.533079,-0.264754,0.0290858;-1.55466,-0.0346582,-1.57447
0.532853,-0.254711,0.0328721;-1.53362,0.119757,-1.54518
0.527352,-0.247118,0.0331674;-1.59317,0.225013,-1.5091
0.533766,-0.250143,0.0288847;-1.57082,0.0487599,-1.58606
0.533987,-0.250114,0.0302882;-1.56867,-0.0198975,-1.60187
0.533904,-0.258214,0.0324851;-1.58513,-0.129154,-1.62032
0.533676,-0.265931,0.0290809;-1.55774,-0.0708438,-1.58146
0.534335,-0.254477,0.0303435;-1.56565,0.03094,-1.55047
0.528426,-0.242954,0.0324662;-1.5954,0.162847,-1.52056
0.533762,-0.244795,0.0287173;-1.57014,0.00371651,-1.57743
0.53259,-0.243485,0.0289396;-1.56915,-0.108712,-1.58485
0.531099,-0.248274,0.0302534;-1.57626,-0.140286,-1.59838
0.530668,-0.256444,0.0308438;-1.56032,-0.0634061,-1.60632
0.530017,-0.248061,0.0299002;-1.5547,0.0342731,-1.56958
0.527611,-0.237971,0.0317238;-1.59624,0.104031,-1.53634
0.532498,-0.238523,0.0286657;-1.56803,0.0632732,-1.5723
0.532344,-0.238873,0.0291251;-1.56461,-0.0126526,-1.59085
0.534189,-0.242894,0.0295305;-1.56899,-0.102875,-1.58894
0.533954,-0.24965,0.0307903;-1.5691,-0.0771883,-1.60875
0.53351,-0.250069,0.0306179;-1.56311,-0.00637607,-1.59725
0.532089,-0.237129,0.0306106;-1.59697,0.0828363,-1.5517
0.533615,-0.237381,0.0310608;-1.56362,0.0833907,-1.55011
0.53554,-0.23945,0.0292312;-1.55692,0.0440272,-1.58106
0.535632,-0.242228,0.0297581;-1.55957,-0.00593761,-1.59145
0.53714,-0.246416,0.0290535;-1.57891,-0.105229,-1.58653
0.536515,-0.252403,0.0291257;-1.57053,-0.0411263,-1.58855
0.535984,-0.250838,0.0311592;-1.54082,0.0669595,-1.57939
0.534794,-0.239435,0.0318309;-1.59875,0.120423,-1.53609
0.53884,-0.238118,0.0291529;-1.57183,0.0694971,-1.56356
0.53921,-0.240312,0.0288589;-1.56909,0.0203407,-1.58313
0.542096,-0.251571,0.028798;-1.57077,-0.118209,-1.58116
0.541916,-0.253633,0.0288886;-1.57014,-0.0934924,-1.58531
0.542356,-0.255524,0.0296478;-1.54898,0.00101289,-1.5716
0.539974,-0.23908,0.0359176;-1.64022,0.121676,-1.53871
0.544817,-0.237621,0.033663;-1.58609,0.063544,-1.56472
0.547989,-0.24321,0.030239;-1.55475,-0.0142615,-1.59442
0.548706,-0.249417,0.0307308;-1.55031,-0.0977119,-1.59452
0.548822,-0.251044,0.0288258;-1.57118,-0.0746821,-1.58198
0.549326,-0.252432,0.0291344;-1.55068,0.00300965,-1.57271
0.542836,-0.245952,0.0328079;-1.62035,0.217031,-1.53271
0.547466,-0.242063,0.0351857;-1.59977,0.151479,-1.5729
0.552296,-0.238024,0.0301694;-1.59345,0.0598496,-1.58761
0.555948,-0.249539,0.0311727;-1.5516,-0.107674,-1.59998
0.556607,-0.250901,0.0288374;-1.57119,-0.110409,-1.5829
0.557289,-0.251523,0.0289259;-1.55601,-0.0563969,-1.57045
0.557289,-0.251523,0.0289259;-1.55601,-0.0563969,-1.57045
0.555872,-0.24539,0.0305261;-1.57748,0.0831255,-1.54314
0.555872,-0.24539,0.0305261;-1.57748,0.0831255,-1.54314
