0.5,-0.3,0.06;-1.57,-2.98023e-08,-1.57
0.5,-0.3,0.06;-1.57,-2.98023e-08,-1.57
0.5,-0.3,0.06;-1.57,-2.98023e-08,-1.57
0.49813,-0.295908,0.0288464;-1.57001,-0.276123,-1.58325
0.498212,-0.296519,0.0290612;-1.56515,-0.22159,-1.58718
0.498335,-0.29092,0.0297954;-1.5746,-0.0526914,-1.57001
0.496847,-0.278708,0.0365757;-1.73283,0.0147861,-1.57071
0.502843,-0.27572,0.0296573;-1.57187,-0.171853,-1.59564
0.504641,-0.271308,0.029088;-1.58447,-0.2681,-1.58554
0.505847,-0.270095,0.0288864;-1.57486,-0.320033,-1.58271
0.503175,-0.274644,0.0289584;-1.5712,-0.162975,-1.58826
0.503802,-0.270809,0.0299213;-1.57221,0.00921748,-1.57299
0.501743,-0.259178,0.0354378;-1.69743,0.161494,-1.54168
0.50719,-0.254403,0.0359161;-1.71741,0.0647042,-1.56644
0.510798,-0.253932,0.0315164;-1.60261,-0.0459843,-1.60679
0.512031,-0.251213,0.0305238;-1.58169,-0.141377,-1.60034
0.511556,-0.252642,0.0288638;-1.57093,-0.100489,-1.58431
0.510077,-0.253082,0.0287335;-1.57573,0.0444773,-1.57174
0.506932,-0.247007,0.0320391;-1.62338,0.16606,-1.5458
0.507367,-0.246439,0.0364274;-1.73337,0.183598,-1.5436
0.51123,-0.244988,0.0347755;-1.69393,0.0980896,-1.56587
0.515313,-0.243627,0.0293038;-1.5697,-0.0252907,-1.59359
0.515983,-0.243728,0.0292331;-1.56616,-0.110626,-1.58621
0.515199,-0.245294,0.0288679;-1.57122,-0.0411795,-1.58425
0.511823,-0.24675,0.0288343;-1.57787,0.0941083,-1.56965
0.510542,-0.245802,0.0322747;-1.63696,0.1546,-1.55274
0.514819,-0.245985,0.0321453;-1.62959,0.0713229,-1.5851
0.521497,-0.246817,0.0328825;-1.58301,-0.161126,-1.6296
0.522312,-0.24998,0.0324165;-1.56073,-0.202008,-1.62146
0.522517,-0.250772,0.0288517;-1.57068,-0.158736,-1.58401
0.517513,-0.247403,0.0308329;-1.60998,0.129047,-1.55305
0.51369,-0.246171,0.0357296;-1.69632,0.209878,-1.52915
0.518168,-0.246125,0.0355673;-1.71394,0.138085,-1.55482
0.526783,-0.242245,0.0331472;-1.57522,-0.0921514,-1.63662
0.528754,-0.249118,0.0336356;-1.58121,-0.204602,-1.63616
0.528832,-0.250365,0.0306981;-1.58529,-0.208898,-1.60353
0.526252,-0.250243,0.029299;-1.5753,0.0577821,-1.55772
0.521415,-0.243969,0.0326856;-1.63483,0.182986,-1.53903
0.521538,-0.245274,0.0353954;-1.69391,0.192694,-1.53361
0.532454,-0.241765,0.0328746;-1.58168,-0.0435008,-1.63148
0.533273,-0.244416,0.0344941;-1.59083,-0.141103,-1.64237
0.534731,-0.24949,0.0339017;-1.5699,-0.214265,-1.63997
0.531874,-0.252496,0.028859;-1.5614,-0.00514381,-1.56513
0.529534,-0.244874,0.0313091;-1.60473,0.134828,-1.53816
0.52478,-0.246609,0.035093;-1.66715,0.221822,-1.52052
0.53491,-0.240817,0.0332478;-1.63139,0.0116098,-1.60716
0.536892,-0.242973,0.033095;-1.57571,-0.0833977,-1.63422
0.537728,-0.248348,0.0332497;-1.58513,-0.219409,-1.62824
0.534495,-0.256654,0.0287548;-1.57019,-0.0478388,-1.57888
0.534676,-0.252226,0.0301735;-1.57548,0.115112,-1.54613
0.529786,-0.246651,0.0325589;-1.60435,0.222731,-1.51942
0.537043,-0.248751,0.0297671;-1.56868,0.0323472,-1.59795
0.540373,-0.246475,0.032075;-1.57546,-0.0736128,-1.62304
0.542725,-0.252689,0.034313;-1.5922,-0.217185,-1.63912
0.537925,-0.261317,0.0294068;-1.56978,-0.0711341,-1.59101
0.536759,-0.256714,0.0299798;-1.5642,0.099512,-1.54995
0.531751,-0.248392,0.0321122;-1.58185,0.23903,-1.50963
0.536631,-0.255139,0.0289093;-1.57569,0.0755856,-1.58167
0.539382,-0.251302,0.0309351;-1.57136,-0.0286418,-1.61262
0.543177,-0.251106,0.0339393;-1.59755,-0.148561,-1.63351
0.541828,-0.258251,0.0296787;-1.56945,-0.0848071,-1.59528
0.540803,-0.256559,0.0294748;-1.56092,0.0596996,-1.56236
0.538391,-0.246992,0.0318032;-1.57829,0.209671,-1.51334
0.540403,-0.249466,0.0300855;-1.58057,0.169517,-1.54668
0.542993,-0.252017,0.0292172;-1.56979,0.064571,-1.59001
0.546753,-0.246064,0.0315848;-1.57552,-0.0613098,-1.61663
0.548064,-0.250352,0.0320836;-1.58058,-0.0833702,-1.62242
0.545162,-0.253118,0.0296694;-1.57807,0.00246543,-1.5892
0.542887,-0.249499,0.029729;-1.5825,0.138365,-1.55158
0.539098,-0.249381,0.0326011;-1.57219,0.254113,-1.51034
0.540628,-0.249891,0.0294369;-1.57909,0.161525,-1.55401
0.541952,-0.248606,0.0293455;-1.56867,0.0331331,-1.59315
0.548478,-0.257434,0.0332832;-1.59489,-0.139473,-1.63008
0.547124,-0.259941,0.0314201;-1.58765,-0.0765734,-1.60958
0.543798,-0.263621,0.0287089;-1.57237,0.0556548,-1.57522
0.540595,-0.253355,0.0326963;-1.57701,0.318464,-1.50461
0.543311,-0.255742,0.0307646;-1.56559,0.242782,-1.53472
0.54532,-0.258908,0.0288171;-1.57193,0.107809,-1.58225
0.552271,-0.25402,0.0324709;-1.60152,-0.103881,-1.61857
0.551723,-0.256711,0.0309116;-1.59069,-0.0561009,-1.60148
0.548302,-0.262862,0.0292936;-1.57548,0.0588177,-1.58611
0.54306,-0.255462,0.0325325;-1.60461,0.361928,-1.5122
0.544549,-0.258887,0.0303863;-1.57203,0.292361,-1.53654
0.546376,-0.262843,0.0285859;-1.57053,0.17577,-1.57037
0.559068,-0.253708,0.0306568;-1.59377,-0.13663,-1.59529
0.558984,-0.259218,0.0307081;-1.59798,-0.0865886,-1.5988
0.555372,-0.266493,0.0320232;-1.62132,0.0261522,-1.58748
0.548947,-0.254128,0.0356472;-1.70596,0.343144,-1.50833
0.551231,-0.257304,0.0335739;-1.6566,0.27207,-1.52981
0.552056,-0.264551,0.0288047;-1.56988,0.160831,-1.55996
0.556527,-0.25697,0.0299328;-1.58504,-0.127356,-1.58816
0.557119,-0.260136,0.02975;-1.58563,-0.0950764,-1.59576
0.555056,-0.265369,0.0305779;-1.59024,-0.0266406,-1.59531
0.549456,-0.250138,0.0355598;-1.69714,0.278192,-1.51708
0.550502,-0.253269,0.0340048;-1.6688,0.245438,-1.5316
0.550819,-0.259058,0.0299115;-1.57192,0.212418,-1.54154
0.552267,-0.257673,0.0289942;-1.57689,-0.0615083,-1.58347
0.556826,-0.257273,0.0310273;-1.60386,-0.205251,-1.60305
0.554867,-0.262017,0.0311662;-1.61232,-0.114386,-1.59473
0.550342,-0.265985,0.0310994;-1.62741,0.0401936,-1.56956
0.545364,-0.250497,0.0351879;-1.67356,0.272532,-1.51185
0.548218,-0.259852,0.0298538;-1.56484,0.169615,-1.54293
0.547569,-0.265234,0.0285749;-1.57055,0.0193656,-1.57106
0.548908,-0.259789,0.0289283;-1.57901,-0.240591,-1.58129
0.54751,-0.263051,0.0291181;-1.58869,-0.182583,-1.58658
0.546005,-0.267545,0.0293096;-1.58988,-0.0410881,-1.58168
0.54052,-0.250298,0.0352511;-1.64834,0.276843,-1.50492
0.543474,-0.255079,0.0326728;-1.6164,0.205423,-1.52926
0.544887,-0.26257,0.028687;-1.57091,0.0541557,-1.56566
0.544392,-0.25919,0.028654;-1.57261,-0.208361,-1.57312
0.543588,-0.260865,0.0289405;-1.57582,-0.168856,-1.58375
0.541425,-0.2645,0.029004;-1.57748,-0.0229683,-1.58434
0.535853,-0.248331,0.0363699;-1.70357,0.253286,-1.51516
0.537587,-0.250446,0.0347475;-1.6798,0.223194,-1.53394
0.539205,-0.260391,0.0286197;-1.56567,0.0806413,-1.57055
0.539224,-0.257506,0.0285811;-1.57077,-0.207683,-1.57074
0.539008,-0.257871,0.0286898;-1.57188,-0.205711,-1.57571
0.539854,-0.259379,0.0285809;-1.57053,-0.0931357,-1.57092
0.535422,-0.244848,0.0354461;-1.6851,0.199377,-1.53045
0.533255,-0.247837,0.0366363;-1.7011,0.233326,-1.5187
0.534854,-0.255436,0.030461;-1.61023,0.165511,-1.55815
0.533563,-0.257024,0.0286311;-1.57175,-0.165876,-1.57301
0.534305,-0.255834,0.02858;-1.57078,-0.236279,-1.57078
0.533911,-0.257015,0.0287685;-1.57069,-0.19032,-1.57965
0.529851,-0.249771,0.0325782;-1.6334,0.104551,-1.54637
0.525454,-0.245283,0.0364134;-1.70334,0.202516,-1.5249
0.525927,-0.247671,0.0352085;-1.68868,0.198024,-1.53642
0.528079,-0.256724,0.0286723;-1.57071,-0.108955,-1.57514
0.528882,-0.255262,0.028579;-1.57067,-0.227111,-1.57093
0.529026,-0.255048,0.028581;-1.57106,-0.242854,-1.57115
0.526658,-0.252455,0.0293407;-1.58234,0.0279177,-1.55746
0.521486,-0.245414,0.0330576;-1.64995,0.148192,-1.54402
0.520064,-0.24505,0.0364029;-1.71131,0.195045,-1.53269
0.52314,-0.254854,0.0288496;-1.57118,-0.04129,-1.5853
0.522871,-0.252181,0.0286687;-1.57214,-0.192819,-1.57553
0.523213,-0.251917,0.028648;-1.57142,-0.243383,-1.57471
0.522111,-0.252373,0.0287507;-1.57491,-0.0284747,-1.56608
0.519715,-0.247792,0.0298035;-1.59133,0.100848,-1.55579
0.515755,-0.244378,0.0346659;-1.68005,0.192184,-1.53539
0.519264,-0.24957,0.0287175;-1.56933,0.0098385,-1.57932
0.518058,-0.246969,0.0287559;-1.56967,-0.16253,-1.57949
0.518057,-0.248988,0.0289538;-1.56337,-0.209141,-1.58106
0.517757,-0.250708,0.0285844;-1.57065,-0.0773805,-1.57041
0.515497,-0.247305,0.0290964;-1.58015,0.0773899,-1.55687
0.511016,-0.244432,0.0321735;-1.62188,0.191693,-1.53507
0.518242,-0.244424,0.0297854;-1.59499,0.0535961,-1.58074
0.518754,-0.242328,0.0288823;-1.57328,-0.0791212,-1.58461
0.520362,-0.245285,0.0291028;-1.57181,-0.169813,-1.58539
0.52073,-0.246505,0.0285833;-1.57079,-0.0972118,-1.57052
0.519423,-0.241589,0.0291646;-1.56975,0.0249252,-1.55236
0.516107,-0.238974,0.0310556;-1.59,0.116903,-1.53731
0.519755,-0.243049,0.0309703;-1.62724,0.0664124,-1.57276
0.520991,-0.242153,0.0288694;-1.57194,-0.0372956,-1.58711
0.522269,-0.243116,0.0290667;-1.577,-0.140704,-1.58524
0.523282,-0.246455,0.0286109;-1.57179,-0.134589,-1.57251
0.523038,-0.24425,0.0288892;-1.56891,-0.0267518,-1.55664
0.521267,-0.238267,0.030509;-1.5721,0.0874555,-1.53536
0.521676,-0.242458,0.0330891;-1.65176,0.12432,-1.55285
0.525063,-0.244774,0.0298744;-1.59761,0.027683,-1.58271
0.524972,-0.241978,0.0291208;-1.57635,-0.0830996,-1.5864
0.527405,-0.250301,0.0289153;-1.56653,-0.161799,-1.58203
0.528615,-0.248914,0.0287583;-1.571,-0.0656253,-1.56215
0.528744,-0.243712,0.0297801;-1.57058,0.0328013,-1.54613
0.5264,-0.244122,0.0321688;-1.57122,0.169523,-1.51522
0.529824,-0.247627,0.0299819;-1.6111,0.0953889,-1.57051
0.532393,-0.245295,0.0293547;-1.57358,-0.028673,-1.59332
0.534805,-0.253063,0.0297094;-1.5703,-0.156902,-1.59194
0.535691,-0.256711,0.0285552;-1.57101,-0.104079,-1.56948
0.537409,-0.252283,0.029343;-1.56591,0.00371302,-1.55103
0.53324,-0.245967,0.0331185;-1.57723,0.204171,-1.50337
0.537892,-0.24567,0.0318608;-1.62103,0.168293,-1.54718
0.542872,-0.246118,0.029152;-1.58396,0.0439511,-1.58198
0.547791,-0.256631,0.0301623;-1.56961,-0.146056,-1.59505
0.548645,-0.260485,0.0286227;-1.57044,-0.112189,-1.57291
0.549878,-0.258286,0.0291265;-1.56429,-0.0130042,-1.55351
0.546953,-0.246575,0.0329276;-1.57571,0.217116,-1.50281
0.549401,-0.24773,0.0309066;-1.57011,0.194353,-1.53168
0.551981,-0.250735,0.0288154;-1.57646,0.0691363,-1.57674
0.557671,-0.255283,0.0310037;-1.59317,-0.141401,-1.60027
0.558992,-0.258226,0.0297771;-1.57574,-0.143073,-1.59386
0.559418,-0.257437,0.0289288;-1.5669,-0.0586517,-1.55713
0.559418,-0.257437,0.0289288;-1.5669,-0.0586517,-1.55713
0.56178,-0.248374,0.0309474;-1.5694,0.0999025,-1.53003
0.56178,-0.248374,0.0309474;-1.5694,0.0999025,-1.53003
