0.5,-0.3,0.06;-1.57,-2.98023e-08,-1.57
0.5,-0.3,0.06;-1.57,-2.98023e-08,-1.57
0.5,-0.3,0.06;-1.57,-2.98023e-08,-1.57
0.501293,-0.291933,0.0299131;-1.57629,-0.249857,-1.59627
0.501007,-0.293768,0.0289526;-1.57172,-0.180268,-1.58772
0.501031,-0.289951,0.0297391;-1.55533,-0.02092,-1.56101
0.499711,-0.282081,0.0314758;-1.58946,0.0465242,-1.53996
0.502691,-0.283587,0.028973;-1.57079,-0.171623,-1.58909
0.504068,-0.279657,0.0291013;-1.58323,-0.284877,-1.58724
0.505526,-0.277521,0.0290629;-1.58227,-0.35542,-1.58706
0.504255,-0.282332,0.0288192;-1.5704,-0.165353,-1.58233
0.507081,-0.277468,0.0297342;-1.55633,-0.0138553,-1.55408
0.50344,-0.267454,0.0324374;-1.57841,0.133444,-1.5076
0.506659,-0.272191,0.0299177;-1.56896,0.0330603,-1.54599
0.506251,-0.275171,0.0286128;-1.57081,-0.0987798,-1.57289
0.504844,-0.273074,0.0287536;-1.5709,-0.224599,-1.57951
0.505219,-0.273838,0.0286304;-1.5701,-0.140779,-1.57243
0.506871,-0.2679,0.0295409;-1.56614,-0.0153207,-1.55169
0.503656,-0.256537,0.0326028;-1.58254,0.136839,-1.50762
0.502988,-0.254362,0.0327581;-1.58533,0.158249,-1.50703
0.507611,-0.260848,0.0296406;-1.56966,0.0377703,-1.55144
0.506809,-0.263811,0.0286337;-1.57057,-0.086652,-1.57333
0.505935,-0.262692,0.028698;-1.57062,-0.162666,-1.57632
0.507127,-0.262043,0.0287885;-1.56318,-0.0671181,-1.56743
0.507522,-0.25408,0.0296636;-1.57091,0.0380824,-1.55045
0.505218,-0.249479,0.0312524;-1.5813,0.112928,-1.52924
0.50722,-0.253941,0.0291151;-1.56845,0.0348431,-1.56036
0.504947,-0.254193,0.0286461;-1.57071,-0.174013,-1.57394
0.504818,-0.254314,0.0286694;-1.57068,-0.186399,-1.57506
0.504613,-0.255113,0.0287106;-1.57074,-0.145462,-1.57715
0.501832,-0.247663,0.030467;-1.57863,0.0671754,-1.54124
0.498362,-0.243715,0.0324902;-1.59777,0.16113,-1.5182
0.501823,-0.247094,0.0316125;-1.58521,0.0874505,-1.52664
0.501749,-0.252535,0.028776;-1.56589,-0.161079,-1.57451
0.501518,-0.251367,0.0286596;-1.57073,-0.229539,-1.57452
0.501147,-0.25206,0.0286562;-1.57075,-0.209991,-1.57438
0.501481,-0.249087,0.0292095;-1.56796,-0.0246926,-1.5574
0.498117,-0.243193,0.0316371;-1.58666,0.08973,-1.52566
0.496459,-0.242732,0.0320904;-1.59199,0.113484,-1.52161
0.499572,-0.249978,0.0286214;-1.57059,-0.122328,-1.57265
0.497765,-0.249735,0.0287926;-1.56569,-0.213087,-1.57484
0.497636,-0.250299,0.0287961;-1.56639,-0.223173,-1.57598
0.499281,-0.249008,0.0287942;-1.56639,-0.0527879,-1.56404
0.498298,-0.242244,0.0306996;-1.57919,0.052209,-1.53667
0.494032,-0.241414,0.0330865;-1.59418,0.139891,-1.50765
0.499607,-0.248189,0.0285873;-1.57047,-0.0567912,-1.57066
0.497336,-0.247569,0.0288713;-1.56229,-0.173993,-1.57481
0.496973,-0.249019,0.0289337;-1.56205,-0.209244,-1.57732
0.496823,-0.250787,0.0285799;-1.57062,-0.0934309,-1.57085
0.496933,-0.245435,0.0296801;-1.57228,0.0158136,-1.55099
0.493027,-0.240672,0.0323783;-1.58993,0.130305,-1.51638
0.498044,-0.24726,0.0286924;-1.56884,-0.0389072,-1.5673
0.496156,-0.247031,0.0289023;-1.5601,-0.161262,-1.574
0.495679,-0.248802,0.0289441;-1.56143,-0.202646,-1.57704
0.495648,-0.250829,0.0285827;-1.57068,-0.100269,-1.57064
0.494617,-0.246803,0.0290887;-1.57104,0.00467034,-1.55755
0.489993,-0.241266,0.0317617;-1.58798,0.128684,-1.5239
0.494642,-0.246779,0.0293183;-1.57035,0.0109938,-1.55621
0.49276,-0.249226,0.0286069;-1.57058,-0.148943,-1.57211
0.492075,-0.250249,0.028965;-1.56031,-0.21526,-1.5766
0.492206,-0.251198,0.0285803;-1.57079,-0.156261,-1.57082
0.491441,-0.249355,0.0287782;-1.56868,-0.0586143,-1.56269
0.488664,-0.243572,0.0310568;-1.57941,0.0561982,-1.5315
0.488181,-0.243291,0.0312956;-1.57953,0.076418,-1.52832
0.489111,-0.249104,0.0287239;-1.56931,-0.052563,-1.56533
0.488057,-0.248576,0.0288907;-1.56405,-0.192761,-1.57782
0.487942,-0.249796,0.0288552;-1.56785,-0.205393,-1.58054
0.488713,-0.249451,0.0287552;-1.56444,-0.108981,-1.56783
0.488456,-0.244827,0.0290159;-1.57016,-9.77814e-05,-1.55944
0.483174,-0.242821,0.0326252;-1.60063,0.134976,-1.51615
0.486781,-0.246687,0.0301463;-1.57878,0.0516063,-1.54822
0.487297,-0.248726,0.0287181;-1.57087,-0.110283,-1.57746
0.488092,-0.251412,0.0295215;-1.56811,-0.234122,-1.58812
0.488168,-0.25175,0.0288612;-1.57076,-0.186804,-1.58392
0.486742,-0.254407,0.028655;-1.57374,-0.0546878,-1.57228
0.481867,-0.248278,0.0331384;-1.6171,0.176523,-1.52038
0.485351,-0.24965,0.0329566;-1.63698,0.113258,-1.5423
0.489413,-0.252733,0.0289163;-1.57309,-0.0165156,-1.58454
0.491777,-0.250863,0.0301628;-1.57768,-0.230276,-1.59856
0.491849,-0.250926,0.029566;-1.57737,-0.194564,-1.59239
0.489593,-0.254084,0.0289813;-1.5797,-0.0722325,-1.58165
0.4814,-0.250638,0.0340645;-1.65635,0.201185,-1.52916
0.484847,-0.247658,0.0340603;-1.68507,0.152344,-1.55178
0.490413,-0.244273,0.0301417;-1.59937,0.0312161,-1.58505
0.494834,-0.246209,0.0320051;-1.58549,-0.169825,-1.61815
0.49464,-0.248016,0.0309925;-1.57739,-0.156072,-1.61109
0.49034,-0.254467,0.0298452;-1.5857,-0.0613555,-1.59144
0.481335,-0.251113,0.0346483;-1.68915,0.221179,-1.53828
0.485121,-0.245306,0.0358779;-1.7232,0.17191,-1.54915
0.490928,-0.242008,0.0331949;-1.65736,0.0615154,-1.57904
0.496505,-0.245609,0.0339513;-1.59185,-0.159445,-1.6392
0.49564,-0.248743,0.0322926;-1.57569,-0.133042,-1.62794
0.492834,-0.25327,0.0315344;-1.58573,-0.0660682,-1.614
0.483725,-0.257277,0.0364484;-1.73584,0.168079,-1.54615
0.485676,-0.252998,0.0373901;-1.74384,0.124483,-1.55731
0.486849,-0.25176,0.0370089;-1.73596,0.103018,-1.56191
0.493716,-0.250681,0.0338018;-1.58504,-0.116164,-1.63969
0.495622,-0.249092,0.0343075;-1.61945,-0.205103,-1.63514
0.492454,-0.255215,0.033556;-1.5889,-0.106747,-1.63415
0.489978,-0.259629,0.0327206;-1.59373,0.03123,-1.61483
0.4878,-0.252087,0.0391235;-1.78164,0.233241,-1.53373
0.492533,-0.248079,0.0387759;-1.73871,0.163203,-1.57404
0.498423,-0.244262,0.0362733;-1.65909,0.0389617,-1.61987
0.501643,-0.249531,0.0351127;-1.60708,-0.193019,-1.65183
0.499979,-0.253057,0.0351379;-1.61784,-0.139365,-1.64344
0.494879,-0.26044,0.0350953;-1.63601,-0.021983,-1.62391
0.486734,-0.262574,0.0401079;-1.78835,0.178547,-1.55153
0.49055,-0.256905,0.0407795;-1.77199,0.117199,-1.58155
0.495478,-0.252198,0.0384975;-1.71046,0.00492074,-1.6161
0.497591,-0.25575,0.0362845;-1.61475,-0.202876,-1.65972
0.497495,-0.256474,0.0361361;-1.63194,-0.163355,-1.64823
0.49317,-0.26538,0.0355928;-1.62463,-0.0449626,-1.64314
0.491808,-0.252874,0.0409205;-1.79793,0.214522,-1.54655
0.494961,-0.247844,0.042205;-1.80671,0.159086,-1.56675
0.499451,-0.245322,0.0397512;-1.72918,0.0656098,-1.61006
0.501745,-0.250903,0.0368431;-1.61417,-0.157652,-1.6644
0.502258,-0.251793,0.036351;-1.61448,-0.157149,-1.6586
0.499254,-0.257719,0.0364766;-1.64116,-0.0625631,-1.64066
0.491383,-0.258289,0.040497;-1.77795,0.156673,-1.56662
0.491694,-0.255542,0.04211;-1.80409,0.155787,-1.56734
0.49539,-0.251898,0.0414235;-1.77071,0.0830742,-1.59846
0.498118,-0.255546,0.0372043;-1.59179,-0.109029,-1.66999
0.501383,-0.251277,0.0365219;-1.62739,-0.188837,-1.6589
0.499286,-0.254208,0.0366632;-1.64778,-0.13468,-1.64629
0.493996,-0.258221,0.0374498;-1.68172,0.128222,-1.60069
0.49269,-0.252116,0.0415675;-1.79749,0.215687,-1.55644
0.495625,-0.248234,0.04273;-1.80508,0.174583,-1.57127
0.501361,-0.24898,0.0359353;-1.57694,-0.0166713,-1.66908
0.502054,-0.251317,0.0366524;-1.61471,-0.158561,-1.66178
0.502817,-0.251267,0.0361639;-1.60935,-0.168741,-1.66031
0.496453,-0.263096,0.0367734;-1.6625,0.0543388,-1.61777
0.495589,-0.255183,0.0383468;-1.72171,0.20486,-1.57651
0.495866,-0.251041,0.0418612;-1.79092,0.22871,-1.5612
0.503562,-0.247926,0.0369908;-1.62651,0.049014,-1.64594
0.501433,-0.255184,0.0359784;-1.58972,-0.112498,-1.65998
0.503426,-0.252277,0.0361527;-1.60588,-0.183229,-1.66115
0.497926,-0.264232,0.0351816;-1.62318,-0.0109051,-1.63345
0.496433,-0.263557,0.0360222;-1.63748,0.15764,-1.60713
0.494119,-0.253684,0.0403334;-1.76414,0.275988,-1.55531
0.502288,-0.248888,0.0370588;-1.64649,0.0939233,-1.62827
0.500277,-0.257274,0.0343193;-1.57198,-0.074867,-1.64982
0.501431,-0.25699,0.0354206;-1.59597,-0.182942,-1.65539
0.497089,-0.268651,0.0330999;-1.56521,-0.0314582,-1.64087
0.496863,-0.268292,0.033848;-1.55857,0.142821,-1.61654
0.493796,-0.259295,0.0383586;-1.65718,0.27645,-1.56632
0.501907,-0.250253,0.035393;-1.62916,0.114768,-1.62108
0.502976,-0.250836,0.033605;-1.5676,-0.0239528,-1.64117
0.504404,-0.253921,0.0351883;-1.58823,-0.117311,-1.6522
0.501775,-0.264002,0.032398;-1.56782,-0.0128623,-1.63111
0.500574,-0.267283,0.0325714;-1.54957,0.131041,-1.61212
0.498452,-0.262953,0.036259;-1.60317,0.279669,-1.56977
0.503101,-0.255639,0.0341383;-1.64062,0.183779,-1.5991
0.505396,-0.255613,0.0321387;-1.56729,0.08842,-1.62824
0.507832,-0.254056,0.0332851;-1.58469,-0.0566136,-1.6309
0.506902,-0.264631,0.0318961;-1.57127,-0.0288846,-1.62433
0.504881,-0.270022,0.0311101;-1.56667,0.0763155,-1.61066
0.503623,-0.268218,0.0326355;-1.53934,0.221946,-1.58481
0.50478,-0.257221,0.0356775;-1.60114,0.252226,-1.57599
0.507932,-0.258346,0.0302231;-1.55841,0.149383,-1.60913
0.508761,-0.256092,0.0316862;-1.56498,0.0574582,-1.6168
0.510542,-0.263083,0.0318545;-1.57541,-0.0592587,-1.61917
0.508738,-0.268184,0.030342;-1.56767,0.0118553,-1.60474
0.508713,-0.269927,0.0306681;-1.5554,0.12129,-1.58801
0.507219,-0.2571,0.0343298;-1.57008,0.271858,-1.55018
0.511013,-0.254243,0.0304538;-1.59129,0.171883,-1.58471
0.511876,-0.254681,0.0297887;-1.56172,0.105073,-1.6003
0.513424,-0.260303,0.0311414;-1.57065,-0.0531409,-1.6122
0.512977,-0.26532,0.0302245;-1.5675,-0.00689676,-1.60225
0.513499,-0.26735,0.0294605;-1.55863,0.0549457,-1.58192
0.508342,-0.254188,0.0323068;-1.58983,0.270455,-1.52845
0.511306,-0.249523,0.0328345;-1.52935,0.188657,-1.56749
0.513279,-0.249804,0.0292686;-1.56611,0.101386,-1.58971
0.51399,-0.257519,0.0312308;-1.561,-0.0289788,-1.61077
0.514529,-0.261934,0.0310889;-1.56306,0.00629572,-1.61077
0.515086,-0.263509,0.0288989;-1.57059,0.0506846,-1.5859
0.510117,-0.255233,0.0317826;-1.59182,0.271395,-1.52726
0.512053,-0.248727,0.0327189;-1.5499,0.224573,-1.55234
0.514002,-0.249579,0.0288688;-1.57077,0.134186,-1.58483
0.51295,-0.253929,0.0302215;-1.56029,0.024604,-1.59804
0.513204,-0.258069,0.0298156;-1.56446,0.0421513,-1.59553
0.513849,-0.260018,0.0288801;-1.56908,0.0891915,-1.58362
0.513849,-0.260018,0.0288801;-1.56908,0.0891915,-1.58362
0.512793,-0.2582,0.0295545;-1.55818,0.184361,-1.56736
0.512793,-0.2582,0.0295545;-1.55818,0.184361,-1.56736
