0.5,-0.3,0.06;-1.57,-2.98023e-08,-1.57
0.5,-0.3,0.06;-1.57,-2.98023e-08,-1.57
0.5,-0.3,0.06;-1.57,-2.98023e-08,-1.57
0.498933,-0.297087,0.0286571;-1.57027,-0.28682,-1.57487
0.500293,-0.296918,0.0288194;-1.5591,-0.208839,-1.5679
0.500887,-0.28595,0.030616;-1.56821,-0.0885445,-1.53896
0.498779,-0.27725,0.0323447;-1.58414,-0.0151096,-1.51813
0.501192,-0.28497,0.0286589;-1.57071,-0.226318,-1.57465
0.500539,-0.2846,0.0286479;-1.57071,-0.281444,-1.574
0.500487,-0.284802,0.0286832;-1.57064,-0.280191,-1.5757
0.503188,-0.286317,0.0288397;-1.55833,-0.101495,-1.5692
0.506967,-0.274687,0.0304583;-1.56257,0.0198426,-1.54378
0.504775,-0.262194,0.0331632;-1.5921,0.149921,-1.50511
0.508861,-0.265112,0.0306896;-1.57456,0.0679154,-1.53711
0.508773,-0.270849,0.0285981;-1.56996,-0.0565401,-1.57067
0.507337,-0.269404,0.028585;-1.57069,-0.178333,-1.57198
0.507134,-0.269697,0.0288755;-1.57058,-0.139417,-1.58489
0.508507,-0.267818,0.0288612;-1.56761,0.00781017,-1.57131
0.506258,-0.25963,0.0321107;-1.61292,0.143965,-1.5397
0.506099,-0.253013,0.036139;-1.72049,0.190454,-1.53906
0.511814,-0.252227,0.036359;-1.69607,0.0891081,-1.58801
0.51568,-0.253125,0.0335475;-1.57559,-0.026212,-1.64161
0.519592,-0.24796,0.034937;-1.58601,-0.145716,-1.65526
0.517595,-0.250817,0.0355506;-1.6329,-0.0586752,-1.63349
0.51396,-0.252165,0.0379949;-1.72145,0.0539634,-1.59354
0.512525,-0.249696,0.039787;-1.76546,0.11734,-1.5765
0.515355,-0.246493,0.0399828;-1.74358,0.0698391,-1.60338
0.51589,-0.251978,0.0360629;-1.603,-0.156374,-1.65854
0.517301,-0.248806,0.0351074;-1.60933,-0.225403,-1.64872
0.515396,-0.252889,0.033779;-1.59146,-0.171614,-1.64104
0.508271,-0.254765,0.0327583;-1.65966,0.0927902,-1.56588
0.505015,-0.246084,0.0355048;-1.71314,0.210444,-1.53889
0.506697,-0.247257,0.0348786;-1.70269,0.172434,-1.54996
0.509412,-0.252487,0.028882;-1.57142,-0.0905356,-1.58432
0.511544,-0.249651,0.0287701;-1.57194,-0.220534,-1.57878
0.511682,-0.249699,0.0287322;-1.57088,-0.229776,-1.57807
0.511111,-0.246157,0.0289257;-1.57431,-0.0244866,-1.55942
0.508576,-0.239303,0.0311866;-1.58595,0.0803386,-1.53184
0.507566,-0.239793,0.0321198;-1.59489,0.118612,-1.52097
0.510359,-0.248056,0.0285807;-1.5708,-0.103619,-1.5707
0.508813,-0.247716,0.0286571;-1.56925,-0.19251,-1.57292
0.508537,-0.248529,0.0287345;-1.56803,-0.21282,-1.57522
0.508297,-0.249418,0.0286408;-1.57127,-0.0972246,-1.56773
0.506065,-0.242692,0.0297067;-1.57864,0.00985579,-1.55008
0.502879,-0.239162,0.0322857;-1.59274,0.114437,-1.52004
0.507229,-0.244923,0.0286853;-1.56819,-0.0471457,-1.56747
0.505207,-0.246398,0.0287521;-1.56616,-0.171217,-1.57435
0.505071,-0.248261,0.0288568;-1.56669,-0.208932,-1.57916
0.503493,-0.251443,0.0288442;-1.5726,-0.114208,-1.58195
0.499987,-0.252837,0.0291625;-1.59399,0.0261602,-1.57222
0.496551,-0.246989,0.0327212;-1.63971,0.164321,-1.54311
0.50481,-0.241716,0.0321417;-1.61189,0.0451167,-1.59823
0.507293,-0.244979,0.0333323;-1.57197,-0.079585,-1.63769
0.508764,-0.247585,0.034633;-1.59331,-0.188253,-1.64821
0.508272,-0.250046,0.03414;-1.60702,-0.143301,-1.63422
0.505452,-0.249763,0.0375459;-1.74081,-0.0412609,-1.59182
0.500079,-0.251599,0.0397958;-1.78666,0.0735816,-1.5688
0.503874,-0.251041,0.0397681;-1.74105,0.03517,-1.60558
0.505565,-0.252151,0.0359037;-1.59475,-0.064848,-1.66115
0.505313,-0.253412,0.0363553;-1.60137,-0.173511,-1.66323
0.506725,-0.24811,0.0338028;-1.60605,-0.184491,-1.6301
0.504523,-0.245248,0.0334178;-1.67455,-0.0964609,-1.58289
0.500368,-0.242019,0.0346517;-1.68378,0.000679702,-1.56324
0.497388,-0.245395,0.0342264;-1.68809,0.0904151,-1.55822
0.499665,-0.247819,0.0288848;-1.57456,0.0211125,-1.58117
0.499371,-0.243945,0.0290407;-1.57,-0.0932051,-1.58731
0.499351,-0.24541,0.0289728;-1.56759,-0.146309,-1.58612
0.499613,-0.245732,0.0285803;-1.57075,-0.107523,-1.5707
0.498696,-0.242996,0.0292574;-1.57307,-0.0204343,-1.55194
0.494636,-0.239464,0.0327532;-1.58913,0.114131,-1.50822
0.497866,-0.240672,0.0309673;-1.58172,0.0629802,-1.53408
0.498585,-0.244926,0.0286363;-1.57047,-0.0508706,-1.56833
0.496722,-0.246925,0.0288819;-1.56233,-0.173083,-1.57551
0.496695,-0.247788,0.0286019;-1.57078,-0.140249,-1.57191
0.496591,-0.247359,0.0286993;-1.57123,-0.089748,-1.56514
0.490929,-0.23932,0.0332155;-1.59,0.104374,-1.50484
0.492836,-0.238337,0.0324423;-1.58872,0.0809376,-1.51857
0.495341,-0.242374,0.0287096;-1.57088,-0.004351,-1.56459
0.492902,-0.246891,0.028793;-1.56646,-0.164404,-1.57595
0.493053,-0.24734,0.0287364;-1.57073,-0.158607,-1.57815
0.492665,-0.247686,0.0285772;-1.57076,-0.125212,-1.57076
0.485398,-0.246161,0.0322219;-1.61888,0.0841562,-1.53695
0.487815,-0.244768,0.0341232;-1.68906,0.105232,-1.56293
0.491162,-0.244963,0.0303576;-1.60965,0.0320458,-1.5862
0.496779,-0.247329,0.0336248;-1.59462,-0.171905,-1.63438
0.498458,-0.248227,0.0332405;-1.58023,-0.180463,-1.63775
0.497764,-0.247448,0.0332021;-1.62867,-0.154679,-1.61188
0.489449,-0.247596,0.037487;-1.74663,0.0184025,-1.57146
0.492009,-0.245183,0.0396921;-1.78735,0.0317277,-1.57592
0.492904,-0.248254,0.0387254;-1.74482,0.0158304,-1.6011
0.495689,-0.248695,0.0361379;-1.60604,-0.181372,-1.65912
0.495882,-0.248817,0.0346616;-1.5778,-0.176957,-1.6562
0.495494,-0.247431,0.0341317;-1.59489,-0.164926,-1.63937
0.48868,-0.24464,0.0351833;-1.68757,-0.0268401,-1.5633
0.486832,-0.243531,0.0363604;-1.71003,0.0320989,-1.5579
0.485296,-0.246625,0.0343193;-1.69038,0.0737149,-1.56318
0.488086,-0.244388,0.0297805;-1.57896,-0.0740595,-1.59287
0.489195,-0.246416,0.0302118;-1.57362,-0.152938,-1.59756
0.489073,-0.24761,0.0288245;-1.57095,-0.137851,-1.58224
0.488742,-0.248896,0.0286932;-1.57101,-0.050309,-1.56476
0.486026,-0.245379,0.0312806;-1.57925,0.0886785,-1.52694
0.486742,-0.245763,0.0303772;-1.57617,0.10383,-1.53846
0.486803,-0.249603,0.0285862;-1.57095,0.0127783,-1.57039
0.485261,-0.250788,0.0285795;-1.57077,-0.173477,-1.57076
0.485208,-0.250596,0.028579;-1.57082,-0.142641,-1.57079
0.485642,-0.249758,0.0286473;-1.57098,-0.0835398,-1.5674
0.479691,-0.244794,0.033727;-1.59057,0.0647262,-1.50707
0.48048,-0.243419,0.033988;-1.62118,0.0777848,-1.52558
0.483256,-0.249391,0.0287863;-1.57347,-0.0194235,-1.57807
0.482411,-0.247738,0.0287913;-1.57363,-0.178985,-1.57844
0.482545,-0.247059,0.0288015;-1.572,-0.16597,-1.58017
0.482517,-0.246201,0.0286327;-1.56964,-0.123168,-1.5732
0.479441,-0.239542,0.0315472;-1.60491,0.0300638,-1.54215
0.480115,-0.241662,0.0334704;-1.63501,0.0378945,-1.54295
0.480921,-0.245329,0.0314004;-1.62218,0.0308586,-1.58724
0.479108,-0.255301,0.0328252;-1.58045,-0.0272193,-1.6283
0.479423,-0.254552,0.0334901;-1.57465,-0.0458708,-1.64
0.482331,-0.244372,0.0338417;-1.56254,-0.0886085,-1.63989
0.477004,-0.244093,0.034876;-1.6899,0.0922651,-1.57064
0.474868,-0.247507,0.036024;-1.6971,0.12135,-1.57899
0.476898,-0.248888,0.0386927;-1.6725,0.0922408,-1.61354
0.474926,-0.255182,0.037437;-1.57338,-0.0952915,-1.67332
0.474424,-0.253871,0.0370465;-1.58591,-0.164055,-1.67226
0.475121,-0.251361,0.0348449;-1.56899,-0.159911,-1.66156
0.47703,-0.236474,0.0369836;-1.7403,-0.00836329,-1.57649
0.473934,-0.243683,0.0370421;-1.73216,0.0880362,-1.55442
0.475292,-0.247697,0.0372262;-1.74371,0.0932096,-1.55672
0.473797,-0.256815,0.0324118;-1.56873,0.0585463,-1.62873
0.471214,-0.259872,0.0331851;-1.59255,0.00579053,-1.6242
0.471763,-0.256817,0.0328508;-1.58618,-0.025307,-1.62403
0.473751,-0.248578,0.0315952;-1.63671,0.0192902,-1.57222
0.471437,-0.247086,0.0336387;-1.66554,0.0539668,-1.55395
0.470809,-0.247494,0.0350026;-1.66904,0.0515347,-1.54561
0.474516,-0.253074,0.0290928;-1.58542,0.000735939,-1.58078
0.474965,-0.252932,0.0292126;-1.59264,-0.0308476,-1.58043
0.474419,-0.253166,0.0291415;-1.59111,-0.0297481,-1.5783
0.473385,-0.253159,0.0290541;-1.59074,0.0402393,-1.57317
0.473059,-0.252184,0.0290266;-1.58155,0.0635011,-1.56594
0.471369,-0.249796,0.0323711;-1.60207,0.0973038,-1.53333
0.473996,-0.255868,0.0289768;-1.58721,0.0329237,-1.57329
0.473978,-0.25639,0.028893;-1.57402,-0.0124021,-1.58247
0.473819,-0.256309,0.0293375;-1.59551,-0.0247534,-1.57738
0.4735,-0.254681,0.0288067;-1.57993,0.0435761,-1.57207
0.472596,-0.252057,0.0292995;-1.57703,0.0800556,-1.56033
0.469966,-0.249879,0.0313851;-1.58753,0.117795,-1.53752
0.472764,-0.255569,0.0288367;-1.56874,0.0299052,-1.58247
0.471336,-0.25363,0.0301901;-1.56981,-0.0190069,-1.60022
0.469913,-0.254137,0.0325496;-1.58507,-0.0609537,-1.62159
0.472852,-0.242791,0.0314808;-1.56217,-0.0921484,-1.61795
0.473626,-0.238825,0.0316206;-1.57426,-0.0310067,-1.60745
0.471564,-0.243369,0.0331524;-1.62669,0.0616147,-1.57401
0.475002,-0.25446,0.0370203;-1.49799,0.0766874,-1.63764
0.475433,-0.255754,0.0341736;-1.56587,0.0544763,-1.65564
0.472571,-0.253525,0.0372232;-1.56863,-0.0495134,-1.67015
0.47294,-0.246167,0.0346771;-1.56747,-0.129418,-1.65844
0.474425,-0.23811,0.0347254;-1.5542,-0.0492754,-1.62946
0.472301,-0.23682,0.0344834;-1.68097,0.00871038,-1.57445
0.472092,-0.241788,0.0369815;-1.71737,0.0336055,-1.56735
0.473067,-0.245518,0.034886;-1.67209,0.0152709,-1.59538
0.471984,-0.251753,0.0329416;-1.57392,-0.0250252,-1.63091
0.470023,-0.252012,0.0326712;-1.5811,-0.0872028,-1.62743
0.470664,-0.2488,0.0303762;-1.56997,-0.073203,-1.60368
0.473056,-0.237698,0.0312252;-1.62938,-0.0142996,-1.57387
0.468863,-0.238784,0.0340612;-1.66187,0.023891,-1.55382
0.472339,-0.242204,0.0330581;-1.65922,-0.0185692,-1.5717
0.475065,-0.245522,0.0293041;-1.58689,-0.0694515,-1.58378
0.474535,-0.244868,0.029914;-1.60189,-0.0948366,-1.58306
0.474402,-0.244766,0.0290859;-1.58581,-0.0719956,-1.58123
0.473348,-0.244975,0.0291123;-1.591,-0.0256945,-1.57675
0.470333,-0.243141,0.0308512;-1.59031,0.0418734,-1.54728
0.473011,-0.245645,0.0318915;-1.58549,0.0192719,-1.53713
0.474643,-0.249889,0.0286479;-1.57227,-0.0404546,-1.57429
0.474335,-0.249615,0.0291652;-1.59343,-0.0820783,-1.57849
0.474375,-0.249457,0.0290505;-1.58477,-0.0670847,-1.58043
0.473979,-0.249438,0.0288711;-1.58187,-0.0185537,-1.57405
0.471615,-0.247604,0.0311729;-1.58528,0.0786851,-1.53921
0.47397,-0.250184,0.0315496;-1.57291,0.0514204,-1.53889
0.474699,-0.252797,0.0287696;-1.57081,-0.0164292,-1.57981
0.472868,-0.252793,0.0302736;-1.57386,-0.0779096,-1.60005
0.473636,-0.24978,0.0319574;-1.56947,-0.0896676,-1.62386
0.47507,-0.245464,0.0323941;-1.55187,-0.0572977,-1.62123
0.47507,-0.245464,0.0323941;-1.55187,-0.0572977,-1.62123
0.4771,-0.243098,0.0324228;-1.53419,0.0227403,-1.5963
0.4771,-0.243098,0.0324228;-1.53419,0.0227403,-1.5963
