0.5,-0.3,0.06;-1.57,-2.98023e-08,-1.57
0.5,-0.3,0.06;-1.57,-2.98023e-08,-1.57
0.5,-0.3,0.06;-1.57,-2.98023e-08,-1.57
0.498252,-0.296085,0.0288681;-1.56926,-0.269359,-1.5833
0.499287,-0.296607,0.0290005;-1.55999,-0.208683,-1.57802
0.499461,-0.286923,0.0300103;-1.56398,-0.073705,-1.55207
0.497187,-0.278334,0.0309294;-1.57962,-0.00709602,-1.53954
0.502617,-0.276914,0.0307549;-1.57161,-0.225082,-1.60984
0.50467,-0.27011,0.031588;-1.59806,-0.334741,-1.61338
0.507584,-0.263998,0.0300556;-1.60129,-0.404111,-1.59705
0.504554,-0.271117,0.0288386;-1.56546,-0.223875,-1.57839
0.505854,-0.264205,0.0298911;-1.56516,-0.0951195,-1.55138
0.500408,-0.251975,0.0334863;-1.59814,0.0618528,-1.50876
0.504986,-0.255372,0.0299784;-1.57325,-0.0333102,-1.54754
0.506041,-0.258541,0.0286528;-1.57074,-0.161452,-1.57426
0.505315,-0.257289,0.0287962;-1.57279,-0.261245,-1.57986
0.505265,-0.257938,0.0289158;-1.57042,-0.211347,-1.58669
0.505261,-0.256127,0.0287495;-1.57613,-0.0684758,-1.57389
0.502206,-0.248427,0.0331618;-1.64681,0.0591954,-1.55137
0.500003,-0.246886,0.0342965;-1.67008,0.117456,-1.54389
0.504696,-0.253157,0.0300369;-1.59685,0.00168657,-1.56708
0.504936,-0.253131,0.0287951;-1.57052,-0.16099,-1.58106
0.504725,-0.25235,0.028833;-1.56832,-0.240423,-1.5803
0.505129,-0.252441,0.0285998;-1.56997,-0.157826,-1.57221
0.505124,-0.245676,0.0293852;-1.5743,-0.0483404,-1.55331
0.502188,-0.243023,0.0308537;-1.58062,0.0377466,-1.5327
0.504586,-0.244772,0.0287404;-1.56933,-0.011056,-1.56484
0.505991,-0.248561,0.0300634;-1.57922,-0.19412,-1.59672
0.507549,-0.250392,0.0304488;-1.58818,-0.222356,-1.60156
0.506962,-0.251519,0.0300464;-1.57808,-0.201387,-1.60028
0.500717,-0.251725,0.0295787;-1.57058,0.0687994,-1.54783
0.497192,-0.248866,0.0319476;-1.59607,0.158192,-1.52106
0.499624,-0.250036,0.0312987;-1.58507,0.119922,-1.53107
0.499675,-0.252443,0.0287291;-1.5695,-0.159278,-1.57654
0.499648,-0.251731,0.0288371;-1.56708,-0.236435,-1.57867
0.499738,-0.251947,0.0288277;-1.57282,-0.228805,-1.58104
0.495939,-0.256226,0.029069;-1.58835,-0.0283013,-1.57491
0.493247,-0.251134,0.0328886;-1.64973,0.118041,-1.55075
0.491951,-0.249376,0.0354069;-1.71148,0.157264,-1.54737
0.495682,-0.25026,0.0290013;-1.56824,-0.0322884,-1.58893
0.495328,-0.247576,0.0288331;-1.57336,-0.168532,-1.58065
0.495407,-0.248992,0.0288529;-1.5669,-0.197935,-1.57926
0.494827,-0.250311,0.0286255;-1.57078,-0.114092,-1.56835
0.49309,-0.245472,0.0299764;-1.57607,0.00132367,-1.54415
0.488056,-0.242137,0.0324676;-1.58972,0.121988,-1.51427
0.492171,-0.244781,0.0286877;-1.57055,-0.0649154,-1.57614
0.492399,-0.246254,0.029189;-1.57399,-0.154529,-1.58881
0.495898,-0.249638,0.0302681;-1.58492,-0.216245,-1.59949
0.492442,-0.255512,0.0291379;-1.58156,-0.130233,-1.58831
0.488636,-0.256519,0.0288729;-1.57862,0.0246401,-1.56375
0.485742,-0.252886,0.0312528;-1.58532,0.13578,-1.52882
0.490143,-0.257942,0.0286747;-1.57084,-0.0179787,-1.56621
0.488303,-0.258289,0.0286503;-1.56714,-0.146904,-1.57048
0.488419,-0.257217,0.0286294;-1.57065,-0.230596,-1.57336
0.487543,-0.258816,0.0285806;-1.57052,-0.123277,-1.57068
0.486989,-0.256068,0.0291599;-1.56942,-0.0292749,-1.55442
0.483162,-0.254394,0.0319989;-1.58987,0.0714885,-1.52376
0.48776,-0.255685,0.0300781;-1.60876,0.0277841,-1.57263
0.487839,-0.25482,0.0289524;-1.56977,-0.0357421,-1.58864
0.488935,-0.251202,0.0290925;-1.58313,-0.127683,-1.5847
0.489136,-0.251359,0.0285787;-1.57068,-0.121325,-1.57087
0.488557,-0.25042,0.0288338;-1.56912,-0.054771,-1.55998
0.486956,-0.246236,0.0311087;-1.57812,0.0184009,-1.53054
0.48554,-0.245678,0.0310235;-1.57759,0.0695732,-1.52963
0.486599,-0.250295,0.0287191;-1.57008,0.00282565,-1.56432
0.48527,-0.250505,0.0287092;-1.57058,-0.123695,-1.57673
0.485998,-0.247813,0.0290856;-1.57927,-0.206549,-1.58842
0.485086,-0.249501,0.0288596;-1.57872,-0.136936,-1.57777
0.482664,-0.244013,0.0311033;-1.59643,-0.0168909,-1.5449
0.476395,-0.244763,0.0315262;-1.59152,0.102635,-1.52695
0.479059,-0.245555,0.0306802;-1.58029,0.0594733,-1.53691
0.480037,-0.250033,0.0286238;-1.56995,-0.04792,-1.5683
0.478879,-0.249744,0.0286406;-1.57072,-0.126344,-1.57368
0.478689,-0.251283,0.0286339;-1.5696,-0.0565698,-1.57329
0.478029,-0.249666,0.0289795;-1.5592,-0.00963324,-1.56158
0.474855,-0.24673,0.030478;-1.59881,0.105621,-1.54587
0.478026,-0.244032,0.0320684;-1.59036,0.0805775,-1.54471
0.481733,-0.240945,0.0292047;-1.57921,0.00320268,-1.58345
0.479927,-0.241036,0.0291775;-1.5712,-0.123992,-1.58583
0.479185,-0.246063,0.0289875;-1.56335,-0.0703655,-1.58245
0.479351,-0.247336,0.0285777;-1.57079,-0.0176713,-1.57058
0.476151,-0.244887,0.030192;-1.58685,0.0859302,-1.54399
0.478155,-0.24122,0.0313441;-1.59096,0.0653127,-1.53349
0.479551,-0.245656,0.0286733;-1.57087,0.00339884,-1.56497
0.478793,-0.247458,0.0288591;-1.56632,-0.0405296,-1.57962
0.477785,-0.250051,0.0288194;-1.57046,0.0167407,-1.58226
0.477025,-0.250782,0.0289639;-1.579,0.065132,-1.58082
0.471372,-0.251606,0.0311431;-1.63637,0.175932,-1.55713
0.472766,-0.253943,0.0323366;-1.6408,0.159447,-1.5475
0.472997,-0.259348,0.0289025;-1.56431,0.125993,-1.56255
0.471302,-0.259357,0.0285863;-1.57066,0.00709903,-1.57133
0.471602,-0.260595,0.0286569;-1.57053,0.0851567,-1.57472
0.471116,-0.260539,0.0287385;-1.56305,0.13224,-1.57165
0.4687,-0.255576,0.0301434;-1.58235,0.210545,-1.54195
0.469852,-0.257388,0.030105;-1.56826,0.195623,-1.54409
0.469557,-0.257671,0.0298151;-1.57244,0.201838,-1.54988
0.471035,-0.252995,0.0298359;-1.57638,0.0480922,-1.59273
0.471869,-0.253423,0.0291664;-1.57616,0.00717086,-1.58489
0.47119,-0.256262,0.0287935;-1.57071,0.0766693,-1.58094
0.471322,-0.257153,0.0286125;-1.57075,0.129925,-1.56945
0.46949,-0.254841,0.0292378;-1.59026,0.19373,-1.55431
0.471057,-0.256599,0.0302841;-1.57211,0.159003,-1.54344
0.470459,-0.258624,0.028699;-1.56831,0.105828,-1.56756
0.469356,-0.259017,0.0286598;-1.57005,0.0483788,-1.57402
0.469158,-0.26097,0.0287822;-1.57063,0.111669,-1.58041
0.467648,-0.262378,0.0288536;-1.57489,0.183713,-1.57931
0.462044,-0.263266,0.0308745;-1.63216,0.294049,-1.55132
0.46272,-0.265586,0.0317779;-1.64049,0.281538,-1.54266
0.461733,-0.269645,0.0286149;-1.57081,0.204777,-1.57249
0.460488,-0.266948,0.0285809;-1.57066,0.0492727,-1.57088
0.461111,-0.26861,0.0286186;-1.57011,0.133379,-1.57215
0.462025,-0.268986,0.0286088;-1.57123,0.211853,-1.56901
0.461092,-0.265801,0.029981;-1.58396,0.264921,-1.5431
0.462487,-0.26765,0.030023;-1.57354,0.239067,-1.54349
0.461727,-0.270844,0.0286336;-1.57127,0.160314,-1.56767
0.462704,-0.262998,0.0294401;-1.58089,-0.0375709,-1.58798
0.463227,-0.263186,0.0290991;-1.58082,-0.0296212,-1.58569
0.462901,-0.264172,0.0287713;-1.57002,0.0274279,-1.58025
0.463032,-0.253656,0.0309799;-1.57982,0.196925,-1.52986
0.463621,-0.254545,0.0318235;-1.58578,0.199347,-1.52045
0.466001,-0.256251,0.030192;-1.58287,0.143676,-1.54142
0.465129,-0.260266,0.0285824;-1.57087,0.00655113,-1.57073
0.465024,-0.260448,0.0285791;-1.57074,0.00626824,-1.5708
0.465336,-0.260619,0.0285796;-1.57082,0.0502188,-1.57077
0.467139,-0.255908,0.0302861;-1.59104,0.210098,-1.5431
0.465743,-0.25565,0.0327864;-1.64104,0.252165,-1.52851
0.467458,-0.25708,0.0342582;-1.66301,0.239776,-1.52385
0.467438,-0.261967,0.0287823;-1.57064,0.090696,-1.58036
0.468552,-0.260607,0.0286434;-1.57077,0.0254769,-1.57387
0.468717,-0.260544,0.0285893;-1.57087,0.0294463,-1.56985
0.469454,-0.259085,0.0287868;-1.5728,0.165382,-1.56216
0.468566,-0.257018,0.0291782;-1.58206,0.191513,-1.55353
0.468436,-0.256453,0.0295403;-1.59119,0.202838,-1.55279
0.46911,-0.260521,0.0285782;-1.56948,0.0543769,-1.572
0.469429,-0.257512,0.0289643;-1.57987,-0.0570709,-1.58098
0.471774,-0.253776,0.0291327;-1.58398,-0.145477,-1.58608
0.470792,-0.253604,0.0288739;-1.58592,-0.0204659,-1.57032
0.470162,-0.245134,0.0308079;-1.59082,0.0990882,-1.53787
0.466841,-0.247005,0.0316725;-1.58546,0.141257,-1.52272
0.470929,-0.254579,0.0287271;-1.57089,8.06153e-05,-1.56377
0.469701,-0.25759,0.0285793;-1.57054,-0.121115,-1.57084
0.469996,-0.258051,0.0285787;-1.57048,-0.158574,-1.57081
0.472398,-0.255041,0.0288111;-1.56996,-0.00236565,-1.56052
0.472943,-0.245894,0.0305555;-1.58329,0.108998,-1.53727
0.46919,-0.248665,0.0325629;-1.60701,0.173609,-1.52334
0.474547,-0.258924,0.0288062;-1.57117,0.102596,-1.58112
0.473825,-0.257314,0.0288882;-1.57175,0.00179991,-1.58422
0.475042,-0.255105,0.0290101;-1.58438,-0.0757727,-1.57904
0.476782,-0.252399,0.0288538;-1.56453,-0.00814498,-1.56271
0.477111,-0.24671,0.0293714;-1.57402,0.0722385,-1.55347
0.474838,-0.244945,0.0298574;-1.58751,0.114217,-1.54332
0.47617,-0.25132,0.0296794;-1.57428,0.0933597,-1.54856
0.474911,-0.255141,0.0285658;-1.5705,-0.0309156,-1.5715
0.475093,-0.254165,0.0285862;-1.57073,-0.134763,-1.57091
0.476182,-0.252381,0.0288367;-1.57122,-0.164078,-1.58262
0.475914,-0.249637,0.0292663;-1.58738,-0.0529244,-1.56445
0.473447,-0.243116,0.0317184;-1.60786,0.0637552,-1.54002
0.471045,-0.250552,0.031213;-1.57132,0.123761,-1.52756
0.471087,-0.256795,0.0287679;-1.57127,0.025856,-1.56185
0.470263,-0.258812,0.0285862;-1.5704,-0.100407,-1.57082
0.470596,-0.259238,0.0285799;-1.57082,-0.133576,-1.57075
0.472736,-0.256712,0.0288781;-1.56469,-0.0192322,-1.56244
0.474305,-0.247957,0.0303818;-1.57359,0.0937222,-1.53861
0.472069,-0.250489,0.0318279;-1.58524,0.188115,-1.52222
0.47388,-0.255216,0.0311563;-1.56334,0.144754,-1.54996
0.47478,-0.255111,0.029013;-1.57197,0.0250561,-1.58978
0.47648,-0.248905,0.0289973;-1.58374,-0.131419,-1.57978
0.476542,-0.248941,0.0285935;-1.57076,-0.0979429,-1.57145
0.477826,-0.246737,0.0288826;-1.56531,-0.00361306,-1.55974
0.475927,-0.243662,0.0308568;-1.58453,0.112191,-1.53493
0.477674,-0.247647,0.0315427;-1.57577,0.0889481,-1.52536
0.477827,-0.252574,0.0286775;-1.57075,-0.00422264,-1.56535
0.476046,-0.25592,0.0285796;-1.57089,-0.238824,-1.57063
0.476319,-0.255226,0.0287205;-1.57094,-0.225472,-1.57757
0.475728,-0.256182,0.0288603;-1.58429,-0.136077,-1.57301
0.471266,-0.246768,0.0332066;-1.62858,0.104056,-1.52829
0.471803,-0.249289,0.0326453;-1.60607,0.114528,-1.52927
0.472161,-0.257517,0.0286898;-1.57089,0.00129491,-1.56561
0.470608,-0.262266,0.0285783;-1.57047,-0.265741,-1.5706
0.470946,-0.261782,0.0286295;-1.56824,-0.232983,-1.56999
0.472828,-0.25865,0.0289373;-1.56205,-0.121967,-1.56076
0.472828,-0.25865,0.0289373;-1.56205,-0.121967,-1.56076
0.473806,-0.246642,0.0315178;-1.57242,0.0268999,-1.52425
0.473806,-0.246642,0.0315178;-1.57242,0.0268999,-1.52425
