0.5,-0.3,0.06;-1.57,-2.98023e-08,-1.57
0.5,-0.3,0.06;-1.57,-2.98023e-08,-1.57
0.5,-0.3,0.06;-1.57,-2.98023e-08,-1.57
0.498546,-0.295199,0.0288899;-1.56865,-0.277116,-1.58375
0.49904,-0.294776,0.0287905;-1.56833,-0.250859,-1.57794
0.498436,-0.287847,0.0299578;-1.56733,-0.142633,-1.55045
0.494363,-0.283556,0.0318914;-1.58388,-0.0314159,-1.52777
0.497339,-0.287024,0.028867;-1.56992,-0.237661,-1.58472
0.498732,-0.283811,0.0288925;-1.57504,-0.335558,-1.58304
0.500082,-0.281039,0.028864;-1.57447,-0.41834,-1.58234
0.498293,-0.284588,0.0290252;-1.57522,-0.337118,-1.58912
0.495571,-0.285853,0.0297318;-1.58282,-0.192305,-1.56657
0.489553,-0.275297,0.0364508;-1.68882,-0.0327977,-1.54224
0.491251,-0.281586,0.0353903;-1.70416,-0.0245542,-1.58079
0.493894,-0.291056,0.0327093;-1.58836,-0.106825,-1.62806
0.492844,-0.293459,0.0337861;-1.58234,-0.20123,-1.63893
0.493652,-0.289915,0.0320563;-1.57211,-0.216052,-1.62805
0.493291,-0.285297,0.0315595;-1.5483,-0.0627438,-1.59418
0.490951,-0.274443,0.0355357;-1.59879,0.0594621,-1.55401
0.489027,-0.268686,0.0345286;-1.6578,0.167682,-1.53897
0.492932,-0.281126,0.0300186;-1.53437,0.0718307,-1.56897
0.491536,-0.280846,0.0290608;-1.56704,-0.0255464,-1.59019
0.490178,-0.278204,0.0289044;-1.56852,-0.128685,-1.58383
0.491005,-0.278951,0.0292263;-1.55123,-0.095161,-1.57965
0.491281,-0.277806,0.0325398;-1.49837,0.0156542,-1.56432
0.491167,-0.269457,0.0349717;-1.49493,0.112575,-1.54757
0.492592,-0.269645,0.0299565;-1.53974,0.0293427,-1.57135
0.492087,-0.265732,0.0287482;-1.57128,-0.169562,-1.57852
0.493027,-0.263741,0.0287789;-1.57604,-0.205996,-1.57787
0.493259,-0.262921,0.0288767;-1.5707,-0.218443,-1.58479
0.491484,-0.247329,0.0325036;-1.60764,-0.015336,-1.53442
0.487497,-0.244041,0.0350746;-1.65886,0.0548957,-1.53022
0.48911,-0.248154,0.0357086;-1.69389,0.0488059,-1.54742
0.493105,-0.254645,0.0327273;-1.5772,-0.0738435,-1.62997
0.493654,-0.256478,0.0335625;-1.59721,-0.12357,-1.6316
0.492893,-0.258558,0.0334692;-1.5878,-0.111802,-1.63496
0.492056,-0.256487,0.0301583;-1.604,-0.0764169,-1.58255
0.490169,-0.252421,0.0326725;-1.6321,-0.0186275,-1.55306
0.488677,-0.25121,0.0336471;-1.64725,0.014257,-1.54653
0.49048,-0.259652,0.028995;-1.56849,-0.0423819,-1.5883
0.4889,-0.261884,0.0289379;-1.57681,-0.0146964,-1.58194
0.488019,-0.263811,0.0288289;-1.57334,0.00109354,-1.58109
0.487761,-0.267909,0.0288086;-1.56533,0.137783,-1.577
0.486631,-0.270259,0.0299311;-1.55169,0.252341,-1.56392
0.484765,-0.267345,0.0323297;-1.55727,0.347677,-1.53314
0.485313,-0.271239,0.0289391;-1.55962,0.202436,-1.57917
0.483723,-0.269277,0.0289039;-1.56682,0.104275,-1.58281
0.482812,-0.270808,0.0288392;-1.56945,0.0578656,-1.58201
0.481975,-0.274728,0.0289854;-1.56463,0.11607,-1.58482
0.482697,-0.271439,0.0293957;-1.55779,0.152201,-1.57057
0.482529,-0.259972,0.0315959;-1.56104,0.183854,-1.54441
0.492579,-0.242797,0.0309683;-1.61333,0.0380785,-1.58851
0.494008,-0.24402,0.0315091;-1.5764,-0.0176022,-1.6156
0.492695,-0.250252,0.033046;-1.59294,-0.0495439,-1.62657
0.486819,-0.266587,0.0310999;-1.56849,0.0944061,-1.61551
0.48618,-0.264838,0.0298883;-1.57911,0.160297,-1.58931
0.485533,-0.255783,0.0324392;-1.63458,0.196375,-1.54856
0.496258,-0.243624,0.0291304;-1.59315,0.0141197,-1.57504
0.497263,-0.24327,0.0289568;-1.57126,-0.039042,-1.58865
0.497965,-0.243768,0.0290401;-1.57991,-0.0889914,-1.5847
0.497984,-0.246763,0.0286955;-1.57065,-0.0399938,-1.57628
0.497676,-0.247032,0.0288397;-1.56611,0.0404178,-1.56225
0.494612,-0.245853,0.0308341;-1.58392,0.107072,-1.5324
0.495276,-0.244129,0.0303423;-1.57266,0.113903,-1.5422
0.496543,-0.246683,0.0286385;-1.56836,0.0662951,-1.57156
0.495139,-0.245708,0.0289458;-1.56415,-0.0228222,-1.58155
0.493765,-0.246852,0.0287901;-1.57045,-0.0824428,-1.58082
0.494094,-0.250047,0.0288406;-1.56613,-0.0111932,-1.57839
0.493576,-0.254492,0.0294127;-1.55642,0.0950852,-1.5615
0.492206,-0.250171,0.0312071;-1.5672,0.157844,-1.54274
0.495945,-0.248577,0.0335412;-1.51238,0.0928539,-1.58198
0.497746,-0.247341,0.030765;-1.56663,0.0126046,-1.61131
0.498029,-0.258318,0.0334332;-1.5775,-0.0310557,-1.63738
0.497292,-0.261997,0.0319101;-1.57079,0.0144988,-1.62416
0.49679,-0.264717,0.030617;-1.56251,0.111036,-1.60129
0.493657,-0.255405,0.0337782;-1.56627,0.242723,-1.54491
0.497468,-0.249277,0.0360137;-1.49098,0.149421,-1.5645
0.500024,-0.245991,0.0290842;-1.57914,0.024314,-1.58765
0.499677,-0.245931,0.0296275;-1.56634,-0.173449,-1.58993
0.500234,-0.247255,0.0290167;-1.56278,-0.163477,-1.58251
0.500602,-0.247402,0.0285955;-1.57031,-0.122439,-1.56999
0.492195,-0.245347,0.0321018;-1.58496,0.0846416,-1.51749
0.494648,-0.242746,0.0313995;-1.58607,0.0455059,-1.5351
0.498494,-0.245173,0.0286102;-1.56944,-0.0648373,-1.57108
0.498673,-0.248002,0.0291115;-1.56153,-0.178716,-1.58153
0.499035,-0.248666,0.0288061;-1.56876,-0.109951,-1.57985
0.499009,-0.2491,0.0286194;-1.56857,-0.0189699,-1.57044
0.492085,-0.248976,0.0319852;-1.59395,0.163149,-1.52465
0.493332,-0.252209,0.0331736;-1.59909,0.154078,-1.53891
0.495486,-0.25428,0.0294306;-1.59217,0.121021,-1.57581
0.498975,-0.252474,0.0322303;-1.58978,-0.0507435,-1.61637
0.500051,-0.253054,0.0314878;-1.57484,-0.0652283,-1.61832
0.500089,-0.253341,0.0303896;-1.58499,-0.0702025,-1.60325
0.493191,-0.251643,0.0338596;-1.66164,0.133429,-1.55581
0.492697,-0.250919,0.0346853;-1.68324,0.180976,-1.554
0.492449,-0.256757,0.0318225;-1.63563,0.230368,-1.56294
0.492147,-0.258781,0.0297603;-1.56782,0.106516,-1.59337
0.492549,-0.257542,0.0289185;-1.56947,-0.0392344,-1.58581
0.492691,-0.259341,0.0289912;-1.56342,-0.00836907,-1.58319
0.493765,-0.260176,0.0289526;-1.55441,0.0571671,-1.56926
0.493355,-0.251978,0.0314871;-1.57085,0.154462,-1.5275
0.495797,-0.250425,0.0311711;-1.54795,0.0795,-1.5493
0.495643,-0.249812,0.0286288;-1.57048,-0.0310648,-1.57319
0.493833,-0.247883,0.0287751;-1.56766,-0.19932,-1.57668
0.494283,-0.248076,0.0288468;-1.56769,-0.17874,-1.57984
0.495469,-0.246659,0.0289646;-1.55363,-0.116236,-1.56622
0.490184,-0.238454,0.0325548;-1.60506,0.0972918,-1.52068
0.492392,-0.241458,0.0333403;-1.63082,0.0830046,-1.54022
0.496839,-0.243096,0.0291911;-1.57751,0.0105882,-1.58717
0.500221,-0.245587,0.0321329;-1.58832,-0.140678,-1.61948
0.501124,-0.246592,0.0318381;-1.58009,-0.152266,-1.6212
0.501357,-0.246176,0.0309662;-1.58457,-0.144083,-1.6082
0.496395,-0.238685,0.0342489;-1.66884,-0.0294937,-1.55788
0.495092,-0.239839,0.0346167;-1.68202,-0.00831766,-1.56088
0.496218,-0.243738,0.0316354;-1.631,-0.0307895,-1.58421
0.494321,-0.24839,0.0296499;-1.57894,-0.038869,-1.59035
0.493742,-0.250601,0.0289558;-1.57633,-0.0272292,-1.58333
0.493618,-0.252057,0.0287387;-1.5708,0.00247121,-1.5782
0.489776,-0.252109,0.0312144;-1.57434,0.155516,-1.53148
0.486273,-0.257223,0.0319414;-1.56975,0.22043,-1.5234
0.487649,-0.259127,0.0301209;-1.56646,0.201328,-1.54963
0.486812,-0.261707,0.0287611;-1.5679,0.131068,-1.57701
0.486081,-0.262288,0.0287102;-1.57038,0.075779,-1.57678
0.485828,-0.263847,0.028693;-1.57047,0.0700953,-1.57624
0.486209,-0.262698,0.0291799;-1.56286,0.125324,-1.55917
0.486233,-0.255414,0.0308911;-1.57404,0.194769,-1.53618
0.488714,-0.252032,0.0306224;-1.57412,0.177194,-1.54112
0.490716,-0.252167,0.0300662;-1.57079,0.119508,-1.59889
0.491079,-0.256669,0.0315523;-1.57959,0.0466281,-1.61307
0.491528,-0.259229,0.0318199;-1.58327,0.0200907,-1.61427
0.490348,-0.264446,0.0303721;-1.59502,0.0967234,-1.58523
0.489476,-0.258139,0.0323665;-1.63078,0.162572,-1.54911
0.491017,-0.252782,0.0345349;-1.67058,0.168484,-1.53537
0.498375,-0.252203,0.0291067;-1.56726,0.0420732,-1.59357
0.498057,-0.252202,0.0296028;-1.58257,0.00295881,-1.5878
0.498383,-0.253411,0.0290184;-1.57799,-0.0389731,-1.58484
0.496995,-0.255992,0.0287407;-1.56855,0.114191,-1.56539
0.496761,-0.251439,0.0305313;-1.57683,0.178223,-1.53854
0.49555,-0.247762,0.0324315;-1.58979,0.233435,-1.51285
0.500728,-0.249581,0.0286237;-1.5687,0.108006,-1.57118
0.499169,-0.248973,0.0287419;-1.56696,0.0122574,-1.57476
0.498488,-0.249573,0.0286652;-1.5705,-0.0519009,-1.57494
0.498282,-0.251749,0.0286569;-1.56706,-0.00722325,-1.57042
0.498457,-0.24926,0.0296996;-1.56709,0.0661801,-1.55295
0.496533,-0.247526,0.031509;-1.57411,0.127066,-1.52664
0.49937,-0.246475,0.028748;-1.57096,0.0540783,-1.57912
0.499205,-0.247652,0.0296688;-1.56834,0.0330581,-1.59377
0.498997,-0.253368,0.0305974;-1.57438,0.0400637,-1.60484
0.497174,-0.265764,0.0299109;-1.56818,0.12853,-1.60014
0.497209,-0.266732,0.0295947;-1.57039,0.195834,-1.57935
0.496598,-0.261178,0.032537;-1.55456,0.249034,-1.55014
0.49987,-0.248876,0.0350056;-1.46882,0.143466,-1.59132
0.500891,-0.245355,0.0331689;-1.50003,0.0537785,-1.59321
0.501717,-0.240649,0.0305475;-1.57481,-0.065384,-1.60251
0.501351,-0.244403,0.0289193;-1.57065,-0.0882914,-1.58696
0.501833,-0.244169,0.0286596;-1.56916,-0.0789661,-1.56809
0.500816,-0.241322,0.0294634;-1.57272,-0.0202837,-1.55439
0.499032,-0.237369,0.031337;-1.57423,0.0177556,-1.53152
0.500979,-0.237377,0.0287811;-1.5628,-0.0301967,-1.56884
0.500691,-0.238885,0.0290002;-1.55623,-0.0528437,-1.57569
0.500425,-0.241984,0.0287307;-1.56857,-0.0744054,-1.57574
0.50038,-0.243647,0.0285976;-1.56996,-0.0369003,-1.57123
0.499617,-0.24296,0.029599;-1.57037,0.0213353,-1.55375
0.495715,-0.245751,0.0320429;-1.56595,0.142935,-1.52262
0.498247,-0.245111,0.0293924;-1.57231,0.0811061,-1.55914
0.498812,-0.242097,0.0289375;-1.5702,-0.0598909,-1.58776
0.500333,-0.244189,0.030369;-1.57905,-0.157087,-1.6013
0.499702,-0.246279,0.0304869;-1.57355,-0.112996,-1.60585
0.498222,-0.24952,0.0297515;-1.57149,0.0104226,-1.59124
0.49311,-0.247986,0.0347962;-1.65881,0.228747,-1.53008
0.495703,-0.250628,0.0346215;-1.59795,0.227665,-1.56335
0.497577,-0.251661,0.029557;-1.56821,0.160632,-1.59543
0.495767,-0.254532,0.030653;-1.56861,-0.0328034,-1.60621
0.496231,-0.25873,0.0296469;-1.56168,-0.0257514,-1.5915
0.497022,-0.261316,0.0290207;-1.55702,0.0156388,-1.57815
0.497024,-0.253573,0.0318606;-1.57209,0.168334,-1.52437
0.498785,-0.249742,0.0319411;-1.55365,0.129729,-1.5349
0.49997,-0.251087,0.0286003;-1.56977,0.0592714,-1.5704
0.498355,-0.248976,0.0288705;-1.56406,-0.0949764,-1.57729
0.498366,-0.248655,0.0287815;-1.56633,-0.0995119,-1.57547
0.498274,-0.247404,0.0286394;-1.57121,-0.113537,-1.57346
0.498274,-0.247404,0.0286394;-1.57121,-0.113537,-1.57346
0.497768,-0.243888,0.0289582;-1.56772,-0.0587469,-1.56412
0.497768,-0.243888,0.0289582;-1.56772,-0.0587469,-1.56412
