0.5,-0.3,0.06;-1.57,-2.98023e-08,-1.57
0.5,-0.3,0.06;-1.57,-2.98023e-08,-1.57
0.5,-0.3,0.06;-1.57,-2.98023e-08,-1.57
0.500613,-0.29647,0.0285753;-1.56937,-0.293404,-1.57332
0.500888,-0.296556,0.028648;-1.56799,-0.273664,-1.57134
0.501076,-0.298865,0.0309286;-1.52378,-0.174091,-1.55908
0.501488,-0.298332,0.035583;-1.44602,-0.0932145,-1.55775
0.500482,-0.292343,0.0287855;-1.57045,-0.232676,-1.58029
0.499393,-0.290176,0.0286578;-1.57093,-0.333018,-1.57464
0.499172,-0.288216,0.028665;-1.571,-0.421027,-1.57519
0.497681,-0.29028,0.0290337;-1.58445,-0.319876,-1.58386
0.496911,-0.289578,0.0301011;-1.59253,-0.248171,-1.57338
0.49554,-0.285019,0.0365164;-1.65238,-0.171949,-1.55868
0.498948,-0.280925,0.0344263;-1.67841,-0.216563,-1.58725
0.501366,-0.281605,0.0317488;-1.65259,-0.272545,-1.5973
0.502656,-0.279856,0.0303596;-1.61377,-0.329045,-1.59496
0.500985,-0.278533,0.0321906;-1.65507,-0.290682,-1.59775
0.498205,-0.276423,0.0328103;-1.657,-0.227158,-1.58738
0.494086,-0.271387,0.0361923;-1.68108,-0.132584,-1.56134
0.492642,-0.26646,0.0347573;-1.64251,-0.100441,-1.54363
0.495884,-0.273563,0.0289167;-1.56104,-0.191695,-1.5623
0.494765,-0.273926,0.0287658;-1.57066,-0.278648,-1.57969
0.49388,-0.272235,0.0286399;-1.57074,-0.383999,-1.57357
0.494521,-0.272699,0.028647;-1.56832,-0.306638,-1.57106
0.495278,-0.267139,0.0308921;-1.52741,-0.191579,-1.55558
0.493999,-0.266576,0.0339143;-1.50385,-0.125985,-1.5401
0.494371,-0.268397,0.0292934;-1.55233,-0.182638,-1.56594
0.493901,-0.266039,0.0286033;-1.57005,-0.357433,-1.57257
0.493692,-0.265974,0.0288259;-1.57651,-0.344393,-1.57918
0.493428,-0.267532,0.0289471;-1.57311,-0.297364,-1.5866
0.492693,-0.271581,0.0334218;-1.52764,-0.157638,-1.56804
0.492232,-0.269752,0.0416171;-1.49161,-0.0918782,-1.55794
0.494691,-0.267527,0.0401047;-1.59192,-0.158251,-1.59077
0.496894,-0.266836,0.0318468;-1.57758,-0.273141,-1.61981
0.496279,-0.266546,0.0323736;-1.58851,-0.282882,-1.62367
0.496326,-0.266258,0.0324629;-1.58055,-0.25188,-1.62429
0.495323,-0.265394,0.0305376;-1.56726,-0.109606,-1.58762
0.492424,-0.255605,0.0351265;-1.61504,0.00632356,-1.55859
0.49122,-0.24484,0.0347754;-1.65411,0.0179214,-1.55329
0.49574,-0.247949,0.0287558;-1.57061,-0.132481,-1.57906
0.495256,-0.248002,0.0286856;-1.569,-0.185651,-1.5739
0.49493,-0.248501,0.0287218;-1.56926,-0.195544,-1.57592
0.494846,-0.247891,0.0286533;-1.56977,-0.0820667,-1.56733
0.49294,-0.24543,0.0297815;-1.57073,-0.0123263,-1.55579
0.489967,-0.244321,0.0320894;-1.5843,0.0619027,-1.53587
0.493656,-0.239271,0.0286504;-1.57075,-0.0610482,-1.57408
0.49326,-0.240989,0.0289081;-1.56876,-0.0954414,-1.58374
0.49411,-0.245963,0.0297119;-1.56654,-0.167365,-1.58978
0.493475,-0.247374,0.0291268;-1.58148,-0.132711,-1.58763
0.492579,-0.247186,0.0320724;-1.64054,-0.0861752,-1.58062
0.491371,-0.243088,0.0355557;-1.70491,-0.0463654,-1.57792
0.497031,-0.240967,0.0332914;-1.63794,-0.0962763,-1.60497
0.498749,-0.244497,0.0312945;-1.58724,-0.151563,-1.61079
0.498653,-0.247063,0.0325499;-1.59583,-0.188374,-1.623
0.496715,-0.248478,0.0307958;-1.61955,-0.123778,-1.58359
0.494842,-0.247329,0.0318367;-1.63893,-0.0832862,-1.57664
0.492344,-0.245368,0.0349759;-1.66884,-0.0355727,-1.55634
0.493953,-0.240124,0.0289199;-1.58351,-0.0396804,-1.56789
0.494103,-0.240727,0.0287143;-1.57064,-0.0859429,-1.57715
0.493876,-0.244065,0.0290439;-1.56073,-0.131769,-1.58158
0.493953,-0.244571,0.0286436;-1.57077,-0.106649,-1.57382
0.492364,-0.244819,0.0287727;-1.57979,-0.0478015,-1.57129
0.489359,-0.243758,0.0310768;-1.58349,0.0191312,-1.54511
0.488082,-0.246231,0.0308924;-1.5739,-0.000740558,-1.53748
0.48903,-0.246769,0.028592;-1.5707,-0.0619421,-1.57146
0.489121,-0.245429,0.0287862;-1.57067,-0.124944,-1.58066
0.488943,-0.245707,0.0290287;-1.57786,-0.13029,-1.58596
0.487328,-0.247664,0.030011;-1.61222,-0.0877284,-1.57867
0.485112,-0.248485,0.0330973;-1.6664,-0.0456907,-1.57804
0.483056,-0.245814,0.0378118;-1.75095,-0.000256598,-1.56582
0.486443,-0.247424,0.0361938;-1.72876,-0.0582055,-1.58331
0.489725,-0.246112,0.0325527;-1.64639,-0.125657,-1.59352
0.487893,-0.251343,0.0312926;-1.59602,-0.128815,-1.60597
0.484551,-0.254785,0.0298753;-1.57899,-0.0515525,-1.59629
0.481376,-0.256392,0.0304735;-1.61149,0.0180184,-1.57939
0.473923,-0.252156,0.0345101;-1.6604,0.178462,-1.54413
0.477335,-0.244735,0.0316184;-1.60945,0.135164,-1.54601
0.479325,-0.24211,0.0286963;-1.57116,0.0782982,-1.57656
0.476978,-0.241986,0.0288441;-1.56308,-0.0948316,-1.57549
0.477101,-0.2427,0.0286424;-1.5706,-0.0598394,-1.57394
0.476276,-0.244025,0.0286354;-1.57315,0.00110903,-1.57144
0.471589,-0.246541,0.0306302;-1.61122,0.118478,-1.57009
0.474467,-0.244334,0.0316121;-1.60342,0.0885823,-1.54962
0.477199,-0.242434,0.028809;-1.5816,0.0452252,-1.57077
0.47706,-0.242869,0.0289354;-1.57591,-0.100565,-1.58317
0.476879,-0.244094,0.0292355;-1.58294,-0.091497,-1.58792
0.474593,-0.24758,0.0304939;-1.60077,-0.0302899,-1.58831
0.469438,-0.250875,0.0356197;-1.70847,0.0905238,-1.56834
0.474013,-0.242592,0.0347375;-1.69487,0.0503333,-1.56883
0.475434,-0.241608,0.0334009;-1.6584,0.0246138,-1.58321
0.475034,-0.245059,0.0309056;-1.58675,-0.0629999,-1.60301
0.473943,-0.24641,0.0307019;-1.57964,-0.0435283,-1.60576
0.472395,-0.248782,0.0307912;-1.58838,0.00300068,-1.60319
0.470167,-0.250495,0.0334299;-1.67017,0.0751157,-1.56822
0.47093,-0.248146,0.0319209;-1.63793,0.0724949,-1.56632
0.471267,-0.247556,0.0303254;-1.60807,0.0747828,-1.56827
0.473466,-0.246658,0.0286358;-1.57078,-0.0376809,-1.57342
0.472837,-0.24653,0.0286651;-1.5681,-0.0677383,-1.57196
0.472976,-0.247264,0.0285769;-1.57111,-0.0248629,-1.57084
0.472333,-0.247813,0.0288312;-1.58262,0.0212991,-1.571
0.472433,-0.2475,0.031482;-1.62257,0.0612497,-1.5589
0.476329,-0.245935,0.0307475;-1.61797,0.0246122,-1.56754
0.478967,-0.245998,0.0289776;-1.58135,-0.0437317,-1.57971
0.478475,-0.247894,0.0292456;-1.5861,-0.0689351,-1.5843
0.476388,-0.250758,0.0300981;-1.58264,-0.0227039,-1.59683
0.473308,-0.253229,0.0309379;-1.60943,0.050185,-1.58555
0.47044,-0.254272,0.0365211;-1.72933,0.139616,-1.55699
0.475727,-0.247801,0.035804;-1.71694,0.0893402,-1.56086
0.478594,-0.246037,0.0333223;-1.65279,0.0370715,-1.59039
0.480099,-0.245393,0.0306183;-1.59358,-0.0483201,-1.59802
0.477192,-0.248053,0.0304751;-1.58012,-0.00962454,-1.6016
0.474404,-0.250491,0.0304476;-1.60124,0.056259,-1.58901
0.469473,-0.252763,0.0335847;-1.6731,0.160599,-1.5608
0.472652,-0.251496,0.0333778;-1.65133,0.123958,-1.54602
0.475571,-0.25275,0.0288138;-1.57771,0.0781095,-1.57448
0.475166,-0.251633,0.0287527;-1.57085,-0.0130089,-1.57923
0.475473,-0.251627,0.0286589;-1.57002,-0.0104347,-1.57391
0.474794,-0.252505,0.0286494;-1.57147,0.0427695,-1.57316
0.470714,-0.252276,0.0307409;-1.61728,0.153812,-1.56865
0.472281,-0.250626,0.0329735;-1.64015,0.138648,-1.54708
0.475672,-0.25076,0.0304669;-1.61577,0.0902783,-1.56155
0.479039,-0.249508,0.0289766;-1.57679,-0.0283882,-1.58377
0.477847,-0.249634,0.0291723;-1.58724,-0.0381838,-1.58336
0.475784,-0.251996,0.0294249;-1.58289,0.00476741,-1.58838
0.474071,-0.250215,0.0336829;-1.67727,0.0661465,-1.56533
0.473069,-0.248623,0.0362584;-1.72728,0.0829529,-1.55842
0.475185,-0.247672,0.0363768;-1.70976,0.064674,-1.54966
0.482346,-0.245552,0.0292501;-1.58228,-0.0384516,-1.58622
0.481768,-0.245852,0.0296174;-1.59002,-0.0653368,-1.58788
0.480657,-0.246194,0.0294348;-1.58925,-0.0635845,-1.58428
0.477698,-0.246015,0.0302972;-1.60642,0.00646211,-1.56418
0.477288,-0.2441,0.0328754;-1.63971,0.0322685,-1.55251
0.476953,-0.244948,0.0349955;-1.63835,0.0226127,-1.52223
0.480134,-0.247717,0.0287073;-1.57069,-0.0713767,-1.57674
0.480165,-0.247205,0.0287187;-1.5704,-0.0910438,-1.57704
0.479908,-0.247167,0.0287446;-1.57076,-0.0995886,-1.57881
0.479153,-0.246995,0.0286774;-1.57044,-0.00925799,-1.56431
0.477002,-0.246086,0.02928;-1.57532,0.0329286,-1.55898
0.474124,-0.244512,0.0325052;-1.61278,0.0712177,-1.54132
0.479618,-0.242414,0.0290166;-1.5863,-0.000474304,-1.57676
0.480506,-0.242317,0.0290439;-1.57895,-0.0472959,-1.58512
0.480124,-0.243843,0.0293177;-1.5866,-0.0562089,-1.58509
0.475852,-0.247622,0.0311495;-1.63261,0.0215715,-1.57185
0.473876,-0.248129,0.033247;-1.67109,0.056855,-1.56841
0.47181,-0.247418,0.035134;-1.70146,0.0888232,-1.55542
0.475525,-0.253319,0.0315171;-1.63928,-0.00408257,-1.57365
0.477023,-0.25335,0.029218;-1.58708,-0.0452789,-1.58582
0.477177,-0.252277,0.0298808;-1.59957,-0.061515,-1.58532
0.47107,-0.256187,0.0292278;-1.59739,0.0360497,-1.57461
0.469143,-0.25394,0.0294864;-1.58926,0.105892,-1.56951
0.466688,-0.252909,0.031905;-1.61723,0.13743,-1.54823
0.470197,-0.253859,0.0289736;-1.5843,0.0760802,-1.56948
0.470945,-0.253777,0.0289374;-1.57251,0.0186696,-1.58623
0.47168,-0.25287,0.0290187;-1.58226,-0.0189897,-1.58051
0.470017,-0.255196,0.0289906;-1.57396,0.0389751,-1.5869
0.46841,-0.256471,0.0290437;-1.58339,0.121165,-1.57898
0.467129,-0.256663,0.0297937;-1.59759,0.182853,-1.57274
0.472009,-0.250868,0.0335019;-1.64969,0.18991,-1.53883
0.47605,-0.248557,0.0297087;-1.60424,0.131432,-1.56891
0.476785,-0.248428,0.0291417;-1.58225,0.0937346,-1.58514
0.475189,-0.252369,0.0297065;-1.58496,0.0741222,-1.58865
0.472775,-0.254368,0.0302949;-1.6057,0.11676,-1.57865
0.469286,-0.255099,0.0323142;-1.65432,0.179435,-1.56123
0.465623,-0.253169,0.0339816;-1.68343,0.245935,-1.54651
0.470273,-0.250101,0.0311585;-1.61756,0.18679,-1.55287
0.472815,-0.249636,0.0289096;-1.57068,0.120411,-1.58659
0.472608,-0.251065,0.0287929;-1.57226,0.0467633,-1.57926
0.471383,-0.252395,0.0288848;-1.57158,0.0772168,-1.58435
0.46983,-0.253087,0.0292447;-1.59858,0.116825,-1.57242
0.467367,-0.252317,0.0327125;-1.65352,0.173827,-1.54823
0.471037,-0.251404,0.0318837;-1.63426,0.142035,-1.5567
0.472743,-0.251799,0.0288076;-1.57789,0.102549,-1.57385
0.47331,-0.252264,0.028857;-1.57379,0.0317404,-1.58076
0.472582,-0.253419,0.0290481;-1.58038,0.043571,-1.58317
0.469986,-0.254848,0.0292542;-1.59345,0.106275,-1.5784
0.460156,-0.258221,0.0343814;-1.68592,0.247504,-1.54822
0.464639,-0.255564,0.0339794;-1.67736,0.206194,-1.54729
0.468966,-0.254558,0.0303192;-1.62558,0.14177,-1.57058
0.469878,-0.256347,0.0294641;-1.58577,0.0846682,-1.58464
0.468449,-0.258481,0.0293749;-1.58475,0.102333,-1.58433
0.464442,-0.260408,0.0300785;-1.61015,0.159096,-1.5692
0.464442,-0.260408,0.0300785;-1.61015,0.159096,-1.5692
0.461338,-0.260286,0.0317482;-1.64166,0.196552,-1.56068
0.461338,-0.260286,0.0317482;-1.64166,0.196552,-1.56068
