0.5,-0.3,0.06;-1.57,-2.98023e-08,-1.57
0.5,-0.3,0.06;-1.57,-2.98023e-08,-1.57
0.5,-0.3,0.06;-1.57,-2.98023e-08,-1.57
0.500255,-0.297109,0.0286359;-1.57128,-0.262973,-1.57418
0.50036,-0.297348,0.0288466;-1.57013,-0.207713,-1.5834
0.500883,-0.287884,0.0300336;-1.56402,-0.087769,-1.57074
0.498567,-0.269934,0.0367148;-1.71925,-0.00684386,-1.56977
0.503807,-0.27883,0.0288684;-1.57082,-0.197801,-1.58557
0.504788,-0.276948,0.0286606;-1.57011,-0.282236,-1.57511
0.505932,-0.273912,0.0286945;-1.57734,-0.378137,-1.57288
0.504563,-0.275434,0.028901;-1.57047,-0.286901,-1.58592
0.504333,-0.269641,0.0297679;-1.58158,-0.175104,-1.58221
0.500312,-0.249476,0.0367732;-1.71276,-0.0249656,-1.57539
0.502469,-0.24839,0.0355675;-1.68579,-0.112533,-1.56892
0.506009,-0.254995,0.0297827;-1.6042,-0.219601,-1.58096
0.506248,-0.255764,0.0290843;-1.58256,-0.27439,-1.58688
0.506486,-0.256174,0.0286981;-1.57066,-0.223982,-1.57634
0.507161,-0.254258,0.0291053;-1.56855,-0.129303,-1.57753
0.505831,-0.241761,0.0327973;-1.63466,0.0170348,-1.56778
0.504937,-0.236994,0.0371057;-1.72625,0.0376272,-1.56769
0.508846,-0.236916,0.034637;-1.69089,-0.0470771,-1.58204
0.511636,-0.243543,0.0290461;-1.56832,-0.130343,-1.58809
0.511317,-0.245923,0.0294457;-1.55964,-0.160536,-1.58595
0.511717,-0.246573,0.0288168;-1.57039,-0.097584,-1.58211
0.512426,-0.2423,0.0296625;-1.58665,0.0114395,-1.58107
0.512542,-0.238427,0.0335487;-1.66567,0.0588782,-1.57585
0.515698,-0.237682,0.0333532;-1.67028,-0.00217819,-1.57808
0.518408,-0.244047,0.0292315;-1.58423,-0.150895,-1.58222
0.518063,-0.248528,0.0289853;-1.55773,-0.178096,-1.57586
0.517949,-0.248913,0.0287358;-1.56721,-0.123067,-1.57526
0.517846,-0.241399,0.0311006;-1.61678,0.0807067,-1.57409
0.516047,-0.240434,0.0353225;-1.68627,0.139064,-1.56586
0.519049,-0.240136,0.0359717;-1.71575,0.0788169,-1.56764
0.520598,-0.251789,0.0286132;-1.56751,-0.12231,-1.57144
0.522847,-0.253959,0.028611;-1.57181,-0.222659,-1.57257
0.522967,-0.254357,0.0286291;-1.57183,-0.212416,-1.57295
0.52463,-0.251036,0.0297764;-1.56922,-0.0163075,-1.58517
0.524313,-0.237799,0.0344781;-1.68227,0.109677,-1.57063
0.52497,-0.237693,0.0364309;-1.71011,0.0963215,-1.57086
0.528613,-0.242653,0.0333889;-1.67352,-0.0692988,-1.57599
0.529224,-0.246978,0.0289255;-1.58523,-0.148951,-1.57548
0.529674,-0.248337,0.0287578;-1.56898,-0.191856,-1.57727
0.53015,-0.250235,0.0288491;-1.56527,-0.0370148,-1.57874
0.532117,-0.239654,0.0301752;-1.58307,0.0901844,-1.5806
0.531036,-0.24137,0.0355864;-1.64714,0.150786,-1.57455
0.535362,-0.242189,0.0360231;-1.7088,-0.0149019,-1.58357
0.533359,-0.247937,0.0308768;-1.6167,-0.0874189,-1.58055
0.532077,-0.25519,0.0288266;-1.58198,-0.171394,-1.5738
0.533503,-0.259357,0.0286606;-1.57068,0.00628705,-1.57496
0.535305,-0.256346,0.0301426;-1.55867,0.114682,-1.58312
0.537728,-0.245452,0.0331118;-1.59986,0.209716,-1.57886
0.544524,-0.241728,0.0345298;-1.65817,0.0471779,-1.5934
0.542565,-0.253037,0.029831;-1.55782,-0.0279934,-1.5919
0.539575,-0.262782,0.0287392;-1.57374,-0.120323,-1.57587
0.541415,-0.266816,0.0286976;-1.56606,0.0301799,-1.57174
0.543548,-0.261516,0.0296655;-1.56635,0.134541,-1.58053
0.545625,-0.248216,0.0326414;-1.59566,0.253393,-1.57281
0.549701,-0.25088,0.0327791;-1.60688,0.0927393,-1.60359
0.547304,-0.261428,0.0299784;-1.5669,0.000750333,-1.59852
0.544983,-0.264041,0.0300122;-1.58226,-0.0754231,-1.58888
0.545189,-0.26729,0.0292111;-1.54858,-0.00453796,-1.56948
0.549114,-0.259744,0.0297849;-1.54555,0.110519,-1.56494
0.549161,-0.247692,0.0309534;-1.59042,0.234439,-1.55398
0.552803,-0.250617,0.0314124;-1.57452,0.167959,-1.59848
0.55453,-0.253789,0.0311436;-1.56341,0.0605576,-1.61591
0.554263,-0.255337,0.0317561;-1.57412,-0.0405775,-1.61777
0.551952,-0.256203,0.0288076;-1.56672,-0.0805524,-1.57733
0.554372,-0.258196,0.0286743;-1.56891,0.0457302,-1.57395
0.556079,-0.25425,0.0297037;-1.55251,0.156648,-1.56443
0.558438,-0.248101,0.0341499;-1.56754,0.234237,-1.58918
0.560532,-0.245886,0.0348155;-1.64743,0.135758,-1.59798
0.56243,-0.249394,0.0321923;-1.58187,0.0341129,-1.61806
0.55759,-0.261411,0.0287951;-1.5673,-0.0870942,-1.57729
0.558363,-0.262811,0.0287408;-1.56405,-0.0169592,-1.57165
0.560295,-0.259823,0.0306445;-1.52588,0.067902,-1.56587
0.561719,-0.248927,0.0356243;-1.56155,0.250496,-1.57016
0.564181,-0.243377,0.035354;-1.68608,0.153312,-1.58179
0.568164,-0.240758,0.0342465;-1.64421,0.0624141,-1.60614
0.568394,-0.248254,0.0312076;-1.58496,-0.0903006,-1.60387
0.56599,-0.252902,0.0287648;-1.56948,-0.0486508,-1.57929
0.567005,-0.25125,0.0312167;-1.51629,0.0416288,-1.56939
0.566457,-0.248009,0.0353123;-1.47956,0.22373,-1.56207
0.5678,-0.245488,0.0332429;-1.52168,0.149793,-1.59295
0.570339,-0.241034,0.0313721;-1.58951,0.0500564,-1.59544
0.575168,-0.248188,0.0333053;-1.59647,-0.105036,-1.62762
0.573581,-0.250743,0.0314991;-1.59172,-0.0829428,-1.60478
0.571238,-0.250268,0.0296145;-1.55391,0.00826905,-1.57573
0.567576,-0.246285,0.0329306;-1.56001,0.213186,-1.53584
0.568876,-0.247146,0.034864;-1.52837,0.160089,-1.57281
0.571588,-0.246401,0.0297811;-1.57615,0.0803724,-1.59287
0.576851,-0.244846,0.0315531;-1.60915,-0.061182,-1.60172
0.576334,-0.244959,0.0305391;-1.60994,-0.0538505,-1.58327
0.574263,-0.245292,0.0289416;-1.58733,-0.0163898,-1.57043
0.569587,-0.242775,0.0313417;-1.57207,0.164935,-1.52876
0.572813,-0.243242,0.0346084;-1.54731,0.145882,-1.56844
0.575449,-0.24169,0.0310012;-1.61236,0.126615,-1.57716
0.577596,-0.250116,0.0313834;-1.59112,-0.0532335,-1.60568
0.581294,-0.249466,0.0316867;-1.63714,-0.140706,-1.58873
0.578304,-0.250225,0.030581;-1.62128,-0.0811562,-1.57468
0.574741,-0.243997,0.0300799;-1.58525,0.0342155,-1.55568
0.570818,-0.245944,0.0340772;-1.56337,0.202556,-1.55438
0.572657,-0.248526,0.0315415;-1.59909,0.109262,-1.58248
0.573818,-0.250141,0.0297436;-1.57546,0.0247968,-1.59206
0.575709,-0.257824,0.0309992;-1.62084,-0.106152,-1.59129
0.574746,-0.256613,0.0322395;-1.65299,-0.0884512,-1.58141
0.571218,-0.255571,0.0305846;-1.61467,0.00314522,-1.574
0.567347,-0.246079,0.0333174;-1.5893,0.210792,-1.53392
0.57083,-0.249469,0.0362756;-1.5616,0.150403,-1.56648
0.572957,-0.250751,0.0290829;-1.58049,0.0543243,-1.58496
0.577405,-0.250901,0.0313806;-1.62355,-0.098804,-1.58657
0.577189,-0.250219,0.0322672;-1.65332,-0.0949597,-1.58269
0.572811,-0.250252,0.0321019;-1.64715,-0.00200677,-1.57348
0.566465,-0.244823,0.0325835;-1.60051,0.198203,-1.53896
0.570044,-0.246006,0.0362408;-1.51459,0.154623,-1.56444
0.57261,-0.249067,0.0289568;-1.57512,0.0568549,-1.58401
0.575635,-0.24779,0.0305015;-1.60108,-0.0923602,-1.58874
0.575846,-0.251225,0.031976;-1.63144,-0.0792516,-1.58994
0.572829,-0.253811,0.0337475;-1.67998,-0.00358806,-1.57562
0.566969,-0.245201,0.0343086;-1.66449,0.207137,-1.54362
0.567811,-0.24623,0.0339338;-1.6367,0.207489,-1.54357
0.569948,-0.251342,0.0324661;-1.54426,0.112829,-1.56264
0.571767,-0.255788,0.0303743;-1.59455,-0.0386061,-1.59447
0.574253,-0.254499,0.030586;-1.60358,-0.0883944,-1.59167
0.57393,-0.258138,0.0330987;-1.63048,-0.0443524,-1.59954
0.568247,-0.255079,0.0322445;-1.64277,0.199986,-1.55865
0.56664,-0.249326,0.035084;-1.67841,0.264897,-1.53729
0.569446,-0.251326,0.0336905;-1.6131,0.206689,-1.54078
0.570525,-0.263386,0.0301123;-1.57207,0.0365193,-1.59992
0.574365,-0.260983,0.0315524;-1.59641,-0.0393668,-1.60737
0.575432,-0.261972,0.0326542;-1.60073,-0.0495015,-1.61478
0.570311,-0.269522,0.0306435;-1.56783,0.194599,-1.5984
0.572396,-0.252827,0.0338771;-1.66997,0.324159,-1.53972
0.572875,-0.254053,0.0349262;-1.67625,0.332858,-1.53466
0.572926,-0.269289,0.0300339;-1.53838,0.131841,-1.58131
0.574034,-0.269976,0.0298724;-1.58131,0.0619227,-1.59051
0.578192,-0.267471,0.0308638;-1.59145,-0.0179209,-1.60269
0.579609,-0.273041,0.0326019;-1.5506,0.147169,-1.62815
0.581871,-0.262122,0.0331083;-1.56667,0.298301,-1.59593
0.581237,-0.255713,0.0360701;-1.68351,0.374099,-1.54182
0.580261,-0.267743,0.0295853;-1.53587,0.183952,-1.56989
0.578628,-0.272092,0.0288104;-1.57203,0.0834284,-1.58159
0.581379,-0.269427,0.0295188;-1.58598,0.00331092,-1.58703
0.584883,-0.276543,0.0326691;-1.55527,0.14509,-1.62959
0.587992,-0.266939,0.0330506;-1.56425,0.301228,-1.61051
0.587846,-0.257332,0.0367785;-1.70019,0.411978,-1.54709
0.587023,-0.267501,0.0297693;-1.52904,0.215435,-1.57588
0.583995,-0.274932,0.0297609;-1.54231,0.107405,-1.57664
0.585482,-0.276822,0.0289942;-1.57993,0.00604016,-1.58223
0.588083,-0.28,0.0313148;-1.5673,0.0683097,-1.61852
0.591098,-0.272104,0.0328624;-1.55253,0.223538,-1.61576
0.593035,-0.254102,0.0365674;-1.71287,0.349912,-1.54745
0.596099,-0.2603,0.0326103;-1.64339,0.21257,-1.56546
0.592171,-0.272535,0.0303729;-1.52637,0.103921,-1.57673
0.590804,-0.27381,0.0286551;-1.57142,0.00132772,-1.57409
0.594093,-0.277375,0.0299313;-1.57372,0.00757523,-1.60275
0.59668,-0.27746,0.0325144;-1.55518,0.118967,-1.62511
0.600811,-0.258536,0.0363974;-1.67367,0.267001,-1.57651
0.603069,-0.252778,0.0371344;-1.71062,0.251121,-1.56316
0.602953,-0.261414,0.0305037;-1.60376,0.122896,-1.57527
0.59934,-0.270436,0.0289077;-1.55897,0.022264,-1.57468
0.600383,-0.272819,0.0293113;-1.57792,-0.0522834,-1.58524
0.602211,-0.27518,0.0309572;-1.56764,0.0180724,-1.61183
0.608248,-0.26429,0.034354;-1.60834,0.150834,-1.61314
0.610474,-0.248913,0.0393155;-1.74761,0.251044,-1.56177
0.613274,-0.249742,0.0344527;-1.68147,0.15165,-1.56447
0.612965,-0.260282,0.0294174;-1.54569,0.0374198,-1.57459
0.612983,-0.262378,0.0290636;-1.59047,-0.119444,-1.5773
0.614463,-0.264093,0.0302292;-1.57669,-0.0668135,-1.59959
0.6181,-0.260762,0.0332216;-1.59441,0.0547907,-1.62003
0.619647,-0.2455,0.0385841;-1.72452,0.218015,-1.57314
0.623014,-0.242497,0.0353747;-1.69503,0.138972,-1.56761
0.625043,-0.246765,0.0298171;-1.60007,0.0373113,-1.57486
0.626067,-0.251607,0.0290318;-1.59227,-0.169491,-1.57377
0.625908,-0.252938,0.0291497;-1.59628,-0.144888,-1.57587
0.625892,-0.25441,0.0325391;-1.63592,-0.0402663,-1.58729
0.627061,-0.239955,0.0394586;-1.7568,0.14645,-1.57455
0.63091,-0.235978,0.0377541;-1.72532,0.0713641,-1.58443
0.633799,-0.23695,0.0326995;-1.64682,-0.0295816,-1.5864
0.635728,-0.239321,0.0289797;-1.59026,-0.209205,-1.5743
0.635718,-0.240664,0.0288683;-1.58495,-0.199227,-1.57361
0.632865,-0.237917,0.0311676;-1.60805,-0.0819606,-1.55622
0.632865,-0.237917,0.0311676;-1.60805,-0.0819606,-1.55622
0.630113,-0.236498,0.0380163;-1.6819,0.0327249,-1.55374
0.630113,-0.236498,0.0380163;-1.6819,0.0327249,-1.55374
