0.5,-0.3,0.06;-1.57,-2.98023e-08,-1.57
0.5,-0.3,0.06;-1.57,-2.98023e-08,-1.57
0.5,-0.3,0.06;-1.57,-2.98023e-08,-1.57
0.500692,-0.294493,0.029062;-1.58174,-0.268924,-1.58632
0.500792,-0.293664,0.0289653;-1.57285,-0.243135,-1.58738
0.499915,-0.283737,0.0301323;-1.5877,-0.120359,-1.56555
0.495731,-0.271352,0.0337027;-1.64118,0.00735895,-1.55166
0.500456,-0.276763,0.0289933;-1.57506,-0.130286,-1.58666
0.500805,-0.275624,0.0291538;-1.59082,-0.185165,-1.58252
0.50118,-0.274671,0.0292004;-1.59811,-0.200985,-1.57985
0.496488,-0.280948,0.0288964;-1.57037,0.00690823,-1.58608
0.497187,-0.277033,0.0291278;-1.57372,0.154664,-1.56733
0.494403,-0.267718,0.0335721;-1.63853,0.275601,-1.53758
0.495322,-0.269969,0.0320047;-1.63653,0.272239,-1.55127
0.494954,-0.277493,0.028896;-1.57013,0.186777,-1.58614
0.494826,-0.276994,0.0289969;-1.57958,0.148277,-1.58105
0.495729,-0.275989,0.0290377;-1.57398,0.111678,-1.58911
0.496008,-0.275396,0.0290658;-1.58791,0.152936,-1.57654
0.496092,-0.268632,0.0307905;-1.59496,0.244,-1.55937
0.495823,-0.260519,0.0338832;-1.66455,0.317643,-1.53215
0.500282,-0.263003,0.0312673;-1.63117,0.218141,-1.56055
0.502853,-0.26422,0.0288914;-1.57133,0.10356,-1.58504
0.506489,-0.261112,0.0289011;-1.58029,-0.0872948,-1.57743
0.505806,-0.26064,0.0291646;-1.59745,-0.0664422,-1.57464
0.504184,-0.259156,0.029349;-1.58647,-0.000424504,-1.56951
0.501712,-0.252236,0.0322046;-1.62296,0.0966749,-1.55254
0.502392,-0.254407,0.0301028;-1.60133,0.0856635,-1.56237
0.501746,-0.258,0.0289415;-1.57912,0.0658859,-1.57916
0.502756,-0.257574,0.028921;-1.57768,0.00436531,-1.58013
0.503236,-0.257475,0.0289204;-1.57264,-0.0206874,-1.58496
0.499848,-0.256487,0.0295666;-1.58207,0.154475,-1.56356
0.497784,-0.253944,0.0334176;-1.63258,0.234405,-1.53785
0.498302,-0.257474,0.0332702;-1.64639,0.220936,-1.53803
0.498457,-0.263392,0.0288109;-1.57078,0.155162,-1.58189
0.498892,-0.262925,0.0288188;-1.5723,0.0803514,-1.58178
0.499612,-0.261651,0.0289754;-1.58013,0.0326166,-1.58003
0.500232,-0.259518,0.0291113;-1.5928,0.00217056,-1.57461
0.498276,-0.253526,0.0310441;-1.59274,0.0647387,-1.55376
0.498637,-0.250862,0.0329572;-1.6349,0.0804923,-1.54304
0.503131,-0.254051,0.0286703;-1.57092,-0.0613101,-1.5751
0.50394,-0.252337,0.0288391;-1.57847,-0.152677,-1.57665
0.504977,-0.251075,0.0288711;-1.5849,-0.202734,-1.57457
0.50424,-0.249839,0.0288201;-1.57484,-0.138596,-1.56464
0.501908,-0.243912,0.0305949;-1.58409,-0.0465289,-1.54769
0.49835,-0.242161,0.0336974;-1.61205,0.00999891,-1.52783
0.498158,-0.248274,0.0286411;-1.57229,-0.0154748,-1.57339
0.497609,-0.249982,0.0287111;-1.57095,0.0146856,-1.57669
0.497488,-0.251104,0.0287309;-1.57149,-0.0153688,-1.57846
0.496878,-0.251971,0.0287697;-1.57357,0.0512285,-1.57717
0.496775,-0.250385,0.0287097;-1.57655,0.0886831,-1.57085
0.495643,-0.247745,0.0315532;-1.60557,0.132191,-1.55219
0.496813,-0.256269,0.0286853;-1.57478,0.0915734,-1.56937
0.496476,-0.258747,0.0287385;-1.57066,0.101043,-1.57827
0.495869,-0.261196,0.0287111;-1.57066,0.0826454,-1.57755
0.496346,-0.258527,0.0286614;-1.57066,0.0507231,-1.57464
0.497858,-0.246287,0.0292685;-1.57726,0.066581,-1.56553
0.497079,-0.241163,0.0326138;-1.61074,0.106992,-1.53881
0.501796,-0.247202,0.0297829;-1.58202,0.00024569,-1.55074
0.502683,-0.249255,0.0286271;-1.57096,-0.0734381,-1.57293
0.503478,-0.248483,0.0287564;-1.57653,-0.135815,-1.57475
0.503358,-0.248052,0.0286846;-1.57152,-0.0972464,-1.57548
0.502854,-0.24291,0.029364;-1.58018,-0.00869276,-1.55963
0.501251,-0.23872,0.031852;-1.59859,0.0585346,-1.54112
0.500883,-0.242525,0.0323605;-1.62057,0.0613599,-1.53751
0.500555,-0.248438,0.0289791;-1.58422,0.0620177,-1.56421
0.500145,-0.251975,0.0287535;-1.57049,0.0556688,-1.57905
0.499888,-0.254277,0.0287257;-1.57064,0.0603184,-1.57767
0.499928,-0.254521,0.0287282;-1.57126,0.072841,-1.57753
0.500394,-0.250916,0.0289657;-1.57595,0.116927,-1.56692
0.500962,-0.242142,0.0327647;-1.61289,0.152954,-1.53593
0.502445,-0.245771,0.0320281;-1.58582,0.112154,-1.54351
0.502375,-0.251235,0.0287117;-1.57069,0.0899752,-1.57712
0.502062,-0.253087,0.0287021;-1.57105,0.047557,-1.57647
0.502574,-0.251594,0.0287004;-1.57072,0.0135755,-1.57642
0.503531,-0.246723,0.0287124;-1.57523,0.0308038,-1.56877
0.5038,-0.2352,0.0333914;-1.6313,0.0653723,-1.54157
0.507193,-0.234885,0.0329075;-1.61955,0.0289026,-1.53705
0.509071,-0.240534,0.0287912;-1.58086,-0.0206734,-1.57112
0.508664,-0.242461,0.0287486;-1.5719,-0.0735878,-1.57765
0.508483,-0.243011,0.0286589;-1.57096,-0.0476628,-1.57446
0.507207,-0.244148,0.0287421;-1.57854,0.0355353,-1.57071
0.504385,-0.241292,0.0326653;-1.62559,0.157085,-1.5399
0.506362,-0.241358,0.033222;-1.63342,0.130897,-1.53449
0.508941,-0.246339,0.0295765;-1.59291,0.067691,-1.56407
0.507312,-0.255806,0.0287374;-1.57121,0.0201583,-1.57825
0.506949,-0.258192,0.0287423;-1.57071,0.0569678,-1.57832
0.506681,-0.259685,0.0286447;-1.5719,0.121602,-1.57286
0.506059,-0.246097,0.0324049;-1.59411,0.217639,-1.53735
0.509091,-0.240837,0.0332389;-1.57476,0.131533,-1.53277
0.513476,-0.234292,0.0298367;-1.58679,0.0248055,-1.55483
0.512584,-0.246227,0.0286698;-1.57091,-0.0837081,-1.57505
0.512688,-0.248185,0.028659;-1.57065,-0.0595265,-1.5746
0.513006,-0.248753,0.0286203;-1.57075,-0.0236563,-1.57264
0.512301,-0.235027,0.0309913;-1.58618,0.062179,-1.55171
0.514555,-0.233838,0.0311167;-1.58572,0.0158752,-1.54422
0.515209,-0.235535,0.0307046;-1.56851,-0.00640453,-1.53831
0.515989,-0.24201,0.0288179;-1.57311,-0.0828794,-1.58036
0.515189,-0.245406,0.0288507;-1.58033,-0.115206,-1.57532
0.514565,-0.248326,0.0286603;-1.57095,-0.036533,-1.57465
0.51391,-0.248979,0.0286675;-1.5744,0.0264136,-1.5713
0.512289,-0.238983,0.0323302;-1.57824,0.112474,-1.53802
0.515128,-0.233665,0.0321627;-1.54151,0.0257599,-1.54186
0.516541,-0.237996,0.0300032;-1.5413,-0.027855,-1.57872
0.515892,-0.243046,0.0287199;-1.57133,-0.0879316,-1.57779
0.515748,-0.245034,0.0287003;-1.5707,-0.0357256,-1.57647
0.515471,-0.247188,0.0286148;-1.57111,0.0429116,-1.57211
0.514336,-0.238699,0.0315291;-1.56601,0.105097,-1.54225
0.515639,-0.233761,0.03291;-1.54284,0.0309465,-1.53465
0.517172,-0.238194,0.0312856;-1.52804,-0.0265626,-1.56163
0.517825,-0.243172,0.0287231;-1.56986,-0.101106,-1.57851
0.517833,-0.243746,0.0287234;-1.56963,-0.10482,-1.57807
0.51757,-0.243646,0.0287844;-1.57469,-0.0797721,-1.57678
0.515141,-0.234305,0.031686;-1.59739,0.0256385,-1.55203
0.516515,-0.236516,0.0321809;-1.58258,-0.0186665,-1.54122
0.518898,-0.242689,0.0307512;-1.54479,-0.0932005,-1.5549
0.518632,-0.246355,0.0288413;-1.5742,-0.139338,-1.58021
0.518355,-0.248051,0.0287518;-1.57452,-0.09672,-1.57551
0.518438,-0.250506,0.0286394;-1.57092,-0.00572768,-1.57504
0.513586,-0.252569,0.0316925;-1.5738,0.238824,-1.54284
0.513525,-0.251563,0.0320365;-1.58362,0.241608,-1.5412
0.514532,-0.250273,0.0311786;-1.55518,0.136547,-1.54523
0.514058,-0.250519,0.0288692;-1.5785,-0.125543,-1.57858
0.514279,-0.251152,0.0286864;-1.57134,-0.125535,-1.57566
0.514371,-0.253744,0.0286888;-1.57072,-0.0252309,-1.5759
0.51278,-0.25577,0.0296975;-1.56911,0.179849,-1.55938
0.51095,-0.253468,0.0319214;-1.55754,0.270681,-1.54662
0.5112,-0.251849,0.0312708;-1.56839,0.213654,-1.54559
0.510657,-0.252472,0.0287912;-1.57081,-0.0535401,-1.58102
0.511182,-0.25161,0.0287123;-1.57089,-0.111817,-1.57701
0.511166,-0.252139,0.0287418;-1.57503,-0.0914745,-1.57465
0.510589,-0.252515,0.02874;-1.57371,0.0179899,-1.5715
0.509414,-0.245188,0.0304412;-1.57019,0.0840841,-1.55217
0.509483,-0.240319,0.0320327;-1.59717,0.104066,-1.54576
0.513366,-0.243461,0.0286731;-1.57178,-0.0299421,-1.57471
0.513287,-0.243414,0.0288905;-1.57765,-0.0642587,-1.57933
0.513169,-0.244924,0.0287555;-1.57089,-0.0714397,-1.57928
0.511976,-0.249564,0.0286507;-1.57424,0.100823,-1.57003
0.511483,-0.248819,0.0300037;-1.56862,0.190945,-1.5544
0.508186,-0.253813,0.0318538;-1.5529,0.316191,-1.53881
0.505267,-0.263411,0.0289053;-1.57582,0.184766,-1.55692
0.502761,-0.26314,0.0287083;-1.57063,0.0348007,-1.57706
0.503808,-0.260936,0.0288149;-1.57423,-0.0835172,-1.57886
0.504445,-0.264014,0.028716;-1.57043,0.0471557,-1.57701
0.505419,-0.260315,0.0293611;-1.56725,0.198207,-1.56504
0.50289,-0.25411,0.0314617;-1.55283,0.313003,-1.54496
0.500252,-0.269298,0.0314568;-1.53401,0.165132,-1.55219
0.496571,-0.270689,0.0285585;-1.57266,0.0180417,-1.57184
0.496985,-0.268007,0.0289234;-1.58117,-0.110638,-1.58031
0.497678,-0.264212,0.0287964;-1.57075,-0.209325,-1.58114
0.497749,-0.26154,0.0290029;-1.57067,-0.125072,-1.57006
0.496637,-0.25517,0.0312449;-1.58597,-0.00863479,-1.5542
0.497022,-0.258141,0.0296987;-1.57266,-0.095765,-1.55295
0.497062,-0.266789,0.0288954;-1.56495,-0.150163,-1.57932
0.496838,-0.267058,0.0289911;-1.58372,-0.161548,-1.58233
0.497169,-0.265083,0.0288227;-1.57045,-0.221778,-1.58234
0.497004,-0.265304,0.0289007;-1.58179,-0.17163,-1.5802
0.496357,-0.264058,0.0293172;-1.56899,-0.0394136,-1.56709
0.495292,-0.262628,0.032384;-1.61266,0.103988,-1.5538
0.496463,-0.277701,0.0289066;-1.55893,0.0421235,-1.57485
0.495661,-0.278595,0.0288139;-1.57129,-0.0113421,-1.58206
0.496122,-0.275563,0.0289119;-1.57705,-0.0894618,-1.5809
0.496029,-0.274164,0.0288659;-1.57058,-0.122619,-1.58441
0.496946,-0.268048,0.0293976;-1.5639,-0.0804088,-1.5678
0.49546,-0.256169,0.0336081;-1.63578,0.0494656,-1.55175
0.495235,-0.267188,0.0313677;-1.56391,0.0105709,-1.55384
0.494132,-0.277118,0.0290297;-1.5592,-0.0874592,-1.57971
0.494319,-0.270769,0.0289689;-1.57801,-0.217349,-1.58373
0.495436,-0.267492,0.0289804;-1.57359,-0.282499,-1.58791
0.495959,-0.266062,0.0287346;-1.57246,-0.279077,-1.57706
0.49136,-0.245803,0.0354314;-1.66008,-0.063238,-1.54242
0.49094,-0.248288,0.0350311;-1.656,-0.0919145,-1.54343
0.489383,-0.269482,0.0285908;-1.57053,-0.130233,-1.57031
0.489193,-0.275345,0.0290964;-1.5823,-0.227087,-1.58681
0.489635,-0.273624,0.0290064;-1.57669,-0.251553,-1.58673
0.489761,-0.273162,0.0290028;-1.57571,-0.253198,-1.58728
0.487738,-0.260738,0.0330361;-1.62052,-0.118408,-1.55676
0.487681,-0.259475,0.0332708;-1.63809,-0.137657,-1.55845
0.48592,-0.269791,0.0288498;-1.55734,-0.139167,-1.57047
0.486609,-0.28179,0.0290936;-1.58313,-0.0811349,-1.58409
0.487096,-0.278751,0.0289626;-1.57465,-0.096288,-1.58527
0.487913,-0.273468,0.0291801;-1.56746,-0.101835,-1.58797
0.487913,-0.273468,0.0291801;-1.56746,-0.101835,-1.58797
0.489507,-0.255397,0.0295608;-1.58666,-0.0197894,-1.57215
0.489507,-0.255397,0.0295608;-1.58666,-0.0197894,-1.57215
