0.5,-0.3,0.06;-1.57,-2.98023e-08,-1.57
0.5,-0.3,0.06;-1.57,-2.98023e-08,-1.57
0.5,-0.3,0.06;-1.57,-2.98023e-08,-1.57
0.501701,-0.295392,0.028959;-1.57778,-0.279077,-1.58396
0.501847,-0.294962,0.0287835;-1.57039,-0.247921,-1.5805
0.500843,-0.289227,0.0299421;-1.54436,-0.0963523,-1.55727
0.499344,-0.277867,0.0309286;-1.57586,-0.0160278,-1.54325
0.50086,-0.279811,0.0288521;-1.57052,-0.204667,-1.58367
0.500533,-0.278043,0.0286875;-1.57116,-0.298992,-1.57597
0.501655,-0.275648,0.0286263;-1.57101,-0.373277,-1.57325
0.502113,-0.276682,0.0287444;-1.56684,-0.260484,-1.57521
0.502776,-0.273511,0.0310164;-1.52769,-0.114571,-1.5601
0.499374,-0.264201,0.0367585;-1.50069,0.037864,-1.53502
0.502654,-0.262619,0.0299406;-1.55201,-0.0631232,-1.55954
0.502193,-0.263672,0.0287582;-1.56768,-0.175336,-1.57566
0.500199,-0.261568,0.0286834;-1.57287,-0.311475,-1.57529
0.500863,-0.262005,0.028772;-1.5706,-0.227294,-1.57994
0.502038,-0.258458,0.0299237;-1.54452,-0.119428,-1.56424
0.499966,-0.24545,0.0349875;-1.52455,0.0376241,-1.53909
0.499034,-0.245205,0.0359631;-1.51254,0.0631083,-1.53799
0.501156,-0.252231,0.0312118;-1.52871,-0.0484552,-1.5672
0.499805,-0.2524,0.0287469;-1.57064,-0.180718,-1.57856
0.498668,-0.251809,0.0288501;-1.56768,-0.27139,-1.57991
0.499302,-0.252542,0.0289247;-1.55979,-0.201625,-1.57418
0.500261,-0.244768,0.0311771;-1.53142,-0.059623,-1.55666
0.498442,-0.242284,0.0322035;-1.5494,0.0254759,-1.54884
0.500027,-0.243783,0.0291483;-1.55539,-0.0385536,-1.5689
0.49901,-0.246184,0.0292154;-1.56038,-0.181627,-1.58219
0.498879,-0.247077,0.0289078;-1.56821,-0.19672,-1.58341
0.498753,-0.248154,0.0289441;-1.56815,-0.160132,-1.58536
0.496994,-0.247008,0.0295224;-1.56211,0.0544159,-1.56504
0.495957,-0.244352,0.0314659;-1.56748,0.134896,-1.54936
0.497791,-0.242455,0.0312811;-1.56432,0.085679,-1.55483
0.498125,-0.242687,0.028819;-1.57121,-0.108357,-1.58223
0.497943,-0.245839,0.0289848;-1.57705,-0.158563,-1.58492
0.497816,-0.246838,0.0290727;-1.58288,-0.154641,-1.5843
0.496513,-0.249351,0.0293225;-1.57623,0.000159949,-1.58177
0.495544,-0.244431,0.0308055;-1.5556,0.0989142,-1.56759
0.496064,-0.242388,0.0342115;-1.60609,0.10484,-1.56483
0.498677,-0.242472,0.0295543;-1.56832,-0.0379084,-1.59467
0.49789,-0.243639,0.0295291;-1.58531,-0.119436,-1.58848
0.49775,-0.246054,0.0299347;-1.58114,-0.150811,-1.59549
0.498216,-0.251684,0.0304159;-1.5626,-0.018734,-1.60307
0.498702,-0.246406,0.0326488;-1.52991,0.072513,-1.58936
0.497959,-0.24332,0.0373691;-1.53742,0.142295,-1.57674
0.502565,-0.239474,0.032014;-1.59535,-0.0152085,-1.61252
0.502869,-0.242351,0.0326127;-1.57588,-0.108236,-1.62805
0.503218,-0.248285,0.0336453;-1.59044,-0.181935,-1.63763
0.502622,-0.252514,0.0315395;-1.56742,-0.0939516,-1.62066
0.504148,-0.2447,0.0324431;-1.58172,0.00356472,-1.61279
0.503811,-0.234968,0.0378179;-1.7156,0.0735591,-1.58457
0.509462,-0.236144,0.0355732;-1.64553,-0.0444997,-1.62349
0.512411,-0.243116,0.0332522;-1.57571,-0.1365,-1.63828
0.512883,-0.248314,0.0349833;-1.59679,-0.175091,-1.65125
0.511962,-0.248717,0.0340999;-1.67567,-0.123751,-1.59799
0.51089,-0.245959,0.0368672;-1.7351,-0.0828804,-1.59259
0.507266,-0.242391,0.0385978;-1.76386,0.0119531,-1.58196
0.511694,-0.239643,0.035757;-1.70911,-0.0762499,-1.59321
0.513145,-0.242015,0.0331857;-1.64713,-0.127658,-1.61027
0.513449,-0.24381,0.0332858;-1.62649,-0.153584,-1.61972
0.512925,-0.245849,0.0338317;-1.67575,-0.128702,-1.59436
0.510303,-0.243678,0.0351974;-1.70565,-0.0638597,-1.5839
0.508489,-0.240482,0.0369533;-1.73201,0.0274789,-1.57657
0.510382,-0.239147,0.0364148;-1.72267,0.0210119,-1.57402
0.513725,-0.238418,0.0334794;-1.67204,-0.0518748,-1.58239
0.515323,-0.239885,0.0306235;-1.61692,-0.0965277,-1.58645
0.515147,-0.242508,0.0306334;-1.60499,-0.12288,-1.59414
0.513153,-0.242201,0.0320913;-1.65106,-0.0781388,-1.57995
0.510148,-0.242216,0.0340241;-1.68242,-0.0142816,-1.57785
0.506639,-0.23791,0.0360355;-1.71187,0.100512,-1.56629
0.509881,-0.236709,0.033606;-1.66817,0.0513422,-1.57444
0.512647,-0.237627,0.029377;-1.58911,-0.02706,-1.58494
0.513715,-0.243766,0.0297537;-1.58884,-0.139163,-1.59128
0.512021,-0.246177,0.0292317;-1.5889,-0.103357,-1.58601
0.508546,-0.248822,0.029315;-1.59672,-0.0396073,-1.57823
0.502765,-0.243495,0.0341494;-1.6348,0.17605,-1.55281
0.50575,-0.240941,0.033844;-1.5946,0.126773,-1.56556
0.508461,-0.240777,0.0287956;-1.57105,0.0468069,-1.58159
0.50942,-0.243239,0.0291593;-1.57594,-0.141908,-1.5859
0.509331,-0.245082,0.0288264;-1.57076,-0.127245,-1.58255
0.508924,-0.246499,0.0287999;-1.5711,-0.0554759,-1.58118
0.504414,-0.244269,0.0325709;-1.57488,0.180531,-1.54299
0.50641,-0.24322,0.0316932;-1.53821,0.147734,-1.56138
0.508264,-0.243317,0.0286574;-1.57082,0.0508232,-1.5746
0.507134,-0.242546,0.0286808;-1.57076,-0.122224,-1.57572
0.507049,-0.243721,0.0287114;-1.57058,-0.0992107,-1.57706
0.506682,-0.245387,0.0287043;-1.57086,-0.0271417,-1.57657
0.50294,-0.244152,0.0324123;-1.57455,0.176721,-1.53826
0.504241,-0.243835,0.0326244;-1.53907,0.157612,-1.5549
0.507063,-0.242944,0.0286611;-1.56891,0.0636654,-1.57321
0.506745,-0.242207,0.028685;-1.57087,-0.111625,-1.57605
0.506459,-0.24356,0.0287895;-1.57067,-0.0963182,-1.58049
0.506496,-0.24413,0.0286395;-1.57079,-0.0656371,-1.57361
0.504087,-0.241801,0.0313831;-1.573,0.0961503,-1.5411
0.50515,-0.239158,0.0311268;-1.58066,0.0814244,-1.54442
0.505684,-0.239497,0.0302093;-1.57269,0.0724731,-1.55189
0.506016,-0.240238,0.0288581;-1.56654,-0.0931191,-1.5794
0.505706,-0.243169,0.0289184;-1.56446,-0.135665,-1.57982
0.505982,-0.244221,0.0286696;-1.57089,-0.111844,-1.57491
0.505295,-0.24439,0.0288489;-1.56392,-0.0432524,-1.57049
0.502007,-0.243578,0.0327349;-1.55695,0.152113,-1.5431
0.504321,-0.243019,0.0330268;-1.49847,0.0855089,-1.57137
0.504225,-0.240794,0.0287694;-1.56921,-0.0355844,-1.5781
0.503137,-0.243347,0.0296048;-1.56666,-0.146664,-1.58997
0.502943,-0.245138,0.0291329;-1.56901,-0.140306,-1.58632
0.502516,-0.246482,0.0288834;-1.57324,-0.0880128,-1.58316
0.498511,-0.244781,0.0322241;-1.58299,0.15723,-1.547
0.502354,-0.242954,0.0345124;-1.54411,0.106183,-1.56365
0.504877,-0.241772,0.0288634;-1.57087,0.0199744,-1.58462
0.505603,-0.242229,0.0291451;-1.58409,-0.127436,-1.58678
0.50509,-0.243166,0.0291242;-1.58421,-0.107946,-1.58488
0.503938,-0.244783,0.0292756;-1.5905,-0.063761,-1.58576
0.499967,-0.243213,0.033748;-1.64994,0.111035,-1.56276
0.501383,-0.241376,0.0341887;-1.67159,0.0964809,-1.5626
0.504638,-0.242593,0.0304915;-1.61505,0.0321096,-1.57715
0.507937,-0.242153,0.0294413;-1.59362,-0.0980723,-1.58412
0.508096,-0.242369,0.029576;-1.60098,-0.101727,-1.58373
0.505827,-0.24313,0.0312191;-1.63521,-0.0610848,-1.57804
0.500884,-0.243236,0.0355613;-1.69878,0.07047,-1.56852
0.501414,-0.241971,0.0366428;-1.72234,0.0946044,-1.56644
0.504531,-0.240806,0.0347391;-1.69366,0.0423793,-1.57411
0.507642,-0.242678,0.0307283;-1.60698,-0.0647686,-1.59263
0.509439,-0.24242,0.0306039;-1.61442,-0.108713,-1.58892
0.507614,-0.243991,0.0325281;-1.65768,-0.0721988,-1.58298
0.501127,-0.24878,0.0366679;-1.73124,0.0491338,-1.57124
0.498166,-0.25025,0.0387025;-1.76162,0.121777,-1.5635
0.500144,-0.247632,0.0380113;-1.75493,0.0930056,-1.56269
0.50257,-0.249522,0.0336002;-1.64116,0.00347591,-1.60198
0.502072,-0.252577,0.032781;-1.62754,-0.0229412,-1.60492
0.500754,-0.256271,0.0333188;-1.61875,-0.00209665,-1.61597
0.494696,-0.264345,0.0359346;-1.70771,0.145311,-1.56969
0.493286,-0.265002,0.0390311;-1.76818,0.211578,-1.54768
0.493165,-0.263455,0.040599;-1.782,0.242794,-1.54648
0.496932,-0.263251,0.0365508;-1.67216,0.13878,-1.60144
0.494038,-0.268829,0.0336532;-1.59447,0.101236,-1.62828
0.492779,-0.271578,0.0340793;-1.59468,0.0725708,-1.63474
0.48811,-0.280861,0.0313949;-1.57011,0.205739,-1.61997
0.488006,-0.277629,0.0330602;-1.56806,0.307631,-1.60415
0.489101,-0.266594,0.0385217;-1.69777,0.396502,-1.54702
0.493394,-0.265743,0.0348575;-1.64952,0.269025,-1.59154
0.491432,-0.270765,0.0310951;-1.5717,0.196135,-1.61148
0.490128,-0.274082,0.031527;-1.5858,0.127996,-1.60883
0.488435,-0.279139,0.0304451;-1.56582,0.221573,-1.60673
0.488756,-0.276812,0.0317019;-1.54449,0.307388,-1.5992
0.488459,-0.269118,0.0358451;-1.58199,0.408807,-1.56715
0.493012,-0.265505,0.0313509;-1.60019,0.285293,-1.58915
0.493613,-0.264775,0.0296855;-1.57102,0.228382,-1.59512
0.494691,-0.26633,0.0291129;-1.58253,0.135362,-1.58331
0.494151,-0.267394,0.0290203;-1.57453,0.157134,-1.58725
0.493501,-0.267341,0.0291172;-1.58277,0.230542,-1.57407
0.492341,-0.262109,0.0320567;-1.60984,0.321601,-1.54792
0.494388,-0.264825,0.0291657;-1.58416,0.247137,-1.5758
0.494126,-0.264347,0.0289184;-1.57087,0.165633,-1.58695
0.494872,-0.263394,0.0288001;-1.57219,0.0769544,-1.58045
0.496958,-0.26114,0.0286832;-1.57081,-0.00651805,-1.57567
0.496671,-0.259975,0.0287625;-1.5651,0.0738503,-1.57088
0.495924,-0.256264,0.0304666;-1.56225,0.169838,-1.55162
0.494963,-0.26654,0.0358429;-1.46271,0.213438,-1.58
0.494829,-0.266884,0.0303728;-1.53485,0.138898,-1.58406
0.493663,-0.263647,0.0287944;-1.5705,0.0195289,-1.5809
0.494979,-0.260104,0.0286731;-1.57074,-0.111741,-1.57514
0.495262,-0.26042,0.0286715;-1.56993,-0.0546087,-1.57536
0.495773,-0.254784,0.0297425;-1.55674,0.0640721,-1.56171
0.492508,-0.263946,0.0363311;-1.4844,0.194888,-1.56129
0.493904,-0.267336,0.0350877;-1.45284,0.124595,-1.5919
0.492639,-0.262756,0.0288356;-1.57028,0.01246,-1.58267
0.492114,-0.258617,0.0286993;-1.57174,-0.16244,-1.57608
0.492299,-0.258165,0.0287217;-1.57074,-0.144801,-1.57753
0.493672,-0.257856,0.029142;-1.55544,-0.0353433,-1.56957
0.489416,-0.257352,0.0339937;-1.53724,0.157825,-1.54902
0.491123,-0.260886,0.0366544;-1.45225,0.104327,-1.57774
0.490954,-0.25793,0.0287449;-1.57065,-0.0124522,-1.57847
0.489342,-0.253719,0.0287078;-1.57084,-0.226985,-1.57701
0.489374,-0.253823,0.0287409;-1.57047,-0.201982,-1.57841
0.490552,-0.254814,0.028966;-1.5594,-0.0981574,-1.57699
0.488003,-0.252981,0.0331516;-1.53225,0.130133,-1.54765
0.489545,-0.255675,0.0345774;-1.4781,0.0794945,-1.56219
0.489182,-0.253849,0.0286759;-1.57106,0.010652,-1.57516
0.488581,-0.249498,0.0287593;-1.5724,-0.199894,-1.57849
0.488296,-0.249862,0.0287977;-1.57254,-0.173045,-1.57979
0.487907,-0.250642,0.0287644;-1.56935,-0.0898335,-1.57944
0.487907,-0.250642,0.0287644;-1.56935,-0.0898335,-1.57944
0.488168,-0.246312,0.029445;-1.56285,0.015401,-1.56571
0.488168,-0.246312,0.029445;-1.56285,0.015401,-1.56571
