0.5,-0.3,0.06;-1.57,-2.98023e-08,-1.57
0.5,-0.3,0.06;-1.57,-2.98023e-08,-1.57
0.5,-0.3,0.06;-1.57,-2.98023e-08,-1.57
0.502036,-0.294758,0.0289761;-1.57747,-0.299549,-1.58518
0.502513,-0.293285,0.0287603;-1.57147,-0.278924,-1.58111
0.502492,-0.283051,0.0301918;-1.58454,-0.158431,-1.55533
0.497807,-0.273294,0.033442;-1.63352,-0.0326623,-1.54261
0.5015,-0.281004,0.0288462;-1.57075,-0.228143,-1.58457
0.502059,-0.279992,0.0287319;-1.57118,-0.289615,-1.57764
0.502035,-0.280359,0.0287366;-1.57426,-0.283725,-1.57587
0.50043,-0.283411,0.0286714;-1.56962,-0.103257,-1.57421
0.503436,-0.272306,0.0299468;-1.55927,0.0037844,-1.55514
0.501141,-0.258147,0.0335101;-1.60453,0.165008,-1.52234
0.503953,-0.262921,0.030168;-1.57414,0.0837575,-1.55011
0.504721,-0.267587,0.028616;-1.57103,-0.0225769,-1.5731
0.505454,-0.266351,0.0287198;-1.57303,-0.127217,-1.57625
0.505158,-0.268382,0.0286402;-1.57067,0.00746287,-1.57378
0.506375,-0.264955,0.0299776;-1.54377,0.108756,-1.56714
0.505541,-0.25616,0.0336192;-1.5236,0.233231,-1.54581
0.503815,-0.2509,0.0354612;-1.49959,0.217987,-1.54663
0.5064,-0.250242,0.0305598;-1.53474,0.0758113,-1.56855
0.506767,-0.248769,0.0286963;-1.57056,-0.0511886,-1.57616
0.506323,-0.246735,0.0287261;-1.57066,-0.187453,-1.57767
0.506449,-0.246507,0.0286272;-1.57101,-0.148316,-1.57296
0.505857,-0.240718,0.0293678;-1.57255,-0.0616567,-1.55869
0.504176,-0.23691,0.0308348;-1.58582,0.0118753,-1.54047
0.505514,-0.240277,0.0290082;-1.57589,-0.0348833,-1.56462
0.504533,-0.245836,0.0288251;-1.56865,-0.135366,-1.58008
0.503884,-0.247045,0.0288168;-1.5674,-0.151527,-1.57826
0.503523,-0.247658,0.0287943;-1.57076,-0.116352,-1.58104
0.501246,-0.244807,0.0297637;-1.57534,0.0792889,-1.55779
0.499671,-0.24236,0.0316892;-1.58734,0.139824,-1.54239
0.503419,-0.240284,0.0311783;-1.583,0.0655245,-1.54015
0.504966,-0.244489,0.0289532;-1.5643,-0.0729269,-1.58158
0.504179,-0.255196,0.0288907;-1.56893,-0.0843779,-1.58396
0.5038,-0.259408,0.0288087;-1.57089,-0.0482234,-1.58187
0.504488,-0.259341,0.0293944;-1.55548,0.151066,-1.56731
0.502194,-0.256196,0.0326039;-1.53017,0.267025,-1.55409
0.501022,-0.256886,0.0336443;-1.51608,0.291616,-1.55223
0.498674,-0.261111,0.0288305;-1.5705,0.0930273,-1.58264
0.49832,-0.258911,0.0287586;-1.57192,-0.0340802,-1.57903
0.499279,-0.257147,0.0287916;-1.57309,-0.136177,-1.57971
0.500275,-0.253968,0.0286973;-1.56646,-0.10248,-1.57232
0.501235,-0.242774,0.0300363;-1.58117,-0.019827,-1.55644
0.499617,-0.236975,0.0335465;-1.63143,0.0279154,-1.5416
0.505486,-0.242955,0.0288496;-1.57253,-0.10967,-1.58177
0.506193,-0.24711,0.0299957;-1.57158,-0.15806,-1.59582
0.506526,-0.24951,0.0292809;-1.58159,-0.19503,-1.58696
0.502343,-0.256524,0.0290179;-1.57507,-0.0120487,-1.58788
0.499093,-0.258589,0.0299958;-1.57854,0.143334,-1.57509
0.496399,-0.253778,0.0351984;-1.63242,0.263035,-1.55174
0.503285,-0.250036,0.0296214;-1.57706,0.0445281,-1.59107
0.505045,-0.247497,0.0296746;-1.57639,-0.0557714,-1.59322
0.50828,-0.247644,0.0302325;-1.59581,-0.145464,-1.59591
0.50461,-0.257215,0.0297429;-1.5715,0.00344146,-1.5957
0.502844,-0.255454,0.0317115;-1.60142,0.143609,-1.58651
0.500272,-0.251709,0.0365468;-1.6118,0.259099,-1.56821
0.502357,-0.263682,0.0336189;-1.6262,0.209911,-1.59464
0.504064,-0.265103,0.031063;-1.57246,0.129191,-1.61424
0.507718,-0.261922,0.0330615;-1.60634,0.0099874,-1.6185
0.509088,-0.260831,0.0314314;-1.59548,0.00249189,-1.60647
0.509052,-0.252639,0.0319241;-1.59612,0.0524487,-1.6034
0.508952,-0.24006,0.0365961;-1.70497,0.130455,-1.57298
0.512385,-0.234062,0.0370442;-1.74103,0.0557657,-1.56705
0.515636,-0.233788,0.0353266;-1.71007,-0.000413835,-1.57992
0.515387,-0.238544,0.0320656;-1.58712,-0.0454463,-1.61953
0.514764,-0.244708,0.0324079;-1.5845,-0.0907683,-1.62522
0.512803,-0.247989,0.0336771;-1.65128,-0.00931008,-1.59962
0.508261,-0.25237,0.037394;-1.72905,0.114643,-1.57384
0.504022,-0.250499,0.0409852;-1.78401,0.238392,-1.55356
0.508033,-0.245287,0.0401128;-1.76084,0.152769,-1.57556
0.510877,-0.24741,0.0358503;-1.67223,0.0771407,-1.6047
0.514992,-0.251394,0.0339708;-1.61209,-0.116967,-1.63357
0.513145,-0.256831,0.032967;-1.59819,-0.0446328,-1.62856
0.511374,-0.258943,0.0340666;-1.63697,0.0476193,-1.60522
0.507432,-0.250045,0.0394306;-1.67953,0.280925,-1.57216
0.509173,-0.256865,0.0427292;-1.69584,0.271851,-1.58865
0.510218,-0.266007,0.037605;-1.66337,0.202694,-1.61373
0.507093,-0.278611,0.034927;-1.61151,0.0166457,-1.63456
0.50808,-0.279908,0.0331605;-1.5978,0.0529647,-1.62297
0.50855,-0.277817,0.0312269;-1.56569,0.135446,-1.61519
0.506414,-0.247874,0.0403557;-1.63229,0.254594,-1.57637
0.509731,-0.244036,0.0440327;-1.62321,0.16716,-1.58379
0.512739,-0.242549,0.0367847;-1.70421,0.0368708,-1.59473
0.514319,-0.245616,0.0322007;-1.60492,-0.131533,-1.6133
0.513335,-0.248623,0.0312258;-1.58783,-0.0872089,-1.60917
0.510479,-0.255675,0.0306022;-1.57187,0.0328991,-1.60559
0.505814,-0.250255,0.0375271;-1.60155,0.280422,-1.57342
0.506739,-0.253671,0.0405853;-1.57485,0.232082,-1.58737
0.507616,-0.249583,0.0324895;-1.61547,0.123491,-1.59397
0.512374,-0.242749,0.0300735;-1.59524,-0.0932078,-1.59232
0.510912,-0.248983,0.0294577;-1.57847,-0.0426946,-1.59122
0.509517,-0.253806,0.0295414;-1.57204,0.0072642,-1.59557
0.507435,-0.249007,0.034156;-1.54624,0.214368,-1.57262
0.50784,-0.250597,0.036133;-1.56753,0.22829,-1.57232
0.508074,-0.251855,0.0305008;-1.5686,0.229079,-1.57481
0.510584,-0.2633,0.0305051;-1.57303,0.164854,-1.60384
0.514917,-0.279253,0.0306618;-1.5599,0.103275,-1.60428
0.518827,-0.283196,0.029346;-1.5518,0.177587,-1.58607
0.520863,-0.282412,0.0301647;-1.53572,0.268811,-1.57278
0.521395,-0.267648,0.0380689;-1.46355,0.424311,-1.54302
0.519495,-0.269743,0.0334025;-1.49867,0.352689,-1.56633
0.51497,-0.26998,0.0290669;-1.55029,0.219652,-1.57838
0.511635,-0.262907,0.0287822;-1.57043,-0.0848749,-1.58125
0.511401,-0.262993,0.0287896;-1.57071,-0.0633786,-1.58076
0.513045,-0.262789,0.0294675;-1.54377,-0.00197619,-1.57072
0.513142,-0.246302,0.0350091;-1.5185,0.20138,-1.53592
0.515377,-0.244811,0.0341764;-1.50364,0.144523,-1.55437
0.516493,-0.246046,0.0287021;-1.56759,0.0343207,-1.57366
0.514858,-0.249064,0.0288949;-1.56534,-0.0944468,-1.58177
0.515304,-0.252014,0.0287009;-1.57085,-0.0256195,-1.57639
0.51639,-0.253291,0.0288953;-1.55744,0.0451717,-1.57312
0.515104,-0.242927,0.0334865;-1.52817,0.163053,-1.54897
0.517182,-0.240799,0.0340533;-1.50786,0.116097,-1.55142
0.52159,-0.248223,0.0325875;-1.49016,0.11357,-1.58413
0.527402,-0.258228,0.0310397;-1.52779,0.123677,-1.59553
0.53028,-0.26344,0.0310512;-1.52372,0.157714,-1.59222
0.532735,-0.267267,0.0309766;-1.51377,0.203119,-1.58217
0.537213,-0.257193,0.0357941;-1.5078,0.370747,-1.53129
0.537507,-0.258119,0.0368734;-1.4955,0.375124,-1.53099
0.538749,-0.260343,0.0316669;-1.5358,0.329191,-1.55645
0.532527,-0.261875,0.0290718;-1.55801,0.0981063,-1.5828
0.531255,-0.261282,0.0291207;-1.55843,0.0135043,-1.58443
0.531498,-0.26099,0.0291929;-1.54866,-0.0131787,-1.57765
0.530225,-0.246737,0.0317831;-1.53381,0.047235,-1.55013
0.526582,-0.239038,0.0350246;-1.52275,0.106622,-1.53403
0.527056,-0.239594,0.0352868;-1.48675,0.0893584,-1.54762
0.5288,-0.24343,0.0287888;-1.56753,-0.0195637,-1.57791
0.528511,-0.246432,0.028929;-1.56222,-0.0698233,-1.57826
0.528698,-0.247732,0.0287149;-1.5706,-0.0697739,-1.57724
0.530297,-0.245922,0.0298083;-1.5467,0.0402696,-1.56836
0.528979,-0.238374,0.0325551;-1.52825,0.0993173,-1.55457
0.528308,-0.239071,0.0343537;-1.50532,0.105874,-1.54447
0.533985,-0.249551,0.033049;-1.49988,0.0808719,-1.59911
0.536333,-0.254213,0.0328921;-1.54142,0.0721237,-1.62221
0.538809,-0.259735,0.0329262;-1.54322,0.0671805,-1.62337
0.546814,-0.262152,0.029718;-1.54327,0.246083,-1.57541
0.548739,-0.258791,0.0314668;-1.54173,0.398382,-1.54753
0.544397,-0.263131,0.0337752;-1.53459,0.485289,-1.53056
0.543552,-0.274395,0.0290019;-1.5563,0.358223,-1.58233
0.543184,-0.27204,0.0290274;-1.56446,0.254057,-1.58835
0.546277,-0.27614,0.0295806;-1.57088,0.0847963,-1.58668
0.546441,-0.277282,0.0290145;-1.56135,0.121812,-1.58346
0.54616,-0.265348,0.0327935;-1.5061,0.200866,-1.56969
0.54316,-0.248723,0.038928;-1.52742,0.247357,-1.54576
0.550442,-0.242076,0.0294985;-1.59296,0.0835735,-1.58046
0.551343,-0.242182,0.0298195;-1.5773,0.025924,-1.59423
0.554021,-0.248859,0.0313452;-1.58941,-0.0799488,-1.60483
0.554563,-0.257732,0.0294023;-1.57034,0.00639374,-1.59205
0.55588,-0.252216,0.0325384;-1.52161,0.114354,-1.58433
0.553858,-0.244106,0.0401034;-1.56622,0.182517,-1.56771
0.557966,-0.24155,0.0340622;-1.65412,0.133595,-1.59041
0.563274,-0.239938,0.030646;-1.57319,0.0295682,-1.61005
0.56641,-0.246742,0.0335504;-1.60042,-0.0651869,-1.62492
0.569995,-0.251524,0.0322443;-1.6158,-0.0756587,-1.60342
0.566122,-0.256195,0.0325002;-1.59752,0.0760663,-1.59784
0.565284,-0.25112,0.0375138;-1.57834,0.225651,-1.56918
0.565766,-0.255913,0.0398612;-1.5991,0.305897,-1.58908
0.56793,-0.262673,0.0343966;-1.60135,0.211976,-1.62707
0.571423,-0.259609,0.0342528;-1.58759,0.0897686,-1.64148
0.58126,-0.250362,0.0336339;-1.62471,-0.118682,-1.6225
0.579075,-0.251028,0.0332948;-1.61829,-0.0701655,-1.61131
0.57624,-0.244452,0.0344027;-1.5934,0.039859,-1.5912
0.571025,-0.238318,0.040743;-1.60237,0.106742,-1.5838
0.573744,-0.236557,0.039565;-1.66858,0.0726488,-1.60859
0.576296,-0.241471,0.0345821;-1.62754,0.00770472,-1.62798
0.580951,-0.248475,0.0346282;-1.60051,-0.117203,-1.64225
0.581558,-0.248995,0.0333812;-1.61776,-0.0964938,-1.61902
0.581523,-0.248773,0.0334617;-1.61212,0.0293477,-1.60881
0.579536,-0.244817,0.0391714;-1.59274,0.198807,-1.57741
0.580892,-0.242063,0.0424457;-1.59489,0.148727,-1.59701
0.581724,-0.238615,0.0363229;-1.66009,0.0319138,-1.61892
0.586474,-0.249851,0.0347956;-1.59169,-0.16041,-1.64645
0.587307,-0.249988,0.0339677;-1.59969,-0.147007,-1.63688
0.586436,-0.250179,0.0324482;-1.59889,-0.0525543,-1.61019
0.584353,-0.245322,0.0365116;-1.583,0.203317,-1.57022
0.588142,-0.251581,0.0381703;-1.58288,0.242485,-1.59034
0.59164,-0.260549,0.0318326;-1.57015,0.199361,-1.62146
0.600139,-0.248436,0.0344199;-1.60754,-0.103919,-1.63252
0.603685,-0.24495,0.0304849;-1.59231,-0.146689,-1.60378
0.600566,-0.248438,0.0295115;-1.56921,-0.056282,-1.59243
0.600566,-0.248438,0.0295115;-1.56921,-0.056282,-1.59243
0.598148,-0.244524,0.0323208;-1.52329,0.0709663,-1.56465
0.598148,-0.244524,0.0323208;-1.52329,0.0709663,-1.56465
