0.5,-0.3,0.06;-1.57,-2.98023e-08,-1.57
0.5,-0.3,0.06;-1.57,-2.98023e-08,-1.57
0.5,-0.3,0.06;-1.57,-2.98023e-08,-1.57
0.50142,-0.29378,0.0291045;-1.58149,-0.276678,-1.58839
0.500985,-0.295084,0.0289945;-1.57332,-0.223469,-1.58872
0.499474,-0.293124,0.0297681;-1.58443,-0.072605,-1.56935
0.498082,-0.28575,0.0347942;-1.66776,0.0312664,-1.55238
0.500382,-0.288749,0.0290564;-1.56922,-0.183082,-1.59042
0.502491,-0.281437,0.0293064;-1.58568,-0.281997,-1.5881
0.505184,-0.275422,0.0291643;-1.58754,-0.376986,-1.5897
0.502654,-0.278798,0.0290306;-1.57694,-0.247742,-1.58767
0.500017,-0.275948,0.0303086;-1.59659,-0.0795111,-1.56483
0.494835,-0.26476,0.0364443;-1.7017,0.100573,-1.54228
0.497803,-0.271201,0.0333004;-1.65098,0.0165351,-1.56142
0.499696,-0.277738,0.0289378;-1.56678,-0.0836188,-1.58961
0.49999,-0.275819,0.0291192;-1.58253,-0.148971,-1.58668
0.500711,-0.274318,0.0289634;-1.57447,-0.180114,-1.58593
0.498807,-0.276586,0.0290454;-1.58449,-0.0625448,-1.58032
0.498395,-0.274114,0.0298813;-1.56783,0.0484491,-1.56944
0.497679,-0.278912,0.0369098;-1.55344,0.132175,-1.56473
0.497709,-0.294821,0.0319864;-1.52766,0.0695898,-1.59022
0.496863,-0.297336,0.0294359;-1.56936,0.00566718,-1.59419
0.49919,-0.29016,0.0291815;-1.5866,-0.090649,-1.58527
0.499159,-0.289121,0.0290124;-1.57676,-0.0801723,-1.58584
0.499083,-0.284701,0.0289458;-1.56789,0.0369557,-1.56982
0.498168,-0.271226,0.0325194;-1.59932,0.125019,-1.55551
0.498646,-0.269705,0.0322878;-1.63855,0.0615411,-1.56897
0.500565,-0.271252,0.0292691;-1.58592,-0.0813588,-1.58447
0.501657,-0.268602,0.0290755;-1.58523,-0.130771,-1.58426
0.501801,-0.268094,0.0289156;-1.57384,-0.131314,-1.58462
0.501796,-0.260933,0.0298801;-1.58959,-0.0152412,-1.56459
0.499762,-0.256992,0.0343017;-1.65422,0.0667857,-1.54665
0.501755,-0.258492,0.0354201;-1.68099,0.0295706,-1.55135
0.504142,-0.26513,0.0291181;-1.57365,-0.140916,-1.58866
0.505521,-0.261805,0.0291738;-1.59334,-0.19859,-1.58298
0.505346,-0.262256,0.0291906;-1.58859,-0.16858,-1.58417
0.504368,-0.259807,0.0290835;-1.58215,-0.00677597,-1.56869
0.503607,-0.244936,0.0341481;-1.65501,0.117415,-1.5368
0.504299,-0.24201,0.0360568;-1.69857,0.12929,-1.53622
0.511271,-0.247763,0.0289253;-1.57083,-0.0488919,-1.58752
0.512265,-0.246438,0.029149;-1.58522,-0.104867,-1.58527
0.512128,-0.247048,0.0291115;-1.58389,-0.115939,-1.58491
0.507982,-0.255703,0.0291716;-1.5825,0.0243677,-1.58752
0.505715,-0.2547,0.0297318;-1.59051,0.103758,-1.57514
0.50291,-0.249613,0.0339432;-1.65551,0.191492,-1.55362
0.506253,-0.258005,0.0295626;-1.59473,0.065888,-1.57488
0.505798,-0.260325,0.0290536;-1.5772,0.0234023,-1.58688
0.507532,-0.259423,0.0292344;-1.59062,-0.0585301,-1.58379
0.506658,-0.264005,0.0289562;-1.56831,0.0551627,-1.58654
0.507069,-0.259578,0.0298004;-1.55135,0.148339,-1.57168
0.504922,-0.250415,0.0319346;-1.52299,0.194461,-1.56939
0.509208,-0.246523,0.0325293;-1.49896,0.039911,-1.58214
0.510126,-0.249882,0.0333327;-1.51528,0.00292507,-1.60813
0.509907,-0.2586,0.0305014;-1.57632,-0.0282075,-1.60139
0.506687,-0.267352,0.0287318;-1.57078,0.195164,-1.57801
0.507108,-0.26401,0.0291296;-1.56595,0.236378,-1.5705
0.50624,-0.253642,0.0309228;-1.59866,0.284129,-1.55571
0.517004,-0.242754,0.0328849;-1.64037,0.0537912,-1.57064
0.520372,-0.241625,0.0291431;-1.56781,-0.0671995,-1.5895
0.521104,-0.24341,0.030199;-1.57745,-0.138896,-1.59836
0.520563,-0.247472,0.0287894;-1.57175,-0.0753029,-1.58375
0.518956,-0.248662,0.0288432;-1.56596,0.042986,-1.57165
0.515805,-0.246175,0.0315162;-1.61657,0.167939,-1.54888
0.519086,-0.243774,0.0348396;-1.67714,0.10709,-1.55784
0.524426,-0.238887,0.0312084;-1.62259,-0.0067039,-1.57837
0.526926,-0.242224,0.0291009;-1.56855,-0.0996103,-1.58878
0.527228,-0.244698,0.0289976;-1.57902,-0.111815,-1.5839
0.52537,-0.247137,0.0289547;-1.57557,-0.0129167,-1.58413
0.521884,-0.24902,0.0291788;-1.58603,0.114835,-1.56994
0.516531,-0.249793,0.036001;-1.69727,0.261444,-1.53748
0.520392,-0.248285,0.0353949;-1.68823,0.148513,-1.54522
0.52323,-0.254129,0.0291503;-1.58439,0.00384075,-1.57031
0.525744,-0.251069,0.0291566;-1.59189,-0.213349,-1.58431
0.523911,-0.254944,0.0290044;-1.57888,-0.144079,-1.58755
0.521692,-0.261569,0.0291429;-1.57347,-0.0197995,-1.58576
0.517068,-0.261634,0.0340916;-1.54398,0.260485,-1.56044
0.517634,-0.262338,0.0372155;-1.53148,0.178779,-1.56131
0.517465,-0.268,0.0337513;-1.47106,0.0592563,-1.57728
0.518829,-0.260203,0.0295434;-1.57667,-0.129026,-1.59138
0.518885,-0.263983,0.0290589;-1.57476,-0.0805376,-1.58627
0.51785,-0.26474,0.0287202;-1.57431,0.00735462,-1.57594
0.514886,-0.24988,0.033675;-1.65583,0.278352,-1.54379
0.518303,-0.252382,0.0354307;-1.67627,0.215312,-1.55773
0.521285,-0.264449,0.0332685;-1.47173,0.100935,-1.58561
0.521425,-0.253992,0.0294687;-1.58293,-0.151071,-1.58851
0.522253,-0.252794,0.0288323;-1.5735,-0.171092,-1.58473
0.522553,-0.252831,0.0286783;-1.57158,-0.132409,-1.57623
0.517045,-0.244004,0.0326393;-1.64101,0.0957408,-1.55103
0.519049,-0.244916,0.034868;-1.69175,0.0674342,-1.56282
0.521766,-0.255355,0.0325598;-1.62939,-0.0326242,-1.57253
0.522723,-0.256526,0.0288827;-1.57847,-0.232031,-1.58303
0.523392,-0.255355,0.0289001;-1.57598,-0.243763,-1.58671
0.523559,-0.254728,0.02886;-1.56805,-0.221773,-1.58159
0.518965,-0.240838,0.0317823;-1.61868,0.0278797,-1.55156
0.51914,-0.240423,0.0346759;-1.67823,0.0223391,-1.55305
0.519398,-0.245533,0.036397;-1.69929,0.0358905,-1.5522
0.521136,-0.262042,0.0286808;-1.57117,-0.207895,-1.57783
0.522939,-0.260465,0.0290028;-1.58623,-0.314942,-1.58502
0.522658,-0.261677,0.0288245;-1.57437,-0.281934,-1.58482
0.521732,-0.261982,0.0290523;-1.59129,-0.186713,-1.57879
0.517959,-0.254292,0.0353547;-1.66428,0.0513266,-1.54914
0.519052,-0.260191,0.037915;-1.6961,0.0178338,-1.56406
0.516344,-0.282186,0.0339894;-1.46941,-0.0791689,-1.58323
0.514986,-0.292742,0.0291369;-1.5739,-0.0182003,-1.58511
0.514891,-0.294108,0.0288639;-1.57062,0.0152712,-1.58424
0.515766,-0.29322,0.0288861;-1.56392,0.0706037,-1.57928
0.519743,-0.251101,0.0344145;-1.66443,0.250934,-1.53774
0.52334,-0.250186,0.036954;-1.70483,0.194877,-1.54747
0.525719,-0.265341,0.0352061;-1.58005,0.108075,-1.58278
0.522296,-0.279393,0.0293732;-1.57779,-0.00693625,-1.5859
0.522051,-0.281045,0.0289371;-1.57621,0.0207327,-1.58443
0.521573,-0.281786,0.0286871;-1.56991,0.0988567,-1.57705
0.522691,-0.255062,0.0327982;-1.64346,0.222369,-1.54835
0.526627,-0.253699,0.0353559;-1.67737,0.134843,-1.54183
0.530499,-0.26017,0.033731;-1.64234,0.0278092,-1.55984
0.524954,-0.274854,0.029153;-1.56708,-0.183132,-1.58042
0.524925,-0.274299,0.0290345;-1.58455,-0.173981,-1.58352
0.523056,-0.277101,0.028796;-1.57038,-0.0502074,-1.58327
0.522913,-0.266514,0.0309039;-1.60485,0.225634,-1.55967
0.523974,-0.259844,0.0356567;-1.69342,0.215268,-1.53873
0.529269,-0.262704,0.0351581;-1.67151,0.0974428,-1.55199
0.527492,-0.278903,0.0294192;-1.54874,-0.128236,-1.57302
0.527572,-0.279306,0.0289498;-1.58266,-0.187032,-1.57983
0.526736,-0.280742,0.0289545;-1.57706,-0.12513,-1.58389
0.523733,-0.283595,0.0291316;-1.57328,0.182331,-1.5704
0.523164,-0.273495,0.0327084;-1.63763,0.275835,-1.55039
0.526962,-0.272222,0.0366789;-1.70357,0.191002,-1.53873
0.526952,-0.289127,0.031948;-1.52243,-0.0614904,-1.58987
0.522423,-0.297718,0.0290539;-1.56743,-0.110969,-1.58335
0.519632,-0.305629,0.0293115;-1.58169,-0.0293253,-1.5854
0.52041,-0.31442,0.0289298;-1.55601,0.232797,-1.57329
0.522927,-0.307258,0.0307682;-1.54007,0.345078,-1.56582
0.523909,-0.298963,0.0348864;-1.49069,0.358095,-1.56695
0.524686,-0.299764,0.0374136;-1.42295,0.108209,-1.6141
0.522832,-0.293232,0.0343733;-1.49017,0.0273427,-1.60516
0.523208,-0.289701,0.0289884;-1.58047,-0.000924677,-1.5822
0.520593,-0.29714,0.0286939;-1.56712,0.247584,-1.57375
0.52381,-0.291521,0.0293983;-1.57018,0.40504,-1.56518
0.524323,-0.283835,0.0323167;-1.61323,0.535109,-1.52983
0.533633,-0.288602,0.0334796;-1.49086,0.260868,-1.60873
0.531464,-0.287606,0.0358383;-1.46326,0.117103,-1.61469
0.536946,-0.281818,0.0287338;-1.57437,-0.0698493,-1.57474
0.535968,-0.286334,0.0286471;-1.5707,0.0761692,-1.57387
0.534205,-0.285288,0.0294519;-1.57923,0.225596,-1.56243
0.53156,-0.276399,0.0324654;-1.63234,0.373613,-1.53963
0.538056,-0.28853,0.0319142;-1.61732,0.187563,-1.57445
0.535621,-0.291593,0.0321205;-1.52601,0.0444671,-1.60228
0.536785,-0.28585,0.0287181;-1.57077,-0.102801,-1.57751
0.536175,-0.286887,0.0287444;-1.57007,-0.00493627,-1.57902
0.534615,-0.286628,0.0289823;-1.57025,0.152817,-1.56943
0.532979,-0.275665,0.031428;-1.62571,0.33316,-1.54737
0.536348,-0.280392,0.0347678;-1.68708,0.267423,-1.54893
0.53605,-0.294446,0.0299651;-1.56343,0.128632,-1.59142
0.5321,-0.299067,0.0311033;-1.5397,0.0224126,-1.59349
0.531853,-0.297377,0.0289814;-1.57662,-0.0185679,-1.58411
0.530854,-0.298899,0.0286053;-1.56832,0.0724262,-1.57324
0.530247,-0.293456,0.0299657;-1.57895,0.209414,-1.55386
0.529132,-0.293766,0.03516;-1.67699,0.317321,-1.53904
0.529123,-0.318137,0.03315;-1.48562,0.254886,-1.60748
0.526507,-0.325815,0.0353043;-1.46077,0.199587,-1.6206
0.526178,-0.321635,0.0303273;-1.54319,0.103216,-1.59123
0.527077,-0.320611,0.028896;-1.56538,0.0949142,-1.58089
0.528227,-0.318069,0.0287154;-1.57347,0.136376,-1.56721
0.52812,-0.30363,0.0341177;-1.67255,0.334198,-1.53246
0.531188,-0.308068,0.0347086;-1.68628,0.259153,-1.54901
0.530233,-0.321468,0.0304093;-1.55172,0.145336,-1.60227
0.527699,-0.316384,0.0288747;-1.5725,0.0285406,-1.57982
0.528078,-0.316021,0.0288818;-1.57041,0.0358411,-1.58537
0.529644,-0.314032,0.0285277;-1.57276,0.0943547,-1.57105
0.530522,-0.292897,0.0334387;-1.65902,0.321228,-1.53029
0.534298,-0.29547,0.0340186;-1.66491,0.258975,-1.53738
0.535461,-0.306398,0.030216;-1.58696,0.145122,-1.58638
0.528709,-0.310429,0.0288702;-1.57548,-0.0498144,-1.58
0.528079,-0.311706,0.0289422;-1.57601,-0.00448267,-1.58278
0.527631,-0.313358,0.0286099;-1.56991,0.0721137,-1.57305
0.529412,-0.294735,0.032508;-1.62393,0.275783,-1.53274
0.531614,-0.294177,0.0342603;-1.67152,0.264008,-1.5365
0.534302,-0.302408,0.0326227;-1.63789,0.176782,-1.56379
0.52478,-0.317858,0.0305418;-1.55435,0.0322861,-1.59379
0.519792,-0.323654,0.0292591;-1.57022,0.143803,-1.58534
0.519152,-0.326838,0.0288858;-1.56836,0.253269,-1.58446
0.519152,-0.326838,0.0288858;-1.56836,0.253269,-1.58446
0.521123,-0.32481,0.0288721;-1.56279,0.356219,-1.57303
0.521123,-0.32481,0.0288721;-1.56279,0.356219,-1.57303
