0.5,-0.3,0.06;-1.57,-2.98023e-08,-1.57
0.5,-0.3,0.06;-1.57,-2.98023e-08,-1.57
0.5,-0.3,0.06;-1.57,-2.98023e-08,-1.57
0.501774,-0.295258,0.0290126;-1.58052,-0.300448,-1.58499
0.500821,-0.297301,0.0288139;-1.56884,-0.208646,-1.58321
0.499489,-0.29402,0.0296155;-1.57573,-0.0481822,-1.5617
0.496038,-0.289706,0.0340613;-1.64726,0.081516,-1.55006
0.49774,-0.297795,0.0289812;-1.57411,-0.137594,-1.58723
0.500957,-0.291344,0.0291892;-1.59312,-0.279589,-1.58502
0.502932,-0.289127,0.0291577;-1.59283,-0.344807,-1.5855
0.5004,-0.293519,0.0288357;-1.57016,-0.175774,-1.58321
0.500703,-0.291235,0.0292379;-1.57276,-0.0135142,-1.56558
0.498244,-0.279865,0.0349398;-1.65431,0.149342,-1.53526
0.501497,-0.285635,0.0302847;-1.58589,0.0564253,-1.55641
0.502564,-0.287018,0.0288437;-1.5707,-0.0951702,-1.58608
0.504904,-0.282627,0.0290845;-1.58553,-0.239957,-1.58418
0.50455,-0.283326,0.0289914;-1.57321,-0.192203,-1.58834
0.502549,-0.283589,0.0288417;-1.57468,-0.0455469,-1.57262
0.499916,-0.276385,0.0334597;-1.62764,0.145216,-1.54779
0.497443,-0.28923,0.0366247;-1.56589,0.223583,-1.54332
0.496179,-0.301164,0.0337413;-1.48227,0.0782493,-1.5758
0.49544,-0.296768,0.0288395;-1.56995,-0.0897595,-1.58686
0.499138,-0.289034,0.0290117;-1.5819,-0.297586,-1.58407
0.497908,-0.290776,0.0289557;-1.57464,-0.213747,-1.58549
0.495883,-0.286558,0.0296314;-1.58286,-0.0493432,-1.56135
0.492584,-0.279133,0.0347422;-1.66774,0.062429,-1.54602
0.493233,-0.286775,0.0319527;-1.63373,0.0100233,-1.56462
0.49445,-0.292074,0.0291831;-1.59137,-0.161389,-1.58284
0.495928,-0.290041,0.0291774;-1.59556,-0.219525,-1.5811
0.495696,-0.291826,0.0289072;-1.57251,-0.170766,-1.58486
0.495015,-0.28156,0.0319604;-1.53348,0.0925889,-1.55616
0.491615,-0.274566,0.0372862;-1.56824,0.192887,-1.54429
0.49259,-0.278402,0.0366283;-1.52624,0.0836903,-1.55025
0.493302,-0.281666,0.029012;-1.57764,-0.185606,-1.58591
0.495114,-0.277462,0.0290615;-1.58676,-0.300431,-1.58349
0.495821,-0.275426,0.0290541;-1.58766,-0.328865,-1.58309
0.493087,-0.275602,0.0291236;-1.57226,-0.11436,-1.56622
0.487979,-0.266164,0.035319;-1.66123,0.0651944,-1.54685
0.485738,-0.267439,0.0375957;-1.71494,0.111716,-1.54672
0.490165,-0.304383,0.0289003;-1.57074,0.00860708,-1.58759
0.491475,-0.300055,0.0291365;-1.58873,-0.103988,-1.58153
0.493458,-0.29575,0.0291912;-1.59383,-0.21484,-1.58284
0.493486,-0.294414,0.0287154;-1.57503,-0.151849,-1.57533
0.492495,-0.286414,0.0318389;-1.60594,0.0248686,-1.54686
0.487771,-0.27764,0.0370159;-1.70311,0.164316,-1.52785
0.493071,-0.292286,0.0288074;-1.56259,-0.0481077,-1.57861
0.492752,-0.292185,0.0290132;-1.57767,-0.111705,-1.58532
0.494186,-0.289951,0.0291051;-1.58937,-0.192634,-1.58144
0.493397,-0.291444,0.0288321;-1.5702,-0.0747716,-1.58301
0.494329,-0.287947,0.0305949;-1.5438,0.0798367,-1.5643
0.492575,-0.277286,0.0354142;-1.51883,0.204614,-1.54414
0.493085,-0.285327,0.0287465;-1.56785,-0.00506218,-1.56614
0.492053,-0.284984,0.0287696;-1.57021,-0.132854,-1.58128
0.493452,-0.282629,0.0291924;-1.59142,-0.206223,-1.58474
0.493377,-0.282725,0.0289081;-1.57221,-0.127584,-1.58504
0.492431,-0.278068,0.0296507;-1.57961,0.0159682,-1.56388
0.489271,-0.264602,0.0354782;-1.67102,0.147244,-1.53103
0.483227,-0.285789,0.0314618;-1.59721,0.108753,-1.54292
0.478234,-0.307975,0.0289164;-1.56114,0.0677061,-1.5778
0.479283,-0.30649,0.0290949;-1.58757,-0.00272662,-1.57899
0.481252,-0.300132,0.0288443;-1.57068,-0.0965319,-1.58358
0.481987,-0.292916,0.0287145;-1.57268,-0.0448692,-1.57521
0.480838,-0.271395,0.0329874;-1.62798,0.0807588,-1.55227
0.481493,-0.275853,0.0341236;-1.64824,0.0363084,-1.5419
0.482902,-0.285085,0.0292532;-1.59456,-0.0330674,-1.57577
0.482979,-0.285489,0.0289694;-1.57493,-0.131894,-1.5857
0.483659,-0.282836,0.0288945;-1.57461,-0.20421,-1.58267
0.483065,-0.283143,0.0287909;-1.57276,-0.13836,-1.58248
0.481979,-0.277702,0.0294114;-1.57182,0.0037956,-1.56359
0.476505,-0.269862,0.03628;-1.67925,0.195047,-1.53538
0.478632,-0.276532,0.0332667;-1.65383,0.10691,-1.56237
0.478972,-0.288049,0.0287124;-1.57324,0.0147206,-1.57959
0.482382,-0.281172,0.0290641;-1.58732,-0.224313,-1.5817
0.482698,-0.280601,0.0288576;-1.57144,-0.214394,-1.5834
0.482809,-0.279359,0.0286627;-1.57347,-0.129749,-1.57287
0.47838,-0.255985,0.0368004;-1.68713,0.115896,-1.52077
0.481361,-0.258322,0.0365025;-1.68701,0.0421832,-1.53232
0.482849,-0.269794,0.0304578;-1.59637,-0.0449604,-1.55579
0.482725,-0.276746,0.0291911;-1.59308,-0.173029,-1.58231
0.48266,-0.276973,0.0289929;-1.57489,-0.153534,-1.58688
0.481965,-0.27808,0.0288762;-1.5713,-0.0616899,-1.58429
0.479889,-0.2438,0.0351544;-1.60927,0.10284,-1.54674
0.481207,-0.241942,0.0346041;-1.65114,0.0193104,-1.54084
0.484398,-0.249997,0.0307952;-1.5921,-0.0747317,-1.54777
0.485095,-0.256285,0.0290252;-1.58348,-0.25863,-1.58312
0.484157,-0.258469,0.0288611;-1.57269,-0.17694,-1.58244
0.484206,-0.259765,0.02887;-1.5713,-0.0722775,-1.5841
0.484966,-0.236802,0.0348268;-1.66589,0.092504,-1.5517
0.486254,-0.2383,0.0360317;-1.68989,0.0441411,-1.54735
0.486741,-0.249042,0.0318236;-1.61225,-0.0209151,-1.55149
0.485698,-0.265042,0.0289878;-1.58597,-0.0931009,-1.58148
0.485794,-0.265483,0.0288645;-1.57207,-0.0744376,-1.58356
0.486138,-0.265535,0.0288413;-1.57065,-0.0322125,-1.58326
0.485898,-0.23543,0.0323205;-1.61927,0.0732137,-1.55804
0.489583,-0.236378,0.0328624;-1.63112,-0.0125548,-1.55977
0.49057,-0.240665,0.0306936;-1.55442,-0.0624328,-1.55034
0.492468,-0.248808,0.0303888;-1.5595,-0.178111,-1.59342
0.494669,-0.25117,0.0291342;-1.59261,-0.222149,-1.58125
0.49299,-0.25462,0.0288929;-1.5713,-0.10321,-1.58518
0.491846,-0.256259,0.0290578;-1.58402,-0.00645666,-1.58052
0.490746,-0.248442,0.0333197;-1.62024,0.167641,-1.55148
0.492853,-0.246127,0.0323199;-1.61761,0.0686744,-1.54898
0.493233,-0.252146,0.0290064;-1.57249,-0.0548582,-1.55717
0.493767,-0.253077,0.0288823;-1.57672,-0.238345,-1.58081
0.492923,-0.254577,0.0288949;-1.57371,-0.176111,-1.5833
0.491247,-0.257598,0.0288336;-1.57278,-0.0288742,-1.58092
0.490378,-0.243035,0.0330669;-1.62332,0.132834,-1.54831
0.493272,-0.240018,0.0339284;-1.64402,0.0297325,-1.54269
0.495124,-0.245038,0.0300048;-1.58261,-0.0753312,-1.54647
0.494507,-0.251688,0.028992;-1.58554,-0.138708,-1.57813
0.493579,-0.254987,0.0288867;-1.57552,-0.0578002,-1.58086
0.494393,-0.257421,0.0289368;-1.56947,0.0450763,-1.5867
0.49412,-0.243525,0.0302936;-1.56587,0.136403,-1.56343
0.496559,-0.238434,0.0311686;-1.57395,0.0307874,-1.56112
0.498436,-0.239985,0.0298745;-1.55192,-0.062948,-1.56576
0.502473,-0.251639,0.0305365;-1.54508,-0.213318,-1.58309
0.503341,-0.251326,0.0302995;-1.56815,-0.218123,-1.59691
0.503354,-0.251981,0.028825;-1.57053,-0.145383,-1.58239
0.500199,-0.242607,0.0330178;-1.62376,0.13916,-1.5453
0.500614,-0.243847,0.03495;-1.67105,0.135696,-1.55074
0.501607,-0.249749,0.0330363;-1.62818,0.047257,-1.54729
0.49847,-0.265519,0.0287943;-1.57737,-0.207369,-1.56812
0.50005,-0.26613,0.0286656;-1.57402,-0.280828,-1.57333
0.499819,-0.266506,0.0288656;-1.57223,-0.250269,-1.58336
0.49903,-0.260117,0.0299165;-1.57056,0.02081,-1.55586
0.496011,-0.244886,0.034927;-1.65832,0.106707,-1.54722
0.499071,-0.244229,0.0349769;-1.66173,0.00603057,-1.54908
0.498512,-0.256477,0.0290907;-1.54949,-0.307135,-1.56659
0.498565,-0.258333,0.028958;-1.55602,-0.354745,-1.56987
0.498815,-0.257848,0.0289539;-1.58385,-0.320709,-1.58052
0.49806,-0.263618,0.0286911;-1.57221,-0.0192984,-1.57481
0.498008,-0.253458,0.0325041;-1.53172,0.114687,-1.55251
0.497549,-0.243578,0.035628;-1.58772,0.0956412,-1.5512
0.501484,-0.248226,0.031442;-1.50899,-0.184976,-1.56031
0.503156,-0.252004,0.032224;-1.51752,-0.243935,-1.57743
0.504031,-0.254012,0.032095;-1.53439,-0.262985,-1.59418
0.503986,-0.256623,0.0287901;-1.5722,-0.0540761,-1.57938
0.502459,-0.253939,0.0297893;-1.56907,0.109592,-1.55902
0.499817,-0.24703,0.0343891;-1.65068,0.216397,-1.54227
0.50255,-0.256203,0.0294689;-1.5678,-0.0120221,-1.55177
0.499884,-0.261987,0.0288791;-1.55626,-0.143953,-1.56847
0.502691,-0.262574,0.0285951;-1.57025,-0.299802,-1.57166
0.502802,-0.265378,0.028897;-1.5687,-0.157152,-1.58367
0.504139,-0.260151,0.0292182;-1.56444,-0.027192,-1.56896
0.502176,-0.244774,0.0335287;-1.63351,0.132501,-1.55108
0.505728,-0.251788,0.0295102;-1.55836,-0.11962,-1.55453
0.50203,-0.259493,0.0290325;-1.55074,-0.270084,-1.5627
0.501092,-0.262682,0.0288436;-1.55793,-0.427351,-1.56651
0.501537,-0.262256,0.0288321;-1.57153,-0.388912,-1.58238
0.499408,-0.259196,0.0289254;-1.57284,-0.237919,-1.5683
0.492126,-0.248829,0.0349;-1.66002,-0.0577287,-1.55474
0.492853,-0.269903,0.0319818;-1.58342,-0.101459,-1.55538
0.489331,-0.282365,0.0320808;-1.49235,-0.224396,-1.55175
0.486128,-0.282554,0.0287877;-1.56686,-0.349809,-1.5631
0.48542,-0.278524,0.0286998;-1.57093,-0.502173,-1.5766
0.484379,-0.278051,0.028902;-1.5865,-0.424601,-1.57559
0.479638,-0.269865,0.0320149;-1.62173,-0.251067,-1.56446
0.475046,-0.270963,0.0342082;-1.65471,-0.138478,-1.56613
0.474094,-0.287638,0.0302721;-1.52919,-0.296401,-1.56004
0.469457,-0.290596,0.028973;-1.55109,-0.421123,-1.56341
0.468733,-0.287992,0.0287224;-1.5739,-0.572937,-1.57644
0.467628,-0.290264,0.0287936;-1.5706,-0.5017,-1.58066
0.465693,-0.290712,0.0289241;-1.57976,-0.346507,-1.57625
0.46012,-0.279969,0.0343152;-1.64836,-0.154904,-1.57188
0.463777,-0.288531,0.030524;-1.53227,-0.310197,-1.55302
0.46076,-0.295305,0.0296843;-1.53659,-0.428478,-1.55922
0.456872,-0.292644,0.028655;-1.57185,-0.635752,-1.57504
0.456999,-0.291612,0.0288053;-1.57092,-0.656392,-1.58143
0.456079,-0.29274,0.0287741;-1.57956,-0.544187,-1.57379
0.444826,-0.28045,0.0357965;-1.67692,-0.22479,-1.57696
0.446358,-0.289463,0.0344353;-1.65286,-0.259095,-1.57051
0.447085,-0.30706,0.0309757;-1.51312,-0.385736,-1.54918
0.441214,-0.310627,0.0289167;-1.55239,-0.58248,-1.56112
0.441019,-0.307076,0.0287307;-1.57025,-0.655663,-1.57813
0.440883,-0.306684,0.0289065;-1.57698,-0.646177,-1.58521
0.430605,-0.293578,0.0352143;-1.66167,-0.332762,-1.57252
0.429968,-0.294447,0.0342742;-1.65631,-0.332104,-1.57485
0.431427,-0.311451,0.0297244;-1.53656,-0.395325,-1.55475
0.427911,-0.318195,0.0290977;-1.54354,-0.540179,-1.55482
0.427228,-0.316126,0.028637;-1.56847,-0.577081,-1.57031
0.426929,-0.31441,0.0285725;-1.57123,-0.621376,-1.57056
0.426929,-0.31441,0.0285725;-1.57123,-0.621376,-1.57056
0.423267,-0.310233,0.0297622;-1.59121,-0.507895,-1.57358
0.423267,-0.310233,0.0297622;-1.59121,-0.507895,-1.57358
