0.5,-0.3,0.06;-1.57,-2.98023e-08,-1.57
0.5,-0.3,0.06;-1.57,-2.98023e-08,-1.57
0.5,-0.3,0.06;-1.57,-2.98023e-08,-1.57
0.500968,-0.296702,0.0286649;-1.57528,-0.308637,-1.57195
0.501812,-0.293755,0.0286029;-1.57198,-0.286655,-1.56946
0.503277,-0.281768,0.0301298;-1.58055,-0.179687,-1.55269
0.500008,-0.273448,0.032942;-1.63821,-0.0374052,-1.55824
0.503155,-0.285965,0.0287014;-1.57067,-0.206473,-1.57762
0.502931,-0.286616,0.0286899;-1.57622,-0.271315,-1.57237
0.5025,-0.286892,0.0286321;-1.57078,-0.317078,-1.57335
0.504498,-0.284623,0.028677;-1.56785,-0.220588,-1.56795
0.50614,-0.27435,0.0291852;-1.5765,-0.135805,-1.55586
0.504791,-0.258818,0.0316913;-1.6092,-0.0193496,-1.54574
0.506707,-0.258244,0.0323141;-1.64721,-0.0401936,-1.57895
0.507483,-0.261468,0.0291708;-1.58759,-0.137773,-1.58259
0.508521,-0.260977,0.028664;-1.57499,-0.232077,-1.57178
0.508006,-0.261873,0.0285977;-1.57172,-0.184651,-1.57098
0.50857,-0.256431,0.028886;-1.57539,-0.0940838,-1.56124
0.507288,-0.244575,0.0303708;-1.58386,0.0273071,-1.54176
0.507341,-0.239631,0.0316848;-1.62762,0.0588891,-1.55892
0.510147,-0.243185,0.0299808;-1.60451,-0.0090496,-1.57633
0.511544,-0.243812,0.0290462;-1.57341,-0.0965745,-1.59036
0.511829,-0.244725,0.0288829;-1.57366,-0.134846,-1.58267
0.511557,-0.245861,0.0287316;-1.5711,-0.0698946,-1.57759
0.511049,-0.245452,0.0286967;-1.57389,0.0318828,-1.56783
0.51053,-0.242711,0.0289475;-1.57991,0.0779965,-1.56147
0.511798,-0.242015,0.0287121;-1.57117,0.0246313,-1.5775
0.515834,-0.246033,0.0303974;-1.57479,-0.160987,-1.60322
0.516484,-0.248752,0.0304103;-1.56744,-0.197036,-1.60169
0.51705,-0.249073,0.0286025;-1.57172,-0.186592,-1.5714
0.511765,-0.246884,0.0290431;-1.58249,0.055622,-1.55941
0.509244,-0.244322,0.0292884;-1.58984,0.145373,-1.5564
0.509109,-0.244876,0.0292079;-1.60006,0.164522,-1.56468
0.510464,-0.256616,0.0300382;-1.57032,0.0254156,-1.59802
0.509535,-0.257386,0.0291615;-1.57281,-0.0848391,-1.58575
0.509878,-0.255229,0.0289109;-1.57429,-0.14985,-1.58347
0.510497,-0.255331,0.0286686;-1.57092,-0.0474773,-1.56641
0.510079,-0.248549,0.0291946;-1.57228,0.0428689,-1.55633
0.509995,-0.246472,0.0290797;-1.5689,0.105114,-1.56308
0.511784,-0.250025,0.031742;-1.54891,0.0117657,-1.6118
0.510717,-0.254345,0.031714;-1.55567,-0.0731866,-1.6127
0.511078,-0.256728,0.031844;-1.55298,-0.126411,-1.6102
0.511011,-0.25887,0.0286266;-1.57076,-0.0492711,-1.57296
0.511066,-0.256574,0.0287484;-1.57115,-0.0187148,-1.56309
0.510405,-0.250683,0.0291563;-1.57526,0.0336204,-1.55395
0.513164,-0.247476,0.0289788;-1.572,-0.0478934,-1.58828
0.51313,-0.244199,0.0292666;-1.57355,-0.1231,-1.58906
0.513406,-0.247402,0.0299487;-1.57114,-0.174849,-1.59623
0.513373,-0.249185,0.0286026;-1.57182,-0.120988,-1.57156
0.513238,-0.248429,0.0287151;-1.57083,-0.054258,-1.5643
0.51187,-0.244536,0.0288758;-1.57331,0.0314419,-1.55872
0.515094,-0.242988,0.0286644;-1.57177,-0.0925792,-1.57551
0.515898,-0.246075,0.0288205;-1.56815,-0.150175,-1.5825
0.51711,-0.248557,0.0289556;-1.57147,-0.184496,-1.58255
0.515373,-0.250901,0.028994;-1.58493,-0.0969449,-1.57907
0.514149,-0.250564,0.0286927;-1.57228,-0.0105892,-1.56648
0.511683,-0.247421,0.0290065;-1.57782,0.104777,-1.56016
0.511327,-0.247986,0.0286818;-1.57082,0.130496,-1.56591
0.51066,-0.251607,0.0288363;-1.55837,0.0400201,-1.57117
0.510407,-0.253414,0.0286303;-1.57072,-0.0370548,-1.56835
0.510488,-0.252639,0.0289504;-1.57734,-0.0867816,-1.58269
0.509966,-0.252503,0.0291349;-1.58964,-0.0456285,-1.57958
0.50818,-0.249319,0.0289444;-1.58494,0.0148592,-1.57394
0.5072,-0.246077,0.028766;-1.57097,0.134275,-1.56184
0.506868,-0.247076,0.028696;-1.56523,0.103205,-1.57217
0.505758,-0.248707,0.0291081;-1.55025,0.0458252,-1.57633
0.505355,-0.248427,0.0289499;-1.56373,-0.115691,-1.58069
0.505128,-0.247989,0.0287759;-1.57122,-0.0961364,-1.57953
0.504705,-0.248355,0.0286938;-1.57503,-0.0462339,-1.57203
0.503285,-0.244997,0.0288217;-1.57286,0.102715,-1.56324
0.504806,-0.245147,0.0291712;-1.56691,0.111141,-1.57815
0.504005,-0.245274,0.0296473;-1.5634,0.0420395,-1.59537
0.503327,-0.245203,0.0289328;-1.56784,-0.135311,-1.58443
0.503334,-0.246276,0.0286592;-1.5709,-0.107903,-1.57458
0.502994,-0.247709,0.0286075;-1.57103,-0.0504625,-1.57202
0.501381,-0.245084,0.0291194;-1.56867,0.0958007,-1.56159
0.505006,-0.24439,0.0300216;-1.57664,0.0821801,-1.59412
0.506906,-0.242954,0.0320788;-1.5543,0.0264244,-1.62518
0.505085,-0.245015,0.0289724;-1.57629,-0.115982,-1.58459
0.504973,-0.245284,0.0286868;-1.57105,-0.115252,-1.57597
0.504886,-0.245535,0.0285823;-1.57113,-0.0914815,-1.57047
0.500103,-0.242965,0.0289357;-1.57621,0.149159,-1.55816
0.500561,-0.244207,0.0287544;-1.5792,0.174828,-1.56949
0.501389,-0.24655,0.0288682;-1.5745,0.141213,-1.58047
0.501636,-0.246711,0.0287575;-1.57124,-0.0427117,-1.57962
0.501678,-0.246459,0.0285802;-1.57081,-0.0840834,-1.57077
0.501969,-0.246741,0.028694;-1.56517,-0.0659208,-1.57022
0.50116,-0.242042,0.0295687;-1.57219,0.0449983,-1.54897
0.501092,-0.241322,0.0291377;-1.57058,0.0703394,-1.55443
0.500796,-0.242019,0.0286207;-1.57057,0.0954738,-1.56921
0.49934,-0.242362,0.0289638;-1.55837,-0.0526793,-1.57604
0.498893,-0.242704,0.0288918;-1.55579,-0.105254,-1.56889
0.498705,-0.242908,0.0289435;-1.5589,-0.11771,-1.56345
0.499769,-0.23979,0.0298843;-1.56287,-0.00671582,-1.54612
0.500504,-0.237353,0.0299673;-1.56048,0.00970143,-1.54382
0.500697,-0.23602,0.0295709;-1.56293,0.0213957,-1.54836
0.501229,-0.238514,0.0288892;-1.57325,-0.0435009,-1.58356
0.500575,-0.242103,0.0293974;-1.57106,-0.0965413,-1.59032
0.500647,-0.242911,0.028692;-1.57086,-0.0840692,-1.57624
0.500772,-0.242578,0.0287326;-1.57092,-0.0298431,-1.56325
0.499596,-0.236462,0.0299511;-1.57246,0.0593918,-1.54467
0.501032,-0.237402,0.0288898;-1.56925,0.0374347,-1.55775
0.501595,-0.238898,0.028657;-1.56996,-0.0237771,-1.57376
0.501063,-0.243558,0.0290245;-1.57537,-0.0732464,-1.58798
0.500319,-0.245866,0.0287702;-1.57087,-0.0507757,-1.57991
0.500338,-0.245771,0.0286368;-1.57094,-0.00684961,-1.56786
0.499629,-0.241078,0.0307782;-1.57168,0.115232,-1.53418
0.500246,-0.240577,0.0309148;-1.56405,0.122298,-1.53426
0.500494,-0.242322,0.0286469;-1.5709,0.0669381,-1.56781
0.498614,-0.244027,0.0290543;-1.57311,-0.119712,-1.58706
0.499425,-0.244426,0.0290905;-1.57213,-0.121004,-1.58691
0.499883,-0.243919,0.0289189;-1.56612,-0.114445,-1.5826
0.498068,-0.237473,0.0306499;-1.56921,-0.0119299,-1.54119
0.497468,-0.236109,0.0306737;-1.56717,0.0228666,-1.5414
0.497752,-0.236555,0.0287882;-1.56302,0.0280387,-1.57322
0.497178,-0.238055,0.0288684;-1.56964,-0.0251013,-1.58347
0.497362,-0.241234,0.0293265;-1.57181,-0.065788,-1.58681
0.497925,-0.241601,0.0291899;-1.57565,-0.0833887,-1.5895
0.496342,-0.23871,0.0292563;-1.56568,-0.0300114,-1.55658
0.495977,-0.234914,0.0298358;-1.57554,0.0120211,-1.55097
0.496109,-0.233927,0.0299173;-1.56724,0.0256841,-1.548
0.495805,-0.239686,0.0289306;-1.55399,-0.0509716,-1.56996
0.4958,-0.24094,0.0290404;-1.55667,-0.0683013,-1.57757
0.495855,-0.242133,0.0292531;-1.55555,-0.081403,-1.57687
0.4964,-0.238848,0.0300637;-1.56029,-0.021933,-1.54523
0.495576,-0.236891,0.0309175;-1.56774,0.000582844,-1.52934
0.496016,-0.235086,0.0317446;-1.56821,0.0136867,-1.52135
0.496357,-0.242548,0.0288251;-1.56304,-0.100546,-1.56576
0.496038,-0.2448,0.0290152;-1.55146,-0.131498,-1.56606
0.495643,-0.245806,0.0290052;-1.55381,-0.15457,-1.57149
0.496657,-0.241174,0.0304247;-1.55468,-0.0462633,-1.54857
0.494976,-0.239458,0.0309867;-1.56292,0.0246435,-1.53425
0.492767,-0.239308,0.0312174;-1.56956,0.0699882,-1.52622
0.493238,-0.246115,0.0289452;-1.56544,-0.0300939,-1.55855
0.490483,-0.250052,0.0289411;-1.55926,-0.177109,-1.56269
0.48957,-0.252732,0.0288697;-1.55635,-0.266117,-1.56647
0.490973,-0.251486,0.0303029;-1.5294,-0.217052,-1.55374
0.489368,-0.246392,0.0332756;-1.5171,-0.135512,-1.52728
0.483364,-0.23567,0.0334007;-1.57427,-0.0102235,-1.49955
0.483074,-0.241399,0.0297162;-1.57313,-0.0583776,-1.5481
0.482405,-0.248191,0.0288797;-1.56039,-0.176089,-1.56461
0.482195,-0.250755,0.0289821;-1.55197,-0.211116,-1.56563
0.483187,-0.247547,0.0294192;-1.56257,-0.120498,-1.55248
0.48377,-0.24048,0.0313557;-1.56607,-0.0349954,-1.53587
0.481727,-0.233398,0.0323427;-1.59284,0.0182502,-1.52705
0.482185,-0.240871,0.0293244;-1.57377,-0.00934936,-1.55037
0.481923,-0.245465,0.0288947;-1.56531,-0.101972,-1.56026
0.481239,-0.247749,0.0288548;-1.5648,-0.134954,-1.56276
0.481117,-0.248689,0.0291572;-1.55804,-0.093742,-1.55487
0.481463,-0.246477,0.0321325;-1.52338,-0.0369949,-1.54219
0.48039,-0.238258,0.0356284;-1.49806,0.0309899,-1.52063
0.479872,-0.238978,0.0301834;-1.58413,2.64645e-05,-1.53568
0.480146,-0.241683,0.0287615;-1.57018,-0.0523913,-1.55914
0.479558,-0.244382,0.0289052;-1.55934,-0.101096,-1.56332
0.479187,-0.245201,0.0289179;-1.56187,-0.111571,-1.55908
0.479671,-0.241889,0.0298301;-1.56539,-0.077586,-1.54507
0.480242,-0.236388,0.0324741;-1.54244,-0.0169422,-1.53094
0.48237,-0.237477,0.0347399;-1.4979,-0.0117677,-1.53168
0.482802,-0.240817,0.032298;-1.49395,-0.0585198,-1.56494
0.482859,-0.243524,0.0324502;-1.50086,-0.0951034,-1.57314
0.483479,-0.246899,0.0323554;-1.49873,-0.141362,-1.56601
0.484071,-0.245681,0.0314681;-1.5059,-0.129072,-1.55896
0.484801,-0.243342,0.03363;-1.48849,-0.0963247,-1.53818
0.48347,-0.2376,0.0377018;-1.47852,-0.00256858,-1.51545
0.483333,-0.238412,0.0358749;-1.47491,-0.0126425,-1.54892
0.483829,-0.241454,0.0288492;-1.5728,-0.0694566,-1.55731
0.482704,-0.245391,0.0287529;-1.57205,-0.115088,-1.56152
0.482969,-0.244121,0.0290214;-1.56468,-0.0812682,-1.55456
0.484242,-0.239161,0.031198;-1.5623,-0.0343303,-1.52953
0.482469,-0.236208,0.0322911;-1.55975,-0.00876685,-1.52132
0.483766,-0.236445,0.0329614;-1.55521,-0.0210837,-1.51473
0.48369,-0.239952,0.0302046;-1.55846,-0.0551162,-1.54685
0.482289,-0.24857,0.0289883;-1.55629,-0.174629,-1.56285
0.482326,-0.247645,0.028885;-1.56797,-0.154588,-1.55861
0.483888,-0.241498,0.0307132;-1.55682,-0.0741334,-1.53625
0.482437,-0.235413,0.0342789;-1.55985,0.0166187,-1.49238
0.482642,-0.236684,0.0351389;-1.54463,0.0099173,-1.48996
0.481653,-0.239627,0.0304364;-1.56865,-0.0269426,-1.53898
0.479174,-0.249156,0.0288215;-1.56435,-0.180566,-1.56112
0.479195,-0.248925,0.0287602;-1.56845,-0.181774,-1.56012
0.479609,-0.246376,0.0299456;-1.56728,-0.145127,-1.54363
0.479609,-0.246376,0.0299456;-1.56728,-0.145127,-1.54363
0.479253,-0.242117,0.0319636;-1.54729,-0.0847199,-1.52514
0.479253,-0.242117,0.0319636;-1.54729,-0.0847199,-1.52514
