0.5,-0.3,0.06;-1.57,-2.98023e-08,-1.57
0.5,-0.3,0.06;-1.57,-2.98023e-08,-1.57
0.5,-0.3,0.06;-1.57,-2.98023e-08,-1.57
0.501573,-0.296129,0.0286403;-1.57232,-0.310874,-1.57311
0.500972,-0.297268,0.0286277;-1.57248,-0.22064,-1.57183
0.500325,-0.294427,0.0288601;-1.57696,-0.079149,-1.56419
0.49912,-0.289128,0.0291039;-1.57929,0.0253873,-1.5586
0.50215,-0.288686,0.0286951;-1.57085,-0.175361,-1.57619
0.503632,-0.285071,0.0290491;-1.58719,-0.301871,-1.58258
0.505069,-0.281541,0.0291735;-1.59387,-0.402835,-1.58728
0.503138,-0.28983,0.0308759;-1.57343,-0.263996,-1.60811
0.503131,-0.291334,0.0322435;-1.55463,-0.132885,-1.61184
0.502129,-0.288226,0.033729;-1.52436,0.0225071,-1.60153
0.503442,-0.284186,0.0319564;-1.56706,0.0431308,-1.61141
0.503803,-0.280017,0.0310927;-1.56805,-0.0785506,-1.61428
0.505573,-0.272561,0.0310013;-1.57522,-0.205302,-1.60919
0.507976,-0.266577,0.0288546;-1.57088,-0.277675,-1.58393
0.50721,-0.267065,0.0286652;-1.57446,-0.18048,-1.57109
0.506363,-0.260836,0.0297241;-1.57547,-0.0419231,-1.5513
0.505622,-0.252845,0.0300822;-1.57929,0.151274,-1.54545
0.507162,-0.256977,0.0288812;-1.57857,0.0800037,-1.56325
0.507503,-0.258036,0.0286694;-1.57061,-0.0439686,-1.57539
0.507273,-0.253954,0.0287129;-1.57026,-0.291028,-1.5765
0.507876,-0.2525,0.0286629;-1.5741,-0.206121,-1.57088
0.510879,-0.243016,0.0302409;-1.57966,-0.0588256,-1.54872
0.509871,-0.236884,0.0336533;-1.64349,0.0201534,-1.54647
0.511008,-0.238258,0.034389;-1.68502,0.035022,-1.57318
0.507821,-0.251874,0.0332685;-1.58251,-0.156198,-1.62011
0.502807,-0.256202,0.0314448;-1.5775,-0.268775,-1.60489
0.50278,-0.253225,0.0314092;-1.57209,-0.258263,-1.60134
0.503837,-0.239981,0.0355915;-1.64599,-0.0309342,-1.53726
0.502041,-0.236381,0.036372;-1.65496,0.0481721,-1.52674
0.501679,-0.237979,0.0370423;-1.6277,0.0647372,-1.53144
0.502276,-0.253712,0.0306377;-1.56234,-0.1357,-1.58732
0.498999,-0.258777,0.0294003;-1.56628,-0.231529,-1.56643
0.498787,-0.254497,0.0292689;-1.57247,-0.300015,-1.56567
0.502069,-0.244751,0.0326935;-1.56832,-0.0915154,-1.51753
0.500168,-0.241404,0.0334246;-1.59312,0.0331307,-1.51103
0.497658,-0.249378,0.0353468;-1.59037,0.148953,-1.50497
0.501726,-0.274519,0.0296163;-1.55345,0.0563343,-1.57827
0.500983,-0.276357,0.0302449;-1.579,-0.062365,-1.59028
0.500506,-0.274541,0.030041;-1.58701,-0.177437,-1.59051
0.502398,-0.270492,0.0293493;-1.56216,-0.0597152,-1.56861
0.505065,-0.258309,0.0309767;-1.57686,0.0662231,-1.54247
0.502758,-0.251085,0.0324778;-1.61984,0.164244,-1.53531
0.504063,-0.256017,0.0287404;-1.57167,0.119618,-1.5775
0.50283,-0.255278,0.0289666;-1.56674,0.0250838,-1.58536
0.503265,-0.259111,0.0290305;-1.56839,-0.021045,-1.58443
0.504474,-0.261024,0.0291781;-1.56409,0.0365353,-1.58735
0.506636,-0.263215,0.0308218;-1.52899,0.152882,-1.57625
0.507873,-0.259288,0.0338113;-1.48847,0.250586,-1.57582
0.507381,-0.262051,0.0331758;-1.48954,0.280355,-1.58217
0.505888,-0.271029,0.0312438;-1.51533,0.198479,-1.58401
0.50378,-0.277563,0.0312315;-1.51983,0.116654,-1.58069
0.504485,-0.268441,0.0291764;-1.57179,0.0173205,-1.58866
0.504826,-0.26437,0.0296341;-1.57102,0.0521709,-1.58222
0.505486,-0.251144,0.031448;-1.61501,0.143412,-1.56025
0.505945,-0.250151,0.0297713;-1.56093,0.151861,-1.56054
0.505724,-0.251943,0.0288391;-1.57146,0.0962832,-1.5834
0.505273,-0.255808,0.0288961;-1.57435,0.0592645,-1.58196
0.50607,-0.257469,0.0286909;-1.576,0.0061828,-1.57074
0.505925,-0.255394,0.0292548;-1.57959,0.0610003,-1.55638
0.504485,-0.249964,0.0301273;-1.58631,0.140181,-1.54474
0.504369,-0.250725,0.0315714;-1.5456,0.237017,-1.55161
0.504382,-0.253814,0.0342987;-1.47144,0.18703,-1.58168
0.503936,-0.257837,0.0350169;-1.44872,0.125084,-1.59153
0.504437,-0.260533,0.0333457;-1.49084,-0.0356548,-1.57882
0.504508,-0.259028,0.0324345;-1.52529,-0.0332407,-1.60375
0.50435,-0.25784,0.0345753;-1.48097,0.00773163,-1.58931
0.500681,-0.24399,0.0357454;-1.45637,0.072903,-1.56476
0.50218,-0.242443,0.0369769;-1.42711,0.0478795,-1.56671
0.501977,-0.244442,0.0364323;-1.4238,0.0111436,-1.5768
0.499005,-0.25233,0.0323778;-1.50773,-0.0932334,-1.57703
0.49901,-0.25271,0.0288115;-1.57644,-0.0775098,-1.57684
0.498709,-0.25189,0.0288762;-1.57595,-0.0546845,-1.56215
0.497246,-0.242892,0.0309579;-1.57776,0.0960253,-1.53574
0.49788,-0.245041,0.0322562;-1.54799,0.118091,-1.53178
0.497264,-0.246844,0.0315095;-1.54811,0.0947784,-1.53986
0.492915,-0.252218,0.0286513;-1.57089,-0.109317,-1.57429
0.493355,-0.251037,0.02871;-1.57711,-0.142447,-1.57171
0.493715,-0.250561,0.0288899;-1.57813,-0.145022,-1.56412
0.493253,-0.239679,0.0292872;-1.58278,-0.0390942,-1.56335
0.496188,-0.240701,0.0335971;-1.50951,-0.060707,-1.58712
0.49749,-0.241098,0.0338112;-1.52333,-0.0774269,-1.61329
0.499341,-0.249064,0.0353704;-1.54618,-0.193278,-1.64897
0.499608,-0.249513,0.035099;-1.54247,-0.189806,-1.64413
0.499961,-0.248587,0.0334155;-1.54612,-0.175839,-1.62467
0.49602,-0.242379,0.0296195;-1.59194,0.0139121,-1.55912
0.496101,-0.24561,0.0303592;-1.5767,0.0209941,-1.54175
0.496219,-0.245996,0.0301554;-1.57115,0.0464263,-1.54671
0.493921,-0.250721,0.028788;-1.57218,-0.0865121,-1.57103
0.493213,-0.251104,0.0287153;-1.57415,-0.13263,-1.56808
0.493859,-0.251963,0.0288873;-1.57466,-0.198467,-1.55985
0.493125,-0.24231,0.0330393;-1.57651,-0.0765801,-1.50905
0.492801,-0.243382,0.0331052;-1.55378,0.00960728,-1.51037
0.491706,-0.247049,0.0333653;-1.54736,0.0869972,-1.5106
0.491481,-0.248458,0.0288436;-1.57898,-0.0298347,-1.56667
0.488924,-0.253487,0.0299657;-1.57572,-0.167436,-1.58278
0.488074,-0.254737,0.0302286;-1.58341,-0.13247,-1.58495
0.486267,-0.257258,0.0321995;-1.56616,-0.0579495,-1.58297
0.480939,-0.260308,0.0354045;-1.58004,0.173847,-1.54637
0.480938,-0.264284,0.0360956;-1.44431,0.196248,-1.5741
0.480428,-0.265549,0.0355516;-1.4536,0.160731,-1.57283
0.472662,-0.265632,0.0293824;-1.56158,-0.154571,-1.5707
0.472984,-0.263268,0.0291024;-1.5698,-0.155276,-1.56664
0.474079,-0.260318,0.0299477;-1.57274,-0.121674,-1.5485
0.476259,-0.247446,0.0343058;-1.56729,0.119997,-1.50046
0.476474,-0.249787,0.0346345;-1.52681,0.127635,-1.50465
0.475008,-0.25411,0.0337672;-1.52579,0.133622,-1.52324
0.467998,-0.262111,0.0285949;-1.5718,-0.110043,-1.57034
0.467883,-0.26074,0.0287173;-1.57083,-0.174418,-1.57742
0.468301,-0.259911,0.0286476;-1.57454,-0.182288,-1.57111
0.464987,-0.265153,0.0308764;-1.58112,0.0042635,-1.54876
0.468467,-0.272756,0.0292323;-1.56396,0.0911113,-1.56843
0.469184,-0.272988,0.0290081;-1.57484,0.0990549,-1.58844
0.464721,-0.265113,0.0298662;-1.57028,-0.00396971,-1.59428
0.464316,-0.258687,0.0296133;-1.57167,-0.100786,-1.59118
0.465243,-0.255654,0.0290114;-1.57653,-0.128576,-1.58621
0.464376,-0.259948,0.0291003;-1.57279,-0.134772,-1.5647
0.466427,-0.259629,0.0290867;-1.57288,-0.0301642,-1.56254
0.468603,-0.259844,0.0286484;-1.57085,0.0408658,-1.57399
0.468125,-0.259387,0.0286894;-1.57067,0.0233173,-1.57586
0.468646,-0.257071,0.0286661;-1.57118,-0.0932057,-1.5747
0.469342,-0.255231,0.0286755;-1.57196,-0.147296,-1.57482
0.469972,-0.255855,0.028808;-1.57501,-0.186595,-1.56455
0.470105,-0.257542,0.0294491;-1.57401,-0.118138,-1.5559
0.473974,-0.259303,0.0291566;-1.56468,-0.00747917,-1.5663
0.472959,-0.262126,0.0291071;-1.55541,0.0564775,-1.58132
0.471337,-0.257969,0.0289238;-1.56671,-0.000600785,-1.58212
0.469552,-0.251361,0.0295204;-1.57154,-0.108042,-1.59078
0.469613,-0.246129,0.0286914;-1.57261,-0.196475,-1.57486
0.468262,-0.249542,0.029959;-1.5787,-0.170845,-1.54674
0.468202,-0.251194,0.0309848;-1.57275,-0.0773057,-1.53045
0.470789,-0.256653,0.0287142;-1.57641,-0.00671943,-1.57008
0.469273,-0.258061,0.0288914;-1.57087,-0.0585587,-1.5699
0.465775,-0.261296,0.0291956;-1.56508,-0.183442,-1.57162
0.464512,-0.254798,0.0307599;-1.54227,-0.246063,-1.55232
0.463663,-0.251891,0.0336559;-1.52483,-0.177399,-1.51813
0.461231,-0.244859,0.0355182;-1.56951,-0.0489491,-1.49687
0.465067,-0.257509,0.0301683;-1.57544,0.0559087,-1.54342
0.465271,-0.263002,0.0292611;-1.57371,0.0222815,-1.56291
0.460076,-0.270075,0.0296269;-1.56262,-0.117782,-1.56496
0.456051,-0.264086,0.0308614;-1.55192,-0.264852,-1.54516
0.455847,-0.250271,0.0339139;-1.55696,-0.255168,-1.51258
0.453093,-0.244501,0.0371866;-1.59497,-0.157051,-1.49661
0.454655,-0.245956,0.031453;-1.59458,0.0256784,-1.54304
0.457057,-0.253217,0.0292308;-1.57518,0.0317993,-1.55982
0.456011,-0.259967,0.0292085;-1.57481,-0.052244,-1.56147
0.451724,-0.268762,0.0302322;-1.56049,-0.248844,-1.54658
0.451948,-0.261294,0.0316374;-1.56266,-0.268601,-1.52448
0.451329,-0.252818,0.0338011;-1.58726,-0.207309,-1.50576
0.452481,-0.247395,0.0296315;-1.58236,-0.0792071,-1.55421
0.45244,-0.248837,0.0287791;-1.57938,-0.0487662,-1.57261
0.452759,-0.253665,0.0286784;-1.57059,-0.0430678,-1.57556
0.450857,-0.252523,0.0289142;-1.56966,-0.137854,-1.58567
0.45147,-0.249988,0.0288732;-1.57677,-0.205814,-1.58017
0.452161,-0.250835,0.0296919;-1.57619,-0.250016,-1.57738
0.453713,-0.259117,0.0287304;-1.57586,-0.292682,-1.57496
0.454294,-0.261533,0.0287814;-1.57065,-0.231274,-1.58021
0.454866,-0.264723,0.0289124;-1.5766,-0.17535,-1.58403
0.454764,-0.265403,0.0287438;-1.57133,-0.178329,-1.57863
0.455269,-0.263215,0.0286096;-1.57088,-0.254193,-1.57214
0.457287,-0.263351,0.028741;-1.57602,-0.37137,-1.56953
0.459201,-0.270376,0.029444;-1.55744,-0.419677,-1.5546
0.463745,-0.271671,0.028576;-1.57089,-0.343248,-1.57102
0.465283,-0.273324,0.0286436;-1.57086,-0.248568,-1.57359
0.465683,-0.274161,0.0286341;-1.57163,-0.195525,-1.57274
0.465802,-0.272953,0.0287504;-1.57108,-0.223409,-1.57894
0.466214,-0.270512,0.0287393;-1.57261,-0.296977,-1.57719
0.467613,-0.270634,0.02915;-1.58045,-0.391465,-1.56248
0.470382,-0.273562,0.0287386;-1.57667,-0.419396,-1.57587
0.472493,-0.27816,0.0292914;-1.57734,-0.360408,-1.59208
0.473784,-0.285472,0.0289077;-1.57213,-0.277581,-1.58524
0.473853,-0.285169,0.0288557;-1.57075,-0.281308,-1.58393
0.473778,-0.283813,0.0287415;-1.57068,-0.314246,-1.57852
0.474589,-0.284963,0.0307265;-1.57204,-0.412775,-1.53732
0.477279,-0.288357,0.0298822;-1.57708,-0.457149,-1.55407
0.479505,-0.290475,0.0287664;-1.57625,-0.427985,-1.56914
0.480297,-0.292776,0.0286957;-1.57508,-0.416946,-1.5708
0.48,-0.290832,0.0288188;-1.57745,-0.392263,-1.56815
0.478704,-0.288177,0.0290485;-1.57711,-0.371765,-1.5629
0.478704,-0.288177,0.0290485;-1.57711,-0.371765,-1.5629
0.478002,-0.285226,0.0301399;-1.57204,-0.36857,-1.5463
0.478002,-0.285226,0.0301399;-1.57204,-0.36857,-1.5463
