0.5,-0.3,0.06;-1.57,-2.98023e-08,-1.57
0.5,-0.3,0.06;-1.57,-2.98023e-08,-1.57
0.5,-0.3,0.06;-1.57,-2.98023e-08,-1.57
0.49965,-0.299621,0.0287027;-1.57178,-0.263027,-1.57595
0.4991,-0.301426,0.0287356;-1.57064,-0.169018,-1.57812
0.500005,-0.301462,0.0289932;-1.57201,-0.0230724,-1.57234
0.500119,-0.295932,0.0304269;-1.61524,0.0827625,-1.56765
0.501853,-0.294525,0.0288812;-1.57096,-0.146652,-1.58581
0.503642,-0.291319,0.0288522;-1.57696,-0.277655,-1.5795
0.504921,-0.289513,0.0287766;-1.57482,-0.361284,-1.57775
0.502255,-0.294683,0.028781;-1.57078,-0.140395,-1.58022
0.502545,-0.296712,0.0288212;-1.57626,0.00971902,-1.57708
0.504482,-0.293464,0.0296765;-1.56877,0.161547,-1.57007
0.505948,-0.291846,0.0289641;-1.57791,0.0952964,-1.58124
0.506681,-0.289737,0.0289352;-1.57291,-0.00340951,-1.58523
0.508382,-0.286269,0.028947;-1.58048,-0.121501,-1.57984
0.508278,-0.286813,0.0287625;-1.57076,-0.0897791,-1.5795
0.506592,-0.28897,0.0287436;-1.57503,0.0288306,-1.57433
0.506494,-0.289472,0.0291574;-1.57629,0.16426,-1.57134
0.508355,-0.288136,0.0293891;-1.59068,0.257364,-1.56932
0.50888,-0.287653,0.0289829;-1.57792,0.168916,-1.58142
0.509859,-0.28382,0.0289477;-1.57299,0.0522788,-1.58566
0.512836,-0.279509,0.0288849;-1.57819,-0.106872,-1.57877
0.510681,-0.28231,0.0286495;-1.57086,0.0231988,-1.57408
0.508835,-0.283873,0.0286988;-1.57663,0.158964,-1.57008
0.510168,-0.282893,0.0291321;-1.5869,0.259251,-1.57179
0.510843,-0.283573,0.028944;-1.57543,0.216904,-1.58244
0.515428,-0.277118,0.0289178;-1.58644,-0.0391894,-1.57224
0.51732,-0.27498,0.0289823;-1.58961,-0.127164,-1.57451
0.515471,-0.277316,0.0287748;-1.57678,-0.029527,-1.57437
0.511492,-0.278578,0.0288535;-1.58315,0.253116,-1.567
0.511987,-0.275556,0.0294663;-1.60045,0.363154,-1.56094
0.512625,-0.279011,0.028897;-1.58241,0.333673,-1.57301
0.515641,-0.274962,0.0289013;-1.57788,0.0867511,-1.5814
0.518863,-0.271469,0.0289609;-1.58768,-0.0859146,-1.57638
0.519535,-0.271242,0.0288199;-1.58172,-0.11244,-1.57491
0.51429,-0.274333,0.0288409;-1.58335,0.192051,-1.56924
0.512487,-0.271662,0.0293446;-1.598,0.333621,-1.56201
0.511937,-0.274381,0.0294456;-1.59798,0.367312,-1.56299
0.51425,-0.273578,0.0288832;-1.57084,0.160574,-1.58527
0.517256,-0.269344,0.0289752;-1.5912,-0.0105031,-1.5753
0.518972,-0.267693,0.0289264;-1.58926,-0.120324,-1.57608
0.514814,-0.271837,0.0288279;-1.58494,0.123607,-1.57078
0.513305,-0.269679,0.0289507;-1.58874,0.272822,-1.56578
0.511584,-0.266847,0.0296774;-1.60229,0.364647,-1.56175
0.516446,-0.271479,0.0286561;-1.56978,0.233534,-1.57376
0.520509,-0.270373,0.0286574;-1.57028,0.0530771,-1.57605
0.52306,-0.267005,0.0288481;-1.58472,-0.15089,-1.5764
0.519844,-0.269919,0.0288475;-1.5865,0.0711606,-1.57209
0.518594,-0.26817,0.0289146;-1.58287,0.229095,-1.56598
0.516556,-0.261266,0.0302637;-1.61524,0.357854,-1.55713
0.517673,-0.267206,0.0287804;-1.57074,0.230749,-1.58064
0.521077,-0.267348,0.0288329;-1.57376,0.0845241,-1.5809
0.524841,-0.26462,0.0287677;-1.57995,-0.135828,-1.57201
0.522551,-0.26568,0.0287011;-1.57638,0.0278211,-1.57057
0.521508,-0.260755,0.0294318;-1.58508,0.184499,-1.55887
0.518887,-0.253594,0.0322014;-1.64159,0.327699,-1.5419
0.517705,-0.272691,0.028791;-1.56843,0.236864,-1.5787
0.517013,-0.271768,0.0288408;-1.5784,0.10535,-1.57956
0.518057,-0.268506,0.0287558;-1.58085,-0.0707419,-1.5715
0.518474,-0.267762,0.0287304;-1.57558,-0.0401413,-1.56817
0.519223,-0.262254,0.0295537;-1.5785,0.106338,-1.55396
0.516056,-0.257657,0.0325596;-1.63009,0.262529,-1.53582
0.516227,-0.269965,0.0330285;-1.65311,0.297396,-1.54176
0.512764,-0.277247,0.0288122;-1.58047,0.168048,-1.57119
0.509492,-0.273796,0.0288985;-1.57347,-0.00694114,-1.57027
0.508984,-0.270017,0.0287852;-1.57821,-0.113103,-1.56643
0.511363,-0.265439,0.0297776;-1.57576,0.0125163,-1.55194
0.511008,-0.261377,0.0312106;-1.59189,0.154367,-1.53932
0.506522,-0.263075,0.0362362;-1.70033,0.351949,-1.50911
0.507309,-0.26813,0.0361192;-1.70571,0.27045,-1.52446
0.503527,-0.277914,0.0288395;-1.57092,0.109782,-1.56312
0.500494,-0.274273,0.0291654;-1.57553,-0.142818,-1.56319
0.501601,-0.271856,0.0293908;-1.5739,-0.0619372,-1.558
0.504238,-0.266048,0.0305823;-1.5783,0.09397,-1.54254
0.499466,-0.262303,0.0373646;-1.69391,0.372513,-1.49653
0.499769,-0.264235,0.037731;-1.66637,0.307571,-1.50161
0.49785,-0.274303,0.0324707;-1.61867,0.187111,-1.54045
0.489196,-0.279712,0.0293363;-1.57371,-0.117993,-1.56046
0.489946,-0.277113,0.029454;-1.57476,-0.0797127,-1.55765
0.494163,-0.269926,0.0314242;-1.56924,0.0461627,-1.53151
0.493505,-0.25854,0.0384137;-1.72491,0.334997,-1.48897
0.492032,-0.265167,0.0383774;-1.72302,0.313158,-1.4956
0.491314,-0.276903,0.0346541;-1.65488,0.217865,-1.52907
0.483137,-0.28646,0.0294409;-1.57611,-0.0582487,-1.55832
0.484241,-0.28426,0.0295536;-1.57398,-0.0415493,-1.55548
0.488133,-0.279319,0.0322442;-1.56454,0.0642377,-1.52035
0.488173,-0.268676,0.0382152;-1.69337,0.377739,-1.47314
0.489503,-0.275965,0.0394888;-1.76202,0.346703,-1.4844
0.488976,-0.286377,0.0375508;-1.71797,0.281148,-1.51003
0.48113,-0.298097,0.0294307;-1.57543,-0.0231373,-1.55879
0.481873,-0.296715,0.0298973;-1.57295,-0.0109776,-1.55068
0.484441,-0.292942,0.0320795;-1.55693,0.0569106,-1.52877
0.486583,-0.281197,0.0372688;-1.64647,0.353478,-1.47663
0.487849,-0.286516,0.0378487;-1.71132,0.360203,-1.48727
0.48799,-0.293025,0.0372077;-1.71326,0.369077,-1.49744
0.479552,-0.306521,0.0294577;-1.57475,0.0824522,-1.56183
0.479333,-0.304422,0.0294095;-1.57444,-0.0681527,-1.55857
0.482908,-0.301473,0.030297;-1.5712,0.0418641,-1.54465
0.487947,-0.296242,0.0328218;-1.58896,0.216663,-1.52102
0.489437,-0.294919,0.0377243;-1.73392,0.493362,-1.47012
0.487769,-0.304529,0.0376775;-1.73842,0.437184,-1.48535
0.482089,-0.320781,0.030521;-1.59499,0.319051,-1.55202
0.47694,-0.322573,0.0291308;-1.5775,0.0477762,-1.56174
0.478086,-0.320907,0.0291808;-1.57514,0.0678189,-1.56042
0.484118,-0.315541,0.0303715;-1.57441,0.200595,-1.5438
0.488956,-0.305842,0.0364711;-1.70241,0.533829,-1.47477
0.490413,-0.310292,0.0374149;-1.77014,0.492369,-1.48036
0.48688,-0.323271,0.0334054;-1.67632,0.395259,-1.53423
0.478665,-0.329686,0.0288417;-1.58046,0.0972625,-1.56595
0.479722,-0.32896,0.0288576;-1.57706,0.102115,-1.56591
0.483211,-0.325824,0.0291843;-1.57583,0.214745,-1.55879
0.48847,-0.313457,0.0340882;-1.65323,0.541746,-1.49886
0.490151,-0.315019,0.0353252;-1.72901,0.525569,-1.49519
0.488058,-0.323192,0.0327526;-1.66254,0.457579,-1.53854
0.485703,-0.322653,0.029071;-1.59144,0.135191,-1.57148
0.486542,-0.322491,0.0286907;-1.57496,0.104865,-1.56888
0.488138,-0.320406,0.0286369;-1.57336,0.2043,-1.56978
0.492213,-0.30294,0.031486;-1.61231,0.489309,-1.52864
0.492804,-0.298932,0.033376;-1.68176,0.536312,-1.51158
0.493165,-0.304096,0.0329304;-1.66843,0.512285,-1.53223
0.492991,-0.303261,0.0290711;-1.58698,0.301035,-1.57413
0.496644,-0.301223,0.0288012;-1.58,0.139422,-1.57098
0.496749,-0.301456,0.0286473;-1.57284,0.148069,-1.57176
0.494038,-0.295108,0.0290889;-1.58606,0.417009,-1.55535
0.492914,-0.285139,0.0317239;-1.64809,0.530383,-1.52856
0.493578,-0.286501,0.0331999;-1.68236,0.537587,-1.51914
0.493327,-0.292339,0.0289513;-1.57567,0.381705,-1.58195
0.498326,-0.290249,0.0287831;-1.57662,0.181018,-1.57352
0.500049,-0.29019,0.0287392;-1.57832,0.0975859,-1.57028
0.49592,-0.289786,0.0288677;-1.5848,0.330105,-1.5658
0.494452,-0.285572,0.0295228;-1.60238,0.458075,-1.55458
0.492359,-0.284783,0.0324675;-1.66713,0.533266,-1.5242
0.489916,-0.295018,0.0288726;-1.57056,0.427042,-1.58544
0.49376,-0.292772,0.0290634;-1.58626,0.270128,-1.57501
0.498098,-0.290927,0.028698;-1.57639,0.0761137,-1.5705
0.495488,-0.291712,0.0286794;-1.57554,0.225418,-1.56975
0.493932,-0.289433,0.0290469;-1.59441,0.37203,-1.56208
0.491638,-0.284406,0.030361;-1.62217,0.49649,-1.54545
0.490757,-0.292591,0.0294476;-1.57542,0.428446,-1.58744
0.492271,-0.292194,0.0289829;-1.57683,0.314783,-1.58228
0.49712,-0.289322,0.0289547;-1.58377,0.117403,-1.57433
0.495625,-0.290587,0.0286352;-1.57345,0.197358,-1.57033
0.494124,-0.288314,0.0288265;-1.57855,0.324585,-1.56388
0.492444,-0.282476,0.0294731;-1.59212,0.443619,-1.5536
0.492338,-0.289072,0.0301162;-1.5837,0.421303,-1.58916
0.492565,-0.290359,0.0296573;-1.57465,0.323889,-1.5914
0.497293,-0.286691,0.0290644;-1.58506,0.143231,-1.57795
0.498112,-0.285948,0.0285793;-1.57084,0.168825,-1.57043
0.497197,-0.283567,0.0288241;-1.57824,0.280866,-1.56428
0.49607,-0.27824,0.0292461;-1.59299,0.392162,-1.55537
0.495622,-0.282247,0.0302796;-1.60549,0.41863,-1.57328
0.492328,-0.290173,0.0295071;-1.5712,0.361357,-1.59142
0.495088,-0.288621,0.0290281;-1.58164,0.233072,-1.57918
0.49891,-0.286972,0.0285778;-1.57079,0.09763,-1.5705
0.496656,-0.285819,0.0287238;-1.57703,0.216112,-1.56873
0.495313,-0.282599,0.0290549;-1.58738,0.329112,-1.55851
0.493464,-0.280728,0.0317233;-1.64432,0.458554,-1.54506
0.490054,-0.289866,0.0291419;-1.57275,0.420449,-1.5845
0.490284,-0.291389,0.028932;-1.57509,0.32472,-1.58209
0.496464,-0.288501,0.0287183;-1.57691,0.0690869,-1.5711
0.494158,-0.289377,0.0286816;-1.57471,0.183223,-1.57112
0.492693,-0.287449,0.0288075;-1.57951,0.291527,-1.56551
0.489753,-0.281696,0.030851;-1.63163,0.479736,-1.54356
0.48916,-0.286493,0.0305339;-1.60337,0.469845,-1.57235
0.48642,-0.29476,0.0288806;-1.57046,0.403496,-1.58509
0.493152,-0.291145,0.0286512;-1.57427,0.0978464,-1.5707
0.492734,-0.291377,0.0288277;-1.58239,0.128277,-1.56996
0.490425,-0.292459,0.0287035;-1.57684,0.261245,-1.56914
0.488935,-0.279182,0.0310508;-1.63918,0.497355,-1.53706
0.489803,-0.282787,0.031859;-1.65627,0.461171,-1.53797
0.48851,-0.2893,0.0294295;-1.58449,0.394592,-1.5804
0.494717,-0.287121,0.0287375;-1.57835,0.0881063,-1.57032
0.495076,-0.287409,0.0285961;-1.57081,0.0794347,-1.56995
0.49309,-0.287498,0.0286954;-1.57621,0.198322,-1.56977
0.492134,-0.270957,0.0313196;-1.61911,0.446187,-1.53175
0.492634,-0.27365,0.0326207;-1.66818,0.421548,-1.5328
0.492466,-0.280597,0.0316027;-1.64199,0.368463,-1.55399
0.48852,-0.286618,0.0289984;-1.58765,0.10705,-1.57239
0.489141,-0.286431,0.0286677;-1.57314,0.0794477,-1.56864
0.488386,-0.285227,0.0288127;-1.57787,0.152475,-1.56556
0.488386,-0.285227,0.0288127;-1.57787,0.152475,-1.56556
0.489246,-0.27894,0.0296886;-1.5805,0.267909,-1.55094
0.489246,-0.27894,0.0296886;-1.5805,0.267909,-1.55094
