0.5,-0.3,0.06;-1.57,-2.98023e-08,-1.57
0.5,-0.3,0.06;-1.57,-2.98023e-08,-1.57
0.5,-0.3,0.06;-1.57,-2.98023e-08,-1.57
0.500558,-0.302311,0.0286891;-1.5756,-0.257307,-1.5708
0.500581,-0.300008,0.0288071;-1.57439,-0.208116,-1.56436
0.502104,-0.289321,0.0307043;-1.57063,-0.0869196,-1.53754
0.50132,-0.286614,0.0311505;-1.59074,0.0397857,-1.5438
0.502869,-0.300975,0.0289911;-1.57423,-0.134147,-1.58549
0.498502,-0.300832,0.0288732;-1.57962,-0.265632,-1.57858
0.498716,-0.297237,0.0286657;-1.57522,-0.390514,-1.57274
0.499273,-0.293731,0.0286772;-1.57061,-0.347749,-1.56604
0.498698,-0.283509,0.0300866;-1.57372,-0.250377,-1.54547
0.494215,-0.271074,0.0323242;-1.58975,-0.102448,-1.5211
0.496127,-0.274643,0.0301837;-1.58423,-0.139328,-1.54834
0.497644,-0.280375,0.0286704;-1.57253,-0.226217,-1.57458
0.497299,-0.280416,0.0290264;-1.58231,-0.313414,-1.58479
0.497407,-0.278319,0.0286759;-1.57103,-0.334909,-1.57553
0.497615,-0.272391,0.0297975;-1.5719,-0.232481,-1.54818
0.495563,-0.260265,0.0316163;-1.57439,-0.0938804,-1.52459
0.493777,-0.25837,0.0327385;-1.59721,-0.0423002,-1.52644
0.497333,-0.26549,0.0297223;-1.58183,-0.128185,-1.55497
0.498528,-0.270665,0.028651;-1.57451,-0.217323,-1.57194
0.49895,-0.271918,0.0286247;-1.57332,-0.252551,-1.57118
0.498971,-0.270762,0.0286617;-1.57085,-0.190506,-1.56693
0.500448,-0.26239,0.0297956;-1.56952,-0.0838939,-1.54811
0.499113,-0.254789,0.0308454;-1.57181,-0.00198007,-1.5323
0.501921,-0.261415,0.0289282;-1.57611,-0.0881356,-1.55953
0.503694,-0.265336,0.0287685;-1.57695,-0.240993,-1.56932
0.503779,-0.266088,0.0286908;-1.57372,-0.246275,-1.56904
0.50266,-0.266487,0.0285894;-1.57141,-0.131199,-1.57088
0.503915,-0.257103,0.0296463;-1.57569,0.104357,-1.54818
0.502794,-0.250875,0.0305083;-1.58972,0.167935,-1.54114
0.505132,-0.255412,0.0297914;-1.57713,0.100718,-1.54791
0.50825,-0.260405,0.0285815;-1.57097,-0.187133,-1.57069
0.511121,-0.262347,0.0285804;-1.57077,-0.314661,-1.57082
0.510953,-0.262174,0.0286253;-1.57095,-0.289614,-1.5686
0.513106,-0.25438,0.029333;-1.56861,-0.0291247,-1.55284
0.511284,-0.246901,0.029981;-1.57343,0.092931,-1.54334
0.510975,-0.246737,0.029852;-1.5782,0.106684,-1.54762
0.513282,-0.255502,0.028582;-1.57079,-0.0390692,-1.57095
0.513724,-0.256885,0.0286858;-1.57507,-0.123774,-1.57056
0.514195,-0.256971,0.0285764;-1.57072,-0.183388,-1.57102
0.514233,-0.253902,0.0287225;-1.572,-0.0744466,-1.56396
0.513946,-0.247705,0.0291721;-1.5736,0.00431721,-1.55634
0.512821,-0.240822,0.0302581;-1.57672,0.0969508,-1.54145
0.51574,-0.243727,0.0287654;-1.57059,-0.0477914,-1.57958
0.515671,-0.244622,0.0288505;-1.57164,-0.106786,-1.58309
0.517069,-0.246065,0.0288175;-1.56952,-0.186077,-1.58295
0.517204,-0.245532,0.0286446;-1.57179,-0.106952,-1.56733
0.516065,-0.241957,0.0288944;-1.57617,-0.0194269,-1.56111
0.513815,-0.236095,0.0294944;-1.57576,0.0602304,-1.55148
0.514825,-0.241144,0.0286597;-1.57091,-0.00566137,-1.5672
0.5148,-0.242407,0.0286332;-1.57065,-0.0700451,-1.57336
0.515713,-0.245203,0.0288744;-1.57209,-0.140557,-1.58417
0.516482,-0.24366,0.0290758;-1.56737,-0.139859,-1.58726
0.514522,-0.239608,0.0301183;-1.55008,-0.0724971,-1.56608
0.512231,-0.234371,0.0295432;-1.57356,0.0104703,-1.54849
0.51639,-0.242165,0.0289355;-1.57676,-0.0924575,-1.56004
0.516402,-0.243711,0.0287539;-1.57168,-0.130184,-1.57885
0.515756,-0.245165,0.0289231;-1.58113,-0.14,-1.57847
0.515214,-0.245817,0.0287055;-1.57089,-0.132882,-1.5768
0.515061,-0.244188,0.0287345;-1.57144,-0.0270163,-1.56325
0.513977,-0.239492,0.0297032;-1.58934,0.0636822,-1.55871
0.514456,-0.239462,0.029177;-1.58861,0.0542978,-1.56384
0.515657,-0.240286,0.0285845;-1.57056,-0.0348979,-1.57125
0.515578,-0.240589,0.0287662;-1.56604,-0.0836031,-1.57695
0.515528,-0.243536,0.0289146;-1.56372,-0.136872,-1.58279
0.515335,-0.24286,0.028596;-1.57083,-0.0662389,-1.57005
0.51506,-0.240426,0.0288056;-1.56944,0.01276,-1.56089
0.514798,-0.236518,0.0296975;-1.57566,0.0775027,-1.5499
0.517114,-0.238703,0.0287181;-1.57102,0.0179098,-1.56419
0.517705,-0.239244,0.0287016;-1.56928,-0.062126,-1.57831
0.516996,-0.244481,0.0289125;-1.56534,-0.13794,-1.58371
0.516907,-0.24498,0.0285766;-1.57103,-0.0930504,-1.57047
0.51618,-0.245034,0.0285787;-1.57084,-0.00397627,-1.57054
0.514091,-0.24084,0.0295742;-1.5799,0.139096,-1.55228
0.515583,-0.242218,0.028817;-1.57233,0.101853,-1.56072
0.51621,-0.244205,0.0286202;-1.57079,0.0158035,-1.56885
0.516196,-0.244425,0.0289852;-1.57508,-0.146278,-1.58638
0.516777,-0.244775,0.0287907;-1.56803,-0.150085,-1.57999
0.517178,-0.24428,0.0285798;-1.5708,-0.1175,-1.57084
0.513267,-0.236187,0.0292343;-1.57855,0.0522126,-1.55659
0.513459,-0.238411,0.0289423;-1.56855,0.0455496,-1.55595
0.513151,-0.24077,0.0286252;-1.57061,0.0158888,-1.57303
0.511875,-0.245689,0.02858;-1.57074,-0.117927,-1.57077
0.511907,-0.245505,0.0286121;-1.56941,-0.147215,-1.5705
0.512107,-0.244553,0.0286493;-1.57091,-0.13223,-1.56745
0.511094,-0.235183,0.0289412;-1.57067,0.00015083,-1.55425
0.51324,-0.238472,0.0290083;-1.56995,-0.0403666,-1.55649
0.513894,-0.241057,0.028738;-1.5709,-0.0760671,-1.56308
0.513297,-0.244292,0.0286607;-1.5704,-0.11988,-1.57451
0.513121,-0.244439,0.0288138;-1.57229,-0.127281,-1.58094
0.513205,-0.244148,0.0289601;-1.57826,-0.137001,-1.58342
0.511278,-0.241515,0.0289192;-1.57155,0.013356,-1.55377
0.513059,-0.240984,0.02894;-1.56468,-0.00773739,-1.55969
0.513235,-0.240569,0.0288794;-1.56604,-0.00784942,-1.56122
0.513052,-0.24248,0.0288319;-1.5711,-0.0832183,-1.58305
0.511907,-0.245662,0.0288635;-1.57071,-0.134963,-1.58429
0.511957,-0.245826,0.0288026;-1.57075,-0.12484,-1.58129
0.512076,-0.245659,0.0287637;-1.56982,-0.076217,-1.57941
0.511056,-0.237904,0.0290641;-1.58323,0.0130397,-1.57668
0.513091,-0.238811,0.0285789;-1.57084,-0.0462369,-1.57084
0.513093,-0.239802,0.0286452;-1.57057,-0.0648781,-1.57387
0.512429,-0.244611,0.028882;-1.56635,-0.123604,-1.58029
0.512307,-0.24486,0.0285842;-1.57121,-0.115644,-1.57126
0.511439,-0.245228,0.0285779;-1.57076,-0.0364637,-1.57062
0.50868,-0.241082,0.029153;-1.57811,0.141804,-1.55178
0.509561,-0.242935,0.0290363;-1.56778,0.116071,-1.55245
0.509409,-0.243279,0.0287404;-1.5698,0.0413549,-1.57809
0.511425,-0.245958,0.0293999;-1.57574,-0.104059,-1.5891
0.511437,-0.247479,0.0289556;-1.57339,-0.108232,-1.58378
0.511556,-0.247366,0.0287084;-1.5707,-0.0898612,-1.57685
0.508467,-0.24099,0.029422;-1.56543,0.0629135,-1.55998
0.508875,-0.242413,0.0292276;-1.55389,0.0788635,-1.56506
0.507883,-0.246935,0.0292961;-1.54629,0.0680141,-1.57259
0.506069,-0.260098,0.0296683;-1.55594,0.00596223,-1.58664
0.505685,-0.261515,0.0321643;-1.53818,-0.0316337,-1.6073
0.507198,-0.255985,0.0316504;-1.56242,-0.0575171,-1.62153
0.507978,-0.239337,0.0317052;-1.56789,-0.00460382,-1.60617
0.505177,-0.237223,0.0298667;-1.57073,0.0302153,-1.58124
0.504567,-0.240497,0.0304066;-1.54271,0.0288116,-1.57947
0.502422,-0.244505,0.0288521;-1.56917,-0.0541779,-1.58218
0.500715,-0.248487,0.0288342;-1.56854,-0.116563,-1.58042
0.50033,-0.249099,0.0290387;-1.56281,-0.127611,-1.58385
0.502283,-0.24249,0.0294516;-1.57936,-0.0782749,-1.58572
0.500774,-0.240712,0.0301238;-1.58232,-0.0109075,-1.58763
0.501817,-0.239496,0.0294196;-1.57267,-0.0259221,-1.58196
0.502529,-0.249372,0.0317683;-1.55761,-0.0146012,-1.61577
0.50052,-0.260383,0.0316129;-1.55951,-0.0133284,-1.61573
0.499772,-0.264538,0.032569;-1.55451,-0.00789978,-1.62435
0.502805,-0.252894,0.0316878;-1.55282,-0.0145294,-1.61102
0.503816,-0.248019,0.0323798;-1.54407,0.0420054,-1.60162
0.504394,-0.246922,0.0336026;-1.52516,0.082968,-1.60744
0.505783,-0.253966,0.0343413;-1.53262,0.0763588,-1.64159
0.504785,-0.260302,0.0341553;-1.54466,0.0497637,-1.64028
0.503293,-0.267897,0.0333789;-1.55102,-0.00732589,-1.63257
0.506848,-0.255322,0.0329429;-1.54196,-0.0257902,-1.62558
0.505599,-0.249323,0.0354394;-1.51765,0.0198319,-1.63409
0.504092,-0.245411,0.0369679;-1.49559,0.114173,-1.6367
0.506192,-0.246297,0.0395596;-1.47707,-0.0021914,-1.6741
0.504825,-0.244925,0.0388696;-1.51447,-0.0712759,-1.67665
0.502188,-0.251977,0.0381986;-1.52918,-0.138315,-1.67608
0.504535,-0.244674,0.0313505;-1.55535,-0.125243,-1.60873
0.504521,-0.239716,0.032167;-1.57164,-0.0594634,-1.61871
0.500474,-0.240939,0.0343171;-1.55568,0.0340299,-1.61946
0.505298,-0.257015,0.035805;-1.5188,0.0156765,-1.65038
0.506245,-0.260085,0.0368274;-1.53752,-0.0259004,-1.66902
0.506222,-0.266176,0.0396937;-1.51855,-0.048832,-1.69644
0.506953,-0.265845,0.0403315;-1.47655,-0.0489128,-1.67262
0.506815,-0.260966,0.0396155;-1.45065,-0.0269555,-1.64549
0.505585,-0.250169,0.0389412;-1.45321,0.0582669,-1.61928
0.506385,-0.254211,0.0368581;-1.47932,0.07722,-1.64217
0.506116,-0.255051,0.0339332;-1.55505,0.030643,-1.64195
0.505857,-0.259502,0.0347499;-1.57145,-0.0401021,-1.64563
0.506907,-0.263432,0.0360453;-1.54258,-0.0761371,-1.66212
0.508338,-0.25798,0.0380591;-1.46813,-0.0993445,-1.6375
0.510053,-0.254591,0.0445406;-1.34372,-0.0814671,-1.62373
0.507538,-0.239252,0.0454555;-1.30027,-0.026123,-1.61304
0.506029,-0.241345,0.0440781;-1.31606,-0.0527493,-1.60022
0.506063,-0.246856,0.044327;-1.331,-0.0353984,-1.61042
0.508077,-0.251906,0.0407551;-1.37703,-0.0490753,-1.59805
0.509646,-0.249527,0.0375136;-1.4555,-0.0478532,-1.6147
0.510616,-0.244549,0.0354352;-1.48392,-0.0661529,-1.59976
0.513916,-0.235399,0.0398829;-1.43679,-0.0234419,-1.62648
0.515457,-0.239973,0.0418861;-1.4173,-0.0643168,-1.65369
0.514437,-0.241233,0.0399947;-1.48037,-0.0725298,-1.6672
0.514914,-0.24928,0.0396009;-1.48177,-0.0927548,-1.65854
0.515918,-0.24791,0.0332917;-1.54256,-0.0959999,-1.62061
0.516588,-0.241313,0.0293499;-1.57035,-0.0760997,-1.58604
0.511163,-0.233047,0.0296817;-1.5684,0.0301313,-1.57158
0.513777,-0.235859,0.0294803;-1.5857,0.00604049,-1.58545
0.516382,-0.239942,0.0311056;-1.56008,-0.0113107,-1.6121
0.516341,-0.258741,0.0350289;-1.52408,0.0136866,-1.64095
0.517051,-0.263266,0.0358306;-1.50439,0.0555795,-1.64069
0.517477,-0.263689,0.0354811;-1.48243,0.0724747,-1.62676
0.513355,-0.252737,0.037818;-1.40793,0.134139,-1.58144
0.513143,-0.250262,0.0374838;-1.40278,0.116494,-1.58847
0.513141,-0.253169,0.0378054;-1.39127,0.0869995,-1.59875
0.514979,-0.26448,0.0374005;-1.41371,0.122714,-1.61105
0.51628,-0.269725,0.0375441;-1.40096,0.115505,-1.6054
0.51667,-0.271037,0.0372187;-1.39523,0.116251,-1.59726
0.51667,-0.271037,0.0372187;-1.39523,0.116251,-1.59726
0.516733,-0.266906,0.0358452;-1.42762,0.136912,-1.5906
0.516733,-0.266906,0.0358452;-1.42762,0.136912,-1.5906
