0.5,-0.3,0.06;-1.57,-2.98023e-08,-1.57
0.5,-0.3,0.06;-1.57,-2.98023e-08,-1.57
0.5,-0.3,0.06;-1.57,-2.98023e-08,-1.57
0.501155,-0.297261,0.0287142;-1.57083,-0.277283,-1.57707
0.501364,-0.298277,0.0285799;-1.57075,-0.188478,-1.57072
0.502099,-0.292552,0.0289859;-1.57722,-0.0584694,-1.5582
0.499917,-0.287333,0.0301653;-1.58248,0.0392555,-1.54349
0.499897,-0.292056,0.0288674;-1.5801,-0.196654,-1.57832
0.499248,-0.291635,0.0288609;-1.57961,-0.318717,-1.56841
0.500115,-0.290484,0.0287294;-1.57465,-0.428569,-1.56879
0.500963,-0.286883,0.029116;-1.55716,-0.309221,-1.55369
0.502343,-0.27679,0.0307464;-1.57765,-0.1432,-1.53703
0.498304,-0.268322,0.0324246;-1.5967,-0.00192905,-1.52368
0.502565,-0.280227,0.0300368;-1.53826,-0.0588547,-1.56179
0.504168,-0.281429,0.0293512;-1.56561,-0.146748,-1.59174
0.503918,-0.278222,0.0298898;-1.57428,-0.223842,-1.5966
0.504159,-0.276235,0.0288252;-1.57072,-0.228529,-1.58251
0.504699,-0.274546,0.0288629;-1.5711,-0.124271,-1.55712
0.50433,-0.264177,0.030076;-1.57273,-0.00331888,-1.54012
0.503704,-0.259903,0.0308677;-1.5708,0.0473225,-1.52903
0.504383,-0.267205,0.0297421;-1.57113,-0.0405778,-1.54585
0.503182,-0.273908,0.028782;-1.57086,-0.151621,-1.56099
0.502345,-0.277196,0.0286623;-1.56703,-0.231899,-1.57003
0.503349,-0.275609,0.0291392;-1.54669,-0.166396,-1.56292
0.505307,-0.264219,0.0305375;-1.56484,-0.0722717,-1.53787
0.505453,-0.251955,0.0305633;-1.57229,0.0103928,-1.53258
0.506871,-0.255013,0.0288806;-1.57138,-0.0764576,-1.55665
0.505347,-0.257499,0.0287773;-1.57412,-0.140938,-1.57724
0.505224,-0.258085,0.0290164;-1.57882,-0.149103,-1.58477
0.504943,-0.258598,0.0288785;-1.57173,-0.128699,-1.58403
0.504973,-0.257581,0.0289262;-1.58076,0.0358803,-1.57702
0.504907,-0.251611,0.0289776;-1.57858,0.0971523,-1.55885
0.506115,-0.252319,0.0289205;-1.57086,0.0595253,-1.55418
0.504086,-0.255601,0.0286592;-1.56692,-0.116711,-1.57027
0.503495,-0.257082,0.0286389;-1.57081,-0.160146,-1.56802
0.503521,-0.257184,0.0286519;-1.57081,-0.157041,-1.56734
0.505485,-0.249139,0.0293522;-1.56528,0.00551683,-1.551
0.504521,-0.242064,0.0301918;-1.57361,0.107134,-1.53831
0.504976,-0.241427,0.0302895;-1.58475,0.114125,-1.54429
0.508253,-0.241479,0.028899;-1.5706,-0.0707989,-1.58603
0.507431,-0.243439,0.0288877;-1.57465,-0.117902,-1.58202
0.507408,-0.245174,0.0288763;-1.57467,-0.143302,-1.58153
0.505782,-0.247352,0.0285799;-1.57098,-0.0246199,-1.57059
0.50463,-0.2462,0.0287825;-1.57925,0.0493055,-1.56917
0.503283,-0.244339,0.0289807;-1.57503,0.110794,-1.55473
0.505252,-0.246476,0.0290585;-1.55564,-0.000151694,-1.57456
0.504141,-0.245782,0.0288143;-1.56766,-0.0972459,-1.57852
0.503907,-0.247518,0.0289721;-1.56319,-0.177158,-1.58055
0.506546,-0.243623,0.029266;-1.55434,-0.0444481,-1.5608
0.507286,-0.237726,0.030071;-1.57268,0.0132646,-1.54384
0.505998,-0.234768,0.0309672;-1.58147,0.0581264,-1.53463
0.50818,-0.241511,0.0286414;-1.57357,-0.0234356,-1.57075
0.50771,-0.241938,0.0286911;-1.57065,-0.0786295,-1.57602
0.508073,-0.246324,0.0290291;-1.57626,-0.14708,-1.58711
0.508562,-0.245947,0.0291225;-1.58282,-0.131102,-1.58607
0.507867,-0.244893,0.0290622;-1.58804,-0.0914157,-1.57833
0.506108,-0.241205,0.0296782;-1.60419,-0.0114705,-1.57073
0.506345,-0.244864,0.0286389;-1.57147,0.0109297,-1.57282
0.506578,-0.244394,0.0288732;-1.57154,-0.0334492,-1.58419
0.506816,-0.245156,0.0290346;-1.57979,-0.0623479,-1.5841
0.507791,-0.243798,0.0291548;-1.57933,-0.122283,-1.59071
0.507265,-0.240561,0.0290473;-1.59124,-0.0485518,-1.57028
0.505831,-0.236992,0.0301429;-1.59347,0.0396742,-1.55629
0.505711,-0.241561,0.0305092;-1.57927,0.115126,-1.54029
0.507446,-0.245807,0.028789;-1.58005,0.0417344,-1.56984
0.507846,-0.246715,0.0287646;-1.57328,-0.039048,-1.57719
0.508565,-0.245685,0.0289246;-1.5737,-0.146876,-1.58451
0.507574,-0.247193,0.0291993;-1.59605,-0.0787855,-1.57783
0.50627,-0.248651,0.0287665;-1.57966,0.0214083,-1.57072
0.504833,-0.246103,0.0295125;-1.5999,0.128708,-1.56889
0.509321,-0.242327,0.0310565;-1.5856,0.0394483,-1.59906
0.511128,-0.240278,0.0313674;-1.56754,-0.0469879,-1.61684
0.507925,-0.247536,0.0295567;-1.58366,-0.169564,-1.58985
0.507171,-0.248589,0.0291334;-1.59268,-0.118913,-1.57849
0.506069,-0.247936,0.028944;-1.58595,-0.0391105,-1.56945
0.503271,-0.238216,0.0327878;-1.62389,0.107544,-1.53904
0.505464,-0.23666,0.0338567;-1.62342,0.0561155,-1.53343
0.507357,-0.238618,0.0310847;-1.62947,-0.0428052,-1.5752
0.505796,-0.250844,0.0293285;-1.60129,-0.135436,-1.58159
0.505525,-0.252373,0.0288167;-1.57208,-0.103961,-1.58074
0.505365,-0.250994,0.0289003;-1.58608,-0.0571834,-1.57192
0.501103,-0.24426,0.029669;-1.60642,0.11843,-1.56198
0.50284,-0.245464,0.031247;-1.63379,0.0898276,-1.56876
0.503814,-0.250171,0.0288688;-1.58216,0.0382378,-1.57296
0.503138,-0.252821,0.0296803;-1.59755,-0.146794,-1.58464
0.504115,-0.252052,0.0308047;-1.57941,-0.114596,-1.59844
0.505804,-0.249079,0.0314788;-1.62396,-0.0637301,-1.58744
0.500819,-0.235735,0.0353747;-1.67297,0.0717097,-1.54153
0.500899,-0.238114,0.0373437;-1.67529,0.0549715,-1.52169
0.498714,-0.245638,0.0357143;-1.64994,0.0614037,-1.52616
0.494556,-0.264755,0.0295623;-1.58161,-0.0154677,-1.56379
0.495062,-0.264033,0.0295325;-1.58084,-0.028118,-1.56183
0.495157,-0.263802,0.0295657;-1.58249,-0.0323829,-1.56007
0.49523,-0.248516,0.0346105;-1.60237,0.0976545,-1.50186
0.494371,-0.248577,0.0348952;-1.59836,0.112605,-1.49883
0.493963,-0.250339,0.0353098;-1.60592,0.130924,-1.49887
0.485753,-0.270791,0.0304653;-1.57231,0.0470825,-1.54723
0.480773,-0.28037,0.0306036;-1.56793,-0.0761541,-1.5452
0.483536,-0.276527,0.0316308;-1.55813,-0.0379477,-1.53215
0.487343,-0.266779,0.0329541;-1.55618,0.0242391,-1.51325
0.490926,-0.250283,0.0352254;-1.61475,0.147622,-1.50093
0.492997,-0.252136,0.0352811;-1.65391,0.124099,-1.5222
0.494077,-0.260894,0.0317813;-1.62881,0.0408715,-1.56044
0.492008,-0.27139,0.0287838;-1.57458,-0.135884,-1.5667
0.491931,-0.270656,0.0287575;-1.56826,-0.10061,-1.56394
0.495915,-0.264924,0.0302525;-1.55864,0.00906516,-1.54796
0.495945,-0.250238,0.033068;-1.58214,0.147949,-1.5065
0.49652,-0.253269,0.0340722;-1.5997,0.122899,-1.50882
0.496752,-0.261499,0.0303543;-1.56818,0.0451041,-1.53953
0.491032,-0.273439,0.0295773;-1.56675,-0.0785644,-1.551
0.492347,-0.27204,0.0313414;-1.55079,-0.0305551,-1.53286
0.493816,-0.268349,0.0316228;-1.55487,0.0631117,-1.52774
0.495129,-0.253465,0.033772;-1.56777,0.19475,-1.49897
0.497433,-0.250584,0.0338423;-1.55378,0.171912,-1.50283
0.496937,-0.253935,0.0321795;-1.55634,0.103913,-1.52073
0.493472,-0.264427,0.0287301;-1.57115,-0.0439878,-1.56356
0.492221,-0.267724,0.0289525;-1.57348,-0.0234044,-1.5705
0.49192,-0.27251,0.0291481;-1.57536,0.0922633,-1.57422
0.49102,-0.262509,0.0325031;-1.5628,0.289555,-1.51808
0.490149,-0.258125,0.0326022;-1.57131,0.316738,-1.50814
0.490452,-0.260269,0.0342395;-1.5505,0.271752,-1.50179
0.486396,-0.27081,0.0342844;-1.5458,0.164885,-1.50163
0.482235,-0.278662,0.0332064;-1.55169,0.0858771,-1.51125
0.481627,-0.280896,0.032321;-1.54251,0.0960454,-1.52503
0.488571,-0.270943,0.0332536;-1.56344,0.263915,-1.50549
0.488701,-0.261564,0.0345257;-1.5625,0.332062,-1.49131
0.489642,-0.261488,0.0350107;-1.54778,0.322846,-1.4947
0.488551,-0.268912,0.0287854;-1.56915,0.154118,-1.56279
0.486539,-0.271594,0.0287048;-1.57057,0.0781425,-1.56499
0.485604,-0.273134,0.0286849;-1.57105,0.0298234,-1.56561
0.488956,-0.268542,0.0299999;-1.56377,0.208921,-1.54659
0.490294,-0.261719,0.0322433;-1.56571,0.286211,-1.51571
0.49148,-0.258022,0.0330755;-1.55678,0.323514,-1.51217
0.491209,-0.264329,0.0300145;-1.55988,0.126968,-1.54886
0.486874,-0.268345,0.0295013;-1.56367,0.0451667,-1.55392
0.484625,-0.271488,0.029362;-1.56401,-0.00195304,-1.5522
0.488983,-0.265064,0.0314461;-1.559,0.117154,-1.52983
0.490646,-0.258635,0.033464;-1.55594,0.19757,-1.50607
0.490004,-0.251048,0.0343756;-1.56669,0.255382,-1.4921
0.494065,-0.258145,0.0297998;-1.56827,0.0744067,-1.54662
0.493747,-0.262419,0.0287543;-1.5702,-0.0343015,-1.56308
0.493834,-0.264192,0.0287373;-1.57247,-0.122571,-1.56466
0.497179,-0.259083,0.029373;-1.56546,0.03866,-1.55636
0.497964,-0.253011,0.0304851;-1.57129,0.136504,-1.53953
0.496166,-0.247881,0.0321166;-1.58075,0.221893,-1.51905
0.498592,-0.254801,0.0288852;-1.57723,0.101416,-1.56164
0.499875,-0.257609,0.0287832;-1.5764,-0.0209306,-1.56659
0.501336,-0.258922,0.0289861;-1.59049,-0.122432,-1.57347
0.499558,-0.257669,0.0296928;-1.59172,-0.0625724,-1.56594
0.498307,-0.251672,0.031858;-1.59011,0.0254757,-1.53263
0.495708,-0.245334,0.0344278;-1.61283,0.113681,-1.5097
0.494066,-0.246698,0.0335579;-1.60136,0.115927,-1.51724
0.493669,-0.253885,0.0302618;-1.57515,0.021488,-1.54679
0.492225,-0.258041,0.0295042;-1.57747,-0.0807569,-1.55816
0.492147,-0.261707,0.029469;-1.57669,-0.102225,-1.55897
0.493322,-0.258789,0.0302409;-1.57961,0.0100011,-1.54855
0.493176,-0.256935,0.0323593;-1.58746,0.141346,-1.52329
0.493804,-0.249914,0.0345118;-1.56413,0.199319,-1.50812
0.494872,-0.249891,0.0319343;-1.59118,0.106172,-1.53323
0.495492,-0.255164,0.0293973;-1.58368,0.00136155,-1.56328
0.491054,-0.262359,0.0297642;-1.58387,-0.0678878,-1.55812
0.490447,-0.262696,0.0304965;-1.58591,0.00819853,-1.5495
0.491144,-0.261758,0.0321234;-1.5867,0.11855,-1.5256
0.491919,-0.251232,0.0367942;-1.65017,0.272888,-1.50609
0.494185,-0.2511,0.0375669;-1.65291,0.187487,-1.51587
0.494136,-0.255733,0.0344874;-1.68596,0.109809,-1.55734
0.490606,-0.272952,0.0296089;-1.5943,0.00725335,-1.5669
0.489506,-0.276165,0.0297574;-1.58448,0.065609,-1.55962
0.490041,-0.271123,0.0307998;-1.58492,0.141913,-1.54366
0.48737,-0.254207,0.0368183;-1.65484,0.279797,-1.49206
0.489364,-0.255189,0.0385823;-1.69064,0.236434,-1.48944
0.489769,-0.260991,0.0372024;-1.70733,0.173138,-1.52349
0.482555,-0.277143,0.0311638;-1.61025,0.0660608,-1.55804
0.482007,-0.283196,0.0301221;-1.57795,0.0938364,-1.55656
0.485359,-0.279298,0.0313619;-1.57537,0.169233,-1.53927
0.488225,-0.261938,0.0358347;-1.63283,0.303193,-1.49128
0.490178,-0.258109,0.036939;-1.63755,0.280381,-1.49579
0.490844,-0.262414,0.0346742;-1.68711,0.208686,-1.53922
0.489772,-0.28014,0.0301628;-1.6015,0.0616536,-1.57883
0.488928,-0.282023,0.0305694;-1.60237,0.0348839,-1.58369
0.491051,-0.277179,0.0311821;-1.62282,0.0569718,-1.57387
0.491051,-0.277179,0.0311821;-1.62282,0.0569718,-1.57387
0.493283,-0.266729,0.0334505;-1.63608,0.120164,-1.54206
0.493283,-0.266729,0.0334505;-1.63608,0.120164,-1.54206
