0.5,-0.3,0.06;-1.57,-2.98023e-08,-1.57
0.5,-0.3,0.06;-1.57,-2.98023e-08,-1.57
0.5,-0.3,0.06;-1.57,-2.98023e-08,-1.57
0.501693,-0.295646,0.0287358;-1.57099,-0.318828,-1.57877
0.501025,-0.297224,0.0287239;-1.57073,-0.230345,-1.57742
0.49954,-0.297054,0.0288231;-1.57698,-0.113306,-1.56606
0.497371,-0.296401,0.029492;-1.5947,0.0261971,-1.5741
0.498915,-0.294965,0.0299656;-1.57196,-0.133014,-1.59823
0.49933,-0.289116,0.0291205;-1.58686,-0.230322,-1.58472
0.500794,-0.286281,0.0290069;-1.59001,-0.320337,-1.57937
0.501019,-0.286209,0.0286278;-1.57334,-0.291068,-1.57146
0.499857,-0.284345,0.0288961;-1.57673,-0.206423,-1.56267
0.497939,-0.275568,0.0300778;-1.57648,-0.0635402,-1.54378
0.497142,-0.274134,0.0290845;-1.59217,-0.00618226,-1.57458
0.498065,-0.274213,0.0292762;-1.57217,-0.0718345,-1.58956
0.497387,-0.27403,0.0301816;-1.57975,-0.098436,-1.59654
0.498127,-0.271128,0.0287728;-1.57087,-0.127735,-1.58009
0.49822,-0.269085,0.0287957;-1.57675,-0.0979401,-1.56504
0.497696,-0.264395,0.0295376;-1.57638,-0.0512795,-1.55154
0.49527,-0.25589,0.0304494;-1.58171,0.0447979,-1.54146
0.497174,-0.260701,0.0289272;-1.57838,-0.0230214,-1.56189
0.497955,-0.262373,0.0288371;-1.5704,-0.108533,-1.58344
0.498835,-0.261268,0.0291347;-1.57877,-0.172624,-1.58898
0.498587,-0.26037,0.0286853;-1.57003,-0.140825,-1.57587
0.500116,-0.249167,0.0297946;-1.57304,-0.0632516,-1.55015
0.499793,-0.242331,0.0312593;-1.57861,-0.0326827,-1.53244
0.501595,-0.247121,0.0297931;-1.57294,-0.107266,-1.54934
0.499,-0.25806,0.0289712;-1.57766,-0.219888,-1.56546
0.497671,-0.261444,0.0290243;-1.57894,-0.185961,-1.56699
0.497646,-0.267705,0.0291216;-1.57251,-0.0423596,-1.56756
0.497966,-0.261153,0.0306217;-1.57965,0.146974,-1.54025
0.496198,-0.255904,0.0330977;-1.60523,0.219069,-1.51643
0.49922,-0.260624,0.0340332;-1.60523,0.142715,-1.50986
0.501881,-0.273747,0.0291623;-1.5781,-0.0618554,-1.56161
0.500211,-0.276432,0.0292128;-1.57881,-0.0769603,-1.56213
0.49923,-0.27703,0.0291661;-1.57553,-0.0451383,-1.56189
0.500492,-0.269039,0.0303982;-1.57667,0.176134,-1.54175
0.499896,-0.259861,0.032375;-1.58674,0.268139,-1.51872
0.500663,-0.260294,0.0337228;-1.62688,0.247276,-1.5192
0.503292,-0.26943,0.0289607;-1.57618,0.00209052,-1.5632
0.502212,-0.272712,0.0288845;-1.5762,-0.0791821,-1.56389
0.501963,-0.273818,0.0289026;-1.57377,-0.110954,-1.56454
0.503568,-0.268284,0.0292282;-1.57506,0.089385,-1.55936
0.503007,-0.262397,0.0309748;-1.58449,0.224883,-1.53508
0.499858,-0.259235,0.0326029;-1.61368,0.313713,-1.52503
0.50217,-0.268869,0.0287314;-1.57761,0.109109,-1.56809
0.500733,-0.272059,0.0285805;-1.57131,-0.0226713,-1.56992
0.500728,-0.273537,0.0286468;-1.57438,-0.131582,-1.57051
0.502901,-0.269358,0.028842;-1.56789,-0.0221899,-1.56293
0.505002,-0.259776,0.0301038;-1.5766,0.129295,-1.54513
0.501901,-0.25354,0.0317913;-1.59721,0.238377,-1.52854
0.503356,-0.263851,0.0288792;-1.5799,0.11553,-1.56445
0.504432,-0.264462,0.0286819;-1.57428,0.0103003,-1.57235
0.504821,-0.265222,0.0289075;-1.58525,-0.0435962,-1.57348
0.503885,-0.26414,0.0287929;-1.57785,0.0392067,-1.56701
0.50334,-0.259609,0.0289888;-1.57962,0.106693,-1.5607
0.501618,-0.250948,0.030902;-1.59227,0.204487,-1.53961
0.503452,-0.259882,0.0293004;-1.58024,0.113189,-1.55485
0.503791,-0.263726,0.0286898;-1.57571,0.0209622,-1.57111
0.503671,-0.265475,0.0287376;-1.57838,-0.0365866,-1.57116
0.505068,-0.263347,0.0286769;-1.57244,-0.0435737,-1.56795
0.507515,-0.255412,0.0291652;-1.57398,0.0249181,-1.5585
0.507587,-0.245385,0.0309419;-1.58451,0.11481,-1.53584
0.507084,-0.248045,0.0311888;-1.58825,0.10432,-1.53725
0.50692,-0.254651,0.0290196;-1.57688,0.0355057,-1.56113
0.504919,-0.259287,0.0286347;-1.57145,-0.0263377,-1.56878
0.504228,-0.260856,0.0287002;-1.57427,-0.0632428,-1.56873
0.503355,-0.259516,0.0288221;-1.57595,0.0109945,-1.56448
0.504544,-0.253399,0.029916;-1.57609,0.0902753,-1.54829
0.504086,-0.247679,0.0324049;-1.60199,0.187289,-1.52571
0.506736,-0.250492,0.0304346;-1.58386,0.115926,-1.54413
0.508715,-0.256141,0.0288317;-1.57754,-0.00626783,-1.56553
0.50899,-0.259857,0.0288252;-1.58225,-0.0740843,-1.57209
0.506974,-0.261091,0.028823;-1.58253,0.0220498,-1.57076
0.5057,-0.260075,0.0288634;-1.57862,0.115831,-1.56413
0.50363,-0.248827,0.0306881;-1.5953,0.251994,-1.54062
0.50727,-0.250068,0.0298065;-1.59055,0.175239,-1.55535
0.508777,-0.253764,0.0287638;-1.57457,0.084742,-1.56545
0.510426,-0.252807,0.0289975;-1.5823,-0.110732,-1.58062
0.510487,-0.253005,0.0286771;-1.57148,-0.101435,-1.57517
0.509858,-0.253231,0.0286956;-1.5764,-0.0315036,-1.57077
0.506939,-0.246023,0.0293828;-1.58588,0.107971,-1.55499
0.507178,-0.247656,0.0290617;-1.58691,0.098337,-1.56222
0.507908,-0.250174,0.0285829;-1.57098,0.037856,-1.57103
0.507258,-0.250523,0.0287256;-1.5718,-0.0988371,-1.57792
0.507203,-0.251107,0.0287008;-1.57125,-0.0689791,-1.5763
0.506714,-0.251036,0.0287584;-1.57975,-0.0101964,-1.57105
0.503254,-0.246793,0.029886;-1.61471,0.115393,-1.56258
0.503736,-0.249616,0.0295949;-1.60009,0.116385,-1.56188
0.505524,-0.254619,0.0289776;-1.58185,0.0455952,-1.56217
0.507189,-0.258323,0.0288003;-1.58035,-0.0941393,-1.57097
0.506008,-0.259006,0.028661;-1.57457,-0.0161487,-1.57108
0.505181,-0.259161,0.0286912;-1.57544,0.030394,-1.56988
0.50337,-0.247574,0.0306486;-1.58784,0.220027,-1.54132
0.505484,-0.250571,0.0318995;-1.61292,0.179157,-1.54044
0.50682,-0.25523,0.03034;-1.58021,0.152656,-1.54485
0.509971,-0.263204,0.0288182;-1.5753,-0.1065,-1.56402
0.509081,-0.265574,0.0288888;-1.57273,-0.131839,-1.56349
0.508969,-0.263343,0.0291544;-1.57463,-0.0282095,-1.55912
0.50969,-0.257611,0.0303712;-1.57384,0.0496469,-1.54248
0.508125,-0.246568,0.0340341;-1.60559,0.177961,-1.50587
0.511088,-0.249846,0.0342467;-1.63451,0.117783,-1.52595
0.514268,-0.259167,0.0306916;-1.61663,0.0169846,-1.5676
0.514712,-0.265612,0.0293347;-1.58256,-0.157044,-1.56074
0.514076,-0.264039,0.0295916;-1.56781,-0.0996196,-1.55253
0.517219,-0.255375,0.0328642;-1.56352,0.0186558,-1.51388
0.50942,-0.248817,0.0367329;-1.62393,0.248418,-1.47472
0.506392,-0.26099,0.0369384;-1.62091,0.27273,-1.4767
0.506069,-0.271987,0.0307683;-1.5674,0.18093,-1.53367
0.504313,-0.272271,0.0296628;-1.58447,-0.112157,-1.5699
0.506577,-0.267475,0.0295058;-1.58048,-0.143276,-1.569
0.506865,-0.262755,0.0305106;-1.56609,-0.043582,-1.5407
0.503737,-0.250119,0.0346946;-1.60374,0.197283,-1.49553
0.504389,-0.253968,0.0345645;-1.61857,0.179468,-1.50758
0.505592,-0.265697,0.0300197;-1.58165,0.0993537,-1.54977
0.505058,-0.273951,0.0287551;-1.57674,-0.0536342,-1.56791
0.505612,-0.272439,0.0287004;-1.57328,-0.0909941,-1.57426
0.50754,-0.268255,0.0288251;-1.57204,-0.0797812,-1.58199
0.507119,-0.25197,0.0304798;-1.59222,0.100261,-1.54785
0.505299,-0.252318,0.0297295;-1.58793,0.123199,-1.55103
0.505543,-0.258771,0.0289265;-1.57888,0.0847326,-1.56145
0.505559,-0.260984,0.02885;-1.57597,-0.0171999,-1.5799
0.506435,-0.259492,0.0286967;-1.57224,-0.109542,-1.57591
0.506152,-0.260038,0.0287215;-1.57242,-0.0818772,-1.57671
0.504505,-0.258905,0.0289294;-1.58731,0.0275754,-1.57122
0.503498,-0.255987,0.0293985;-1.59977,0.101369,-1.56741
0.502878,-0.256645,0.0292091;-1.59889,0.114487,-1.56537
0.500986,-0.262465,0.0286896;-1.57093,0.0583826,-1.56553
0.499808,-0.266191,0.0286568;-1.57096,-0.02714,-1.56716
0.49941,-0.267212,0.0286604;-1.57091,-0.0523281,-1.56695
0.498447,-0.265056,0.0287185;-1.57372,0.114581,-1.56556
0.498149,-0.260038,0.0288995;-1.5755,0.187449,-1.55916
0.498373,-0.258829,0.0290306;-1.58647,0.20495,-1.56159
0.503656,-0.257252,0.0290011;-1.57936,0.0225543,-1.58201
0.504538,-0.256651,0.0288812;-1.57894,-0.0500791,-1.57766
0.505427,-0.256591,0.02867;-1.57084,-0.114675,-1.57507
0.504511,-0.258226,0.0286029;-1.5723,0.0397077,-1.57011
0.504693,-0.252681,0.0291658;-1.57416,0.123158,-1.55776
0.504222,-0.245812,0.0304173;-1.57716,0.190087,-1.54042
0.507099,-0.249528,0.0288734;-1.58261,0.0323591,-1.57281
0.509218,-0.2474,0.0289454;-1.58271,-0.105857,-1.57778
0.510799,-0.249073,0.0294186;-1.58501,-0.195733,-1.58524
0.509846,-0.247085,0.0288778;-1.57417,-0.0572206,-1.56266
0.510665,-0.240645,0.0308207;-1.57288,0.0500103,-1.53602
0.508075,-0.24129,0.0325417;-1.59231,0.144023,-1.5192
0.507664,-0.255504,0.0300932;-1.56911,0.0616943,-1.54657
0.504576,-0.263415,0.0292053;-1.56861,-0.0246714,-1.56173
0.502842,-0.263234,0.0293249;-1.57919,-0.12385,-1.56481
0.505122,-0.252579,0.0303277;-1.56019,-0.153623,-1.54731
0.505191,-0.246449,0.0316279;-1.56758,-0.0523671,-1.52225
0.502789,-0.242605,0.0346688;-1.59757,0.0769641,-1.49728
0.504285,-0.25736,0.0329448;-1.59497,0.0713326,-1.52195
0.503592,-0.270277,0.0294181;-1.56873,-0.0276658,-1.55574
0.501118,-0.274432,0.0292806;-1.57168,-0.0971031,-1.55915
0.500553,-0.268896,0.0293974;-1.56218,-0.161129,-1.5567
0.504184,-0.25933,0.0310804;-1.56035,-0.0950911,-1.53419
0.505175,-0.248452,0.0319264;-1.57014,-0.0104231,-1.51822
0.503185,-0.252842,0.033493;-1.60238,0.0630027,-1.51647
0.50472,-0.267904,0.0293193;-1.57846,-0.00223381,-1.55807
0.502438,-0.275052,0.0291222;-1.56824,-0.0992831,-1.56897
0.501433,-0.278942,0.0290805;-1.56404,-0.124342,-1.57167
0.503644,-0.273392,0.0299336;-1.5451,-0.0686511,-1.56848
0.506748,-0.26038,0.0303365;-1.57057,0.0213041,-1.54592
0.50577,-0.251577,0.0324559;-1.61001,0.139282,-1.52822
0.508473,-0.262626,0.0308701;-1.59988,0.105631,-1.56025
0.507382,-0.275637,0.0293675;-1.56391,0.0341125,-1.58598
0.50352,-0.283804,0.0286911;-1.57375,-0.0515489,-1.5686
0.503818,-0.282377,0.0286205;-1.57004,-0.044509,-1.56814
0.506399,-0.274066,0.0296078;-1.56659,0.0336533,-1.55247
0.505728,-0.253541,0.0324371;-1.59813,0.192876,-1.52251
0.509008,-0.259145,0.0310583;-1.58697,0.116809,-1.53858
0.511181,-0.265417,0.028801;-1.57493,0.00366477,-1.56427
0.512084,-0.269543,0.0286317;-1.57097,-0.125305,-1.56832
0.512876,-0.268321,0.0286337;-1.5694,-0.059173,-1.56955
0.516319,-0.264936,0.0288329;-1.56854,0.0863642,-1.56185
0.517246,-0.248677,0.0317818;-1.58586,0.246921,-1.52449
0.519932,-0.250294,0.0320694;-1.55806,0.170169,-1.52353
0.520366,-0.255876,0.0287916;-1.574,0.0254624,-1.56358
0.519481,-0.261116,0.0286901;-1.5709,-0.196875,-1.56559
0.519893,-0.25987,0.0287471;-1.56674,-0.126613,-1.56619
0.521817,-0.257376,0.0287993;-1.56724,0.0180146,-1.56338
0.521817,-0.257376,0.0287993;-1.56724,0.0180146,-1.56338
0.521579,-0.251072,0.0306948;-1.57853,0.156339,-1.53865
0.521579,-0.251072,0.0306948;-1.57853,0.156339,-1.53865
