0.5,-0.3,0.06;-1.57,-2.98023e-08,-1.57
0.5,-0.3,0.06;-1.57,-2.98023e-08,-1.57
0.5,-0.3,0.06;-1.57,-2.98023e-08,-1.57
0.500309,-0.299944,0.0286821;-1.57354,-0.268162,-1.57416
0.499499,-0.29902,0.0288224;-1.57705,-0.196512,-1.56667
0.500557,-0.291344,0.0300025;-1.57656,-0.0556439,-1.54796
0.499056,-0.286644,0.0302166;-1.57379,0.0346517,-1.5426
0.50229,-0.290055,0.0287268;-1.56985,-0.225252,-1.57867
0.504446,-0.285674,0.0289444;-1.58704,-0.375684,-1.57922
0.50594,-0.28388,0.0289342;-1.58841,-0.443837,-1.57963
0.50301,-0.289163,0.0286512;-1.57377,-0.199898,-1.5711
0.503182,-0.283645,0.0291324;-1.5772,-0.0463281,-1.56012
0.501277,-0.274061,0.0308346;-1.58079,0.0965473,-1.5377
0.502764,-0.278167,0.0289662;-1.57913,0.0378416,-1.56011
0.50432,-0.279088,0.0286648;-1.57349,-0.0848148,-1.57238
0.50637,-0.275923,0.0286889;-1.57426,-0.230599,-1.57343
0.506066,-0.276309,0.0286507;-1.57262,-0.190457,-1.57272
0.504327,-0.274262,0.0288226;-1.57745,-0.0539656,-1.56554
0.503546,-0.268886,0.0292721;-1.57692,0.113604,-1.55679
0.504505,-0.270125,0.0293694;-1.58679,0.200812,-1.5623
0.506449,-0.27219,0.0289498;-1.57801,0.0992869,-1.58198
0.50701,-0.265106,0.0296471;-1.57104,-0.0216729,-1.59516
0.509343,-0.255276,0.0294692;-1.58227,-0.158705,-1.59015
0.507479,-0.257517,0.0291215;-1.59131,-0.0763641,-1.57821
0.505153,-0.260296,0.0287594;-1.5792,0.0729847,-1.56987
0.503987,-0.25831,0.0289549;-1.57838,0.174512,-1.55884
0.504651,-0.259576,0.0286573;-1.57432,0.13257,-1.57064
0.508189,-0.253545,0.0291721;-1.58618,-0.122251,-1.586
0.509195,-0.25279,0.0291394;-1.58288,-0.162439,-1.58754
0.508916,-0.25441,0.0290604;-1.57806,-0.137987,-1.58741
0.506321,-0.261299,0.0293604;-1.57797,0.125428,-1.57763
0.5054,-0.255817,0.0309014;-1.62193,0.224458,-1.56233
0.50626,-0.257918,0.0303271;-1.60473,0.210076,-1.57119
0.504535,-0.253482,0.0289363;-1.57304,-0.0296484,-1.58565
0.506619,-0.250886,0.0290384;-1.57907,-0.154744,-1.58571
0.506897,-0.25133,0.0290228;-1.58213,-0.161556,-1.58259
0.503563,-0.251384,0.0289175;-1.57889,0.0618013,-1.56334
0.502173,-0.245666,0.0299925;-1.58605,0.17236,-1.54959
0.501524,-0.246104,0.0303449;-1.58947,0.202268,-1.54656
0.504624,-0.252405,0.0286822;-1.57238,-0.012871,-1.57435
0.505481,-0.250674,0.0287327;-1.5744,-0.136158,-1.57502
0.506072,-0.250258,0.028762;-1.57191,-0.202819,-1.57983
0.503801,-0.253769,0.0290168;-1.59156,-0.0364041,-1.57274
0.502622,-0.250802,0.0291849;-1.57977,0.0958799,-1.55814
0.500452,-0.245719,0.0304094;-1.5846,0.196968,-1.54216
0.502398,-0.255136,0.0286123;-1.57125,0.0317527,-1.5702
0.502256,-0.255569,0.0287022;-1.5767,-0.119658,-1.57158
0.504223,-0.255906,0.028644;-1.57394,-0.231503,-1.57184
0.503065,-0.257768,0.028751;-1.57742,-0.0856705,-1.56974
0.504389,-0.252156,0.0294421;-1.58218,0.0415682,-1.55556
0.502621,-0.24495,0.0312199;-1.59597,0.154796,-1.53576
0.504102,-0.253555,0.0287067;-1.57534,0.0405337,-1.56903
0.503434,-0.251582,0.029299;-1.56633,-0.099977,-1.58077
0.50338,-0.252166,0.0295337;-1.58245,-0.19461,-1.58579
0.503205,-0.251551,0.0292236;-1.58407,-0.141598,-1.58137
0.502286,-0.25102,0.0291106;-1.58907,-0.00767519,-1.56749
0.500944,-0.24492,0.0315841;-1.6197,0.118857,-1.54823
0.502251,-0.25195,0.0291135;-1.58243,0.0776162,-1.55563
0.502511,-0.254591,0.0287353;-1.57799,-0.0371814,-1.5707
0.50165,-0.255154,0.0288796;-1.58465,-0.144757,-1.57203
0.502003,-0.253165,0.0288326;-1.5825,-0.183843,-1.57248
0.501388,-0.250745,0.0290386;-1.58259,-0.0664755,-1.56568
0.500641,-0.244796,0.0310964;-1.60775,0.0576725,-1.55095
0.502122,-0.246975,0.032731;-1.6558,0.128251,-1.56121
0.504561,-0.24975,0.031414;-1.59947,0.0278258,-1.59433
0.50259,-0.256915,0.0313836;-1.56367,-0.0775152,-1.609
0.49915,-0.255245,0.0307048;-1.5731,-0.201876,-1.60575
0.498878,-0.256275,0.0288118;-1.57528,-0.10998,-1.57783
0.50022,-0.247479,0.0303341;-1.5939,0.0164606,-1.55551
0.496053,-0.243813,0.0307706;-1.57574,0.143927,-1.53346
0.497445,-0.248785,0.0297467;-1.576,0.0984627,-1.54998
0.498424,-0.25317,0.0286662;-1.57484,-0.0179809,-1.57126
0.499242,-0.251124,0.0287755;-1.57126,-0.216802,-1.58049
0.499126,-0.251764,0.0288718;-1.56924,-0.183997,-1.58349
0.499734,-0.249839,0.029102;-1.57149,-0.094655,-1.56472
0.497484,-0.245416,0.0309886;-1.59211,0.145679,-1.54303
0.499306,-0.251512,0.0295627;-1.59414,0.118786,-1.56517
0.5006,-0.252968,0.0288266;-1.57256,0.0176883,-1.58066
0.500714,-0.24997,0.0287721;-1.5722,-0.209704,-1.58002
0.500809,-0.250543,0.0287394;-1.57071,-0.184155,-1.57831
0.499826,-0.252334,0.0286552;-1.57305,-0.106454,-1.57254
0.496853,-0.248498,0.0294086;-1.57801,0.118543,-1.55482
0.497679,-0.249912,0.0288288;-1.57832,0.103853,-1.56562
0.499232,-0.249681,0.02867;-1.57367,0.00253627,-1.57256
0.499905,-0.248893,0.0287857;-1.5722,-0.143489,-1.58055
0.499758,-0.249691,0.0288789;-1.57362,-0.140189,-1.58237
0.4993,-0.249652,0.0291139;-1.59002,-0.126034,-1.58004
0.495212,-0.253336,0.0290829;-1.59374,0.0780505,-1.57063
0.495732,-0.253031,0.0289284;-1.58499,0.082505,-1.57233
0.495798,-0.253656,0.0289724;-1.58177,0.0835427,-1.57764
0.498045,-0.25081,0.0290386;-1.58487,-0.110406,-1.58032
0.498664,-0.250716,0.0287518;-1.57433,-0.139181,-1.57591
0.499302,-0.250184,0.0285845;-1.57112,-0.17192,-1.57111
0.497666,-0.246325,0.0289751;-1.58006,-0.00167966,-1.56111
0.498232,-0.248313,0.029362;-1.56833,0.0588175,-1.55927
0.498142,-0.249007,0.0290027;-1.57057,0.118339,-1.56369
0.498212,-0.254396,0.0294722;-1.57364,-0.014872,-1.58892
0.498295,-0.255309,0.0307777;-1.58563,-0.13528,-1.60327
0.498396,-0.255695,0.0304014;-1.57653,-0.105799,-1.60256
0.497488,-0.260263,0.0291733;-1.5751,-0.0242331,-1.58553
0.496225,-0.25777,0.0291776;-1.58233,0.174271,-1.56384
0.496613,-0.258196,0.0287166;-1.57685,0.164693,-1.57065
0.497459,-0.256827,0.0288131;-1.57062,0.0877892,-1.5819
0.499303,-0.252346,0.0290054;-1.58252,-0.140447,-1.5812
0.499366,-0.252024,0.0289761;-1.58423,-0.136884,-1.57839
0.498742,-0.253912,0.0289074;-1.58383,-0.0845272,-1.57481
0.49493,-0.252839,0.02898;-1.58631,0.119365,-1.56529
0.49606,-0.253273,0.0290015;-1.58408,0.112727,-1.57634
0.496572,-0.251769,0.0291435;-1.57157,0.0699193,-1.58767
0.497136,-0.247955,0.0298369;-1.58,-0.101354,-1.59422
0.496684,-0.25064,0.0292583;-1.57761,-0.0839965,-1.58795
0.495927,-0.253194,0.0290777;-1.57964,-0.0365569,-1.58608
0.495043,-0.255364,0.0291597;-1.57457,0.0532141,-1.55798
0.496119,-0.252241,0.029333;-1.57547,0.0934317,-1.55698
0.496337,-0.25224,0.0287026;-1.57053,0.0748826,-1.57651
0.49612,-0.248837,0.0289541;-1.57465,-0.110706,-1.58506
0.496364,-0.249239,0.0288989;-1.57547,-0.118406,-1.5818
0.496223,-0.250254,0.0289665;-1.57367,-0.0980188,-1.58654
0.49339,-0.248098,0.02908;-1.57578,0.0228106,-1.56601
0.492405,-0.246832,0.0292349;-1.57498,0.0771115,-1.56535
0.493933,-0.248798,0.0289098;-1.57618,0.0668333,-1.58079
0.492975,-0.250228,0.0297654;-1.57236,-0.0537707,-1.59374
0.49297,-0.249555,0.0291862;-1.57398,-0.106661,-1.5871
0.492941,-0.250799,0.0293575;-1.57459,-0.102232,-1.59175
0.492356,-0.249251,0.0293763;-1.56846,0.00329739,-1.56784
0.48985,-0.247452,0.0311236;-1.56574,0.107225,-1.54926
0.490132,-0.248836,0.0307856;-1.55142,0.13367,-1.55758
0.491193,-0.250673,0.0297303;-1.56453,-0.00242898,-1.59014
0.490421,-0.255317,0.030406;-1.57072,-0.0772731,-1.6009
0.490547,-0.255998,0.0312061;-1.5711,-0.11348,-1.60761
0.492786,-0.256669,0.0321552;-1.55006,-0.0148236,-1.61476
0.493001,-0.247072,0.0334464;-1.53272,0.0581662,-1.59481
0.49229,-0.241069,0.0347248;-1.58574,0.11912,-1.5805
0.492668,-0.248924,0.0311877;-1.55893,0.00434901,-1.61077
0.490258,-0.252498,0.0312267;-1.5669,-0.0985755,-1.6062
0.489153,-0.258665,0.0311295;-1.56609,-0.158414,-1.60592
0.490032,-0.260168,0.0307691;-1.54501,-0.0427998,-1.58826
0.490434,-0.253966,0.0303957;-1.55869,0.0199394,-1.57995
0.488832,-0.248176,0.0319616;-1.57231,0.112689,-1.55762
0.491894,-0.251257,0.030814;-1.56036,0.0107242,-1.60902
0.490868,-0.255791,0.0328545;-1.55685,-0.0853136,-1.62307
0.48884,-0.263874,0.0325947;-1.5665,-0.148692,-1.6233
0.490143,-0.267111,0.0324438;-1.53437,-0.0373399,-1.6106
0.491083,-0.261188,0.0332342;-1.50762,0.0407151,-1.58542
0.488377,-0.259218,0.0316176;-1.53683,0.138318,-1.55744
0.490241,-0.26289,0.0287524;-1.57031,0.0637973,-1.57921
0.489144,-0.26097,0.0288669;-1.56751,-0.0647735,-1.58105
0.489561,-0.259077,0.0288414;-1.57381,-0.153555,-1.58055
0.490319,-0.258709,0.0287004;-1.57033,-0.10905,-1.57689
0.491099,-0.25347,0.0289906;-1.57306,-0.0305157,-1.5671
0.488595,-0.252055,0.0295163;-1.57878,0.0469516,-1.55807
0.489012,-0.254324,0.028722;-1.57033,0.0399253,-1.57763
0.489215,-0.252644,0.0293675;-1.56947,-0.0355337,-1.59255
0.488479,-0.250283,0.0296225;-1.57291,-0.0996765,-1.59265
0.489262,-0.248414,0.0290653;-1.57534,-0.127194,-1.58986
0.48848,-0.250393,0.0289089;-1.57682,-0.0563716,-1.58065
0.48695,-0.251924,0.0287858;-1.57964,0.0185284,-1.56956
0.486672,-0.251864,0.0288697;-1.57623,0.0702122,-1.56185
0.486985,-0.252311,0.028705;-1.57106,0.0305385,-1.57679
0.486837,-0.25088,0.0288125;-1.57106,-0.0367585,-1.58138
0.488797,-0.247948,0.0288265;-1.5745,-0.151129,-1.57936
0.488118,-0.249109,0.0289671;-1.58032,-0.0983981,-1.58175
0.487502,-0.25166,0.0288957;-1.57828,-0.0510594,-1.57861
0.486474,-0.253535,0.0288268;-1.57656,0.0384731,-1.57244
0.487415,-0.252707,0.0296863;-1.57478,-0.0169044,-1.5928
0.488113,-0.249506,0.030612;-1.56666,-0.0629388,-1.60604
0.487285,-0.246607,0.0306603;-1.579,-0.155789,-1.60339
0.486417,-0.250702,0.029038;-1.57863,-0.099461,-1.58565
0.485617,-0.252838,0.0289937;-1.57759,-0.0519567,-1.58412
0.483339,-0.255322,0.0289225;-1.58644,0.0633088,-1.56921
0.484479,-0.25533,0.0288866;-1.57776,0.00150579,-1.57843
0.484987,-0.254287,0.0289061;-1.5711,-0.0307337,-1.58562
0.487177,-0.248099,0.0308309;-1.58695,-0.146998,-1.60365
0.486938,-0.251303,0.0315536;-1.57367,-0.0865737,-1.61658
0.486472,-0.253694,0.0308956;-1.56998,-0.0505847,-1.61029
0.485507,-0.256931,0.030881;-1.5734,0.0574821,-1.59764
0.48619,-0.255217,0.0326913;-1.53603,-0.00608102,-1.60418
0.486767,-0.25401,0.0309791;-1.56881,-0.0297396,-1.61204
0.485167,-0.249293,0.0299393;-1.58335,-0.140186,-1.59427
0.485422,-0.249692,0.0290391;-1.57913,-0.126573,-1.58526
0.48506,-0.250365,0.0288673;-1.57428,-0.0968154,-1.58119
0.48506,-0.250365,0.0288673;-1.57428,-0.0968154,-1.58119
0.484295,-0.25179,0.0290005;-1.58528,-0.0539293,-1.57739
0.484295,-0.25179,0.0290005;-1.58528,-0.0539293,-1.57739
