0.5,-0.3,0.06;-1.57,-2.98023e-08,-1.57
0.5,-0.3,0.06;-1.57,-2.98023e-08,-1.57
0.5,-0.3,0.06;-1.57,-2.98023e-08,-1.57
0.501237,-0.298878,0.0287993;-1.57508,-0.267786,-1.57849
0.500565,-0.299565,0.0286319;-1.57332,-0.182755,-1.57112
0.499097,-0.297124,0.0289003;-1.57709,-0.0884462,-1.56235
0.497878,-0.290706,0.0304559;-1.57629,0.00802809,-1.54097
0.499669,-0.297257,0.0287072;-1.57055,-0.170989,-1.57731
0.500729,-0.293986,0.0289264;-1.58402,-0.296059,-1.57893
0.502167,-0.290441,0.0290452;-1.59277,-0.40264,-1.58178
0.501445,-0.292692,0.0290801;-1.59039,-0.312079,-1.58241
0.499459,-0.29656,0.0288342;-1.58119,-0.153304,-1.57449
0.499303,-0.292146,0.0294762;-1.57635,0.0258981,-1.56333
0.501091,-0.291568,0.029037;-1.58778,0.0417132,-1.57506
0.502469,-0.289966,0.0288782;-1.57024,-0.0918009,-1.58543
0.5048,-0.285633,0.0289345;-1.58267,-0.249996,-1.57923
0.505416,-0.28431,0.0287016;-1.57427,-0.269071,-1.56917
0.505909,-0.278375,0.0289209;-1.57639,-0.148496,-1.56096
0.504727,-0.268134,0.0302228;-1.57337,-0.00436012,-1.54182
0.503363,-0.26483,0.0299325;-1.57486,0.0322108,-1.54534
0.506589,-0.268402,0.0287495;-1.57557,-0.10239,-1.56793
0.508737,-0.266923,0.0286879;-1.57193,-0.255129,-1.57514
0.508555,-0.267938,0.0286597;-1.57488,-0.261005,-1.57267
0.506182,-0.26621,0.0288928;-1.57648,-0.128328,-1.564
0.504106,-0.261832,0.0317046;-1.58455,0.0440573,-1.5306
0.503573,-0.258984,0.0325334;-1.59158,0.12382,-1.52183
0.505671,-0.263587,0.0300135;-1.57937,0.0444459,-1.54939
0.51011,-0.265865,0.0287576;-1.57966,-0.300472,-1.57435
0.511126,-0.26557,0.0287332;-1.57859,-0.335831,-1.57402
0.509951,-0.267453,0.0287208;-1.57783,-0.25284,-1.57312
0.508512,-0.258778,0.0292756;-1.575,-0.00389356,-1.5556
0.50568,-0.252034,0.0301726;-1.58631,0.106582,-1.54672
0.506651,-0.252858,0.0289377;-1.57864,0.100784,-1.56059
0.507808,-0.25401,0.0286157;-1.57083,-0.111991,-1.5725
0.508784,-0.253086,0.0286493;-1.57108,-0.197755,-1.57398
0.509072,-0.253167,0.0286968;-1.57323,-0.209766,-1.57445
0.506034,-0.255463,0.0290969;-1.59484,-0.0406988,-1.57325
0.503037,-0.256446,0.0290493;-1.59108,0.0974022,-1.56666
0.501762,-0.254529,0.0291419;-1.59615,0.160163,-1.56502
0.503782,-0.255883,0.0289269;-1.57004,0.0445983,-1.58761
0.505926,-0.251536,0.0292712;-1.58156,-0.0669831,-1.58393
0.508943,-0.248892,0.0291236;-1.58716,-0.170186,-1.58381
0.507116,-0.249429,0.0290292;-1.59115,-0.0663533,-1.57365
0.504414,-0.24521,0.0293082;-1.59053,0.0549305,-1.56217
0.502469,-0.241183,0.031244;-1.60512,0.137745,-1.54028
0.504699,-0.248352,0.0286145;-1.57254,0.0286798,-1.57061
0.503854,-0.249563,0.0285957;-1.57032,-0.0507007,-1.5717
0.503605,-0.250463,0.0286206;-1.57094,-0.118457,-1.5728
0.502913,-0.250986,0.0286187;-1.57256,-0.0923248,-1.57101
0.502531,-0.245863,0.0294085;-1.57475,-0.0250052,-1.55438
0.499744,-0.239109,0.0311365;-1.58784,0.0625521,-1.53681
0.499461,-0.24338,0.0314686;-1.57851,-0.0132346,-1.53127
0.497298,-0.251703,0.0296232;-1.57228,-0.125673,-1.55208
0.495807,-0.256924,0.0295105;-1.57272,-0.199584,-1.55398
0.498203,-0.255003,0.0300089;-1.57377,-0.163085,-1.54978
0.499196,-0.24998,0.0317308;-1.60399,-0.0244638,-1.54639
0.497264,-0.247112,0.0334325;-1.62226,0.112737,-1.53136
0.499556,-0.253388,0.0309191;-1.61867,0.0639299,-1.56322
0.497786,-0.261271,0.0293645;-1.57697,-0.0766482,-1.57414
0.496778,-0.260007,0.0293801;-1.58648,-0.223404,-1.57483
0.496641,-0.25509,0.0301686;-1.56877,-0.250803,-1.54338
0.497668,-0.245449,0.0327256;-1.57112,-0.12845,-1.51049
0.497131,-0.238308,0.0333075;-1.57838,-0.0342134,-1.50325
0.49673,-0.238222,0.0328686;-1.5851,0.0407436,-1.5148
0.498649,-0.245648,0.0287824;-1.57387,-0.0449019,-1.5643
0.498901,-0.246804,0.0286318;-1.57072,-0.109935,-1.57329
0.499009,-0.245693,0.0287404;-1.57068,-0.17985,-1.5784
0.499291,-0.245338,0.0285992;-1.5709,-0.159485,-1.5717
0.499119,-0.245071,0.0286873;-1.57426,-0.148354,-1.56949
0.495248,-0.239769,0.0304534;-1.58334,-0.0360563,-1.54121
0.496892,-0.242434,0.0297812;-1.58345,-0.0707512,-1.55043
0.498594,-0.24604,0.0286186;-1.57183,-0.159879,-1.57028
0.49911,-0.251078,0.0287443;-1.5706,-0.253748,-1.57843
0.499024,-0.251663,0.0287914;-1.57069,-0.227665,-1.58069
0.499373,-0.25077,0.028639;-1.57017,-0.165092,-1.56787
0.495722,-0.241167,0.0299958;-1.58078,-0.0155099,-1.54506
0.497594,-0.241862,0.0295854;-1.58311,-0.0492055,-1.55303
0.499837,-0.244565,0.0287709;-1.57984,-0.146103,-1.57233
0.499867,-0.251255,0.0289801;-1.58185,-0.257719,-1.56472
0.498304,-0.252055,0.0293928;-1.57999,-0.215106,-1.55731
0.497385,-0.251581,0.0303678;-1.57817,-0.160866,-1.54075
0.493456,-0.23858,0.0341165;-1.61881,0.0139208,-1.51922
0.496245,-0.23441,0.0338807;-1.63474,-0.0155354,-1.53955
0.499186,-0.241291,0.0298812;-1.59796,-0.0994395,-1.56338
0.502166,-0.251508,0.0291408;-1.58945,-0.26008,-1.58474
0.502231,-0.251099,0.0288926;-1.57776,-0.257117,-1.58067
0.502009,-0.25077,0.0287766;-1.57895,-0.222664,-1.5741
0.496664,-0.239897,0.0330972;-1.59903,-0.014289,-1.51471
0.495499,-0.239011,0.0338503;-1.60956,0.00308624,-1.5145
0.495015,-0.244054,0.0315378;-1.58491,-0.022472,-1.52723
0.496148,-0.257143,0.0291155;-1.57647,-0.170213,-1.5638
0.496802,-0.256601,0.0288456;-1.57235,-0.187178,-1.56602
0.497111,-0.254179,0.0289563;-1.56698,-0.193121,-1.56378
0.495985,-0.239333,0.0323718;-1.57776,-0.0650182,-1.5148
0.494992,-0.237683,0.0331298;-1.58902,-0.0158182,-1.51195
0.494371,-0.237626,0.0320871;-1.59076,-0.000427157,-1.52538
0.493045,-0.248484,0.0292292;-1.57868,-0.126916,-1.56008
0.493005,-0.249984,0.0296717;-1.57617,-0.217109,-1.56764
0.494293,-0.251306,0.0306293;-1.53346,-0.175045,-1.57096
0.495426,-0.250715,0.0330978;-1.49203,-0.126366,-1.55999
0.496277,-0.233814,0.0355148;-1.61793,0.0206062,-1.53961
0.498997,-0.233817,0.0335568;-1.6103,0.00691616,-1.58583
0.501484,-0.239709,0.0307332;-1.5723,-0.0749005,-1.60722
0.500327,-0.247343,0.0310084;-1.57428,-0.19535,-1.61016
0.499433,-0.248273,0.0291986;-1.57526,-0.181141,-1.58915
0.498207,-0.251663,0.0289059;-1.57424,-0.0969292,-1.58314
0.495436,-0.241773,0.0308086;-1.57467,0.0645245,-1.53097
0.496062,-0.239593,0.0312338;-1.58423,0.0620366,-1.53189
0.498306,-0.245613,0.0290947;-1.58131,-0.0347968,-1.56051
0.498568,-0.252619,0.0287201;-1.57393,-0.151293,-1.56761
0.498325,-0.252728,0.0286577;-1.57091,-0.125379,-1.56698
0.497865,-0.252181,0.0288558;-1.57664,-0.073692,-1.5638
0.49431,-0.244228,0.0318985;-1.58469,0.0418396,-1.52302
0.494076,-0.242788,0.0342566;-1.604,0.0383737,-1.50913
0.495182,-0.247345,0.0326921;-1.59234,-0.0277042,-1.52379
0.495191,-0.254523,0.0297718;-1.57904,-0.157086,-1.55509
0.498586,-0.258095,0.0306386;-1.57692,-0.222441,-1.5416
0.49938,-0.256525,0.0316176;-1.57504,-0.181006,-1.52667
0.497341,-0.244582,0.03355;-1.57502,-0.0429323,-1.49922
0.496186,-0.240896,0.0343583;-1.58791,0.00600348,-1.49803
0.496636,-0.24182,0.0329596;-1.5983,0.00851391,-1.52437
0.497713,-0.250083,0.0288687;-1.57632,-0.126528,-1.56283
0.497325,-0.252361,0.0290522;-1.57698,-0.168418,-1.56153
0.497349,-0.252679,0.0290736;-1.56965,-0.173431,-1.55859
0.498251,-0.243371,0.0308849;-1.57044,-0.0850527,-1.53076
0.496014,-0.238625,0.0324454;-1.58627,-0.0116646,-1.5207
0.496133,-0.23777,0.0323183;-1.57682,0.0100128,-1.51686
0.499585,-0.242519,0.0287531;-1.57101,-0.118733,-1.57931
0.49946,-0.244305,0.0290144;-1.577,-0.143721,-1.58618
0.499394,-0.244772,0.0290819;-1.58256,-0.150605,-1.58488
0.497095,-0.250151,0.029108;-1.58889,-0.00719223,-1.57809
0.496092,-0.250801,0.028894;-1.58494,0.0510874,-1.5691
0.495852,-0.249708,0.029019;-1.59052,0.0726869,-1.56785
0.497309,-0.251143,0.0285801;-1.57076,-0.0191236,-1.5708
0.497085,-0.251333,0.0286301;-1.57157,-0.0428604,-1.57292
0.496848,-0.252053,0.0286755;-1.57062,-0.0531302,-1.57546
0.495987,-0.254286,0.0285807;-1.57079,0.0391051,-1.57057
0.49564,-0.252938,0.0288578;-1.57152,0.0971994,-1.55727
0.494937,-0.250565,0.0296967;-1.5742,0.130934,-1.54625
0.496803,-0.254041,0.0292987;-1.58862,-0.00302387,-1.56747
0.497012,-0.254809,0.0295509;-1.58052,-0.111698,-1.57214
0.496716,-0.256514,0.0297185;-1.59564,-0.199039,-1.57626
0.498391,-0.264654,0.0306279;-1.56517,-0.0400749,-1.59123
0.498545,-0.26059,0.0347758;-1.53272,0.0610859,-1.56414
0.496773,-0.252581,0.0349003;-1.64067,0.125143,-1.5291
0.497616,-0.246749,0.0348696;-1.66465,0.0160695,-1.55103
0.500103,-0.255787,0.0297385;-1.58182,-0.103442,-1.57098
0.500873,-0.256037,0.0297056;-1.59331,-0.225903,-1.57171
0.496893,-0.250898,0.0322857;-1.57723,-0.145461,-1.5155
0.491653,-0.245316,0.0349976;-1.58597,-0.0588919,-1.48107
0.489559,-0.243636,0.036757;-1.59926,-0.0246195,-1.46985
0.491713,-0.24882,0.0355723;-1.58443,-0.0824562,-1.48259
0.495643,-0.250721,0.0338075;-1.57382,-0.13913,-1.49935
0.49621,-0.252086,0.0320627;-1.57781,-0.166725,-1.52151
0.498837,-0.257791,0.029808;-1.56369,-0.18537,-1.5505
0.498763,-0.252153,0.0321569;-1.56844,-0.0865507,-1.51957
0.498173,-0.243735,0.0341016;-1.58605,-0.00521185,-1.49931
0.497333,-0.244511,0.034641;-1.59139,-0.0148944,-1.49548
0.499142,-0.2485,0.0329264;-1.59494,-0.0720748,-1.5212
0.500997,-0.25209,0.0301323;-1.58123,-0.12536,-1.55136
0.501782,-0.253765,0.0325765;-1.61165,-0.180837,-1.5432
0.503631,-0.252273,0.0337022;-1.60942,-0.157679,-1.52733
0.502498,-0.247385,0.0375735;-1.65945,-0.0399679,-1.50993
0.499734,-0.246416,0.0349356;-1.62959,0.0595445,-1.51497
0.503081,-0.247198,0.0320652;-1.61468,0.00593481,-1.5475
0.505973,-0.252574,0.0289791;-1.57227,-0.106107,-1.568
0.507309,-0.252282,0.029448;-1.56128,-0.269704,-1.56415
0.505235,-0.251216,0.0300466;-1.56838,-0.230685,-1.54619
0.501758,-0.245643,0.0336014;-1.57757,-0.1407,-1.5025
0.49028,-0.243519,0.0381705;-1.63503,0.0309912,-1.47386
0.489473,-0.250257,0.0391098;-1.62993,0.0403416,-1.49276
0.490466,-0.251612,0.0346622;-1.58962,-0.0163934,-1.50802
0.501508,-0.253339,0.0296113;-1.56547,-0.237171,-1.55577
0.502794,-0.251471,0.0301685;-1.56021,-0.240581,-1.54878
0.502393,-0.249488,0.0338141;-1.53469,-0.199348,-1.51312
0.492738,-0.241683,0.0370526;-1.60943,-0.027379,-1.47185
0.492797,-0.244154,0.0371544;-1.61615,-0.0462682,-1.47733
0.490859,-0.247621,0.0356771;-1.61719,-0.023311,-1.4983
0.49148,-0.256454,0.0305947;-1.55081,-0.182318,-1.54819
0.49762,-0.253764,0.0329991;-1.54253,-0.216957,-1.53296
0.501779,-0.248181,0.0342251;-1.54174,-0.17806,-1.51358
0.501779,-0.248181,0.0342251;-1.54174,-0.17806,-1.51358
0.500797,-0.243398,0.0364828;-1.56127,-0.0982753,-1.49193
0.500797,-0.243398,0.0364828;-1.56127,-0.0982753,-1.49193
