0.5,-0.3,0.06;-1.57,-2.98023e-08,-1.57
0.5,-0.3,0.06;-1.57,-2.98023e-08,-1.57
0.5,-0.3,0.06;-1.57,-2.98023e-08,-1.57
0.500645,-0.299275,0.0286593;-1.57447,-0.275434,-1.57135
0.499959,-0.298588,0.0287589;-1.57492,-0.206374,-1.567
0.501448,-0.290217,0.0298586;-1.57523,-0.0470497,-1.54918
0.500745,-0.286768,0.0301949;-1.57773,0.0290737,-1.5444
0.504027,-0.290206,0.0286907;-1.57037,-0.216275,-1.57644
0.506203,-0.285902,0.0290434;-1.59021,-0.365265,-1.58204
0.507478,-0.284308,0.0291293;-1.59155,-0.428102,-1.58705
0.504128,-0.294068,0.0290252;-1.57796,-0.213462,-1.58646
0.503639,-0.296181,0.0290075;-1.5744,-0.0410235,-1.57589
0.504461,-0.288495,0.0301807;-1.58103,0.117749,-1.55874
0.505315,-0.29253,0.0288997;-1.57759,0.0356665,-1.57913
0.50452,-0.291673,0.0289959;-1.57137,-0.0693253,-1.58968
0.503672,-0.287573,0.0290555;-1.57542,-0.179318,-1.58544
0.503952,-0.285624,0.0290084;-1.56843,-0.18712,-1.5888
0.505195,-0.284413,0.0294401;-1.55856,-0.0673887,-1.57418
0.504912,-0.27713,0.031728;-1.53577,0.0889676,-1.55603
0.504009,-0.279219,0.0307923;-1.55892,0.153734,-1.54757
0.50522,-0.285555,0.0309396;-1.53073,0.0392529,-1.57789
0.503589,-0.284633,0.0300666;-1.5652,-0.0990558,-1.59682
0.502324,-0.276876,0.0294849;-1.57684,-0.290425,-1.58655
0.501786,-0.277331,0.0291085;-1.56839,-0.185537,-1.56967
0.50238,-0.271647,0.0309861;-1.55335,-0.0329791,-1.54861
0.50022,-0.265266,0.0318279;-1.58669,0.0742157,-1.52353
0.501833,-0.272863,0.0301286;-1.58042,0.0148627,-1.54903
0.49821,-0.281119,0.028891;-1.57868,-0.216685,-1.56585
0.498062,-0.27915,0.028822;-1.57616,-0.303249,-1.56552
0.498485,-0.277309,0.0288295;-1.57466,-0.268538,-1.565
0.503184,-0.263947,0.0319848;-1.58061,0.0661867,-1.52393
0.502547,-0.264589,0.0335888;-1.60462,0.186858,-1.51622
0.504937,-0.273802,0.0332364;-1.62034,0.14847,-1.53367
0.502618,-0.283986,0.0297607;-1.56762,-0.135294,-1.58595
0.502154,-0.278798,0.0292603;-1.58892,-0.279578,-1.58425
0.5043,-0.270838,0.0290376;-1.5868,-0.336653,-1.58302
0.504342,-0.2672,0.029935;-1.56884,-0.0403477,-1.55925
0.502115,-0.260329,0.0308193;-1.57881,0.112785,-1.53796
0.501295,-0.260897,0.0312772;-1.58648,0.156501,-1.53544
0.504262,-0.270603,0.0286656;-1.5706,-0.086783,-1.57543
0.504341,-0.268196,0.0287834;-1.57729,-0.206959,-1.57613
0.505517,-0.26594,0.028786;-1.57359,-0.29743,-1.57894
0.505678,-0.268313,0.0287138;-1.57048,-0.138344,-1.57743
0.50697,-0.265639,0.0291909;-1.56622,-0.0310233,-1.56657
0.506977,-0.258428,0.0295879;-1.56877,0.107671,-1.55596
0.506835,-0.260259,0.0311074;-1.53664,-0.0237258,-1.59401
0.506521,-0.255129,0.0317416;-1.57134,-0.141909,-1.6187
0.509276,-0.250097,0.0325243;-1.58533,-0.231804,-1.62607
0.509203,-0.250942,0.0325844;-1.56304,-0.0929601,-1.63028
0.507901,-0.249758,0.030781;-1.57623,0.0176934,-1.60399
0.505747,-0.248203,0.0303777;-1.59378,0.130846,-1.58343
0.505352,-0.257006,0.0292711;-1.56973,0.119142,-1.58938
0.504904,-0.256157,0.0288608;-1.57223,0.0253332,-1.58376
0.50705,-0.253529,0.0288883;-1.57626,-0.118527,-1.58075
0.508199,-0.250023,0.0285799;-1.571,-0.181812,-1.57069
0.50841,-0.247489,0.028821;-1.57316,-0.102053,-1.56192
0.506801,-0.239293,0.0299943;-1.57933,0.0177071,-1.54792
0.508613,-0.247045,0.0287608;-1.57349,-0.0107211,-1.56479
0.508657,-0.247576,0.0286347;-1.57079,-0.112624,-1.57378
0.508532,-0.246944,0.0286927;-1.57084,-0.167849,-1.57643
0.508538,-0.246144,0.0288624;-1.57061,-0.189038,-1.58423
0.508687,-0.244705,0.0288605;-1.57908,-0.0862807,-1.57654
0.507616,-0.239692,0.0308926;-1.61192,0.0446896,-1.56063
0.508125,-0.256119,0.0310159;-1.60753,0.158509,-1.55683
0.507757,-0.265115,0.0292643;-1.56198,0.0500017,-1.58056
0.505186,-0.261168,0.0299371;-1.56913,-0.099127,-1.59345
0.502194,-0.252373,0.0290289;-1.58203,-0.287318,-1.58478
0.501786,-0.253001,0.0288735;-1.56866,-0.204647,-1.56869
0.502563,-0.244763,0.0303022;-1.58882,-0.0641747,-1.55073
0.498318,-0.242807,0.0320227;-1.61157,0.0898309,-1.53704
0.50057,-0.24713,0.0304668;-1.59054,0.0238371,-1.5495
0.501657,-0.252516,0.0287545;-1.57712,-0.0585052,-1.5688
0.500873,-0.251024,0.0293831;-1.57671,-0.262028,-1.58102
0.500816,-0.250028,0.0288017;-1.576,-0.230453,-1.57454
0.501338,-0.247154,0.0289431;-1.56949,-0.159834,-1.56649
0.49862,-0.239121,0.0307477;-1.59593,0.0462919,-1.54634
0.49995,-0.244291,0.0309351;-1.60485,0.0326494,-1.55304
0.501235,-0.251405,0.0286561;-1.574,-0.0313172,-1.57161
0.498037,-0.252983,0.0286584;-1.57096,-0.263302,-1.57444
0.498206,-0.252352,0.0287085;-1.57092,-0.25908,-1.57701
0.498789,-0.25054,0.028584;-1.5704,-0.225036,-1.57036
0.496945,-0.239719,0.0300256;-1.57653,0.00463934,-1.54554
0.499568,-0.247748,0.0301001;-1.60476,0.00111663,-1.56957
0.501774,-0.255167,0.0287131;-1.57201,-0.0426228,-1.57693
0.500103,-0.25019,0.0299156;-1.57356,-0.224611,-1.59803
0.501037,-0.249157,0.0305946;-1.57234,-0.220307,-1.60594
0.50161,-0.248606,0.0305528;-1.56696,-0.207371,-1.60544
0.497933,-0.243826,0.0304045;-1.6144,0.00174761,-1.57343
0.49821,-0.25155,0.0298873;-1.60364,0.0251052,-1.57588
0.498813,-0.258443,0.0288592;-1.57403,0.0400871,-1.58072
0.498072,-0.254727,0.0288601;-1.57325,-0.15867,-1.58204
0.498647,-0.252729,0.028664;-1.57103,-0.196324,-1.57512
0.498433,-0.251982,0.0285796;-1.57086,-0.227177,-1.57073
0.496661,-0.239792,0.0297587;-1.57838,-0.0316367,-1.54961
0.496612,-0.241904,0.0301946;-1.57732,-0.0177934,-1.54473
0.496544,-0.244229,0.0298825;-1.57177,0.00326542,-1.54643
0.496821,-0.248692,0.0287385;-1.5729,-0.122435,-1.57766
0.496651,-0.249231,0.0294683;-1.57436,-0.223162,-1.58955
0.497412,-0.248572,0.0299181;-1.56637,-0.205125,-1.59364
0.499565,-0.246454,0.0293184;-1.57582,-0.11786,-1.58196
0.499818,-0.238343,0.0337144;-1.64712,0.0953438,-1.5482
0.501987,-0.24776,0.0343325;-1.68653,0.121031,-1.56359
0.502821,-0.26687,0.0294847;-1.54987,0.0750501,-1.58029
0.491501,-0.266372,0.0295529;-1.57203,-0.199571,-1.57923
0.490237,-0.259573,0.0292251;-1.56323,-0.242542,-1.56908
0.491598,-0.250399,0.0297979;-1.56422,-0.190657,-1.55235
0.488679,-0.234666,0.0334803;-1.56897,0.0338158,-1.50059
0.490695,-0.243956,0.03344;-1.58144,0.0464139,-1.51238
0.494461,-0.267349,0.0305278;-1.564,0.00784042,-1.54139
0.485545,-0.27694,0.0291448;-1.57278,-0.224945,-1.56127
0.484277,-0.273234,0.0290514;-1.56436,-0.274484,-1.56255
0.485177,-0.264522,0.0302794;-1.55881,-0.233623,-1.54431
0.485425,-0.237829,0.033976;-1.59177,0.039044,-1.50591
0.488458,-0.245579,0.0343747;-1.64104,0.0523448,-1.53588
0.491926,-0.269344,0.0293267;-1.56445,0.0419894,-1.56093
0.486616,-0.277079,0.0290983;-1.56755,-0.151275,-1.56991
0.484142,-0.27334,0.0290785;-1.56537,-0.247362,-1.571
0.484755,-0.26853,0.0293194;-1.55405,-0.236211,-1.5665
0.487223,-0.242602,0.0323536;-1.56859,-0.0344542,-1.52605
0.486702,-0.244483,0.0325182;-1.54912,0.0464398,-1.51872
0.489447,-0.258679,0.0295728;-1.57208,0.0466749,-1.55161
0.488017,-0.269117,0.0287199;-1.57543,-0.0913954,-1.57437
0.486579,-0.26648,0.0288331;-1.56612,-0.196328,-1.57804
0.486035,-0.26114,0.0287633;-1.57077,-0.234282,-1.57968
0.489464,-0.245458,0.0301344;-1.5576,-0.109309,-1.55174
0.487607,-0.242382,0.0312253;-1.57678,-0.0128609,-1.5396
0.488956,-0.248877,0.0306687;-1.56385,0.0389813,-1.54293
0.48979,-0.262396,0.0287115;-1.56959,-0.0539245,-1.57595
0.488256,-0.262719,0.028613;-1.57249,-0.129363,-1.57102
0.487984,-0.260827,0.0286368;-1.57264,-0.19616,-1.57198
0.490505,-0.251899,0.0294416;-1.56466,-0.148723,-1.55456
0.492246,-0.244963,0.0311221;-1.56734,-0.0480846,-1.53093
0.491533,-0.240497,0.031863;-1.57391,0.0333515,-1.51903
0.491664,-0.261075,0.0287551;-1.57412,-0.0157803,-1.56554
0.490643,-0.265359,0.0291777;-1.57158,-0.0630185,-1.57173
0.489489,-0.264731,0.0297802;-1.56947,-0.146415,-1.58096
0.493634,-0.247536,0.0319035;-1.51998,-0.163739,-1.57499
0.494579,-0.243403,0.0325914;-1.57869,-0.0689047,-1.557
0.492966,-0.237205,0.036525;-1.68117,0.0498685,-1.53649
0.494566,-0.264414,0.0338654;-1.66737,0.0521694,-1.56955
0.490253,-0.282928,0.0304509;-1.53133,-0.0264249,-1.57307
0.484745,-0.284158,0.0299226;-1.54537,-0.123163,-1.5702
0.482481,-0.270572,0.0307851;-1.5358,-0.18841,-1.54764
0.484966,-0.253211,0.0330303;-1.55265,-0.0923321,-1.50944
0.484274,-0.241971,0.034162;-1.57657,0.0112737,-1.49222
0.486962,-0.273663,0.0311994;-1.56064,-0.00436236,-1.53358
0.485555,-0.281309,0.0291989;-1.57097,-0.0670146,-1.55928
0.484593,-0.285919,0.029196;-1.57147,-0.117375,-1.55976
0.481562,-0.279315,0.0296919;-1.55946,-0.222358,-1.5535
0.483944,-0.264764,0.0325018;-1.53549,-0.184506,-1.52841
0.486056,-0.247107,0.0336211;-1.56637,-0.0815517,-1.51383
0.490429,-0.267203,0.0315291;-1.60089,0.0197001,-1.55788
0.490247,-0.283022,0.0294673;-1.54914,-0.0032658,-1.57457
0.488914,-0.286162,0.0299244;-1.55844,-0.0534483,-1.58358
0.482698,-0.280748,0.0305081;-1.54511,-0.196423,-1.58659
0.483229,-0.272675,0.0329362;-1.50364,-0.214633,-1.57298
0.486035,-0.257713,0.0365877;-1.45788,-0.124655,-1.55554
0.48786,-0.259453,0.034615;-1.49971,0.0375389,-1.55969
0.488638,-0.27641,0.0295232;-1.55001,0.0280688,-1.57917
0.487808,-0.28178,0.0302009;-1.55645,0.00912429,-1.59155
0.482859,-0.279077,0.0306199;-1.56018,-0.130958,-1.59808
0.482309,-0.274268,0.030332;-1.53933,-0.169145,-1.58173
0.48413,-0.266544,0.0331811;-1.48921,-0.126086,-1.55921
0.489277,-0.255744,0.0339349;-1.52606,0.0718362,-1.52043
0.490299,-0.262686,0.0302835;-1.57256,0.0653684,-1.54026
0.489509,-0.270786,0.029063;-1.56706,0.0122434,-1.56639
0.485079,-0.277098,0.0289571;-1.57056,-0.085423,-1.56308
0.483793,-0.274119,0.0293128;-1.55965,-0.114229,-1.56266
0.485441,-0.266885,0.031122;-1.5469,-0.0835709,-1.53689
0.488408,-0.251834,0.0338085;-1.55295,0.0684988,-1.49911
0.490287,-0.25802,0.0329279;-1.5538,0.0756569,-1.51286
0.490263,-0.271304,0.0303295;-1.56033,0.0246266,-1.54755
0.485351,-0.279839,0.0297656;-1.54867,-0.0680757,-1.56999
0.485468,-0.277095,0.0306285;-1.53209,-0.0852284,-1.57743
0.486045,-0.275005,0.0338199;-1.46704,-0.084577,-1.56661
0.491128,-0.25328,0.0415086;-1.389,0.0659897,-1.53588
0.492031,-0.256977,0.0415485;-1.44266,0.0795165,-1.53309
0.491253,-0.269899,0.0337199;-1.48419,0.0364872,-1.55428
0.48594,-0.278141,0.0300962;-1.54656,-0.0296219,-1.56744
0.48403,-0.280222,0.0302388;-1.53436,-0.0732819,-1.57054
0.484832,-0.277615,0.0335568;-1.47867,-0.0534775,-1.55238
0.484832,-0.277615,0.0335568;-1.47867,-0.0534775,-1.55238
0.48635,-0.270704,0.0352677;-1.48268,-0.0147183,-1.52955
0.48635,-0.270704,0.0352677;-1.48268,-0.0147183,-1.52955
