-0.125,0.125,0.06;-1.57,-2.98023e-08,-1.57
-0.125,0.125,0.06;-1.57,-2.98023e-08,-1.57
-0.125,0.125,0.06;-1.57,-2.98023e-08,-1.57
-0.125948,0.120772,0.0423295;-1.57132,-0.154586,-1.57037
-0.125615,0.119855,0.0425435;-1.57077,-0.0975521,-1.57775
-0.122086,0.129123,0.0451854;-1.55814,-0.0258473,-1.58516
-0.122241,0.180203,0.0615408;-1.79573,-0.0106964,-1.59982
-0.124877,0.164498,0.0426762;-1.56787,-0.0180012,-1.58438
-0.125212,0.164631,0.0430572;-1.58758,-0.00911701,-1.57758
-0.124322,0.165429,0.0432146;-1.58344,-0.0223352,-1.58178
-0.12539,0.163548,0.042847;-1.56965,0.0366082,-1.58703
-0.119735,0.176558,0.047069;-1.54862,0.102261,-1.60241
-0.11485,0.20804,0.0561842;-1.63308,0.208143,-1.58334
-0.112629,0.21978,0.0559232;-1.71851,0.156799,-1.57409
-0.117301,0.203095,0.0478419;-1.62782,0.0911885,-1.5859
-0.11649,0.199551,0.0433007;-1.59317,0.0564308,-1.57734
-0.121389,0.199215,0.0538962;-1.70253,0.128361,-1.57717
-0.123352,0.202349,0.0599371;-1.75002,0.214445,-1.57167
-0.117709,0.222717,0.0621129;-1.73722,0.328001,-1.57113
-0.111266,0.245573,0.0656181;-1.81475,0.314911,-1.54543
-0.110226,0.241174,0.0626049;-1.79507,0.244711,-1.55568
-0.107379,0.238012,0.059999;-1.76566,0.191522,-1.56992
-0.105232,0.241565,0.0601083;-1.81364,0.172367,-1.53485
-0.10995,0.238177,0.0561666;-1.73729,0.226892,-1.55319
-0.111214,0.243429,0.0559159;-1.67015,0.331467,-1.58148
-0.10329,0.267814,0.0559872;-1.71335,0.368659,-1.54587
-0.103091,0.273649,0.0512108;-1.68492,0.323669,-1.54615
-0.103571,0.270921,0.0433147;-1.59185,0.253455,-1.57435
-0.106233,0.269515,0.0434418;-1.58835,0.279482,-1.5758
-0.108439,0.267011,0.0428656;-1.57312,0.323041,-1.58482
-0.0899508,0.289281,0.0539203;-1.55081,0.475276,-1.61188
-0.076815,0.323664,0.0615189;-1.77674,0.531679,-1.51424
-0.0740136,0.33706,0.0615674;-1.82205,0.483199,-1.4792
-0.0819373,0.327986,0.042858;-1.57751,0.478992,-1.5785
-0.0809792,0.328628,0.0429699;-1.58348,0.452312,-1.57426
-0.0822746,0.327386,0.0430437;-1.58893,0.498417,-1.56915
-0.0680505,0.335199,0.0484155;-1.55659,0.621182,-1.61529
-0.0430762,0.365965,0.0574473;-1.79233,0.702375,-1.45304
-0.0294159,0.38438,0.0636805;-1.88099,0.684608,-1.40604
-0.0445627,0.374316,0.0440567;-1.58226,0.687877,-1.58281
-0.0445366,0.374056,0.0431116;-1.59199,0.678616,-1.56609
-0.0440263,0.37426,0.0431056;-1.58808,0.669984,-1.57127
-0.0447274,0.368639,0.0490617;-1.54207,0.840282,-1.64796
-0.0247925,0.376391,0.0594303;-1.73554,0.982635,-1.49558
0.000668968,0.399093,0.0675497;-2.00194,1.04136,-1.26186
-0.000347738,0.405135,0.0553671;-1.77668,0.937294,-1.44199
-0.00434336,0.406,0.0462297;-1.57973,0.855884,-1.60332
0.00366991,0.407864,0.0439737;-1.5918,0.783789,-1.5732
-0.00365713,0.40472,0.0466504;-1.55502,0.932361,-1.62676
0.0140418,0.407406,0.0502074;-1.59565,1.04976,-1.5893
0.0464682,0.427269,0.0638037;-2.05708,1.12156,-1.1786
0.052088,0.442142,0.0510706;-1.81586,1.09112,-1.36206
0.0434186,0.440657,0.042493;-1.56835,1.12688,-1.57915
0.0432202,0.440867,0.0423313;-1.57093,1.12149,-1.57071
0.0440198,0.440708,0.043229;-1.5676,1.24691,-1.59048
0.0635824,0.440999,0.0478191;-1.61804,1.33113,-1.55193
0.101307,0.450386,0.0616096;-2.51932,1.33376,-0.679058
0.112436,0.457666,0.0543286;-2.27851,1.35114,-0.892042
0.0987599,0.459353,0.0426667;-1.54356,1.40267,-1.61298
0.0998574,0.459272,0.0429173;-1.64631,1.38229,-1.50176
0.0990316,0.458892,0.0438997;-1.5719,1.4229,-1.59391
0.111861,0.454718,0.0479941;-1.49535,1.50439,-1.68072
0.146751,0.454269,0.0579315;2.9584,1.41825,0.15169
0.168292,0.454643,0.0600173;-3.1136,1.36122,-0.0519785
0.159441,0.457648,0.0540164;-2.86869,1.43012,-0.293937
0.148727,0.460806,0.0429313;-1.79873,1.54764,-1.35672
0.150857,0.460017,0.0443894;-1.79262,1.53324,-1.37311
0.150986,0.458331,0.0474558;1.4597,1.53621,1.6331
0.168836,0.449762,0.0571659;2.01892,1.38367,1.0753
0.214694,0.446217,0.0667136;2.23166,1.2048,0.881477
0.210772,0.447573,0.0633556;2.3541,1.27349,0.76513
0.198254,0.453215,0.0523122;2.14198,1.42855,0.962847
0.201549,0.453321,0.0443433;-2.43234,1.54814,-0.728696
0.196363,0.456366,0.0442332;1.72482,1.51945,1.39235
0.196592,0.452581,0.0480771;1.46621,1.40258,1.62659
0.260704,0.433626,0.0659217;2.14811,1.13658,0.983039
0.273543,0.432759,0.0644831;2.22889,1.16708,0.917314
0.269391,0.439081,0.055013;2.05778,1.23155,1.09349
0.258486,0.446673,0.0424957;1.58735,1.24406,1.55506
0.257487,0.448511,0.0427811;1.58268,1.17119,1.55035
0.257644,0.444779,0.0441961;1.5622,1.10773,1.556
0.316828,0.40684,0.0644988;1.92974,0.890863,1.2374
0.333778,0.399335,0.06354;1.99347,0.918902,1.20004
0.328779,0.408207,0.0538464;1.81249,0.940065,1.36136
0.321572,0.417475,0.0424072;1.575,0.958988,1.56726
0.321504,0.418967,0.0428327;1.57959,0.900755,1.55349
0.321391,0.415823,0.0432167;1.56938,0.846857,1.5581
0.365472,0.368315,0.064155;1.84273,0.631327,1.35931
0.37927,0.358051,0.0632169;1.86192,0.672032,1.35549
0.37747,0.364624,0.0526012;1.75008,0.712381,1.44509
0.372857,0.375192,0.0424666;1.57702,0.709376,1.56669
0.373227,0.376893,0.0426793;1.57371,0.64435,1.56042
0.372536,0.375584,0.043458;1.56848,0.612106,1.55233
0.395866,0.326218,0.0605158;1.76169,0.42776,1.4518
0.407385,0.305922,0.0628399;1.85144,0.473547,1.41694
0.405629,0.311225,0.0586773;1.78447,0.46387,1.45082
0.40217,0.330287,0.0429189;1.58329,0.49199,1.5571
0.402474,0.329361,0.0431283;1.59285,0.495367,1.55395
0.401991,0.331112,0.0428137;1.57001,0.453701,1.55608
0.401444,0.320265,0.0459955;1.55866,0.400803,1.54612
0.42459,0.255411,0.0638562;1.81333,0.256126,1.46821
0.428428,0.248892,0.0611746;1.80867,0.298978,1.47751
0.428087,0.261994,0.049147;1.65585,0.28258,1.53367
0.428119,0.269078,0.0429706;1.58321,0.270216,1.55627
0.42803,0.270123,0.0427052;1.57485,0.232538,1.56115
0.425935,0.267978,0.0440662;1.56734,0.182473,1.54847
0.428726,0.200706,0.0628067;1.78496,-0.00132811,1.52861
0.432424,0.180477,0.0618491;1.80696,0.0511576,1.53729
0.433282,0.18837,0.0505723;1.68176,0.0589013,1.55786
0.435289,0.198478,0.0423341;1.57096,0.0647725,1.57055
0.436304,0.198728,0.0426889;1.58232,0.00367288,1.57022
0.434636,0.199845,0.0432972;1.56865,-0.0696806,1.55427
0.423116,0.140109,0.0626624;1.78458,-0.257958,1.58168
0.422707,0.122053,0.0625642;1.80482,-0.215653,1.59291
0.4278,0.126845,0.0522538;1.70204,-0.20083,1.58814
0.432751,0.136237,0.0428376;1.58349,-0.200725,1.56946
0.432059,0.136045,0.0436507;1.58704,-0.20561,1.56019
0.431482,0.137748,0.0458085;1.56757,-0.261426,1.53014
0.408106,0.0987054,0.0652458;1.78264,-0.524844,1.61422
0.400498,0.0776916,0.0656535;1.82758,-0.510094,1.64365
0.402257,0.0806074,0.0610226;1.77541,-0.447623,1.61872
0.407671,0.0854796,0.0464169;1.58705,-0.266068,1.54026
0.404024,0.0818197,0.0441965;1.58737,-0.232379,1.55613
0.406594,0.0847931,0.0449585;1.58364,-0.282713,1.54688
0.386969,0.0653485,0.0551907;1.65349,-0.504544,1.56749
0.370023,0.0312786,0.0639833;1.8334,-0.565509,1.66805
0.365203,0.0178806,0.0628985;1.84788,-0.527716,1.68342
0.38061,0.0304158,0.0427207;1.57209,-0.570859,1.56018
0.380323,0.0300554,0.0424777;1.57594,-0.55622,1.57316
0.379934,0.0298085,0.0428124;1.5868,-0.571304,1.57731
0.369258,0.0253594,0.0473718;1.55532,-0.715399,1.52608
0.34258,-0.00140038,0.0583766;1.77307,-0.796849,1.6795
0.321353,-0.0277879,0.0641484;1.91802,-0.779288,1.78278
0.334762,-0.0223403,0.046531;1.6323,-0.800602,1.59789
0.338603,-0.0203817,0.042874;1.58851,-0.817851,1.57836
0.338689,-0.0204156,0.043005;1.58772,-0.815465,1.57323
0.335524,-0.0193868,0.0453167;1.55736,-0.910623,1.53038
0.307044,-0.0320957,0.0502751;1.65941,-0.996005,1.62086
0.2738,-0.0546961,0.0639857;2.03808,-1.03921,1.93789
0.269801,-0.0618402,0.050731;1.78662,-1.01898,1.74843
0.280039,-0.05915,0.042383;1.57306,-1.0486,1.56724
0.27968,-0.0588543,0.0423333;1.57113,-1.02526,1.57082
0.280787,-0.0577781,0.0433901;1.56641,-1.16123,1.54906
0.258079,-0.0611204,0.049156;1.6393,-1.23854,1.6062
0.221093,-0.0758564,0.0629633;2.35134,-1.27453,2.28335
0.212943,-0.0813792,0.0513237;1.92787,-1.26087,1.89731
0.218909,-0.0812984,0.0431642;1.58287,-1.26501,1.56655
0.216861,-0.0807042,0.0430286;1.61622,-1.23083,1.60633
0.220123,-0.0781517,0.0470111;1.54182,-1.32598,1.49509
0.201669,-0.0739847,0.0558326;2.05891,-1.4545,1.99891
0.171503,-0.0790426,0.0669303;-2.95917,-1.37097,-3.02584
0.157593,-0.0803335,0.0603845;2.77708,-1.38794,2.72632
0.170216,-0.0790839,0.0488637;1.61031,-1.39089,1.55032
0.168485,-0.0791109,0.0484701;1.64429,-1.3105,1.59308
0.170532,-0.0794408,0.0485894;1.56063,-1.3623,1.49807
0.160417,-0.0745829,0.0537619;1.84296,-1.49143,1.77727
0.132529,-0.074009,0.0643454;-2.79051,-1.38967,-2.84895
0.105538,-0.0784173,0.0647354;-2.7293,-1.34288,-2.77161
0.114224,-0.0837744,0.0551309;-2.99465,-1.4492,-3.03035
0.117432,-0.0864646,0.0463319;1.67383,-1.50634,1.63399
0.113231,-0.0824436,0.0469143;1.85649,-1.4775,1.82099
0.116532,-0.079547,0.049664;-0.374691,-1.56124,-0.441773
0.0998454,-0.0695541,0.0594032;-2.0507,-1.39517,-2.11291
0.055967,-0.0605634,0.0684249;-2.2262,-1.19862,-2.26639
0.0618932,-0.0536628,0.0647089;-2.31024,-1.29037,-2.35591
0.07654,-0.0493155,0.0572876;-2.54985,-1.46009,-2.61732
0.0991771,-0.0436953,0.0579664;1.89028,-1.50085,1.77348
0.0926391,-0.0381115,0.0586074;1.71957,-1.54464,1.59849
0.0774985,-0.0307255,0.064047;-2.32924,-1.3896,-2.40411
0.0408769,-0.0264637,0.0712436;-2.05461,-1.10267,-2.10561
0.0385692,-0.0236528,0.0698062;-2.15726,-1.16713,-2.20156
0.050564,-0.0214689,0.0630747;-2.25442,-1.32682,-2.31168
0.0760416,-0.031775,0.0580234;1.63419,-1.51007,1.51211
0.0672274,-0.0282517,0.0584798;1.72906,-1.5095,1.60796
0.0393119,-0.0176046,0.0607599;-3.02184,-1.45397,-3.0897
-0.0194781,-0.00448562,0.0629245;-2.3955,-1.31028,-2.43016
-0.0269758,-0.00462665,0.0628091;-2.55025,-1.30885,-2.5688
-0.0132305,-0.0150396,0.0567821;-2.30345,-1.34868,-2.3243
-0.00501775,-0.0234851,0.0436521;-1.72042,-1.43182,-1.73045
-0.00422263,-0.0233054,0.0444124;-1.65062,-1.41999,-1.67355
-0.00527383,-0.020374,0.0467548;-1.53289,-1.34977,-1.57921
-0.00527383,-0.020374,0.0467548;-1.53289,-1.34977,-1.57921
-0.0254316,-0.00828122,0.0520804;-1.61474,-1.24096,-1.65899
-0.0254316,-0.00828122,0.0520804;-1.61474,-1.24096,-1.65899
