-0.125,0.125,0.06;-1.57,-2.98023e-08,-1.57
-0.125,0.125,0.06;-1.57,-2.98023e-08,-1.57
-0.125,0.125,0.06;-1.57,-2.98023e-08,-1.57
-0.126595,0.118174,0.0422707;-1.56919,-0.178942,-1.57086
-0.126233,0.117504,0.0425114;-1.57064,-0.118729,-1.57666
-0.122497,0.128003,0.0450062;-1.56115,-0.0423837,-1.58475
-0.12336,0.185484,0.0606776;-1.77172,-0.0193206,-1.5953
-0.131048,0.166599,0.0425842;-1.56514,-0.0270501,-1.58409
-0.130837,0.16704,0.0426178;-1.57997,-0.0288698,-1.57124
-0.13078,0.166834,0.0423342;-1.57097,-0.0315971,-1.57105
-0.131766,0.161904,0.0454794;-1.5685,0.0861621,-1.60868
-0.122982,0.169186,0.0525226;-1.58691,0.211695,-1.6224
-0.114353,0.200895,0.0660229;-1.75629,0.345543,-1.57242
-0.114203,0.218811,0.0610826;-1.74701,0.283259,-1.56118
-0.120631,0.208349,0.0513227;-1.6675,0.202484,-1.57287
-0.122714,0.205273,0.0438696;-1.58674,0.168744,-1.58372
-0.123167,0.203417,0.0429167;-1.57289,0.210263,-1.58674
-0.117626,0.208524,0.0456119;-1.56259,0.28831,-1.59846
-0.10496,0.242979,0.0579557;-1.70488,0.391364,-1.55284
-0.0943322,0.278328,0.0627373;-1.80906,0.378809,-1.50917
-0.10108,0.271611,0.0587447;-1.77863,0.332595,-1.51842
-0.116248,0.256621,0.044477;-1.59348,0.354419,-1.57758
-0.117523,0.255342,0.0431283;-1.5851,0.356751,-1.57789
-0.11673,0.254465,0.0445721;-1.56908,0.389206,-1.60156
-0.102409,0.268148,0.0483753;-1.58894,0.482598,-1.59029
-0.0846456,0.299804,0.0590965;-1.76161,0.515611,-1.50042
-0.0791848,0.311309,0.0568201;-1.77015,0.457647,-1.49059
-0.0823499,0.306524,0.0462464;-1.59569,0.424753,-1.59026
-0.0808377,0.30688,0.0455354;-1.59133,0.425317,-1.59089
-0.0823134,0.305995,0.0472153;-1.57186,0.472587,-1.62198
-0.0563252,0.329849,0.0609758;-1.74142,0.719881,-1.50842
-0.0386483,0.358771,0.0643338;-1.85787,0.769385,-1.41323
-0.0349354,0.365721,0.0615539;-1.86038,0.715653,-1.39873
-0.0584118,0.357235,0.042688;-1.57422,0.753373,-1.57735
-0.0578638,0.35731,0.0424571;-1.57636,0.743921,-1.56717
-0.0578066,0.357816,0.0428955;-1.59208,0.772568,-1.55896
-0.047289,0.359662,0.0477639;-1.56747,0.89272,-1.60646
-0.0135817,0.383433,0.0608504;-1.85987,0.977355,-1.36407
0.00986121,0.402146,0.0631182;-1.96776,0.942728,-1.27158
-0.0152461,0.400223,0.0443677;-1.60864,0.964947,-1.55281
-0.0172251,0.399847,0.0430197;-1.60155,0.966853,-1.55079
-0.0168107,0.39995,0.0430443;-1.59341,0.962784,-1.56214
-0.0202822,0.393211,0.0495396;-1.53949,1.11584,-1.65654
0.00257041,0.39557,0.0614218;-1.94323,1.26438,-1.27678
0.0336755,0.408954,0.0674747;-2.43989,1.29727,-0.788736
0.0267329,0.415117,0.0553749;-1.91855,1.22677,-1.27637
0.0192095,0.418886,0.0445928;-1.58996,1.15618,-1.57874
0.0237005,0.418555,0.0430387;-1.60787,1.11004,-1.54393
0.0187693,0.41797,0.0432846;-1.56992,1.25695,-1.58944
0.0408186,0.418261,0.0494409;-1.71834,1.34004,-1.45612
0.0820124,0.42936,0.0649105;-2.67044,1.34202,-0.526654
0.0914303,0.442194,0.0507227;-2.16492,1.36715,-0.991283
0.0805911,0.444489,0.0424717;-1.58081,1.42776,-1.56691
0.0802799,0.444322,0.0424035;-1.58727,1.42574,-1.55453
0.0790685,0.444346,0.0427921;-1.59358,1.51109,-1.56124
0.0945683,0.44008,0.0481345;2.4015,1.54198,0.715392
0.133009,0.439665,0.0633569;2.50802,1.33372,0.608379
0.146802,0.444409,0.0551553;2.71643,1.42441,0.402133
0.134206,0.448254,0.0467502;-1.64389,1.54827,-1.54341
0.139331,0.446553,0.0462705;-1.72665,1.47259,-1.44956
0.139459,0.445024,0.0478367;-1.75877,1.53913,-1.43359
0.151051,0.440501,0.0527296;1.97131,1.48707,1.12125
0.184659,0.438021,0.0639649;2.24433,1.29638,0.862529
0.207984,0.438856,0.0600884;2.44323,1.30169,0.698788
0.195376,0.446388,0.0532997;2.38065,1.37674,0.761728
0.18394,0.453246,0.0427462;1.59273,1.41858,1.53931
0.184014,0.453245,0.0428196;1.60938,1.40355,1.52369
0.182984,0.452123,0.0435617;1.56697,1.34997,1.55484
0.200417,0.440892,0.0498932;1.63851,1.25491,1.47226
0.263405,0.422496,0.063461;2.11524,1.12024,1.04066
0.259708,0.426383,0.0608336;2.14671,1.17916,1.01093
0.246494,0.440211,0.0482051;1.79892,1.22931,1.34633
0.242479,0.443607,0.043079;1.61514,1.2299,1.51982
0.238547,0.445003,0.0448983;1.58702,1.17941,1.52508
0.23637,0.441288,0.0504048;1.55639,1.06739,1.52583
0.282154,0.407904,0.0683372;1.85994,0.763726,1.29424
0.290665,0.406069,0.0660676;1.89888,0.822588,1.27556
0.285662,0.415593,0.0575498;1.80939,0.918071,1.34751
0.281786,0.4265,0.0431192;1.6104,1.05047,1.5306
0.28007,0.429548,0.0428748;1.58277,0.973841,1.55041
0.278337,0.428252,0.0438042;1.56842,0.900697,1.55268
0.328887,0.379686,0.0658909;1.8465,0.67477,1.34722
0.343127,0.369804,0.0632613;1.86921,0.719446,1.34191
0.342794,0.379239,0.0526262;1.75964,0.76364,1.43401
0.338115,0.391926,0.0424708;1.5771,0.744772,1.56653
0.337991,0.394031,0.0425199;1.5716,0.678856,1.56501
0.33697,0.39212,0.0432724;1.57149,0.632173,1.55539
0.36839,0.335904,0.0652787;1.79842,0.401769,1.43414
0.378593,0.322518,0.0632056;1.80634,0.454266,1.43301
0.376402,0.329704,0.0552215;1.72718,0.528914,1.46532
0.374927,0.334427,0.0458073;1.59269,0.705946,1.52709
0.37483,0.332838,0.0467208;1.58768,0.675987,1.51995
0.373905,0.332441,0.0481747;1.56315,0.611825,1.51938
0.397035,0.286562,0.0650481;1.76889,0.351228,1.44654
0.408948,0.268554,0.061634;1.81703,0.408487,1.45328
0.409955,0.273251,0.0581329;1.77166,0.388169,1.477
0.408137,0.294436,0.0428542;1.58268,0.419215,1.56002
0.4081,0.294213,0.0426785;1.58183,0.411543,1.56518
0.408442,0.296086,0.0427973;1.57119,0.363218,1.55627
0.406298,0.290815,0.0458633;1.56206,0.301392,1.54442
0.424664,0.219805,0.064391;1.80046,0.161347,1.49697
0.428974,0.215678,0.060969;1.79275,0.211645,1.5069
0.434979,0.230687,0.0487225;1.6564,0.20065,1.54575
0.435863,0.237019,0.0430258;1.58411,0.201209,1.55894
0.435248,0.240932,0.0450052;1.58172,0.152129,1.53992
0.432175,0.246273,0.0490572;1.55422,0.0454448,1.51258
0.421637,0.195596,0.0680599;1.77936,-0.253477,1.55012
0.421849,0.183061,0.0660582;1.7899,-0.193669,1.56101
0.42749,0.192487,0.0570365;1.70115,-0.114403,1.54873
0.432453,0.192865,0.0431001;1.58892,0.0640036,1.56288
0.433538,0.194598,0.0430843;1.58448,0.0169263,1.56016
0.433491,0.197303,0.0434251;1.57187,-0.0480263,1.55259
0.423429,0.135945,0.0642594;1.77614,-0.241799,1.5789
0.423091,0.116116,0.0619232;1.79228,-0.196094,1.59075
0.431388,0.121034,0.0524458;1.7077,-0.187209,1.59107
0.438148,0.131622,0.042476;1.57553,-0.218342,1.57168
0.438023,0.131355,0.0427904;1.58442,-0.247297,1.57219
0.438281,0.132814,0.0429426;1.56996,-0.29455,1.55506
0.413716,0.084362,0.061286;1.76318,-0.464503,1.62422
0.404399,0.0601767,0.0636619;1.82155,-0.447524,1.64642
0.406798,0.0658934,0.0598952;1.7681,-0.383352,1.61614
0.413487,0.0765919,0.047525;1.58909,-0.217568,1.53245
0.409477,0.0734522,0.0461065;1.59314,-0.192621,1.54419
0.411948,0.076019,0.0476004;1.58282,-0.241281,1.52633
0.394446,0.0524296,0.0602006;1.70407,-0.490153,1.58328
0.382887,0.0191193,0.0648244;1.8133,-0.56832,1.65457
0.379421,0.00840158,0.0622886;1.82775,-0.511805,1.6755
0.401832,0.0205568,0.0427421;1.57135,-0.543423,1.55862
0.401388,0.0201786,0.0425867;1.58022,-0.53636,1.57534
0.401512,0.0202055,0.0428452;1.58759,-0.562702,1.57731
0.393466,0.0186862,0.0465707;1.56148,-0.680888,1.5365
0.367742,-0.00826496,0.0580553;1.75961,-0.777343,1.67532
0.346342,-0.0338839,0.0635205;1.88388,-0.759039,1.75893
0.365662,-0.0308939,0.0465574;1.64435,-0.752767,1.61124
0.36884,-0.0289959,0.0431114;1.59593,-0.758792,1.58114
0.368364,-0.0290722,0.0430796;1.58971,-0.753365,1.57355
0.372384,-0.0219092,0.0497322;1.54615,-0.905745,1.49121
0.351586,-0.0274677,0.0612969;1.78467,-1.05976,1.6936
0.324854,-0.0468297,0.0677266;2.08073,-1.14183,1.96982
0.330928,-0.0513522,0.0564624;1.81828,-1.02183,1.74826
0.341619,-0.0529838,0.0445398;1.57614,-0.940877,1.54741
0.336494,-0.0539886,0.0430744;1.59912,-0.888942,1.58663
0.341365,-0.0526807,0.0434248;1.57146,-1.02785,1.55347
0.320911,-0.057939,0.0499164;1.65922,-1.10978,1.62077
0.283383,-0.0781932,0.0646704;2.1251,-1.17608,2.04634
0.276453,-0.0925837,0.0518752;1.88601,-1.14879,1.85457
0.288382,-0.0926237,0.0425583;1.57015,-1.2059,1.56295
0.288056,-0.0925002,0.0424173;1.57867,-1.19933,1.5782
0.28946,-0.0919576,0.0430509;1.56919,-1.28697,1.55372
0.273109,-0.0908845,0.0487828;1.62838,-1.36622,1.59618
0.230958,-0.100299,0.062849;2.67048,-1.3628,2.62321
0.216616,-0.104686,0.0585856;2.28203,-1.31425,2.23594
0.230841,-0.104844,0.0469474;1.56736,-1.28159,1.51873
0.225189,-0.104445,0.0471928;1.62587,-1.20238,1.58254
0.224339,-0.102951,0.0474433;1.58971,-1.23866,1.53951
0.219024,-0.101258,0.0508976;1.61286,-1.35453,1.55717
0.188892,-0.103457,0.0615763;2.66276,-1.41571,2.60852
0.151498,-0.114663,0.0614878;2.78065,-1.33924,2.75084
0.163308,-0.122662,0.0521393;2.54898,-1.41984,2.53469
0.174393,-0.126023,0.0427779;1.69075,-1.51772,1.68271
0.174437,-0.126374,0.0428998;2.15459,-1.54527,2.15018
0.176109,-0.126466,0.0431061;-1.60042,-1.54774,-1.61725
0.162591,-0.120381,0.0484265;-1.63663,-1.46887,-1.66898
0.0946738,-0.113654,0.0630542;-2.48837,-1.27417,-2.49246
0.100805,-0.118471,0.0582496;-2.50742,-1.33039,-2.50429
0.116508,-0.131207,0.044126;-1.67075,-1.39869,-1.68343
0.116448,-0.130777,0.0431612;-1.66955,-1.41514,-1.67969
0.120225,-0.131307,0.045627;-1.60177,-1.37111,-1.63683
0.121545,-0.12718,0.0509971;-1.54923,-1.25356,-1.61202
0.0717505,-0.103387,0.0675277;-1.93334,-0.955026,-1.94029
0.0681278,-0.103441,0.0653111;-1.98516,-1.02384,-1.97924
0.0768815,-0.114792,0.0553708;-1.85323,-1.13349,-1.8625
0.0771385,-0.120644,0.043023;-1.6267,-1.29297,-1.63153
0.0790658,-0.123349,0.042988;-1.60204,-1.2156,-1.61018
0.0812893,-0.1227,0.0434199;-1.57192,-1.14418,-1.58985
0.0263066,-0.0883061,0.0646481;-1.91173,-0.914223,-1.88721
0.00881472,-0.0809478,0.0619478;-1.95518,-0.954539,-1.91131
0.0113754,-0.0901037,0.0512513;-1.79034,-0.992837,-1.76087
0.0181323,-0.0989432,0.0424025;-1.57484,-0.975847,-1.57416
0.0178963,-0.0998467,0.0426908;-1.58793,-0.928234,-1.58605
0.0196315,-0.10017,0.0430381;-1.56832,-0.867587,-1.58386
0.0196315,-0.10017,0.0430381;-1.56832,-0.867587,-1.58386
0.00955593,-0.0836523,0.0490636;-1.59703,-0.786757,-1.61858
0.00955593,-0.0836523,0.0490636;-1.59703,-0.786757,-1.61858
