-0.125,0.125,0.06;-1.57,-2.98023e-08,-1.57
-0.125,0.125,0.06;-1.57,-2.98023e-08,-1.57
-0.125,0.125,0.06;-1.57,-2.98023e-08,-1.57
-0.125898,0.120483,0.0423287;-1.57035,-0.174205,-1.57031
-0.125427,0.120057,0.0423329;-1.57072,-0.11881,-1.57083
-0.122909,0.127914,0.0442462;-1.55969,-0.0523722,-1.57606
-0.12405,0.177544,0.0585897;-1.76649,-0.026657,-1.59474
-0.123783,0.166679,0.042409;-1.56775,-0.069718,-1.57587
-0.123425,0.166736,0.0423301;-1.57074,-0.079204,-1.57075
-0.123433,0.167131,0.0423648;-1.57088,-0.0749167,-1.56959
-0.122264,0.170838,0.0426982;-1.57056,0.0684991,-1.5827
-0.11707,0.18474,0.0456709;-1.56891,0.133763,-1.5927
-0.1103,0.220323,0.0587731;-1.74471,0.230233,-1.56486
-0.11002,0.232613,0.0554083;-1.73071,0.201957,-1.55448
-0.11549,0.218052,0.0430978;-1.58672,0.167949,-1.57529
-0.116868,0.216825,0.0426582;-1.57769,0.145771,-1.5749
-0.117104,0.216019,0.0427043;-1.57069,0.209192,-1.58272
-0.111986,0.221969,0.045406;-1.56031,0.276476,-1.59647
-0.0986242,0.253478,0.0545681;-1.68477,0.370937,-1.5561
-0.0898932,0.282837,0.0610619;-1.80382,0.3587,-1.51374
-0.0924658,0.277611,0.0550643;-1.74109,0.312788,-1.52858
-0.100202,0.26638,0.0427739;-1.56533,0.325042,-1.5822
-0.0997991,0.266651,0.0423651;-1.57115,0.323864,-1.5718
-0.0997033,0.265632,0.0427339;-1.57031,0.381155,-1.58392
-0.0904969,0.274206,0.0463219;-1.55477,0.460042,-1.6002
-0.0749258,0.305,0.0556098;-1.73314,0.494554,-1.51535
-0.0692498,0.314299,0.0548737;-1.75258,0.433658,-1.50024
-0.0736972,0.305265,0.0423316;-1.57083,0.432475,-1.57081
-0.0735966,0.305358,0.0423487;-1.57153,0.438416,-1.57035
-0.075043,0.304666,0.0424455;-1.57051,0.497131,-1.57466
-0.0538216,0.325212,0.0503297;-1.62826,0.653379,-1.56079
-0.0316123,0.359385,0.0627846;-1.86344,0.699283,-1.41645
-0.0266287,0.369846,0.0591032;-1.83785,0.656142,-1.41987
-0.0398662,0.36009,0.0426383;-1.57384,0.648332,-1.5771
-0.038779,0.359965,0.042334;-1.5699,0.621104,-1.57211
-0.0390761,0.360528,0.0428948;-1.58636,0.657166,-1.56703
-0.0292363,0.363334,0.0485928;-1.55834,0.813898,-1.61881
-0.00479675,0.383504,0.0607079;-1.81162,0.912629,-1.42674
0.0154104,0.404751,0.0626492;-1.92142,0.883289,-1.33189
0.00310611,0.396444,0.0439833;-1.56218,0.75449,-1.6035
0.0102235,0.400606,0.0430719;-1.58832,0.677229,-1.56991
0.0114305,0.400892,0.0430665;-1.58662,0.661686,-1.57209
0.00789681,0.395437,0.0484767;-1.53769,0.826789,-1.64737
0.0271652,0.406299,0.0575297;-1.71308,0.961149,-1.50798
0.0509923,0.429275,0.0666182;-1.98406,1.03308,-1.27404
0.0490807,0.430543,0.0521578;-1.71124,0.902834,-1.4934
0.0444634,0.4296,0.0448485;-1.57718,0.811983,-1.59457
0.0518247,0.430923,0.0430486;-1.58747,0.75148,-1.57014
0.0442019,0.427004,0.0474472;-1.55079,0.917543,-1.63545
0.0584918,0.432055,0.0541924;-1.63508,1.04978,-1.57021
0.0832481,0.450771,0.0663473;-2.06427,1.15671,-1.18198
0.0870588,0.459952,0.0523611;-1.75448,1.0593,-1.4429
0.0809491,0.461787,0.0438853;-1.57647,0.978173,-1.58726
0.0886625,0.462744,0.042975;-1.58948,0.880984,-1.56507
0.0828824,0.459834,0.0459166;-1.55391,0.984108,-1.62262
0.0990367,0.463834,0.0512638;-1.6201,1.09898,-1.56948
0.128473,0.481909,0.0639544;-2.08939,1.18162,-1.14083
0.138798,0.493783,0.0514478;-1.81261,1.13572,-1.36971
0.131231,0.492356,0.0428065;-1.57304,1.10187,-1.58266
0.132301,0.492041,0.0426689;-1.58762,1.07134,-1.55884
0.129601,0.492169,0.0428965;-1.56614,1.16541,-1.59149
0.139567,0.491462,0.0456948;-1.53993,1.24899,-1.62322
0.173149,0.499382,0.056211;-2.14442,1.31077,-1.03814
0.191536,0.503861,0.0571955;-2.21327,1.25915,-0.965765
0.18331,0.501991,0.0482025;-1.84206,1.26617,-1.31744
0.177263,0.501736,0.0424615;-1.56837,1.27711,-1.57792
0.177265,0.501782,0.0424209;-1.57266,1.29094,-1.57191
0.176435,0.500917,0.0428879;-1.57037,1.35668,-1.58454
0.192825,0.498417,0.0473435;-1.52016,1.44746,-1.64522
0.252957,0.506182,0.0621364;-2.98518,1.34017,-0.1896
0.249612,0.506918,0.0572054;-2.68649,1.35935,-0.475114
0.237383,0.509151,0.0432835;-1.76206,1.46956,-1.38676
0.235699,0.509129,0.0423296;-1.57128,1.46635,-1.57028
0.234201,0.510205,0.0425876;-1.5663,1.53696,-1.58342
0.237506,0.506041,0.0439298;1.45868,1.53538,1.66623
0.307346,0.496351,0.0648953;2.37783,1.24862,0.744179
0.320767,0.495839,0.0616034;2.50253,1.28327,0.639738
0.313907,0.499314,0.0505642;2.19236,1.38075,0.95191
0.306105,0.503052,0.0423313;1.57152,1.42335,1.57014
0.306198,0.504352,0.0423948;1.56698,1.34459,1.57103
0.307332,0.500857,0.0431347;1.56319,1.27624,1.56531
0.365399,0.476437,0.0637976;1.99995,1.02054,1.15293
0.379231,0.473257,0.0633376;2.03822,1.04764,1.12746
0.374351,0.479422,0.0502767;1.82075,1.12823,1.33821
0.367475,0.484777,0.0423298;1.57075,1.16495,1.57079
0.367766,0.485407,0.0423902;1.56813,1.08877,1.5705
0.367935,0.483043,0.0430703;1.56365,1.02414,1.56443
0.4176,0.443424,0.0641889;1.88634,0.789753,1.29737
0.432498,0.433692,0.0621254;1.90568,0.842988,1.29078
0.428611,0.438282,0.0502452;1.74148,0.90264,1.43037
0.423513,0.445781,0.0423296;1.57078,0.926347,1.57086
0.423863,0.44626,0.0424104;1.5701,0.851869,1.56832
0.423151,0.445886,0.0427235;1.57006,0.810592,1.55857
0.454227,0.40369,0.0593845;1.79831,0.608156,1.41057
0.469371,0.388429,0.0598053;1.84856,0.639809,1.38913
0.467248,0.392317,0.05507;1.77185,0.64708,1.43686
0.461484,0.400631,0.0428563;1.58267,0.747627,1.55444
0.461291,0.400356,0.0428614;1.58704,0.739861,1.55457
0.459777,0.403638,0.0433514;1.57316,0.684128,1.54956
0.45828,0.396744,0.047753;1.54797,0.580098,1.54151
0.488101,0.341896,0.0637836;1.80304,0.393232,1.43658
0.490314,0.337884,0.059932;1.7811,0.458918,1.44933
0.48754,0.348467,0.0473308;1.6066,0.541228,1.52189
0.48864,0.342069,0.0429449;1.58184,0.672522,1.55303
0.4877,0.34624,0.0440565;1.58431,0.622618,1.54207
0.485416,0.349112,0.047401;1.55215,0.526204,1.53375
0.503934,0.302556,0.0660065;1.78242,0.248148,1.45904
0.510704,0.289347,0.0630958;1.79213,0.301844,1.46809
0.510367,0.297465,0.0522577;1.67739,0.378283,1.50499
0.510722,0.296866,0.0429616;1.58581,0.530529,1.55596
0.509909,0.300439,0.0436975;1.58157,0.490211,1.54786
0.508363,0.303971,0.0460047;1.55967,0.410081,1.53742
0.521125,0.254685,0.0642028;1.77144,0.155586,1.48669
0.52842,0.237502,0.0615063;1.78881,0.204869,1.49951
0.530327,0.243167,0.0505792;1.66799,0.254271,1.53024
0.529614,0.246218,0.0425026;1.57456,0.317556,1.56771
0.53023,0.246865,0.0428099;1.58074,0.28236,1.56224
0.530212,0.248402,0.0431774;1.56918,0.220881,1.55353
0.52913,0.196299,0.057829;1.74712,0.0215755,1.54396
0.531345,0.173613,0.0610778;1.79663,0.0231177,1.54464
0.531507,0.178458,0.0540099;1.7251,0.0805759,1.55089
0.532524,0.189446,0.0423308;1.57085,0.106158,1.57077
0.53254,0.189292,0.0423296;1.5708,0.104266,1.57087
0.533261,0.190061,0.042444;1.57037,0.047039,1.56692
0.524402,0.163787,0.0499498;1.61839,-0.105804,1.5533
0.521539,0.122933,0.0632696;1.80298,-0.194821,1.5805
0.521872,0.109349,0.0598076;1.79336,-0.156964,1.59176
0.528496,0.122517,0.0424663;1.57151,-0.143926,1.56532
0.528325,0.122502,0.0423282;1.57079,-0.138038,1.57085
0.528371,0.121998,0.0424388;1.57476,-0.168646,1.57111
0.521576,0.11507,0.0455505;1.56144,-0.302795,1.54547
0.50657,0.0808152,0.0569757;1.74881,-0.400906,1.61823
0.497239,0.0548906,0.0617472;1.82166,-0.413524,1.6484
0.505003,0.065636,0.0423147;1.56026,-0.358041,1.55823
0.504882,0.0653451,0.0428057;1.58072,-0.346902,1.56832
0.503456,0.0646282,0.0429087;1.57965,-0.32023,1.56362
0.501295,0.0651377,0.0433516;1.566,-0.412106,1.55486
0.484328,0.0432945,0.0484225;1.61845,-0.494936,1.57643
0.466011,0.0103437,0.0636931;1.85261,-0.584276,1.6929
0.466769,0.00453221,0.0477822;1.65962,-0.53646,1.6116
0.470949,0.00834312,0.0424807;1.57071,-0.540895,1.56592
0.470743,0.00854126,0.0423289;1.57082,-0.52905,1.57085
0.470467,0.00915601,0.0428368;1.56743,-0.679232,1.55651
0.452598,-0.00378821,0.0473879;1.6152,-0.752634,1.58381
0.427645,-0.0307822,0.0616559;1.89794,-0.852903,1.78787
0.419554,-0.0405132,0.048916;1.70062,-0.789802,1.65894
0.424442,-0.0372349,0.0424619;1.5701,-0.795401,1.56578
0.42427,-0.0371141,0.0423314;1.57089,-0.786477,1.57085
0.424272,-0.0370767,0.0426605;1.56967,-0.910007,1.55902
0.409259,-0.0413251,0.0464808;1.57725,-0.987622,1.55504
0.376621,-0.0606042,0.0607036;2.01255,-1.06508,1.93448
0.364602,-0.0698829,0.05212;1.82447,-1.02744,1.7836
0.372891,-0.0674908,0.042542;1.56368,-1.03259,1.55451
0.372307,-0.0673378,0.042326;1.5709,-1.0221,1.57097
0.374233,-0.0678495,0.042767;1.57097,-1.09157,1.55729
0.368897,-0.0662087,0.0459211;1.54331,-1.16966,1.51541
0.340463,-0.070898,0.0549701;1.90212,-1.26442,1.85645
0.302665,-0.0813383,0.0597402;2.20059,-1.24189,2.15316
0.31067,-0.0802,0.0485224;1.76089,-1.22753,1.73095
0.312762,-0.0803714,0.0429304;1.58959,-1.18425,1.57629
0.309504,-0.0788739,0.0431503;1.60445,-1.12441,1.58943
0.312738,-0.077605,0.0455832;1.55804,-1.18577,1.52246
0.297867,-0.075803,0.0518515;1.65985,-1.31235,1.6096
0.247422,-0.0895697,0.0634756;2.66583,-1.31851,2.61487
0.2528,-0.0887063,0.0568659;2.26114,-1.3205,2.22062
0.266351,-0.0885201,0.0446161;1.55602,-1.28731,1.52592
0.258025,-0.0880778,0.0431191;1.6077,-1.1965,1.59347
0.264276,-0.0885701,0.0443786;1.57884,-1.25849,1.55115
0.262854,-0.0858781,0.0486622;1.45843,-1.36367,1.40943
0.208003,-0.0916458,0.0652176;-2.95912,-1.35224,-3.00503
0.200604,-0.0928237,0.061324;3.04237,-1.37057,3.01136
0.20904,-0.0941318,0.0499146;2.26957,-1.45495,2.2429
0.207411,-0.0939591,0.0427036;1.59212,-1.33674,1.58468
0.209937,-0.0947167,0.0430591;1.6286,-1.37912,1.61543
0.213809,-0.0936033,0.0450198;1.5078,-1.46793,1.47746
0.159677,-0.0877539,0.0631811;-2.5879,-1.31827,-2.61191
0.141243,-0.0882088,0.0603243;-2.79153,-1.3319,-2.79389
0.147226,-0.0912181,0.0491224;-2.60221,-1.46503,-2.60626
0.151569,-0.0925665,0.0423327;-1.57621,-1.54293,-1.57628
0.152024,-0.0938862,0.0424772;-1.57076,-1.47887,-1.57532
0.152921,-0.0928874,0.0429412;-1.56558,-1.40844,-1.57884
0.152921,-0.0928874,0.0429412;-1.56558,-1.40844,-1.57884
0.135693,-0.0836527,0.0469645;-1.66703,-1.32523,-1.68289
0.135693,-0.0836527,0.0469645;-1.66703,-1.32523,-1.68289
