-0.125,0.125,0.06;-1.57,-2.98023e-08,-1.57
-0.125,0.125,0.06;-1.57,-2.98023e-08,-1.57
-0.125,0.125,0.06;-1.57,-2.98023e-08,-1.57
-0.125778,0.120726,0.0423461;-1.57082,-0.176229,-1.57032
-0.125363,0.121061,0.0423305;-1.57109,-0.126906,-1.57105
-0.122654,0.12917,0.0438057;-1.56087,-0.0530274,-1.57275
-0.124533,0.17877,0.0580447;-1.75087,-0.0174598,-1.59557
-0.120005,0.167569,0.0437574;-1.57027,-0.191815,-1.59261
-0.118937,0.175029,0.0429844;-1.58737,-0.294737,-1.58081
-0.117878,0.176551,0.0423216;-1.57097,-0.345915,-1.57057
-0.117244,0.178427,0.042494;-1.57077,-0.210304,-1.57607
-0.115504,0.190645,0.0449695;-1.56626,-0.148034,-1.58772
-0.119862,0.22684,0.0578688;-1.72493,-0.0334839,-1.60679
-0.124682,0.244829,0.0537298;-1.71674,-0.0830911,-1.59173
-0.12561,0.229623,0.0428811;-1.5826,-0.123708,-1.57806
-0.1262,0.228127,0.0423676;-1.57263,-0.142707,-1.57072
-0.126728,0.226517,0.0437001;-1.57088,-0.0728097,-1.59342
-0.122887,0.23437,0.0488573;-1.56549,0.0177428,-1.61419
-0.120571,0.26229,0.0600126;-1.70374,0.149406,-1.59909
-0.121476,0.291552,0.0589787;-1.77343,0.141339,-1.56113
-0.122487,0.283937,0.0533971;-1.71434,0.0692877,-1.56837
-0.125562,0.269453,0.0426676;-1.56706,0.0416215,-1.57817
-0.125674,0.269092,0.0423301;-1.57096,0.0516155,-1.57087
-0.125371,0.268434,0.0434362;-1.56927,0.10253,-1.59013
-0.117908,0.28235,0.0456834;-1.56243,0.18665,-1.5907
-0.110928,0.314809,0.0545086;-1.70965,0.231469,-1.55812
-0.107892,0.32601,0.0534375;-1.70904,0.162239,-1.56103
-0.102927,0.328389,0.0429471;-1.58582,0.00876405,-1.57552
-0.102277,0.329067,0.0424407;-1.57269,-0.0114782,-1.57242
-0.103415,0.327123,0.0423867;-1.57037,0.056994,-1.57297
-0.0934839,0.351941,0.0500371;-1.60258,0.215168,-1.58722
-0.0894743,0.393841,0.0624706;-1.79263,0.271969,-1.54489
-0.0884167,0.40693,0.0578776;-1.77573,0.221033,-1.5348
-0.0949486,0.391947,0.0426002;-1.57152,0.201219,-1.57838
-0.0935621,0.392427,0.0425833;-1.5747,0.173761,-1.57431
-0.0938414,0.39111,0.0436447;-1.58888,0.20859,-1.58012
-0.0874724,0.398328,0.0500951;-1.576,0.38048,-1.61282
-0.0769157,0.427375,0.0591179;-1.73415,0.499172,-1.5304
-0.0675616,0.45268,0.0590131;-1.80684,0.465581,-1.47702
-0.0759739,0.435967,0.0424474;-1.56727,0.401069,-1.57891
-0.0760757,0.435783,0.0423732;-1.57242,0.392148,-1.57015
-0.0760161,0.435805,0.0423302;-1.57087,0.392366,-1.57074
-0.0751685,0.434828,0.0439447;-1.56673,0.522499,-1.59065
-0.059476,0.452722,0.0524653;-1.60486,0.620749,-1.58906
-0.0393255,0.487912,0.0658412;-1.82757,0.694872,-1.46384
-0.0398631,0.493834,0.0499724;-1.65443,0.546463,-1.55279
-0.0439011,0.493489,0.0428121;-1.57632,0.446863,-1.5787
-0.0413501,0.493966,0.0423227;-1.57058,0.37326,-1.57094
-0.0421471,0.493829,0.0426369;-1.56994,0.520618,-1.5806
-0.0283319,0.506459,0.0464297;-1.57214,0.589611,-1.59006
-0.00628432,0.539862,0.0602227;-1.8158,0.692664,-1.44655
-0.00661279,0.551525,0.0456729;-1.63196,0.628653,-1.53969
-0.00952147,0.550472,0.0427437;-1.57326,0.59516,-1.58049
-0.00547455,0.55142,0.0428225;-1.58228,0.511714,-1.5709
-0.0103429,0.547073,0.0465547;-1.55791,0.624157,-1.62039
0.00179017,0.555805,0.0501345;-1.57923,0.747172,-1.60232
0.0233659,0.583806,0.0601368;-1.83278,0.849502,-1.40893
0.0298838,0.595744,0.0485444;-1.68777,0.784027,-1.4947
0.0227725,0.591939,0.0425022;-1.57067,0.766623,-1.5764
0.0224585,0.591846,0.0423278;-1.57089,0.758896,-1.5706
0.0208356,0.591865,0.042618;-1.57063,0.860716,-1.58002
0.0295055,0.594136,0.0468107;-1.54917,0.944255,-1.61944
0.0571223,0.611101,0.0599871;-1.83908,1.04672,-1.38515
0.0770415,0.623507,0.060589;-1.89185,0.987833,-1.33907
0.0629937,0.616511,0.0503227;-1.71927,0.90762,-1.46977
0.0569663,0.614725,0.0425468;-1.57135,0.832625,-1.57879
0.0571518,0.614355,0.0423557;-1.57087,0.837003,-1.57161
0.0562811,0.613458,0.0426882;-1.5697,0.906163,-1.58294
0.0716522,0.618892,0.0463277;-1.57142,0.98681,-1.58912
0.122129,0.65522,0.0614071;-1.99874,1.03566,-1.22481
0.118728,0.653323,0.0553646;-1.87497,0.985019,-1.32505
0.107075,0.647579,0.0447534;-1.57786,0.940935,-1.59228
0.118928,0.649121,0.0431514;-1.59011,0.824416,-1.56968
0.116625,0.649499,0.0429723;-1.57865,0.856191,-1.57999
0.117962,0.648476,0.0449104;-1.55972,0.941177,-1.60338
0.176018,0.682098,0.0629176;-2.03864,1.08059,-1.18952
0.188699,0.68157,0.0602419;-1.96439,1.00704,-1.25563
0.182122,0.672669,0.0490291;-1.73055,0.965853,-1.44438
0.175631,0.66864,0.0423344;-1.57111,0.937334,-1.57044
0.173407,0.669555,0.0426338;-1.57255,1.02468,-1.57791
0.173984,0.666975,0.0454568;-1.55344,1.11539,-1.61854
0.222019,0.681791,0.0674075;-2.41469,1.31508,-0.814149
0.230508,0.67821,0.0626189;-2.25432,1.26705,-0.950772
0.218467,0.671676,0.0499559;-1.84645,1.20241,-1.32146
0.210888,0.670072,0.0423372;-1.57096,1.12915,-1.57016
0.210213,0.670392,0.0423687;-1.57041,1.17634,-1.57245
0.211218,0.66941,0.0427475;-1.57061,1.22789,-1.58024
0.269853,0.684023,0.0621796;-2.58034,1.33065,-0.615096
0.283413,0.680195,0.0599142;-2.3248,1.27997,-0.866614
0.277627,0.673469,0.0495174;-1.83824,1.25761,-1.3323
0.283509,0.669505,0.0429896;-1.59244,1.10092,-1.56267
0.286116,0.670108,0.0433618;-1.59167,1.1008,-1.56722
0.28398,0.669589,0.0437956;-1.5677,1.13332,-1.59568
0.331045,0.681455,0.0568957;-2.14574,1.26991,-1.03881
0.350959,0.680932,0.0581681;-2.11545,1.1857,-1.07502
0.34699,0.67759,0.0533565;-1.95524,1.18962,-1.22112
0.33357,0.673217,0.0423952;-1.57572,1.17015,-1.56648
0.332082,0.670768,0.0426481;-1.58847,1.12344,-1.55747
0.327627,0.670538,0.0434425;-1.57709,1.18353,-1.58537
0.331502,0.668039,0.048992;-1.53743,1.29451,-1.6499
0.385137,0.682591,0.0615325;-2.6649,1.35279,-0.522032
0.388585,0.680442,0.0555915;-2.35348,1.32964,-0.809759
0.375081,0.677503,0.0426261;-1.57763,1.36568,-1.57187
0.373897,0.67748,0.0423302;-1.57091,1.37249,-1.57066
0.373608,0.678324,0.0423445;-1.56708,1.44264,-1.57539
0.373408,0.676714,0.042693;-1.53628,1.51227,-1.61525
0.424857,0.671641,0.0637666;2.82683,1.3059,0.294075
0.423477,0.669074,0.0592714;-3.12403,1.39216,-0.0420582
0.412028,0.664077,0.0497341;-2.09804,1.4437,-1.07507
0.41447,0.66227,0.0427124;-1.59945,1.20919,-1.54612
0.413082,0.662618,0.042662;-1.58232,1.24797,-1.56666
0.41161,0.66083,0.0425419;-1.57094,1.33004,-1.57782
0.469657,0.667634,0.0602273;-2.87108,1.37408,-0.307565
0.490132,0.672703,0.0587681;-2.6565,1.34418,-0.508204
0.482951,0.672434,0.0474752;-2.05269,1.41643,-1.09874
0.47744,0.672337,0.0423286;-1.57089,1.42272,-1.57073
0.477049,0.67312,0.0428331;-1.67454,1.47097,-1.47361
0.474335,0.672143,0.0446412;-1.53484,1.52711,-1.63731
0.517239,0.665939,0.0613021;2.20898,1.30575,0.901676
0.54079,0.66477,0.0601653;2.42231,1.29609,0.716595
0.53478,0.665337,0.0526447;2.43371,1.3955,0.708244
0.521367,0.668546,0.0424306;1.61834,1.50235,1.52338
0.521275,0.66863,0.0423294;1.57245,1.49934,1.56923
0.520479,0.669413,0.0424745;1.57063,1.44243,1.56644
0.54619,0.655953,0.0475638;1.7234,1.28511,1.41158
0.58398,0.647082,0.0627728;2.08411,1.14646,1.05679
0.596953,0.642404,0.0602035;2.11919,1.20201,1.02443
0.582323,0.648444,0.0430334;1.58531,1.46835,1.54129
0.587571,0.644246,0.0424688;-1.77885,1.54884,-1.36275
0.587475,0.644387,0.0423625;-1.64107,1.55738,-1.50055
0.593156,0.639828,0.0445424;1.53021,1.44893,1.59548
0.628756,0.632687,0.0556596;2.0984,1.31084,1.03303
0.662109,0.630205,0.0608749;2.33272,1.2578,0.809271
0.649187,0.634371,0.0427316;1.5248,1.43599,1.60934
0.649821,0.634184,0.0426917;1.65284,1.46557,1.48629
0.650072,0.633512,0.0427283;1.63391,1.47766,1.5013
0.645061,0.636323,0.0469485;1.51201,1.32582,1.58564
0.663704,0.626322,0.052076;1.71452,1.1988,1.40355
0.700775,0.615957,0.0613153;2.00807,1.07691,1.14808
0.70547,0.615173,0.0470671;1.7595,1.20857,1.38896
0.701083,0.618456,0.0424527;1.57067,1.22267,1.56665
0.701118,0.618289,0.0423287;1.57083,1.23449,1.57082
0.700642,0.61875,0.042671;1.56831,1.09448,1.56267
0.711077,0.607076,0.0480699;1.57337,1.01174,1.54131
0.742831,0.587259,0.0629445;1.84879,0.869177,1.3053
0.734315,0.578347,0.0516888;1.75743,1.10241,1.37063
0.729776,0.585812,0.0428314;1.57906,1.2264,1.5501
0.731802,0.58128,0.0423524;1.57462,1.34369,1.56723
0.730712,0.582575,0.0425857;1.56849,1.2464,1.5648
0.743347,0.57304,0.0458145;1.57259,1.17759,1.55144
0.780433,0.557419,0.0588891;1.93384,1.04153,1.22582
0.780476,0.546531,0.0504628;1.86554,1.19616,1.28895
0.771871,0.550522,0.0427243;1.57059,1.25526,1.55711
0.773697,0.547942,0.0430491;1.6342,1.30159,1.50332
0.770418,0.550838,0.045432;1.58118,1.25957,1.5257
0.774097,0.54916,0.0478825;1.54198,1.15307,1.55483
0.797259,0.537675,0.0549703;1.77725,1.0382,1.36277
0.821391,0.523953,0.0558004;1.92076,1.07817,1.24433
0.803821,0.523856,0.044574;1.66538,1.18628,1.47872
0.799787,0.52516,0.0423612;1.56948,1.20498,1.57074
0.796711,0.523658,0.04234;1.57248,1.26897,1.56863
0.794894,0.525439,0.0431246;1.5709,1.20559,1.55437
0.799308,0.52125,0.0500297;1.61528,1.10327,1.49344
0.839387,0.510152,0.0631489;1.93332,0.998659,1.20372
0.828465,0.506252,0.0551856;1.85197,1.10427,1.28317
0.809955,0.504728,0.0431189;1.55514,1.20901,1.56561
0.808015,0.499647,0.0423293;1.57081,1.30874,1.57091
0.806713,0.499886,0.0424099;1.57087,1.26306,1.56833
0.807976,0.497838,0.0431372;1.56827,1.19764,1.56354
0.856631,0.48495,0.062065;2.01862,1.06304,1.13385
0.857001,0.478559,0.0563304;1.98761,1.15669,1.16497
0.843824,0.474895,0.0465527;1.67804,1.28266,1.44302
0.845736,0.45948,0.0428522;1.6503,1.51486,1.47936
0.847022,0.460786,0.0439186;1.79109,1.50566,1.33339
0.841445,0.4656,0.0443974;1.55737,1.42056,1.55782
0.874781,0.458749,0.0592307;2.18794,1.22732,0.955123
0.87674,0.453237,0.0568091;2.26435,1.3034,0.873713
0.866357,0.449135,0.0455421;1.95069,1.43463,1.18955
0.859484,0.449282,0.0423271;1.56299,1.52827,1.57892
0.858734,0.44951,0.0425211;1.56938,1.51274,1.56621
0.856098,0.450359,0.0438203;1.5684,1.42921,1.55159
0.856098,0.450359,0.0438203;1.5684,1.42921,1.55159
0.865562,0.449356,0.0527661;1.81934,1.32036,1.29096
0.865562,0.449356,0.0527661;1.81934,1.32036,1.29096
