-0.125,0.125,0.06;-1.57,-2.98023e-08,-1.57
-0.125,0.125,0.06;-1.57,-2.98023e-08,-1.57
-0.125,0.125,0.06;-1.57,-2.98023e-08,-1.57
-0.126479,0.11888,0.0423229;-1.57145,-0.190274,-1.57051
-0.125687,0.118409,0.04239;-1.57106,-0.135141,-1.57316
-0.122491,0.12786,0.0444879;-1.56274,-0.0614901,-1.58068
-0.124151,0.182595,0.0593777;-1.75954,-0.0295378,-1.59244
-0.128348,0.166153,0.0425149;-1.56713,-0.0556058,-1.57982
-0.12831,0.166582,0.0425226;-1.5772,-0.0576295,-1.57102
-0.128177,0.16637,0.0423283;-1.57081,-0.0617991,-1.57077
-0.12873,0.16661,0.0431098;-1.56987,0.0470925,-1.58833
-0.121537,0.178009,0.0494851;-1.57498,0.135623,-1.61135
-0.114874,0.214627,0.063744;-1.74789,0.254122,-1.57835
-0.112477,0.233087,0.0596979;-1.72866,0.180228,-1.57995
-0.113933,0.221078,0.0511782;-1.6295,0.0691641,-1.60738
-0.114342,0.221772,0.0463397;-1.58257,-0.0424242,-1.60773
-0.111815,0.226533,0.0475362;-1.58618,-0.026023,-1.61446
-0.108191,0.234601,0.0510185;-1.58961,0.0800971,-1.6179
-0.10404,0.266011,0.0623178;-1.73175,0.220723,-1.58486
-0.102569,0.292007,0.0619941;-1.77595,0.207741,-1.55682
-0.105448,0.285451,0.0555723;-1.74193,0.139209,-1.5514
-0.113453,0.270167,0.0427109;-1.57063,0.139095,-1.5829
-0.113815,0.269118,0.0426452;-1.57576,0.150429,-1.57513
-0.113788,0.267903,0.0428489;-1.56845,0.208169,-1.58614
-0.104891,0.281012,0.0475846;-1.5761,0.288312,-1.5967
-0.0936759,0.316877,0.0580794;-1.73817,0.325437,-1.53753
-0.0906505,0.329008,0.0551949;-1.7415,0.269065,-1.52761
-0.097127,0.318806,0.042493;-1.57627,0.296214,-1.56922
-0.0970785,0.318777,0.0424176;-1.57384,0.303407,-1.57022
-0.0984795,0.317889,0.0425735;-1.57064,0.354172,-1.57855
-0.0792627,0.34129,0.0551752;-1.66942,0.527651,-1.55512
-0.0634124,0.378391,0.0650798;-1.81832,0.579736,-1.48111
-0.0590533,0.387386,0.0618231;-1.79541,0.520387,-1.48987
-0.0679847,0.374648,0.0457808;-1.57695,0.331332,-1.60459
-0.0581136,0.382475,0.0439885;-1.58646,0.237616,-1.58444
-0.0568377,0.383974,0.0459926;-1.60445,0.259473,-1.5853
-0.0546065,0.385753,0.0534343;-1.61675,0.47307,-1.60137
-0.0401511,0.416063,0.0630246;-1.77968,0.608224,-1.4979
-0.0306492,0.436308,0.0623083;-1.82087,0.580121,-1.46126
-0.0488298,0.422167,0.0425946;-1.56538,0.534968,-1.58623
-0.0495257,0.421558,0.0425882;-1.58046,0.534614,-1.56617
-0.0492866,0.42161,0.0423316;-1.57101,0.534131,-1.57091
-0.0484677,0.420501,0.0439051;-1.56903,0.64534,-1.59064
-0.0275869,0.439194,0.052113;-1.66785,0.737357,-1.52871
-0.00131266,0.47215,0.0641874;-1.87451,0.797305,-1.38814
-0.00395851,0.481036,0.0490624;-1.69663,0.746585,-1.48961
-0.0121636,0.477062,0.042475;-1.57192,0.779789,-1.57371
-0.0117593,0.476849,0.0423295;-1.57083,0.767153,-1.57074
-0.0136225,0.476389,0.0430792;-1.57055,0.890477,-1.5868
0.00423309,0.482789,0.0505098;-1.62498,0.97523,-1.56176
0.0358467,0.506253,0.0649576;-1.98735,1.07036,-1.25002
0.0426165,0.512856,0.0530741;-1.7343,0.965466,-1.46766
0.03733,0.510673,0.0459324;-1.57354,0.877353,-1.60757
0.0496648,0.512835,0.0442204;-1.58672,0.770239,-1.58108
0.0492187,0.511605,0.0484023;-1.57203,0.869153,-1.62224
0.0611264,0.515752,0.0561029;-1.7116,1.01213,-1.50066
0.0848439,0.53538,0.0653742;-2.01377,1.13258,-1.22496
0.08759,0.546718,0.0521605;-1.8135,1.04961,-1.3714
0.077485,0.544795,0.0425202;-1.55269,1.04113,-1.59896
0.0774159,0.545179,0.0424523;-1.5789,1.04556,-1.56366
0.0748846,0.545242,0.0427883;-1.5707,1.14223,-1.58539
0.08565,0.545009,0.0456757;-1.57562,1.21799,-1.588
0.121777,0.55557,0.0590331;-2.12671,1.28451,-1.06122
0.143794,0.562277,0.0578161;-2.16484,1.23161,-1.01201
0.130206,0.561611,0.0505413;-1.89748,1.21998,-1.26707
0.12061,0.561496,0.0425044;-1.56891,1.2497,-1.57867
0.120451,0.56179,0.0424987;-1.57109,1.27099,-1.57587
0.120094,0.560602,0.043146;-1.5726,1.32738,-1.58508
0.13844,0.558268,0.049287;-1.77436,1.42292,-1.39621
0.198166,0.570089,0.0636189;-2.90906,1.35844,-0.276883
0.19383,0.56636,0.0605737;-2.46311,1.3486,-0.724269
0.177727,0.563996,0.0498028;-1.75422,1.29657,-1.43216
0.190535,0.561499,0.0449759;-1.61775,1.11932,-1.55169
0.188651,0.561868,0.0469155;-1.64361,1.15813,-1.53516
0.186818,0.562193,0.0518276;-1.66508,1.26587,-1.53341
0.236284,0.577357,0.0658709;-2.93991,1.37272,-0.264091
0.24795,0.581886,0.0617234;-2.62813,1.33334,-0.548578
0.240122,0.585548,0.0520087;-2.20822,1.35573,-0.950169
0.229252,0.58774,0.0424551;-1.59572,1.40659,-1.54618
0.227335,0.588724,0.0427213;-1.6513,1.48443,-1.49607
0.2274,0.586897,0.0434429;-1.57918,1.53962,-1.57872
0.293812,0.581626,0.0643152;2.4483,1.30349,0.671119
0.3117,0.582347,0.0609052;2.64329,1.33494,0.493387
0.304646,0.587429,0.0511301;2.54626,1.43344,0.596895
0.294685,0.592235,0.0424051;1.59632,1.47708,1.54543
0.293746,0.59377,0.0424126;1.5684,1.41282,1.57
0.293527,0.592171,0.0429123;1.57924,1.3627,1.55081
0.353676,0.572577,0.0641654;2.03859,1.10974,1.10612
0.369995,0.568725,0.0615164;2.0732,1.16307,1.07579
0.362369,0.571556,0.0531312;1.94938,1.26604,1.18729
0.363653,0.568213,0.0444266;1.72941,1.48978,1.39164
0.369611,0.562249,0.0467233;2.11439,1.49288,1.00556
0.366459,0.564608,0.050279;1.86978,1.44256,1.22858
0.403259,0.558036,0.0649752;2.00898,1.13493,1.1114
0.418981,0.557159,0.0611371;2.09296,1.18236,1.05349
0.415198,0.559798,0.0584211;2.03929,1.21112,1.10381
0.40094,0.567016,0.0429166;1.62463,1.34099,1.51185
0.401323,0.567041,0.0425039;1.59245,1.31124,1.54985
0.400009,0.568421,0.042672;1.56945,1.25487,1.56112
0.403309,0.563385,0.0446871;1.57501,1.19603,1.54702
0.466526,0.534729,0.0622915;1.97443,1.01639,1.19548
0.470863,0.534436,0.0572966;1.9796,1.07942,1.20022
0.462151,0.543864,0.0461599;1.69799,1.1158,1.4511
0.458891,0.547051,0.0423313;1.57144,1.11178,1.57
0.45874,0.54832,0.0425668;1.57558,1.05727,1.56105
0.457693,0.547911,0.0430803;1.57454,1.00221,1.55335
0.505929,0.509822,0.0642069;1.85197,0.783078,1.3278
0.519747,0.499177,0.0617242;1.86821,0.846086,1.3168
0.515207,0.506731,0.0518385;1.74893,0.933655,1.4107
0.514201,0.510068,0.0427586;1.59474,1.03391,1.54863
0.513044,0.512945,0.0431048;1.59493,0.967176,1.53963
0.509563,0.517336,0.0450576;1.56383,0.889391,1.54362
0.544038,0.477907,0.0649133;1.79796,0.621906,1.38637
0.55836,0.466314,0.0621568;1.82322,0.689192,1.37534
0.554803,0.474983,0.0525059;1.72435,0.776076,1.44296
0.555554,0.476768,0.0430519;1.60138,0.927888,1.5413
0.555615,0.477088,0.0431514;1.60073,0.912812,1.53899
0.553444,0.481292,0.0436412;1.5711,0.859734,1.54834
0.580637,0.442909,0.0612998;1.77429,0.622785,1.41408
0.598915,0.424957,0.0622409;1.82719,0.646578,1.38361
0.594594,0.430165,0.057072;1.77766,0.736261,1.40991
0.59027,0.433388,0.0455278;1.59711,0.945435,1.52136
0.59385,0.421106,0.0451432;1.62584,1.01558,1.50504
0.594369,0.423812,0.0478326;1.63716,0.972979,1.48293
0.606691,0.413217,0.0610787;1.74965,0.700155,1.40306
0.627353,0.397753,0.0667714;1.80029,0.579658,1.37575
0.628891,0.391103,0.0647573;1.8095,0.659343,1.36694
0.612405,0.412794,0.0473522;1.57008,0.908677,1.51861
0.613781,0.408693,0.0482005;1.60718,0.989438,1.49358
0.614838,0.405168,0.0492326;1.62802,0.984102,1.47466
0.615829,0.396428,0.0605359;1.71943,0.741467,1.40438
0.631793,0.37823,0.0671467;1.78701,0.562893,1.38131
0.64054,0.370512,0.0673587;1.7993,0.545626,1.37927
0.629144,0.390777,0.0529222;1.67298,0.79431,1.45061
0.629407,0.398873,0.0476846;1.59312,0.910149,1.5072
0.632466,0.391061,0.0446629;1.6018,0.970018,1.52408
0.631432,0.397931,0.0533947;1.6423,0.819684,1.46518
0.643047,0.385605,0.0608337;1.74866,0.663051,1.4135
0.663963,0.370333,0.0650513;1.78725,0.531856,1.40423
0.664532,0.371094,0.0515809;1.70263,0.71648,1.46499
0.663027,0.374533,0.0445521;1.57705,0.804199,1.53941
0.666405,0.361381,0.0431322;1.59891,0.905471,1.54022
0.664906,0.367588,0.046632;1.58486,0.813808,1.52382
0.668406,0.357893,0.0569027;1.68527,0.655295,1.45484
0.681317,0.338657,0.0662023;1.78368,0.505699,1.40083
0.666735,0.340403,0.056051;1.71001,0.743654,1.43172
0.658375,0.35006,0.0481539;1.57161,0.87053,1.51198
0.659562,0.345228,0.0485211;1.60285,0.958108,1.49439
0.661421,0.342088,0.0524618;1.66095,0.88083,1.45005
0.665638,0.32921,0.0616548;1.7329,0.709587,1.39941
0.678718,0.313462,0.0678994;1.78977,0.543849,1.37762
0.668927,0.314477,0.0609853;1.76908,0.735705,1.38513
0.661583,0.325754,0.0500111;1.6125,0.885844,1.48281
0.661594,0.327006,0.0492478;1.60399,0.974456,1.48822
0.66351,0.323818,0.0512457;1.61972,0.940322,1.46878
0.670027,0.319791,0.0556545;1.68061,0.815246,1.43905
0.685607,0.302306,0.0633041;1.78344,0.652671,1.38745
0.686283,0.292995,0.0603581;1.79954,0.707579,1.38802
0.676541,0.304038,0.0507866;1.70048,0.827379,1.45447
0.674567,0.307169,0.0437587;1.58467,0.905553,1.5415
0.678338,0.2935,0.0450023;1.61413,0.982496,1.51412
0.675765,0.297367,0.0489489;1.62243,0.913031,1.48723
0.679294,0.286009,0.0588503;1.71216,0.751873,1.41798
0.692091,0.261674,0.0664355;1.8053,0.635409,1.36086
0.677858,0.264119,0.062241;1.77676,0.757565,1.36705
0.659163,0.274451,0.0547462;1.62799,0.896277,1.44383
0.649415,0.274275,0.0570219;1.65391,1.03877,1.3934
0.649929,0.270044,0.0564295;1.60291,0.982127,1.4417
0.65398,0.260586,0.0618706;1.69967,0.823782,1.39185
0.6752,0.241575,0.0704884;1.78439,0.531469,1.3743
0.670711,0.245418,0.0703642;1.80104,0.643079,1.35796
0.665183,0.249836,0.0594356;1.73759,0.807485,1.38689
0.667752,0.258259,0.0479372;1.61567,1.06231,1.48819
0.66819,0.257729,0.0472141;1.62567,1.03919,1.48861
0.666492,0.263508,0.0494007;1.63596,0.965627,1.47772
0.69113,0.235241,0.0634181;1.80561,0.717454,1.36707
0.692769,0.222877,0.059365;1.84612,0.819062,1.34977
0.684125,0.228815,0.0498834;1.74051,0.926457,1.42839
0.6805,0.232093,0.042848;1.59625,0.973529,1.54732
0.679351,0.235103,0.0431023;1.5929,0.912249,1.54216
0.676811,0.240327,0.045582;1.57828,0.841688,1.53338
0.676811,0.240327,0.045582;1.57828,0.841688,1.53338
0.682356,0.227431,0.0560364;1.68205,0.705281,1.45382
0.682356,0.227431,0.0560364;1.68205,0.705281,1.45382
