-0.125,0.125,0.06;-1.57,-2.98023e-08,-1.57
-0.125,0.125,0.06;-1.57,-2.98023e-08,-1.57
-0.125,0.125,0.06;-1.57,-2.98023e-08,-1.57
-0.126031,0.120686,0.0423293;-1.57128,-0.162971,-1.57047
-0.125715,0.119707,0.0427279;-1.56935,-0.104228,-1.58215
-0.121417,0.127262,0.0477117;-1.55399,-0.000665814,-1.60255
-0.118554,0.167091,0.0620286;-1.76716,0.0656688,-1.60072
-0.122292,0.152463,0.0427125;-1.56995,-0.0480886,-1.58351
-0.121655,0.152736,0.0423345;-1.57099,-0.0691723,-1.57092
-0.121658,0.152808,0.0423296;-1.57077,-0.0708577,-1.57079
-0.120425,0.154687,0.0429974;-1.56979,0.0591336,-1.58811
-0.113364,0.166484,0.0490215;-1.5573,0.152062,-1.61639
-0.106269,0.199411,0.0635658;-1.72651,0.264322,-1.59421
-0.106874,0.221133,0.0590349;-1.73703,0.195648,-1.57847
-0.111053,0.209517,0.0483353;-1.62887,0.104442,-1.58677
-0.111542,0.207748,0.0427946;-1.5801,0.0470993,-1.57589
-0.112536,0.206288,0.0427434;-1.57062,0.109221,-1.58389
-0.108311,0.211601,0.0454377;-1.56311,0.182141,-1.59588
-0.0997613,0.240766,0.0566232;-1.67639,0.285521,-1.58099
-0.0924501,0.276422,0.0651023;-1.78437,0.296465,-1.5657
-0.0957293,0.267165,0.0589989;-1.74563,0.208818,-1.56586
-0.102537,0.251914,0.0432262;-1.56364,0.124066,-1.5931
-0.102001,0.252956,0.0425249;-1.57425,0.101017,-1.57317
-0.101608,0.251501,0.0429022;-1.56954,0.170779,-1.58639
-0.093047,0.263465,0.0490818;-1.57055,0.277317,-1.60927
-0.0827246,0.29384,0.0601637;-1.73061,0.331526,-1.56503
-0.0775445,0.304992,0.0581094;-1.74147,0.261108,-1.5598
-0.077593,0.30478,0.0429246;-1.58521,0.125991,-1.57383
-0.0775514,0.304185,0.0423257;-1.57149,0.127306,-1.57014
-0.0794791,0.302586,0.0425556;-1.57076,0.201268,-1.57778
-0.0624386,0.326554,0.0536946;-1.63037,0.379149,-1.58826
-0.0511878,0.365306,0.0654653;-1.79698,0.44349,-1.5318
-0.0442113,0.378356,0.0631475;-1.78819,0.380087,-1.53579
-0.0518145,0.369272,0.0429208;-1.57778,0.19903,-1.58125
-0.0500612,0.370312,0.0422679;-1.56893,0.142631,-1.57091
-0.0506408,0.3705,0.0424799;-1.57565,0.18728,-1.56993
-0.0428859,0.376324,0.0476319;-1.55798,0.371003,-1.61057
-0.0293556,0.406727,0.06146;-1.73238,0.477311,-1.54967
-0.018695,0.436247,0.0648054;-1.80942,0.471371,-1.51561
-0.0248848,0.423847,0.0458803;-1.57473,0.287508,-1.60653
-0.0234638,0.429277,0.043009;-1.58679,0.200901,-1.5738
-0.022544,0.429702,0.0423301;-1.57079,0.170406,-1.57086
-0.0196216,0.427658,0.0438724;-1.56693,0.355947,-1.58967
-0.00504003,0.449474,0.0522819;-1.62211,0.453426,-1.58532
0.00966958,0.488061,0.065739;-1.81287,0.528475,-1.50647
0.016501,0.494106,0.0538118;-1.67513,0.367727,-1.57412
0.0106412,0.493588,0.0443451;-1.57616,0.246504,-1.59344
0.0133569,0.497329,0.0426817;-1.57896,0.177113,-1.57256
0.0112932,0.49295,0.0428664;-1.56967,0.360827,-1.58382
0.0228889,0.507716,0.0484805;-1.57544,0.437782,-1.59896
0.0401672,0.544961,0.0634466;-1.79878,0.550252,-1.50451
0.046518,0.55447,0.0533909;-1.66312,0.432204,-1.5756
0.038977,0.550359,0.0449916;-1.57275,0.319288,-1.60074
0.0425528,0.556635,0.0426818;-1.57931,0.204637,-1.57198
0.0415265,0.553808,0.0426613;-1.57064,0.328727,-1.58139
0.0507219,0.567497,0.0480036;-1.57166,0.411453,-1.59817
0.0655291,0.603203,0.0627849;-1.78566,0.523614,-1.51336
0.0740015,0.615525,0.0549378;-1.68099,0.423842,-1.57128
0.0656748,0.605241,0.0450722;-1.56803,0.292627,-1.60557
0.0709229,0.613693,0.0430772;-1.58496,0.196257,-1.57804
0.0688381,0.610662,0.0428515;-1.57135,0.248906,-1.58644
0.0748736,0.616789,0.0459569;-1.55892,0.332981,-1.60016
0.0876678,0.647261,0.0558076;-1.70248,0.417417,-1.54506
0.097653,0.672923,0.0600943;-1.76206,0.39877,-1.53745
0.0980759,0.663302,0.0541574;-1.67168,0.310823,-1.58237
0.097471,0.656576,0.0467713;-1.57354,0.182492,-1.61544
0.0979436,0.660874,0.0430234;-1.58185,0.128399,-1.5805
0.0977478,0.658898,0.043452;-1.57062,0.188371,-1.58963
0.106816,0.672921,0.0469322;-1.56889,0.282146,-1.59451
0.124618,0.737444,0.063289;-1.80392,0.37623,-1.52854
0.126495,0.736532,0.0604522;-1.7564,0.313102,-1.55313
0.129072,0.724197,0.0501077;-1.60738,0.205801,-1.61336
0.12979,0.731121,0.0430213;-1.58464,0.0233729,-1.57884
0.127677,0.72873,0.0428035;-1.57325,0.0937416,-1.58287
0.131598,0.727981,0.0434678;-1.56838,0.198139,-1.5846
0.148954,0.794837,0.065897;-1.80426,0.373652,-1.54149
0.158537,0.805299,0.0641953;-1.79744,0.303767,-1.54905
0.162593,0.793475,0.0559124;-1.69357,0.188817,-1.59088
0.158247,0.788428,0.0431005;-1.5868,-0.0344321,-1.58003
0.156064,0.785575,0.0430501;-1.58093,0.0202452,-1.58335
0.157294,0.78353,0.0436176;-1.56813,0.111255,-1.58818
0.168349,0.846185,0.0635095;-1.79293,0.302961,-1.55456
0.175698,0.853078,0.0620995;-1.78214,0.222997,-1.56558
0.179674,0.840558,0.0533053;-1.6733,0.12046,-1.59114
0.186275,0.8383,0.0445561;-1.58198,-0.0760405,-1.59478
0.185329,0.837958,0.0447781;-1.57746,-0.0467336,-1.59887
0.185312,0.836375,0.0453148;-1.56365,0.0349923,-1.60174
0.194272,0.884816,0.0622127;-1.79047,0.185588,-1.56833
0.198782,0.884498,0.0607441;-1.77439,0.109487,-1.58216
0.202867,0.879212,0.050165;-1.64917,0.0452319,-1.59063
0.206231,0.879312,0.0447968;-1.58127,-0.0816678,-1.59706
0.204615,0.875838,0.0448966;-1.5724,-0.0567442,-1.60193
0.202922,0.876712,0.0445762;-1.56801,-0.0473949,-1.59975
0.207383,0.897486,0.0565737;-1.70391,0.0610971,-1.58195
0.206922,0.896978,0.0606836;-1.71834,0.03649,-1.60504
0.207167,0.892873,0.0535077;-1.67627,0.0370847,-1.59957
0.214437,0.879539,0.0476503;-1.57691,-0.0772496,-1.62048
0.21719,0.875418,0.047131;-1.57967,-0.107819,-1.61557
0.215927,0.872332,0.0460755;-1.56878,-0.0649541,-1.61237
0.220268,0.880458,0.0462498;-1.56072,0.0378747,-1.60328
0.223899,0.897316,0.0609621;-1.73574,0.0621803,-1.59405
0.225419,0.894417,0.0602288;-1.71729,0.00713748,-1.61038
0.231199,0.875665,0.0487911;-1.56865,-0.0764323,-1.62374
0.238473,0.863111,0.0476633;-1.56985,-0.158633,-1.6242
0.231565,0.860683,0.049284;-1.5611,-0.113709,-1.63569
0.230588,0.86445,0.0458719;-1.55947,-0.0118967,-1.60858
0.239759,0.895965,0.0610506;-1.75222,0.0852057,-1.59147
0.242215,0.895106,0.0611197;-1.75257,0.0155313,-1.60824
0.247475,0.88041,0.0507096;-1.59902,-0.0628991,-1.61773
0.257467,0.864477,0.0472256;-1.57175,-0.180674,-1.62033
0.252523,0.862236,0.0481391;-1.56385,-0.141087,-1.62653
0.247316,0.86347,0.0506951;-1.54128,-0.0851005,-1.63574
0.254803,0.89643,0.0607307;-1.75893,0.0800531,-1.58896
0.256134,0.89535,0.0593275;-1.75081,0.0324472,-1.60028
0.259745,0.885202,0.0502749;-1.61263,-0.0359965,-1.60946
0.267078,0.873378,0.0457965;-1.57099,-0.129565,-1.60871
0.266656,0.871891,0.048319;-1.5817,-0.120605,-1.6254
0.263267,0.870792,0.0483788;-1.56068,-0.0751415,-1.62721
0.268659,0.895434,0.0595238;-1.70465,0.0785856,-1.60034
0.270102,0.898106,0.0613729;-1.72879,0.0560191,-1.60348
0.271555,0.893601,0.0571718;-1.67982,0.0149084,-1.61556
0.273596,0.884038,0.0443482;-1.58375,-0.0374992,-1.59267
0.274514,0.88296,0.0445554;-1.579,-0.0494574,-1.59678
0.272879,0.880375,0.0469755;-1.57693,-0.0330423,-1.6174
0.26911,0.888462,0.0558072;-1.63975,0.0973498,-1.60617
0.269399,0.892673,0.0611116;-1.69684,0.106075,-1.59905
0.271585,0.895364,0.0620624;-1.71627,0.078106,-1.59654
0.272459,0.883463,0.0436379;-1.57343,-0.00310115,-1.59051
0.274452,0.884912,0.0430115;-1.57965,-0.0337351,-1.58404
0.274258,0.88335,0.0456453;-1.5891,-0.0336829,-1.60051
0.270714,0.887474,0.0503126;-1.60105,0.099855,-1.60701
0.2691,0.888938,0.0561726;-1.66387,0.132915,-1.5962
0.271383,0.893177,0.0609505;-1.72664,0.104243,-1.59334
0.275072,0.883074,0.044395;-1.56604,-0.00491207,-1.60013
0.275851,0.884385,0.0443587;-1.58508,-0.0407252,-1.59238
0.276428,0.88253,0.0440992;-1.58052,-0.049929,-1.59324
0.274155,0.879762,0.0497941;-1.56216,0.101336,-1.62934
0.270846,0.884272,0.0557954;-1.64205,0.176635,-1.60477
0.270497,0.88445,0.0612334;-1.71557,0.180512,-1.58815
0.27857,0.883423,0.0495524;-1.66335,0.0537903,-1.57628
0.277739,0.878799,0.0431768;-1.57518,0.0233922,-1.58571
0.281387,0.880981,0.0429305;-1.58122,-0.0357219,-1.58175
0.277709,0.870914,0.0505057;-1.55811,0.100813,-1.63884
0.273339,0.876287,0.0575802;-1.65578,0.193986,-1.60961
0.268895,0.876931,0.0630216;-1.71724,0.258266,-1.5921
0.276634,0.875855,0.0487756;-1.65067,0.153889,-1.57096
0.276025,0.868196,0.0427174;-1.57288,0.133859,-1.5823
0.280218,0.868522,0.0425783;-1.57119,0.0570439,-1.57923
0.276166,0.858006,0.0488204;-1.58364,0.126207,-1.62383
0.27157,0.863212,0.0579284;-1.63631,0.223241,-1.60827
0.267532,0.87262,0.0644049;-1.72846,0.298303,-1.57584
0.273417,0.87156,0.0527826;-1.69015,0.211702,-1.56684
0.272825,0.861011,0.0427834;-1.56991,0.183976,-1.58606
0.274997,0.861348,0.0428567;-1.58025,0.141988,-1.57879
0.276023,0.85598,0.0470829;-1.57604,0.122501,-1.61774
0.270855,0.853599,0.0528053;-1.62184,0.213769,-1.61542
0.267637,0.866874,0.0633321;-1.69933,0.307226,-1.58085
0.269842,0.872125,0.0595832;-1.72034,0.294036,-1.56022
0.270721,0.865786,0.0472382;-1.63083,0.254555,-1.5717
0.270766,0.860152,0.0426732;-1.57279,0.228056,-1.57949
0.277777,0.855548,0.0445258;-1.58819,0.133271,-1.58987
0.272697,0.846608,0.0483966;-1.59282,0.221098,-1.61385
0.270394,0.851537,0.0570023;-1.6439,0.33326,-1.60367
0.264186,0.862434,0.0620424;-1.76901,0.418159,-1.54718
0.27099,0.861155,0.0533726;-1.70588,0.347884,-1.54982
0.271243,0.851164,0.0427429;-1.57007,0.312105,-1.58399
0.28037,0.849491,0.0429979;-1.57845,0.185866,-1.58331
0.276614,0.842552,0.0453459;-1.58566,0.234209,-1.59738
0.2708,0.836028,0.0523966;-1.62045,0.338172,-1.61077
0.262814,0.85694,0.0640524;-1.79251,0.500911,-1.52937
0.268963,0.857839,0.0586933;-1.76106,0.43554,-1.52755
0.272007,0.849495,0.0459057;-1.62171,0.381954,-1.56368
0.278063,0.84277,0.0426347;-1.57121,0.281255,-1.58031
0.277556,0.836878,0.0448695;-1.58273,0.294002,-1.59487
0.269518,0.827767,0.0487682;-1.59037,0.367983,-1.61511
0.260141,0.850294,0.0644518;-1.79704,0.561759,-1.52189
0.26485,0.850202,0.0606938;-1.77393,0.51556,-1.51979
0.269761,0.84403,0.047686;-1.64305,0.452809,-1.5541
0.273664,0.837824,0.0424229;-1.57075,0.380705,-1.5736
0.274194,0.833644,0.043379;-1.57784,0.383861,-1.58525
0.268489,0.823976,0.0471546;-1.58656,0.420034,-1.60718
0.268489,0.823976,0.0471546;-1.58656,0.420034,-1.60718
0.264521,0.820907,0.0584018;-1.68555,0.503568,-1.57898
0.264521,0.820907,0.0584018;-1.68555,0.503568,-1.57898
