-0.125,0.125,0.06;-1.57,-2.98023e-08,-1.57
-0.125,0.125,0.06;-1.57,-2.98023e-08,-1.57
-0.125,0.125,0.06;-1.57,-2.98023e-08,-1.57
-0.125782,0.122367,0.0423234;-1.57085,-0.154768,-1.57068
-0.125477,0.121654,0.0425394;-1.57064,-0.099821,-1.57752
-0.122242,0.131244,0.045042;-1.55957,-0.0270974,-1.58374
-0.122416,0.178297,0.0605328;-1.78332,-0.0194658,-1.59981
-0.125074,0.163988,0.042491;-1.5623,-0.0348677,-1.58381
-0.124791,0.164084,0.0425288;-1.57706,-0.0437199,-1.57141
-0.124658,0.163909,0.0423304;-1.57091,-0.0483606,-1.57084
-0.125015,0.164882,0.0428792;-1.57068,0.0597116,-1.58677
-0.118437,0.181558,0.0475231;-1.58611,0.133437,-1.59593
-0.110749,0.217979,0.060158;-1.76065,0.227867,-1.56615
-0.109972,0.230233,0.0579643;-1.7585,0.200376,-1.55458
-0.115547,0.219055,0.0481912;-1.64096,0.174529,-1.57231
-0.1186,0.214334,0.0426135;-1.57755,0.18286,-1.57305
-0.119632,0.213731,0.0428931;-1.57253,0.237315,-1.58668
-0.113115,0.221725,0.0460634;-1.56421,0.309269,-1.60107
-0.0996128,0.254147,0.0571274;-1.71678,0.403324,-1.54629
-0.0908359,0.280872,0.0621739;-1.81584,0.383291,-1.50786
-0.0938323,0.277248,0.0578679;-1.76967,0.342569,-1.52175
-0.102875,0.266366,0.0442635;-1.593,0.369641,-1.57651
-0.103608,0.265107,0.0428017;-1.57854,0.374101,-1.57572
-0.103474,0.263879,0.0431327;-1.56961,0.424056,-1.58819
-0.0914846,0.276469,0.048175;-1.58133,0.502644,-1.59679
-0.0739464,0.30703,0.0583294;-1.77627,0.527187,-1.49464
-0.0679333,0.315082,0.0566892;-1.78274,0.464543,-1.48273
-0.076134,0.304919,0.0425841;-1.57959,0.485794,-1.56712
-0.0759105,0.304963,0.0425157;-1.57577,0.490407,-1.57014
-0.0773485,0.304435,0.0427461;-1.57182,0.544506,-1.58242
-0.0517381,0.325409,0.053484;-1.67731,0.704392,-1.53159
-0.0279499,0.356675,0.063435;-1.88255,0.732961,-1.39766
-0.0224658,0.365768,0.0605501;-1.86107,0.685918,-1.40317
-0.0365075,0.355698,0.0425179;-1.57026,0.729633,-1.57737
-0.0357204,0.355865,0.0423301;-1.57107,0.708277,-1.57083
-0.0359027,0.356632,0.0428842;-1.59142,0.742418,-1.55969
-0.0244056,0.360868,0.0471999;-1.57423,0.890667,-1.59712
0.00626581,0.384418,0.0586276;-1.86165,0.959405,-1.36368
0.0239402,0.399762,0.0624447;-1.96785,0.928335,-1.27545
0.0097907,0.394509,0.0451515;-1.60114,0.915339,-1.56873
0.00977897,0.39422,0.0431537;-1.6016,0.904408,-1.55412
0.0103415,0.394442,0.0430729;-1.59303,0.895219,-1.56333
0.00852016,0.391848,0.0473367;-1.55142,1.0501,-1.6313
0.0313163,0.397184,0.0574927;-1.82433,1.17022,-1.3858
0.0620009,0.415216,0.06531;-2.17751,1.20095,-1.05415
0.0653693,0.422058,0.0530378;-1.80669,1.11797,-1.38899
0.064512,0.422874,0.0453317;-1.585,1.04934,-1.5901
0.0767307,0.422325,0.0432022;-1.59588,0.959921,-1.56122
0.069692,0.42319,0.0483553;-1.57254,1.1155,-1.62048
0.0841622,0.424215,0.0576897;-1.8546,1.24869,-1.35807
0.110252,0.436917,0.0661301;-2.44772,1.32176,-0.779436
0.114827,0.443895,0.0551293;-1.94246,1.24382,-1.25556
0.109119,0.444541,0.0462006;-1.57319,1.17823,-1.61027
0.119732,0.443192,0.044959;-1.59114,1.07882,-1.5796
0.121083,0.444353,0.0498223;-1.63263,1.1835,-1.56332
0.132613,0.445392,0.0578846;-1.96088,1.31138,-1.24777
0.155872,0.455353,0.0657998;-2.69796,1.36721,-0.521784
0.161603,0.463123,0.0560204;-2.12203,1.31282,-1.07039
0.152289,0.464538,0.0457405;-1.56382,1.23543,-1.61738
0.16291,0.464076,0.0448007;-1.60798,1.14524,-1.55978
0.16533,0.463777,0.0471381;-1.61854,1.18135,-1.56421
0.172744,0.463376,0.0519597;-1.71392,1.28502,-1.47798
0.200906,0.471252,0.0618994;-2.36097,1.34479,-0.845751
0.220488,0.477585,0.0602073;-2.31465,1.27748,-0.879876
0.212649,0.476881,0.0521843;-1.9628,1.26677,-1.21209
0.207848,0.476567,0.0429695;-1.59375,1.26707,-1.5621
0.207269,0.476603,0.0430907;-1.61182,1.27549,-1.54386
0.204308,0.476604,0.0439508;-1.56786,1.34187,-1.59742
0.222353,0.473993,0.0497741;-1.82109,1.44215,-1.35152
0.279642,0.48476,0.0623253;-2.88019,1.33815,-0.300531
0.278661,0.485138,0.0580466;-2.57551,1.33946,-0.593749
0.26994,0.486025,0.047308;-2.06127,1.4208,-1.09137
0.265261,0.487069,0.0424968;-1.60211,1.45087,-1.54127
0.263565,0.488061,0.0428093;-1.6715,1.51586,-1.47987
0.267325,0.48422,0.0446076;1.44806,1.54689,1.67078
0.339322,0.477429,0.0634701;2.41264,1.27389,0.707084
0.3539,0.477175,0.0609348;2.59305,1.30789,0.543385
0.348884,0.478899,0.0521638;2.41343,1.39593,0.728856
0.340171,0.482868,0.0424504;1.60075,1.44395,1.54092
0.339178,0.484677,0.0427291;1.61006,1.3728,1.52681
0.340074,0.482167,0.0435381;1.57237,1.30947,1.55153
0.400212,0.4579,0.0626993;2.04099,1.08516,1.10562
0.417794,0.453556,0.0604093;2.1079,1.13278,1.05673
0.412688,0.455998,0.0511495;1.89067,1.18969,1.26593
0.405077,0.460964,0.0423301;1.57087,1.19982,1.57054
0.404702,0.462749,0.0425039;1.57498,1.132,1.56323
0.40546,0.46001,0.0431301;1.57163,1.07472,1.55672
0.457159,0.423862,0.0621664;1.90371,0.868861,1.27386
0.471418,0.415987,0.0601777;1.93012,0.922719,1.26078
0.466554,0.419657,0.0512276;1.78118,0.970018,1.38903
0.460252,0.427843,0.0424742;1.57812,0.962091,1.56392
0.460251,0.429518,0.0427904;1.58266,0.891809,1.55403
0.460346,0.427724,0.042866;1.57327,0.854391,1.5538
0.49405,0.386068,0.0594511;1.79884,0.659304,1.39646
0.509155,0.369515,0.0588487;1.85463,0.71426,1.37089
0.507118,0.373466,0.0564005;1.80863,0.709163,1.4024
0.501089,0.386378,0.0426927;1.58049,0.73426,1.55996
0.50162,0.386254,0.0425707;1.58034,0.715599,1.564
0.501533,0.388761,0.0426753;1.56807,0.652148,1.55966
0.502678,0.37959,0.0448179;1.57566,0.589122,1.54663
0.53585,0.325021,0.0618586;1.81415,0.451195,1.43074
0.539753,0.321231,0.0577702;1.79894,0.517336,1.44538
0.536981,0.329364,0.0476108;1.65781,0.530843,1.52123
0.53559,0.334516,0.0423295;1.57087,0.532243,1.57085
0.536474,0.335804,0.0429057;1.58441,0.475319,1.55824
0.536162,0.336024,0.0435953;1.5721,0.404421,1.55141
0.554652,0.276271,0.0608469;1.77531,0.215572,1.49084
0.56136,0.260504,0.0584639;1.78348,0.27331,1.5002
0.560592,0.266383,0.049128;1.66516,0.306006,1.53467
0.559745,0.268116,0.0428311;1.58567,0.372128,1.56136
0.56007,0.270139,0.0431305;1.58925,0.329852,1.55499
0.561436,0.275638,0.0451114;1.56866,0.244705,1.5393
0.566224,0.226586,0.0630039;1.74777,-0.00159732,1.517
0.570773,0.205107,0.0612318;1.77037,0.0721426,1.52377
0.571216,0.208886,0.052756;1.67834,0.146595,1.529
0.567484,0.196929,0.0431204;1.5871,0.334905,1.5555
0.565495,0.191603,0.0449908;1.60079,0.34979,1.5424
0.56688,0.194333,0.0483758;1.60878,0.273102,1.52477
0.571436,0.160023,0.0637915;1.74284,-0.0160324,1.51356
0.574641,0.143269,0.0642005;1.77347,0.00368468,1.51996
0.573312,0.14952,0.0588395;1.73846,0.101475,1.51958
0.57332,0.159718,0.0461507;1.58706,0.302281,1.53293
0.569084,0.149508,0.0441711;1.59259,0.369954,1.5462
0.569424,0.150041,0.0474999;1.63054,0.330744,1.53265
0.572458,0.133074,0.0602115;1.70608,0.0790465,1.50826
0.580917,0.10908,0.0649418;1.75639,-0.0223094,1.51402
0.583046,0.098997,0.0624455;1.76516,0.0511856,1.51977
0.584591,0.112183,0.0448621;1.57246,0.23155,1.53924
0.581014,0.100233,0.0432282;1.58644,0.325221,1.55447
0.579386,0.0951299,0.0445147;1.60919,0.343275,1.55064
0.579843,0.0933522,0.0521757;1.62125,0.145609,1.52231
0.582677,0.064542,0.0606708;1.72691,0.0227413,1.52067
0.588201,0.0397754,0.0617707;1.77613,0.0236904,1.52872
0.58705,0.0453677,0.0468306;1.61824,0.140026,1.54643
0.586326,0.0453084,0.0431611;1.59129,0.168986,1.56073
0.586371,0.0454548,0.0429117;1.58165,0.171477,1.56109
0.587409,0.0485132,0.0445159;1.56946,0.0225745,1.54554
0.58181,0.0211821,0.0511706;1.64401,-0.06536,1.55475
0.58235,-0.0201598,0.0617991;1.78509,-0.141815,1.56574
0.584584,-0.0290043,0.0497622;1.67166,-0.0631271,1.57119
0.586999,-0.0225332,0.0425748;1.57213,-0.0767674,1.56407
0.586951,-0.022441,0.0423418;1.57088,-0.070968,1.57029
0.5881,-0.0215371,0.04302;1.57344,-0.207006,1.55688
0.578188,-0.0409243,0.0487467;1.62743,-0.280233,1.56936
0.568023,-0.0772101,0.0603587;1.78179,-0.3751,1.6157
0.564811,-0.0896413,0.0493889;1.67168,-0.303856,1.59558
0.568344,-0.0835431,0.042496;1.5697,-0.315394,1.5641
0.568448,-0.0835256,0.0423298;1.57083,-0.312384,1.57078
0.569712,-0.0832338,0.0427205;1.57152,-0.436258,1.55926
0.556556,-0.0981983,0.0473511;1.62097,-0.505423,1.58095
0.538137,-0.129594,0.059197;1.796,-0.599481,1.66909
0.528564,-0.143118,0.0536134;1.74103,-0.517818,1.64788
0.536342,-0.135769,0.042402;1.56014,-0.536894,1.55425
0.536844,-0.135784,0.0426492;1.58122,-0.54627,1.57481
0.539398,-0.134561,0.0427458;1.57377,-0.633244,1.5619
0.531963,-0.138501,0.0445429;1.58462,-0.684528,1.56195
0.50875,-0.158959,0.0544441;1.74714,-0.777785,1.67333
0.483186,-0.191714,0.0583763;1.84838,-0.752185,1.74917
0.489125,-0.186655,0.0486857;1.69242,-0.756041,1.64872
0.495496,-0.18369,0.0426112;1.57682,-0.77897,1.56963
0.497092,-0.18414,0.0427653;1.58805,-0.842904,1.58118
0.4974,-0.184337,0.0428915;1.5775,-0.890545,1.56253
0.481552,-0.190041,0.0474438;1.64345,-0.958813,1.61431
0.433342,-0.22167,0.0600538;1.9775,-0.992584,1.89917
0.436302,-0.219962,0.0545311;1.85105,-0.96526,1.79456
0.445599,-0.216677,0.0431377;1.60884,-0.989843,1.59736
0.447938,-0.216777,0.0424329;1.57652,-1.02631,1.57504
0.450005,-0.217582,0.0426994;1.57997,-1.09348,1.5715
0.44436,-0.217729,0.0437931;1.587,-1.14758,1.56976
0.38456,-0.241644,0.0614915;2.2706,-1.23717,2.21016
0.375861,-0.246374,0.0578293;2.14575,-1.19781,2.10345
0.382963,-0.244699,0.0486905;1.8322,-1.22366,1.81182
0.389105,-0.244798,0.042332;1.57132,-1.24726,1.57106
0.390372,-0.246382,0.0429435;1.63376,-1.32013,1.62763
0.390859,-0.24643,0.0432087;1.58771,-1.38387,1.57166
0.330608,-0.248335,0.0603045;3.07427,-1.37594,3.03879
0.312372,-0.25235,0.0582725;2.82041,-1.35522,2.80243
0.317153,-0.252519,0.0502248;2.43632,-1.43161,2.42506
0.319725,-0.252137,0.0429771;1.68369,-1.42856,1.67765
0.322041,-0.253538,0.0432974;1.77666,-1.46909,1.76697
0.327385,-0.257389,0.0460287;2.54003,-1.54946,2.51223
0.327385,-0.257389,0.0460287;2.54003,-1.54946,2.51223
0.314131,-0.252701,0.0540273;-2.18224,-1.43841,-2.21649
0.314131,-0.252701,0.0540273;-2.18224,-1.43841,-2.21649
