0.5,-0.3,0.06;-1.57,-2.98023e-08,-1.57
0.5,-0.3,0.06;-1.57,-2.98023e-08,-1.57
0.5,-0.3,0.06;-1.57,-2.98023e-08,-1.57
0.501154,-0.296462,0.028667;-1.57098,-0.284528,-1.5753
0.500282,-0.297817,0.0286671;-1.57078,-0.192863,-1.57486
0.499487,-0.299311,0.02882;-1.57699,-0.0893118,-1.5766
0.49859,-0.297474,0.0289483;-1.57972,-0.00205791,-1.57942
0.499519,-0.293351,0.0286827;-1.57136,-0.20734,-1.57617
0.499988,-0.290809,0.0286663;-1.57101,-0.324411,-1.57522
0.500949,-0.287864,0.02863;-1.57091,-0.427359,-1.57354
0.499945,-0.290928,0.028671;-1.57074,-0.246999,-1.575
0.500138,-0.292516,0.0287102;-1.57332,-0.134514,-1.5748
0.498209,-0.288378,0.0293257;-1.57583,-0.0295417,-1.57699
0.497453,-0.28579,0.0287063;-1.57106,-0.0991774,-1.57286
0.496307,-0.285609,0.0285663;-1.57114,-0.232019,-1.5707
0.494605,-0.285454,0.0285778;-1.57084,-0.359934,-1.57074
0.494742,-0.285361,0.0285924;-1.57065,-0.315657,-1.57137
0.495837,-0.286495,0.0286382;-1.57075,-0.216604,-1.57356
0.495358,-0.284279,0.0292559;-1.56978,-0.127245,-1.57183
0.494631,-0.282397,0.0291085;-1.56834,-0.106894,-1.5704
0.494059,-0.283855,0.0285946;-1.57008,-0.210331,-1.57052
0.492351,-0.285766,0.0285766;-1.57073,-0.345749,-1.57067
0.491275,-0.286461,0.02858;-1.57079,-0.429344,-1.5708
0.492287,-0.2862,0.0285806;-1.57077,-0.349524,-1.57097
0.493186,-0.285608,0.0286563;-1.56689,-0.26422,-1.56957
0.492879,-0.283767,0.0288695;-1.56754,-0.221961,-1.56751
0.492604,-0.284948,0.0286087;-1.57132,-0.288581,-1.56901
0.490463,-0.288959,0.0285813;-1.57091,-0.489421,-1.57067
0.49045,-0.288921,0.0285896;-1.57028,-0.490272,-1.5706
0.491451,-0.288197,0.0285675;-1.57175,-0.409262,-1.57152
0.492141,-0.285194,0.0289966;-1.56884,-0.269163,-1.56892
0.488999,-0.28117,0.0293848;-1.57051,-0.195837,-1.56958
0.490006,-0.281962,0.0289068;-1.56833,-0.235348,-1.56906
0.488486,-0.286256,0.0285794;-1.57074,-0.433137,-1.57059
0.487951,-0.28704,0.0285784;-1.57111,-0.489438,-1.57078
0.488333,-0.286492,0.0286183;-1.56878,-0.432345,-1.57001
0.489998,-0.284762,0.0286288;-1.56868,-0.288057,-1.56949
0.487979,-0.28169,0.029282;-1.56825,-0.209101,-1.57076
0.486792,-0.280876,0.0291848;-1.56871,-0.189728,-1.57017
0.485387,-0.282627,0.0286081;-1.56869,-0.400266,-1.57007
0.484109,-0.282714,0.0285793;-1.57071,-0.491507,-1.57067
0.483966,-0.282318,0.0285802;-1.5708,-0.520635,-1.57079
0.484812,-0.284147,0.028691;-1.57066,-0.349891,-1.57625
0.48421,-0.283555,0.0289413;-1.57136,-0.2291,-1.57508
0.480802,-0.27934,0.0296293;-1.57852,-0.121998,-1.57831
0.48288,-0.27629,0.0286687;-1.57074,-0.329951,-1.57501
0.481159,-0.275215,0.0286577;-1.57065,-0.457047,-1.57438
0.480665,-0.274896,0.0286508;-1.57082,-0.540191,-1.57424
0.474918,-0.274827,0.0287188;-1.5729,-0.445155,-1.5763
0.465541,-0.269757,0.0293861;-1.58213,-0.325655,-1.57904
0.45646,-0.263154,0.0310882;-1.61259,-0.166846,-1.59091
0.462748,-0.264882,0.0291062;-1.56602,-0.366262,-1.57604
0.466044,-0.270174,0.0292137;-1.56156,-0.465247,-1.5741
0.469,-0.273723,0.0293144;-1.55972,-0.553776,-1.57222
0.467442,-0.268903,0.029508;-1.55944,-0.440155,-1.57249
0.462162,-0.259171,0.0306263;-1.60862,-0.303667,-1.5858
0.455087,-0.254579,0.0352279;-1.68863,-0.182881,-1.61218
0.462342,-0.261454,0.0298763;-1.58877,-0.305713,-1.58298
0.465665,-0.266592,0.0296528;-1.56279,-0.418485,-1.57297
0.468798,-0.270305,0.0295788;-1.56681,-0.532705,-1.57223
0.467416,-0.265823,0.029682;-1.56738,-0.499379,-1.57198
0.46148,-0.259539,0.0310782;-1.61845,-0.379007,-1.58259
0.452628,-0.251812,0.0347242;-1.68971,-0.224407,-1.60952
0.453097,-0.253495,0.0333678;-1.66682,-0.242678,-1.60188
0.458325,-0.259501,0.0308501;-1.62212,-0.374667,-1.58917
0.462535,-0.265572,0.0297628;-1.56624,-0.491261,-1.57068
0.463042,-0.266578,0.0297299;-1.56375,-0.542116,-1.5675
0.459895,-0.26404,0.030037;-1.58684,-0.463284,-1.57053
0.452508,-0.25716,0.0315948;-1.62481,-0.319682,-1.58084
0.444982,-0.25299,0.0355843;-1.7068,-0.177714,-1.60711
0.450263,-0.256163,0.0330877;-1.66105,-0.293966,-1.59879
0.45719,-0.264229,0.0295404;-1.5856,-0.422163,-1.57232
0.462514,-0.270827,0.0293637;-1.56637,-0.587367,-1.56326
0.460727,-0.269752,0.0293249;-1.57832,-0.530892,-1.56717
0.457318,-0.264616,0.029736;-1.59027,-0.411387,-1.56633
0.442569,-0.252854,0.033113;-1.64999,-0.119688,-1.58856
0.447141,-0.253848,0.03339;-1.66058,-0.228802,-1.59207
0.454076,-0.261465,0.0290457;-1.5799,-0.344247,-1.56773
0.460241,-0.267417,0.0287476;-1.57229,-0.541124,-1.56458
0.459987,-0.267029,0.0289;-1.55713,-0.494676,-1.56038
0.458373,-0.263668,0.0289169;-1.57541,-0.414736,-1.56205
0.443659,-0.248529,0.0303839;-1.58532,-0.122063,-1.56743
0.447187,-0.250354,0.0296507;-1.57999,-0.203017,-1.5649
0.452453,-0.255616,0.0288078;-1.57514,-0.303611,-1.56523
0.455482,-0.265411,0.0287607;-1.56525,-0.518448,-1.56415
0.455758,-0.264246,0.0287601;-1.56511,-0.457036,-1.56478
0.455647,-0.261037,0.0286735;-1.57077,-0.363325,-1.56652
0.447201,-0.247734,0.0295527;-1.57375,-0.0983098,-1.56561
0.44977,-0.248291,0.0290026;-1.56939,-0.158756,-1.56726
0.451388,-0.251212,0.0287661;-1.56282,-0.23425,-1.56777
0.451913,-0.254666,0.0291516;-1.54613,-0.298472,-1.56722
0.452995,-0.253858,0.0285757;-1.57095,-0.206001,-1.57054
0.454168,-0.25344,0.0285794;-1.57074,-0.126223,-1.57076
0.453319,-0.248535,0.0292381;-1.57391,0.0605494,-1.57165
0.453982,-0.247962,0.0289142;-1.5699,0.0312498,-1.57073
0.454028,-0.248764,0.0286987;-1.56693,0.0213257,-1.56881
0.449975,-0.252328,0.0285795;-1.5707,-0.245525,-1.57078
0.449601,-0.252512,0.0286317;-1.5708,-0.265742,-1.57327
0.449994,-0.253592,0.0285922;-1.57092,-0.185092,-1.57129
0.450303,-0.25471,0.0286182;-1.57081,-0.0918394,-1.57262
0.448543,-0.250675,0.0292786;-1.57201,0.0706077,-1.57346
0.448832,-0.250831,0.0287298;-1.56742,0.0138352,-1.56986
0.446958,-0.2511,0.0285783;-1.57046,-0.108252,-1.57043
0.445685,-0.250513,0.0287381;-1.56864,-0.243861,-1.57584
0.44541,-0.251591,0.0286478;-1.57077,-0.169191,-1.57396
0.446336,-0.253441,0.0287007;-1.57077,-0.0677214,-1.57652
0.444415,-0.250978,0.0296275;-1.57626,0.159706,-1.57566
0.444032,-0.251022,0.0289633;-1.57451,0.10778,-1.57317
0.443074,-0.249871,0.0286469;-1.57043,0.00275699,-1.57379
0.441871,-0.247704,0.0288134;-1.56916,-0.205635,-1.58005
0.442026,-0.248494,0.0286997;-1.57072,-0.170139,-1.57644
0.442258,-0.249655,0.0287516;-1.57071,-0.0967931,-1.57896
0.440004,-0.247955,0.0296725;-1.58312,0.12074,-1.58064
0.439725,-0.248528,0.0290869;-1.57695,0.0919549,-1.57666
0.439382,-0.247831,0.0287356;-1.56948,0.00632195,-1.57697
0.438775,-0.246287,0.0289879;-1.57329,-0.175666,-1.58295
0.439107,-0.24644,0.0290214;-1.57425,-0.177684,-1.58234
0.43876,-0.247623,0.0288746;-1.57162,-0.12989,-1.58388
0.435364,-0.249127,0.0303967;-1.58095,0.120414,-1.5952
0.434825,-0.248625,0.0309516;-1.5829,0.127155,-1.59933
0.436548,-0.247552,0.0301193;-1.57435,0.0502043,-1.59651
0.437804,-0.243889,0.0291471;-1.58126,-0.0946381,-1.58569
0.438853,-0.242123,0.0296865;-1.59036,-0.11987,-1.58908
0.439391,-0.242048,0.0295507;-1.5849,-0.119723,-1.58933
0.434828,-0.24837,0.0324111;-1.59406,0.0686122,-1.61265
0.433051,-0.250023,0.0338719;-1.60174,0.15374,-1.62163
0.43491,-0.247581,0.0337712;-1.60652,0.114357,-1.62217
0.438517,-0.244018,0.0313753;-1.57321,-0.0310745,-1.6163
0.44159,-0.240183,0.0320205;-1.59783,-0.096573,-1.61536
0.442203,-0.240101,0.0317744;-1.59344,-0.0962157,-1.6169
0.437942,-0.244817,0.0329791;-1.5895,0.0525162,-1.62424
0.434908,-0.249624,0.0353461;-1.59349,0.150842,-1.6276
0.433975,-0.252564,0.0367697;-1.59687,0.189714,-1.62788
0.437661,-0.246712,0.0337248;-1.59841,0.0279461,-1.62673
0.440845,-0.242926,0.032196;-1.59343,-0.0979985,-1.61696
0.442194,-0.243218,0.0326283;-1.60388,-0.135258,-1.62032
0.439481,-0.243398,0.0352346;-1.67301,-0.00706342,-1.59856
0.437158,-0.24543,0.0370958;-1.66369,0.0953317,-1.60693
0.433727,-0.25227,0.0395067;-1.64355,0.190826,-1.61367
0.437639,-0.245337,0.0378652;-1.71043,0.0577406,-1.59857
0.440425,-0.243973,0.0349516;-1.69563,-0.0635815,-1.58783
0.443007,-0.24427,0.0332352;-1.67161,-0.160664,-1.59388
0.441563,-0.239096,0.035543;-1.71409,-0.0563535,-1.58144
0.438526,-0.241424,0.0380157;-1.72575,0.0469599,-1.58604
0.434344,-0.249395,0.0404943;-1.69776,0.156413,-1.59283
0.436597,-0.243767,0.0389529;-1.75877,0.0560253,-1.57923
0.439009,-0.246299,0.0379279;-1.75856,-0.0487568,-1.58371
0.440728,-0.256651,0.0354624;-1.7115,-0.180894,-1.59666
0.439781,-0.248401,0.0348633;-1.6964,-0.0901514,-1.57937
0.436369,-0.23998,0.0381964;-1.76761,0.028447,-1.56942
0.43204,-0.247208,0.0396035;-1.75504,0.130975,-1.57033
0.433009,-0.244723,0.0390031;-1.77433,0.0743591,-1.56567
0.436286,-0.250581,0.0387542;-1.76946,-0.0261289,-1.57189
0.439111,-0.262185,0.0369827;-1.70869,-0.153519,-1.57402
0.43916,-0.261294,0.033927;-1.65506,-0.158508,-1.56585
0.437372,-0.247744,0.0367088;-1.71898,-0.0243174,-1.56169
0.432879,-0.243893,0.0382611;-1.75904,0.0802838,-1.55576
0.430259,-0.246435,0.0389392;-1.78119,0.112623,-1.55207
0.433021,-0.250714,0.0386914;-1.77078,0.0321818,-1.56303
0.438147,-0.261536,0.0376174;-1.71509,-0.0886303,-1.56124
0.441141,-0.267882,0.0324956;-1.61935,-0.219059,-1.55583
0.438881,-0.257684,0.0347539;-1.65721,-0.0963428,-1.54896
0.434115,-0.247812,0.0360908;-1.71367,0.027608,-1.55381
0.429255,-0.248534,0.0385633;-1.76031,0.141978,-1.54562
0.431511,-0.248637,0.038081;-1.76467,0.0855737,-1.55791
0.43604,-0.258151,0.0371622;-1.73478,-0.0231795,-1.56922
0.442235,-0.272962,0.0301426;-1.60278,-0.233083,-1.56975
0.440938,-0.26729,0.0318827;-1.61618,-0.155097,-1.55525
0.436354,-0.25779,0.034131;-1.66721,-0.0265224,-1.55654
0.428854,-0.249889,0.038156;-1.7578,0.165916,-1.55142
0.430242,-0.248561,0.0378294;-1.75108,0.128218,-1.55801
0.432248,-0.249446,0.0362467;-1.72669,0.0670533,-1.56352
0.441221,-0.261056,0.0320912;-1.64675,-0.153445,-1.58112
0.441299,-0.259883,0.0301309;-1.60574,-0.127688,-1.56742
0.437192,-0.252008,0.0318128;-1.63752,-0.0174323,-1.56509
0.430035,-0.251276,0.0368458;-1.70849,0.179053,-1.5613
0.43085,-0.250518,0.0364587;-1.71568,0.151983,-1.56541
0.433336,-0.250003,0.0343668;-1.68909,0.0945023,-1.56417
0.442561,-0.25453,0.0300708;-1.61045,-0.131999,-1.57668
0.443592,-0.253989,0.0301232;-1.61204,-0.137989,-1.57464
0.440072,-0.252454,0.0308051;-1.62445,-0.0615462,-1.57213
0.440072,-0.252454,0.0308051;-1.62445,-0.0615462,-1.57213
0.435813,-0.253508,0.0328031;-1.65498,0.061669,-1.57137
0.435813,-0.253508,0.0328031;-1.65498,0.061669,-1.57137
