0.5,-0.3,0.06;-1.57,-2.98023e-08,-1.57
0.5,-0.3,0.06;-1.57,-2.98023e-08,-1.57
0.5,-0.3,0.06;-1.57,-2.98023e-08,-1.57
0.500988,-0.296129,0.0286374;-1.57159,-0.292979,-1.57307
0.500236,-0.297277,0.0286827;-1.57205,-0.209228,-1.57476
0.498454,-0.299073,0.0287723;-1.57575,-0.0920493,-1.57556
0.497687,-0.292122,0.0289129;-1.57983,0.0194883,-1.57733
0.500599,-0.287912,0.0286595;-1.57071,-0.18615,-1.57448
0.501668,-0.285495,0.0286493;-1.57106,-0.293113,-1.57387
0.502702,-0.283574,0.0286415;-1.57301,-0.357784,-1.57245
0.500539,-0.287222,0.0286498;-1.57083,-0.17536,-1.57405
0.498647,-0.289156,0.0287738;-1.57644,-0.0537869,-1.57461
0.496453,-0.286702,0.0294058;-1.58231,0.0948018,-1.57899
0.49893,-0.282709,0.0287081;-1.57435,0.00754736,-1.57326
0.500743,-0.280601,0.0286776;-1.57071,-0.108518,-1.57538
0.501656,-0.278601,0.0286349;-1.56974,-0.216586,-1.57458
0.50074,-0.279194,0.028648;-1.57087,-0.13092,-1.57411
0.499129,-0.280713,0.0287505;-1.57584,-0.0277778,-1.57409
0.496754,-0.279832,0.0292648;-1.58537,0.119577,-1.57852
0.496436,-0.276817,0.0293306;-1.58425,0.145624,-1.57841
0.499202,-0.275201,0.028772;-1.57539,0.0292285,-1.57524
0.501209,-0.272906,0.0286559;-1.57062,-0.101251,-1.57445
0.501938,-0.271437,0.028612;-1.57091,-0.17258,-1.57235
0.500344,-0.273324,0.0286529;-1.57083,-0.0756774,-1.57424
0.497921,-0.275267,0.0288441;-1.57853,0.0497034,-1.5755
0.496584,-0.274679,0.0290761;-1.58155,0.125664,-1.57788
0.498664,-0.272641,0.0286838;-1.57064,0.0279968,-1.57601
0.502426,-0.267775,0.0286321;-1.57204,-0.231365,-1.57248
0.502767,-0.267608,0.0285817;-1.57093,-0.250627,-1.57108
0.501028,-0.266945,0.0285897;-1.57134,-0.137465,-1.57074
0.495396,-0.257808,0.029955;-1.5875,0.153508,-1.5649
0.492077,-0.252149,0.0325352;-1.64828,0.250265,-1.55973
0.495414,-0.253763,0.0317088;-1.63633,0.167657,-1.56391
0.502571,-0.263318,0.0288875;-1.57635,-0.126586,-1.56214
0.503356,-0.267431,0.0289336;-1.57792,-0.261061,-1.56181
0.503328,-0.26666,0.0290266;-1.57019,-0.228278,-1.56291
0.498269,-0.25129,0.0314353;-1.60127,0.0370037,-1.54288
0.493509,-0.2456,0.0341774;-1.6634,0.197125,-1.54489
0.493136,-0.245529,0.0343725;-1.66759,0.1959,-1.54307
0.501501,-0.259362,0.0297153;-1.58085,-0.0622446,-1.55162
0.50133,-0.267128,0.0299126;-1.5663,-0.212236,-1.54942
0.500501,-0.271549,0.0295166;-1.56698,-0.288964,-1.55447
0.498242,-0.256104,0.0316402;-1.58989,-0.0485217,-1.53367
0.494167,-0.248637,0.0336891;-1.64165,0.0906775,-1.53463
0.489207,-0.246053,0.0357292;-1.69345,0.214873,-1.53804
0.498737,-0.258476,0.0311616;-1.59946,-0.0231474,-1.5455
0.501459,-0.267725,0.0300238;-1.57167,-0.168268,-1.54731
0.499792,-0.274156,0.0295831;-1.56472,-0.322489,-1.55094
0.499657,-0.259931,0.0308601;-1.58377,-0.107238,-1.53982
0.495365,-0.252825,0.0321834;-1.61545,0.0329519,-1.54361
0.489804,-0.247001,0.0342726;-1.67259,0.198648,-1.55083
0.500807,-0.257581,0.0295595;-1.58356,-0.0435091,-1.5563
0.504331,-0.262852,0.0290187;-1.58155,-0.177609,-1.56157
0.505495,-0.268065,0.0289195;-1.57822,-0.320185,-1.56326
0.503614,-0.260671,0.0290644;-1.58052,-0.120147,-1.55995
0.49988,-0.253562,0.0299351;-1.59751,0.0309021,-1.55981
0.49419,-0.247812,0.032434;-1.64539,0.198863,-1.56422
0.500997,-0.252054,0.0287685;-1.57971,0.0210931,-1.56988
0.503669,-0.251549,0.0286499;-1.57273,-0.11194,-1.57241
0.505798,-0.250329,0.0286644;-1.57321,-0.236674,-1.57323
0.504463,-0.25252,0.0286513;-1.57152,-0.123573,-1.57427
0.502121,-0.254988,0.0288143;-1.57746,0.0111258,-1.57535
0.498992,-0.2555,0.0294451;-1.58501,0.161619,-1.57924
0.500072,-0.252401,0.029055;-1.58543,0.131293,-1.57719
0.502035,-0.250321,0.0287235;-1.57126,0.00412582,-1.57815
0.502586,-0.247495,0.0286914;-1.57076,-0.143559,-1.57608
0.502657,-0.247977,0.0286941;-1.57071,-0.183537,-1.5762
0.501397,-0.250319,0.0287051;-1.57183,-0.0720062,-1.57626
0.49868,-0.252769,0.0289358;-1.58143,0.0667785,-1.57648
0.496365,-0.250639,0.029403;-1.58456,0.203558,-1.57919
0.499002,-0.248398,0.0289972;-1.58235,0.106122,-1.57803
0.500793,-0.24589,0.0287176;-1.57104,-0.045407,-1.57773
0.501126,-0.246053,0.0287957;-1.57091,-0.166141,-1.5812
0.500737,-0.247008,0.0286757;-1.57122,-0.104163,-1.57502
0.499053,-0.24922,0.0287185;-1.57278,0.0152197,-1.57542
0.493248,-0.250664,0.0298545;-1.5843,0.281518,-1.57765
0.495687,-0.247878,0.0290973;-1.58177,0.204647,-1.57798
0.498854,-0.245191,0.0287214;-1.57091,0.057225,-1.57791
0.500251,-0.243882,0.0287876;-1.57185,-0.136085,-1.58123
0.500095,-0.244749,0.0286336;-1.57104,-0.0843907,-1.57316
0.498075,-0.246665,0.0286775;-1.57084,0.0344175,-1.57521
0.490525,-0.251988,0.0298752;-1.57782,0.302386,-1.57339
0.492611,-0.250583,0.0291251;-1.58252,0.232956,-1.57649
0.495896,-0.248161,0.0287096;-1.57091,0.0862567,-1.57723
0.497237,-0.245399,0.0287719;-1.57127,-0.157088,-1.58023
0.496908,-0.246063,0.0286348;-1.573,-0.0947482,-1.57161
0.494474,-0.247988,0.0287055;-1.5769,0.0311681,-1.57071
0.486188,-0.251739,0.0313451;-1.59182,0.302121,-1.55646
0.487866,-0.250941,0.0310537;-1.62154,0.238724,-1.56538
0.491213,-0.251657,0.0287044;-1.57568,0.134573,-1.56907
0.496563,-0.256975,0.0287629;-1.57502,-0.16935,-1.5669
0.495961,-0.255265,0.0289225;-1.57746,-0.10933,-1.5618
0.49433,-0.252864,0.0290735;-1.58169,-0.0345737,-1.55903
0.487017,-0.247812,0.0336066;-1.63457,0.241842,-1.5368
0.486844,-0.247106,0.0324682;-1.63878,0.217316,-1.54307
0.48766,-0.246371,0.0312902;-1.61703,0.202394,-1.55124
0.493301,-0.25756,0.0292199;-1.57585,-0.0641101,-1.5593
0.491919,-0.263517,0.0291471;-1.57633,-0.20102,-1.55964
0.491672,-0.255668,0.0300333;-1.58126,-0.0721301,-1.54982
0.486964,-0.249339,0.0319988;-1.61108,0.088574,-1.53601
0.482397,-0.247451,0.0342734;-1.6511,0.234174,-1.52381
0.484326,-0.250108,0.0336054;-1.65019,0.162611,-1.53856
0.485949,-0.257603,0.0311706;-1.57294,0.020779,-1.56
0.487107,-0.265812,0.0292625;-1.57697,-0.244156,-1.56097
0.486935,-0.26004,0.0294366;-1.5761,-0.148673,-1.55787
0.483866,-0.253307,0.0309276;-1.59557,0.0117289,-1.54538
0.478518,-0.246263,0.0340426;-1.66266,0.222156,-1.53861
0.48097,-0.246917,0.0338178;-1.66536,0.162563,-1.54832
0.484311,-0.254105,0.0303901;-1.60148,0.0281112,-1.56732
0.488253,-0.257566,0.0289789;-1.58025,-0.243189,-1.56885
0.487451,-0.255798,0.0288297;-1.57796,-0.17625,-1.56595
0.484178,-0.252369,0.0289815;-1.57896,-0.0254612,-1.56635
0.477817,-0.245099,0.0325573;-1.65358,0.206662,-1.55833
0.479591,-0.244298,0.03256;-1.65149,0.172695,-1.56336
0.483865,-0.244292,0.0296867;-1.59752,0.0849717,-1.57592
0.485996,-0.244925,0.0288077;-1.56821,-0.16406,-1.57872
0.485899,-0.24626,0.0287718;-1.57662,-0.147581,-1.57561
0.483189,-0.250053,0.0286716;-1.57086,0.0092694,-1.57506
0.478665,-0.249959,0.0295833;-1.59142,0.255025,-1.57436
0.47921,-0.248487,0.0301468;-1.60552,0.248459,-1.57199
0.481967,-0.246564,0.0290335;-1.58251,0.183766,-1.57875
0.483623,-0.240362,0.0287604;-1.57084,-0.0884622,-1.5796
0.483548,-0.241093,0.0287828;-1.57102,-0.100038,-1.58046
0.482717,-0.242738,0.0287186;-1.57068,-0.0326423,-1.57727
0.474039,-0.246162,0.0293591;-1.58837,0.197947,-1.57508
0.47247,-0.247042,0.029599;-1.59115,0.22965,-1.57589
0.474129,-0.24502,0.0297876;-1.59853,0.197948,-1.57811
0.476491,-0.239096,0.02882;-1.57148,-0.0587497,-1.58311
0.476577,-0.239753,0.0288287;-1.57111,-0.0903871,-1.58285
0.476456,-0.240856,0.0288548;-1.57498,-0.0806666,-1.57996
0.472259,-0.246233,0.0289617;-1.57443,0.155,-1.57446
0.469871,-0.248349,0.0296749;-1.58201,0.247064,-1.57035
0.469832,-0.24867,0.0298432;-1.58723,0.249785,-1.56848
0.473513,-0.242725,0.0290255;-1.56344,0.0765695,-1.58541
0.475075,-0.239328,0.0287527;-1.57086,-0.0719323,-1.57917
0.475035,-0.240077,0.0287861;-1.57089,-0.085466,-1.58084
0.472045,-0.244673,0.0286765;-1.56903,0.104325,-1.57367
0.469564,-0.247281,0.0294899;-1.57961,0.218194,-1.56946
0.467724,-0.249701,0.0295407;-1.5767,0.26571,-1.57117
0.471888,-0.244048,0.0288417;-1.56911,0.088182,-1.58198
0.472445,-0.24032,0.0287833;-1.57086,-0.0803024,-1.58089
0.472401,-0.241876,0.028823;-1.57094,-0.116384,-1.5825
0.469049,-0.24622,0.0287496;-1.57088,0.109268,-1.57853
0.466656,-0.248224,0.0295245;-1.57938,0.208469,-1.56648
0.464313,-0.250412,0.0312633;-1.60116,0.282944,-1.55611
0.470412,-0.246869,0.0291717;-1.58824,0.152918,-1.57936
0.471745,-0.244258,0.0287202;-1.5716,-0.0291023,-1.57866
0.474112,-0.244661,0.0286972;-1.56971,-0.146565,-1.57528
0.470816,-0.244147,0.0288463;-1.57863,0.0209478,-1.56574
0.46813,-0.242627,0.0308558;-1.60319,0.131696,-1.55518
0.464469,-0.247373,0.0346456;-1.65557,0.236589,-1.53573
0.467964,-0.245094,0.0313548;-1.63179,0.146377,-1.56516
0.470049,-0.246179,0.0296446;-1.54898,0.0163768,-1.57747
0.472215,-0.24438,0.0290866;-1.57699,-0.130877,-1.56445
0.471063,-0.248182,0.0294401;-1.57885,-0.099029,-1.55921
0.469233,-0.243243,0.0309403;-1.5932,0.0401387,-1.54425
0.466132,-0.242519,0.0348074;-1.6591,0.145372,-1.53118
0.467258,-0.241994,0.0340423;-1.6469,0.14049,-1.53406
0.470227,-0.246453,0.0310815;-1.61667,0.0197787,-1.56568
0.470959,-0.252146,0.0296361;-1.56083,-0.164103,-1.56666
0.472421,-0.253605,0.0293243;-1.5777,-0.237628,-1.56044
0.471249,-0.247574,0.0301958;-1.5836,-0.106186,-1.55099
0.467814,-0.241376,0.0322115;-1.61827,0.0329128,-1.54623
0.466629,-0.2407,0.0345897;-1.65545,0.123659,-1.53465
0.469302,-0.240932,0.0324362;-1.64399,0.0368282,-1.55989
0.471765,-0.24857,0.0299443;-1.55526,-0.117509,-1.5761
0.473904,-0.25531,0.0295429;-1.55326,-0.296586,-1.565
0.473261,-0.252405,0.0290372;-1.57841,-0.206507,-1.56552
0.4712,-0.246308,0.0293441;-1.57968,-0.077377,-1.56246
0.466871,-0.239345,0.0334048;-1.65231,0.113649,-1.55501
0.469362,-0.238737,0.031974;-1.64376,0.0579429,-1.57036
0.472282,-0.239142,0.0295651;-1.58325,-0.0470839,-1.5863
0.478072,-0.250295,0.0303403;-1.55124,-0.229681,-1.5822
0.47799,-0.251711,0.02877;-1.57333,-0.163489,-1.57785
0.476266,-0.254781,0.0287065;-1.57374,-0.00934978,-1.57392
0.470441,-0.248916,0.0328448;-1.65354,0.221316,-1.56547
0.474073,-0.245146,0.0315462;-1.62567,0.153565,-1.57617
0.477651,-0.243012,0.0297562;-1.58396,0.0754364,-1.59076
0.47856,-0.239136,0.0289795;-1.56774,-0.0670098,-1.58225
0.478307,-0.240285,0.0288003;-1.57243,-0.0422644,-1.57945
0.475801,-0.243028,0.028788;-1.57127,0.0863223,-1.58001
0.475801,-0.243028,0.028788;-1.57127,0.0863223,-1.58001
0.473842,-0.244757,0.0291235;-1.57163,0.185724,-1.5721
0.473842,-0.244757,0.0291235;-1.57163,0.185724,-1.5721
