0.5,-0.3,0.06;-1.57,-2.98023e-08,-1.57
0.5,-0.3,0.06;-1.57,-2.98023e-08,-1.57
0.5,-0.3,0.06;-1.57,-2.98023e-08,-1.57
0.499756,-0.301285,0.0285846;-1.57022,-0.310399,-1.57066
0.500543,-0.29865,0.0286741;-1.57122,-0.209204,-1.56624
0.501069,-0.293974,0.0288364;-1.5653,-0.062401,-1.56376
0.499639,-0.286084,0.0293157;-1.56574,0.0943914,-1.56898
0.498136,-0.290667,0.0285983;-1.57074,-0.172778,-1.5698
0.496466,-0.294597,0.0286824;-1.57095,-0.344632,-1.56571
0.495847,-0.296747,0.0289942;-1.55129,-0.423333,-1.56042
0.498794,-0.289783,0.0287006;-1.56497,-0.151616,-1.56953
0.500771,-0.28626,0.0289428;-1.5604,0.00477366,-1.56323
0.497806,-0.282464,0.0296547;-1.55732,0.164307,-1.56271
0.499664,-0.282471,0.029077;-1.55987,0.0948135,-1.56743
0.498561,-0.285462,0.028822;-1.56161,-0.0500614,-1.56773
0.496485,-0.288448,0.0287437;-1.56619,-0.210833,-1.56598
0.497879,-0.285706,0.0288124;-1.56956,-0.118883,-1.56075
0.49867,-0.282343,0.0287921;-1.57069,-0.00863345,-1.56048
0.497202,-0.274337,0.0293971;-1.56867,0.128803,-1.5573
0.496378,-0.27346,0.0296282;-1.56333,0.200741,-1.57242
0.498947,-0.275725,0.0290303;-1.5615,0.0950439,-1.57161
0.498438,-0.277169,0.0286975;-1.56622,-0.028827,-1.56939
0.496918,-0.279783,0.0287426;-1.5697,-0.156585,-1.56398
0.497806,-0.277445,0.0287236;-1.57112,-0.0553233,-1.56378
0.498308,-0.274269,0.0287775;-1.56859,0.0552675,-1.56342
0.498393,-0.270638,0.0292581;-1.5626,0.15065,-1.56668
0.500958,-0.272653,0.0290784;-1.55901,0.0922904,-1.57394
0.498428,-0.273686,0.0286209;-1.571,-0.181957,-1.56828
0.497909,-0.274658,0.0286908;-1.57092,-0.225957,-1.56541
0.49863,-0.27277,0.0287148;-1.57091,-0.156977,-1.56436
0.499173,-0.265006,0.0290521;-1.57359,0.035169,-1.56066
0.496596,-0.257443,0.0300643;-1.58593,0.121635,-1.55797
0.498383,-0.26167,0.0297068;-1.5785,0.12002,-1.57504
0.498572,-0.2651,0.0286288;-1.56845,-0.088857,-1.57047
0.497622,-0.267593,0.0286953;-1.56574,-0.195307,-1.56872
0.498099,-0.266774,0.0286944;-1.5708,-0.154795,-1.56528
0.50011,-0.261786,0.0288035;-1.56559,-0.00487177,-1.56491
0.498571,-0.254677,0.0296317;-1.58174,0.137869,-1.55721
0.498843,-0.252986,0.0297757;-1.57805,0.184077,-1.57116
0.501931,-0.257278,0.0287693;-1.56183,-0.0257656,-1.57082
0.501043,-0.257863,0.0285807;-1.57094,-0.126443,-1.57061
0.500301,-0.259333,0.0287069;-1.56738,-0.1698,-1.56718
0.502245,-0.254993,0.028716;-1.57082,-0.0273269,-1.56444
0.503234,-0.250437,0.0289045;-1.56683,0.0985785,-1.56187
0.501886,-0.244378,0.0297256;-1.57408,0.183491,-1.5585
0.506294,-0.250121,0.0288397;-1.56029,0.0417275,-1.57305
0.5048,-0.248926,0.028718;-1.56427,-0.0696209,-1.57036
0.503738,-0.250646,0.0286018;-1.57001,-0.165082,-1.56991
0.505336,-0.247094,0.0287674;-1.57096,-0.0188611,-1.5618
0.506341,-0.244136,0.0288088;-1.57042,0.0870098,-1.56025
0.505618,-0.241293,0.0294851;-1.56968,0.142912,-1.5556
0.508396,-0.249275,0.0291719;-1.56781,0.0949231,-1.58315
0.507379,-0.247424,0.0288264;-1.56811,-0.0131974,-1.57989
0.507711,-0.245423,0.0286766;-1.57077,-0.139436,-1.57553
0.508185,-0.245029,0.0286511;-1.57073,0.0386637,-1.56754
0.508574,-0.243045,0.0287681;-1.57165,0.155854,-1.56126
0.504454,-0.249138,0.0295773;-1.56344,0.256611,-1.55916
0.507692,-0.252694,0.0294042;-1.57044,0.19624,-1.58807
0.507516,-0.247604,0.0290658;-1.57082,0.0829973,-1.58515
0.509721,-0.24348,0.028987;-1.5794,-0.0422837,-1.58196
0.509642,-0.244625,0.0285913;-1.57099,0.0182953,-1.5713
0.50839,-0.24532,0.0286704;-1.5744,0.114959,-1.57114
0.506623,-0.24631,0.0292846;-1.57088,0.213997,-1.5638
0.507581,-0.25022,0.0298379;-1.57688,0.263264,-1.58987
0.508312,-0.249714,0.0304953;-1.57055,0.167194,-1.60283
0.509652,-0.245343,0.0307376;-1.57326,0.0625824,-1.60589
0.511388,-0.242081,0.0289176;-1.57524,-0.0259691,-1.58236
0.50992,-0.244335,0.0288814;-1.57795,0.0589391,-1.57758
0.508191,-0.244908,0.028843;-1.58295,0.152885,-1.56968
0.506532,-0.25102,0.0310279;-1.54424,0.275327,-1.58281
0.509827,-0.251452,0.0321422;-1.57648,0.225839,-1.61789
0.511536,-0.25316,0.0344451;-1.55262,0.120849,-1.64497
0.510446,-0.250805,0.0317383;-1.58271,-0.0724709,-1.61358
0.509345,-0.254656,0.0294942;-1.57857,-0.00094986,-1.58765
0.508402,-0.257448,0.0290478;-1.58848,0.0956436,-1.57416
0.50655,-0.252203,0.029597;-1.58672,0.294725,-1.57779
0.510019,-0.24975,0.0341709;-1.60754,0.232761,-1.61633
0.513593,-0.251788,0.036273;-1.59651,0.157067,-1.653
0.509309,-0.260788,0.0343305;-1.58452,-0.0388142,-1.64268
0.509193,-0.261939,0.0322408;-1.58427,0.0037481,-1.61754
0.50783,-0.264365,0.0290479;-1.58362,0.0766913,-1.5794
0.507046,-0.256581,0.0312218;-1.59939,0.2715,-1.58775
0.510779,-0.251968,0.0357462;-1.6228,0.199142,-1.62512
0.513901,-0.253985,0.0370835;-1.59981,0.13573,-1.65915
0.510427,-0.268098,0.0344621;-1.58132,-0.0629236,-1.64648
0.510571,-0.268703,0.0329646;-1.57667,-0.00468622,-1.62942
0.509669,-0.268817,0.0307683;-1.58349,0.0659701,-1.5983
0.508367,-0.259518,0.030968;-1.6113,0.258661,-1.57332
0.511125,-0.255437,0.0345112;-1.62495,0.206547,-1.61083
0.514276,-0.252695,0.0367228;-1.6156,0.152097,-1.64642
0.518494,-0.258083,0.0368378;-1.58765,-0.0168582,-1.67097
0.517311,-0.263038,0.0357418;-1.55097,0.0440588,-1.65847
0.517424,-0.26355,0.0336531;-1.58815,0.0954202,-1.62953
0.513108,-0.264307,0.0306641;-1.62533,0.258248,-1.55688
0.513593,-0.263842,0.0320267;-1.6062,0.254127,-1.59244
0.515545,-0.260163,0.0351446;-1.62463,0.225379,-1.61651
0.521182,-0.262051,0.0368543;-1.57911,0.0624011,-1.67515
0.518946,-0.271158,0.0355689;-1.59029,-0.0272024,-1.65452
0.517272,-0.273897,0.0326463;-1.57529,0.0721543,-1.62608
0.515329,-0.27589,0.0303904;-1.59251,0.151547,-1.58633
0.515579,-0.263897,0.0332912;-1.60962,0.30568,-1.60191
0.519782,-0.258137,0.0373295;-1.63167,0.217012,-1.63721
0.523424,-0.260696,0.0372268;-1.59282,0.132309,-1.66684
0.521397,-0.273252,0.0377753;-1.54749,-0.0376523,-1.67392
0.519422,-0.275134,0.0347454;-1.55388,0.0358136,-1.64605
0.519154,-0.274523,0.0309985;-1.57111,0.132323,-1.60891
0.518561,-0.262801,0.0300912;-1.59652,0.318361,-1.57417
0.52185,-0.257118,0.0340208;-1.61567,0.255608,-1.6088
0.525602,-0.254893,0.0357519;-1.60058,0.157553,-1.64433
0.528234,-0.265734,0.0373495;-1.55863,-0.0303955,-1.67086
0.526914,-0.267579,0.036835;-1.52978,-0.00497707,-1.65848
0.526403,-0.268249,0.0328422;-1.54833,0.0863253,-1.62572
0.524759,-0.261798,0.029186;-1.59443,0.298829,-1.56534
0.52601,-0.260215,0.0299968;-1.59349,0.284358,-1.57842
0.528609,-0.260337,0.0311325;-1.5711,0.198408,-1.61081
0.534729,-0.262838,0.0353146;-1.58056,-0.00336689,-1.65521
0.534215,-0.264718,0.0363045;-1.53533,-0.0179046,-1.65143
0.533336,-0.266924,0.0335279;-1.53846,0.0601466,-1.62699
0.532083,-0.263087,0.0288731;-1.58389,0.282708,-1.56319
0.532283,-0.260839,0.0291776;-1.58458,0.332849,-1.5715
0.533463,-0.262765,0.0294076;-1.57421,0.305453,-1.58649
0.538492,-0.258837,0.0330961;-1.57749,0.0946912,-1.63008
0.541518,-0.262077,0.0325482;-1.57789,-0.0305664,-1.62344
0.540424,-0.261338,0.0304929;-1.56422,0.0104976,-1.60167
0.538331,-0.264087,0.0287185;-1.5746,0.23211,-1.56579
0.537919,-0.257611,0.0289385;-1.57873,0.341374,-1.5585
0.538796,-0.257781,0.0290241;-1.57273,0.352937,-1.57018
0.542865,-0.256068,0.0297276;-1.5708,0.158762,-1.59384
0.548742,-0.256157,0.0308034;-1.57092,0.0247081,-1.60577
0.54911,-0.257887,0.0303828;-1.57255,-0.0165783,-1.59989
0.547106,-0.259759,0.0287137;-1.56445,0.155595,-1.57176
0.546894,-0.25523,0.0289106;-1.5724,0.300522,-1.55551
0.546621,-0.254648,0.028941;-1.56874,0.342919,-1.55618
0.547112,-0.254928,0.0289626;-1.56406,0.179114,-1.58404
0.54961,-0.252412,0.0292444;-1.57125,0.0804958,-1.58745
0.554129,-0.255395,0.0301946;-1.56483,-0.0333132,-1.59688
0.553461,-0.256573,0.0287836;-1.56721,0.0925183,-1.57724
0.553356,-0.254239,0.0289105;-1.56604,0.237109,-1.55999
0.551456,-0.25376,0.0295679;-1.57748,0.333378,-1.54493
0.552433,-0.259068,0.0288977;-1.55708,0.192019,-1.57538
0.551755,-0.257331,0.0290263;-1.56421,0.0954004,-1.58651
0.555438,-0.256082,0.0292858;-1.56586,-0.0117021,-1.58785
0.555701,-0.25327,0.0288564;-1.56283,0.0552793,-1.57639
0.554005,-0.247869,0.0289074;-1.56501,0.191081,-1.56261
0.549585,-0.251486,0.0298317;-1.57769,0.300317,-1.54346
0.551973,-0.257484,0.0287668;-1.56536,0.204461,-1.57556
0.551935,-0.257096,0.0291021;-1.55813,0.100607,-1.58468
0.553622,-0.255928,0.0290618;-1.56583,-0.00702447,-1.58974
0.554902,-0.251679,0.029169;-1.55492,0.0247351,-1.5835
0.553184,-0.243822,0.0293332;-1.56468,0.166927,-1.56742
0.547585,-0.250109,0.0300569;-1.57538,0.273213,-1.54932
0.547439,-0.255452,0.0285791;-1.5696,0.256999,-1.57123
0.548367,-0.255807,0.0289213;-1.56223,0.128019,-1.57978
0.550204,-0.25545,0.0288801;-1.57067,0.0132171,-1.58549
0.552761,-0.25635,0.0302169;-1.55609,-0.0306718,-1.59276
0.552001,-0.252582,0.0323265;-1.51251,0.0785211,-1.58751
0.549471,-0.245391,0.029655;-1.58068,0.207183,-1.56422
0.544801,-0.252549,0.0295681;-1.58461,0.299412,-1.55194
0.546751,-0.257201,0.0286506;-1.57094,0.190355,-1.57429
0.548076,-0.259087,0.0289075;-1.566,0.0679468,-1.58223
0.552877,-0.260056,0.0295981;-1.57272,-0.0572939,-1.59135
0.551999,-0.258762,0.0322969;-1.51478,0.00662668,-1.59315
0.548975,-0.252662,0.0316471;-1.53429,0.164113,-1.57401
0.542443,-0.254504,0.0304301;-1.58835,0.341167,-1.54038
0.54428,-0.25871,0.0293234;-1.57498,0.266975,-1.56509
0.546015,-0.263646,0.0291285;-1.55532,0.153963,-1.58433
0.551301,-0.268355,0.0319659;-1.54549,-0.0632243,-1.60434
0.552269,-0.267027,0.0345517;-1.50292,-0.0398287,-1.61041
0.550521,-0.264861,0.0369971;-1.43824,0.0802848,-1.60809
0.544876,-0.255812,0.0314615;-1.60597,0.371626,-1.53913
0.545822,-0.260054,0.0299979;-1.59473,0.329498,-1.5558
0.547635,-0.267604,0.0292866;-1.55594,0.192876,-1.5792
0.551951,-0.273492,0.0310524;-1.56356,-0.0891571,-1.60614
0.555472,-0.27325,0.0362593;-1.50062,-0.0430957,-1.62919
0.557296,-0.272371,0.0432303;-1.36894,0.0238569,-1.64065
0.559597,-0.255554,0.0507717;-1.3144,0.275122,-1.64004
0.56322,-0.253565,0.0484388;-1.40138,0.218189,-1.637
0.567467,-0.250842,0.0370903;-1.56264,0.0907684,-1.602
0.570342,-0.267205,0.0331344;-1.57199,-0.152454,-1.61843
0.571706,-0.274461,0.0391269;-1.47575,-0.118556,-1.63664
0.572758,-0.278244,0.0453063;-1.36246,-0.0564742,-1.64717
0.572758,-0.278244,0.0453063;-1.36246,-0.0564742,-1.64717
0.57416,-0.273317,0.0479242;-1.25521,0.0588886,-1.64396
0.57416,-0.273317,0.0479242;-1.25521,0.0588886,-1.64396
