0.5,-0.3,0.06;-1.57,-2.98023e-08,-1.57
0.5,-0.3,0.06;-1.57,-2.98023e-08,-1.57
0.5,-0.3,0.06;-1.57,-2.98023e-08,-1.57
0.501615,-0.295988,0.0287878;-1.57583,-0.300266,-1.57813
0.500407,-0.297678,0.028787;-1.57169,-0.204864,-1.57978
0.499895,-0.299499,0.0290055;-1.579,-0.102801,-1.58413
0.501276,-0.296587,0.0292433;-1.57842,-0.0376857,-1.58105
0.501544,-0.294548,0.0288967;-1.58241,-0.246328,-1.56988
0.504366,-0.296568,0.0288365;-1.57945,-0.389026,-1.56992
0.507278,-0.297578,0.0286913;-1.5757,-0.507878,-1.57211
0.504912,-0.301737,0.028818;-1.57084,-0.296495,-1.58201
0.505124,-0.303795,0.0292538;-1.57663,-0.196771,-1.58758
0.506425,-0.302087,0.0303215;-1.5735,-0.0715829,-1.59393
0.505455,-0.297032,0.0291824;-1.57622,-0.176731,-1.58596
0.505508,-0.294167,0.0288618;-1.57052,-0.277969,-1.58442
0.506209,-0.291023,0.0289114;-1.57901,-0.388374,-1.58224
0.506019,-0.29217,0.028689;-1.57085,-0.315033,-1.576
0.504672,-0.291021,0.0291937;-1.57315,-0.196102,-1.57225
0.500805,-0.28287,0.0318056;-1.61755,-0.056214,-1.57539
0.50036,-0.280688,0.030724;-1.60526,-0.0325266,-1.58466
0.50082,-0.280158,0.0289784;-1.5756,-0.133944,-1.58549
0.501794,-0.277743,0.0288588;-1.57063,-0.241809,-1.5844
0.502378,-0.27486,0.0288474;-1.57517,-0.332469,-1.58073
0.501637,-0.277326,0.0288241;-1.57069,-0.241668,-1.58213
0.501477,-0.279134,0.0291616;-1.58272,-0.144152,-1.58777
0.501838,-0.279449,0.0296669;-1.57806,-0.0816894,-1.58904
0.502133,-0.27693,0.0288926;-1.57353,-0.164039,-1.58331
0.505928,-0.27474,0.0288713;-1.57983,-0.436518,-1.56716
0.506507,-0.275081,0.0287788;-1.57998,-0.465147,-1.57033
0.505612,-0.275488,0.0287011;-1.57711,-0.386933,-1.57338
0.506926,-0.276532,0.0295444;-1.57979,-0.143783,-1.58811
0.508018,-0.275963,0.0302989;-1.57922,-0.0424444,-1.5937
0.507645,-0.27352,0.029308;-1.578,-0.124804,-1.58592
0.508294,-0.267876,0.028841;-1.57286,-0.333191,-1.5824
0.51012,-0.264112,0.0286064;-1.57057,-0.463288,-1.57221
0.509118,-0.264147,0.0287216;-1.57696,-0.415991,-1.57221
0.502969,-0.255588,0.0303504;-1.58832,-0.1531,-1.56357
0.499078,-0.244927,0.0335958;-1.65366,0.00311551,-1.57409
0.49957,-0.242894,0.0340329;-1.67149,0.0036139,-1.5809
0.502952,-0.249216,0.0290365;-1.56567,-0.217037,-1.58681
0.503565,-0.251938,0.0297689;-1.56634,-0.268154,-1.59207
0.504074,-0.253015,0.029751;-1.56524,-0.276906,-1.5901
0.503062,-0.255769,0.0289181;-1.57455,-0.123859,-1.58382
0.502848,-0.256765,0.0293583;-1.58178,-0.0087197,-1.58482
0.502797,-0.253989,0.0301883;-1.58841,0.130212,-1.58162
0.505007,-0.259287,0.0290295;-1.57408,-0.110595,-1.56606
0.505999,-0.262414,0.0290227;-1.58253,-0.236985,-1.56535
0.506745,-0.265846,0.0289956;-1.57524,-0.381037,-1.56437
0.505122,-0.266848,0.0287292;-1.57054,-0.207578,-1.57791
0.503984,-0.268043,0.0290976;-1.57907,-0.0846453,-1.58318
0.502194,-0.263122,0.0299602;-1.58555,0.0746488,-1.58589
0.504083,-0.25792,0.0287398;-1.57026,-0.137961,-1.57841
0.50425,-0.255461,0.0286538;-1.57073,-0.26664,-1.57427
0.50499,-0.255499,0.028785;-1.56636,-0.336477,-1.57496
0.506122,-0.248721,0.0294177;-1.5746,-0.147267,-1.55899
0.503313,-0.239756,0.0321875;-1.59363,0.00958857,-1.53778
0.499215,-0.240601,0.035641;-1.63994,0.136505,-1.53425
0.504547,-0.246327,0.0291044;-1.56639,-0.0318713,-1.56071
0.504044,-0.251353,0.0286374;-1.57015,-0.169899,-1.5681
0.503787,-0.254332,0.0287967;-1.56219,-0.303441,-1.57021
0.503883,-0.253536,0.0285803;-1.57065,-0.255884,-1.57084
0.504181,-0.251414,0.0289309;-1.56888,-0.13715,-1.57011
0.502493,-0.24721,0.0296224;-1.56605,0.0192101,-1.56734
0.502352,-0.250733,0.0305291;-1.56995,-0.0187164,-1.54804
0.502627,-0.256404,0.0307195;-1.5652,-0.158705,-1.53891
0.500487,-0.263984,0.0312209;-1.55388,-0.313744,-1.53114
0.501473,-0.266053,0.0299143;-1.55785,-0.380964,-1.54872
0.503982,-0.258471,0.0296843;-1.56834,-0.245549,-1.55499
0.503883,-0.25043,0.0296424;-1.56907,-0.0903013,-1.55884
0.501366,-0.249423,0.0303559;-1.57923,0.0785683,-1.56755
0.503105,-0.251565,0.0289509;-1.56674,-0.0507535,-1.5683
0.501874,-0.256188,0.0287753;-1.56262,-0.194218,-1.56779
0.500278,-0.259627,0.0291432;-1.55065,-0.394947,-1.56341
0.501374,-0.25426,0.0294488;-1.55727,-0.282759,-1.55698
0.499872,-0.246154,0.0313323;-1.58256,-0.130582,-1.53428
0.491631,-0.242161,0.036772;-1.65568,0.149812,-1.53049
0.49462,-0.242018,0.034232;-1.65571,0.0527344,-1.55296
0.498511,-0.249017,0.0288674;-1.56953,-0.094585,-1.56618
0.498165,-0.254803,0.0290599;-1.55432,-0.311687,-1.57059
0.498183,-0.254193,0.0286069;-1.57087,-0.244543,-1.57209
0.497766,-0.255543,0.0286649;-1.57044,-0.151381,-1.57504
0.493367,-0.250841,0.0305496;-1.59459,0.151399,-1.57681
0.495238,-0.249808,0.0320671;-1.634,0.0542892,-1.57397
0.498072,-0.257896,0.0293049;-1.57263,-0.0966577,-1.56102
0.495564,-0.274765,0.0294595;-1.56493,-0.4044,-1.55601
0.496653,-0.27441,0.0287781;-1.57696,-0.348285,-1.5673
0.497894,-0.268593,0.0286906;-1.57523,-0.211085,-1.57298
0.492591,-0.264526,0.0305013;-1.59681,0.0821923,-1.58498
0.493452,-0.262226,0.0292749;-1.5809,-0.000388294,-1.58341
0.494615,-0.260393,0.0289301;-1.57485,-0.0817849,-1.58364
0.497244,-0.254834,0.0289232;-1.57957,-0.315195,-1.58155
0.496827,-0.255878,0.0287872;-1.57095,-0.272179,-1.58042
0.496331,-0.256514,0.0286804;-1.57455,-0.212768,-1.57274
0.488304,-0.244284,0.0340217;-1.66385,0.0914588,-1.56108
0.490409,-0.245428,0.0334955;-1.66231,0.0517277,-1.57104
0.491987,-0.249682,0.0298288;-1.58716,0.0128352,-1.57219
0.493265,-0.250136,0.0290347;-1.56967,-0.224462,-1.58439
0.494776,-0.25192,0.028811;-1.58105,-0.255695,-1.57481
0.493934,-0.254197,0.0287786;-1.57138,-0.174034,-1.5802
0.492457,-0.256588,0.0289284;-1.57724,-0.0583301,-1.58122
0.491774,-0.256435,0.0299177;-1.58512,0.179821,-1.5819
0.492452,-0.258238,0.030263;-1.59566,0.0648234,-1.57414
0.492131,-0.261578,0.0291943;-1.57943,-0.0769559,-1.56769
0.491326,-0.262201,0.0292254;-1.57293,-0.315323,-1.56344
0.491515,-0.261824,0.0288528;-1.57929,-0.252508,-1.5681
0.489908,-0.262007,0.0287576;-1.5762,-0.119674,-1.57463
0.488678,-0.261397,0.0300767;-1.58658,0.205727,-1.5854
0.488823,-0.260183,0.02924;-1.58025,0.123805,-1.58143
0.489149,-0.257659,0.0288144;-1.5708,0.0053156,-1.58209
0.49176,-0.251449,0.0287348;-1.57437,-0.250607,-1.57574
0.491204,-0.252431,0.0286802;-1.57106,-0.188291,-1.57533
0.490553,-0.250874,0.0290132;-1.57608,-0.0482749,-1.57035
0.482868,-0.248043,0.0341535;-1.63531,0.245295,-1.5412
0.48415,-0.249492,0.0332312;-1.65069,0.206,-1.55806
0.486582,-0.254719,0.0288554;-1.56955,0.0893391,-1.57291
0.489611,-0.25032,0.0286981;-1.57108,-0.225341,-1.57618
0.489689,-0.250343,0.0288465;-1.5778,-0.207708,-1.5781
0.48888,-0.252772,0.0287883;-1.57123,-0.114825,-1.58029
0.486275,-0.255046,0.0297553;-1.58251,0.170129,-1.58239
0.486554,-0.25476,0.0296634;-1.58224,0.187802,-1.58206
0.486984,-0.259447,0.0289095;-1.57227,0.074039,-1.57706
0.486396,-0.258462,0.0291207;-1.58137,-0.204608,-1.5632
0.486684,-0.260337,0.0292141;-1.57357,-0.266492,-1.56305
0.48695,-0.258878,0.0290484;-1.58006,-0.213037,-1.5645
0.486841,-0.250771,0.0290985;-1.57636,0.0882157,-1.57664
0.483941,-0.25061,0.0299257;-1.58657,0.224917,-1.58215
0.48385,-0.252335,0.0293579;-1.57816,0.159794,-1.58131
0.484033,-0.246682,0.0288071;-1.57079,-0.0940579,-1.58184
0.485155,-0.246125,0.0287694;-1.57137,-0.165218,-1.58005
0.485235,-0.246514,0.0287421;-1.56998,-0.164464,-1.57769
0.483332,-0.242153,0.0298797;-1.57804,0.0921871,-1.55842
0.47828,-0.24643,0.0327026;-1.60306,0.220598,-1.53847
0.476901,-0.25031,0.0339441;-1.60425,0.269982,-1.54227
0.480424,-0.251201,0.0287074;-1.57103,0.0261553,-1.57689
0.482066,-0.24763,0.0288324;-1.57338,-0.154,-1.58069
0.482668,-0.24799,0.0287525;-1.57127,-0.188135,-1.57837
0.480032,-0.251948,0.0288194;-1.57325,0.00436483,-1.57963
0.476951,-0.253255,0.0293128;-1.57688,0.129372,-1.57677
0.470177,-0.252682,0.0301367;-1.57589,0.252802,-1.57185
0.471644,-0.260937,0.0290889;-1.57299,0.0391937,-1.56544
0.46844,-0.267564,0.0293092;-1.57481,-0.118113,-1.55581
0.464575,-0.274709,0.0297393;-1.55774,-0.284831,-1.55326
0.471171,-0.263148,0.0293845;-1.57537,-0.0828898,-1.55859
0.46988,-0.255647,0.0301906;-1.58424,0.0764746,-1.5604
0.466391,-0.251066,0.0308247;-1.60002,0.229764,-1.56837
0.467216,-0.257646,0.0286415;-1.57085,0.0586467,-1.57378
0.468027,-0.254667,0.0286026;-1.57078,-0.0970658,-1.57183
0.470133,-0.255382,0.0286569;-1.56944,-0.221962,-1.56769
0.470701,-0.249917,0.0296079;-1.57426,-0.0814027,-1.55408
0.466521,-0.24323,0.0328779;-1.60637,0.0813246,-1.52768
0.461076,-0.251065,0.0352351;-1.63251,0.205172,-1.51364
0.462724,-0.255002,0.033052;-1.6065,0.108032,-1.52405
0.464973,-0.261035,0.0301086;-1.56434,-0.0597709,-1.54863
0.463082,-0.267312,0.0287977;-1.57104,-0.2321,-1.56009
0.463,-0.268582,0.0290361;-1.55173,-0.229168,-1.56981
0.464097,-0.266152,0.0293479;-1.55695,-0.0996967,-1.56892
0.463029,-0.260024,0.0297502;-1.56945,0.0811765,-1.56087
0.461805,-0.26327,0.0310666;-1.58471,0.111823,-1.54972
0.460989,-0.272439,0.0309643;-1.5531,-0.0484162,-1.54467
0.456666,-0.280762,0.0312953;-1.54008,-0.218135,-1.53904
0.455149,-0.285108,0.0323066;-1.51528,-0.326561,-1.52676
0.458912,-0.27684,0.0320658;-1.53352,-0.186299,-1.53471
0.460324,-0.267417,0.0308925;-1.5838,-0.0165039,-1.54494
0.456645,-0.265181,0.0299701;-1.57465,0.157297,-1.5683
0.456879,-0.271753,0.0289143;-1.56578,0.0433485,-1.57085
0.454381,-0.275481,0.0288463;-1.56114,-0.10466,-1.57275
0.453264,-0.275238,0.028758;-1.56499,-0.302592,-1.56603
0.455141,-0.27081,0.0290217;-1.55225,-0.177837,-1.56601
0.454926,-0.261398,0.0308646;-1.58559,-0.00998689,-1.53995
0.446584,-0.257703,0.0365979;-1.66768,0.24999,-1.51396
0.449544,-0.259624,0.0353543;-1.67003,0.159794,-1.53386
0.452443,-0.268778,0.0292449;-1.57102,0.0147033,-1.55991
0.451578,-0.274997,0.0286296;-1.56887,-0.315735,-1.57124
0.451031,-0.275292,0.028672;-1.57051,-0.270076,-1.57529
0.45052,-0.277608,0.0287474;-1.57068,-0.160309,-1.57871
0.447286,-0.276556,0.0300425;-1.58643,0.148548,-1.58028
0.448378,-0.275881,0.0295027;-1.58532,0.106009,-1.57966
0.451021,-0.279926,0.0287929;-1.57263,-0.0182511,-1.57509
0.451698,-0.284512,0.0293145;-1.57176,-0.338153,-1.55991
0.451687,-0.284208,0.0291617;-1.57744,-0.323133,-1.56196
0.452814,-0.278547,0.0292673;-1.57949,-0.19296,-1.56556
0.452814,-0.278547,0.0292673;-1.57949,-0.19296,-1.56556
0.451284,-0.271144,0.0301404;-1.59665,-0.0306062,-1.57031
0.451284,-0.271144,0.0301404;-1.59665,-0.0306062,-1.57031
