0.5,-0.3,0.06;-1.57,-2.98023e-08,-1.57
0.5,-0.3,0.06;-1.57,-2.98023e-08,-1.57
0.5,-0.3,0.06;-1.57,-2.98023e-08,-1.57
0.498859,-0.300171,0.0284817;-1.57281,-0.295439,-1.57031
0.499418,-0.299621,0.0285798;-1.57072,-0.212363,-1.57088
0.499164,-0.29745,0.0286103;-1.57119,-0.0994549,-1.56954
0.498062,-0.290167,0.0291424;-1.56876,0.0203755,-1.57306
0.496264,-0.290261,0.0285755;-1.57082,-0.187739,-1.57084
0.495243,-0.291441,0.0285935;-1.56981,-0.289827,-1.57059
0.494753,-0.291512,0.0285804;-1.57078,-0.31635,-1.57076
0.495343,-0.294359,0.028759;-1.57016,-0.108808,-1.57973
0.494006,-0.296609,0.0290674;-1.58047,0.0158382,-1.58463
0.493733,-0.297915,0.0306215;-1.57865,0.178504,-1.59536
0.497595,-0.292456,0.0310677;-1.58263,0.0751249,-1.60235
0.500446,-0.291695,0.030954;-1.57193,-0.0332764,-1.60941
0.502812,-0.286746,0.0303309;-1.58435,-0.136498,-1.59912
0.501174,-0.289223,0.0309764;-1.58425,-0.0685515,-1.60572
0.49853,-0.292121,0.0316593;-1.59059,0.0295498,-1.60612
0.498042,-0.291247,0.0325418;-1.59528,0.172869,-1.60932
0.498207,-0.289708,0.0319015;-1.59228,0.202778,-1.60271
0.499089,-0.287466,0.0294809;-1.57065,0.0955923,-1.58694
0.499328,-0.284775,0.0288463;-1.57014,-0.0237235,-1.58301
0.498779,-0.282659,0.0285831;-1.57067,-0.116852,-1.57105
0.499896,-0.28328,0.0285789;-1.57098,-0.0208626,-1.57087
0.500718,-0.283999,0.0287587;-1.56795,0.0788463,-1.57129
0.500874,-0.282511,0.0290903;-1.56552,0.142621,-1.57332
0.500579,-0.281216,0.0287173;-1.56525,0.0879453,-1.57222
0.498039,-0.280019,0.0285782;-1.57074,-0.095485,-1.57069
0.497968,-0.280066,0.0285796;-1.57079,-0.092858,-1.57086
0.498321,-0.280642,0.028586;-1.57146,-0.0184759,-1.5717
0.499739,-0.282414,0.0292414;-1.57106,0.187365,-1.57495
0.500381,-0.282125,0.0298121;-1.58234,0.29924,-1.58447
0.50243,-0.277257,0.02949;-1.57621,0.218227,-1.58661
0.506564,-0.265985,0.0289818;-1.57476,0.00679811,-1.58554
0.510262,-0.260885,0.0292004;-1.58662,-0.0857695,-1.58608
0.50957,-0.261934,0.029488;-1.59039,-0.0634613,-1.58599
0.503738,-0.269856,0.0317956;-1.58906,0.12446,-1.60743
0.503209,-0.26879,0.0332968;-1.60252,0.274397,-1.61089
0.503897,-0.267131,0.0336914;-1.5985,0.28239,-1.61899
0.507367,-0.260757,0.0294408;-1.57069,0.0608778,-1.59174
0.509156,-0.25656,0.0290749;-1.5835,-0.0308126,-1.58227
0.510491,-0.255152,0.0287748;-1.57352,-0.0925385,-1.57752
0.510077,-0.25838,0.0286896;-1.57072,0.10234,-1.57597
0.511177,-0.259219,0.0289676;-1.5671,0.213524,-1.57155
0.510877,-0.256372,0.0296822;-1.56774,0.339153,-1.57515
0.511513,-0.253019,0.0286636;-1.56672,0.163656,-1.57174
0.511199,-0.252521,0.0285823;-1.5708,0.0776283,-1.571
0.51113,-0.252972,0.0287135;-1.56404,-0.000318438,-1.57068
0.511901,-0.255175,0.0286394;-1.5705,0.130347,-1.57365
0.512903,-0.255953,0.0288457;-1.5663,0.223511,-1.57329
0.511718,-0.255638,0.0297403;-1.56315,0.36176,-1.57238
0.512374,-0.25018,0.0287994;-1.57057,0.179986,-1.58124
0.514009,-0.247656,0.0288672;-1.57115,0.0628875,-1.5845
0.517002,-0.244514,0.0289109;-1.57608,-0.0718345,-1.58164
0.51389,-0.250295,0.0302933;-1.58412,0.0344639,-1.59566
0.511267,-0.254462,0.0320573;-1.59391,0.140813,-1.60687
0.511232,-0.2536,0.0336783;-1.60193,0.299765,-1.61537
0.516845,-0.245807,0.0334435;-1.58765,0.182026,-1.62716
0.520037,-0.243498,0.0309803;-1.56988,0.0850653,-1.6121
0.524883,-0.237445,0.0296086;-1.58659,-0.00536534,-1.58817
0.523426,-0.239875,0.0290517;-1.5801,0.0417155,-1.58444
0.520767,-0.242667,0.028867;-1.57749,0.15725,-1.57747
0.517134,-0.249807,0.0295506;-1.57111,0.265496,-1.5758
0.517892,-0.249829,0.0291624;-1.56846,0.260652,-1.57907
0.519115,-0.248515,0.0287752;-1.56517,0.178589,-1.57549
0.518833,-0.247016,0.028687;-1.56787,0.0793497,-1.57496
0.518213,-0.248114,0.0285877;-1.57041,-0.00346778,-1.57055
0.519052,-0.248395,0.0286018;-1.56955,0.0866906,-1.57089
0.520139,-0.247375,0.0287149;-1.56741,0.193985,-1.56932
0.518339,-0.253404,0.0302328;-1.54674,0.316949,-1.57714
0.518559,-0.249083,0.0288907;-1.56244,0.235521,-1.57359
0.518952,-0.246712,0.0286724;-1.57112,0.129797,-1.5755
0.521509,-0.243455,0.0286971;-1.57173,-0.0784654,-1.57792
0.520171,-0.245217,0.0289256;-1.5785,-0.00402809,-1.58314
0.517,-0.250644,0.0297824;-1.58102,0.0958945,-1.59111
0.515694,-0.255211,0.0331885;-1.56139,0.353787,-1.62089
0.517584,-0.251925,0.0345524;-1.57724,0.261671,-1.62965
0.520614,-0.24564,0.0333678;-1.59241,0.157441,-1.62263
0.529728,-0.236,0.0294343;-1.58931,-0.0425194,-1.58576
0.527564,-0.23835,0.0295928;-1.58114,0.00997435,-1.58897
0.524781,-0.243008,0.0301286;-1.5791,0.0945782,-1.59513
0.516159,-0.254843,0.0314419;-1.55986,0.349802,-1.6
0.516233,-0.252191,0.0297966;-1.55972,0.298398,-1.58353
0.519283,-0.247338,0.0286727;-1.57106,0.205867,-1.57551
0.518088,-0.246103,0.0286018;-1.56997,-0.00255099,-1.56981
0.51844,-0.247009,0.0286453;-1.57019,0.0682115,-1.57553
0.518743,-0.247731,0.0286053;-1.57093,0.126603,-1.57225
0.513823,-0.254219,0.0299185;-1.55552,0.33834,-1.56967
0.514137,-0.253397,0.0300642;-1.54444,0.312334,-1.57541
0.516514,-0.250704,0.0287501;-1.56668,0.259722,-1.57591
0.515632,-0.24703,0.0285796;-1.57074,0.0427786,-1.57071
0.515508,-0.247975,0.0286474;-1.57061,0.0680369,-1.57414
0.515442,-0.248852,0.0285807;-1.57066,0.0901811,-1.57104
0.509628,-0.253984,0.0294377;-1.5801,0.335061,-1.57641
0.513515,-0.252075,0.0309215;-1.57574,0.301458,-1.60514
0.51555,-0.250899,0.0318283;-1.58437,0.282128,-1.60923
0.525797,-0.240625,0.0309505;-1.58301,0.0771776,-1.60494
0.531644,-0.237748,0.0299339;-1.59057,-0.0400323,-1.58983
0.528691,-0.240978,0.0299928;-1.60101,0.030769,-1.58065
0.522918,-0.246206,0.0309555;-1.60585,0.134469,-1.58599
0.515435,-0.253788,0.0317964;-1.58799,0.331625,-1.59698
0.518699,-0.249156,0.0309032;-1.5468,0.244407,-1.5958
0.521523,-0.245065,0.0287186;-1.56974,0.132306,-1.57904
0.52045,-0.246383,0.0287028;-1.56985,-0.0943429,-1.56512
0.521161,-0.245021,0.0286812;-1.56708,-0.0193988,-1.5697
0.522405,-0.2428,0.0287417;-1.56663,0.0794502,-1.56757
0.516145,-0.251847,0.0309269;-1.5594,0.294765,-1.55445
0.516673,-0.249327,0.0293445;-1.56246,0.241025,-1.56593
0.518357,-0.250658,0.0288313;-1.56326,0.153105,-1.56734
0.514924,-0.255848,0.0288997;-1.56686,-0.0917236,-1.55907
0.514953,-0.255346,0.0290211;-1.55705,-0.0507013,-1.56257
0.51612,-0.252694,0.0289438;-1.5654,0.0274367,-1.55859
0.512009,-0.251125,0.0314523;-1.57746,0.283935,-1.55231
0.514207,-0.248507,0.030885;-1.58893,0.242541,-1.57392
0.518131,-0.242295,0.0294966;-1.58666,0.141465,-1.58015
0.526452,-0.238659,0.0290925;-1.5915,-0.0882003,-1.57789
0.52685,-0.240576,0.0291712;-1.59765,-0.0978196,-1.57127
0.525092,-0.241674,0.0305318;-1.61943,-0.0339463,-1.57004
0.51757,-0.245439,0.0358075;-1.67271,0.20817,-1.5586
0.51707,-0.248377,0.0359392;-1.61827,0.249698,-1.57864
0.519707,-0.243978,0.0363359;-1.58358,0.174396,-1.58985
0.525911,-0.23697,0.0288643;-1.57909,-0.0459931,-1.56733
0.525715,-0.243019,0.0289668;-1.57137,-0.133905,-1.55229
0.525271,-0.243424,0.0293394;-1.55891,-0.117988,-1.54779
0.524174,-0.236531,0.0315749;-1.57662,0.0797129,-1.5262
0.518146,-0.24606,0.0333219;-1.57001,0.208035,-1.52074
0.520548,-0.244135,0.0334429;-1.5324,0.166006,-1.54431
0.523456,-0.239591,0.0297106;-1.56748,-0.0161455,-1.54892
0.522729,-0.246963,0.0296115;-1.56043,-0.121628,-1.54874
0.520987,-0.253226,0.0301752;-1.55349,-0.17125,-1.54149
0.522437,-0.23844,0.0316316;-1.57764,0.0258242,-1.52219
0.518824,-0.240602,0.0327368;-1.57268,0.130465,-1.51206
0.517183,-0.245885,0.034192;-1.52387,0.18941,-1.53232
0.5218,-0.234967,0.0301165;-1.56974,-0.00544518,-1.54967
0.525431,-0.243119,0.0305972;-1.55289,-0.133784,-1.55945
0.527943,-0.250685,0.0307035;-1.54615,-0.237611,-1.55855
0.525839,-0.244049,0.0338565;-1.64671,-0.0486362,-1.55159
0.523175,-0.236956,0.0368291;-1.71395,0.0863808,-1.55005
0.519741,-0.244694,0.0393058;-1.6976,0.196736,-1.55636
0.52395,-0.233672,0.0347416;-1.69049,0.0327311,-1.56209
0.527268,-0.239644,0.031553;-1.60323,-0.0823075,-1.55738
0.531574,-0.247949,0.0307404;-1.56055,-0.207702,-1.55188
0.528813,-0.241769,0.0314665;-1.58199,-0.0545286,-1.52755
0.525123,-0.239351,0.032736;-1.58647,0.0872852,-1.51507
0.520147,-0.246473,0.0341531;-1.58249,0.211317,-1.50997
0.52555,-0.237449,0.0318866;-1.56974,0.0584541,-1.5289
0.527975,-0.23901,0.030866;-1.56926,-0.0391748,-1.53422
0.528602,-0.246223,0.0312926;-1.56413,-0.15064,-1.52733
0.527421,-0.247855,0.0319835;-1.56686,-0.127694,-1.51791
0.526084,-0.241004,0.0331654;-1.58225,-0.00943353,-1.50466
0.521901,-0.239588,0.0343348;-1.59527,0.118476,-1.49809
0.525241,-0.239717,0.0315245;-1.57055,0.0725038,-1.53331
0.527897,-0.240422,0.0305296;-1.56495,-0.0399462,-1.53964
0.529923,-0.244696,0.0305453;-1.55065,-0.152868,-1.54018
0.529765,-0.250601,0.0311838;-1.57705,-0.187157,-1.53141
0.527162,-0.247582,0.0333011;-1.61989,-0.0638154,-1.53545
0.524027,-0.239865,0.0368232;-1.70971,0.0797453,-1.53916
0.525616,-0.239806,0.0384897;-1.70355,0.123164,-1.56994
0.529056,-0.233164,0.0366675;-1.72079,0.0280125,-1.57863
0.529825,-0.235186,0.0335763;-1.63685,-0.0236102,-1.58635
0.534442,-0.248853,0.0317159;-1.59856,-0.175812,-1.54338
0.531603,-0.248064,0.0315078;-1.59343,-0.101283,-1.5356
0.527484,-0.243371,0.0340958;-1.64087,0.026575,-1.53147
0.52351,-0.244257,0.0342169;-1.61459,0.180829,-1.53291
0.526805,-0.238897,0.03113;-1.56577,0.0825387,-1.53504
0.529949,-0.241206,0.0306709;-1.57258,-0.0326612,-1.53832
0.530688,-0.255721,0.0304599;-1.56423,-0.232179,-1.53753
0.531044,-0.253282,0.030608;-1.56633,-0.187176,-1.53732
0.530722,-0.246063,0.0317745;-1.58092,-0.0805359,-1.5236
0.523406,-0.244672,0.0346608;-1.58509,0.184329,-1.51077
0.5246,-0.241721,0.0325204;-1.58513,0.117596,-1.53051
0.527918,-0.241621,0.0306474;-1.57147,0.00952035,-1.54221
0.531193,-0.255048,0.0293661;-1.56737,-0.207992,-1.55036
0.530663,-0.253472,0.0295259;-1.57131,-0.17568,-1.54936
0.529155,-0.249317,0.0305839;-1.58517,-0.0937769,-1.54345
0.521731,-0.242927,0.0369283;-1.71885,0.172028,-1.54788
0.524987,-0.239964,0.0367488;-1.7179,0.122027,-1.57052
0.528447,-0.233856,0.0351305;-1.6906,0.0274389,-1.58198
0.533964,-0.239721,0.0313328;-1.61027,-0.09977,-1.59287
0.535059,-0.243766,0.0305253;-1.62464,-0.131547,-1.57491
0.533122,-0.244141,0.0327233;-1.65299,-0.0971884,-1.57213
0.533122,-0.244141,0.0327233;-1.65299,-0.0971884,-1.57213
0.528959,-0.238814,0.034676;-1.68425,0.0183705,-1.56002
0.528959,-0.238814,0.034676;-1.68425,0.0183705,-1.56002
