0.5,-0.3,0.06;-1.57,-2.98023e-08,-1.57
0.5,-0.3,0.06;-1.57,-2.98023e-08,-1.57
0.5,-0.3,0.06;-1.57,-2.98023e-08,-1.57
0.501619,-0.29577,0.0286416;-1.57092,-0.304076,-1.57403
0.500875,-0.297065,0.0287224;-1.57049,-0.221279,-1.57756
0.499367,-0.299101,0.0289642;-1.58092,-0.105452,-1.58021
0.499372,-0.294085,0.0290499;-1.57721,-0.00184712,-1.57787
0.499564,-0.289764,0.0285986;-1.56987,-0.239039,-1.57307
0.500065,-0.290734,0.0287316;-1.57518,-0.396245,-1.56914
0.500955,-0.291359,0.0288983;-1.57525,-0.460866,-1.56524
0.498913,-0.283312,0.0293166;-1.58094,-0.278563,-1.56165
0.494732,-0.275274,0.0305344;-1.59703,-0.133187,-1.55855
0.489517,-0.267877,0.0320252;-1.6283,0.0325082,-1.56714
0.494705,-0.271592,0.028973;-1.57713,-0.073322,-1.57033
0.496215,-0.270508,0.0286452;-1.57042,-0.186871,-1.57408
0.494282,-0.268373,0.0286872;-1.57101,-0.326739,-1.57616
0.494231,-0.269274,0.0287228;-1.57078,-0.245302,-1.57758
0.493654,-0.27114,0.0287822;-1.57531,-0.144701,-1.57672
0.491595,-0.271025,0.0293639;-1.57937,-0.000759542,-1.5805
0.491419,-0.270028,0.0294734;-1.58236,0.0101956,-1.58313
0.492418,-0.266408,0.0290527;-1.57572,-0.100226,-1.58352
0.493808,-0.263443,0.0288055;-1.57056,-0.255579,-1.58196
0.494847,-0.261966,0.0291275;-1.59749,-0.37038,-1.5785
0.490864,-0.258747,0.0306715;-1.60886,-0.263718,-1.57069
0.484311,-0.250373,0.0343745;-1.68639,-0.118206,-1.58402
0.482336,-0.246812,0.0357926;-1.71571,-0.0540981,-1.58434
0.486542,-0.246368,0.0324808;-1.65712,-0.151281,-1.58535
0.496017,-0.258858,0.0300651;-1.57215,-0.373624,-1.59515
0.496051,-0.259679,0.030262;-1.56122,-0.384049,-1.58757
0.495053,-0.260536,0.0288096;-1.57248,-0.309868,-1.58115
0.489337,-0.263757,0.0301774;-1.59994,-0.0377359,-1.57935
0.485456,-0.260921,0.0318052;-1.62983,0.0607905,-1.57708
0.487277,-0.259108,0.0309029;-1.61328,-0.036451,-1.57322
0.488373,-0.268735,0.0292976;-1.55346,-0.346865,-1.54645
0.486461,-0.276785,0.0301772;-1.52366,-0.511836,-1.52918
0.48674,-0.271718,0.0318135;-1.52634,-0.430717,-1.51671
0.478816,-0.259856,0.0348408;-1.58625,-0.157543,-1.4974
0.473662,-0.258538,0.035978;-1.62549,-0.0113797,-1.50088
0.473174,-0.25736,0.0356149;-1.62544,-0.0124758,-1.50298
0.481378,-0.262677,0.0333718;-1.51693,-0.273245,-1.50464
0.479897,-0.269903,0.0311308;-1.5085,-0.414451,-1.52285
0.47959,-0.272366,0.0300336;-1.52034,-0.477002,-1.53782
0.483465,-0.262829,0.0309962;-1.531,-0.293116,-1.53863
0.481801,-0.255066,0.0312053;-1.56809,-0.167133,-1.53215
0.476023,-0.251618,0.0325915;-1.59536,-0.043635,-1.52994
0.480306,-0.259319,0.0300283;-1.54314,-0.2731,-1.54573
0.478789,-0.266629,0.0294338;-1.5352,-0.429382,-1.54665
0.477334,-0.273906,0.0296213;-1.53168,-0.568485,-1.5402
0.477761,-0.257771,0.0310657;-1.56778,-0.329431,-1.52706
0.472892,-0.252603,0.0330429;-1.59499,-0.183688,-1.52252
0.465058,-0.250251,0.0348518;-1.63136,-0.0276046,-1.52694
0.475649,-0.259665,0.030354;-1.57737,-0.266241,-1.54255
0.477564,-0.26717,0.0288785;-1.56841,-0.422114,-1.55773
0.47638,-0.271592,0.028622;-1.57048,-0.600757,-1.56857
0.474992,-0.276496,0.028775;-1.57085,-0.388497,-1.58005
0.473214,-0.280536,0.0292466;-1.59126,-0.25868,-1.58719
0.470056,-0.289303,0.0303832;-1.5932,-0.114105,-1.59356
0.470846,-0.2787,0.0293455;-1.57292,-0.281518,-1.58917
0.470523,-0.273849,0.0289365;-1.5689,-0.399638,-1.58619
0.471002,-0.268765,0.0290076;-1.57888,-0.505897,-1.58793
0.469284,-0.273771,0.0291045;-1.5845,-0.366616,-1.58798
0.464902,-0.273128,0.0312928;-1.62886,-0.216177,-1.58862
0.459282,-0.272501,0.0357054;-1.70658,-0.0657388,-1.59288
0.460572,-0.270326,0.0337548;-1.67507,-0.132021,-1.59063
0.465513,-0.270909,0.0299769;-1.6133,-0.266213,-1.58348
0.468985,-0.274179,0.0291467;-1.58995,-0.419636,-1.57841
0.469668,-0.274571,0.0287736;-1.57074,-0.450158,-1.57997
0.469081,-0.277002,0.0287695;-1.56988,-0.342033,-1.57989
0.46736,-0.280154,0.0289943;-1.58125,-0.20064,-1.58245
0.465255,-0.281104,0.029385;-1.57742,-0.0737132,-1.5781
0.465186,-0.279892,0.0286834;-1.56736,-0.163168,-1.56864
0.462205,-0.280825,0.0286206;-1.56895,-0.337186,-1.57057
0.458516,-0.277501,0.0286285;-1.57087,-0.560908,-1.57329
0.459087,-0.276194,0.0286104;-1.57116,-0.435308,-1.56906
0.456619,-0.271853,0.0289267;-1.57286,-0.293834,-1.56229
0.441043,-0.262474,0.0339727;-1.64356,-0.0106534,-1.55243
0.446626,-0.263815,0.0345214;-1.65821,-0.117785,-1.55519
0.45484,-0.27317,0.0309757;-1.5805,-0.270408,-1.53601
0.460029,-0.289915,0.029771;-1.54268,-0.545675,-1.53952
0.460133,-0.287884,0.0293126;-1.54403,-0.459754,-1.54709
0.460718,-0.282853,0.0290244;-1.56184,-0.317327,-1.55478
0.454104,-0.269418,0.0310737;-1.58829,-0.110621,-1.54469
0.456874,-0.270072,0.0317205;-1.59748,-0.1952,-1.54245
0.459731,-0.276885,0.0292221;-1.56678,-0.308581,-1.54865
0.459485,-0.288886,0.0295504;-1.53712,-0.53384,-1.54
0.459051,-0.285189,0.0292687;-1.55708,-0.474189,-1.54354
0.457216,-0.278358,0.03042;-1.56643,-0.374635,-1.53157
0.442419,-0.268365,0.0368929;-1.70563,-0.0918669,-1.55897
0.443962,-0.268614,0.0385662;-1.72822,-0.16171,-1.5645
0.4492,-0.275246,0.0368747;-1.64677,-0.264958,-1.5282
0.460046,-0.290201,0.0334057;-1.53635,-0.544953,-1.49443
0.458812,-0.284663,0.0322681;-1.56649,-0.478718,-1.51773
0.455762,-0.280767,0.032328;-1.59582,-0.372638,-1.53846
0.445149,-0.271863,0.035095;-1.68085,-0.095702,-1.59639
0.444528,-0.275054,0.03235;-1.64548,-0.144155,-1.58138
0.44678,-0.27849,0.0306682;-1.61031,-0.180149,-1.57546
0.454997,-0.285806,0.0292101;-1.5507,-0.444674,-1.55951
0.459544,-0.28711,0.0290451;-1.55197,-0.556434,-1.5581
0.458249,-0.285457,0.0289256;-1.5522,-0.446566,-1.56222
0.453367,-0.281097,0.0299008;-1.5897,-0.289847,-1.56364
0.441955,-0.276872,0.0344307;-1.67645,-0.0576283,-1.5767
0.447829,-0.280998,0.0336931;-1.64522,-0.187226,-1.55842
0.454328,-0.288688,0.0302701;-1.57318,-0.342351,-1.53766
0.458867,-0.303076,0.0291932;-1.55281,-0.590919,-1.54609
0.459114,-0.299301,0.0289847;-1.56235,-0.477191,-1.55509
0.459708,-0.294568,0.0287278;-1.57089,-0.312484,-1.56376
0.453626,-0.290231,0.0296086;-1.57371,-0.0316455,-1.57081
0.456381,-0.290678,0.0289422;-1.57843,-0.108268,-1.57695
0.457422,-0.29107,0.0285633;-1.57062,-0.259937,-1.57131
0.452579,-0.291795,0.0286457;-1.56837,-0.513929,-1.57057
0.453329,-0.292253,0.0285784;-1.57071,-0.431872,-1.57071
0.454918,-0.293263,0.0285721;-1.56984,-0.31594,-1.57048
0.450903,-0.28208,0.0297984;-1.57699,-0.0918232,-1.56304
0.45369,-0.283484,0.029892;-1.58473,-0.152418,-1.56175
0.456573,-0.291234,0.0290141;-1.57463,-0.277796,-1.56075
0.459309,-0.304316,0.0290829;-1.5612,-0.501853,-1.55637
0.459468,-0.303399,0.02891;-1.56199,-0.467232,-1.55892
0.460084,-0.299117,0.0287809;-1.57141,-0.341677,-1.5606
0.453966,-0.289079,0.0290787;-1.57911,-0.0947623,-1.56899
0.453689,-0.288391,0.0293011;-1.58505,-0.0867104,-1.57601
0.45548,-0.289106,0.0286679;-1.57186,-0.160139,-1.57407
0.452355,-0.284616,0.0286435;-1.57073,-0.424917,-1.5738
0.452171,-0.284532,0.0286998;-1.5712,-0.435318,-1.57654
0.451824,-0.28626,0.0287531;-1.57031,-0.362154,-1.57906
0.446941,-0.292001,0.0290756;-1.58109,-0.0886568,-1.58096
0.442473,-0.291982,0.0309614;-1.6109,0.0420137,-1.58106
0.444212,-0.289074,0.0309414;-1.61786,-0.0352146,-1.57865
0.453644,-0.30222,0.0297901;-1.54423,-0.37056,-1.55193
0.455965,-0.30763,0.0299849;-1.54333,-0.512423,-1.54487
0.456103,-0.303063,0.0300911;-1.54475,-0.458093,-1.54456
0.448152,-0.288989,0.0314201;-1.60753,-0.146573,-1.55547
0.441251,-0.286455,0.0328232;-1.64554,0.0185658,-1.57245
0.439701,-0.286439,0.031197;-1.61854,0.0380283,-1.57733
0.444931,-0.298435,0.0292341;-1.54224,-0.249128,-1.5596
0.444045,-0.301966,0.0293249;-1.54605,-0.374309,-1.54867
0.443644,-0.304359,0.0294057;-1.53429,-0.449311,-1.54728
0.443267,-0.296256,0.0311778;-1.51686,-0.305461,-1.5411
0.439445,-0.287724,0.0315618;-1.57317,-0.15301,-1.52091
0.432756,-0.287579,0.0325423;-1.57537,0.00773786,-1.51769
0.438719,-0.299483,0.0354524;-1.52176,-0.255073,-1.48645
0.438669,-0.309357,0.035758;-1.50268,-0.399071,-1.47467
0.437435,-0.319554,0.0351834;-1.4686,-0.524033,-1.46927
0.438937,-0.302232,0.0353091;-1.51346,-0.300936,-1.48776
0.435495,-0.292283,0.0334465;-1.57437,-0.146015,-1.4995
0.430023,-0.290257,0.0335851;-1.58503,0.000224203,-1.50733
0.43331,-0.298516,0.0310987;-1.55375,-0.213479,-1.53117
0.43261,-0.307313,0.0300658;-1.53098,-0.333726,-1.54404
0.43159,-0.313048,0.0294418;-1.53723,-0.410211,-1.54604
0.43322,-0.305339,0.0293281;-1.54588,-0.297783,-1.5539
0.433618,-0.294515,0.0296161;-1.56971,-0.192632,-1.54882
0.429393,-0.287655,0.0308501;-1.57233,-0.0605988,-1.53808
0.431636,-0.291925,0.0298345;-1.57412,-0.138019,-1.54605
0.43372,-0.302824,0.0295942;-1.57051,-0.272834,-1.54703
0.43269,-0.315265,0.0297955;-1.54789,-0.41447,-1.54485
0.431571,-0.308185,0.0306119;-1.5639,-0.323316,-1.53683
0.428566,-0.298458,0.0303796;-1.57589,-0.183946,-1.54075
0.422399,-0.291695,0.0307701;-1.57992,-0.0198775,-1.54517
0.424182,-0.289968,0.0287808;-1.57729,-0.0223246,-1.57421
0.426279,-0.287723,0.0287113;-1.57063,-0.170747,-1.57711
0.425201,-0.286188,0.028716;-1.57077,-0.279714,-1.57735
0.424729,-0.286204,0.0287482;-1.57133,-0.291692,-1.57869
0.424532,-0.288452,0.0288583;-1.5702,-0.206548,-1.58339
0.422542,-0.291819,0.029304;-1.5798,-0.0922722,-1.58593
0.418931,-0.291305,0.0307688;-1.56569,0.0757909,-1.59546
0.420758,-0.287947,0.0289374;-1.57584,-0.0529266,-1.5829
0.422537,-0.289948,0.0289353;-1.56447,-0.19591,-1.58038
0.424735,-0.29407,0.0293677;-1.56365,-0.374924,-1.56641
0.423681,-0.291371,0.0294427;-1.57898,-0.274521,-1.56463
0.421448,-0.285404,0.0298338;-1.59686,-0.141909,-1.56359
0.413589,-0.273291,0.0317329;-1.63002,0.146168,-1.57111
0.418776,-0.277128,0.02868;-1.56687,0.0122077,-1.57037
0.418424,-0.278239,0.028538;-1.57107,-0.134089,-1.57091
0.415384,-0.27722,0.0285746;-1.57101,-0.316834,-1.57084
0.415577,-0.277636,0.0285804;-1.57063,-0.229909,-1.57102
0.416217,-0.278203,0.0285769;-1.57063,-0.14895,-1.57076
0.411626,-0.268123,0.0294816;-1.56958,0.121445,-1.56669
0.41373,-0.26702,0.0290043;-1.56834,0.0640088,-1.56616
0.415509,-0.271281,0.0287458;-1.57098,-0.0757456,-1.56282
0.410996,-0.287062,0.0294516;-1.55386,-0.346244,-1.55165
0.410573,-0.284064,0.0306152;-1.54499,-0.279384,-1.53997
0.40999,-0.273242,0.031958;-1.57109,-0.151654,-1.52087
0.40999,-0.273242,0.031958;-1.57109,-0.151654,-1.52087
0.407107,-0.265109,0.0333546;-1.58557,-0.0410894,-1.5079
0.407107,-0.265109,0.0333546;-1.58557,-0.0410894,-1.5079
