0.5,-0.3,0.06;-1.57,-2.98023e-08,-1.57
0.5,-0.3,0.06;-1.57,-2.98023e-08,-1.57
0.5,-0.3,0.06;-1.57,-2.98023e-08,-1.57
0.498361,-0.301503,0.0286383;-1.56828,-0.309146,-1.56947
0.499862,-0.299098,0.0288569;-1.55728,-0.211387,-1.56769
0.50035,-0.291298,0.0292289;-1.56901,-0.0712821,-1.56273
0.495424,-0.280914,0.0295329;-1.57317,0.0972554,-1.56837
0.497234,-0.288738,0.0287483;-1.5628,-0.11257,-1.56958
0.497441,-0.291617,0.0286766;-1.57082,-0.249174,-1.56589
0.498496,-0.293337,0.0286833;-1.56552,-0.305427,-1.56882
0.498794,-0.289561,0.0287101;-1.56429,-0.123262,-1.57002
0.498644,-0.283519,0.0292033;-1.55911,0.00215784,-1.56723
0.495834,-0.273475,0.029478;-1.57012,0.159274,-1.56987
0.50039,-0.269155,0.0290581;-1.56843,0.0307114,-1.57396
0.502812,-0.268489,0.0286078;-1.5694,-0.111108,-1.5731
0.503792,-0.269048,0.0285823;-1.57114,-0.265172,-1.5712
0.504235,-0.26708,0.0286773;-1.5706,-0.184636,-1.56637
0.502286,-0.263413,0.028802;-1.57357,-0.0346459,-1.56317
0.497801,-0.257112,0.0294327;-1.58127,0.12155,-1.56163
0.495837,-0.2648,0.0300746;-1.58416,0.203084,-1.58617
0.497086,-0.272144,0.0289945;-1.56797,0.124606,-1.57666
0.496068,-0.273694,0.0291304;-1.55141,0.0183399,-1.57799
0.494954,-0.271815,0.028594;-1.5701,-0.137987,-1.57012
0.495011,-0.270642,0.0285742;-1.57091,-0.0640313,-1.57125
0.495588,-0.265949,0.0286465;-1.57292,0.0718484,-1.57028
0.494828,-0.260507,0.0292174;-1.58125,0.137656,-1.57876
0.498336,-0.257355,0.0291681;-1.57257,0.0466837,-1.58643
0.505385,-0.251488,0.0290983;-1.57563,-0.237957,-1.58635
0.505901,-0.251962,0.0287442;-1.57389,-0.261921,-1.57641
0.503762,-0.25544,0.0287244;-1.57205,-0.120664,-1.57717
0.497284,-0.263319,0.029653;-1.58735,0.196534,-1.5809
0.495599,-0.266445,0.0308037;-1.5797,0.311279,-1.59815
0.499204,-0.264542,0.0326021;-1.57477,0.234428,-1.62619
0.504467,-0.25558,0.0312968;-1.57327,-0.0337202,-1.61469
0.510722,-0.249453,0.0310282;-1.58047,-0.15724,-1.60795
0.510492,-0.250513,0.029153;-1.58919,-0.130745,-1.58254
0.501548,-0.262105,0.0316721;-1.59113,0.112724,-1.6038
0.499238,-0.261092,0.0346806;-1.63937,0.258224,-1.59562
0.500409,-0.258865,0.0362385;-1.64618,0.264119,-1.61151
0.511033,-0.248502,0.0332377;-1.59122,0.0217622,-1.62767
0.51491,-0.245928,0.0322441;-1.59536,-0.056749,-1.61552
0.518109,-0.243741,0.0308648;-1.60926,-0.103666,-1.59476
0.506764,-0.258216,0.0319842;-1.60285,0.137533,-1.60139
0.504158,-0.261207,0.0325155;-1.5902,0.272932,-1.61163
0.503097,-0.2548,0.0338084;-1.60344,0.357946,-1.61546
0.511209,-0.244611,0.0344961;-1.58445,0.126959,-1.64455
0.51651,-0.238403,0.0326504;-1.57751,-0.0125312,-1.62939
0.520595,-0.241938,0.0332653;-1.5845,-0.112679,-1.63374
0.514519,-0.251251,0.0299076;-1.58718,0.0514753,-1.59019
0.508133,-0.258219,0.0303922;-1.5892,0.177006,-1.5901
0.503914,-0.259248,0.0317059;-1.60389,0.317681,-1.58794
0.511644,-0.252941,0.0330967;-1.5705,0.134431,-1.63686
0.513184,-0.251527,0.032232;-1.57185,0.0272022,-1.62614
0.516896,-0.247732,0.0312538;-1.57997,-0.0692161,-1.61089
0.512341,-0.256918,0.0290362;-1.58461,0.134974,-1.57716
0.509772,-0.258859,0.0289334;-1.57987,0.261671,-1.57667
0.508305,-0.260292,0.0293832;-1.5841,0.406764,-1.57665
0.514703,-0.25051,0.0312307;-1.55483,0.200813,-1.61282
0.517165,-0.243934,0.0295446;-1.56776,0.0642051,-1.59344
0.521549,-0.240128,0.0288695;-1.57145,-0.0735608,-1.58313
0.521812,-0.241798,0.028598;-1.57085,0.00194651,-1.57188
0.520059,-0.242786,0.0286329;-1.5729,0.122887,-1.57099
0.516261,-0.247345,0.0290366;-1.57495,0.233476,-1.56615
0.51574,-0.251108,0.0298397;-1.57443,0.267481,-1.59127
0.515799,-0.250757,0.0295536;-1.5657,0.191769,-1.59292
0.515625,-0.251549,0.02956;-1.56253,0.152817,-1.59251
0.514708,-0.256322,0.0288798;-1.56433,0.118468,-1.57946
0.51476,-0.256493,0.0286561;-1.57081,0.159018,-1.57451
0.513948,-0.255923,0.0286533;-1.57279,0.274008,-1.56824
0.512789,-0.256913,0.0296281;-1.55915,0.380883,-1.57591
0.516422,-0.254478,0.0294666;-1.57485,0.303576,-1.58796
0.519953,-0.250607,0.0298646;-1.5632,0.185789,-1.59891
0.526244,-0.244251,0.0287849;-1.57129,-0.0602518,-1.58098
0.525074,-0.246324,0.0287318;-1.5707,0.0297835,-1.57804
0.523706,-0.24832,0.0285646;-1.57167,0.16184,-1.56976
0.512736,-0.259511,0.0298102;-1.56426,0.429683,-1.56293
0.513092,-0.262233,0.0294502;-1.57811,0.416879,-1.58279
0.513359,-0.26516,0.0317148;-1.52753,0.361494,-1.61844
0.514787,-0.267384,0.0290358;-1.56351,0.170474,-1.58683
0.514307,-0.267852,0.0288259;-1.57066,0.18869,-1.58254
0.513509,-0.268851,0.028573;-1.57048,0.280778,-1.57064
0.507587,-0.269443,0.0293784;-1.59165,0.563089,-1.56815
0.51262,-0.266927,0.030195;-1.57837,0.480443,-1.59348
0.519438,-0.263232,0.0309866;-1.56818,0.359065,-1.61259
0.531744,-0.25652,0.0303583;-1.57998,0.0934419,-1.59977
0.528247,-0.260536,0.0302222;-1.58643,0.163917,-1.59381
0.520327,-0.269933,0.029042;-1.57965,0.318432,-1.58175
0.510665,-0.279471,0.0296763;-1.5922,0.611719,-1.57246
0.512414,-0.278972,0.0319034;-1.58324,0.568341,-1.6092
0.516223,-0.275787,0.033077;-1.56628,0.443465,-1.64085
0.528105,-0.269836,0.035235;-1.58677,0.156387,-1.65345
0.526,-0.272211,0.0341649;-1.58312,0.200241,-1.64124
0.522716,-0.275831,0.0327155;-1.59325,0.274501,-1.61494
0.51291,-0.284009,0.030648;-1.61035,0.504681,-1.56856
0.51644,-0.280641,0.0330233;-1.60417,0.441614,-1.60405
0.519007,-0.278123,0.0340839;-1.61336,0.412486,-1.61134
0.528182,-0.274623,0.03593;-1.58337,0.219893,-1.66418
0.531863,-0.274668,0.0348933;-1.60025,0.13868,-1.64091
0.525517,-0.281467,0.0334319;-1.60116,0.263708,-1.61732
0.518956,-0.28818,0.0316645;-1.59966,0.390009,-1.59423
0.5184,-0.285533,0.0337551;-1.60253,0.564215,-1.61031
0.524045,-0.280623,0.0355883;-1.60028,0.465031,-1.63706
0.528914,-0.278381,0.0354546;-1.57627,0.342322,-1.66098
0.541171,-0.271909,0.0345149;-1.59101,0.0717334,-1.64348
0.53943,-0.271888,0.0334977;-1.5934,0.119758,-1.62672
0.530756,-0.279438,0.0315694;-1.58394,0.264914,-1.60783
0.522174,-0.284477,0.0305434;-1.5908,0.541674,-1.58291
0.52563,-0.281812,0.0315255;-1.57796,0.465825,-1.60885
0.529176,-0.281057,0.0321969;-1.56525,0.354971,-1.62892
0.529036,-0.290522,0.0342593;-1.57423,0.192136,-1.64748
0.522227,-0.299649,0.0337188;-1.55787,0.303598,-1.64432
0.51919,-0.304491,0.030872;-1.5576,0.416171,-1.61427
0.518153,-0.306521,0.0288116;-1.58409,0.68198,-1.5617
0.519702,-0.303865,0.0290204;-1.56902,0.614418,-1.57616
0.52202,-0.299244,0.0295691;-1.56051,0.479638,-1.59491
0.532151,-0.294729,0.0316184;-1.56469,0.248572,-1.62327
0.532847,-0.292887,0.0316498;-1.57323,0.228971,-1.61597
0.530939,-0.292244,0.029287;-1.5646,0.29241,-1.58917
0.526538,-0.290159,0.0288314;-1.57921,0.572873,-1.56125
0.526682,-0.289666,0.028938;-1.5773,0.594119,-1.56739
0.527178,-0.292386,0.0294836;-1.56102,0.542605,-1.58894
0.528182,-0.29679,0.0324133;-1.55741,0.443793,-1.63283
0.528573,-0.298047,0.0326331;-1.56214,0.376638,-1.63393
0.525669,-0.302091,0.031633;-1.56216,0.418114,-1.62263
0.524926,-0.305943,0.0287763;-1.57347,0.596063,-1.5694
0.526916,-0.301383,0.028834;-1.58247,0.73336,-1.55965
0.528744,-0.301346,0.0289712;-1.56979,0.675511,-1.57392
0.537117,-0.297725,0.0297058;-1.56796,0.465692,-1.59747
0.545543,-0.295736,0.0310692;-1.57341,0.310738,-1.61015
0.545799,-0.295538,0.0314544;-1.57181,0.291832,-1.61539
0.539365,-0.299128,0.0287197;-1.57166,0.479446,-1.57696
0.537584,-0.296961,0.0288042;-1.57956,0.647996,-1.56178
0.537509,-0.29533,0.0287891;-1.58241,0.709286,-1.56213
0.53724,-0.297254,0.0303416;-1.55006,0.611055,-1.61295
0.545038,-0.291626,0.0323133;-1.56102,0.489957,-1.63164
0.553091,-0.289987,0.0334461;-1.56095,0.373936,-1.64445
0.552036,-0.291576,0.0309754;-1.54839,0.453243,-1.61617
0.553643,-0.289543,0.0291378;-1.58146,0.556648,-1.57557
0.550985,-0.289582,0.0288816;-1.5889,0.696606,-1.55862
0.557752,-0.28416,0.0311351;-1.55656,0.459074,-1.61798
0.563323,-0.281958,0.0324942;-1.57092,0.34022,-1.62903
0.570343,-0.282772,0.0341173;-1.58222,0.220674,-1.64174
0.559786,-0.287233,0.0331921;-1.55031,0.422023,-1.6416
0.556866,-0.290824,0.0317884;-1.56408,0.579328,-1.61492
0.556876,-0.291986,0.0297433;-1.59142,0.741171,-1.57257
0.561364,-0.290793,0.0335689;-1.5553,0.530724,-1.64432
0.569406,-0.287342,0.034772;-1.56463,0.389205,-1.65661
0.578176,-0.287375,0.0364115;-1.58309,0.24537,-1.66752
0.577361,-0.288241,0.036441;-1.54316,0.361084,-1.67808
0.579161,-0.284227,0.0347332;-1.59917,0.495938,-1.62141
0.576034,-0.284854,0.0337207;-1.63709,0.620271,-1.57349
0.582856,-0.280777,0.0339488;-1.59979,0.46813,-1.61652
0.586331,-0.280645,0.0343358;-1.58272,0.348624,-1.64101
0.589896,-0.281177,0.0356472;-1.59088,0.267362,-1.65275
0.582008,-0.290867,0.0372784;-1.55159,0.369282,-1.68982
0.577927,-0.296198,0.0361791;-1.52909,0.515858,-1.68419
0.577972,-0.297385,0.033928;-1.54379,0.664685,-1.64741
0.584832,-0.288652,0.0324496;-1.60652,0.644096,-1.58819
0.589356,-0.285961,0.0322275;-1.57142,0.51241,-1.62494
0.597231,-0.281685,0.0331982;-1.57292,0.381661,-1.63754
0.605362,-0.283128,0.0352874;-1.57701,0.279773,-1.65992
0.603593,-0.282851,0.0362838;-1.53969,0.344952,-1.67416
0.602174,-0.278607,0.0328398;-1.55664,0.465137,-1.62951
0.599149,-0.276114,0.0290899;-1.58609,0.604194,-1.57005
0.601613,-0.275854,0.0298624;-1.57065,0.516036,-1.59382
0.604119,-0.274984,0.0304638;-1.56628,0.434107,-1.60744
0.604641,-0.285364,0.0339787;-1.56323,0.333313,-1.64968
0.598099,-0.289038,0.0343933;-1.54793,0.410707,-1.65488
0.592194,-0.294311,0.0331568;-1.52342,0.52815,-1.64613
0.595521,-0.293778,0.0287959;-1.58241,0.716206,-1.56189
0.596946,-0.293763,0.0286164;-1.57046,0.634056,-1.56901
0.597881,-0.291588,0.0289622;-1.56264,0.505449,-1.58602
0.609478,-0.284081,0.0292985;-1.57283,0.267961,-1.58907
0.607464,-0.28709,0.0318897;-1.56059,0.32932,-1.62114
0.604076,-0.287728,0.0338207;-1.53716,0.411801,-1.64709
0.599598,-0.280782,0.0292923;-1.57986,0.668784,-1.56533
0.599256,-0.281965,0.028726;-1.57834,0.619496,-1.56568
0.599345,-0.283053,0.0287041;-1.56948,0.542402,-1.57647
0.60137,-0.281157,0.0297398;-1.56399,0.425849,-1.59756
0.599816,-0.286816,0.032627;-1.54058,0.455751,-1.6334
0.600795,-0.292427,0.0346019;-1.50911,0.521011,-1.66631
0.600795,-0.292427,0.0346019;-1.50911,0.521011,-1.66631
0.600711,-0.293298,0.034964;-1.48454,0.567181,-1.66636
0.600711,-0.293298,0.034964;-1.48454,0.567181,-1.66636
