0.5,-0.3,0.06;-1.57,-2.98023e-08,-1.57
0.5,-0.3,0.06;-1.57,-2.98023e-08,-1.57
0.5,-0.3,0.06;-1.57,-2.98023e-08,-1.57
0.501998,-0.295526,0.0286963;-1.57156,-0.315299,-1.57614
0.501172,-0.296464,0.028893;-1.57935,-0.231955,-1.57941
0.499513,-0.299142,0.0289826;-1.58207,-0.0966468,-1.57995
0.498016,-0.300017,0.0290525;-1.58231,0.0155085,-1.58161
0.500358,-0.294535,0.0287733;-1.57075,-0.218155,-1.58013
0.501563,-0.291182,0.0287559;-1.57224,-0.340147,-1.5782
0.502781,-0.288115,0.0286691;-1.57153,-0.43697,-1.57455
0.501377,-0.293043,0.0286937;-1.57084,-0.228411,-1.57605
0.499998,-0.29583,0.0288621;-1.57802,-0.0958204,-1.5778
0.498047,-0.296462,0.0294744;-1.58095,0.0480272,-1.58009
0.499127,-0.295885,0.0288178;-1.57536,-0.0350326,-1.57767
0.49886,-0.293951,0.0287347;-1.57074,-0.157105,-1.57812
0.498242,-0.291045,0.0286956;-1.57105,-0.290612,-1.57635
0.497532,-0.292692,0.0288729;-1.57069,-0.215957,-1.58482
0.495796,-0.297977,0.0298037;-1.57748,-0.105257,-1.59311
0.494821,-0.298618,0.0307952;-1.57614,0.0471321,-1.60184
0.49483,-0.301116,0.0317883;-1.56503,0.100966,-1.61105
0.495759,-0.302203,0.0319636;-1.55666,0.00864192,-1.61565
0.495065,-0.300477,0.0306164;-1.56598,-0.117668,-1.60496
0.498121,-0.287962,0.0296049;-1.58981,-0.271391,-1.59158
0.494695,-0.295207,0.0308768;-1.57537,-0.15651,-1.6076
0.493821,-0.297895,0.03223;-1.56227,-0.0256935,-1.61926
0.493822,-0.298557,0.0324501;-1.55687,0.0599801,-1.61882
0.492616,-0.298702,0.0312189;-1.55756,-0.0301126,-1.60907
0.493679,-0.28989,0.029296;-1.59029,-0.224944,-1.58711
0.494512,-0.288841,0.0291465;-1.59025,-0.239287,-1.58379
0.49329,-0.291437,0.0289838;-1.57816,-0.158267,-1.58372
0.494109,-0.29424,0.0290574;-1.57328,0.0497,-1.58106
0.495707,-0.29368,0.0296323;-1.56669,0.119073,-1.57923
0.492177,-0.286741,0.0289162;-1.57854,0.00191727,-1.57835
0.494033,-0.282081,0.028672;-1.57063,-0.240904,-1.57598
0.495643,-0.279188,0.0285929;-1.57063,-0.355112,-1.57152
0.495316,-0.279228,0.0286622;-1.57433,-0.320166,-1.57254
0.493797,-0.280819,0.0287665;-1.57512,-0.0807352,-1.57483
0.491347,-0.271699,0.0296441;-1.57888,0.0759124,-1.57189
0.491506,-0.270316,0.0303516;-1.60184,0.0829509,-1.57359
0.49747,-0.274555,0.028703;-1.57691,-0.189395,-1.57089
0.49889,-0.276426,0.0287099;-1.57633,-0.323086,-1.57034
0.499765,-0.276962,0.0287252;-1.57592,-0.379893,-1.56929
0.495781,-0.272771,0.0288999;-1.58273,-0.157783,-1.56596
0.491358,-0.265984,0.0305977;-1.60133,0.012411,-1.5639
0.486404,-0.260009,0.0331896;-1.66003,0.143019,-1.56553
0.495302,-0.270326,0.0292203;-1.58953,-0.119363,-1.56967
0.497612,-0.271139,0.0289698;-1.58285,-0.264278,-1.56763
0.497905,-0.268107,0.0291909;-1.58435,-0.412082,-1.5719
0.492606,-0.262519,0.0307803;-1.61746,-0.204227,-1.5732
0.48782,-0.256364,0.0351515;-1.70888,-0.0320823,-1.57798
0.482292,-0.260483,0.038632;-1.75467,0.111073,-1.57075
0.487604,-0.260457,0.0351545;-1.70392,-0.0778477,-1.58247
0.490523,-0.269762,0.0317948;-1.63355,-0.209388,-1.57917
0.490901,-0.274077,0.0297332;-1.59665,-0.36166,-1.57976
0.488355,-0.265536,0.0319807;-1.63657,-0.179618,-1.57757
0.48445,-0.258703,0.0345569;-1.68095,-0.0251806,-1.58047
0.481525,-0.257108,0.0368239;-1.7048,0.103794,-1.58418
0.48322,-0.265435,0.0322772;-1.64067,-0.00673687,-1.57377
0.485817,-0.274972,0.0289907;-1.5808,-0.12423,-1.56384
0.48844,-0.278103,0.0291365;-1.57792,-0.235747,-1.56568
0.488949,-0.280029,0.0290798;-1.57234,-0.117053,-1.56547
0.490338,-0.275067,0.0292061;-1.57078,0.0149194,-1.56595
0.48859,-0.267807,0.0297551;-1.56758,0.149743,-1.56605
0.489637,-0.269395,0.0299829;-1.59001,0.0757477,-1.56826
0.491007,-0.272672,0.0287346;-1.57633,-0.0343623,-1.56816
0.492924,-0.275202,0.0287637;-1.57658,-0.159404,-1.56784
0.493682,-0.27639,0.0286828;-1.57445,-0.198628,-1.56968
0.493109,-0.275517,0.0286595;-1.57468,-0.123603,-1.57135
0.49305,-0.270832,0.0290808;-1.57059,-0.0082084,-1.57189
0.490481,-0.259655,0.0294794;-1.57739,0.0950396,-1.57627
0.49199,-0.257754,0.0288339;-1.57685,-0.0210194,-1.57695
0.493504,-0.255003,0.0286519;-1.57203,-0.174122,-1.57434
0.493496,-0.254831,0.0288594;-1.5665,-0.311424,-1.57887
0.493124,-0.256782,0.0287119;-1.57081,-0.20711,-1.57708
0.491942,-0.258791,0.0288006;-1.57358,-0.096169,-1.57916
0.488832,-0.263837,0.0306959;-1.58181,0.204972,-1.59396
0.490674,-0.259661,0.030956;-1.56439,0.0845636,-1.59942
0.492205,-0.254466,0.0294185;-1.57275,-0.0426369,-1.58977
0.494594,-0.249039,0.0298264;-1.58353,-0.199023,-1.59308
0.494699,-0.249587,0.0296314;-1.58187,-0.161675,-1.59203
0.492116,-0.253479,0.0310414;-1.56837,-0.0735692,-1.6099
0.486408,-0.255337,0.0335212;-1.59823,0.221402,-1.61841
0.487286,-0.253911,0.0328523;-1.58626,0.130713,-1.61507
0.488752,-0.254197,0.0308481;-1.56512,0.00495197,-1.60771
0.490008,-0.247779,0.0298361;-1.58397,-0.184339,-1.59312
0.489733,-0.248053,0.0291505;-1.58099,-0.149565,-1.58654
0.488471,-0.251037,0.029487;-1.57536,-0.0949511,-1.59048
0.482593,-0.255799,0.0304788;-1.58491,0.187577,-1.5915
0.482795,-0.256755,0.0291197;-1.58071,0.162001,-1.57859
0.482457,-0.257019,0.0287495;-1.5704,0.0906255,-1.57889
0.483406,-0.251212,0.0287181;-1.57476,-0.175333,-1.57435
0.482719,-0.252804,0.0286772;-1.57079,-0.106487,-1.57527
0.483162,-0.253838,0.0287453;-1.57066,-0.0502327,-1.57862
0.486415,-0.257912,0.0295512;-1.57271,0.200543,-1.5791
0.486072,-0.25859,0.0291685;-1.56439,0.171078,-1.57654
0.485458,-0.256578,0.0288434;-1.57579,0.137306,-1.57767
0.484821,-0.254274,0.0287417;-1.57095,-0.0169359,-1.57832
0.484657,-0.256682,0.0287715;-1.57219,0.00928093,-1.57844
0.483474,-0.259256,0.0286975;-1.57071,0.12582,-1.57637
0.484462,-0.260635,0.0287185;-1.5706,0.218505,-1.57755
0.487037,-0.261169,0.029608;-1.56622,0.356123,-1.57901
0.484861,-0.255242,0.0290165;-1.57308,0.232069,-1.57749
0.485012,-0.252696,0.0287176;-1.57067,0.107587,-1.57736
0.488407,-0.248788,0.0285805;-1.57094,-0.126964,-1.57072
0.487376,-0.249617,0.0287339;-1.57094,-0.0626844,-1.57778
0.486554,-0.251912,0.0288576;-1.57052,0.0734906,-1.58409
0.484973,-0.253278,0.0315576;-1.55862,0.322358,-1.59785
0.485921,-0.255452,0.0313202;-1.56282,0.266479,-1.60109
0.488293,-0.254108,0.0295458;-1.57068,0.129842,-1.59247
0.491572,-0.24803,0.0298209;-1.58639,-0.180483,-1.58921
0.492399,-0.247015,0.0292157;-1.58976,-0.149767,-1.57919
0.491111,-0.242891,0.030237;-1.6097,-0.0371845,-1.57649
0.4831,-0.247233,0.0356161;-1.64384,0.24057,-1.58057
0.482168,-0.246668,0.0339148;-1.66344,0.200234,-1.56919
0.485729,-0.244345,0.030354;-1.61484,0.0855074,-1.57076
0.48786,-0.248954,0.0297337;-1.58151,-0.19185,-1.57894
0.488496,-0.249506,0.0293485;-1.56271,-0.192264,-1.56545
0.488051,-0.244076,0.0289907;-1.57862,-0.0914075,-1.55971
0.47993,-0.242923,0.0326545;-1.60944,0.175542,-1.53781
0.478487,-0.245846,0.0323655;-1.60208,0.202934,-1.5365
0.480413,-0.249529,0.0310985;-1.60467,0.119263,-1.5482
0.480711,-0.266645,0.0292927;-1.5634,-0.149127,-1.55741
0.479981,-0.269425,0.0292884;-1.56557,-0.212633,-1.55689
0.481008,-0.265354,0.0295849;-1.57244,-0.151373,-1.55218
0.476607,-0.248564,0.0322623;-1.6089,0.139789,-1.53964
0.473422,-0.247102,0.0338579;-1.63446,0.22669,-1.53923
0.474888,-0.249977,0.0337713;-1.65195,0.189933,-1.54711
0.479656,-0.2735,0.0291979;-1.57321,-0.0680049,-1.55617
0.480837,-0.280639,0.0292105;-1.57044,-0.191036,-1.55724
0.480995,-0.280975,0.029044;-1.56867,-0.180537,-1.55881
0.481184,-0.267202,0.0301183;-1.56715,0.0990867,-1.54963
0.480282,-0.259081,0.0311818;-1.56983,0.231376,-1.54527
0.480031,-0.256566,0.0312935;-1.58238,0.247619,-1.54807
0.483665,-0.268763,0.0288891;-1.57764,0.00444506,-1.55855
0.48528,-0.272314,0.0287379;-1.5712,-0.158717,-1.56327
0.486416,-0.274038,0.0286843;-1.57084,-0.235948,-1.56573
0.48719,-0.268228,0.0291589;-1.55663,-0.0639127,-1.57352
0.486191,-0.252259,0.0304123;-1.57711,0.0645037,-1.58528
0.482514,-0.241244,0.034262;-1.64002,0.145984,-1.59508
0.488256,-0.242173,0.0297942;-1.57489,-0.0479162,-1.59227
0.489899,-0.245716,0.0297281;-1.57037,-0.162519,-1.59356
0.493273,-0.251315,0.0306061;-1.56779,-0.250334,-1.59859
0.492598,-0.249364,0.0309546;-1.54927,-0.195731,-1.59515
0.490217,-0.242672,0.0304339;-1.58195,-0.0958201,-1.59177
0.485205,-0.24016,0.032494;-1.63228,0.0499499,-1.58511
0.486551,-0.242013,0.0289001;-1.56346,-0.0896021,-1.57806
0.487081,-0.245115,0.0296628;-1.54758,-0.127442,-1.57424
0.488842,-0.248609,0.0300203;-1.53997,-0.175142,-1.56966
0.490679,-0.246913,0.0285879;-1.57082,-0.0893741,-1.57047
0.48946,-0.243256,0.0287646;-1.57214,0.0538479,-1.56447
0.48363,-0.244309,0.0298225;-1.57709,0.181943,-1.56192
0.48539,-0.250226,0.0286873;-1.57126,0.0750372,-1.56589
0.483437,-0.253639,0.0287269;-1.56981,-0.0650351,-1.56452
0.481719,-0.256591,0.028789;-1.56779,-0.205507,-1.56287
0.481944,-0.257269,0.0289576;-1.55216,-0.233024,-1.56618
0.483361,-0.253899,0.0287929;-1.56548,-0.116221,-1.56473
0.48163,-0.247142,0.029591;-1.57671,0.0197439,-1.55465
0.481829,-0.246051,0.0298354;-1.58844,0.0368177,-1.56105
0.482106,-0.252953,0.0287568;-1.56779,-0.0402215,-1.56269
0.480873,-0.255419,0.0287877;-1.57158,-0.148716,-1.56017
0.480605,-0.257431,0.0289129;-1.55975,-0.23657,-1.56292
0.478147,-0.257052,0.0287863;-1.56915,-0.150897,-1.55819
0.472953,-0.255189,0.0289756;-1.56524,-0.0282746,-1.55559
0.471191,-0.252863,0.0299119;-1.55347,0.153616,-1.57203
0.471498,-0.259707,0.0298944;-1.54304,0.0760222,-1.57325
0.470464,-0.264749,0.0290552;-1.5507,-0.0314849,-1.57258
0.470655,-0.263571,0.0289769;-1.5544,-0.102745,-1.57182
0.470366,-0.264897,0.0294174;-1.55021,-0.0658082,-1.57834
0.470665,-0.2684,0.033156;-1.49656,-0.00417842,-1.58919
0.471387,-0.264885,0.0365708;-1.42046,0.197093,-1.58632
0.471348,-0.268007,0.0351508;-1.44642,0.13468,-1.58404
0.469827,-0.271068,0.0326734;-1.48657,0.0252042,-1.57705
0.465935,-0.27099,0.028945;-1.55582,-0.191548,-1.57063
0.465912,-0.269171,0.0289314;-1.55374,-0.173296,-1.56724
0.466295,-0.265835,0.0303108;-1.52847,-0.120445,-1.56348
0.46292,-0.244294,0.0317525;-1.59307,0.107271,-1.55177
0.46282,-0.244237,0.0316678;-1.59414,0.0401667,-1.54233
0.464621,-0.25071,0.0304762;-1.5637,-0.101273,-1.53742
0.46005,-0.269528,0.029904;-1.54221,-0.440024,-1.54032
0.460487,-0.265928,0.0308622;-1.52109,-0.384815,-1.53407
0.462932,-0.256428,0.0314801;-1.54437,-0.254364,-1.52796
0.462932,-0.256428,0.0314801;-1.54437,-0.254364,-1.52796
0.460528,-0.245949,0.0322021;-1.58167,-0.109777,-1.52045
0.460528,-0.245949,0.0322021;-1.58167,-0.109777,-1.52045
