0.5,-0.3,0.06;-1.57,-2.98023e-08,-1.57
0.5,-0.3,0.06;-1.57,-2.98023e-08,-1.57
0.5,-0.3,0.06;-1.57,-2.98023e-08,-1.57
0.498453,-0.303631,0.0288838;-1.56515,-0.324997,-1.55976
0.499892,-0.29973,0.0288392;-1.57001,-0.215246,-1.5587
0.500263,-0.290262,0.0294673;-1.56933,-0.0697918,-1.55466
0.497636,-0.281643,0.0295216;-1.56548,0.0577826,-1.55795
0.499478,-0.289612,0.0288365;-1.57106,-0.204966,-1.55839
0.497536,-0.294465,0.0289454;-1.56183,-0.386656,-1.55816
0.496256,-0.297494,0.0288067;-1.56386,-0.504552,-1.56261
0.499125,-0.288779,0.0287944;-1.57182,-0.200378,-1.55974
0.498046,-0.282439,0.0291179;-1.56881,-0.0665523,-1.55852
0.493157,-0.274731,0.0303828;-1.58243,0.100201,-1.55697
0.496952,-0.280279,0.0290692;-1.56891,-0.0221969,-1.56299
0.497205,-0.283613,0.0287468;-1.57085,-0.152597,-1.5629
0.495072,-0.288301,0.0286996;-1.57085,-0.338193,-1.56484
0.496124,-0.28524,0.0288597;-1.56747,-0.238726,-1.55986
0.495889,-0.280041,0.0289116;-1.57374,-0.128336,-1.55809
0.492377,-0.271346,0.0298753;-1.5782,0.0280735,-1.55246
0.492786,-0.272786,0.0298886;-1.57798,0.0568084,-1.56847
0.496061,-0.276664,0.0287484;-1.56561,-0.0675587,-1.56768
0.495019,-0.280341,0.0286815;-1.57101,-0.227078,-1.56556
0.493654,-0.283942,0.0287588;-1.56423,-0.361595,-1.56605
0.49484,-0.280341,0.0287626;-1.57101,-0.235791,-1.56183
0.493988,-0.274942,0.0288498;-1.57277,-0.103816,-1.56062
0.492013,-0.269675,0.0289054;-1.57061,-0.0157551,-1.56495
0.495423,-0.273002,0.0287106;-1.56498,-0.106719,-1.57059
0.493752,-0.276469,0.0285754;-1.56996,-0.429638,-1.5698
0.493746,-0.277224,0.0287095;-1.56383,-0.451203,-1.56742
0.495002,-0.27445,0.0287385;-1.56406,-0.318458,-1.56743
0.492575,-0.265248,0.0289693;-1.57506,-0.0296686,-1.56264
0.488931,-0.259985,0.0295484;-1.58005,0.0725158,-1.56772
0.493753,-0.264066,0.0293124;-1.57167,-0.0156247,-1.57559
0.492822,-0.262439,0.0285814;-1.57052,-0.306181,-1.5705
0.493256,-0.263322,0.0285816;-1.57093,-0.433116,-1.57052
0.493927,-0.263218,0.0285805;-1.57078,-0.394173,-1.57084
0.493664,-0.257096,0.0287655;-1.57297,-0.112456,-1.56295
0.489129,-0.252659,0.0291525;-1.57158,0.0404879,-1.56492
0.489954,-0.253123,0.0292671;-1.57643,0.0413739,-1.57631
0.492208,-0.251829,0.0285862;-1.57032,-0.228516,-1.57095
0.492436,-0.253929,0.0290629;-1.55226,-0.28483,-1.57074
0.492442,-0.254855,0.0290721;-1.54799,-0.295947,-1.56576
0.492134,-0.252443,0.0285832;-1.57065,-0.0852168,-1.57048
0.490223,-0.248896,0.0288122;-1.57102,0.0756788,-1.56659
0.48784,-0.245908,0.0294946;-1.5821,0.176225,-1.57336
0.493149,-0.247327,0.0286722;-1.57,-0.056099,-1.57489
0.492297,-0.246526,0.028852;-1.56238,-0.167405,-1.57397
0.49293,-0.248981,0.0291328;-1.55043,-0.206641,-1.57304
0.494311,-0.247916,0.0285913;-1.57066,-0.00340841,-1.5703
0.49374,-0.244851,0.0287222;-1.57153,0.14661,-1.56336
0.489938,-0.248646,0.0293579;-1.56756,0.24901,-1.56147
0.495865,-0.250625,0.0288617;-1.56756,0.0965869,-1.5806
0.496468,-0.2475,0.0287785;-1.57071,-0.0453219,-1.58033
0.498233,-0.245944,0.0288081;-1.56488,-0.167027,-1.5755
0.499457,-0.246178,0.0287483;-1.56207,-0.00154871,-1.57032
0.499546,-0.243339,0.0287734;-1.57083,0.136397,-1.56095
0.49605,-0.247248,0.0292624;-1.57371,0.231871,-1.55865
0.500806,-0.251287,0.0291322;-1.57074,0.126526,-1.58287
0.501416,-0.247507,0.0288024;-1.57059,-0.00600574,-1.58125
0.503405,-0.244918,0.0287365;-1.56959,-0.136267,-1.57778
0.503258,-0.246038,0.028699;-1.56508,-0.0548407,-1.57045
0.503663,-0.243287,0.0287168;-1.57081,0.0849203,-1.56404
0.501484,-0.244192,0.0289529;-1.57046,0.182096,-1.56055
0.503347,-0.24664,0.0294604;-1.57214,0.177223,-1.58004
0.504286,-0.244625,0.0287554;-1.57076,0.0659372,-1.57914
0.503768,-0.241694,0.02879;-1.56872,-0.0779315,-1.57851
0.503751,-0.243026,0.0288933;-1.55869,-0.0965247,-1.5726
0.504063,-0.242402,0.0285804;-1.57076,0.00506889,-1.57073
0.503745,-0.240565,0.0287036;-1.57082,0.128016,-1.56495
0.501263,-0.249111,0.0300913;-1.54685,0.242701,-1.57136
0.502944,-0.246356,0.0289562;-1.56794,0.163014,-1.5731
0.503773,-0.244243,0.0287586;-1.57062,0.0357179,-1.57921
0.503471,-0.243393,0.0288903;-1.5632,-0.116412,-1.57718
0.50342,-0.243968,0.0285797;-1.5708,-0.0439774,-1.57076
0.504326,-0.242837,0.0286584;-1.57088,0.0720186,-1.5672
0.499054,-0.25089,0.0296592;-1.56282,0.27836,-1.55928
0.501049,-0.251824,0.029269;-1.57266,0.23536,-1.57818
0.504256,-0.251665,0.0289604;-1.56882,0.133061,-1.58193
0.507002,-0.24541,0.0287683;-1.56835,-0.145786,-1.5772
0.506677,-0.246262,0.0285898;-1.57096,-0.0820591,-1.57125
0.508628,-0.246966,0.0286847;-1.56517,0.0699322,-1.57078
0.506071,-0.249794,0.0293367;-1.57065,0.26664,-1.55743
0.507897,-0.25142,0.0290954;-1.57528,0.229621,-1.57387
0.512026,-0.253213,0.0290916;-1.57073,0.138964,-1.58362
0.515949,-0.246331,0.0287397;-1.5714,-0.138834,-1.57781
0.515692,-0.24712,0.0286646;-1.57065,-0.0716745,-1.57495
0.516702,-0.248409,0.0286537;-1.56683,0.0671853,-1.5708
0.513469,-0.251165,0.0291339;-1.56951,0.290624,-1.56049
0.514728,-0.25281,0.029048;-1.57772,0.258607,-1.57368
0.518373,-0.255252,0.0291533;-1.57205,0.177291,-1.584
0.52191,-0.249446,0.0287573;-1.57315,-0.0834344,-1.57902
0.521861,-0.250088,0.0286629;-1.57097,-0.0425873,-1.57566
0.522085,-0.250962,0.0286143;-1.56899,0.017648,-1.57096
0.519858,-0.248098,0.0288544;-1.57742,0.244796,-1.56204
0.520792,-0.249388,0.0287543;-1.57712,0.214082,-1.57248
0.521574,-0.249996,0.0290981;-1.57583,0.196975,-1.58086
0.524314,-0.246059,0.0288789;-1.57493,-0.0311262,-1.58256
0.525947,-0.245198,0.0288508;-1.56657,-0.129758,-1.57907
0.525903,-0.247085,0.0285787;-1.57071,-0.00678825,-1.57077
0.526393,-0.245857,0.028616;-1.57093,0.137515,-1.56888
0.523517,-0.251681,0.0295432;-1.55778,0.289123,-1.56726
0.525903,-0.252112,0.0293151;-1.57762,0.239014,-1.58377
0.529212,-0.250266,0.029204;-1.56714,0.148097,-1.59005
0.535576,-0.242046,0.0289115;-1.57273,-0.0738405,-1.58502
0.53487,-0.243364,0.0287456;-1.5707,-0.0235214,-1.57871
0.534676,-0.245414,0.0285799;-1.57038,0.121944,-1.57085
0.528365,-0.254327,0.0296204;-1.55802,0.336538,-1.56526
0.530288,-0.255129,0.0293944;-1.57786,0.301905,-1.58184
0.533857,-0.253611,0.0292991;-1.57009,0.209015,-1.58949
0.538303,-0.245357,0.0291247;-1.5676,-0.0239969,-1.58488
0.537859,-0.24615,0.0287757;-1.56998,-0.00486584,-1.57959
0.537465,-0.248436,0.0286048;-1.56946,0.13746,-1.57091
0.532079,-0.254974,0.0293917;-1.56274,0.352424,-1.56368
0.532867,-0.255776,0.0291881;-1.57911,0.329776,-1.57916
0.536313,-0.25519,0.0291307;-1.57081,0.24058,-1.58689
0.543414,-0.244761,0.0289717;-1.57524,0.0101408,-1.58489
0.542998,-0.245394,0.0289003;-1.57496,0.0061341,-1.58174
0.542832,-0.24749,0.0286619;-1.5708,0.0867388,-1.57486
0.541019,-0.251286,0.0291425;-1.56758,0.293775,-1.56159
0.540874,-0.253206,0.0294729;-1.55546,0.311687,-1.57068
0.542987,-0.253633,0.029028;-1.57557,0.263005,-1.58227
0.549636,-0.244742,0.0290856;-1.57482,0.068627,-1.58587
0.550603,-0.244663,0.0292169;-1.56928,0.00498014,-1.58636
0.550023,-0.246168,0.0288124;-1.57051,0.0244931,-1.58202
0.549438,-0.249695,0.0287596;-1.57038,0.267806,-1.56282
0.547435,-0.253463,0.0294838;-1.56185,0.322543,-1.56177
0.548384,-0.25404,0.0288883;-1.57938,0.312492,-1.5751
0.553798,-0.250333,0.029369;-1.56687,0.147713,-1.59377
0.558412,-0.243864,0.0289069;-1.57329,0.016288,-1.58368
0.557946,-0.24455,0.0289441;-1.57499,0.00956267,-1.58377
0.556392,-0.247998,0.0286338;-1.57098,0.236588,-1.56799
0.554669,-0.251817,0.0292004;-1.56535,0.300362,-1.56231
0.553743,-0.254718,0.029856;-1.54981,0.336353,-1.57115
0.559226,-0.251789,0.0293521;-1.5672,0.198534,-1.59249
0.562539,-0.244422,0.0290001;-1.57579,0.0789566,-1.58531
0.564252,-0.244151,0.02892;-1.57248,-0.00166932,-1.58415
0.562794,-0.248231,0.028579;-1.57081,0.191551,-1.57067
0.562608,-0.24968,0.0287747;-1.56892,0.268443,-1.56387
0.55905,-0.254948,0.0295013;-1.56074,0.348455,-1.56346
0.564089,-0.254477,0.0290641;-1.57066,0.221298,-1.58649
0.566845,-0.249467,0.0295144;-1.57005,0.125637,-1.5935
0.571698,-0.243474,0.0289997;-1.57619,2.84016e-05,-1.58537
0.568902,-0.247526,0.0286976;-1.57076,0.160295,-1.57628
0.568089,-0.249667,0.0287361;-1.56952,0.269899,-1.56486
0.565453,-0.254122,0.029462;-1.56198,0.336669,-1.56094
0.567684,-0.25364,0.0288504;-1.57032,0.207337,-1.58385
0.568843,-0.249331,0.0291678;-1.56836,0.100686,-1.59012
0.573641,-0.243791,0.029352;-1.57482,-0.00149396,-1.5897
0.570428,-0.246917,0.0288061;-1.57069,0.0971385,-1.58137
0.56894,-0.248709,0.0286216;-1.57125,0.243475,-1.56829
0.567727,-0.251685,0.0290345;-1.56933,0.301685,-1.55977
0.569341,-0.251827,0.0287568;-1.57083,0.22694,-1.57935
0.569212,-0.248695,0.0289957;-1.56707,0.107763,-1.58818
0.572742,-0.243892,0.0296411;-1.57405,0.0184095,-1.59316
0.571943,-0.245394,0.0288413;-1.57065,0.0159679,-1.58333
0.571659,-0.248461,0.0286469;-1.57093,0.164675,-1.57389
0.570907,-0.249464,0.0287912;-1.57391,0.26628,-1.56263
0.571037,-0.252817,0.0288155;-1.57589,0.285721,-1.57608
0.572368,-0.251698,0.0289347;-1.5682,0.188474,-1.58629
0.576347,-0.247936,0.0294707;-1.57144,0.108979,-1.59254
0.581674,-0.242708,0.0290624;-1.57893,0.0036867,-1.58556
0.580566,-0.24522,0.0287581;-1.57073,0.110663,-1.57919
0.580342,-0.248231,0.0286911;-1.56963,0.243404,-1.56665
0.577729,-0.254573,0.0297076;-1.55363,0.336738,-1.56621
0.579651,-0.255824,0.0287908;-1.5644,0.278708,-1.57659
0.582193,-0.254543,0.02908;-1.5631,0.17689,-1.58953
0.5885,-0.247271,0.0290179;-1.57685,0.0052295,-1.58542
0.586733,-0.24875,0.0288164;-1.57058,0.0604492,-1.5819
0.586686,-0.251733,0.0286557;-1.57077,0.211279,-1.57429
0.585829,-0.255723,0.0292428;-1.5645,0.363538,-1.56151
0.58647,-0.256523,0.0287109;-1.57166,0.325089,-1.57041
0.588671,-0.256105,0.0288371;-1.57036,0.220419,-1.58311
0.596306,-0.249261,0.0294357;-1.57479,0.0343666,-1.59027
0.594751,-0.249923,0.0292678;-1.57465,0.0524352,-1.58727
0.593248,-0.252666,0.0287904;-1.57067,0.168792,-1.58083
0.590413,-0.257551,0.0291527;-1.56826,0.398791,-1.5576
0.590601,-0.258662,0.0286878;-1.57392,0.361165,-1.56714
0.591027,-0.258007,0.0287391;-1.57062,0.242418,-1.57843
0.597593,-0.251384,0.0293576;-1.57608,0.0461162,-1.59007
0.596733,-0.251211,0.0296425;-1.57332,0.0459861,-1.59254
0.595401,-0.253377,0.028804;-1.57075,0.143202,-1.5815
0.595401,-0.253377,0.028804;-1.57075,0.143202,-1.5815
0.594669,-0.255678,0.0286107;-1.57236,0.302005,-1.56938
0.594669,-0.255678,0.0286107;-1.57236,0.302005,-1.56938
