-0.125,0.125,0.11;-1.57,-2.98023e-08,-1.57
-0.125,0.125,0.11;-1.57,-2.98023e-08,-1.57
-0.125,0.125,0.11;-1.57,-2.98023e-08,-1.57
-0.127563,0.116024,0.0560624;-1.57172,-0.178604,-1.57162
-0.125777,0.119415,0.0573721;-1.55971,-0.119927,-1.57944
-0.118578,0.148548,0.075831;-1.49516,-0.0265314,-1.58087
-0.120874,0.211246,0.0821159;-1.76516,0.043901,-1.59376
-0.1149,0.211369,0.0567538;-1.56991,-0.109358,-1.58613
-0.112814,0.215447,0.0561726;-1.57007,-0.192768,-1.5735
-0.112805,0.215816,0.0560791;-1.57086,-0.18675,-1.57074
-0.118691,0.207228,0.0573935;-1.56737,0.0413821,-1.5878
-0.109499,0.225441,0.0759396;-1.52789,0.159229,-1.59327
-0.100951,0.263791,0.0978711;-1.64639,0.250956,-1.57099
-0.0964764,0.286223,0.0802024;-1.77043,0.22023,-1.5604
-0.103166,0.268238,0.0683818;-1.66772,0.19013,-1.57825
-0.111015,0.254992,0.0567006;-1.57465,0.177618,-1.581
-0.114242,0.245628,0.057114;-1.56666,0.315015,-1.5883
-0.108485,0.246038,0.0705677;-1.42841,0.403687,-1.62779
-0.0950542,0.257965,0.0947245;-1.32243,0.508306,-1.66852
-0.0755481,0.28529,0.10126;-1.65408,0.550416,-1.56748
-0.0818295,0.275895,0.0892926;-1.72996,0.487697,-1.54882
-0.101931,0.239745,0.0609306;-1.57684,0.401227,-1.60414
-0.106376,0.231966,0.0564208;-1.57084,0.41768,-1.57869
-0.102454,0.233424,0.0596;-1.52836,0.437902,-1.59675
-0.0872757,0.244682,0.0777031;-1.34868,0.505922,-1.67687
-0.0677193,0.269122,0.0952773;-1.44633,0.55659,-1.64714
-0.0620641,0.282409,0.0873782;-1.67534,0.492046,-1.57492
-0.0763717,0.276791,0.0574831;-1.57793,0.322392,-1.58343
-0.0754762,0.27704,0.0560821;-1.57098,0.331672,-1.57073
-0.0742978,0.278796,0.0566727;-1.5715,0.33029,-1.58384
-0.0490037,0.314117,0.0866699;-1.51773,0.484575,-1.59482
-0.034355,0.347354,0.100644;-1.65255,0.543974,-1.54285
-0.0229079,0.359607,0.0878655;-1.77377,0.497994,-1.51136
-0.0144354,0.359937,0.0587532;-1.57588,0.351964,-1.5934
-0.0106945,0.364517,0.0566249;-1.57978,0.304477,-1.57265
-0.0144867,0.36442,0.0562931;-1.5712,0.398816,-1.57555
-0.00768351,0.37083,0.0744278;-1.50206,0.651538,-1.62409
0.015646,0.39974,0.0976492;-1.63323,0.748851,-1.54047
0.0329961,0.421197,0.0932084;-1.80211,0.735163,-1.45389
0.0415454,0.42014,0.0641062;-1.63809,0.594301,-1.55768
0.034107,0.416294,0.0569655;-1.58436,0.595128,-1.57313
0.0292353,0.414933,0.0560742;-1.57127,0.695456,-1.57024
0.0307591,0.413616,0.0643292;-1.46806,0.897994,-1.6649
0.0536731,0.424095,0.0873378;-1.38125,1.01463,-1.73243
0.0794081,0.442769,0.105304;-1.62081,1.10424,-1.54025
0.0698932,0.439288,0.0749299;-1.83044,1.02531,-1.3876
0.0422719,0.431275,0.0588476;-1.57512,1.04476,-1.59223
0.0349749,0.429631,0.0562102;-1.57103,1.06708,-1.57347
0.0394228,0.425006,0.0607151;-1.42762,1.20172,-1.70759
0.0548674,0.423328,0.0777391;-0.954241,1.22284,-2.14048
0.0857793,0.431084,0.100255;-0.871435,1.30012,-2.21964
0.0953305,0.43,0.0767713;-1.94469,1.21301,-1.27345
0.0761383,0.428647,0.0658977;-1.57796,1.17037,-1.63082
0.0592205,0.432489,0.0587065;-1.58822,1.16127,-1.57735
0.0648594,0.430661,0.0597851;-1.46268,1.18981,-1.67938
0.0842871,0.431379,0.0769501;-1.00022,1.21676,-2.10632
0.117331,0.441153,0.100098;-1.19274,1.33463,-1.92601
0.167824,0.437976,0.0791304;-2.0483,1.15409,-1.16388
0.172934,0.435471,0.069521;-1.76724,1.09503,-1.4325
0.177981,0.436194,0.0618195;-1.60669,1.0275,-1.57502
0.175917,0.436887,0.0563773;-1.57004,1.14224,-1.57883
0.188506,0.440046,0.068653;-1.41333,1.24512,-1.72116
0.214017,0.451547,0.0926805;-1.47392,1.36342,-1.65461
0.243447,0.450335,0.0828405;-2.30601,1.271,-0.899731
0.245304,0.448157,0.0754516;-2.01566,1.2169,-1.18313
0.251095,0.444445,0.0655593;-1.67225,1.14982,-1.52137
0.253727,0.446402,0.0568148;-1.59565,1.15664,-1.557
0.250625,0.446837,0.0572109;-1.52968,1.27169,-1.61439
0.266229,0.449581,0.0739342;-1.08625,1.3614,-2.02977
0.304527,0.466089,0.0960523;-2.5606,1.46943,-0.605008
0.309612,0.465386,0.0844174;-2.65669,1.31396,-0.544132
0.301419,0.462264,0.0754525;-2.28665,1.36929,-0.911802
0.269903,0.470529,0.0578623;-1.60396,1.45032,-1.55675
0.26779,0.470163,0.0567608;-1.51659,1.50235,-1.63749
0.269057,0.462694,0.067229;0.00900387,1.46211,3.13443
0.306809,0.448214,0.107486;0.76716,1.30582,2.39939
0.317076,0.444936,0.103972;1.62082,1.44104,1.49842
0.304387,0.44155,0.0793608;2.84973,1.41047,0.244429
0.264086,0.45112,0.0577609;-2.12574,1.55811,-1.03277
0.265113,0.450544,0.0566179;1.6684,1.55828,1.46187
0.267328,0.446322,0.0632458;0.527608,1.48644,2.61102
0.32035,0.439245,0.104856;0.952224,1.33212,2.20256
0.345522,0.437457,0.0999531;1.67891,1.48399,1.44804
0.35865,0.429579,0.0764174;-3.0189,1.40059,-0.157371
0.351099,0.430947,0.0606639;-1.7336,1.48105,-1.43945
0.346633,0.432021,0.0578303;-1.99996,1.54846,-1.1592
0.347472,0.427802,0.0602879;0.621716,1.52862,2.50801
0.405054,0.423496,0.0969115;1.45043,1.35217,1.70563
0.418548,0.412869,0.0957885;2.11788,1.38414,1.002
0.42089,0.402315,0.0770749;2.58218,1.37622,0.531734
0.427434,0.393397,0.0676552;-1.98362,1.50028,-1.22334
0.436956,0.391356,0.0656136;-3.1095,1.51056,-0.0626638
0.435329,0.39621,0.0600604;2.14662,1.51077,0.985381
0.472173,0.396569,0.0907148;1.3173,1.29526,1.84846
0.481398,0.38865,0.0895221;1.96906,1.3122,1.15788
0.483105,0.381628,0.0800183;2.26746,1.27916,0.85668
0.462378,0.39145,0.0682357;1.67008,1.41362,1.39787
0.438299,0.410733,0.0609561;1.62433,1.34742,1.48569
0.434068,0.412179,0.0577082;1.56474,1.30577,1.55635
0.439877,0.403885,0.0681839;1.27546,1.20187,1.84244
0.472801,0.389335,0.10178;1.42268,1.012,1.70378
0.474598,0.386641,0.0915942;1.78645,1.05992,1.34232
0.456048,0.392444,0.0754618;1.84286,1.12238,1.27041
0.426075,0.418419,0.0670297;1.61762,1.17304,1.4615
0.428433,0.417671,0.0616188;1.57017,1.12425,1.52732
0.439307,0.407488,0.0638985;1.44704,1.07965,1.66016
0.480063,0.375223,0.102986;1.26618,0.873902,1.84726
0.48813,0.364378,0.0998851;1.50139,0.977416,1.60738
0.483711,0.362409,0.0794021;1.81744,1.10351,1.2996
0.469265,0.368434,0.0706343;1.66475,1.22231,1.40262
0.472679,0.367989,0.067637;1.58096,1.13593,1.48382
0.488784,0.353238,0.0633254;1.55584,1.04081,1.54597
0.554763,0.312068,0.0907569;1.68682,0.837712,1.47721
0.561741,0.296084,0.0906347;1.90438,0.844341,1.25794
0.560947,0.284398,0.0812138;1.89216,0.940502,1.25605
0.565077,0.270921,0.0762105;1.7228,1.17722,1.33349
0.574367,0.269879,0.0732402;1.65851,1.12429,1.40146
0.576748,0.269406,0.0750748;1.90701,1.02189,1.26468
0.613005,0.243685,0.0923624;1.72612,0.8459,1.43606
0.622007,0.237631,0.0928981;1.75966,0.833013,1.40724
0.620864,0.225638,0.0760394;1.88279,0.941957,1.29416
0.605898,0.225656,0.0741491;1.62023,1.09719,1.42334
0.595349,0.234858,0.0774138;1.6115,1.08089,1.41428
0.595283,0.23469,0.0701335;1.55987,0.983841,1.48314
0.631661,0.203449,0.0827284;1.56819,0.745272,1.578
0.658611,0.185743,0.089552;1.66293,0.658914,1.52272
0.664357,0.173041,0.082084;1.84384,0.677377,1.35697
0.652108,0.171135,0.0680373;1.61555,0.811259,1.47167
0.638321,0.180159,0.0785078;1.57933,0.876833,1.43922
0.616235,0.203282,0.0780315;1.59033,0.889456,1.42513
0.616407,0.203674,0.075506;1.42903,0.636617,1.64084
0.631219,0.186254,0.092765;1.49728,0.521228,1.62623
0.64824,0.166108,0.0927891;1.65372,0.497684,1.52223
0.637759,0.162863,0.0725343;1.67176,0.677024,1.44585
0.624028,0.162723,0.0765495;1.5766,0.823057,1.44855
0.609622,0.169067,0.0827459;1.57824,0.923737,1.41198
0.633818,0.136965,0.0679042;1.63511,0.786354,1.49206
0.667095,0.100218,0.0830531;1.68156,0.682387,1.48542
0.690519,0.0771705,0.0884197;1.82462,0.594097,1.37951
0.689106,0.05757,0.0799464;1.79653,0.735283,1.36556
0.685062,0.0438015,0.0737549;1.69257,0.876807,1.41017
0.67064,0.0403471,0.0770469;1.65897,1.01273,1.39397
0.672576,0.0347533,0.0821642;1.9826,0.911588,1.22106
0.676458,0.0292982,0.0854779;1.97266,0.905994,1.21048
0.683142,0.020786,0.0893045;1.98373,0.874409,1.19444
0.676814,0.0105013,0.0905998;2.06881,0.900218,1.12557
0.67882,0.00548018,0.0842279;2.07824,0.952387,1.1406
0.667734,0.00860939,0.0757451;1.95882,1.04574,1.22927
0.667565,0.0111131,0.077098;1.96415,1.01048,1.22336
0.680765,0.00626039,0.0805688;1.88552,0.945498,1.29218
0.707417,8.5241e-05,0.0896162;1.87102,0.843481,1.31258
0.715623,-0.00570889,0.0941925;2.0176,0.807156,1.1722
0.715926,-0.00538559,0.0904419;1.99218,0.85343,1.1871
0.707181,-0.00385522,0.0799618;1.79597,0.979209,1.30888
0.692672,-0.0159226,0.0724875;1.95834,1.11195,1.21295
0.702576,-0.0151095,0.0807447;2.01912,1.02258,1.16411
0.722653,-0.0126722,0.089235;1.95772,0.890051,1.21879
0.73776,-0.00124251,0.0867936;1.88079,0.791539,1.28118
0.724582,0.00858295,0.0764652;1.75961,0.842909,1.37309
0.703979,0.0215178,0.0630674;1.56226,0.856233,1.52623
0.645029,0.0400314,0.0673028;1.59932,1.01513,1.47506
0.656639,0.0302042,0.06561;1.5217,0.975425,1.55972
0.685967,0.0058106,0.0819284;1.46609,0.878248,1.63533
0.732051,-0.0330098,0.096357;1.6299,0.791599,1.50306
0.738519,-0.0496258,0.0841692;1.89395,0.861911,1.26447
0.738469,-0.0604108,0.0755949;1.7761,0.988459,1.33903
0.704566,-0.0628017,0.0676018;1.59997,1.19249,1.47763
0.693586,-0.0574478,0.0690949;1.68629,1.14032,1.40481
0.703369,-0.0599993,0.0752775;1.8062,1.01493,1.33873
0.756837,-0.0876569,0.0898152;1.85407,0.859452,1.3135
0.758074,-0.0994359,0.0870492;1.98732,0.93031,1.17557
0.755617,-0.106673,0.0775243;1.87284,1.03626,1.26299
0.751026,-0.125709,0.0744852;1.67649,1.29394,1.37479
0.74597,-0.122665,0.0751453;1.80074,1.2428,1.27217
0.748421,-0.120752,0.0789386;2.05614,1.12632,1.10292
0.759021,-0.126843,0.0924027;1.81699,1.02876,1.33553
0.748362,-0.133887,0.0920857;1.83078,1.0923,1.3084
0.744294,-0.143051,0.0706902;1.95126,1.21066,1.19561
0.744815,-0.147378,0.0641349;1.52808,1.35974,1.56372
0.740324,-0.15489,0.0710149;1.63166,1.34127,1.41772
0.751384,-0.163067,0.0748148;1.78419,1.24013,1.31137
0.751384,-0.163067,0.0748148;1.78419,1.24013,1.31137
0.787494,-0.174634,0.0796139;1.88792,1.11042,1.25354
0.787494,-0.174634,0.0796139;1.88792,1.11042,1.25354
