0.5,-0.3,0.06;-1.57,-2.98023e-08,-1.57
0.5,-0.3,0.06;-1.57,-2.98023e-08,-1.57
0.5,-0.3,0.06;-1.57,-2.98023e-08,-1.57
0.498283,-0.297141,0.0286272;-1.56846,-0.304428,-1.57444
0.498929,-0.29624,0.0287776;-1.56143,-0.266161,-1.56761
0.499243,-0.283453,0.0305102;-1.56829,-0.137142,-1.54
0.496586,-0.273391,0.031366;-1.58256,-0.0338002,-1.53553
0.501266,-0.279747,0.029136;-1.56397,-0.201848,-1.59005
0.499928,-0.278175,0.028841;-1.57229,-0.273622,-1.58205
0.500359,-0.276575,0.0286986;-1.571,-0.333986,-1.57672
0.501467,-0.276566,0.0287919;-1.56041,-0.231887,-1.56794
0.50265,-0.26592,0.0304515;-1.56297,-0.102013,-1.54294
0.497912,-0.253397,0.0335773;-1.58375,0.0426457,-1.49981
0.499958,-0.256678,0.0305877;-1.57247,0.0038916,-1.53908
0.500867,-0.261809,0.0288237;-1.56131,-0.103627,-1.57251
0.499537,-0.260741,0.0288638;-1.56858,-0.194105,-1.58198
0.499742,-0.259592,0.029013;-1.56643,-0.220932,-1.58641
0.500291,-0.254239,0.0293152;-1.55461,-0.146134,-1.56096
0.497929,-0.243344,0.0317905;-1.57743,-0.0225857,-1.51992
0.49512,-0.241161,0.0321503;-1.58388,0.0666038,-1.51807
0.498499,-0.244741,0.0296629;-1.57032,-0.00546372,-1.55217
0.497953,-0.247343,0.0286281;-1.57015,-0.111716,-1.57276
0.496647,-0.247546,0.0288295;-1.56707,-0.191122,-1.57853
0.49619,-0.248825,0.0288585;-1.57089,-0.122925,-1.58414
0.494469,-0.250138,0.0290204;-1.57091,0.00357727,-1.57175
0.492393,-0.246083,0.0296992;-1.57347,0.100639,-1.55229
0.492191,-0.24779,0.0294957;-1.56637,0.101623,-1.55507
0.489382,-0.250088,0.028892;-1.5595,-0.0912376,-1.57328
0.487615,-0.249394,0.0287671;-1.56352,-0.173132,-1.5713
0.48746,-0.249755,0.0290574;-1.55314,-0.178831,-1.57297
0.487792,-0.243708,0.0304339;-1.56592,-0.0396318,-1.54321
0.485503,-0.238267,0.0320112;-1.58065,0.0516879,-1.51781
0.485172,-0.238519,0.0327618;-1.55119,0.0870524,-1.54061
0.485746,-0.244047,0.0290024;-1.56762,-0.0347182,-1.58776
0.48384,-0.246777,0.028907;-1.56691,-0.126287,-1.58215
0.483187,-0.246508,0.0288879;-1.56318,-0.178569,-1.57671
0.483348,-0.241046,0.0294852;-1.56311,-0.0447168,-1.55383
0.480219,-0.237794,0.0308777;-1.58223,0.024221,-1.53698
0.479497,-0.238977,0.0311535;-1.58356,0.0460445,-1.53249
0.480061,-0.242421,0.0288104;-1.56927,-0.0110793,-1.58067
0.479482,-0.243682,0.0289469;-1.56827,-0.0767647,-1.5831
0.4789,-0.243424,0.0294845;-1.56752,-0.12991,-1.5901
0.478801,-0.242543,0.0298277;-1.54462,-0.111469,-1.57297
0.477554,-0.239743,0.0305895;-1.55484,-0.0623014,-1.54825
0.475205,-0.238107,0.0312677;-1.58345,-0.00770481,-1.53215
0.47531,-0.242594,0.0285908;-1.5696,-0.0291567,-1.57128
0.474606,-0.2425,0.028823;-1.56437,-0.0861913,-1.57544
0.473721,-0.243549,0.0289151;-1.56254,-0.128119,-1.57748
0.473757,-0.243954,0.0288914;-1.56804,-0.126215,-1.58265
0.472987,-0.244354,0.0289447;-1.57974,-0.0699563,-1.57754
0.470941,-0.244778,0.0300921;-1.59329,0.00302437,-1.55914
0.469383,-0.244864,0.0286178;-1.56938,0.0669315,-1.57141
0.468555,-0.24598,0.0288551;-1.56177,0.0129397,-1.57567
0.466915,-0.248814,0.0287062;-1.57075,-0.0538614,-1.57686
0.467143,-0.248337,0.0287556;-1.56227,-0.0759046,-1.56999
0.466997,-0.247205,0.0289673;-1.56093,-0.0364453,-1.56102
0.466468,-0.244919,0.0302391;-1.57221,-0.00646965,-1.54027
0.467413,-0.24502,0.0321229;-1.50689,0.0562237,-1.5755
0.467239,-0.246417,0.0291107;-1.5697,0.031824,-1.59038
0.46405,-0.252989,0.0300245;-1.57165,0.011718,-1.5963
0.464293,-0.252358,0.0286304;-1.57008,-0.0687223,-1.57245
0.464513,-0.250744,0.0291588;-1.55295,-0.0261284,-1.56029
0.46281,-0.249197,0.0306286;-1.56723,0.000684232,-1.53824
0.46241,-0.250639,0.0311414;-1.55953,0.0477672,-1.53541
0.461564,-0.252403,0.0285846;-1.57125,0.0477398,-1.57218
0.461009,-0.252988,0.0292363;-1.57277,0.0522739,-1.58806
0.461638,-0.2518,0.0311165;-1.57146,0.00422938,-1.61307
0.462488,-0.249872,0.0290974;-1.57639,-0.00957524,-1.5897
0.462288,-0.248709,0.0288501;-1.56563,-0.000935495,-1.56216
0.459649,-0.247948,0.031365;-1.58228,0.0620529,-1.53034
0.458755,-0.25009,0.0320417;-1.53334,0.101335,-1.54026
0.458202,-0.250129,0.0286624;-1.57073,0.102624,-1.5749
0.457084,-0.25086,0.0287733;-1.57193,0.00539893,-1.57987
0.457111,-0.250714,0.0289453;-1.57187,0.00631536,-1.58693
0.457494,-0.249899,0.0287199;-1.57,-0.00242239,-1.57734
0.455056,-0.247422,0.0327432;-1.59525,0.0603718,-1.521
0.455011,-0.248063,0.0344219;-1.55912,0.0757018,-1.5313
0.452362,-0.249106,0.0285785;-1.57026,0.111329,-1.57167
0.449703,-0.252246,0.028732;-1.57128,0.0380558,-1.57797
0.449504,-0.252367,0.0287849;-1.57009,0.0337023,-1.58045
0.449634,-0.251929,0.0287395;-1.56694,0.0155455,-1.56651
0.447163,-0.249088,0.0309043;-1.57164,0.0652193,-1.53116
0.446228,-0.251945,0.0332012;-1.56404,0.095373,-1.53605
0.445598,-0.25434,0.0291026;-1.57837,0.116573,-1.58719
0.443178,-0.255867,0.0292793;-1.57293,0.0968404,-1.58714
0.443131,-0.2552,0.0287968;-1.57029,0.0639812,-1.58101
0.443412,-0.254612,0.0286876;-1.56708,0.0349236,-1.56863
0.440812,-0.251196,0.0315143;-1.58266,0.0853374,-1.52794
0.44086,-0.251695,0.0322875;-1.5759,0.0901469,-1.5166
0.439466,-0.253005,0.0315961;-1.53059,0.106751,-1.57279
0.436711,-0.254383,0.0313401;-1.57405,0.124468,-1.61041
0.437299,-0.254805,0.0294052;-1.57114,0.114456,-1.59186
0.438114,-0.253953,0.0291393;-1.56882,0.105818,-1.59006
0.438384,-0.250787,0.0309223;-1.57657,0.100322,-1.53128
0.439181,-0.250471,0.0314447;-1.56615,0.0961539,-1.53159
0.438391,-0.250346,0.0314455;-1.55865,0.100617,-1.53641
0.43645,-0.251303,0.0287979;-1.56141,0.12656,-1.57328
0.43553,-0.252693,0.0286679;-1.56656,0.12477,-1.57126
0.435614,-0.252374,0.02864;-1.57076,0.115769,-1.57354
0.436152,-0.251912,0.0289398;-1.55757,0.0955157,-1.56762
0.435571,-0.247909,0.0310608;-1.57573,0.102867,-1.53051
0.435278,-0.248314,0.0314387;-1.56092,0.104885,-1.53482
0.434283,-0.248471,0.028601;-1.57043,0.118879,-1.57173
0.433424,-0.249546,0.0286106;-1.56927,0.120257,-1.5711
0.433341,-0.249199,0.0286118;-1.56966,0.114665,-1.57137
0.433606,-0.249023,0.0287969;-1.56681,0.101812,-1.56488
0.433067,-0.246379,0.0317721;-1.58291,0.100807,-1.52297
0.435905,-0.245835,0.0324568;-1.56779,0.0865775,-1.52599
0.43523,-0.248486,0.0324945;-1.49266,0.096188,-1.58302
0.433381,-0.248736,0.0287633;-1.57039,0.117666,-1.57936
0.433442,-0.248837,0.0286049;-1.5708,0.119739,-1.57197
0.433356,-0.248801,0.0287151;-1.56743,0.121084,-1.5681
0.434115,-0.248229,0.0323441;-1.58563,0.10308,-1.51551
0.437054,-0.247628,0.0323923;-1.56998,0.0853903,-1.5171
0.437015,-0.247672,0.0323766;-1.51231,0.0765581,-1.56276
0.434618,-0.248534,0.0295079;-1.57664,0.10944,-1.58991
0.434057,-0.248766,0.0308853;-1.57659,0.112743,-1.60674
0.433665,-0.25015,0.0310974;-1.56471,0.125248,-1.61278
0.436252,-0.248426,0.0318801;-1.58273,0.0949347,-1.52006
0.436895,-0.247389,0.0325991;-1.56861,0.092934,-1.51545
0.437393,-0.247773,0.0325021;-1.53576,0.0881024,-1.53927
0.435575,-0.247748,0.0287295;-1.56353,0.107446,-1.571
0.434906,-0.247801,0.0285998;-1.57036,0.111869,-1.57192
0.434836,-0.248055,0.0286103;-1.56988,0.115576,-1.5724
0.436355,-0.247528,0.030009;-1.58384,0.086267,-1.55281
0.436327,-0.245971,0.0320384;-1.59431,0.0842601,-1.52784
0.440057,-0.24501,0.0312283;-1.57636,0.0496877,-1.52942
0.438857,-0.244713,0.0287696;-1.56912,0.0402603,-1.5783
0.43815,-0.244824,0.0286513;-1.57054,0.0608632,-1.57408
0.437827,-0.245207,0.0286212;-1.57071,0.0645426,-1.57279
0.437927,-0.245534,0.0294701;-1.56627,0.060077,-1.55333
0.436858,-0.24476,0.0303487;-1.57609,0.0715834,-1.54114
0.438435,-0.244953,0.0316662;-1.58223,0.0564441,-1.52396
0.441861,-0.244635,0.0290534;-1.57187,0.0316846,-1.59243
0.439582,-0.244917,0.0291448;-1.57269,0.0553322,-1.58381
0.43914,-0.245505,0.028799;-1.57056,0.0553443,-1.58121
0.439485,-0.245883,0.0288954;-1.56457,0.0493761,-1.56211
0.438563,-0.245059,0.0294485;-1.56934,0.0648315,-1.55303
0.438653,-0.24524,0.0321302;-1.58638,0.0569464,-1.51905
0.443325,-0.245079,0.0286299;-1.57157,0.01591,-1.57496
0.44236,-0.246059,0.0289343;-1.57397,0.0446397,-1.58434
0.441445,-0.247097,0.0297486;-1.57658,0.0510339,-1.59277
0.441098,-0.249164,0.0289206;-1.57279,0.0693674,-1.58491
0.440301,-0.249243,0.0289189;-1.58434,0.0878993,-1.57234
0.440223,-0.249147,0.030752;-1.58534,0.0818968,-1.53835
0.445518,-0.246199,0.0286343;-1.57148,0.0261781,-1.56821
0.444939,-0.247058,0.0289442;-1.56139,0.0548734,-1.57935
0.444541,-0.246983,0.0286915;-1.56841,0.0344024,-1.57386
0.443991,-0.248017,0.028627;-1.5708,0.0572382,-1.57314
0.443601,-0.249172,0.0288122;-1.57486,0.0627477,-1.56769
0.443785,-0.249531,0.0314322;-1.60829,0.0682872,-1.54909
0.448865,-0.246794,0.0313824;-1.54752,0.0226825,-1.54477
0.447668,-0.246008,0.0286449;-1.57062,0.0408559,-1.57373
0.447508,-0.245982,0.0287326;-1.56694,0.0275355,-1.57429
0.446926,-0.247031,0.0286122;-1.57075,0.0431904,-1.57241
0.447127,-0.247853,0.0288308;-1.56794,0.0402717,-1.56283
0.447278,-0.24817,0.0307754;-1.57852,0.034072,-1.53527
0.452337,-0.245186,0.032529;-1.54947,0.000845879,-1.53064
0.454458,-0.246234,0.0288218;-1.57062,-0.00842486,-1.58229
0.454259,-0.246023,0.0293661;-1.56858,-0.0158782,-1.58874
0.453153,-0.245153,0.0287246;-1.57062,-0.00546118,-1.57772
0.453305,-0.24554,0.0285802;-1.57069,-0.00302658,-1.57074
0.453308,-0.246066,0.0294035;-1.57292,-0.00421925,-1.55599
0.452432,-0.245001,0.0317263;-1.58509,0.015583,-1.52576
0.454395,-0.246652,0.0297402;-1.57276,-0.00595707,-1.55101
0.454562,-0.248371,0.0286544;-1.57019,-0.0575973,-1.57438
0.454365,-0.248377,0.0289032;-1.56877,-0.0543721,-1.58402
0.454248,-0.249258,0.0289471;-1.56945,-0.0501838,-1.58816
0.454338,-0.249447,0.0286937;-1.56637,-0.0353053,-1.57181
0.450789,-0.246341,0.0326787;-1.58639,0.0388328,-1.51275
0.453463,-0.246377,0.0321505;-1.57332,0.00838603,-1.52784
0.456822,-0.249563,0.0286536;-1.56908,-0.0682541,-1.56881
0.456465,-0.249497,0.028645;-1.57033,-0.0833153,-1.57392
0.456581,-0.249765,0.028663;-1.57068,-0.0751154,-1.57465
0.456704,-0.249658,0.0286755;-1.56655,-0.0634744,-1.57017
0.451298,-0.248384,0.0324149;-1.59198,0.0383198,-1.52288
0.454511,-0.247848,0.0321279;-1.56816,0.000609696,-1.54171
0.457659,-0.249148,0.0285776;-1.57055,-0.0705922,-1.57109
0.457729,-0.249838,0.0286536;-1.57042,-0.0800893,-1.57432
0.457992,-0.249514,0.0286431;-1.57073,-0.0795741,-1.57376
0.458165,-0.248993,0.0288271;-1.56099,-0.0727404,-1.56761
0.458165,-0.248993,0.0288271;-1.56099,-0.0727404,-1.56761
0.458529,-0.243855,0.0308418;-1.56845,-0.029417,-1.53612
0.458529,-0.243855,0.0308418;-1.56845,-0.029417,-1.53612
