0.5,-0.3,0.06;-1.57,-2.98023e-08,-1.57
0.5,-0.3,0.06;-1.57,-2.98023e-08,-1.57
0.5,-0.3,0.06;-1.57,-2.98023e-08,-1.57
0.498947,-0.296512,0.0286462;-1.57106,-0.298983,-1.57419
0.499817,-0.295253,0.0287211;-1.56866,-0.263551,-1.56503
0.500118,-0.287506,0.0303749;-1.56069,-0.187645,-1.54135
0.499036,-0.273595,0.0318888;-1.57649,-0.0513009,-1.51797
0.49942,-0.274382,0.0286374;-1.57076,-0.147924,-1.57345
0.497869,-0.273292,0.0286278;-1.57009,-0.233145,-1.57243
0.497542,-0.273095,0.0285873;-1.57085,-0.25653,-1.57114
0.497603,-0.272857,0.0288098;-1.56098,-0.180666,-1.56751
0.498083,-0.269242,0.0302685;-1.5436,-0.130975,-1.55038
0.499182,-0.259931,0.0335626;-1.56326,-0.0394908,-1.50415
0.503086,-0.251464,0.0319986;-1.55553,0.0458946,-1.52818
0.503206,-0.252207,0.0306397;-1.52628,0.0225619,-1.56408
0.502397,-0.253197,0.0297279;-1.5396,-0.0140021,-1.5682
0.499207,-0.258578,0.0286447;-1.56767,-0.0696653,-1.57046
0.498701,-0.257691,0.0288481;-1.57155,-0.0251198,-1.55819
0.496962,-0.25398,0.0316964;-1.5759,0.0314863,-1.52118
0.494487,-0.254165,0.0324724;-1.58245,0.124697,-1.51337
0.497522,-0.258513,0.0288591;-1.5631,0.0982025,-1.56734
0.497119,-0.258077,0.0289123;-1.56914,0.0374331,-1.58516
0.496492,-0.257966,0.0289276;-1.57286,-0.0213862,-1.58522
0.496164,-0.259685,0.0289679;-1.57222,0.00638588,-1.58774
0.494112,-0.262535,0.0298667;-1.5628,0.0836848,-1.56905
0.491311,-0.272167,0.032916;-1.51902,0.162455,-1.56258
0.491334,-0.278076,0.0324539;-1.49947,0.143695,-1.59242
0.490309,-0.269764,0.0294231;-1.56834,-0.0108479,-1.58846
0.490439,-0.268216,0.0289179;-1.56851,-0.0596547,-1.58492
0.490453,-0.269417,0.0289507;-1.5697,-0.0266723,-1.58778
0.490818,-0.265961,0.0305995;-1.55411,0.183938,-1.55392
0.488263,-0.262262,0.0317625;-1.57314,0.246084,-1.51974
0.489085,-0.263861,0.0318991;-1.54326,0.198099,-1.54505
0.484659,-0.264592,0.0288899;-1.56402,-0.0532569,-1.57841
0.484421,-0.263289,0.0286595;-1.57069,-0.112435,-1.57445
0.483924,-0.263603,0.0286634;-1.57066,-0.12292,-1.57487
0.485535,-0.260964,0.029165;-1.55348,-0.0484838,-1.56459
0.487403,-0.251994,0.031129;-1.56891,0.0241875,-1.53282
0.488692,-0.244124,0.0327382;-1.56081,0.0840128,-1.51784
0.490045,-0.242394,0.0285888;-1.57011,-0.00418038,-1.571
0.488439,-0.241228,0.0288517;-1.56293,-0.0974071,-1.57514
0.488024,-0.244375,0.0290764;-1.55726,-0.138064,-1.57912
0.488059,-0.244882,0.0288801;-1.55749,-0.117348,-1.57021
0.488195,-0.243684,0.0293773;-1.56515,-0.100528,-1.55493
0.487403,-0.24187,0.0315776;-1.56512,-0.0740139,-1.52894
0.490352,-0.240812,0.0313438;-1.5096,-0.0624602,-1.56118
0.490089,-0.241868,0.0309478;-1.51243,-0.0799527,-1.56941
0.487542,-0.247149,0.029736;-1.53832,-0.14987,-1.56501
0.486633,-0.247375,0.0286096;-1.57057,-0.124857,-1.56947
0.486423,-0.246598,0.028874;-1.57375,-0.106571,-1.55952
0.484702,-0.244518,0.0315258;-1.57693,-0.071141,-1.5256
0.483362,-0.249095,0.0293595;-1.54332,-0.104177,-1.56843
0.483015,-0.248315,0.0288108;-1.56904,-0.132308,-1.58008
0.483302,-0.247131,0.0287828;-1.57051,-0.175615,-1.58034
0.482068,-0.249244,0.0287163;-1.5732,-0.0799749,-1.57542
0.479107,-0.250576,0.0307063;-1.57959,-0.0177712,-1.54908
0.474289,-0.251702,0.0338504;-1.5941,0.0637844,-1.50634
0.474419,-0.257898,0.0311801;-1.52669,0.0998003,-1.58598
0.474426,-0.257768,0.0291979;-1.5662,0.0711617,-1.59174
0.473823,-0.256448,0.0296293;-1.56917,0.0153004,-1.59177
0.472677,-0.257637,0.0290541;-1.56642,0.0281486,-1.58929
0.470491,-0.259054,0.0288761;-1.57563,0.100021,-1.57971
0.467513,-0.260045,0.0292983;-1.57784,0.194929,-1.56923
0.466197,-0.260294,0.0288711;-1.58264,0.237562,-1.57073
0.465866,-0.261684,0.0289439;-1.55722,0.182928,-1.57719
0.463983,-0.25953,0.0290972;-1.55898,0.0827294,-1.58465
0.462864,-0.257971,0.0287497;-1.57038,0.00411404,-1.5788
0.463247,-0.259345,0.0286553;-1.56957,0.0475924,-1.57351
0.464219,-0.259824,0.0289303;-1.55872,0.0899493,-1.56696
0.466251,-0.256322,0.0305183;-1.56526,0.144946,-1.54382
0.466827,-0.256535,0.0316457;-1.53927,0.129025,-1.54646
0.466293,-0.257032,0.0310021;-1.51381,0.125814,-1.57279
0.463679,-0.258855,0.0305407;-1.52174,0.0628939,-1.57227
0.463588,-0.257058,0.0286473;-1.56928,0.0628799,-1.57252
0.46327,-0.25733,0.029165;-1.54862,0.0529187,-1.56465
0.46275,-0.250957,0.0332217;-1.56266,0.101525,-1.50997
0.464248,-0.251053,0.0351369;-1.51052,0.0899432,-1.5225
0.463964,-0.251261,0.035229;-1.45815,0.0828887,-1.55813
0.46261,-0.253234,0.0340918;-1.45867,0.0309639,-1.57325
0.462803,-0.250149,0.0286628;-1.57056,0.0245259,-1.57449
0.46263,-0.250495,0.0288722;-1.56659,0.0192565,-1.56094
0.459961,-0.248961,0.033673;-1.57175,0.063701,-1.49857
0.463064,-0.251012,0.031949;-1.5731,0.0257802,-1.51915
0.462438,-0.254337,0.0287567;-1.56928,-0.00718618,-1.56389
0.463021,-0.252194,0.028726;-1.57097,-0.116156,-1.57781
0.463151,-0.252168,0.0287644;-1.57066,-0.115145,-1.57965
0.462388,-0.252149,0.0285929;-1.56999,-0.0636388,-1.57068
0.459283,-0.249339,0.0331841;-1.58498,0.0328179,-1.51013
0.460048,-0.250474,0.0341592;-1.55814,0.0454487,-1.53164
0.46089,-0.251616,0.0289423;-1.56132,0.0547146,-1.5793
0.461889,-0.249185,0.0290245;-1.57793,-0.0599809,-1.5852
0.461688,-0.249448,0.0290414;-1.57543,-0.0366382,-1.58826
0.461083,-0.25077,0.0289264;-1.56921,0.00499784,-1.58639
0.452905,-0.256673,0.031287;-1.56394,0.161202,-1.54855
0.449788,-0.262904,0.0330287;-1.50639,0.234138,-1.58177
0.449351,-0.263653,0.0332642;-1.4994,0.257332,-1.58329
0.448357,-0.261602,0.0291163;-1.55977,0.137837,-1.58758
0.44766,-0.25933,0.0287774;-1.57069,0.0546934,-1.58023
0.447512,-0.26143,0.0289547;-1.56407,0.0936423,-1.58309
0.448121,-0.264342,0.0288596;-1.55745,0.174729,-1.57231
0.448389,-0.263465,0.0303416;-1.56912,0.251278,-1.54295
0.448672,-0.264734,0.0329415;-1.53181,0.258731,-1.54051
0.447077,-0.266419,0.0331229;-1.49394,0.259141,-1.57009
0.44578,-0.266449,0.0289841;-1.55857,0.207483,-1.58068
0.445629,-0.267554,0.0289412;-1.55986,0.235784,-1.57988
0.445133,-0.268041,0.0290614;-1.55166,0.221385,-1.56993
0.444237,-0.263816,0.0330517;-1.5494,0.268004,-1.52529
0.445286,-0.263508,0.0343028;-1.51615,0.260998,-1.53611
0.444148,-0.264118,0.0346616;-1.47025,0.264342,-1.57231
0.441267,-0.264017,0.0305659;-1.51796,0.206114,-1.58122
0.44076,-0.26279,0.0287236;-1.5677,0.184443,-1.5751
0.439835,-0.262874,0.0288597;-1.56291,0.119771,-1.56609
0.439684,-0.260853,0.0348318;-1.55007,0.134722,-1.50045
0.44339,-0.257981,0.032663;-1.54761,0.146707,-1.52997
0.44457,-0.257547,0.0287665;-1.5681,0.117498,-1.56492
0.443343,-0.255188,0.0287704;-1.56772,0.017726,-1.57682
0.443257,-0.254543,0.0287909;-1.56755,-0.00435309,-1.57756
0.443354,-0.254708,0.0286096;-1.57068,0.0143007,-1.57236
0.441305,-0.251669,0.0319848;-1.58407,0.106071,-1.5218
0.441903,-0.252528,0.0326729;-1.58592,0.112945,-1.516
0.441924,-0.254427,0.0336989;-1.51541,0.123367,-1.5663
0.445764,-0.250688,0.0292863;-1.568,0.01433,-1.5869
0.446799,-0.248757,0.0290811;-1.57449,-0.0194986,-1.58497
0.446679,-0.249143,0.0290165;-1.57468,-0.00180218,-1.58755
0.44261,-0.250073,0.0305746;-1.57758,0.0846938,-1.55689
0.436238,-0.252896,0.0330939;-1.58631,0.155903,-1.51836
0.432742,-0.257548,0.0344229;-1.53208,0.212161,-1.55774
0.43546,-0.253112,0.02913;-1.56648,0.0847468,-1.58947
0.436624,-0.250678,0.0288859;-1.57264,0.00855698,-1.58343
0.436643,-0.250723,0.0289401;-1.57581,0.0123829,-1.58277
0.433199,-0.253358,0.0294529;-1.56029,0.0889322,-1.55989
0.42881,-0.252393,0.0325048;-1.5783,0.191394,-1.50931
0.422809,-0.259686,0.0338136;-1.55139,0.297998,-1.51897
0.419948,-0.262451,0.033789;-1.47073,0.313838,-1.59131
0.419781,-0.260926,0.0288998;-1.55897,0.293006,-1.57806
0.419463,-0.2615,0.028943;-1.56085,0.297784,-1.58155
0.417873,-0.263801,0.0290442;-1.55258,0.305179,-1.57085
0.416239,-0.263899,0.0314009;-1.5399,0.32099,-1.55222
0.414868,-0.263139,0.0337205;-1.54308,0.370529,-1.52674
0.413783,-0.265996,0.0339871;-1.48103,0.394469,-1.58234
0.411947,-0.266409,0.0335792;-1.45569,0.392552,-1.61256
0.411349,-0.26448,0.029058;-1.54825,0.390475,-1.58132
0.410209,-0.265332,0.0290105;-1.55204,0.37033,-1.57404
0.408735,-0.266088,0.0307956;-1.54886,0.356911,-1.55168
0.409158,-0.265653,0.0352868;-1.52585,0.372335,-1.51899
0.413714,-0.265309,0.0289042;-1.55685,0.366066,-1.57311
0.413576,-0.264571,0.0288844;-1.56214,0.354826,-1.58015
0.413342,-0.26334,0.0289557;-1.55833,0.32839,-1.58082
0.413523,-0.261994,0.0287016;-1.56508,0.311906,-1.57082
0.412572,-0.261731,0.0293231;-1.56323,0.306217,-1.55591
0.41182,-0.260869,0.0330888;-1.54999,0.316416,-1.5276
0.418161,-0.261173,0.0300107;-1.54074,0.287109,-1.58315
0.418516,-0.25826,0.0291336;-1.56389,0.219896,-1.59274
0.421389,-0.252583,0.0294468;-1.56494,0.146669,-1.58934
0.425873,-0.247231,0.0289501;-1.57099,0.0836784,-1.58801
0.425687,-0.247321,0.0294678;-1.56303,0.120163,-1.57939
0.421017,-0.249912,0.0307846;-1.56889,0.172484,-1.55897
0.410647,-0.261076,0.0329249;-1.50913,0.352217,-1.58718
0.412337,-0.259857,0.0310727;-1.54286,0.323316,-1.61162
0.414616,-0.253785,0.0304584;-1.55947,0.234448,-1.60477
0.419609,-0.246761,0.0295861;-1.57437,0.0948931,-1.59148
0.419507,-0.246612,0.0288502;-1.57048,0.0875142,-1.58356
0.417395,-0.247518,0.0298607;-1.55888,0.0849363,-1.55926
0.41305,-0.249499,0.033336;-1.55335,0.187932,-1.52199
0.411346,-0.252072,0.0331019;-1.51183,0.217256,-1.56
0.411278,-0.252086,0.0327651;-1.48588,0.198843,-1.58967
0.411441,-0.248038,0.0287678;-1.56739,0.0784894,-1.57661
0.411754,-0.248619,0.0285939;-1.56939,0.107574,-1.57119
0.410521,-0.25048,0.0289974;-1.56476,0.0940047,-1.55742
0.407621,-0.249448,0.0350199;-1.54145,0.141939,-1.50086
0.409416,-0.248733,0.0351861;-1.50687,0.165517,-1.52903
0.408427,-0.249768,0.034413;-1.46248,0.168341,-1.57292
0.407248,-0.249071,0.0289024;-1.55777,0.174437,-1.57551
0.407399,-0.249784,0.0287815;-1.56961,0.196388,-1.57955
0.407478,-0.250558,0.0287813;-1.56707,0.187023,-1.56532
0.403334,-0.258159,0.0341381;-1.55006,0.146653,-1.50558
0.404165,-0.25897,0.0318291;-1.54822,0.162918,-1.53656
0.406301,-0.257458,0.0286839;-1.56915,0.199442,-1.56778
0.406155,-0.257766,0.0288953;-1.56334,0.228113,-1.58022
0.40631,-0.25822,0.0289027;-1.56439,0.231319,-1.58139
0.406812,-0.258196,0.0286757;-1.56915,0.250775,-1.56831
0.406812,-0.258196,0.0286757;-1.56915,0.250775,-1.56831
0.406608,-0.257936,0.0298128;-1.56646,0.254803,-1.54839
0.406608,-0.257936,0.0298128;-1.56646,0.254803,-1.54839
