0.5,-0.3,0.06;-1.57,-2.98023e-08,-1.57
0.5,-0.3,0.06;-1.57,-2.98023e-08,-1.57
0.5,-0.3,0.06;-1.57,-2.98023e-08,-1.57
0.498704,-0.296149,0.028523;-1.57381,-0.311375,-1.57428
0.499322,-0.294533,0.0288078;-1.56192,-0.288328,-1.56531
0.499878,-0.282664,0.0307222;-1.56312,-0.165717,-1.53856
0.497044,-0.272769,0.0321203;-1.57727,-0.074572,-1.5182
0.497248,-0.281631,0.0286542;-1.57117,-0.300485,-1.57519
0.495841,-0.280827,0.0286224;-1.57086,-0.378398,-1.57297
0.49569,-0.280942,0.0286638;-1.57073,-0.388723,-1.5748
0.496528,-0.280938,0.028791;-1.56039,-0.287821,-1.56704
0.497921,-0.270605,0.0304996;-1.56168,-0.161157,-1.54083
0.493561,-0.258085,0.0335209;-1.58036,-0.0220974,-1.49929
0.496042,-0.26296,0.0306936;-1.57178,-0.0935284,-1.53762
0.495712,-0.268624,0.0286626;-1.56691,-0.195889,-1.56978
0.493706,-0.267779,0.0286081;-1.57101,-0.308459,-1.57236
0.494191,-0.268084,0.0285906;-1.57018,-0.23916,-1.57053
0.495093,-0.261632,0.0299355;-1.56152,-0.130602,-1.54952
0.491867,-0.249319,0.0334503;-1.58579,0.00498172,-1.50217
0.489254,-0.246944,0.0336353;-1.58817,0.0634301,-1.50209
0.493392,-0.254423,0.0300034;-1.57351,-0.0323211,-1.54576
0.493328,-0.259762,0.0285817;-1.57054,-0.135226,-1.57094
0.493148,-0.260056,0.028605;-1.57077,-0.170325,-1.57201
0.494288,-0.258366,0.0287199;-1.56905,-0.0807914,-1.565
0.495569,-0.249492,0.0299538;-1.57254,0.0224006,-1.54597
0.495556,-0.246034,0.0306662;-1.57638,0.0722053,-1.53485
0.496985,-0.247582,0.0291198;-1.5697,0.0379616,-1.55923
0.496022,-0.246034,0.0287397;-1.57093,-0.157654,-1.5787
0.495589,-0.247143,0.0287963;-1.57073,-0.176219,-1.58105
0.495326,-0.247861,0.0288702;-1.57062,-0.148241,-1.58457
0.493486,-0.243666,0.0302382;-1.56342,0.0355976,-1.55316
0.490838,-0.240974,0.0315224;-1.58968,0.12113,-1.53267
0.493483,-0.242507,0.0318868;-1.54215,0.0909616,-1.55851
0.496145,-0.240337,0.0298071;-1.56521,-0.0846069,-1.59494
0.498159,-0.245884,0.0311655;-1.56132,-0.169483,-1.60775
0.497851,-0.247359,0.0299269;-1.57621,-0.183882,-1.59525
0.49765,-0.248801,0.0297422;-1.557,-0.017418,-1.57734
0.495622,-0.245746,0.0313812;-1.56632,0.0987839,-1.54893
0.493959,-0.245878,0.0313777;-1.55848,0.120741,-1.54874
0.499746,-0.244541,0.0300511;-1.56552,-0.0215301,-1.60243
0.500038,-0.245222,0.0309624;-1.57518,-0.138487,-1.60916
0.500377,-0.247222,0.0315037;-1.57627,-0.188716,-1.61576
0.497228,-0.247934,0.0292122;-1.57446,-0.0722426,-1.58559
0.495454,-0.243423,0.0303346;-1.60108,0.0239649,-1.56336
0.492442,-0.238687,0.0327363;-1.62741,0.0995723,-1.5399
0.499441,-0.239877,0.0290808;-1.57696,-0.0291797,-1.58927
0.500139,-0.240733,0.029771;-1.57855,-0.0932188,-1.59448
0.50078,-0.245482,0.0304969;-1.58468,-0.158734,-1.60197
0.496864,-0.252828,0.0290179;-1.57615,-0.0309168,-1.58629
0.494931,-0.251874,0.0290388;-1.57987,0.0932309,-1.56674
0.492652,-0.246978,0.032607;-1.61962,0.183593,-1.52991
0.498265,-0.2489,0.0290228;-1.58052,0.0859603,-1.58091
0.497989,-0.250522,0.0290497;-1.57504,0.0335174,-1.58734
0.498383,-0.253487,0.0295063;-1.57962,-0.0684682,-1.58896
0.495821,-0.261819,0.0288763;-1.57211,0.0522994,-1.58335
0.494757,-0.259479,0.0292075;-1.58504,0.156443,-1.56678
0.492971,-0.252626,0.0327007;-1.62192,0.254119,-1.52663
0.499684,-0.253686,0.0293295;-1.59888,0.157985,-1.56961
0.500871,-0.253325,0.0297381;-1.57098,0.0841551,-1.5963
0.501169,-0.256838,0.0312516;-1.58305,-0.020249,-1.60821
0.500356,-0.261493,0.0299456;-1.57098,-0.0126145,-1.59898
0.500594,-0.258192,0.029165;-1.58996,0.0437983,-1.57333
0.499221,-0.250083,0.0321333;-1.6228,0.128348,-1.54317
0.502633,-0.248081,0.0325504;-1.63171,0.117937,-1.54426
0.507497,-0.24863,0.0304362;-1.61418,0.021708,-1.57629
0.510541,-0.246747,0.0294129;-1.57864,-0.0632848,-1.59067
0.51207,-0.245647,0.0293339;-1.58728,-0.122447,-1.58654
0.511842,-0.244754,0.0297507;-1.60683,-0.0982848,-1.57812
0.510978,-0.24088,0.0305998;-1.62206,-0.0388897,-1.57335
0.508724,-0.233978,0.0336728;-1.65785,0.0446015,-1.54926
0.513875,-0.23729,0.0322332;-1.64288,-0.0286679,-1.56555
0.518028,-0.242771,0.0291488;-1.59436,-0.113346,-1.57827
0.518344,-0.24572,0.0296672;-1.59567,-0.157908,-1.58693
0.516799,-0.246137,0.0292329;-1.59548,-0.124926,-1.58077
0.513637,-0.2443,0.0296789;-1.60316,-0.0530057,-1.57369
0.507098,-0.236896,0.0341218;-1.65052,0.090716,-1.53405
0.511058,-0.236435,0.0340812;-1.64642,0.0463143,-1.53959
0.514403,-0.237984,0.0297462;-1.60571,-0.0123598,-1.58092
0.517655,-0.243733,0.0313488;-1.58786,-0.133627,-1.61061
0.516673,-0.246397,0.0308492;-1.57284,-0.0885445,-1.60969
0.514129,-0.249443,0.0295192;-1.57186,-0.0216715,-1.59058
0.507764,-0.242142,0.0344638;-1.66871,0.162203,-1.53393
0.509641,-0.242221,0.0345206;-1.61336,0.147743,-1.5524
0.513519,-0.240637,0.0298457;-1.58902,0.0926384,-1.58227
0.515091,-0.251862,0.0304446;-1.57581,-0.0823964,-1.60063
0.514166,-0.254856,0.0303511;-1.57222,-0.0621232,-1.6045
0.511861,-0.25903,0.0294119;-1.57042,0.00559148,-1.58964
0.50601,-0.25184,0.0326362;-1.61512,0.230927,-1.52578
0.510196,-0.248538,0.0354765;-1.47639,0.19584,-1.56772
0.51222,-0.249974,0.0341618;-1.46724,0.163562,-1.58752
0.514479,-0.257037,0.0291859;-1.55753,-0.0415839,-1.57474
0.51437,-0.257944,0.0288856;-1.57063,-0.0575075,-1.58534
0.51401,-0.258642,0.0288909;-1.57053,-0.0411703,-1.58567
0.510475,-0.247715,0.0317812;-1.59147,0.158778,-1.52811
0.512597,-0.245198,0.0309227;-1.58285,0.153972,-1.53591
0.51257,-0.245538,0.0304967;-1.57598,0.156562,-1.54215
0.51372,-0.246511,0.0288006;-1.5708,-0.0705901,-1.58153
0.512777,-0.247833,0.0288107;-1.56813,-0.189236,-1.57923
0.513009,-0.24889,0.0287077;-1.57063,-0.12593,-1.57722
0.513301,-0.246855,0.0289015;-1.56747,-0.0111424,-1.55965
0.509583,-0.239159,0.0320822;-1.5835,0.113779,-1.5171
0.511524,-0.240407,0.0329193;-1.54552,0.0862018,-1.52675
0.512385,-0.242787,0.0286144;-1.56965,-0.0280146,-1.57153
0.50977,-0.244818,0.0290592;-1.55866,-0.150037,-1.57975
0.509716,-0.245028,0.0287124;-1.57048,-0.135099,-1.57717
0.50936,-0.245971,0.0285789;-1.5708,-0.0782455,-1.57075
0.505871,-0.23704,0.0321102;-1.58193,0.0839921,-1.51945
0.508093,-0.237126,0.0325459;-1.55569,0.0722478,-1.52581
0.510156,-0.239781,0.0286919;-1.57039,-0.00157964,-1.56558
0.508843,-0.243684,0.0289802;-1.56058,-0.132808,-1.5784
0.508631,-0.244399,0.0289124;-1.56208,-0.132858,-1.57689
0.509083,-0.243779,0.028711;-1.57063,-0.0939596,-1.56442
0.506062,-0.234272,0.0327297;-1.58609,0.044881,-1.51504
0.506112,-0.236018,0.0326068;-1.57843,0.0626011,-1.51503
0.506013,-0.239073,0.0315311;-1.54817,0.0378767,-1.54055
0.503762,-0.244685,0.028815;-1.56245,-0.138161,-1.57275
0.50342,-0.245905,0.0286966;-1.56861,-0.137527,-1.57395
0.503174,-0.246669,0.0285805;-1.57087,-0.0956321,-1.57074
0.498372,-0.239664,0.0315565;-1.58726,0.0690095,-1.52801
0.497595,-0.239563,0.0321763;-1.58494,0.0877829,-1.51615
0.49846,-0.241419,0.0326301;-1.5433,0.0599171,-1.53079
0.496801,-0.245471,0.0288827;-1.56244,-0.140065,-1.57574
0.496486,-0.247483,0.0290039;-1.56437,-0.16716,-1.58365
0.496468,-0.247681,0.0288789;-1.57047,-0.162518,-1.58491
0.495522,-0.244356,0.0292403;-1.57316,-0.0693058,-1.55653
0.49293,-0.239181,0.0323181;-1.60664,-0.00182274,-1.53249
0.494426,-0.237622,0.0313584;-1.59303,-0.00198138,-1.5387
0.498154,-0.240669,0.0289396;-1.57447,-0.0860117,-1.58436
0.500009,-0.246261,0.0307059;-1.57631,-0.172131,-1.60604
0.500111,-0.248753,0.0319551;-1.58128,-0.20127,-1.61935
0.499584,-0.245857,0.0326693;-1.55693,-0.14351,-1.59158
0.496607,-0.240156,0.0380361;-1.6073,-0.0584355,-1.56145
0.495238,-0.235502,0.0368564;-1.65664,0.00193969,-1.54216
0.503108,-0.240425,0.0309457;-1.6044,-0.0838925,-1.60528
0.505145,-0.243281,0.031532;-1.59332,-0.127453,-1.6122
0.504896,-0.245278,0.0331506;-1.59792,-0.149565,-1.62964
0.499651,-0.247108,0.0342904;-1.68923,-0.0689969,-1.58349
0.496536,-0.244452,0.034592;-1.6967,0.00115991,-1.57034
0.493037,-0.240073,0.03655;-1.72558,0.0801257,-1.55422
0.49903,-0.23803,0.0327688;-1.63736,0.00490042,-1.59643
0.500994,-0.242281,0.0330959;-1.57859,-0.0799687,-1.63581
0.500666,-0.247216,0.0340563;-1.59402,-0.143275,-1.64163
0.493817,-0.255645,0.0333708;-1.62844,-0.0299951,-1.60404
0.490168,-0.255525,0.0344743;-1.69255,0.0557468,-1.56565
0.486392,-0.250032,0.0360333;-1.71748,0.142611,-1.54563
0.48958,-0.251357,0.0330042;-1.62483,0.0965927,-1.59906
0.490945,-0.253978,0.0322874;-1.57355,0.0116354,-1.62608
0.489762,-0.258597,0.0326737;-1.58533,-0.10173,-1.62538
0.485415,-0.267547,0.0300702;-1.56942,0.00263387,-1.60043
0.483467,-0.268223,0.0295087;-1.58569,0.096041,-1.56583
0.48165,-0.261953,0.0328693;-1.62484,0.185722,-1.53088
0.485118,-0.256397,0.0313224;-1.54203,0.172596,-1.57292
0.486075,-0.254992,0.0295811;-1.56904,0.0927221,-1.59406
0.485793,-0.258713,0.0302688;-1.57705,-0.0309127,-1.59736
0.484337,-0.262687,0.0290869;-1.57715,-0.0474295,-1.58888
0.483892,-0.262287,0.0291323;-1.58436,-0.0114732,-1.56889
0.483252,-0.257087,0.0310499;-1.59393,0.0388741,-1.54363
0.486904,-0.244404,0.0330404;-1.58168,0.0440192,-1.52625
0.490983,-0.242075,0.0289191;-1.58351,-0.0385201,-1.57495
0.49189,-0.242261,0.0291182;-1.57296,-0.107117,-1.58604
0.492347,-0.247696,0.0290197;-1.57928,-0.175853,-1.58483
0.4925,-0.247952,0.0286988;-1.57065,-0.167397,-1.5765
0.492362,-0.246871,0.0301443;-1.56711,-0.148728,-1.54586
0.490814,-0.240335,0.0334121;-1.5711,-0.0540723,-1.51126
0.493899,-0.241555,0.030075;-1.56231,-0.0843124,-1.54951
0.494557,-0.242924,0.0286796;-1.5708,-0.117109,-1.57537
0.493854,-0.247331,0.0287921;-1.57069,-0.173964,-1.58082
0.493746,-0.24789,0.0287057;-1.57075,-0.139913,-1.57689
0.493486,-0.247409,0.028696;-1.57094,-0.096005,-1.56524
0.490689,-0.239693,0.0323374;-1.58098,0.0375702,-1.51354
0.491214,-0.239203,0.032193;-1.56885,0.040065,-1.51759
0.490131,-0.239932,0.0285872;-1.5707,-0.00530466,-1.57106
0.488433,-0.245155,0.0288975;-1.56636,-0.141664,-1.58089
0.488197,-0.24631,0.0287906;-1.57022,-0.113074,-1.5806
0.487795,-0.247666,0.0286466;-1.57127,-0.0578886,-1.5735
0.481812,-0.244969,0.0312294;-1.59126,0.0821488,-1.53544
0.483416,-0.245912,0.0316283;-1.58512,0.0884293,-1.5337
0.483647,-0.248652,0.0309845;-1.52059,0.0685306,-1.57466
0.481999,-0.255726,0.0298932;-1.54411,-0.111833,-1.57371
0.481323,-0.256054,0.0291296;-1.57393,-0.100303,-1.58676
0.479986,-0.258226,0.028863;-1.57078,-0.0321866,-1.58396
0.479986,-0.258226,0.028863;-1.57078,-0.0321866,-1.58396
0.476677,-0.25942,0.0295812;-1.56537,0.0421595,-1.57394
0.476677,-0.25942,0.0295812;-1.56537,0.0421595,-1.57394
