0.5,-0.3,0.06;-1.57,-2.98023e-08,-1.57
0.5,-0.3,0.06;-1.57,-2.98023e-08,-1.57
0.5,-0.3,0.06;-1.57,-2.98023e-08,-1.57
0.498079,-0.296217,0.0286661;-1.5709,-0.321741,-1.57507
0.498383,-0.29454,0.0285862;-1.57052,-0.316598,-1.57044
0.498783,-0.28797,0.0297085;-1.56605,-0.225749,-1.54588
0.495461,-0.275041,0.031388;-1.60005,-0.0590593,-1.5447
0.498202,-0.271475,0.0290515;-1.56666,-0.153895,-1.58952
0.497294,-0.268772,0.0287859;-1.57067,-0.258907,-1.58094
0.497285,-0.267541,0.0286204;-1.57076,-0.324137,-1.57262
0.496946,-0.269449,0.0285809;-1.57077,-0.227651,-1.57074
0.497987,-0.26711,0.0290157;-1.56068,-0.136809,-1.55781
0.499135,-0.26,0.0307734;-1.57421,-0.0471617,-1.53165
0.500591,-0.255482,0.030255;-1.56002,0.0609075,-1.5506
0.499982,-0.25655,0.0300347;-1.53379,0.0456961,-1.57231
0.498927,-0.257722,0.0292752;-1.54756,-0.00063321,-1.57218
0.49737,-0.259668,0.0290932;-1.54613,-0.042818,-1.56888
0.497026,-0.259943,0.0292661;-1.56626,-0.0408977,-1.55644
0.495683,-0.260722,0.032011;-1.56944,-0.0391069,-1.51925
0.49647,-0.255223,0.0328437;-1.56987,-0.00252632,-1.50694
0.500505,-0.251276,0.0292215;-1.57148,-0.0238974,-1.55449
0.501096,-0.24969,0.0289614;-1.56876,-0.0726517,-1.5872
0.501686,-0.247103,0.0288849;-1.57142,-0.161156,-1.58493
0.501808,-0.247653,0.0288269;-1.57054,-0.165993,-1.58251
0.501703,-0.248465,0.029909;-1.56819,-0.175557,-1.54551
0.501198,-0.247792,0.0321876;-1.56425,-0.157132,-1.51906
0.500951,-0.251266,0.0289012;-1.56529,-0.189384,-1.55986
0.499837,-0.253,0.0288139;-1.56707,-0.260941,-1.57744
0.499821,-0.253495,0.0287503;-1.57076,-0.244071,-1.57879
0.499057,-0.255365,0.0289204;-1.57208,-0.186582,-1.58588
0.494096,-0.249694,0.0318993;-1.57627,-0.0164328,-1.51918
0.490915,-0.253432,0.0344992;-1.58057,0.00254515,-1.48985
0.490497,-0.261621,0.0319342;-1.57487,-0.0297826,-1.52102
0.489225,-0.269047,0.0285836;-1.57061,-0.160495,-1.57087
0.489718,-0.269191,0.0285801;-1.5706,-0.196221,-1.57094
0.48927,-0.269085,0.0285855;-1.57129,-0.152094,-1.57103
0.491314,-0.265645,0.0302175;-1.54553,0.0311524,-1.56241
0.489302,-0.254446,0.0321606;-1.58698,0.122192,-1.51862
0.489094,-0.255474,0.0323333;-1.58222,0.123452,-1.51445
0.489948,-0.265004,0.0286013;-1.57039,-0.0489037,-1.57189
0.489776,-0.264596,0.0286289;-1.57078,-0.0985175,-1.57319
0.489574,-0.264823,0.0286704;-1.57052,-0.0997054,-1.57514
0.49042,-0.266825,0.0286235;-1.56863,0.0138335,-1.57101
0.491483,-0.267386,0.0296165;-1.55262,0.0935614,-1.56475
0.49136,-0.267824,0.0328439;-1.52011,0.188505,-1.56039
0.492278,-0.267118,0.0308972;-1.52231,0.163891,-1.5693
0.489405,-0.273132,0.0302803;-1.52731,0.0989181,-1.5711
0.487203,-0.276283,0.029248;-1.54572,0.0694022,-1.57187
0.48662,-0.27752,0.0286127;-1.56935,0.119373,-1.57077
0.48744,-0.276779,0.0288128;-1.5688,0.161875,-1.5611
0.48712,-0.275534,0.0303169;-1.57385,0.193986,-1.53979
0.48992,-0.277481,0.0290677;-1.55871,0.154372,-1.58188
0.489031,-0.276257,0.0289453;-1.56404,0.117519,-1.58237
0.486942,-0.276386,0.0288067;-1.56405,0.0169268,-1.57504
0.487697,-0.277633,0.0287123;-1.57012,0.0814277,-1.56503
0.487936,-0.275246,0.0299545;-1.56497,0.111779,-1.5492
0.487737,-0.27197,0.032752;-1.56742,0.164339,-1.51351
0.486381,-0.277769,0.0291781;-1.55209,0.0217483,-1.56958
0.485594,-0.275934,0.0290196;-1.56717,-0.0379236,-1.58826
0.485598,-0.273226,0.0291597;-1.56661,-0.0781973,-1.58484
0.487685,-0.274533,0.029037;-1.55503,0.027933,-1.57716
0.488325,-0.273009,0.0289379;-1.566,0.064723,-1.55956
0.488257,-0.271725,0.0332915;-1.55185,0.0835432,-1.51484
0.48769,-0.272552,0.0319707;-1.54722,0.0417749,-1.53346
0.485562,-0.276894,0.0289821;-1.55221,-0.0495989,-1.57056
0.483676,-0.275454,0.0290435;-1.56241,-0.148807,-1.5834
0.484654,-0.277159,0.0290553;-1.56626,-0.12307,-1.58849
0.485819,-0.278419,0.0289809;-1.56035,-0.0381582,-1.57903
0.48695,-0.274611,0.0292731;-1.56269,0.0592434,-1.55325
0.484905,-0.268878,0.0346352;-1.55528,0.0804557,-1.50127
0.486821,-0.271372,0.0305194;-1.56752,-0.00117943,-1.54146
0.485754,-0.275396,0.0285852;-1.57078,-0.0859531,-1.57033
0.484954,-0.275955,0.0287352;-1.57071,-0.125961,-1.57818
0.485167,-0.276961,0.0289898;-1.56807,-0.0894249,-1.58763
0.485905,-0.277404,0.029027;-1.56248,-0.044528,-1.58356
0.489316,-0.260686,0.0330261;-1.58174,0.154975,-1.50033
0.49274,-0.254047,0.0317179;-1.58658,0.0965605,-1.52531
0.493995,-0.257407,0.0286732;-1.57069,0.0261777,-1.5663
0.491335,-0.257655,0.028628;-1.57067,-0.146265,-1.5731
0.490962,-0.257843,0.0287919;-1.56966,-0.156625,-1.58005
0.490853,-0.258692,0.0288663;-1.57047,-0.128096,-1.58441
0.489605,-0.260437,0.0309681;-1.53474,0.0232532,-1.55935
0.493524,-0.254244,0.0331269;-1.4949,0.033486,-1.57229
0.496218,-0.248789,0.0288705;-1.56696,0.00306467,-1.56078
0.492947,-0.247726,0.0286593;-1.57043,-0.177692,-1.57452
0.492377,-0.248421,0.0287435;-1.5664,-0.196661,-1.57372
0.492399,-0.248892,0.028579;-1.57081,-0.197437,-1.57098
0.489368,-0.250873,0.0310622;-1.57811,-0.159511,-1.53762
0.49332,-0.248374,0.0312672;-1.5706,-0.129975,-1.54355
0.494873,-0.246747,0.029122;-1.55571,-0.0941107,-1.57065
0.494502,-0.245479,0.0288399;-1.56376,-0.139701,-1.5752
0.494765,-0.24632,0.0285975;-1.57042,-0.130964,-1.57171
0.495057,-0.246407,0.0285899;-1.57059,-0.0705631,-1.57043
0.493402,-0.248661,0.0330305;-1.58006,-0.0648929,-1.50579
0.495328,-0.254177,0.0304453;-1.57327,-0.130925,-1.53782
0.495652,-0.256383,0.0297827;-1.55623,-0.149236,-1.55743
0.496974,-0.251406,0.0288363;-1.56922,-0.219759,-1.58164
0.497182,-0.252097,0.0288697;-1.56337,-0.235031,-1.57564
0.497554,-0.251962,0.028652;-1.56728,-0.209901,-1.57001
0.497565,-0.250705,0.0293402;-1.56263,-0.182378,-1.55383
0.495715,-0.253151,0.0338597;-1.57342,-0.194003,-1.49406
0.498952,-0.25918,0.0297843;-1.57021,-0.263668,-1.54845
0.499533,-0.261481,0.0288404;-1.57066,-0.345021,-1.5832
0.500562,-0.260088,0.0293658;-1.58043,-0.380031,-1.58997
0.499665,-0.261058,0.0288605;-1.57221,-0.341738,-1.5836
0.499429,-0.260282,0.028737;-1.57067,-0.240139,-1.56352
0.491713,-0.247375,0.0351473;-1.58609,-0.0399747,-1.48502
0.494816,-0.254259,0.032524;-1.58042,-0.0994846,-1.51719
0.496253,-0.26445,0.0287032;-1.56916,-0.202153,-1.56589
0.496342,-0.263446,0.028981;-1.58727,-0.320697,-1.58243
0.496426,-0.265836,0.02907;-1.58015,-0.282643,-1.58934
0.496456,-0.268541,0.0289625;-1.56346,-0.187458,-1.58045
0.494751,-0.248676,0.0339401;-1.59346,0.0811139,-1.4984
0.497272,-0.245668,0.0334614;-1.55163,0.0466634,-1.51087
0.498573,-0.245865,0.0287389;-1.57037,-0.00998853,-1.56336
0.496414,-0.247212,0.0287517;-1.56916,-0.194074,-1.5771
0.496363,-0.247714,0.0288231;-1.57501,-0.182457,-1.57883
0.496679,-0.249397,0.0289024;-1.57004,-0.12212,-1.58596
0.490741,-0.256646,0.0308404;-1.54551,0.031897,-1.55945
0.490173,-0.257204,0.0372952;-1.44371,0.0857977,-1.56323
0.491681,-0.256994,0.0357487;-1.42914,0.0630031,-1.57415
0.488231,-0.261692,0.0323729;-1.48761,-0.0276248,-1.56328
0.484467,-0.266508,0.0311558;-1.51139,-0.0684023,-1.56329
0.483641,-0.266757,0.0291491;-1.54652,-0.0571483,-1.57232
0.482465,-0.268221,0.0298573;-1.5521,0.0888515,-1.56843
0.479933,-0.270634,0.0349095;-1.48688,0.174161,-1.55722
0.479549,-0.276867,0.0357017;-1.42675,0.157273,-1.58959
0.48072,-0.270568,0.0287198;-1.57045,0.0775364,-1.57741
0.479925,-0.270689,0.0286374;-1.5691,0.0290723,-1.57233
0.479491,-0.271051,0.0286022;-1.57029,0.00672077,-1.57145
0.479665,-0.272988,0.028861;-1.56667,0.0440161,-1.55917
0.478404,-0.272143,0.0306226;-1.5784,0.106497,-1.53994
0.478653,-0.272376,0.0340618;-1.50144,0.119123,-1.54783
0.477223,-0.272712,0.0289642;-1.56922,-0.015642,-1.58782
0.475715,-0.269171,0.0287358;-1.57069,-0.124132,-1.57836
0.476093,-0.26919,0.0287097;-1.56897,-0.129461,-1.57594
0.476998,-0.272089,0.0286735;-1.56733,-0.0217542,-1.56814
0.477429,-0.271492,0.0296948;-1.56638,-0.00251478,-1.55099
0.477212,-0.270457,0.0315942;-1.57771,0.0218013,-1.5214
0.480425,-0.275265,0.0292269;-1.55957,-0.0868776,-1.58711
0.47912,-0.273562,0.0300052;-1.55429,-0.137305,-1.59419
0.478213,-0.272916,0.0295703;-1.56334,-0.16057,-1.5893
0.480774,-0.27748,0.0287265;-1.56375,-0.0354478,-1.57041
0.481977,-0.275631,0.0293696;-1.5583,0.0335262,-1.55894
0.481686,-0.271198,0.0316393;-1.56707,0.0886877,-1.52773
0.483793,-0.270201,0.0286517;-1.5675,0.00586555,-1.57017
0.482339,-0.26889,0.0288997;-1.56707,-0.0860718,-1.5821
0.482213,-0.270631,0.0290716;-1.57614,-0.0819069,-1.58687
0.482045,-0.274604,0.0290923;-1.55494,-0.0340139,-1.57877
0.482167,-0.273146,0.0304487;-1.5304,0.00511803,-1.56442
0.482027,-0.269365,0.0324215;-1.53042,0.0488409,-1.53568
0.482998,-0.263701,0.0328278;-1.52036,0.0390202,-1.54076
0.481617,-0.263333,0.0285976;-1.57057,-0.0129256,-1.57186
0.480822,-0.262453,0.0287134;-1.57072,-0.0742285,-1.57716
0.480723,-0.263371,0.028978;-1.56935,-0.0652379,-1.58852
0.479219,-0.26528,0.0296503;-1.54691,-0.0352767,-1.57768
0.474182,-0.269918,0.0332337;-1.48056,0.0149057,-1.56413
0.475215,-0.26666,0.0355271;-1.46235,0.0552043,-1.54803
0.475216,-0.26625,0.033878;-1.46408,0.039585,-1.56287
0.474367,-0.262926,0.0287539;-1.56833,0.0207873,-1.57666
0.473361,-0.262024,0.0287529;-1.57063,-0.0323551,-1.57896
0.473829,-0.263168,0.0287377;-1.57017,0.0209048,-1.57816
0.473704,-0.264399,0.0298101;-1.55439,0.0759927,-1.57313
0.464152,-0.275719,0.0345702;-1.47734,0.0978027,-1.55817
0.46245,-0.278756,0.029456;-1.54954,0.0354574,-1.56678
0.462528,-0.278997,0.0285638;-1.57053,-0.0190821,-1.57104
0.462607,-0.278597,0.0285799;-1.57077,-0.0513714,-1.5708
0.462796,-0.278526,0.0285793;-1.57076,-0.0359,-1.57083
0.463068,-0.277634,0.0288866;-1.5704,0.020743,-1.56037
0.457443,-0.276349,0.0347795;-1.56321,0.170857,-1.51599
0.457737,-0.284752,0.0325958;-1.48984,0.0694013,-1.5743
0.455682,-0.285891,0.0286087;-1.57056,-0.0389889,-1.57192
0.456902,-0.2826,0.0285873;-1.57032,-0.191884,-1.57127
0.457056,-0.282179,0.0286177;-1.57082,-0.186424,-1.57255
0.458547,-0.279388,0.0289243;-1.56108,-0.0928181,-1.5626
0.455702,-0.266184,0.0337975;-1.58502,0.0801028,-1.49949
0.459944,-0.272673,0.0310487;-1.58265,0.00352169,-1.54009
0.462097,-0.28013,0.0290656;-1.57022,-0.11065,-1.58663
0.461954,-0.275226,0.0288425;-1.57912,-0.330979,-1.57821
0.461942,-0.27533,0.0288725;-1.56291,-0.294662,-1.57668
0.46375,-0.273591,0.0289354;-1.55233,-0.177765,-1.56796
0.46375,-0.273591,0.0289354;-1.55233,-0.177765,-1.56796
0.4675,-0.261074,0.0310031;-1.56953,-0.0342171,-1.53257
0.4675,-0.261074,0.0310031;-1.56953,-0.0342171,-1.53257
