0.5,-0.3,0.06;-1.57,-2.98023e-08,-1.57
0.5,-0.3,0.06;-1.57,-2.98023e-08,-1.57
0.5,-0.3,0.06;-1.57,-2.98023e-08,-1.57
0.497953,-0.297649,0.0285805;-1.5707,-0.322557,-1.5704
0.498554,-0.295827,0.0288018;-1.56531,-0.286119,-1.56338
0.498417,-0.282644,0.030661;-1.57062,-0.144656,-1.53539
0.496127,-0.274941,0.0318707;-1.57482,-0.0656019,-1.51916
0.497609,-0.280695,0.0288999;-1.56932,-0.285326,-1.58438
0.497138,-0.279132,0.028895;-1.57429,-0.364815,-1.58402
0.497683,-0.278084,0.0288613;-1.57402,-0.405952,-1.58238
0.497456,-0.277866,0.0286214;-1.57105,-0.313638,-1.56854
0.497183,-0.268811,0.0304708;-1.57893,-0.192573,-1.54218
0.491507,-0.259247,0.034486;-1.60218,-0.076686,-1.50579
0.496936,-0.26228,0.0315376;-1.60292,-0.142771,-1.54577
0.500855,-0.267306,0.0289658;-1.59043,-0.238423,-1.57691
0.501456,-0.266978,0.029126;-1.59538,-0.280623,-1.58144
0.499753,-0.266726,0.0290228;-1.59373,-0.213148,-1.57793
0.498372,-0.261972,0.0294529;-1.58072,-0.0969183,-1.55646
0.494885,-0.250789,0.0326668;-1.60289,0.0256301,-1.52823
0.493507,-0.247068,0.0323382;-1.58665,0.0720272,-1.52006
0.49669,-0.253214,0.0292993;-1.5712,-0.0308259,-1.55553
0.495029,-0.256254,0.0285937;-1.57036,-0.176225,-1.57143
0.494022,-0.255541,0.0286155;-1.57061,-0.263115,-1.57249
0.495512,-0.25371,0.0288095;-1.56632,-0.165722,-1.5627
0.496528,-0.24238,0.0306467;-1.57323,-0.038372,-1.5354
0.494805,-0.24013,0.0311247;-1.57635,0.00722018,-1.53021
0.496226,-0.245616,0.0292274;-1.57357,-0.0555837,-1.55445
0.494733,-0.249315,0.0289631;-1.56967,-0.220475,-1.58127
0.49519,-0.249614,0.0295232;-1.5885,-0.223924,-1.59104
0.494944,-0.252762,0.030446;-1.57326,-0.170371,-1.60598
0.491191,-0.249086,0.0304084;-1.59926,0.0193793,-1.55307
0.488455,-0.242879,0.034147;-1.65229,0.0983226,-1.53446
0.491119,-0.244335,0.0335673;-1.64196,0.0615079,-1.53962
0.494468,-0.249386,0.0290866;-1.58074,-0.0640474,-1.58584
0.492846,-0.252967,0.0291327;-1.5854,-0.0886759,-1.58421
0.492533,-0.253962,0.0290116;-1.58199,-0.0833196,-1.58121
0.491757,-0.254808,0.0288756;-1.56944,0.0956062,-1.55781
0.490497,-0.250567,0.0314481;-1.58434,0.187135,-1.52788
0.491102,-0.251751,0.0319669;-1.59017,0.206199,-1.52537
0.495775,-0.255267,0.0288954;-1.57039,0.035139,-1.58555
0.495393,-0.254061,0.0287431;-1.57232,-0.0592919,-1.578
0.495581,-0.253695,0.0286112;-1.57067,-0.119346,-1.57231
0.495077,-0.253199,0.0287521;-1.57143,0.00653275,-1.56305
0.49456,-0.247882,0.0300895;-1.57874,0.0912721,-1.54342
0.492362,-0.244,0.0327149;-1.59114,0.170151,-1.50859
0.495017,-0.253366,0.0286309;-1.5708,0.013393,-1.56837
0.493551,-0.252876,0.0288672;-1.57324,-0.0932636,-1.58254
0.494582,-0.252196,0.0295003;-1.5838,-0.137691,-1.5903
0.495177,-0.258922,0.0316933;-1.56464,-0.00910789,-1.62172
0.494248,-0.251472,0.0307719;-1.58155,0.0876113,-1.5888
0.491919,-0.243747,0.0338817;-1.67693,0.170956,-1.54965
0.497815,-0.243624,0.0288469;-1.57173,0.0148392,-1.58242
0.496261,-0.242792,0.0288626;-1.57208,-0.0760712,-1.58309
0.496555,-0.244771,0.0289238;-1.5751,-0.150217,-1.58355
0.496617,-0.245982,0.0286091;-1.57093,-0.0801198,-1.56944
0.49624,-0.240652,0.0294988;-1.57612,0.00422902,-1.55156
0.494034,-0.236438,0.0317456;-1.58462,0.079117,-1.52197
0.499938,-0.240718,0.0289171;-1.56533,-0.021821,-1.56889
0.50043,-0.241332,0.0290759;-1.56911,-0.0972512,-1.58874
0.500831,-0.245063,0.0303986;-1.56977,-0.155719,-1.6009
0.501261,-0.245716,0.0287321;-1.57088,-0.144582,-1.57798
0.500076,-0.243714,0.0289634;-1.57596,-0.052571,-1.55747
0.497562,-0.23795,0.0310073;-1.58158,0.0447824,-1.53278
0.497545,-0.237222,0.0309793;-1.57734,0.0526029,-1.53142
0.499798,-0.242598,0.0286371;-1.57096,-0.0453068,-1.56822
0.500173,-0.242678,0.0287993;-1.56965,-0.117278,-1.58003
0.500531,-0.24378,0.0292786;-1.58752,-0.136899,-1.58771
0.49947,-0.244493,0.0311787;-1.63478,-0.0871109,-1.57947
0.497073,-0.243546,0.0335605;-1.67626,-0.0330498,-1.57714
0.492728,-0.23684,0.0349749;-1.70234,0.0685039,-1.56383
0.497188,-0.239668,0.0320525;-1.6475,-0.00347925,-1.57034
0.5002,-0.242565,0.0287334;-1.57129,-0.104336,-1.5787
0.499121,-0.24516,0.0288481;-1.56561,-0.159075,-1.57781
0.499408,-0.245511,0.0286371;-1.57101,-0.12368,-1.57347
0.499562,-0.244846,0.0286838;-1.57095,-0.0455442,-1.56569
0.496203,-0.237106,0.0325495;-1.58265,0.0868338,-1.51202
0.498537,-0.238322,0.0314842;-1.57569,0.0457898,-1.52518
0.5003,-0.241347,0.0286317;-1.57041,-0.0753829,-1.57318
0.501029,-0.246278,0.0296294;-1.57316,-0.177992,-1.59279
0.500913,-0.245559,0.0290914;-1.56879,-0.160728,-1.58451
0.500723,-0.245632,0.0287114;-1.56753,-0.0856556,-1.57381
0.494741,-0.238261,0.03154;-1.58616,0.0994854,-1.51983
0.498087,-0.240072,0.0321548;-1.59667,0.056648,-1.52896
0.501431,-0.244498,0.0288197;-1.57937,-0.0248855,-1.56818
0.501597,-0.246828,0.0292856;-1.60009,-0.100196,-1.57934
0.49959,-0.249932,0.0291341;-1.58405,-0.0657407,-1.58489
0.498166,-0.250462,0.0293409;-1.60201,-0.0342242,-1.5735
0.490088,-0.241328,0.0335939;-1.67786,0.143914,-1.5496
0.494239,-0.241295,0.0342393;-1.67393,0.108046,-1.55259
0.497394,-0.243281,0.0311234;-1.6272,0.0611188,-1.57271
0.498576,-0.24318,0.0287785;-1.57137,-0.128474,-1.58082
0.498569,-0.243967,0.0286581;-1.57073,-0.106198,-1.57445
0.498517,-0.244198,0.0285797;-1.57072,-0.0914806,-1.57088
0.495563,-0.237185,0.0310334;-1.58236,0.0542601,-1.53238
0.495914,-0.238004,0.0316007;-1.5781,0.0554649,-1.52505
0.495953,-0.237741,0.0310331;-1.57547,0.0583397,-1.53094
0.49492,-0.243658,0.0287478;-1.56743,-0.12346,-1.57509
0.494472,-0.246779,0.0289341;-1.57555,-0.169732,-1.58373
0.493717,-0.248806,0.0288999;-1.57073,-0.113259,-1.58604
0.492593,-0.250121,0.028864;-1.57721,-0.0206268,-1.57835
0.489505,-0.243455,0.0310699;-1.58232,0.143986,-1.52866
0.492482,-0.243202,0.0305495;-1.58765,0.0952423,-1.55013
0.494275,-0.243519,0.0288724;-1.5697,-0.0121819,-1.58441
0.494516,-0.24479,0.0296817;-1.5776,-0.1447,-1.59361
0.494268,-0.247368,0.0290495;-1.5776,-0.127226,-1.58724
0.493161,-0.249856,0.0287572;-1.57225,-0.0356222,-1.57781
0.489327,-0.241768,0.0309658;-1.58477,0.142923,-1.53135
0.492817,-0.241315,0.0305758;-1.56242,0.104934,-1.54216
0.496078,-0.242868,0.0288337;-1.57067,0.00736523,-1.58315
0.493752,-0.244986,0.0288276;-1.57036,-0.148351,-1.58219
0.493623,-0.245927,0.0286705;-1.57061,-0.131049,-1.57512
0.493659,-0.246151,0.0286318;-1.57073,-0.0861993,-1.56826
0.488829,-0.237178,0.03197;-1.58355,0.0895677,-1.52086
0.490563,-0.237457,0.0317351;-1.58174,0.0736235,-1.52365
0.492903,-0.241566,0.0287459;-1.571,-0.00449742,-1.56282
0.490673,-0.245572,0.0288643;-1.56182,-0.160309,-1.57398
0.490585,-0.24606,0.0287112;-1.56986,-0.165918,-1.57605
0.490233,-0.24707,0.0288059;-1.5709,-0.129971,-1.58118
0.487548,-0.24003,0.0325199;-1.63476,0.0687788,-1.55086
0.486318,-0.238204,0.034284;-1.66806,0.0958983,-1.54666
0.48989,-0.237185,0.0319758;-1.64746,0.0497024,-1.56866
0.494267,-0.241039,0.0293799;-1.58743,-0.0951581,-1.58475
0.494588,-0.24399,0.0291351;-1.58406,-0.140045,-1.58634
0.494589,-0.24452,0.0289848;-1.57768,-0.142133,-1.58409
0.492046,-0.239495,0.0296986;-1.58044,-0.012088,-1.55176
0.49014,-0.23482,0.0316975;-1.58045,0.0518847,-1.52305
0.490916,-0.23517,0.0315173;-1.5763,0.0535503,-1.52402
0.492474,-0.239908,0.0290017;-1.56445,-0.0783867,-1.58411
0.493553,-0.243981,0.0299423;-1.56567,-0.140479,-1.59565
0.493325,-0.245397,0.0301138;-1.56618,-0.159089,-1.59568
0.492874,-0.245923,0.0288486;-1.57402,-0.0235633,-1.56101
0.491583,-0.241111,0.0308229;-1.57612,0.0653929,-1.53371
0.490599,-0.239054,0.0317433;-1.5815,0.107091,-1.52273
0.491629,-0.24249,0.0286147;-1.56919,-0.0497503,-1.57102
0.490293,-0.243582,0.0289923;-1.55787,-0.133737,-1.57583
0.489624,-0.245583,0.0289527;-1.56351,-0.162963,-1.58014
0.487863,-0.246407,0.0290269;-1.5915,-0.083046,-1.572
0.485501,-0.243182,0.0301572;-1.60611,-0.00466956,-1.56439
0.481591,-0.237893,0.0342664;-1.67247,0.0755934,-1.55025
0.488802,-0.235589,0.0305995;-1.62225,-0.0187123,-1.57572
0.489891,-0.239313,0.0293166;-1.57973,-0.0774847,-1.5884
0.489322,-0.24321,0.0291608;-1.5906,-0.126143,-1.58182
0.487834,-0.245879,0.0287005;-1.57645,-0.0739882,-1.57128
0.486475,-0.242324,0.0289779;-1.57192,0.0137775,-1.55535
0.483913,-0.237696,0.0319162;-1.58532,0.0939018,-1.51851
0.486459,-0.242151,0.0287277;-1.56997,0.00914706,-1.56385
0.483892,-0.243379,0.0288312;-1.56294,-0.13306,-1.57467
0.484051,-0.245624,0.0290492;-1.56298,-0.166899,-1.58251
0.483454,-0.247221,0.0288799;-1.5718,-0.123326,-1.58421
0.481117,-0.243178,0.0298886;-1.574,0.0139552,-1.5547
0.47727,-0.24199,0.0303733;-1.58555,0.0833147,-1.54187
0.478707,-0.245327,0.0295534;-1.57686,0.0714573,-1.55026
0.477797,-0.24777,0.0285914;-1.57036,-0.0341044,-1.57129
0.47714,-0.247026,0.028629;-1.57108,-0.09353,-1.57322
0.476006,-0.249289,0.0290117;-1.57424,-0.0734839,-1.58803
0.474479,-0.251309,0.0292834;-1.59015,-0.0123335,-1.58556
0.471942,-0.249922,0.030586;-1.61997,0.0715466,-1.56276
0.474019,-0.24719,0.0339131;-1.63605,0.123946,-1.56364
0.476982,-0.245723,0.0316144;-1.59507,0.0709231,-1.60282
0.477059,-0.245863,0.0314726;-1.57488,0.0145275,-1.61381
0.474912,-0.248364,0.0288457;-1.57398,-0.059165,-1.58029
0.47495,-0.249622,0.0285744;-1.57061,-0.00704989,-1.57059
0.474843,-0.248156,0.028913;-1.57612,0.058115,-1.55887
0.474715,-0.245866,0.0310053;-1.58751,0.139963,-1.53107
0.476721,-0.247157,0.0300332;-1.57845,0.119525,-1.54396
0.476058,-0.24992,0.0285773;-1.57031,0.0305848,-1.57105
0.474864,-0.251049,0.0285941;-1.57162,-0.083451,-1.57139
0.474371,-0.251983,0.0288504;-1.57053,-0.0504954,-1.58364
0.473585,-0.253393,0.0289009;-1.57584,0.0149457,-1.58117
0.470358,-0.251814,0.0298376;-1.5934,0.171991,-1.5532
0.472002,-0.250784,0.0295794;-1.57895,0.160532,-1.54532
0.471887,-0.253159,0.0286892;-1.56573,0.0521553,-1.5699
0.47091,-0.251562,0.0289982;-1.5826,-0.101082,-1.58021
0.470583,-0.252292,0.029056;-1.57945,-0.082156,-1.58552
0.469509,-0.253878,0.0290303;-1.57631,-0.0384062,-1.58685
0.466056,-0.252444,0.03042;-1.59733,0.0741245,-1.54667
0.468409,-0.250889,0.0318969;-1.61296,0.0520659,-1.54664
0.472277,-0.248903,0.0291385;-1.58352,-0.0180299,-1.58544
0.476007,-0.243922,0.0296651;-1.59249,-0.130824,-1.58734
0.476139,-0.244175,0.0288963;-1.57419,-0.134925,-1.58274
0.475836,-0.245161,0.028712;-1.57081,-0.0974207,-1.57726
0.475836,-0.245161,0.028712;-1.57081,-0.0974207,-1.57726
0.475172,-0.245307,0.0291371;-1.57428,-0.0127827,-1.55543
0.475172,-0.245307,0.0291371;-1.57428,-0.0127827,-1.55543
