0.5,-0.3,0.06;-1.57,-2.98023e-08,-1.57
0.5,-0.3,0.06;-1.57,-2.98023e-08,-1.57
0.5,-0.3,0.06;-1.57,-2.98023e-08,-1.57
0.498966,-0.296337,0.0285837;-1.57068,-0.313109,-1.57246
0.499028,-0.295518,0.0286921;-1.5678,-0.331776,-1.56706
0.49865,-0.293599,0.0299063;-1.55791,-0.307631,-1.54537
0.498765,-0.285192,0.0317736;-1.56906,-0.220448,-1.52116
0.499124,-0.288056,0.0287023;-1.57065,-0.324304,-1.57649
0.498704,-0.286914,0.0286448;-1.57066,-0.370978,-1.57375
0.498404,-0.286729,0.0286981;-1.56929,-0.388306,-1.57483
0.499192,-0.286696,0.0286419;-1.57068,-0.297932,-1.56782
0.497739,-0.283319,0.0300077;-1.572,-0.234518,-1.54422
0.494585,-0.280643,0.0331311;-1.58141,-0.176477,-1.50633
0.498335,-0.289499,0.0304187;-1.57524,-0.267991,-1.53965
0.499196,-0.297193,0.0286308;-1.5711,-0.372009,-1.56816
0.498679,-0.29826,0.0286081;-1.57111,-0.440221,-1.56976
0.498665,-0.297765,0.0285919;-1.5704,-0.39266,-1.57002
0.498726,-0.295327,0.0295586;-1.55615,-0.350359,-1.55202
0.497527,-0.28907,0.0332176;-1.56387,-0.273672,-1.50699
0.49714,-0.279605,0.0331795;-1.57067,-0.216745,-1.50612
0.500157,-0.280554,0.0295659;-1.57032,-0.283985,-1.55259
0.500044,-0.281927,0.0285842;-1.57103,-0.345137,-1.57125
0.499684,-0.280757,0.0286883;-1.5707,-0.38998,-1.57583
0.499973,-0.279935,0.0286311;-1.57089,-0.346246,-1.56847
0.497888,-0.270565,0.0303007;-1.57583,-0.217636,-1.54061
0.496408,-0.268963,0.0320218;-1.58969,-0.198656,-1.52723
0.501482,-0.272852,0.0289877;-1.57641,-0.275124,-1.56417
0.502558,-0.273196,0.029124;-1.59295,-0.371676,-1.58457
0.500459,-0.275227,0.0292335;-1.59406,-0.327016,-1.58392
0.499164,-0.277444,0.0291646;-1.5938,-0.272056,-1.58332
0.493156,-0.276726,0.0328174;-1.60065,-0.125892,-1.52799
0.48923,-0.275266,0.0361205;-1.6315,-0.0489336,-1.50511
0.490564,-0.278666,0.033587;-1.63749,-0.0773579,-1.54537
0.490384,-0.285758,0.0297024;-1.57808,-0.0773197,-1.59291
0.489218,-0.28831,0.0299028;-1.58691,-0.0550041,-1.59184
0.488686,-0.289663,0.0299105;-1.57895,-0.0298625,-1.593
0.487563,-0.288915,0.0293063;-1.57895,0.14319,-1.5616
0.485031,-0.287227,0.0321948;-1.60646,0.214007,-1.52461
0.485253,-0.288127,0.0332594;-1.60885,0.214305,-1.51452
0.486006,-0.297913,0.0288158;-1.56835,-0.0168857,-1.58503
0.485321,-0.296488,0.02888;-1.57806,-0.0963207,-1.57856
0.485779,-0.295735,0.0287584;-1.57441,-0.11859,-1.57611
0.485942,-0.294956,0.0291124;-1.55112,-0.108723,-1.56159
0.487021,-0.289981,0.0322618;-1.5436,-0.0563684,-1.52931
0.485957,-0.289521,0.0344157;-1.53786,-0.0211211,-1.50844
0.490548,-0.287835,0.0286902;-1.56557,-0.0762075,-1.57003
0.490137,-0.287433,0.0288184;-1.56469,-0.109752,-1.57539
0.489876,-0.2871,0.0287198;-1.56782,-0.117862,-1.57477
0.491554,-0.286112,0.0288319;-1.56447,-0.0149779,-1.56459
0.491641,-0.278797,0.0303215;-1.57518,0.08342,-1.53943
0.489442,-0.275937,0.032805;-1.58634,0.138946,-1.50601
0.494497,-0.284444,0.0286803;-1.57052,0.00822741,-1.5656
0.493135,-0.285223,0.0286967;-1.5651,-0.0790978,-1.57082
0.492898,-0.285507,0.028579;-1.57083,-0.108792,-1.57095
0.49313,-0.285158,0.0287716;-1.56887,-0.00520899,-1.56291
0.493313,-0.282324,0.0301699;-1.56559,0.0449834,-1.54517
0.491415,-0.281433,0.0325231;-1.57166,0.0959062,-1.5143
0.48957,-0.289045,0.0288657;-1.56778,-0.00071305,-1.56027
0.488904,-0.290277,0.0285828;-1.57102,-0.0707349,-1.57115
0.488931,-0.290069,0.0285771;-1.57086,-0.11356,-1.57126
0.489889,-0.288819,0.0286609;-1.57046,-0.0365338,-1.56694
0.491801,-0.280303,0.0297054;-1.57429,0.0519249,-1.5492
0.490729,-0.274465,0.0322555;-1.58157,0.135036,-1.51488
0.492573,-0.272006,0.0312471;-1.57492,0.132162,-1.52623
0.494414,-0.278636,0.0286752;-1.57128,0.0132361,-1.56588
0.494027,-0.278619,0.0287335;-1.56982,-0.0712703,-1.57739
0.494008,-0.277869,0.0287901;-1.57076,-0.116284,-1.58091
0.493267,-0.27861,0.0286297;-1.57295,-0.0718703,-1.571
0.492512,-0.275314,0.0302264;-1.58063,-0.0257927,-1.5459
0.487654,-0.276443,0.033104;-1.59232,0.0196726,-1.51504
0.486569,-0.280732,0.0320019;-1.60815,-0.0354319,-1.54103
0.487057,-0.283231,0.0290813;-1.58692,-0.0686098,-1.57984
0.482608,-0.290765,0.029895;-1.59054,0.0164353,-1.58954
0.481217,-0.295209,0.0292267;-1.57334,0.0871042,-1.58969
0.481351,-0.294586,0.0288635;-1.57626,0.200369,-1.5777
0.477284,-0.286637,0.0344895;-1.6368,0.383912,-1.49787
0.477418,-0.295186,0.0332479;-1.63912,0.320758,-1.52266
0.476085,-0.304388,0.028855;-1.5722,0.221807,-1.58234
0.47503,-0.299905,0.0291439;-1.58708,0.0416433,-1.58094
0.474489,-0.30118,0.0288322;-1.57127,0.0705694,-1.58212
0.474002,-0.302069,0.0286553;-1.57077,0.107172,-1.57447
0.472336,-0.299841,0.0314131;-1.5604,0.243778,-1.53408
0.472947,-0.30031,0.0307221;-1.58029,0.211033,-1.53577
0.472549,-0.302637,0.0286706;-1.57078,0.145317,-1.56655
0.472328,-0.303124,0.028581;-1.57076,0.0186042,-1.57086
0.472638,-0.302933,0.0286166;-1.56998,0.036716,-1.57176
0.473661,-0.300604,0.0287661;-1.56927,0.105542,-1.56323
0.470859,-0.288547,0.0333668;-1.59132,0.270681,-1.50081
0.474216,-0.291406,0.0320385;-1.58558,0.215229,-1.52046
0.475431,-0.296595,0.0289185;-1.57058,0.155466,-1.56126
0.473381,-0.297348,0.0285796;-1.57096,-0.0136645,-1.57086
0.473464,-0.298021,0.0285914;-1.57065,0.0372753,-1.57142
0.473589,-0.297824,0.0287867;-1.56675,0.0552144,-1.56518
0.472608,-0.292106,0.0329489;-1.56588,0.160718,-1.51056
0.470078,-0.297217,0.0332692;-1.55081,0.143497,-1.52074
0.467795,-0.299618,0.032464;-1.54741,0.128827,-1.53193
0.465737,-0.301893,0.0286084;-1.57208,0.039986,-1.57081
0.466362,-0.301601,0.0285769;-1.57085,0.0204861,-1.57065
0.466815,-0.301621,0.0285876;-1.57163,0.0705921,-1.56962
0.468751,-0.295465,0.0296272;-1.571,0.165343,-1.54942
0.465181,-0.291346,0.0335515;-1.59208,0.308134,-1.4977
0.465876,-0.296784,0.0307298;-1.57614,0.257909,-1.53401
0.464313,-0.302648,0.0285877;-1.57092,0.152135,-1.57032
0.46471,-0.299915,0.0286098;-1.57095,-0.0172629,-1.57236
0.464603,-0.300046,0.028744;-1.57072,-0.000250548,-1.57853
0.464715,-0.300113,0.0286999;-1.5648,0.0104147,-1.57056
0.466408,-0.288664,0.0344266;-1.53586,0.0800476,-1.51102
0.468992,-0.286578,0.0317435;-1.57391,0.0046929,-1.53701
0.47032,-0.288248,0.0288449;-1.57734,-0.0611041,-1.57745
0.472033,-0.286249,0.0296637;-1.59568,-0.0973228,-1.58351
0.471143,-0.288477,0.0297678;-1.58222,-0.0477456,-1.59356
0.469356,-0.291776,0.0289626;-1.5743,0.0456356,-1.58517
0.469652,-0.275749,0.0343307;-1.65673,0.279101,-1.51799
0.471617,-0.272616,0.035026;-1.68858,0.314638,-1.52138
0.473538,-0.275014,0.0307208;-1.61182,0.284064,-1.57639
0.475963,-0.27439,0.0324935;-1.58214,0.17423,-1.62098
0.475913,-0.275443,0.0324409;-1.58105,0.159461,-1.62173
0.474823,-0.278654,0.031054;-1.58541,0.184735,-1.60364
0.466107,-0.284745,0.0326762;-1.61575,0.319635,-1.52184
0.462776,-0.292424,0.0328217;-1.55735,0.324753,-1.53656
0.461451,-0.300359,0.0298423;-1.56576,0.26607,-1.57301
0.461808,-0.294297,0.0304793;-1.58356,0.121061,-1.5951
0.46401,-0.290653,0.0291988;-1.5819,0.0722304,-1.58299
0.463747,-0.291323,0.0290389;-1.5754,0.0907546,-1.58748
0.463356,-0.286587,0.0297714;-1.58014,0.260103,-1.55018
0.461577,-0.282023,0.0321616;-1.59116,0.328245,-1.51683
0.464999,-0.276172,0.0316881;-1.57535,0.323617,-1.52356
0.467637,-0.275521,0.0287559;-1.56839,0.193524,-1.57731
0.467229,-0.274473,0.0286553;-1.57086,0.137996,-1.57448
0.466884,-0.27463,0.0286384;-1.57012,0.116595,-1.57311
0.466617,-0.274695,0.0290425;-1.58128,0.159618,-1.558
0.466189,-0.272543,0.0338076;-1.58798,0.182579,-1.49743
0.464932,-0.273264,0.03428;-1.58875,0.178803,-1.49221
0.464832,-0.283489,0.0285688;-1.57102,0.0596694,-1.57173
0.464933,-0.283174,0.0286819;-1.57472,0.0344099,-1.57161
0.464829,-0.283275,0.0286481;-1.57075,0.0324351,-1.57406
0.463411,-0.282792,0.0287548;-1.57409,0.176621,-1.56492
0.461121,-0.279746,0.0306993;-1.59087,0.274174,-1.54031
0.457764,-0.275772,0.0336935;-1.62057,0.353417,-1.50731
0.463792,-0.269826,0.0293267;-1.58306,0.293658,-1.56278
0.463895,-0.270067,0.028873;-1.57195,0.251289,-1.58323
0.463608,-0.270236,0.0289164;-1.57437,0.23976,-1.58232
0.462121,-0.270024,0.0289015;-1.58548,0.249623,-1.56833
0.460335,-0.267223,0.0297984;-1.597,0.294854,-1.55471
0.457865,-0.266763,0.0321122;-1.60514,0.326367,-1.52221
0.459788,-0.278152,0.0286811;-1.57039,0.168169,-1.56545
0.458556,-0.278074,0.0285695;-1.57152,0.0655071,-1.57102
0.45916,-0.277088,0.0286755;-1.57087,0.0144914,-1.57552
0.459495,-0.276794,0.0285886;-1.57047,0.082931,-1.57022
0.461071,-0.269985,0.0298296;-1.57587,0.174986,-1.54922
0.458795,-0.265252,0.0320497;-1.59394,0.243931,-1.52157
0.462343,-0.261439,0.0298795;-1.59668,0.284844,-1.55738
0.4628,-0.263205,0.029045;-1.56277,0.264166,-1.58784
0.4634,-0.263547,0.0300633;-1.56313,0.230686,-1.59326
0.46273,-0.267872,0.0298939;-1.56928,0.203242,-1.59613
0.459327,-0.27007,0.0298787;-1.60725,0.272374,-1.56506
0.454797,-0.271157,0.0324253;-1.66405,0.355987,-1.53907
0.454798,-0.269792,0.0359387;-1.72587,0.367832,-1.52188
0.45817,-0.272141,0.0332971;-1.62235,0.28012,-1.59524
0.458833,-0.273854,0.0330176;-1.57302,0.169883,-1.63172
0.457363,-0.275146,0.0341392;-1.57776,0.143658,-1.64509
0.457985,-0.272517,0.0322278;-1.56534,0.201531,-1.62825
0.457108,-0.268098,0.030891;-1.60203,0.26482,-1.57741
0.453616,-0.266206,0.0337595;-1.6873,0.343467,-1.5329
0.457555,-0.264885,0.0322071;-1.62358,0.295417,-1.56076
0.460639,-0.263791,0.0299351;-1.56812,0.223906,-1.59818
0.462222,-0.262102,0.0306949;-1.57583,0.123347,-1.60351
0.461619,-0.262889,0.0291286;-1.57215,0.134109,-1.58761
0.459735,-0.262355,0.0292101;-1.59535,0.182798,-1.56906
0.454707,-0.261529,0.0330136;-1.62792,0.239091,-1.52331
0.456815,-0.262959,0.0317844;-1.61787,0.216062,-1.53943
0.458876,-0.269554,0.0287189;-1.57109,0.135983,-1.57711
0.458102,-0.269474,0.0287701;-1.57386,0.0851043,-1.5775
0.457468,-0.270494,0.028722;-1.57075,0.133887,-1.57761
0.456595,-0.271877,0.0285699;-1.57077,0.213379,-1.57041
0.452803,-0.26852,0.0306959;-1.58543,0.365028,-1.53304
0.453329,-0.267182,0.0312088;-1.58096,0.398656,-1.52548
0.454596,-0.269053,0.0286237;-1.57055,0.339388,-1.56848
0.454551,-0.267697,0.0286597;-1.56937,0.220483,-1.57369
0.454345,-0.268263,0.0286091;-1.57066,0.209309,-1.57223
0.453573,-0.268759,0.0286175;-1.57288,0.233819,-1.57031
0.453573,-0.268759,0.0286175;-1.57288,0.233819,-1.57031
0.451747,-0.268626,0.0291068;-1.5978,0.296621,-1.5631
0.451747,-0.268626,0.0291068;-1.5978,0.296621,-1.5631
