-0.125,0.125,0.06;-1.57,-2.98023e-08,-1.57
-0.125,0.125,0.06;-1.57,-2.98023e-08,-1.57
-0.125,0.125,0.06;-1.57,-2.98023e-08,-1.57
-0.124417,0.132448,0.0285744;-1.57077,-0.141994,-1.57046
-0.124867,0.131411,0.0285701;-1.57191,-0.0725675,-1.56922
-0.127482,0.120103,0.0322304;-1.63458,0.017903,-1.57254
-0.128057,0.0929136,0.0367668;-1.42959,0.0532261,-1.57448
-0.129989,0.109862,0.0285493;-1.57066,-0.116698,-1.57078
-0.130474,0.110529,0.0288555;-1.5588,-0.155131,-1.57017
-0.130371,0.110266,0.028849;-1.56021,-0.148906,-1.5717
-0.129313,0.108435,0.0285866;-1.57058,-0.0328849,-1.56997
-0.132368,0.0998547,0.0316927;-1.62659,0.0496593,-1.56999
-0.13417,0.0739005,0.0406165;-1.57704,0.142318,-1.57511
-0.13555,0.0726905,0.033128;-1.4914,0.0567602,-1.57564
-0.134887,0.0828806,0.02841;-1.56358,-0.0267225,-1.57148
-0.134795,0.0841639,0.0287242;-1.5644,-0.0853455,-1.57066
-0.134926,0.0829018,0.0285771;-1.57076,-0.0211692,-1.57082
-0.137379,0.0757089,0.0305773;-1.60984,0.0516982,-1.57138
-0.140141,0.0507711,0.0387191;-1.61521,0.145377,-1.57315
-0.14135,0.0349626,0.0391473;-1.39019,0.131787,-1.58345
-0.143517,0.0435637,0.0343277;-1.4655,0.0501076,-1.5773
-0.143044,0.0560662,0.0285105;-1.56964,-0.0459571,-1.57009
-0.142866,0.0566863,0.0285961;-1.56998,-0.0700439,-1.57089
-0.143833,0.0555089,0.0285998;-1.57169,-0.00202328,-1.56828
-0.147542,0.0423211,0.0325812;-1.64094,0.083641,-1.56816
-0.149492,0.0210267,0.0371208;-1.51616,0.12006,-1.57686
-0.151129,0.0239016,0.0318422;-1.50885,0.0412883,-1.5746
-0.150644,0.0323655,0.028853;-1.55905,-0.087358,-1.57105
-0.150508,0.0310957,0.0288743;-1.55898,-0.0611132,-1.57233
-0.149996,0.0303637,0.0285759;-1.57078,-0.00812081,-1.57105
-0.156042,0.00657793,0.036342;-1.67162,0.153392,-1.56453
-0.15691,-0.0157843,0.0413282;-1.41577,0.195796,-1.58664
-0.159169,-0.019843,0.0380329;-1.39636,0.131403,-1.59236
-0.159247,0.00123428,0.0285919;-1.56991,-0.0489199,-1.57034
-0.159651,0.00154031,0.0288367;-1.55947,-0.074458,-1.57091
-0.158708,-0.000973409,0.0287657;-1.56266,-0.00576705,-1.57142
-0.162739,-0.0112379,0.0317142;-1.62815,0.137602,-1.56577
-0.167567,-0.0377551,0.040357;-1.56656,0.230737,-1.57628
-0.170018,-0.0528371,0.039503;-1.36789,0.208838,-1.60334
-0.17042,-0.0303722,0.0284667;-1.56762,0.0338461,-1.57257
-0.170493,-0.0290376,0.0288449;-1.55979,-0.0147541,-1.57219
-0.170602,-0.0297124,0.0288589;-1.55932,-0.00719416,-1.57261
-0.171913,-0.0320274,0.0291222;-1.58796,0.115698,-1.56742
-0.177528,-0.0529551,0.0357915;-1.67272,0.207966,-1.55686
-0.179387,-0.077346,0.0418085;-1.41631,0.268898,-1.59693
-0.183011,-0.0636224,0.0284673;-1.58922,0.0975939,-1.56858
-0.181821,-0.0607946,0.0285727;-1.57021,0.0257365,-1.57033
-0.182022,-0.0601988,0.0288433;-1.55946,0.000209063,-1.57202
-0.1818,-0.0631098,0.028603;-1.57175,0.144055,-1.5704
-0.186673,-0.076278,0.0332286;-1.6539,0.224349,-1.55618
-0.192153,-0.101641,0.0416396;-1.49955,0.31637,-1.58965
-0.1954,-0.092334,0.0284871;-1.59262,0.139549,-1.56866
-0.194174,-0.0891491,0.0285591;-1.56971,0.0567624,-1.57084
-0.194767,-0.0885202,0.0288661;-1.55852,0.0200713,-1.57238
-0.194649,-0.091442,0.0286372;-1.57643,0.159354,-1.56996
-0.200006,-0.105183,0.0331041;-1.65285,0.242759,-1.55623
-0.205068,-0.130335,0.0416914;-1.48999,0.331831,-1.59261
-0.20734,-0.122179,0.0292029;-1.55789,0.185566,-1.57402
-0.204617,-0.115292,0.0285648;-1.5708,0.103831,-1.57067
-0.204768,-0.114563,0.0288568;-1.55915,0.0667987,-1.57306
-0.20452,-0.116811,0.0285811;-1.57081,0.17444,-1.57073
-0.209047,-0.125135,0.0313397;-1.62588,0.250285,-1.56108
-0.216429,-0.150357,0.039873;-1.58442,0.343073,-1.57321
-0.219504,-0.156469,0.0356259;-1.44174,0.288458,-1.60656
-0.218106,-0.143398,0.028721;-1.58026,0.204934,-1.57032
-0.216598,-0.140887,0.0285708;-1.57056,0.13133,-1.56992
-0.216643,-0.140875,0.0285804;-1.57074,0.132239,-1.57087
-0.217701,-0.141301,0.0286532;-1.57257,0.203364,-1.56772
-0.224213,-0.154748,0.033548;-1.66035,0.289341,-1.549
-0.233056,-0.190295,0.0401997;-1.35995,0.348674,-1.62938
-0.233848,-0.184641,0.036317;-1.42399,0.281452,-1.61178
-0.230859,-0.167306,0.0284975;-1.57512,0.18543,-1.56961
-0.230531,-0.166418,0.0288199;-1.56012,0.140176,-1.57441
-0.229798,-0.167641,0.028577;-1.57067,0.213915,-1.57079
-0.23256,-0.170299,0.0294344;-1.59391,0.276022,-1.56542
-0.24701,-0.21711,0.0424653;-1.38183,0.436476,-1.6305
-0.251318,-0.222803,0.0396404;-1.35534,0.363631,-1.64401
-0.249947,-0.203917,0.0297328;-1.54484,0.263693,-1.58001
-0.247732,-0.197201,0.0288507;-1.55922,0.143123,-1.57383
-0.247072,-0.198535,0.0285818;-1.57062,0.231791,-1.57105
-0.248646,-0.199885,0.0288935;-1.58703,0.299712,-1.56587
-0.265216,-0.243306,0.0424686;-1.42681,0.465202,-1.62347
-0.270238,-0.253752,0.039318;-1.35638,0.391066,-1.64894
-0.269163,-0.233382,0.0290035;-1.56132,0.278813,-1.57687
-0.267519,-0.228201,0.0288408;-1.55911,0.140709,-1.57365
-0.267098,-0.230035,0.0285788;-1.57074,0.223359,-1.57097
-0.268518,-0.231468,0.0288483;-1.58345,0.277556,-1.56833
-0.282799,-0.273851,0.0422853;-1.43436,0.442427,-1.6172
-0.287989,-0.283956,0.0389644;-1.36521,0.368808,-1.64196
-0.287341,-0.26483,0.029613;-1.54457,0.264903,-1.57944
-0.285057,-0.258644,0.0288466;-1.55927,0.150827,-1.57384
-0.284705,-0.260478,0.0285742;-1.57056,0.239067,-1.57045
-0.285101,-0.261024,0.0285802;-1.57103,0.267684,-1.57029
-0.299411,-0.29543,0.0413379;-1.52344,0.437432,-1.5916
-0.303854,-0.304933,0.038151;-1.38024,0.369271,-1.63729
-0.30189,-0.295682,0.0340297;-1.46901,0.346018,-1.60561
-0.297641,-0.282715,0.0286446;-1.56767,0.200637,-1.57136
-0.297413,-0.284555,0.0289005;-1.55797,0.249023,-1.57673
-0.297286,-0.284938,0.0285764;-1.5706,0.300511,-1.57045
-0.300923,-0.288039,0.0301223;-1.6034,0.379718,-1.55881
-0.320116,-0.329018,0.0396305;-1.35045,0.492861,-1.66105
-0.321676,-0.326662,0.0367337;-1.40757,0.417949,-1.63795
-0.316226,-0.309164,0.0284401;-1.57827,0.323128,-1.56898
-0.315231,-0.307686,0.0288108;-1.56047,0.25797,-1.57452
-0.314914,-0.30965,0.0285724;-1.5711,0.339336,-1.57086
-0.316623,-0.310509,0.0286868;-1.5767,0.395483,-1.56823
-0.336655,-0.349512,0.0420715;-1.43859,0.55988,-1.63181
-0.342139,-0.356784,0.0385101;-1.3653,0.486354,-1.66638
-0.337217,-0.337587,0.0284144;-1.59056,0.385207,-1.56416
-0.335028,-0.333653,0.0288452;-1.55906,0.2662,-1.57516
-0.334827,-0.335642,0.0285549;-1.57154,0.352244,-1.57022
-0.336266,-0.336663,0.0286732;-1.5758,0.407453,-1.56871
-0.356559,-0.373568,0.041641;-1.45936,0.573571,-1.62545
-0.362413,-0.382426,0.0384795;-1.36278,0.500486,-1.66837
-0.357918,-0.363968,0.0284223;-1.57902,0.401835,-1.56754
-0.355525,-0.359858,0.0288508;-1.55867,0.284079,-1.57541
-0.355015,-0.361365,0.0286969;-1.56445,0.349263,-1.57279
-0.35579,-0.36176,0.0285762;-1.57076,0.400243,-1.57038
-0.375519,-0.393692,0.0408271;-1.53447,0.575678,-1.5928
-0.382812,-0.405472,0.0391393;-1.34541,0.537399,-1.68022
-0.380981,-0.396168,0.0341651;-1.45666,0.46585,-1.62366
-0.374937,-0.382717,0.0288241;-1.56,0.331127,-1.57566
-0.375209,-0.383537,0.0288519;-1.55898,0.345033,-1.57665
-0.375113,-0.384836,0.0285667;-1.57134,0.405818,-1.57082
-0.390108,-0.403463,0.0356525;-1.67649,0.559389,-1.52116
-0.400628,-0.425077,0.0415949;-1.38971,0.617128,-1.66205
-0.405135,-0.429315,0.0384241;-1.35945,0.547729,-1.67989
-0.3969,-0.407342,0.0285508;-1.57137,0.37685,-1.57037
-0.396809,-0.406516,0.028848;-1.55836,0.343316,-1.57601
-0.396859,-0.408088,0.0288037;-1.56059,0.400219,-1.57605
-0.404046,-0.414564,0.0312739;-1.62918,0.535964,-1.54226
-0.418376,-0.435894,0.0399314;-1.57334,0.634229,-1.57442
-0.426897,-0.450823,0.039525;-1.33477,0.616279,-1.69858
-0.41999,-0.43007,0.0283923;-1.56894,0.446845,-1.57059
-0.419325,-0.42912,0.0288024;-1.56067,0.394222,-1.57589
-0.419427,-0.42924,0.0288331;-1.55885,0.397409,-1.57689
-0.420767,-0.430633,0.0290464;-1.58891,0.527121,-1.55983
-0.433406,-0.445605,0.0353797;-1.68923,0.61499,-1.50855
-0.446195,-0.467643,0.04235;-1.40256,0.683375,-1.66504
-0.444625,-0.4538,0.0283776;-1.59226,0.508275,-1.56025
-0.441881,-0.451181,0.0285753;-1.57066,0.431985,-1.57048
-0.441994,-0.450482,0.0288405;-1.55866,0.398117,-1.57673
-0.442618,-0.452892,0.0286562;-1.57327,0.5317,-1.56758
-0.452311,-0.463611,0.0334343;-1.67209,0.612677,-1.51663
-0.466254,-0.485672,0.0417953;-1.4517,0.700997,-1.64214
-0.466356,-0.476337,0.0284843;-1.58731,0.525056,-1.56238
-0.463427,-0.473502,0.0285807;-1.5703,0.445754,-1.57089
-0.463556,-0.472858,0.0288485;-1.55815,0.408735,-1.57701
-0.464135,-0.474827,0.0285914;-1.57182,0.545219,-1.5703
-0.473861,-0.484643,0.0329781;-1.66462,0.625519,-1.51951
-0.488541,-0.505998,0.0413672;-1.48225,0.718842,-1.62765
-0.491614,-0.503031,0.0323622;-1.48674,0.579152,-1.61865
-0.485728,-0.49462,0.0285791;-1.57095,0.493013,-1.57082
-0.485898,-0.494146,0.0288528;-1.55774,0.457267,-1.5779
-0.486033,-0.495655,0.0285797;-1.57077,0.545562,-1.57081
-0.490195,-0.49811,0.0298581;-1.60441,0.615344,-1.552
-0.506382,-0.516486,0.0375194;-1.66403,0.709289,-1.51828
-0.521691,-0.534145,0.0373631;-1.36722,0.666174,-1.69694
-0.513239,-0.517753,0.0287493;-1.58671,0.57009,-1.56021
-0.511484,-0.516354,0.0286032;-1.56922,0.503326,-1.57122
-0.511964,-0.518134,0.0286243;-1.5682,0.559531,-1.57213
-0.512838,-0.51823,0.0285833;-1.57107,0.615054,-1.57021
-0.522499,-0.525918,0.0324323;-1.6577,0.695403,-1.51729
-0.549453,-0.557173,0.0393604;-1.2995,0.746666,-1.74927
-0.545665,-0.547389,0.0339099;-1.44597,0.671293,-1.65019
-0.53755,-0.536303,0.0285007;-1.56998,0.581987,-1.57122
-0.53762,-0.536459,0.0288484;-1.55782,0.560011,-1.57947
-0.537953,-0.53746,0.0285693;-1.57125,0.619098,-1.57064
-0.541,-0.538189,0.0293806;-1.59606,0.685981,-1.55406
-0.572025,-0.572197,0.0410018;-1.32381,0.820022,-1.73589
-0.576447,-0.573163,0.0378696;-1.33797,0.746516,-1.7299
-0.566301,-0.556573,0.0284977;-1.59212,0.655874,-1.55752
-0.563606,-0.554275,0.0288163;-1.55857,0.556153,-1.57814
-0.563684,-0.556345,0.0285249;-1.57122,0.646824,-1.5686
-0.565824,-0.557114,0.0286469;-1.57417,0.715726,-1.56734
-0.597993,-0.588717,0.0412767;-1.3889,0.878845,-1.7037
-0.604986,-0.595196,0.038125;-1.31756,0.803177,-1.75315
-0.594693,-0.579152,0.0289208;-1.59255,0.704427,-1.55794
-0.591968,-0.576542,0.0288467;-1.55716,0.576732,-1.57944
-0.591996,-0.578185,0.0285648;-1.57168,0.658409,-1.57021
-0.593754,-0.578773,0.0286589;-1.57587,0.713905,-1.56746
-0.593754,-0.578773,0.0286589;-1.57587,0.713905,-1.56746
-0.606558,-0.588698,0.0333306;-1.68823,0.794465,-1.49202
-0.606558,-0.588698,0.0333306;-1.68823,0.794465,-1.49202
