-0.125,0.125,0.06;-1.57,-2.98023e-08,-1.57
-0.125,0.125,0.06;-1.57,-2.98023e-08,-1.57
-0.125,0.125,0.06;-1.57,-2.98023e-08,-1.57
-0.124528,0.132677,0.0285901;-1.56973,-0.142738,-1.57114
-0.124846,0.131515,0.0285864;-1.57163,-0.0743296,-1.56928
-0.12783,0.119847,0.0320923;-1.6321,0.0187075,-1.57269
-0.127915,0.0907781,0.0368084;-1.43157,0.0740151,-1.57492
-0.129694,0.10492,0.0284791;-1.56699,-0.0861778,-1.57007
-0.129951,0.105439,0.0288397;-1.55933,-0.119801,-1.57044
-0.129995,0.105093,0.0288293;-1.56071,-0.112502,-1.57152
-0.129009,0.103089,0.0285945;-1.57078,0.00953745,-1.56953
-0.131859,0.0932763,0.0315094;-1.62337,0.0957232,-1.56839
-0.133876,0.0670419,0.0398506;-1.53579,0.188543,-1.57618
-0.135966,0.0638579,0.0334811;-1.48396,0.110182,-1.57984
-0.135371,0.0748659,0.0284884;-1.5716,0.0247208,-1.57093
-0.134968,0.0764301,0.02872;-1.56439,-0.040257,-1.57072
-0.134904,0.0754286,0.0285787;-1.57065,0.0215053,-1.57085
-0.137368,0.0685096,0.0304288;-1.6101,0.0960155,-1.57087
-0.140382,0.0433584,0.0384085;-1.59205,0.187948,-1.57359
-0.141508,0.0274947,0.0391604;-1.39193,0.184108,-1.5888
-0.143043,0.0343612,0.0339186;-1.472,0.11184,-1.58273
-0.142079,0.0459795,0.0285156;-1.5703,0.0118083,-1.56938
-0.141792,0.0466848,0.0285963;-1.56994,-0.0114642,-1.57096
-0.142654,0.0454328,0.0286107;-1.57269,0.0610108,-1.57054
-0.146806,0.0309792,0.0324874;-1.64053,0.146544,-1.56462
-0.149363,0.00826973,0.036465;-1.48919,0.190252,-1.58227
-0.151163,0.00992059,0.0317656;-1.51006,0.122492,-1.57905
-0.150281,0.0169328,0.0288312;-1.55965,-0.00800475,-1.57178
-0.150127,0.0160317,0.0288481;-1.55955,0.0157853,-1.57276
-0.149274,0.0153126,0.0285796;-1.57073,0.073048,-1.57089
-0.156489,-0.00985472,0.0359596;-1.65003,0.238151,-1.56108
-0.157977,-0.034472,0.039582;-1.37076,0.286489,-1.60223
-0.160581,-0.0356053,0.0378481;-1.40201,0.219565,-1.60258
-0.159702,-0.0166503,0.0285751;-1.57094,0.0507624,-1.57053
-0.160048,-0.0164586,0.0287994;-1.56079,0.0274342,-1.57152
-0.159301,-0.0184687,0.0287746;-1.56205,0.0953827,-1.57217
-0.164207,-0.0283842,0.0314414;-1.6242,0.237981,-1.56173
-0.169432,-0.0552955,0.0395448;-1.52866,0.323719,-1.58517
-0.172223,-0.0691935,0.039694;-1.37012,0.309758,-1.61795
-0.169317,-0.0489186,0.0285018;-1.56916,0.150484,-1.57001
-0.16922,-0.0479733,0.0288172;-1.56071,0.101818,-1.57299
-0.169292,-0.0483683,0.0288222;-1.55982,0.104745,-1.57264
-0.170867,-0.0507761,0.0289892;-1.59046,0.225305,-1.5661
-0.178035,-0.0708781,0.0354364;-1.6608,0.315897,-1.55103
-0.181591,-0.095558,0.0408279;-1.38946,0.378659,-1.61574
-0.183052,-0.0819387,0.0285618;-1.58578,0.217103,-1.56766
-0.181535,-0.0788766,0.0285862;-1.57047,0.143588,-1.57018
-0.182073,-0.0781956,0.0288158;-1.56015,0.110673,-1.57261
-0.182286,-0.081238,0.0286028;-1.57244,0.250283,-1.56986
-0.188453,-0.0942431,0.0330045;-1.65426,0.33059,-1.54982
-0.1943,-0.118589,0.0411495;-1.47576,0.423732,-1.60214
-0.196311,-0.11054,0.0286058;-1.58475,0.254801,-1.56843
-0.194613,-0.107235,0.028565;-1.57138,0.177775,-1.57047
-0.195007,-0.10672,0.0288349;-1.55937,0.142858,-1.57318
-0.195008,-0.109794,0.0285921;-1.57187,0.288118,-1.56985
-0.201593,-0.123143,0.0328758;-1.65186,0.370035,-1.54809
-0.208969,-0.148051,0.0408618;-1.44874,0.45945,-1.61351
-0.211662,-0.141161,0.0295497;-1.55027,0.326417,-1.57834
-0.208454,-0.135016,0.0285564;-1.5701,0.243119,-1.57097
-0.208486,-0.134299,0.0287974;-1.56101,0.200337,-1.57343
-0.208418,-0.136034,0.0285769;-1.57082,0.292561,-1.57088
-0.213738,-0.144157,0.031077;-1.62153,0.366742,-1.55703
-0.223675,-0.167936,0.0394238;-1.56711,0.460251,-1.57701
-0.227568,-0.176575,0.0354684;-1.44249,0.422634,-1.61911
-0.225637,-0.166079,0.02827;-1.58627,0.340463,-1.56523
-0.224001,-0.163571,0.0285631;-1.57085,0.269198,-1.5705
-0.223975,-0.163558,0.0285788;-1.57062,0.272322,-1.57115
-0.225447,-0.164896,0.0286231;-1.57338,0.346983,-1.56969
-0.234075,-0.17879,0.0330932;-1.65508,0.433217,-1.53991
-0.245704,-0.213651,0.0403032;-1.35048,0.503854,-1.65745
-0.246099,-0.209382,0.0357702;-1.42305,0.44792,-1.63199
-0.242105,-0.19623,0.028349;-1.56425,0.354908,-1.57302
-0.241387,-0.195202,0.0288152;-1.55925,0.30596,-1.57508
-0.241069,-0.196216,0.0285787;-1.57069,0.391503,-1.57083
-0.244352,-0.199048,0.0293333;-1.60119,0.454304,-1.55942
-0.266281,-0.244205,0.0413373;-1.32057,0.607535,-1.68446
-0.269916,-0.246297,0.0395662;-1.34584,0.539827,-1.67801
-0.265655,-0.230221,0.0299761;-1.5389,0.45012,-1.58676
-0.262085,-0.22371,0.0288278;-1.55942,0.325598,-1.57541
-0.262069,-0.225348,0.0285618;-1.57188,0.404428,-1.57091
-0.263691,-0.226323,0.0288323;-1.58452,0.459462,-1.56493
-0.284602,-0.266794,0.0417866;-1.39053,0.618778,-1.65703
-0.290193,-0.274532,0.0390958;-1.35031,0.544585,-1.67893
-0.286493,-0.257852,0.0293577;-1.55216,0.450944,-1.58214
-0.283823,-0.251757,0.028828;-1.55932,0.313291,-1.57527
-0.28321,-0.253427,0.028564;-1.57237,0.400232,-1.56955
-0.285054,-0.255077,0.0288815;-1.58714,0.467061,-1.56374
-0.30588,-0.295905,0.04144;-1.3858,0.625936,-1.66045
-0.311833,-0.303573,0.0389698;-1.35271,0.554901,-1.6799
-0.308909,-0.288377,0.0300241;-1.5381,0.472685,-1.58753
-0.305381,-0.281749,0.0287976;-1.56047,0.34659,-1.5749
-0.304992,-0.28339,0.0285547;-1.57227,0.431906,-1.57006
-0.305547,-0.283957,0.0285854;-1.57122,0.456054,-1.57014
-0.324982,-0.315396,0.0411833;-1.51172,0.625233,-1.60518
-0.331414,-0.326404,0.0378432;-1.36835,0.573123,-1.67784
-0.328563,-0.320568,0.0341213;-1.45432,0.569298,-1.63199
-0.322511,-0.309205,0.0286473;-1.56661,0.431291,-1.57244
-0.322651,-0.310383,0.0289043;-1.55659,0.472794,-1.58012
-0.32284,-0.310879,0.0285649;-1.57068,0.529971,-1.57029
-0.327642,-0.314228,0.0299961;-1.60694,0.608362,-1.55193
-0.353439,-0.351885,0.0395277;-1.32399,0.724632,-1.71632
-0.354587,-0.349425,0.0363411;-1.39258,0.663422,-1.67878
-0.347278,-0.336777,0.0283744;-1.57265,0.577451,-1.57027
-0.34622,-0.335228,0.0287819;-1.55997,0.502285,-1.57662
-0.345613,-0.336668,0.0285686;-1.57127,0.591071,-1.57024
-0.347541,-0.337406,0.0286932;-1.57815,0.650545,-1.56601
-0.376475,-0.370951,0.0411511;-1.36021,0.808932,-1.70535
-0.382972,-0.375834,0.0385166;-1.32864,0.73728,-1.72896
-0.374865,-0.361116,0.0287555;-1.58616,0.651614,-1.56172
-0.372405,-0.357797,0.028827;-1.55808,0.513934,-1.57768
-0.37197,-0.359168,0.0285241;-1.57396,0.592698,-1.56883
-0.373558,-0.359781,0.0286638;-1.57686,0.653041,-1.56728
-0.402421,-0.39225,0.0411083;-1.39873,0.810929,-1.68246
-0.409753,-0.399393,0.038351;-1.32998,0.746336,-1.72767
-0.402776,-0.386179,0.0287069;-1.56551,0.672118,-1.57582
-0.399486,-0.382884,0.0287935;-1.55874,0.549342,-1.57715
-0.399483,-0.383911,0.0286899;-1.56429,0.598335,-1.57441
-0.400387,-0.384143,0.0285831;-1.57149,0.652878,-1.56972
-0.426895,-0.411611,0.0404572;-1.51019,0.823662,-1.61403
-0.436537,-0.423784,0.0394716;-1.30051,0.799744,-1.75097
-0.433594,-0.417811,0.0336035;-1.44355,0.75312,-1.65706
-0.426326,-0.40987,0.0287472;-1.56112,0.615567,-1.57644
-0.426413,-0.410086,0.0288149;-1.5576,0.617659,-1.57902
-0.426279,-0.410774,0.0285706;-1.57057,0.674304,-1.57051
-0.445658,-0.426192,0.0355168;-1.70542,0.82959,-1.4804
-0.461259,-0.445869,0.0411786;-1.31709,0.885973,-1.74855
-0.466075,-0.449796,0.0386682;-1.29946,0.843689,-1.76514
-0.454853,-0.435522,0.0285431;-1.57203,0.709402,-1.57045
-0.454804,-0.435441,0.0287865;-1.55782,0.692075,-1.57905
-0.455153,-0.436444,0.0288115;-1.55743,0.732124,-1.58093
-0.46454,-0.44153,0.0312799;-1.64835,0.867998,-1.51484
-0.484587,-0.458085,0.0395567;-1.56136,0.963031,-1.58244
-0.497787,-0.471125,0.039397;-1.24161,0.955421,-1.82484
-0.487068,-0.457148,0.0285447;-1.57128,0.815681,-1.56877
-0.486544,-0.456364,0.0287595;-1.55905,0.762691,-1.57897
-0.486677,-0.456337,0.0288083;-1.55608,0.760007,-1.5816
-0.48897,-0.458034,0.0289896;-1.59819,0.898718,-1.55032
-0.506553,-0.468861,0.0349753;-1.72074,0.98084,-1.45339
-0.526015,-0.485969,0.0414581;-1.24963,1.03732,-1.82742
-0.520331,-0.475874,0.0287553;-1.58654,0.896443,-1.56011
-0.517526,-0.474343,0.0285895;-1.57044,0.822227,-1.56975
-0.517518,-0.473649,0.0288157;-1.55583,0.785221,-1.58199
-0.519214,-0.47542,0.0286281;-1.57368,0.924385,-1.56751
-0.533004,-0.48256,0.0333514;-1.72058,0.996275,-1.45109
-0.554657,-0.498375,0.0411475;-1.31911,1.07958,-1.77969
-0.553253,-0.490903,0.0287251;-1.59082,0.930768,-1.55485
-0.550326,-0.489698,0.0285775;-1.57111,0.847201,-1.57045
-0.550396,-0.488921,0.0288064;-1.55564,0.80161,-1.58218
-0.551778,-0.490111,0.028617;-1.57401,0.917032,-1.56806
-0.564791,-0.496415,0.0328874;-1.71202,0.993094,-1.4582
-0.585968,-0.511974,0.0413377;-1.4193,1.08162,-1.70027
-0.591553,-0.513881,0.0319934;-1.45021,1.00277,-1.67272
-0.585093,-0.509673,0.0285584;-1.57066,0.918639,-1.57081
-0.584888,-0.509499,0.0287782;-1.55554,0.889389,-1.58259
-0.585494,-0.5106,0.0285777;-1.57049,0.963125,-1.57097
-0.591076,-0.511454,0.0298276;-1.6324,1.0396,-1.5204
-0.613893,-0.522188,0.0374717;-1.7451,1.12757,-1.42251
-0.635191,-0.535592,0.0372257;-1.22066,1.11426,-1.88022
-0.624951,-0.527648,0.0285812;-1.58875,1.04986,-1.55577
-0.622086,-0.526905,0.0285583;-1.57267,0.986969,-1.56917
-0.62239,-0.52768,0.0286382;-1.56523,1.02517,-1.57554
-0.623486,-0.527478,0.0286002;-1.57306,1.08642,-1.56855
-0.635909,-0.530557,0.0325908;-1.75392,1.16144,-1.40728
-0.675578,-0.549132,0.0395356;-1.01715,1.20825,-2.07904
-0.669843,-0.544778,0.0333898;-1.33197,1.18555,-1.7929
-0.66025,-0.540326,0.0285127;-1.57013,1.1038,-1.57089
-0.659865,-0.540194,0.0288077;-1.54849,1.06778,-1.59063
-0.660254,-0.540758,0.0285645;-1.57044,1.13275,-1.57047
-0.664445,-0.540641,0.0293406;-1.63396,1.19607,-1.51361
-0.709988,-0.558594,0.0402586;-0.861025,1.28092,-2.23252
-0.712798,-0.557295,0.037808;-1.0547,1.23478,-2.05668
-0.697807,-0.550147,0.028833;-1.6191,1.18197,-1.52616
-0.694276,-0.549146,0.0287843;-1.55081,1.07524,-1.58863
-0.69534,-0.550675,0.0285615;-1.57273,1.15742,-1.56904
-0.696165,-0.550071,0.0286484;-1.57775,1.20762,-1.56202
-0.738235,-0.563762,0.0409583;-0.978444,1.33625,-2.13436
-0.747528,-0.56546,0.0381422;-0.979416,1.26182,-2.13462
-0.734237,-0.557096,0.0286812;-1.61065,1.21697,-1.53696
-0.730546,-0.555735,0.0288106;-1.54782,1.08854,-1.59183
-0.730937,-0.557058,0.028588;-1.56965,1.16246,-1.57194
-0.732719,-0.556809,0.0286452;-1.58221,1.22947,-1.55953
-0.732719,-0.556809,0.0286452;-1.58221,1.22947,-1.55953
-0.74938,-0.559883,0.033383;-1.89372,1.29692,-1.26585
-0.74938,-0.559883,0.033383;-1.89372,1.29692,-1.26585
