-0.125,0.125,0.06;-1.57,-2.98023e-08,-1.57
-0.125,0.125,0.06;-1.57,-2.98023e-08,-1.57
-0.125,0.125,0.06;-1.57,-2.98023e-08,-1.57
-0.124575,0.132325,0.0285935;-1.57031,-0.139446,-1.57001
-0.125082,0.131366,0.0285778;-1.57099,-0.0666466,-1.57046
-0.127951,0.119716,0.0320828;-1.63369,0.0250103,-1.57299
-0.128892,0.0904906,0.0369548;-1.42879,0.0757034,-1.57521
-0.130281,0.105593,0.0285377;-1.57015,-0.0900528,-1.57061
-0.130747,0.106191,0.0288512;-1.55888,-0.12868,-1.5703
-0.130837,0.105948,0.0288367;-1.56052,-0.126862,-1.57153
-0.12981,0.103636,0.028544;-1.57275,-0.00331879,-1.56985
-0.132872,0.0939799,0.0317314;-1.62985,0.0808467,-1.56864
-0.135072,0.0679099,0.0401489;-1.5578,0.173245,-1.5754
-0.13663,0.0636178,0.0330456;-1.49219,0.11052,-1.57888
-0.136347,0.0736108,0.0282466;-1.56313,0.0250275,-1.57136
-0.136003,0.0751028,0.0287174;-1.56466,-0.0377826,-1.57092
-0.135806,0.0744693,0.0285801;-1.57074,0.000482172,-1.5708
-0.138135,0.0691245,0.0303028;-1.60834,0.0732548,-1.57097
-0.141618,0.0470081,0.0387522;-1.64428,0.169457,-1.56943
-0.143036,0.0251869,0.0391755;-1.39269,0.189971,-1.58928
-0.144468,0.0315682,0.0337319;-1.47563,0.12498,-1.58291
-0.143525,0.041923,0.0285391;-1.57112,0.031743,-1.57009
-0.143248,0.0426506,0.0285967;-1.56983,0.0168204,-1.57101
-0.144213,0.0412609,0.0286116;-1.57246,0.0898493,-1.56793
-0.148929,0.029211,0.0327582;-1.64681,0.173484,-1.56087
-0.153086,0.00781844,0.0375723;-1.56033,0.22807,-1.57397
-0.153729,0.00453344,0.0311169;-1.52169,0.199797,-1.58134
-0.152364,0.00832176,0.0288028;-1.56083,0.127131,-1.57272
-0.152267,0.00776853,0.0288508;-1.55957,0.144795,-1.57422
-0.152205,0.0067859,0.0285794;-1.5705,0.200515,-1.57095
-0.163666,-0.0156138,0.0363165;-1.68492,0.36058,-1.539
-0.169502,-0.0381438,0.0419002;-1.42631,0.416689,-1.61522
-0.172208,-0.04528,0.037621;-1.39306,0.389879,-1.63102
-0.167193,-0.0311549,0.0285612;-1.57116,0.26348,-1.57041
-0.167308,-0.0308565,0.028764;-1.56162,0.247914,-1.5731
-0.16704,-0.0319357,0.0287526;-1.56258,0.291924,-1.57361
-0.174178,-0.0390235,0.031792;-1.63526,0.426431,-1.54689
-0.185523,-0.0611094,0.0406529;-1.60809,0.52362,-1.55996
-0.193363,-0.0786654,0.0385889;-1.36688,0.530809,-1.66019
-0.187599,-0.0656038,0.0284915;-1.56867,0.395942,-1.57058
-0.187408,-0.0646607,0.0287872;-1.56089,0.351399,-1.57492
-0.187627,-0.0650181,0.0288249;-1.55953,0.350933,-1.57574
-0.190084,-0.0680955,0.0290216;-1.59434,0.479568,-1.5609
-0.201814,-0.0857038,0.0356301;-1.68615,0.569875,-1.51742
-0.212113,-0.108636,0.04153;-1.38023,0.631369,-1.66521
-0.210452,-0.0989102,0.0285941;-1.58685,0.494452,-1.56431
-0.208599,-0.0968917,0.0285778;-1.57061,0.424276,-1.57108
-0.208761,-0.0963003,0.0287898;-1.56026,0.39351,-1.57512
-0.209692,-0.0979591,0.0286078;-1.57195,0.50563,-1.5695
-0.219175,-0.108018,0.0334923;-1.675,0.587512,-1.51752
-0.23249,-0.12939,0.042133;-1.50996,0.677937,-1.60753
-0.235802,-0.133424,0.028641;-1.57216,0.604008,-1.57201
-0.234694,-0.132097,0.0285848;-1.57049,0.544257,-1.57005
-0.234947,-0.131678,0.0287276;-1.56264,0.511693,-1.57473
-0.235098,-0.132549,0.0286027;-1.57245,0.583943,-1.56952
-0.24173,-0.138375,0.0328678;-1.6659,0.654778,-1.51773
-0.255407,-0.155253,0.0423645;-1.57831,0.746295,-1.57216
-0.259677,-0.163086,0.0285657;-1.57251,0.717562,-1.57023
-0.258664,-0.161823,0.0285742;-1.57025,0.664377,-1.57181
-0.258282,-0.161119,0.0286234;-1.56826,0.635505,-1.57223
-0.258274,-0.161829,0.0285793;-1.57077,0.665284,-1.57087
-0.262649,-0.163892,0.0308818;-1.63202,0.734127,-1.53097
-0.277832,-0.177489,0.0400527;-1.70455,0.828057,-1.48365
-0.289828,-0.189138,0.0354086;-1.40181,0.829266,-1.68937
-0.284783,-0.181625,0.0285726;-1.57364,0.753678,-1.56816
-0.282887,-0.180015,0.0285669;-1.57067,0.691242,-1.57003
-0.282852,-0.179919,0.0285628;-1.56976,0.691458,-1.57303
-0.283956,-0.179747,0.0286396;-1.57525,0.760374,-1.56652
-0.296434,-0.187213,0.0336036;-1.70337,0.84507,-1.47585
-0.324178,-0.214983,0.0400565;-1.2556,0.9193,-1.80425
-0.32271,-0.211866,0.0360227;-1.36212,0.87449,-1.72893
-0.31381,-0.202785,0.0284703;-1.56968,0.80283,-1.57183
-0.313066,-0.202176,0.0287897;-1.55714,0.756707,-1.58072
-0.313055,-0.203438,0.0285767;-1.57067,0.830333,-1.57083
-0.315795,-0.203831,0.0293079;-1.60228,0.874927,-1.54788
-0.349107,-0.229502,0.0443442;-1.35238,1.02409,-1.74589
-0.359482,-0.237082,0.0393879;-1.22278,0.966827,-1.85305
-0.351875,-0.229097,0.0292963;-1.54192,0.942765,-1.59672
-0.348222,-0.226327,0.0287147;-1.56087,0.860134,-1.57819
-0.348394,-0.227104,0.0285472;-1.57317,0.908908,-1.56906
-0.34916,-0.226952,0.0286908;-1.5801,0.936482,-1.56317
-0.376463,-0.241575,0.0444814;-1.55476,1.10311,-1.59036
-0.390004,-0.25065,0.0394863;-1.26734,1.06785,-1.83204
-0.384877,-0.248029,0.0284328;-1.59274,1.06356,-1.55529
-0.382922,-0.246834,0.0285998;-1.56909,0.979147,-1.57218
-0.383023,-0.24755,0.0285816;-1.57048,1.02014,-1.57116
-0.383295,-0.247468,0.0286581;-1.578,1.02656,-1.56481
-0.408239,-0.259696,0.0438758;-1.5247,1.19159,-1.61795
-0.420763,-0.266726,0.0397958;-1.28318,1.16032,-1.83329
-0.416395,-0.266104,0.0287225;-1.55584,1.1665,-1.58542
-0.414422,-0.265049,0.0286177;-1.56684,1.098,-1.57429
-0.414723,-0.265939,0.0285767;-1.5706,1.15384,-1.57086
-0.414971,-0.265902,0.0285807;-1.57072,1.14913,-1.57092
-0.441713,-0.272197,0.0418344;-1.73349,1.30587,-1.42305
-0.454483,-0.276323,0.0381485;-1.09747,1.2573,-2.0175
-0.452212,-0.275996,0.033384;-1.27482,1.28081,-1.85256
-0.444776,-0.272721,0.0286244;-1.56457,1.18694,-1.57634
-0.445209,-0.273188,0.0288558;-1.53773,1.20614,-1.60307
-0.445126,-0.273238,0.0285792;-1.57058,1.23817,-1.57094
-0.449361,-0.272271,0.0297256;-1.68266,1.30457,-1.46525
-0.491284,-0.282843,0.0408854;-0.710752,1.37253,-2.40412
-0.495432,-0.284153,0.036206;-0.831555,1.37205,-2.29299
-0.48863,-0.282249,0.0285446;-1.58794,1.37961,-1.55418
-0.487356,-0.281942,0.0286088;-1.5636,1.34284,-1.57812
-0.487784,-0.282666,0.0285754;-1.57294,1.39035,-1.56856
-0.488055,-0.28238,0.0285876;-1.57412,1.41425,-1.56763
-0.521049,-0.286118,0.0428943;-0.0807885,1.49575,-3.05581
-0.535128,-0.288643,0.0370743;-0.131131,1.41705,-3.00442
-0.527212,-0.288138,0.0286113;-1.62975,1.52168,-1.51369
-0.524804,-0.28783,0.0285783;-1.57139,1.44413,-1.5702
-0.525341,-0.288392,0.0285807;-1.57019,1.48618,-1.57143
-0.525698,-0.288084,0.0285775;-1.57345,1.50217,-1.56774
-0.557313,-0.287841,0.0424506;1.16863,1.47335,1.96883
-0.572878,-0.288943,0.0371223;0.420917,1.38688,2.72606
-0.564661,-0.29046,0.0285658;1.67656,1.50947,1.46426
-0.563066,-0.290581,0.0285795;1.5718,1.5433,1.56983
-0.563367,-0.290503,0.0286488;1.49371,1.52761,1.64784
-0.563427,-0.290449,0.0285789;1.57172,1.50977,1.56998
-0.584507,-0.285711,0.0411081;1.82664,1.36196,1.30968
-0.599766,-0.283759,0.0406293;1.01342,1.32685,2.1257
-0.601251,-0.284069,0.0334297;1.12195,1.35946,2.01202
-0.596327,-0.284886,0.0285746;1.5697,1.40647,1.57183
-0.596236,-0.284792,0.0285803;1.57045,1.40874,1.57106
-0.596468,-0.284805,0.0285801;1.57042,1.38987,1.57111
-0.605755,-0.280704,0.0345347;1.88938,1.28404,1.25962
-0.621944,-0.277086,0.0441279;1.45777,1.23341,1.6788
-0.634977,-0.274136,0.0375583;1.08315,1.20547,2.03795
-0.627777,-0.277095,0.0285788;1.56988,1.27452,1.57214
-0.626906,-0.277144,0.0285796;1.57078,1.29464,1.57087
-0.627382,-0.276978,0.0287354;1.54446,1.28168,1.59606
-0.62909,-0.274895,0.0303185;1.66633,1.22066,1.48062
-0.643653,-0.267663,0.0397625;1.77024,1.1282,1.38155
-0.658764,-0.261959,0.0417238;1.35274,1.10731,1.77377
-0.658972,-0.262726,0.0285599;1.57348,1.16116,1.56874
-0.658481,-0.262986,0.028625;1.56529,1.17218,1.57578
-0.658276,-0.263019,0.0285912;1.56941,1.17943,1.57206
-0.65893,-0.262907,0.0286576;1.57597,1.12051,1.56798
-0.667537,-0.256738,0.0344716;1.7568,1.03416,1.40564
-0.685074,-0.248578,0.0439387;1.48223,0.977455,1.64578
-0.691519,-0.247372,0.028681;1.58342,1.01012,1.55854
-0.691381,-0.247673,0.0285772;1.5708,1.02108,1.5709
-0.690965,-0.247808,0.0285786;1.57057,1.03781,1.57083
-0.691344,-0.247401,0.0285809;1.5709,1.00068,1.57083
-0.695454,-0.243428,0.0314581;1.64817,0.942335,1.50571
-0.710152,-0.234743,0.0422763;1.52797,0.866188,1.60225
-0.717035,-0.231968,0.0286636;1.57798,0.905958,1.56165
-0.71679,-0.232281,0.0285795;1.57084,0.918917,1.5708
-0.716506,-0.23246,0.0285796;1.5708,0.924095,1.57078
-0.716485,-0.23228,0.0285794;1.57087,0.917366,1.5707
-0.717233,-0.230354,0.0307915;1.62442,0.883903,1.52805
-0.726347,-0.221256,0.042422;1.64914,0.803976,1.50438
-0.733895,-0.214182,0.0309601;1.50288,0.832764,1.6215
-0.732757,-0.216221,0.0285774;1.57109,0.852579,1.57056
-0.732713,-0.216255,0.0285807;1.57065,0.845552,1.57083
-0.732613,-0.216269,0.0285798;1.57069,0.835319,1.5708
-0.732367,-0.215657,0.028887;1.58609,0.814916,1.55798
-0.737885,-0.207165,0.0363796;1.71825,0.741051,1.46581
-0.755044,-0.190118,0.0366753;1.38119,0.70758,1.70045
-0.752135,-0.195188,0.0286557;1.57819,0.732761,1.56535
-0.752229,-0.195192,0.0285808;1.57048,0.739791,1.57122
-0.751928,-0.195417,0.0286115;1.56881,0.738978,1.57213
-0.75188,-0.195334,0.0285802;1.57079,0.728481,1.57088
-0.752396,-0.192437,0.0308672;1.61747,0.690131,1.54174
-0.76768,-0.167765,0.0424624;1.47431,0.581047,1.62912
-0.769349,-0.16624,0.0330025;1.47183,0.601099,1.62804
-0.767313,-0.170462,0.0285759;1.57067,0.629543,1.57094
-0.767181,-0.170699,0.0285849;1.57034,0.62417,1.57091
-0.767582,-0.170806,0.0285793;1.57066,0.598613,1.57068
-0.767325,-0.170305,0.0286543;1.57523,0.576954,1.56854
-0.78011,-0.149713,0.0437259;1.50109,0.468822,1.60623
-0.785925,-0.142037,0.0366786;1.39892,0.479255,1.65798
-0.783479,-0.148185,0.0286799;1.58342,0.493812,1.56277
-0.780245,-0.149754,0.0286422;1.57271,0.558308,1.56767
-0.77874,-0.149806,0.0285812;1.57072,0.579125,1.57027
-0.778773,-0.14904,0.0286417;1.57186,0.558748,1.56751
-0.789949,-0.130633,0.0424874;1.5006,0.458723,1.60196
-0.794097,-0.123205,0.0393685;1.44056,0.478118,1.62939
-0.791149,-0.12823,0.0287854;1.58521,0.501511,1.55896
-0.789057,-0.128334,0.0285851;1.57106,0.518241,1.57001
-0.786313,-0.128477,0.0285709;1.57121,0.563165,1.57037
-0.785617,-0.128319,0.0286123;1.57129,0.566254,1.56856
-0.785617,-0.128319,0.0286123;1.57129,0.566254,1.56856
-0.78609,-0.127004,0.03085;1.61296,0.541662,1.54216
-0.78609,-0.127004,0.03085;1.61296,0.541662,1.54216
