-0.125,0.125,0.06;-1.57,-2.98023e-08,-1.57
-0.125,0.125,0.06;-1.57,-2.98023e-08,-1.57
-0.125,0.125,0.06;-1.57,-2.98023e-08,-1.57
-0.124686,0.132108,0.028605;-1.56914,-0.138588,-1.56991
-0.125129,0.130881,0.0285483;-1.57456,-0.0687413,-1.56962
-0.127699,0.118624,0.032077;-1.63219,0.0233237,-1.5724
-0.128417,0.0892381,0.0369405;-1.42843,0.0740609,-1.57533
-0.130196,0.104443,0.0285275;-1.57158,-0.0833912,-1.57029
-0.130449,0.104841,0.0288536;-1.55886,-0.113968,-1.57056
-0.130361,0.104419,0.0288246;-1.56104,-0.104469,-1.57173
-0.129356,0.102205,0.0285719;-1.57173,0.0157506,-1.56939
-0.132341,0.0924102,0.0314353;-1.62123,0.0994246,-1.56783
-0.134639,0.0663885,0.0398857;-1.53671,0.192696,-1.57655
-0.136407,0.0639609,0.0335587;-1.48247,0.114822,-1.58036
-0.135789,0.0749063,0.0284847;-1.57225,0.0284049,-1.57072
-0.135407,0.0764943,0.0287348;-1.56412,-0.0390973,-1.57124
-0.135304,0.0753905,0.0285778;-1.57064,0.0223235,-1.57068
-0.138146,0.0684153,0.0303874;-1.6094,0.097909,-1.57154
-0.141693,0.0429832,0.0383705;-1.58872,0.188961,-1.57362
-0.142481,0.0276086,0.0391821;-1.39209,0.182117,-1.58876
-0.144283,0.0342268,0.0339322;-1.47218,0.109677,-1.582
-0.1433,0.045988,0.0284903;-1.5689,0.0101186,-1.56954
-0.143063,0.0467404,0.0285794;-1.57071,-0.00964025,-1.57097
-0.144039,0.0458791,0.0285962;-1.57227,0.0582491,-1.57014
-0.148255,0.0328507,0.0323887;-1.63888,0.141969,-1.56567
-0.150752,0.010448,0.0365498;-1.49604,0.182257,-1.58098
-0.152441,0.0125577,0.0317487;-1.51056,0.111944,-1.57812
-0.151136,0.0202407,0.0287913;-1.55835,-0.0219582,-1.57158
-0.151083,0.0193814,0.028798;-1.55838,-0.00434042,-1.57244
-0.150655,0.0187792,0.0285687;-1.57102,0.0527397,-1.57056
-0.15797,-0.00758601,0.035875;-1.64533,0.218099,-1.56298
-0.159451,-0.0313061,0.0398132;-1.37592,0.264196,-1.59832
-0.161328,-0.0323458,0.0377274;-1.40531,0.202098,-1.59792
-0.160583,-0.0133202,0.0285877;-1.57061,0.0245059,-1.57001
-0.161016,-0.0128617,0.0288087;-1.5603,-0.00382737,-1.57121
-0.16048,-0.0148642,0.0287571;-1.56284,0.0587499,-1.57173
-0.165488,-0.0250402,0.0313709;-1.62599,0.200859,-1.56443
-0.17015,-0.0506025,0.0394519;-1.53884,0.291484,-1.58099
-0.172667,-0.0642494,0.0395595;-1.37151,0.271457,-1.61057
-0.171545,-0.0441803,0.0285099;-1.56914,0.105745,-1.56998
-0.171607,-0.0431908,0.0288222;-1.56035,0.0541819,-1.57236
-0.171753,-0.0435906,0.0288327;-1.55948,0.0575681,-1.57227
-0.173241,-0.0463113,0.0290156;-1.58796,0.175806,-1.56852
-0.179459,-0.0662195,0.0353868;-1.66006,0.267195,-1.55525
-0.182207,-0.0907856,0.040911;-1.39188,0.330177,-1.60718
-0.184286,-0.076603,0.0285675;-1.58436,0.166381,-1.56873
-0.183001,-0.0734145,0.0285669;-1.57153,0.0926573,-1.5702
-0.183524,-0.0728712,0.0288198;-1.55998,0.0614565,-1.57206
-0.183396,-0.0753465,0.0285892;-1.57137,0.19822,-1.57042
-0.188469,-0.0886583,0.0330104;-1.65052,0.27928,-1.55408
-0.192417,-0.11383,0.0410766;-1.47153,0.36897,-1.59763
-0.194741,-0.106743,0.02862;-1.58466,0.207049,-1.56972
-0.193203,-0.103208,0.0285649;-1.57134,0.127339,-1.57045
-0.193627,-0.102701,0.0288455;-1.55905,0.0915957,-1.5728
-0.193397,-0.105616,0.0286086;-1.57272,0.232681,-1.56991
-0.199073,-0.118766,0.0328249;-1.65189,0.313456,-1.55336
-0.205376,-0.143889,0.0410061;-1.45724,0.404167,-1.60492
-0.20817,-0.137694,0.0296765;-1.54863,0.263855,-1.57728
-0.205309,-0.131097,0.0285735;-1.57075,0.18549,-1.57087
-0.205486,-0.130202,0.0288292;-1.55969,0.145574,-1.57321
-0.205253,-0.132235,0.0285808;-1.57085,0.244804,-1.57072
-0.209936,-0.140519,0.0309593;-1.61844,0.318949,-1.55983
-0.21836,-0.164967,0.039317;-1.55921,0.411005,-1.57969
-0.222039,-0.172858,0.0359119;-1.43514,0.365882,-1.61517
-0.220515,-0.16134,0.0283045;-1.58333,0.283952,-1.56615
-0.21877,-0.158835,0.0285614;-1.57074,0.210695,-1.57087
-0.218773,-0.158897,0.0285819;-1.57071,0.214844,-1.57088
-0.220407,-0.160065,0.0286001;-1.57251,0.28689,-1.56962
-0.227478,-0.173981,0.0330347;-1.65292,0.37356,-1.54559
-0.238169,-0.207839,0.0402682;-1.35765,0.439387,-1.64162
-0.239025,-0.203563,0.0360197;-1.42581,0.376364,-1.62289
-0.235353,-0.189151,0.0285972;-1.57748,0.281142,-1.56845
-0.235097,-0.187872,0.0288226;-1.55967,0.201133,-1.57386
-0.234529,-0.188886,0.0285782;-1.57069,0.274224,-1.57082
-0.237301,-0.192134,0.0293736;-1.59707,0.336274,-1.56371
-0.253273,-0.239383,0.0416151;-1.35361,0.492471,-1.64623
-0.256911,-0.243437,0.0395466;-1.35758,0.422032,-1.64922
-0.254175,-0.227228,0.0297888;-1.54328,0.335391,-1.5822
-0.251362,-0.220879,0.028832;-1.5596,0.210195,-1.57415
-0.250845,-0.222,0.0285478;-1.57231,0.291867,-1.57061
-0.252418,-0.22301,0.0288143;-1.58275,0.34977,-1.56722
-0.268837,-0.265604,0.0417148;-1.39909,0.509787,-1.63512
-0.273542,-0.274161,0.0393086;-1.35951,0.437604,-1.65341
-0.27179,-0.257509,0.0294599;-1.55049,0.342678,-1.58081
-0.269912,-0.25191,0.0288281;-1.55969,0.197002,-1.57386
-0.26926,-0.253352,0.0285795;-1.57052,0.277336,-1.57101
-0.270963,-0.25504,0.0288409;-1.58357,0.347663,-1.5673
-0.287791,-0.298425,0.0412029;-1.38758,0.509726,-1.63917
-0.292934,-0.305341,0.0389616;-1.36364,0.437769,-1.65177
-0.291642,-0.288583,0.0300786;-1.53909,0.341899,-1.58309
-0.288831,-0.280762,0.0288285;-1.55976,0.212431,-1.57412
-0.288519,-0.282449,0.0285461;-1.57237,0.291527,-1.57062
-0.288935,-0.283129,0.0285798;-1.57111,0.313756,-1.57035
-0.303484,-0.317843,0.0409461;-1.50588,0.482388,-1.59867
-0.308231,-0.327529,0.0379386;-1.38337,0.422151,-1.64431
-0.30668,-0.321645,0.034277;-1.46055,0.409543,-1.61366
-0.302993,-0.309017,0.0286619;-1.56689,0.266914,-1.5718
-0.302996,-0.310458,0.028901;-1.55761,0.306283,-1.57748
-0.303011,-0.311058,0.0285779;-1.57081,0.358485,-1.57076
-0.306983,-0.315412,0.0298478;-1.60154,0.43703,-1.56088
-0.325751,-0.357337,0.0397167;-1.34861,0.556287,-1.67042
-0.326316,-0.355308,0.0363512;-1.40804,0.496087,-1.6464
-0.320415,-0.340778,0.0284361;-1.57328,0.407947,-1.57004
-0.319374,-0.339061,0.0287934;-1.56064,0.334933,-1.5748
-0.319065,-0.340921,0.0285633;-1.57134,0.418588,-1.57063
-0.320532,-0.341652,0.0287165;-1.57797,0.470663,-1.56721
-0.342181,-0.380453,0.0417292;-1.40233,0.635226,-1.65482
-0.347553,-0.387794,0.0385564;-1.35614,0.566438,-1.68243
-0.342175,-0.371612,0.0287181;-1.58888,0.478866,-1.56212
-0.338933,-0.367605,0.0288323;-1.55895,0.352439,-1.57574
-0.338302,-0.369202,0.0285484;-1.57294,0.440612,-1.5687
-0.339676,-0.37044,0.0286278;-1.57366,0.504121,-1.56926
-0.363006,-0.406336,0.0411411;-1.42262,0.664773,-1.64932
-0.369446,-0.414654,0.0384457;-1.35291,0.590906,-1.68647
-0.364563,-0.399182,0.0286121;-1.57083,0.503929,-1.57218
-0.362156,-0.396111,0.0288384;-1.55838,0.389275,-1.57628
-0.362128,-0.39775,0.028702;-1.56426,0.450368,-1.57364
-0.36286,-0.398567,0.0285787;-1.57228,0.507808,-1.5699
-0.384794,-0.430278,0.0399496;-1.50215,0.678619,-1.61191
-0.39266,-0.442575,0.0396968;-1.32825,0.652697,-1.70326
-0.39024,-0.435282,0.0339166;-1.45143,0.599375,-1.63722
-0.383369,-0.424139,0.0287828;-1.56044,0.461485,-1.57607
-0.383379,-0.424302,0.0288465;-1.55757,0.465663,-1.57803
-0.382883,-0.425335,0.0285701;-1.57069,0.531151,-1.57012
-0.40104,-0.444573,0.0354243;-1.67872,0.688002,-1.5108
-0.414131,-0.466895,0.0406998;-1.34591,0.74716,-1.70226
-0.418398,-0.469933,0.0385162;-1.33771,0.689251,-1.71144
-0.407431,-0.452468,0.0285629;-1.57074,0.54188,-1.57093
-0.407494,-0.451879,0.0288192;-1.55847,0.51175,-1.57744
-0.407823,-0.453099,0.0288004;-1.55918,0.559328,-1.57781
-0.415693,-0.459223,0.0311523;-1.63198,0.694166,-1.5347
-0.432282,-0.478886,0.0394468;-1.55564,0.787936,-1.58403
-0.442569,-0.492954,0.0397206;-1.30039,0.776735,-1.7448
-0.432911,-0.476966,0.0285404;-1.57292,0.63121,-1.56988
-0.432191,-0.476247,0.0287862;-1.56025,0.580947,-1.57749
-0.432328,-0.476314,0.028803;-1.55815,0.579469,-1.57816
-0.434428,-0.477912,0.0289172;-1.5916,0.703545,-1.55805
-0.44904,-0.490898,0.034952;-1.69405,0.789563,-1.49101
-0.464637,-0.511441,0.0418348;-1.34794,0.858522,-1.72063
-0.462455,-0.501981,0.0287488;-1.59026,0.705253,-1.55746
-0.459487,-0.499969,0.0285723;-1.57108,0.626827,-1.5704
-0.459553,-0.499344,0.0288303;-1.55744,0.593076,-1.57908
-0.460875,-0.501648,0.0286626;-1.57655,0.73756,-1.56618
-0.473038,-0.511219,0.0332623;-1.69014,0.814884,-1.49088
-0.491065,-0.530831,0.0412978;-1.37748,0.898742,-1.70782
-0.490383,-0.522784,0.0287352;-1.5805,0.741048,-1.56543
-0.487535,-0.520984,0.028578;-1.57098,0.64918,-1.5706
-0.487909,-0.520159,0.0288392;-1.5568,0.60075,-1.57954
-0.488954,-0.521696,0.0285885;-1.57161,0.721627,-1.5699
-0.500179,-0.53022,0.0326988;-1.6759,0.799492,-1.50098
-0.518312,-0.549739,0.0410105;-1.44158,0.886145,-1.66546
-0.52235,-0.549992,0.0321214;-1.47645,0.78466,-1.63749
-0.515976,-0.543872,0.0285648;-1.57038,0.703579,-1.57118
-0.515902,-0.543436,0.0288283;-1.55677,0.675041,-1.58052
-0.516402,-0.544634,0.0285788;-1.57078,0.75263,-1.57082
-0.520614,-0.545786,0.0297173;-1.61212,0.823899,-1.54296
-0.539757,-0.560531,0.0371578;-1.68017,0.914663,-1.49327
-0.558511,-0.577208,0.0372472;-1.32188,0.889894,-1.75908
-0.549087,-0.566629,0.0288132;-1.59524,0.819915,-1.55525
-0.546218,-0.565392,0.0285716;-1.56995,0.753895,-1.57023
-0.546276,-0.566317,0.0286436;-1.5662,0.801395,-1.57395
-0.547365,-0.566323,0.0285825;-1.5719,0.860454,-1.56922
-0.558804,-0.571964,0.032303;-1.68295,0.939102,-1.48432
-0.590944,-0.59698,0.0395734;-1.21854,0.990116,-1.8522
-0.58633,-0.589811,0.0336522;-1.41071,0.938291,-1.69906
-0.57706,-0.582476,0.0284916;-1.56699,0.847476,-1.57395
-0.576647,-0.582051,0.0288366;-1.55477,0.803001,-1.5835
-0.576784,-0.582993,0.0285785;-1.57066,0.871663,-1.57087
-0.5811,-0.583882,0.0293641;-1.61122,0.938577,-1.53997
-0.621147,-0.612562,0.0405386;-1.1911,1.06631,-1.88038
-0.624632,-0.612573,0.0378616;-1.2574,1.00412,-1.83164
-0.612768,-0.60164,0.028725;-1.59619,0.929249,-1.55214
-0.609567,-0.60002,0.0287938;-1.55617,0.839977,-1.58209
-0.610337,-0.602072,0.0285649;-1.57135,0.934199,-1.57022
-0.611631,-0.60205,0.0286672;-1.57872,0.986377,-1.56406
-0.647935,-0.62465,0.0406366;-1.24641,1.1449,-1.85107
-0.655988,-0.627453,0.0382699;-1.19561,1.06346,-1.89756
-0.643392,-0.61386,0.0285398;-1.59528,0.982716,-1.55233
-0.639476,-0.611378,0.0288265;-1.55404,0.858515,-1.58424
-0.639756,-0.612859,0.0285684;-1.57164,0.932184,-1.57014
-0.641295,-0.612913,0.0286456;-1.57714,0.987962,-1.56521
-0.641295,-0.612913,0.0286456;-1.57714,0.987962,-1.56521
-0.655557,-0.619152,0.0331148;-1.73925,1.06507,-1.43055
-0.655557,-0.619152,0.0331148;-1.73925,1.06507,-1.43055
