-0.125,0.125,0.06;-1.57,-2.98023e-08,-1.57
-0.125,0.125,0.06;-1.57,-2.98023e-08,-1.57
-0.125,0.125,0.06;-1.57,-2.98023e-08,-1.57
-0.124321,0.132293,0.0285811;-1.57037,-0.140107,-1.57036
-0.124582,0.131141,0.0285478;-1.57444,-0.0700857,-1.56959
-0.126955,0.119947,0.0318854;-1.62607,0.00822842,-1.57146
-0.126778,0.0864844,0.0364796;-1.43215,0.0885879,-1.57654
-0.127072,0.0958744,0.0285586;-1.57104,-0.0206997,-1.57052
-0.126985,0.0963613,0.0288007;-1.56005,-0.0350406,-1.57042
-0.126912,0.0963242,0.0287821;-1.56229,-0.0304526,-1.57166
-0.12662,0.0957492,0.0285788;-1.57058,0.0199095,-1.57079
-0.129754,0.0913471,0.0314771;-1.61946,0.0981736,-1.56249
-0.134981,0.0707371,0.0404371;-1.64162,0.202702,-1.56174
-0.137351,0.0579814,0.031535;-1.51728,0.195145,-1.57977
-0.136496,0.0636984,0.0284945;-1.56893,0.122804,-1.57007
-0.136345,0.0640754,0.0286623;-1.56673,0.115891,-1.57107
-0.136326,0.063896,0.0285813;-1.57099,0.120434,-1.57063
-0.137631,0.0629246,0.0296937;-1.59288,0.157855,-1.56567
-0.142214,0.0506295,0.0376649;-1.68405,0.245141,-1.54367
-0.149229,0.0294665,0.0399543;-1.56262,0.342835,-1.56207
-0.150399,0.0294249,0.0311129;-1.52059,0.302887,-1.58234
-0.14936,0.0317116,0.0285231;-1.56833,0.262561,-1.57165
-0.148956,0.0321908,0.0285989;-1.56841,0.257092,-1.57137
-0.149076,0.0322786,0.0285834;-1.57059,0.274696,-1.57054
-0.150888,0.0313249,0.031457;-1.61818,0.300336,-1.55378
-0.157732,0.0179579,0.0373277;-1.65422,0.395752,-1.53687
-0.160297,0.00967645,0.0289655;-1.55105,0.375314,-1.57744
-0.159799,0.0105644,0.0287124;-1.56401,0.361711,-1.57326
-0.159818,0.0105634,0.0287264;-1.56329,0.360752,-1.5737
-0.159722,0.0105873,0.0285774;-1.571,0.393877,-1.57093
-0.166108,0.00391617,0.0349738;-1.67826,0.468543,-1.52292
-0.173607,-0.00946091,0.0440517;-1.61974,0.559842,-1.54622
-0.17595,-0.019591,0.0376005;-1.50154,0.515341,-1.60497
-0.172227,-0.0152404,0.0285876;-1.57072,0.490893,-1.57039
-0.172143,-0.0156822,0.0287361;-1.56233,0.500878,-1.57484
-0.172178,-0.0159027,0.0286746;-1.56555,0.520927,-1.57335
-0.17589,-0.0188652,0.0300956;-1.60192,0.599066,-1.55492
-0.185098,-0.0288338,0.0402412;-1.63196,0.657361,-1.53996
-0.191676,-0.0393784,0.0421662;-1.53057,0.682614,-1.59726
-0.184282,-0.0339806,0.0285478;-1.57093,0.540915,-1.57041
-0.18419,-0.0340672,0.0288027;-1.56015,0.546225,-1.5778
-0.184253,-0.0347341,0.028777;-1.56011,0.562544,-1.57693
-0.186329,-0.0362237,0.0287942;-1.58432,0.672533,-1.56251
-0.197891,-0.0478701,0.0341988;-1.63056,0.722581,-1.53556
-0.209664,-0.0605003,0.0435429;-1.41031,0.756735,-1.67439
-0.199539,-0.0453615,0.0286061;-1.58605,0.577311,-1.56304
-0.198122,-0.0442556,0.0285807;-1.57078,0.533728,-1.57061
-0.198164,-0.0448121,0.0288114;-1.55896,0.546104,-1.57789
-0.199253,-0.046653,0.0285832;-1.5712,0.673902,-1.57005
-0.210508,-0.0567203,0.0327125;-1.66647,0.753589,-1.5103
-0.227181,-0.07726,0.0406512;-1.36758,0.839438,-1.70652
-0.226711,-0.069505,0.0288574;-1.58869,0.694703,-1.56036
-0.224803,-0.0676682,0.0285767;-1.57171,0.622371,-1.56934
-0.225158,-0.0671589,0.0288053;-1.55822,0.588441,-1.57866
-0.225001,-0.0685434,0.0285784;-1.57082,0.673435,-1.57043
-0.232594,-0.0744038,0.0326171;-1.66304,0.750069,-1.50998
-0.248184,-0.091352,0.042228;-1.53697,0.843574,-1.5993
-0.256212,-0.10384,0.0290945;-1.54948,0.866841,-1.58621
-0.255177,-0.102774,0.0285782;-1.57112,0.811967,-1.57073
-0.254863,-0.102595,0.0286757;-1.56404,0.801991,-1.57547
-0.254857,-0.10282,0.0285796;-1.57092,0.802847,-1.57078
-0.258592,-0.103466,0.0306807;-1.62627,0.873232,-1.52659
-0.273712,-0.112782,0.0393249;-1.72009,0.952695,-1.45631
-0.295475,-0.128755,0.0340067;-1.39132,1.02653,-1.71855
-0.292817,-0.126989,0.0283678;-1.59003,1.00829,-1.55474
-0.291867,-0.126772,0.0285735;-1.57097,0.983304,-1.57083
-0.291376,-0.126575,0.0285778;-1.57105,0.977395,-1.57059
-0.291607,-0.126371,0.0285969;-1.57213,1.0066,-1.56807
-0.29585,-0.126211,0.0326173;-1.69441,1.04624,-1.45927
-0.329629,-0.138713,0.043789;-1.60737,1.23572,-1.53315
-0.335786,-0.141767,0.0347039;-1.40138,1.21706,-1.72578
-0.333707,-0.142033,0.028576;-1.57134,1.20518,-1.57035
-0.332938,-0.141984,0.0287011;-1.55566,1.18115,-1.58497
-0.332841,-0.142331,0.0285801;-1.5704,1.2008,-1.5713
-0.333303,-0.141816,0.0288165;-1.59882,1.21826,-1.54526
-0.358558,-0.146467,0.0463136;-1.80099,1.38027,-1.34748
-0.368485,-0.149571,0.0420306;-1.41322,1.35312,-1.72163
-0.363248,-0.147488,0.0286842;-1.58774,1.31163,-1.55647
-0.361457,-0.147345,0.0286895;-1.55255,1.27596,-1.5882
-0.36134,-0.147423,0.0285813;-1.56999,1.29117,-1.57169
-0.362103,-0.147208,0.0285975;-1.57679,1.326,-1.56451
-0.383379,-0.149189,0.0444594;-2.01629,1.45175,-1.13671
-0.392632,-0.152098,0.0425788;-1.38531,1.41543,-1.76176
-0.385183,-0.151363,0.0288065;-1.61891,1.37225,-1.5271
-0.385004,-0.151629,0.0287543;-1.52854,1.37144,-1.61211
-0.385011,-0.151995,0.0285804;-1.57026,1.40632,-1.57152
-0.386556,-0.151543,0.0285881;-1.57685,1.45577,-1.56452
-0.406078,-0.150668,0.0445242;-2.57221,1.53834,-0.579663
-0.415238,-0.152995,0.0424171;-0.968888,1.53146,-2.18457
-0.411015,-0.155743,0.0286326;-1.66114,1.48482,-1.48197
-0.409751,-0.156036,0.0287197;-1.50791,1.46549,-1.63353
-0.410138,-0.156566,0.0285552;-1.59035,1.50758,-1.55088
-0.410438,-0.156401,0.0285737;-1.57601,1.52465,-1.56548
-0.437755,-0.151789,0.0419547;1.90232,1.45556,1.23388
-0.453049,-0.150968,0.0380237;0.59922,1.39932,2.54174
-0.450278,-0.151233,0.0334611;0.839801,1.44527,2.30005
-0.440733,-0.151084,0.0286343;-1.23721,1.56077,-1.90365
-0.441189,-0.151378,0.0288321;1.152,1.5438,1.98841
-0.441491,-0.151479,0.0285775;1.56524,1.50002,1.57644
-0.446769,-0.149136,0.0296758;1.73434,1.42873,1.4073
-0.485262,-0.143743,0.040855;0.845865,1.26248,2.29412
-0.482834,-0.142537,0.0357874;0.938207,1.34948,2.19548
-0.47202,-0.142802,0.028382;1.57918,1.473,1.56249
-0.470779,-0.143052,0.0287363;1.40093,1.52642,1.74018
-0.471785,-0.144022,0.0285377;1.58625,1.45009,1.55521
-0.472846,-0.142529,0.0287852;1.62761,1.38869,1.51518
-0.518627,-0.130273,0.0414468;1.22187,1.18792,1.90805
-0.531153,-0.1282,0.0374606;1.14184,1.18517,1.98015
-0.519287,-0.128954,0.0286736;1.57763,1.29023,1.56161
-0.516627,-0.129507,0.0287328;1.52314,1.41519,1.61794
-0.516582,-0.129456,0.02858;1.57065,1.41374,1.57094
-0.516891,-0.128952,0.0286214;1.58048,1.37164,1.562
-0.548822,-0.115294,0.0428404;1.63421,1.18831,1.50634
-0.564959,-0.110399,0.040463;1.50657,1.14845,1.62963
-0.569998,-0.11031,0.0285764;1.57284,1.11905,1.56841
-0.568581,-0.11098,0.0285831;1.56981,1.1709,1.57169
-0.568919,-0.111003,0.0287136;1.55483,1.1603,1.5855
-0.568808,-0.111034,0.0285846;1.57138,1.16549,1.57068
-0.58117,-0.100767,0.0403199;1.75164,1.03557,1.41032
-0.594978,-0.0933392,0.0432278;1.60031,0.985725,1.54513
-0.606973,-0.0886583,0.030187;1.51367,0.948014,1.6197
-0.606317,-0.0892505,0.0285794;1.57099,0.966186,1.57069
-0.60618,-0.0893416,0.0285958;1.56954,0.970189,1.57187
-0.606198,-0.0893274,0.028579;1.57085,0.96808,1.57081
-0.608158,-0.0832927,0.0346909;1.7231,0.888423,1.45476
-0.622275,-0.069503,0.0441117;1.65405,0.771497,1.50927
-0.63608,-0.0591685,0.0392308;1.55375,0.738127,1.58509
-0.63965,-0.0576875,0.0285804;1.57092,0.742709,1.57081
-0.639521,-0.0578583,0.0285759;1.56959,0.742609,1.57175
-0.639508,-0.0579619,0.0287082;1.56166,0.751564,1.57716
-0.639233,-0.0566505,0.0297652;1.59599,0.714279,1.55389
-0.642983,-0.0477809,0.0391577;1.70755,0.632768,1.486
-0.655907,-0.032672,0.0425095;1.58805,0.558324,1.5623
-0.661447,-0.0292066,0.0285733;1.57092,0.597606,1.57039
-0.66148,-0.0294833,0.0286549;1.56648,0.589367,1.57321
-0.661536,-0.0295006,0.0286727;1.56548,0.585446,1.57378
-0.662031,-0.0275471,0.0286212;1.57309,0.498474,1.5709
-0.666923,-0.0152771,0.0330571;1.59482,0.456371,1.55736
-0.671771,-0.000708591,0.0440273;1.45182,0.409236,1.62349
-0.673708,-0.00745218,0.0285907;1.57308,0.511048,1.56893
-0.673213,-0.00823205,0.0285816;1.57073,0.522878,1.57093
-0.673368,-0.00842458,0.0286105;1.56896,0.513083,1.57183
-0.673694,-0.00796192,0.0285778;1.57115,0.456133,1.57096
-0.678087,0.00243931,0.0312437;1.60225,0.381952,1.55623
-0.690698,0.0237148,0.0394;1.36977,0.302719,1.65565
-0.690538,0.0233742,0.0285428;1.57425,0.358116,1.56811
-0.690281,0.0224282,0.0285452;1.56922,0.396341,1.57145
-0.690155,0.0221191,0.0285813;1.57076,0.40103,1.57089
-0.6905,0.0223551,0.0285803;1.57067,0.353878,1.57123
-0.691919,0.0308524,0.0313571;1.61573,0.284402,1.55692
-0.698215,0.0527592,0.0416353;1.50032,0.192416,1.59101
-0.706193,0.067207,0.0312939;1.51384,0.155959,1.58444
-0.705658,0.064596,0.0285456;1.5698,0.194271,1.57073
-0.705608,0.0637437,0.0285794;1.5708,0.211554,1.57077
-0.705858,0.0639077,0.0285792;1.57072,0.194955,1.57083
-0.705288,0.0674097,0.0289931;1.58183,0.129014,1.56953
-0.706703,0.0890402,0.03639;1.57715,0.0383292,1.56826
-0.715282,0.115569,0.0356073;1.44683,-0.0416542,1.58352
-0.713601,0.111007,0.0284465;1.57716,-0.0107399,1.56971
-0.713718,0.110124,0.028533;1.56922,0.0320569,1.5711
-0.713749,0.109628,0.028585;1.57057,0.0369277,1.57087
-0.713678,0.109629,0.0285792;1.57073,0.0304474,1.57084
-0.712,0.113706,0.0312157;1.61254,-0.0293964,1.57197
-0.710075,0.155863,0.0392083;1.45702,-0.191617,1.56526
-0.711589,0.16225,0.032603;1.49302,-0.205423,1.5622
-0.712549,0.159354,0.0285379;1.56933,-0.184635,1.5704
-0.712787,0.158448,0.0285913;1.57019,-0.170984,1.57081
-0.712799,0.158559,0.0285795;1.57077,-0.177364,1.57072
-0.712384,0.158417,0.028692;1.57558,-0.193986,1.57166
-0.704862,0.183052,0.0450629;1.59526,-0.356237,1.57832
-0.703854,0.196158,0.0381925;1.55226,-0.383598,1.5653
-0.703955,0.198929,0.0285806;1.57089,-0.394934,1.57067
-0.704068,0.198651,0.0285784;1.57076,-0.37545,1.57066
-0.704144,0.198639,0.0285768;1.57126,-0.372404,1.57124
-0.704079,0.198634,0.0285803;1.57083,-0.367335,1.57082
-0.699121,0.209156,0.0427686;1.62327,-0.473048,1.58793
-0.695085,0.224846,0.0400155;1.57339,-0.507559,1.56809
-0.695181,0.229953,0.0285802;1.57065,-0.540732,1.57064
-0.695213,0.229861,0.0285797;1.57083,-0.525378,1.57083
-0.695196,0.229946,0.0285798;1.57079,-0.52707,1.57081
-0.695224,0.229923,0.0285795;1.57081,-0.522751,1.57075
-0.695224,0.229923,0.0285795;1.57081,-0.522751,1.57075
-0.694222,0.23136,0.0300711;1.58712,-0.546858,1.57637
-0.694222,0.23136,0.0300711;1.58712,-0.546858,1.57637
