-0.125,0.125,0.06;-1.57,-2.98023e-08,-1.57
-0.125,0.125,0.06;-1.57,-2.98023e-08,-1.57
-0.125,0.125,0.06;-1.57,-2.98023e-08,-1.57
-0.124675,0.131288,0.0285804;-1.5701,-0.162051,-1.57028
-0.125056,0.130192,0.0285744;-1.57128,-0.0990645,-1.56973
-0.127453,0.117717,0.031952;-1.62799,-0.00812811,-1.573
-0.126971,0.0878473,0.0364644;-1.43443,0.0426432,-1.57383
-0.129688,0.102313,0.0285622;-1.57097,-0.122827,-1.57055
-0.129856,0.102795,0.0288337;-1.55944,-0.155789,-1.56982
-0.129764,0.102446,0.0287904;-1.5624,-0.146799,-1.57128
-0.129095,0.100616,0.0285352;-1.57347,-0.0344687,-1.56986
-0.131949,0.0912821,0.0310163;-1.61006,0.04725,-1.5691
-0.133136,0.0635071,0.0392892;-1.5009,0.13936,-1.57936
-0.135589,0.062057,0.0327971;-1.49744,0.0442786,-1.57458
-0.136131,0.0714538,0.0284005;-1.56726,-0.0433171,-1.57131
-0.135836,0.0728625,0.0286919;-1.56537,-0.10404,-1.57009
-0.135746,0.071413,0.0285795;-1.57072,-0.0449682,-1.57087
-0.138117,0.0636406,0.0298228;-1.59622,0.0314049,-1.57314
-0.1394,0.03605,0.0375537;-1.53635,0.120168,-1.58095
-0.139163,0.0209183,0.0377214;-1.41461,0.113385,-1.58344
-0.142554,0.0297251,0.0329755;-1.4904,0.0256328,-1.57557
-0.142969,0.040339,0.0285068;-1.57121,-0.0666408,-1.5695
-0.142704,0.0406143,0.0285604;-1.56917,-0.0896065,-1.57038
-0.14327,0.0401091,0.0285931;-1.57132,-0.0121666,-1.56913
-0.146253,0.0268701,0.031346;-1.61448,0.0726309,-1.57147
-0.146891,0.00252177,0.0354484;-1.47803,0.11188,-1.58397
-0.149286,0.00611904,0.0306556;-1.53099,0.0285601,-1.57401
-0.14915,0.0112213,0.0287888;-1.56067,-0.086907,-1.56984
-0.148864,0.0104478,0.02882;-1.5606,-0.0596362,-1.57154
-0.148495,0.0101337,0.0285803;-1.5707,-0.00718367,-1.57083
-0.153613,-0.0157145,0.0349302;-1.57934,0.16106,-1.5776
-0.153131,-0.040519,0.038177;-1.3996,0.207726,-1.59534
-0.156444,-0.0398197,0.0359872;-1.43877,0.128985,-1.58993
-0.158104,-0.0217841,0.02855;-1.56944,-0.0394581,-1.57085
-0.158248,-0.0215054,0.0287685;-1.5618,-0.0575106,-1.57028
-0.157807,-0.023307,0.0286907;-1.56546,0.00553113,-1.57078
-0.161485,-0.0325936,0.030235;-1.59897,0.14806,-1.5703
-0.164509,-0.059379,0.0385505;-1.49589,0.238995,-1.5911
-0.166395,-0.073173,0.0373736;-1.41305,0.220233,-1.60335
-0.169227,-0.0536566,0.0285352;-1.57113,0.0285375,-1.56997
-0.168966,-0.053228,0.0287798;-1.56117,-0.00935571,-1.57058
-0.168818,-0.0535191,0.0287534;-1.56278,0.00341517,-1.57132
-0.169834,-0.0553045,0.028754;-1.57933,0.131782,-1.56875
-0.174788,-0.0761899,0.0337645;-1.57746,0.217267,-1.57797
-0.17589,-0.102218,0.0390431;-1.41132,0.281977,-1.60509
-0.181089,-0.0873361,0.0287139;-1.57852,0.0873187,-1.57141
-0.180229,-0.0855572,0.0285766;-1.57062,0.0255834,-1.5699
-0.180175,-0.0854772,0.0287721;-1.56153,0.0129533,-1.57091
-0.179827,-0.087717,0.0285812;-1.57113,0.155277,-1.5705
-0.183705,-0.099938,0.0311975;-1.59747,0.241745,-1.56984
-0.187443,-0.126899,0.0397379;-1.4525,0.326126,-1.60447
-0.192161,-0.116367,0.0286779;-1.58218,0.13351,-1.57093
-0.190771,-0.113628,0.0285991;-1.57102,0.0587869,-1.56913
-0.191055,-0.11357,0.0287853;-1.56091,0.0319432,-1.57106
-0.191159,-0.1162,0.0285824;-1.57125,0.17293,-1.57019
-0.196385,-0.129267,0.0313404;-1.60263,0.257865,-1.56896
-0.200474,-0.156759,0.0395473;-1.45291,0.341494,-1.60635
-0.204746,-0.148975,0.0288338;-1.56234,0.180058,-1.57376
-0.203408,-0.145108,0.0285617;-1.57188,0.120725,-1.571
-0.202993,-0.144807,0.0287771;-1.56086,0.105505,-1.57178
-0.202839,-0.146898,0.0285789;-1.57077,0.216192,-1.57076
-0.206986,-0.15434,0.0300505;-1.59865,0.299354,-1.56644
-0.214575,-0.178931,0.038346;-1.51452,0.39197,-1.59785
-0.218268,-0.188043,0.0347841;-1.45759,0.340277,-1.60959
-0.218001,-0.177524,0.0286056;-1.57943,0.254911,-1.57029
-0.21652,-0.175438,0.0285578;-1.56989,0.18339,-1.57108
-0.216526,-0.175431,0.0285735;-1.57075,0.188465,-1.57109
-0.21797,-0.176744,0.0285825;-1.57103,0.269264,-1.57029
-0.224825,-0.189889,0.0321324;-1.62185,0.361732,-1.55798
-0.234278,-0.225112,0.0384781;-1.38902,0.429119,-1.63757
-0.235837,-0.219,0.0347924;-1.45116,0.352736,-1.6145
-0.233598,-0.205488,0.0285647;-1.5706,0.249364,-1.57044
-0.232923,-0.204969,0.0287811;-1.56122,0.21331,-1.57332
-0.2324,-0.206124,0.028565;-1.57114,0.296405,-1.57033
-0.235273,-0.208789,0.0291763;-1.58772,0.364075,-1.56566
-0.252534,-0.255865,0.0406802;-1.36984,0.521425,-1.654
-0.256785,-0.25993,0.0382485;-1.37802,0.444379,-1.65303
-0.254576,-0.241824,0.0296233;-1.54627,0.339806,-1.58065
-0.252353,-0.2371,0.0288193;-1.55964,0.232725,-1.5743
-0.251722,-0.238507,0.0285774;-1.57084,0.330361,-1.57098
-0.253275,-0.239385,0.0287587;-1.57998,0.39273,-1.56659
-0.272661,-0.282267,0.0408712;-1.3895,0.556363,-1.65181
-0.277837,-0.289418,0.0383306;-1.37059,0.483409,-1.66303
-0.274953,-0.271014,0.0291801;-1.55546,0.381674,-1.57947
-0.272837,-0.265859,0.0288252;-1.55975,0.243484,-1.57438
-0.272815,-0.267518,0.0285733;-1.57074,0.321525,-1.57057
-0.27457,-0.268499,0.0288215;-1.58387,0.382556,-1.5653
-0.29236,-0.310955,0.0412134;-1.3921,0.543472,-1.64696
-0.297366,-0.318922,0.0388189;-1.36247,0.469182,-1.66141
-0.295577,-0.302311,0.0299433;-1.54111,0.380272,-1.58383
-0.292671,-0.295662,0.0288235;-1.55984,0.263642,-1.57462
-0.292301,-0.297251,0.0285361;-1.57122,0.34895,-1.57236
-0.292617,-0.297592,0.028583;-1.57109,0.369661,-1.57038
-0.309451,-0.328796,0.0415557;-1.54138,0.5393,-1.58855
-0.314826,-0.339279,0.0380364;-1.36808,0.488389,-1.65981
-0.312431,-0.333397,0.0341836;-1.46001,0.482453,-1.62137
-0.307228,-0.321252,0.028644;-1.56466,0.341892,-1.57253
-0.307364,-0.322662,0.0289449;-1.55475,0.379369,-1.57922
-0.30733,-0.323172,0.0285717;-1.57075,0.433463,-1.5704
-0.311639,-0.326626,0.0301554;-1.61225,0.510333,-1.55419
-0.333416,-0.36531,0.0401758;-1.35477,0.63561,-1.676
-0.335507,-0.364923,0.0374308;-1.38128,0.578878,-1.66958
-0.328236,-0.351209,0.0286948;-1.5794,0.493027,-1.56734
-0.327045,-0.349147,0.0288481;-1.55665,0.412163,-1.57664
-0.326556,-0.350452,0.0285423;-1.57279,0.492136,-1.56935
-0.328064,-0.35118,0.0288541;-1.586,0.543538,-1.5634
-0.350659,-0.382405,0.0431532;-1.52668,0.713531,-1.59721
-0.357167,-0.39159,0.0399043;-1.31529,0.639049,-1.7146
-0.350141,-0.376457,0.0282574;-1.59093,0.556158,-1.56195
-0.347913,-0.373534,0.0289043;-1.55461,0.443726,-1.57864
-0.347363,-0.37538,0.0286644;-1.566,0.532036,-1.57324
-0.348695,-0.375936,0.0286765;-1.57652,0.587545,-1.56756
-0.371007,-0.40629,0.0420759;-1.55703,0.755695,-1.58402
-0.378026,-0.416678,0.0400682;-1.29397,0.685105,-1.73264
-0.371275,-0.40359,0.0288535;-1.55704,0.623064,-1.58056
-0.368162,-0.399872,0.0289012;-1.55401,0.512836,-1.57968
-0.368028,-0.401467,0.028743;-1.56143,0.578061,-1.5759
-0.368941,-0.401785,0.0286059;-1.57274,0.634385,-1.56925
-0.391091,-0.424722,0.040473;-1.73506,0.802246,-1.4738
-0.401023,-0.436771,0.0414555;-1.37884,0.796316,-1.68938
-0.402101,-0.4352,0.0348175;-1.41401,0.729197,-1.6727
-0.394954,-0.425372,0.0288132;-1.55763,0.595207,-1.57843
-0.395023,-0.425688,0.0289166;-1.55178,0.60326,-1.5824
-0.394902,-0.426524,0.0285713;-1.57107,0.662854,-1.57086
-0.411277,-0.438497,0.0363538;-1.76907,0.812962,-1.44237
-0.425672,-0.454582,0.0435797;-1.56668,0.877198,-1.57462
-0.433488,-0.462907,0.040016;-1.27538,0.817016,-1.77302
-0.421662,-0.450472,0.0285153;-1.56606,0.676383,-1.57354
-0.421583,-0.449761,0.0288673;-1.55372,0.64819,-1.58113
-0.421858,-0.45085,0.028873;-1.55355,0.686942,-1.58232
-0.429638,-0.454672,0.0318527;-1.66849,0.82267,-1.50435
-0.446715,-0.469039,0.0397899;-1.79201,0.909893,-1.41788
-0.458863,-0.481649,0.0423362;-1.3896,0.92591,-1.70011
-0.452978,-0.473718,0.0284963;-1.56892,0.77443,-1.57152
-0.452208,-0.473018,0.0288297;-1.55539,0.723002,-1.58172
-0.452329,-0.473234,0.0288951;-1.55152,0.725807,-1.58435
-0.454638,-0.474871,0.0291796;-1.60355,0.860378,-1.54786
-0.469138,-0.484168,0.0359899;-1.79778,0.944253,-1.40087
-0.485173,-0.498712,0.0438382;-1.56967,1.01938,-1.57383
-0.483794,-0.494439,0.0287697;-1.58919,0.859546,-1.55622
-0.481016,-0.493059,0.0285975;-1.56946,0.768587,-1.57149
-0.481109,-0.492374,0.028901;-1.55126,0.733474,-1.58473
-0.482358,-0.494809,0.0286998;-1.5808,0.892706,-1.56257
-0.494695,-0.501344,0.0342233;-1.75707,0.973049,-1.42739
-0.512804,-0.51622,0.0425292;-1.64796,1.05765,-1.51565
-0.513608,-0.513301,0.0286476;-1.59318,0.910009,-1.55481
-0.51049,-0.511535,0.0286001;-1.56915,0.828564,-1.57169
-0.510604,-0.511037,0.0289052;-1.54959,0.799731,-1.5867
-0.512038,-0.512172,0.0286666;-1.57771,0.919361,-1.5652
-0.522941,-0.516371,0.0338065;-1.75381,0.99835,-1.42517
-0.542229,-0.528413,0.0419002;-1.80075,1.08352,-1.38887
-0.554584,-0.534646,0.0329405;-1.4142,1.02093,-1.70442
-0.547496,-0.531032,0.0284845;-1.57349,0.94878,-1.56775
-0.547336,-0.530454,0.0288505;-1.54969,0.91063,-1.58734
-0.547785,-0.531415,0.0285641;-1.57043,0.980401,-1.57036
-0.552464,-0.531523,0.0300867;-1.64492,1.04891,-1.50932
-0.571975,-0.539622,0.0379959;-1.9433,1.12652,-1.25176
-0.59769,-0.554609,0.0387428;-1.13485,1.1243,-1.95571
-0.586931,-0.548928,0.0285932;-1.60213,1.09952,-1.54293
-0.585133,-0.548585,0.0285949;-1.56854,1.0392,-1.57282
-0.585489,-0.549843,0.0286725;-1.56108,1.09312,-1.57922
-0.586483,-0.549452,0.0285866;-1.57228,1.14559,-1.56893
-0.597777,-0.550736,0.032899;-1.81398,1.21844,-1.34847
-0.636272,-0.563587,0.0407841;-0.993811,1.28936,-2.10954
-0.6359,-0.56165,0.0345294;-1.20777,1.25359,-1.91603
-0.625949,-0.558707,0.0285093;-1.56839,1.18927,-1.57307
-0.62577,-0.558394,0.0288584;-1.54056,1.14892,-1.59927
-0.626592,-0.559208,0.0285742;-1.57154,1.21173,-1.57015
-0.63011,-0.558318,0.0295391;-1.65801,1.27248,-1.48984
-0.675125,-0.570357,0.0420493;-0.772941,1.35869,-2.3384
-0.681643,-0.570631,0.0385312;-0.848601,1.29054,-2.26905
-0.665679,-0.564118,0.0285761;-1.61805,1.26514,-1.5258
-0.662239,-0.563541,0.0288073;-1.54605,1.1569,-1.59435
-0.663691,-0.5652,0.0285704;-1.57083,1.24089,-1.57053
-0.664564,-0.564727,0.0286464;-1.58134,1.28819,-1.55911
-0.705964,-0.573779,0.0415987;-0.807066,1.41258,-2.31934
-0.717016,-0.575352,0.0382525;-0.754728,1.3264,-2.36894
-0.701168,-0.568135,0.0284702;-1.63804,1.29991,-1.50719
-0.697996,-0.567813,0.0288184;-1.54274,1.17967,-1.59742
-0.698676,-0.568788,0.0285505;-1.57484,1.24063,-1.56708
-0.700508,-0.568233,0.0286353;-1.58245,1.30058,-1.55915
-0.700508,-0.568233,0.0286353;-1.58245,1.30058,-1.55915
-0.71589,-0.568749,0.033455;-1.97317,1.36189,-1.17811
-0.71589,-0.568749,0.033455;-1.97317,1.36189,-1.17811
