-0.125,0.125,0.06;-1.57,-2.98023e-08,-1.57
-0.125,0.125,0.06;-1.57,-2.98023e-08,-1.57
-0.125,0.125,0.06;-1.57,-2.98023e-08,-1.57
-0.124541,0.132501,0.0285807;-1.57052,-0.138733,-1.5704
-0.124815,0.131447,0.028584;-1.57158,-0.0664185,-1.56908
-0.127519,0.12192,0.0319548;-1.63059,0.0111653,-1.57213
-0.128535,0.0887681,0.0362673;-1.43928,0.0853742,-1.57673
-0.129547,0.099615,0.0285614;-1.57092,-0.0332679,-1.57063
-0.129635,0.100194,0.028774;-1.56206,-0.0556819,-1.57074
-0.129619,0.100125,0.0287793;-1.56243,-0.0549591,-1.57144
-0.129439,0.0990157,0.0285974;-1.57034,0.0225275,-1.56932
-0.133007,0.0936134,0.031814;-1.62421,0.0965398,-1.56071
-0.138945,0.0741766,0.0402802;-1.69512,0.194225,-1.55172
-0.142009,0.0573117,0.0312504;-1.52505,0.224045,-1.58055
-0.141535,0.0621107,0.0284307;-1.56633,0.151257,-1.57079
-0.141232,0.0629388,0.0286294;-1.56797,0.135976,-1.57068
-0.141328,0.0629711,0.0285779;-1.57091,0.12437,-1.57076
-0.142591,0.0625406,0.0299065;-1.59741,0.162898,-1.56104
-0.147867,0.0562543,0.0379876;-1.73008,0.230905,-1.52539
-0.158795,0.029408,0.04176;-1.57156,0.345157,-1.57124
-0.162531,0.0191612,0.0338717;-1.46736,0.326322,-1.60365
-0.160737,0.0230154,0.0285742;-1.57118,0.304828,-1.5707
-0.160624,0.0232292,0.0286333;-1.56771,0.290622,-1.57116
-0.16072,0.0232493,0.0285817;-1.57043,0.321458,-1.56989
-0.163251,0.0216931,0.0317823;-1.6258,0.352707,-1.54663
-0.168959,0.013053,0.0369035;-1.69233,0.400166,-1.51815
-0.171027,0.00482146,0.0285694;-1.56938,0.428258,-1.57206
-0.171043,0.00503828,0.0285805;-1.57078,0.406569,-1.5708
-0.171132,0.00502745,0.0286271;-1.56833,0.409145,-1.57177
-0.171226,0.00509847,0.0285795;-1.57078,0.409329,-1.57084
-0.175062,0.00212074,0.0346005;-1.67396,0.462551,-1.52474
-0.180006,-0.00462822,0.0438783;-1.64736,0.515917,-1.53555
-0.181655,-0.0133039,0.0380948;-1.5197,0.509011,-1.59759
-0.17867,-0.00955731,0.0285796;-1.57084,0.439783,-1.57079
-0.178411,-0.00948656,0.0285802;-1.57076,0.446394,-1.57091
-0.178458,-0.00980257,0.0286762;-1.56562,0.466769,-1.57303
-0.178972,-0.0095801,0.0297323;-1.59093,0.49037,-1.56028
-0.18215,-0.012768,0.0393933;-1.66506,0.522121,-1.52916
-0.183827,-0.0160616,0.0430859;-1.60558,0.53368,-1.55425
-0.179493,-0.0164774,0.0285748;-1.57064,0.432593,-1.57085
-0.179442,-0.0163551,0.0286513;-1.56702,0.428364,-1.57241
-0.179351,-0.0165815,0.028682;-1.56532,0.441117,-1.57323
-0.179808,-0.0164866,0.0287161;-1.5757,0.499227,-1.56534
-0.184655,-0.0228048,0.0340941;-1.67162,0.537703,-1.52077
-0.189579,-0.0291205,0.0446737;-1.59944,0.564244,-1.55919
-0.185508,-0.0325691,0.0285779;-1.57266,0.504084,-1.57134
-0.18464,-0.0315069,0.0285778;-1.57088,0.466861,-1.57094
-0.184621,-0.0313882,0.0286254;-1.56841,0.471541,-1.57193
-0.184739,-0.0317451,0.0285859;-1.57086,0.530863,-1.57024
-0.190194,-0.0363692,0.0328097;-1.66323,0.596838,-1.51914
-0.201291,-0.0495414,0.0424332;-1.66916,0.681432,-1.5181
-0.206064,-0.0577276,0.0286605;-1.58554,0.636945,-1.56418
-0.205087,-0.05688,0.0285743;-1.57138,0.590008,-1.57033
-0.204841,-0.0564464,0.0286404;-1.5674,0.574654,-1.57268
-0.205039,-0.0575963,0.0285888;-1.57163,0.636313,-1.5701
-0.210228,-0.0598334,0.0330166;-1.67393,0.698659,-1.50315
-0.221961,-0.0678562,0.042469;-1.82318,0.77651,-1.40588
-0.233835,-0.0835317,0.0286499;-1.56781,0.840086,-1.57434
-0.233192,-0.0826909,0.028579;-1.57098,0.790349,-1.5706
-0.233042,-0.0825895,0.0285802;-1.57072,0.791563,-1.57078
-0.233082,-0.08266,0.0285796;-1.57085,0.775485,-1.57068
-0.233718,-0.0818652,0.0301735;-1.60996,0.818578,-1.53688
-0.238661,-0.083298,0.0380782;-1.82551,0.857424,-1.36921
-0.251655,-0.0908419,0.0354568;-1.74228,0.953555,-1.4382
-0.259908,-0.0986149,0.0286882;-1.56569,0.971005,-1.57715
-0.259627,-0.0989362,0.0285855;-1.57022,0.972481,-1.57117
-0.259466,-0.0987998,0.0285792;-1.57081,0.955388,-1.57079
-0.259473,-0.0987618,0.0285829;-1.57048,0.963989,-1.57076
-0.258681,-0.0985264,0.0313151;-1.64728,0.953864,-1.49829
-0.267964,-0.0984138,0.0421746;-1.99142,1.04771,-1.19765
-0.279058,-0.103067,0.0368343;-1.75582,1.11888,-1.41191
-0.286419,-0.108387,0.0285308;-1.58039,1.16865,-1.56337
-0.28635,-0.108251,0.0285797;-1.57067,1.13437,-1.57102
-0.286343,-0.108279,0.0285777;-1.57112,1.13898,-1.57054
-0.286075,-0.10846,0.0288926;-1.59159,1.11696,-1.54944
-0.292815,-0.106159,0.0433105;-2.17635,1.17413,-1.00222
-0.299237,-0.107731,0.0428016;-2.05831,1.2373,-1.11895
-0.310595,-0.113133,0.0287396;-1.52391,1.31138,-1.62162
-0.310404,-0.113594,0.0285821;-1.57112,1.29564,-1.57061
-0.310386,-0.113291,0.0285739;-1.57288,1.29576,-1.56967
-0.31,-0.112965,0.0285768;-1.57159,1.2723,-1.5701
-0.299069,-0.109237,0.0408064;-2.21759,1.2058,-0.949879
-0.291887,-0.108855,0.0396816;-2.17016,1.20275,-1.00342
-0.298776,-0.113055,0.0287069;-1.54259,1.2415,-1.60354
-0.298764,-0.113545,0.0285841;-1.57068,1.23861,-1.57115
-0.298792,-0.113349,0.0285808;-1.57037,1.23939,-1.57129
-0.298868,-0.113128,0.0285801;-1.57048,1.2405,-1.57113
-0.287863,-0.105042,0.0444824;-1.73411,1.17832,-1.42458
-0.270353,-0.0999627,0.038279;-1.99368,1.08946,-1.18241
-0.271838,-0.103183,0.0289987;-1.60408,1.1015,-1.54634
-0.272329,-0.103849,0.0286096;-1.56764,1.10173,-1.57375
-0.272445,-0.103505,0.0285791;-1.5706,1.10433,-1.57113
-0.2725,-0.103434,0.0285832;-1.57049,1.12024,-1.57089
-0.276538,-0.104287,0.0400987;-1.71442,1.15033,-1.44196
-0.276228,-0.104057,0.0404477;-1.59201,1.13086,-1.5551
-0.272919,-0.102475,0.0306232;-1.50146,1.10393,-1.63734
-0.270006,-0.102367,0.028605;-1.56297,1.07939,-1.57898
-0.270381,-0.102359,0.0286768;-1.56187,1.0915,-1.57928
-0.270414,-0.102307,0.0285806;-1.57064,1.10148,-1.57092
-0.270992,-0.101724,0.0289705;-1.59526,1.13145,-1.54711
-0.280903,-0.103825,0.0442298;-1.56808,1.16223,-1.5761
-0.281064,-0.103131,0.0385957;-1.43514,1.12352,-1.70156
-0.277013,-0.10191,0.0285496;-1.57512,1.09879,-1.56747
-0.276704,-0.102051,0.0286218;-1.57037,1.10214,-1.57324
-0.276997,-0.102054,0.0285796;-1.57048,1.11737,-1.57123
-0.277067,-0.101884,0.0285896;-1.57094,1.13021,-1.57007
-0.291572,-0.101567,0.0441525;-1.82461,1.21284,-1.33943
-0.298333,-0.104387,0.0423962;-1.62099,1.23157,-1.53216
-0.298141,-0.105402,0.0286685;-1.57115,1.20518,-1.57493
-0.297174,-0.105519,0.028648;-1.56829,1.19118,-1.57547
-0.297389,-0.105187,0.0285827;-1.57037,1.19279,-1.57143
-0.297605,-0.105079,0.0285817;-1.57072,1.20482,-1.57002
-0.307925,-0.100293,0.0416759;-1.93891,1.26425,-1.21539
-0.310766,-0.101125,0.0407232;-1.86202,1.28186,-1.29187
-0.314912,-0.104504,0.0287658;-1.52209,1.30671,-1.62164
-0.314369,-0.104555,0.0285808;-1.57064,1.28903,-1.57103
-0.314696,-0.104503,0.0286706;-1.55446,1.30115,-1.58654
-0.314568,-0.104194,0.0285798;-1.56752,1.29127,-1.57211
-0.313237,-0.100175,0.0377966;-1.83623,1.28267,-1.30316
-0.310783,-0.0979359,0.041745;-1.79974,1.29003,-1.34138
-0.309887,-0.0998679,0.0315916;-1.80504,1.30593,-1.34701
-0.312203,-0.10109,0.0285794;-1.57071,1.30908,-1.5709
-0.312205,-0.100936,0.0285789;-1.57076,1.30868,-1.57088
-0.312218,-0.100897,0.0285794;-1.57093,1.31087,-1.57073
-0.308876,-0.0989326,0.0318849;-1.62344,1.25533,-1.51183
-0.299258,-0.094808,0.0421842;-1.72377,1.2209,-1.41683
-0.288441,-0.0928855,0.0363191;-1.87983,1.19481,-1.26544
-0.290527,-0.0948062,0.0286092;-1.56645,1.20927,-1.57491
-0.29069,-0.0949559,0.0285796;-1.57079,1.2154,-1.57084
-0.290655,-0.09474,0.0285799;-1.57074,1.21378,-1.57082
-0.289906,-0.0933578,0.0292969;-1.5679,1.17534,-1.56997
-0.280805,-0.088224,0.0376019;-1.69299,1.13263,-1.45463
-0.264736,-0.0838162,0.0389624;-1.77593,1.06875,-1.37594
-0.260201,-0.0847873,0.0286147;-1.56893,1.07181,-1.57468
-0.260698,-0.0854678,0.0286231;-1.56604,1.08581,-1.57496
-0.260783,-0.0854955,0.0285796;-1.57075,1.09629,-1.57088
-0.261054,-0.0848118,0.0286562;-1.56709,1.0681,-1.57167
-0.256682,-0.0796913,0.0330294;-1.47616,1.02795,-1.65055
-0.247301,-0.0704056,0.0454098;-1.62638,0.991578,-1.52552
-0.222581,-0.0607195,0.0286391;-1.56876,0.866729,-1.5763
-0.222639,-0.0608954,0.0287418;-1.55879,0.863126,-1.58018
-0.222605,-0.061089,0.0286013;-1.56969,0.872036,-1.57235
-0.223475,-0.0616397,0.0285703;-1.57008,0.938185,-1.57133
-0.225985,-0.0622161,0.0304383;-1.5663,0.931958,-1.57317
-0.229702,-0.060011,0.0436256;-1.48418,0.903858,-1.64373
-0.206865,-0.0448442,0.0288137;-1.58652,0.737871,-1.56338
-0.206141,-0.0447478,0.0286715;-1.56512,0.709951,-1.57457
-0.205937,-0.0450657,0.0286777;-1.56512,0.722739,-1.57495
-0.206797,-0.0455567,0.0285811;-1.57081,0.814548,-1.57033
-0.211717,-0.0475007,0.0310695;-1.63611,0.848712,-1.51879
-0.226147,-0.0550351,0.0419728;-1.56544,0.891635,-1.57641
-0.228579,-0.0530654,0.0353368;-1.4131,0.772766,-1.69524
-0.220249,-0.0458445,0.0284805;-1.56296,0.722458,-1.57769
-0.219962,-0.0459312,0.0286744;-1.56463,0.726643,-1.57492
-0.220285,-0.0466649,0.02858;-1.57066,0.802716,-1.57085
-0.221469,-0.0459279,0.0291421;-1.5962,0.859511,-1.54633
-0.232606,-0.0505247,0.0353085;-1.69266,0.894621,-1.47062
-0.255716,-0.0675593,0.0384767;-1.24829,0.917401,-1.83388
-0.244646,-0.0566014,0.0286591;-1.56706,0.847447,-1.57458
-0.242998,-0.0553535,0.0285787;-1.57042,0.811767,-1.57108
-0.243105,-0.0561557,0.0286122;-1.56844,0.852563,-1.57263
-0.243197,-0.0555872,0.0286449;-1.57096,0.905066,-1.56727
-0.247605,-0.0566891,0.0311619;-1.6474,0.959721,-1.50034
-0.274257,-0.0680016,0.0442053;-1.45127,1.02218,-1.67611
-0.278891,-0.0732606,0.0347821;-1.34396,1.02616,-1.76911
-0.271559,-0.0682258,0.0285484;-1.56624,0.95534,-1.5756
-0.270974,-0.0681018,0.028637;-1.56601,0.955607,-1.57481
-0.270995,-0.0681289,0.0285789;-1.5706,0.970598,-1.57097
-0.271324,-0.0678756,0.0289126;-1.58931,1.01402,-1.54767
-0.286462,-0.0701324,0.0448425;-1.61721,1.06635,-1.5265
-0.29051,-0.0737511,0.0409632;-1.53803,1.0806,-1.60528
-0.287472,-0.076548,0.028618;-1.5734,1.05302,-1.57159
-0.287101,-0.0765591,0.028579;-1.57082,1.05608,-1.57086
-0.287179,-0.0766192,0.0285782;-1.57092,1.06663,-1.57074
-0.28738,-0.0766303,0.0285803;-1.57076,1.07862,-1.57013
-0.291259,-0.0778609,0.0412183;-1.60685,1.0895,-1.53623
-0.288056,-0.0763834,0.0412493;-1.60614,1.07103,-1.54235
-0.283892,-0.0756755,0.0286804;-1.57032,1.04031,-1.57607
-0.283515,-0.0759904,0.0286202;-1.56697,1.03337,-1.57418
-0.283605,-0.0758762,0.0285789;-1.57069,1.038,-1.57084
-0.283796,-0.0756978,0.0285828;-1.57114,1.04597,-1.57023
-0.283796,-0.0756978,0.0285828;-1.57114,1.04597,-1.57023
-0.285638,-0.0758316,0.0310169;-1.6574,1.08726,-1.49225
-0.285638,-0.0758316,0.0310169;-1.6574,1.08726,-1.49225
