-0.125,0.125,0.06;-1.57,-2.98023e-08,-1.57
-0.125,0.125,0.06;-1.57,-2.98023e-08,-1.57
-0.125,0.125,0.06;-1.57,-2.98023e-08,-1.57
-0.124372,0.13137,0.028598;-1.56949,-0.141755,-1.57001
-0.12467,0.130719,0.0285979;-1.57089,-0.0714732,-1.56932
-0.127368,0.119389,0.0318683;-1.62837,0.0191239,-1.5728
-0.126651,0.0889274,0.0369781;-1.42025,0.0905023,-1.57547
-0.12802,0.100797,0.0285503;-1.57083,-0.0530212,-1.57062
-0.128201,0.101172,0.0288126;-1.56018,-0.076794,-1.57041
-0.128134,0.101025,0.0287941;-1.56126,-0.0698657,-1.57095
-0.127098,0.0995102,0.0285788;-1.57143,0.0412663,-1.56991
-0.129829,0.0899791,0.0306633;-1.6061,0.119756,-1.56851
-0.132685,0.0636921,0.0387013;-1.45113,0.216289,-1.58207
-0.135891,0.0608502,0.0337594;-1.47401,0.139941,-1.58113
-0.136127,0.0699516,0.028485;-1.56815,0.0580675,-1.57216
-0.135582,0.0715511,0.0286943;-1.56513,-0.00203174,-1.57046
-0.13548,0.0708257,0.0285787;-1.57064,0.0543441,-1.57089
-0.138115,0.0638527,0.0298193;-1.59647,0.126802,-1.57019
-0.14237,0.0387941,0.0377237;-1.52897,0.220821,-1.57816
-0.142918,0.0251798,0.0389818;-1.37958,0.220278,-1.59304
-0.144968,0.0302132,0.0341156;-1.46256,0.155316,-1.58351
-0.144402,0.040706,0.0284983;-1.57009,0.0618588,-1.56965
-0.143966,0.0414544,0.028596;-1.56989,0.0377349,-1.57104
-0.14453,0.0407009,0.028579;-1.57051,0.106172,-1.57039
-0.148696,0.0284645,0.0315754;-1.62174,0.186049,-1.56442
-0.15185,0.00417294,0.0356748;-1.42701,0.230153,-1.59282
-0.153127,0.00811913,0.031974;-1.50295,0.174852,-1.58161
-0.152115,0.0151754,0.0287788;-1.56138,0.0619149,-1.5714
-0.151873,0.0146463,0.0288362;-1.55944,0.0829943,-1.57272
-0.151399,0.0145668,0.0285788;-1.57071,0.133831,-1.57087
-0.159745,-0.00925383,0.0353007;-1.60514,0.285929,-1.56583
-0.161295,-0.0315714,0.0404591;-1.34803,0.323997,-1.6173
-0.163314,-0.0322495,0.0373527;-1.39283,0.277204,-1.60941
-0.162701,-0.0170377,0.0285855;-1.57075,0.121324,-1.57009
-0.162964,-0.0170588,0.0287907;-1.56055,0.104573,-1.57187
-0.162449,-0.0181984,0.0287471;-1.56267,0.162022,-1.57209
-0.167692,-0.0280171,0.0310663;-1.61617,0.297243,-1.55998
-0.17503,-0.0538319,0.0389232;-1.47108,0.393081,-1.59841
-0.177442,-0.0651551,0.0399783;-1.34671,0.373662,-1.63397
-0.176087,-0.0483442,0.028528;-1.56997,0.224343,-1.57057
-0.175897,-0.0477394,0.0287481;-1.56266,0.175979,-1.57228
-0.17595,-0.0479883,0.0287976;-1.56046,0.176591,-1.57292
-0.176765,-0.0501025,0.0288067;-1.58187,0.291736,-1.56614
-0.184339,-0.0694972,0.0345503;-1.61854,0.374502,-1.55909
-0.190405,-0.0930724,0.0406362;-1.33159,0.424502,-1.64474
-0.191722,-0.0787189,0.0283995;-1.58786,0.282853,-1.5663
-0.190255,-0.0762362,0.0285739;-1.57076,0.209876,-1.57036
-0.190442,-0.0759419,0.0288027;-1.56041,0.190094,-1.57312
-0.190592,-0.0782991,0.0285794;-1.57262,0.319027,-1.56975
-0.197112,-0.0914168,0.0321106;-1.62657,0.398452,-1.55372
-0.205116,-0.117374,0.0393284;-1.34539,0.47999,-1.65061
-0.207878,-0.105555,0.0285505;-1.58256,0.319044,-1.56874
-0.206131,-0.10232,0.0285515;-1.57244,0.245518,-1.5702
-0.206437,-0.102082,0.0287921;-1.5608,0.217375,-1.57325
-0.206272,-0.103865,0.028587;-1.57172,0.331877,-1.56989
-0.212336,-0.116167,0.0320937;-1.62976,0.409142,-1.55294
-0.221022,-0.14165,0.0395077;-1.36353,0.500483,-1.64619
-0.224213,-0.135156,0.0301316;-1.53609,0.384413,-1.58386
-0.221648,-0.129824,0.0285616;-1.57126,0.303404,-1.57061
-0.221882,-0.129529,0.0287474;-1.5624,0.259075,-1.57289
-0.222104,-0.130882,0.0285796;-1.5707,0.3167,-1.57075
-0.226561,-0.13779,0.0304303;-1.60632,0.388996,-1.55895
-0.236672,-0.161043,0.0388793;-1.51769,0.488166,-1.59267
-0.24053,-0.171147,0.0361128;-1.40913,0.469032,-1.635
-0.239938,-0.162434,0.0291121;-1.55123,0.407455,-1.57984
-0.237798,-0.158916,0.0285612;-1.57098,0.317214,-1.57057
-0.237803,-0.158937,0.0285807;-1.5707,0.303266,-1.57089
-0.238876,-0.159574,0.0285809;-1.57047,0.369042,-1.56982
-0.246519,-0.17168,0.0325031;-1.6391,0.452078,-1.54249
-0.257263,-0.204863,0.0401022;-1.33163,0.528886,-1.67085
-0.258348,-0.202605,0.0360527;-1.40564,0.487181,-1.64077
-0.255473,-0.190691,0.0286125;-1.57355,0.400404,-1.57037
-0.254643,-0.189505,0.0287823;-1.56046,0.332239,-1.5742
-0.254058,-0.19006,0.0285785;-1.57066,0.406302,-1.57086
-0.256459,-0.192189,0.0291304;-1.58945,0.459511,-1.56337
-0.276897,-0.234576,0.0421632;-1.28411,0.590948,-1.7004
-0.28107,-0.23702,0.0391307;-1.33623,0.532574,-1.67812
-0.278779,-0.223492,0.0304728;-1.52652,0.456479,-1.59103
-0.275585,-0.216763,0.0287895;-1.56011,0.333714,-1.57421
-0.275235,-0.218367,0.0285594;-1.57162,0.414792,-1.57063
-0.27687,-0.219484,0.0287504;-1.58076,0.469824,-1.56589
-0.297125,-0.260099,0.0412366;-1.29791,0.606375,-1.69977
-0.301847,-0.263559,0.0389457;-1.33728,0.542504,-1.68029
-0.299804,-0.249241,0.030037;-1.53402,0.462085,-1.58968
-0.297329,-0.243405,0.0287852;-1.56066,0.328918,-1.57452
-0.296568,-0.245056,0.0285811;-1.57062,0.41766,-1.5712
-0.297673,-0.246134,0.0286698;-1.5759,0.469961,-1.56838
-0.31901,-0.286298,0.0402908;-1.3135,0.623867,-1.69199
-0.323613,-0.291123,0.0386557;-1.34157,0.558761,-1.68453
-0.321583,-0.280171,0.0302826;-1.52833,0.511217,-1.59251
-0.318899,-0.27415,0.0287184;-1.56368,0.380698,-1.57342
-0.318848,-0.274931,0.0285801;-1.57048,0.42212,-1.57116
-0.319095,-0.275261,0.0285818;-1.57047,0.439195,-1.57069
-0.337807,-0.30678,0.0402802;-1.46312,0.605866,-1.62364
-0.343372,-0.318882,0.0377104;-1.36013,0.582791,-1.6779
-0.341358,-0.316471,0.0345672;-1.43303,0.589988,-1.64138
-0.337088,-0.305886,0.0286159;-1.56844,0.449401,-1.57134
-0.337572,-0.306455,0.0288485;-1.55793,0.448249,-1.57759
-0.33765,-0.306892,0.0285763;-1.57052,0.498356,-1.57092
-0.341684,-0.310498,0.0293834;-1.59497,0.567291,-1.55957
-0.36436,-0.346281,0.0405139;-1.2945,0.665444,-1.72244
-0.365544,-0.344233,0.0365938;-1.37631,0.623123,-1.678
-0.360022,-0.332067,0.0286468;-1.57427,0.542269,-1.57056
-0.358537,-0.330471,0.0287856;-1.56006,0.453445,-1.57587
-0.357903,-0.332263,0.0285526;-1.5709,0.540058,-1.56939
-0.359527,-0.333025,0.0286373;-1.57487,0.593425,-1.56802
-0.384163,-0.368285,0.0407992;-1.27365,0.729452,-1.74637
-0.388484,-0.371206,0.0381067;-1.33261,0.682317,-1.71206
-0.383888,-0.358992,0.0287437;-1.56366,0.622892,-1.57678
-0.381065,-0.355513,0.028771;-1.56016,0.514498,-1.57601
-0.380866,-0.356359,0.0285428;-1.57276,0.568128,-1.56981
-0.382693,-0.357661,0.0285848;-1.57205,0.632547,-1.56932
-0.410005,-0.393257,0.0397446;-1.28906,0.781861,-1.75014
-0.41477,-0.399196,0.0382125;-1.31776,0.749895,-1.73751
-0.410425,-0.389707,0.0292991;-1.54287,0.708387,-1.58984
-0.407112,-0.385166,0.0286914;-1.56419,0.571341,-1.57436
-0.407299,-0.385362,0.0286666;-1.56585,0.582811,-1.57344
-0.407683,-0.385616,0.0285832;-1.57042,0.62583,-1.57021
-0.431773,-0.413009,0.0394674;-1.43841,0.790049,-1.65517
-0.438369,-0.423648,0.0397954;-1.27705,0.763016,-1.76159
-0.436495,-0.420275,0.0339155;-1.42713,0.757566,-1.66509
-0.430874,-0.41161,0.0285809;-1.57042,0.59928,-1.57095
-0.431215,-0.41165,0.0287433;-1.56144,0.582245,-1.57593
-0.431038,-0.411714,0.0285792;-1.57061,0.605248,-1.57082
-0.447411,-0.426662,0.0346811;-1.65065,0.759495,-1.521
-0.462267,-0.447379,0.0402777;-1.26802,0.803966,-1.7675
-0.46516,-0.451646,0.0382828;-1.30865,0.782776,-1.74785
-0.45629,-0.43749,0.0285312;-1.56979,0.632262,-1.57093
-0.456974,-0.437224,0.0287117;-1.56318,0.577448,-1.57486
-0.457229,-0.43755,0.0287769;-1.55935,0.585907,-1.57713
-0.464166,-0.442835,0.0305168;-1.61375,0.705405,-1.54399
-0.481366,-0.461976,0.0386458;-1.473,0.80169,-1.63428
-0.48943,-0.473849,0.0399945;-1.27126,0.784426,-1.76791
-0.482779,-0.45964,0.0286021;-1.57434,0.667637,-1.57083
-0.481719,-0.458275,0.0286349;-1.56781,0.58438,-1.57193
-0.482264,-0.45831,0.0287865;-1.55932,0.561429,-1.57715
-0.484096,-0.460229,0.0287154;-1.5797,0.684446,-1.56499
-0.498253,-0.474957,0.0341101;-1.62163,0.770041,-1.53984
-0.512444,-0.494203,0.0413566;-1.24273,0.81033,-1.78422
-0.511109,-0.485524,0.0286756;-1.56601,0.719755,-1.57469
-0.508718,-0.483809,0.0285799;-1.57095,0.646741,-1.57045
-0.508979,-0.483674,0.0287571;-1.56049,0.62061,-1.57691
-0.510139,-0.484826,0.0285969;-1.57309,0.733226,-1.5689
-0.522991,-0.495865,0.0328812;-1.66344,0.809498,-1.51125
-0.541071,-0.516126,0.0401051;-1.25901,0.879124,-1.79077
-0.540908,-0.51222,0.0288523;-1.55553,0.80325,-1.58398
-0.537899,-0.509658,0.0285772;-1.57087,0.71433,-1.57055
-0.538325,-0.50931,0.0287114;-1.56274,0.668212,-1.57569
-0.538842,-0.509685,0.0285918;-1.57138,0.726643,-1.56868
-0.547575,-0.51611,0.0321121;-1.65514,0.801077,-1.51272
-0.56511,-0.534351,0.0404646;-1.4109,0.894051,-1.68499
-0.570225,-0.540452,0.0328121;-1.43997,0.857338,-1.66716
-0.564648,-0.533615,0.0286072;-1.57116,0.763952,-1.57356
-0.563802,-0.532372,0.0285796;-1.57053,0.687149,-1.57082
-0.564237,-0.532353,0.0285799;-1.57051,0.697062,-1.57095
-0.566592,-0.533115,0.0293145;-1.59167,0.758379,-1.55455
-0.582675,-0.547816,0.0364881;-1.64014,0.852086,-1.5226
-0.597681,-0.568423,0.0374605;-1.30622,0.865805,-1.76565
-0.591843,-0.558203,0.02867;-1.56919,0.805217,-1.57483
-0.5882,-0.555268,0.0285073;-1.57315,0.721657,-1.56829
-0.588632,-0.554771,0.0286292;-1.56776,0.692141,-1.57282
-0.58901,-0.554631,0.02861;-1.57063,0.739762,-1.56894
-0.598368,-0.560933,0.0315887;-1.64253,0.819497,-1.51914
-0.624966,-0.590374,0.039835;-1.23246,0.877987,-1.82134
-0.622587,-0.586432,0.0344097;-1.3941,0.861725,-1.70086
-0.615485,-0.577975,0.0286338;-1.57074,0.775648,-1.57366
-0.61484,-0.576939,0.0287815;-1.55811,0.70223,-1.57914
-0.614853,-0.577344,0.0285802;-1.56997,0.752256,-1.57093
-0.617701,-0.578613,0.029071;-1.5894,0.814722,-1.55616
-0.651851,-0.610383,0.0412855;-1.18823,0.921616,-1.85461
-0.653639,-0.611289,0.0375063;-1.29004,0.898927,-1.78434
-0.646678,-0.601559,0.0283305;-1.58861,0.84897,-1.55728
-0.64463,-0.600017,0.0287199;-1.56144,0.755275,-1.57724
-0.644301,-0.600469,0.0285403;-1.57334,0.794122,-1.56916
-0.646024,-0.601149,0.0286228;-1.57443,0.855971,-1.56779
-0.680614,-0.629388,0.0399004;-1.19665,0.990264,-1.86526
-0.686485,-0.633646,0.0379236;-1.25217,0.967097,-1.82812
-0.680236,-0.625089,0.0287268;-1.56405,0.931089,-1.579
-0.677354,-0.623047,0.0286665;-1.56456,0.825401,-1.57529
-0.677302,-0.623533,0.0285795;-1.5708,0.859435,-1.57077
-0.67798,-0.623589,0.0285707;-1.57105,0.898129,-1.57027
-0.67798,-0.623589,0.0285707;-1.57105,0.898129,-1.57027
-0.688157,-0.629152,0.0321357;-1.67344,0.976012,-1.4891
-0.688157,-0.629152,0.0321357;-1.67344,0.976012,-1.4891
