-0.125,0.125,0.06;-1.57,-2.98023e-08,-1.57
-0.125,0.125,0.06;-1.57,-2.98023e-08,-1.57
-0.125,0.125,0.06;-1.57,-2.98023e-08,-1.57
-0.124201,0.132309,0.0285732;-1.56932,-0.139739,-1.56876
-0.124558,0.132222,0.0285801;-1.57047,-0.103681,-1.57037
-0.126858,0.129385,0.0317997;-1.63091,-0.0470279,-1.56912
-0.129708,0.121536,0.0365096;-1.71064,-0.00664987,-1.55931
-0.127546,0.121458,0.0285762;-1.57096,-0.0896911,-1.57083
-0.127413,0.121531,0.0287587;-1.56318,-0.0943386,-1.57092
-0.12713,0.12161,0.0286328;-1.56822,-0.0857549,-1.57069
-0.126884,0.120978,0.0285798;-1.57076,-0.0265466,-1.5707
-0.127483,0.115388,0.0297457;-1.59263,0.0348385,-1.5717
-0.127782,0.0969199,0.0388688;-1.5172,0.0889179,-1.57599
-0.129826,0.092641,0.0338085;-1.49565,0.068692,-1.56258
-0.128529,0.104161,0.0288778;-1.57765,-0.00636567,-1.56337
-0.128019,0.104419,0.0286988;-1.56472,-0.0445104,-1.57083
-0.127597,0.104103,0.0285811;-1.57094,-0.00689953,-1.57101
-0.129261,0.10122,0.0292032;-1.58849,0.0548859,-1.57752
-0.132801,0.0889212,0.0346687;-1.66346,0.121561,-1.57592
-0.13903,0.0679979,0.0395791;-1.42274,0.151023,-1.58226
-0.139541,0.0732308,0.0352726;-1.45416,0.0716371,-1.57786
-0.137155,0.0847167,0.0285115;-1.56883,0.0110763,-1.56899
-0.136852,0.0852064,0.028583;-1.57061,0.028577,-1.57091
-0.13737,0.082902,0.0286914;-1.57088,0.111812,-1.57601
-0.13998,0.0719924,0.0300759;-1.59619,0.19234,-1.57543
-0.143707,0.0503644,0.0344362;-1.47697,0.23222,-1.58717
-0.146701,0.0502974,0.0318783;-1.53196,0.202864,-1.55751
-0.145319,0.0548032,0.0286906;-1.56848,0.121893,-1.56805
-0.145276,0.0544698,0.0288129;-1.56123,0.145842,-1.57381
-0.144991,0.0535118,0.028576;-1.5709,0.194487,-1.571
-0.150623,0.0453497,0.0333807;-1.66752,0.298869,-1.54859
-0.156906,0.0346412,0.0411848;-1.65851,0.34716,-1.54499
-0.162345,0.0302252,0.0394817;-1.53023,0.338149,-1.56779
-0.159997,0.0376128,0.0286943;-1.57099,0.211572,-1.56502
-0.159624,0.037668,0.0287331;-1.56325,0.218188,-1.57245
-0.159033,0.0362788,0.028771;-1.56174,0.279719,-1.57371
-0.166135,0.0268324,0.0298142;-1.59582,0.448548,-1.56998
-0.17679,0.00191533,0.0368349;-1.46773,0.518475,-1.63475
-0.182002,-0.00980726,0.0397916;-1.3545,0.538744,-1.66476
-0.182124,0.00661151,0.0289956;-1.57624,0.465132,-1.55302
-0.181506,0.00636531,0.0287166;-1.57066,0.446917,-1.5642
-0.181424,0.00652381,0.0286347;-1.56853,0.457489,-1.57105
-0.182134,0.00583475,0.0287734;-1.57317,0.526543,-1.57698
-0.188404,-0.00191849,0.0313737;-1.60842,0.585517,-1.5678
-0.199137,-0.0182416,0.0401284;-1.41608,0.641194,-1.67302
-0.198231,0.000134965,0.0295111;-1.59022,0.534941,-1.54387
-0.19406,0.00263751,0.0288284;-1.57286,0.474245,-1.56085
-0.192252,0.00325894,0.0286828;-1.56789,0.467727,-1.56973
-0.192952,0.00174897,0.0286554;-1.57137,0.608944,-1.57352
-0.201938,-0.00490261,0.0305939;-1.61342,0.708744,-1.55492
-0.218417,-0.0238414,0.0389428;-1.45584,0.778666,-1.66648
-0.225719,-0.0209006,0.0293399;-1.5852,0.77212,-1.54137
-0.22529,-0.0216287,0.0288853;-1.57706,0.756772,-1.55622
-0.22489,-0.0217761,0.0287009;-1.5709,0.754042,-1.56483
-0.225073,-0.0214692,0.0286536;-1.57049,0.795748,-1.57451
-0.227255,-0.0237486,0.0300427;-1.57642,0.830648,-1.58339
-0.238096,-0.0346008,0.0376221;-1.42182,0.87489,-1.71799
-0.242935,-0.0330467,0.0292768;-1.58225,0.877757,-1.54651
-0.238675,-0.0291129,0.0290011;-1.57906,0.848715,-1.54966
-0.237328,-0.0290936,0.0290699;-1.57582,0.835334,-1.55665
-0.237112,-0.0292722,0.0287754;-1.57108,0.839831,-1.56116
-0.240009,-0.028405,0.0296091;-1.61321,0.914204,-1.54224
-0.255275,-0.0349692,0.033407;-1.59855,0.984084,-1.58434
-0.273512,-0.0433618,0.0350437;-1.34614,1.03684,-1.76419
-0.271161,-0.0390328,0.0290423;-1.58447,1.0281,-1.5438
-0.270571,-0.0389643,0.0290294;-1.58685,1.02603,-1.54376
-0.270559,-0.0396093,0.0287039;-1.57098,1.02738,-1.56468
-0.27098,-0.0393625,0.0285977;-1.5713,1.05252,-1.57138
-0.277248,-0.0410913,0.0304902;-1.58547,1.11184,-1.58048
-0.303127,-0.05354,0.0418519;-0.954192,1.12973,-2.14369
-0.298154,-0.0472795,0.0383662;-1.18346,1.10152,-1.91676
-0.282329,-0.0365492,0.0299833;-1.60675,1.09539,-1.51576
-0.280302,-0.0376425,0.0287183;-1.57098,1.04874,-1.56401
-0.279597,-0.0374626,0.0287588;-1.571,1.09792,-1.56207
-0.281211,-0.0361405,0.0289593;-1.61268,1.1573,-1.53487
-0.31556,-0.0413782,0.0405093;-1.44221,1.29739,-1.72559
-0.331172,-0.0445449,0.0413722;-0.80066,1.22179,-2.31831
-0.319918,-0.036549,0.0285128;-1.64647,1.27326,-1.492
-0.319621,-0.0358956,0.0291633;-1.60221,1.2881,-1.53043
-0.318949,-0.035563,0.0288868;-1.58591,1.31078,-1.54524
-0.319336,-0.035365,0.028873;-1.59927,1.32541,-1.53595
-0.342836,-0.0423524,0.0388586;-0.738771,1.37517,-2.42195
-0.352594,-0.0452363,0.0383204;-0.491512,1.35878,-2.64879
-0.341284,-0.0396701,0.028638;-1.66464,1.40193,-1.481
-0.339775,-0.0399041,0.0289153;-1.59616,1.3615,-1.53602
-0.339106,-0.0402925,0.028787;-1.5788,1.37816,-1.55436
-0.338816,-0.0406081,0.0290865;-1.66168,1.38275,-1.47431
-0.360084,-0.0378312,0.0371828;-1.83946,1.53399,-1.34624
-0.375265,-0.0374207,0.0402317;-0.0427454,1.36457,-3.12017
-0.364155,-0.0344874,0.0284387;-1.76012,1.50916,-1.37724
-0.362271,-0.0341523,0.0289635;-1.61257,1.50077,-1.51959
-0.361401,-0.0341048,0.0289278;-1.63759,1.51997,-1.49051
-0.361609,-0.0338111,0.0292647;-1.91379,1.52984,-1.21131
-0.388519,-0.0336523,0.0368722;1.03728,1.45875,2.0734
-0.401001,-0.0322387,0.0359622;0.740231,1.37959,2.38645
-0.399116,-0.032548,0.0325535;1.06731,1.41255,2.06257
-0.39239,-0.0318818,0.0287254;1.57465,1.53297,1.57408
-0.38954,-0.0305675,0.0293925;1.65449,1.49718,1.50076
-0.389011,-0.0306775,0.0291127;1.67255,1.48333,1.4873
-0.389902,-0.0301345,0.0305845;1.88821,1.44307,1.26718
-0.412774,-0.0212566,0.0377691;1.10467,1.31377,1.99188
-0.417961,-0.0191399,0.0387559;0.874696,1.27265,2.23286
-0.407092,-0.0194119,0.028861;1.65889,1.3787,1.48911
-0.406224,-0.0189774,0.0289554;1.59846,1.3861,1.55552
-0.40508,-0.0191995,0.0289545;1.59583,1.36354,1.55935
-0.405462,-0.0179813,0.0295432;1.64483,1.31955,1.51149
-0.44477,-0.0112155,0.03869;1.13051,1.10869,1.96312
-0.449974,-0.0114061,0.0356026;1.28628,1.08971,1.82022
-0.444693,-0.0134965,0.028745;1.57051,1.13617,1.56326
-0.443318,-0.0140743,0.02876;1.57613,1.1804,1.57255
-0.442029,-0.0135567,0.0289604;1.5868,1.1546,1.56806
-0.442565,-0.0139953,0.0299311;1.60874,1.16654,1.55669
-0.446324,-0.0141744,0.0387086;1.87874,1.06867,1.27687
-0.453323,-0.00816832,0.0367696;1.26911,1.07786,1.81236
-0.446601,-0.0102453,0.0286119;1.58286,1.13946,1.55607
-0.445646,-0.0111569,0.0286772;1.56839,1.17184,1.57667
-0.445183,-0.0111117,0.0287736;1.56892,1.14609,1.58105
-0.444347,-0.0102608,0.0301998;1.61303,1.13274,1.55612
-0.45791,0.000985282,0.0402156;1.82678,0.976224,1.33584
-0.478208,0.0138419,0.0375275;1.26464,0.92029,1.81238
-0.477595,0.00987525,0.0320132;1.46093,0.920559,1.65586
-0.475582,0.0080489,0.0286611;1.5713,0.944225,1.57404
-0.47528,0.00806534,0.0287276;1.57208,0.94093,1.57698
-0.474689,0.00828981,0.029112;1.58494,0.929073,1.57725
-0.473671,0.00771704,0.0360181;1.77982,0.889969,1.41049
-0.478186,0.00968251,0.0405432;1.73486,0.862656,1.42566
-0.484809,0.0176024,0.0370872;1.32533,0.863891,1.7462
-0.477628,0.0134189,0.0285773;1.57108,0.945226,1.57057
-0.477383,0.0131551,0.0286527;1.57069,0.951087,1.57453
-0.477379,0.0130905,0.0287569;1.56641,0.920818,1.58008
-0.476093,0.0181385,0.0357676;1.75322,0.830712,1.46076
-0.481374,0.0276375,0.0404529;1.87242,0.731967,1.36019
-0.492426,0.0417874,0.0411126;1.54849,0.69847,1.57315
-0.503212,0.0490036,0.028621;1.57111,0.639946,1.56835
-0.50342,0.0490201,0.0286011;1.57095,0.645373,1.57174
-0.503382,0.0489386,0.02865;1.57104,0.644971,1.57399
-0.502231,0.0487639,0.0308172;1.5977,0.627607,1.58004
-0.501671,0.0470262,0.0354973;1.68913,0.618272,1.50809
-0.505864,0.0505927,0.0433523;1.62044,0.589498,1.52177
-0.50643,0.0543262,0.0288462;1.57858,0.641464,1.55527
-0.505918,0.0530062,0.0285759;1.57039,0.690515,1.57179
-0.505753,0.0529643,0.0286117;1.57085,0.70606,1.57227
-0.505073,0.0531646,0.030021;1.5964,0.663025,1.57731
-0.504151,0.0568369,0.0367673;1.73449,0.600325,1.50147
-0.506927,0.063916,0.0411382;1.85199,0.517197,1.42784
-0.511169,0.080267,0.0287999;1.56632,0.484652,1.56571
-0.51192,0.0805461,0.0285888;1.5702,0.46896,1.57106
-0.511835,0.0805491,0.0285788;1.57091,0.48821,1.57071
-0.511689,0.0803646,0.0288903;1.57358,0.471295,1.58229
-0.51037,0.0819569,0.0328486;1.6332,0.434638,1.56023
-0.511289,0.0880002,0.0442582;1.62189,0.404117,1.54965
-0.517053,0.0969559,0.0322412;1.49553,0.420972,1.60266
-0.515641,0.0942329,0.0285784;1.5709,0.442635,1.57073
-0.515517,0.0938478,0.0286308;1.56815,0.445173,1.57197
-0.515291,0.0937954,0.0286207;1.57084,0.439337,1.57272
-0.514854,0.0937329,0.0302394;1.60092,0.426229,1.56968
-0.512981,0.0968377,0.0384072;1.75874,0.366193,1.51922
-0.512888,0.0992935,0.0352122;1.68362,0.35297,1.53601
-0.514158,0.102707,0.0286409;1.56463,0.361651,1.57095
-0.514364,0.102718,0.0285838;1.57086,0.356636,1.57108
-0.514349,0.102718,0.0286643;1.5709,0.355753,1.57471
-0.514137,0.102463,0.0288316;1.57182,0.333851,1.582
-0.513493,0.106145,0.0325016;1.63178,0.288079,1.56628
-0.518002,0.125043,0.0438162;1.53443,0.244604,1.58718
-0.522242,0.129625,0.0326064;1.48909,0.249734,1.59334
-0.52137,0.126582,0.0285776;1.57097,0.271384,1.57078
-0.52104,0.125748,0.0286404;1.56778,0.287928,1.57148
-0.521078,0.125705,0.0285737;1.57069,0.281578,1.57211
-0.521038,0.125551,0.02942;1.58737,0.273358,1.57391
-0.51707,0.133189,0.0427577;1.82752,0.14851,1.54082
-0.517576,0.132212,0.0384712;1.76956,0.166822,1.53939
-0.521051,0.13808,0.0285651;1.56543,0.224011,1.57125
-0.521235,0.137663,0.028578;1.57072,0.221236,1.57064
-0.521325,0.13769,0.0285802;1.57075,0.20649,1.57079
-0.521168,0.137686,0.0286128;1.57079,0.191092,1.5727
-0.523212,0.161485,0.0428842;1.55884,0.05623,1.57222
-0.525136,0.173718,0.0408581;1.50978,0.0521514,1.58423
-0.527161,0.17205,0.0286308;1.57346,0.0542196,1.57167
-0.527422,0.171345,0.0285804;1.57073,0.093535,1.57086
-0.527422,0.171488,0.0285805;1.57073,0.0820577,1.57074
-0.527357,0.171323,0.0285777;1.57104,0.0978596,1.57057
-0.527357,0.171323,0.0285777;1.57104,0.0978596,1.57057
-0.527223,0.17056,0.0310227;1.61364,0.0783419,1.56741
-0.527223,0.17056,0.0310227;1.61364,0.0783419,1.56741
