-0.125,0.125,0.06;-1.57,-2.98023e-08,-1.57
-0.125,0.125,0.06;-1.57,-2.98023e-08,-1.57
-0.125,0.125,0.06;-1.57,-2.98023e-08,-1.57
-0.124627,0.132075,0.0285864;-1.57065,-0.135297,-1.56938
-0.125064,0.131069,0.0285845;-1.57182,-0.0658528,-1.56897
-0.128099,0.119446,0.0320841;-1.63266,0.0247197,-1.57305
-0.127453,0.0863176,0.0369865;-1.42181,0.0972886,-1.57433
-0.128794,0.0975557,0.0285504;-1.57127,-0.0318878,-1.57032
-0.128841,0.0979252,0.0288002;-1.56015,-0.0539655,-1.57023
-0.128752,0.0977627,0.0287772;-1.56123,-0.0454433,-1.57047
-0.12774,0.0963379,0.0285731;-1.57067,0.066261,-1.57056
-0.130322,0.0869746,0.0306396;-1.60767,0.143385,-1.56828
-0.133204,0.0608141,0.0387745;-1.45928,0.241106,-1.58152
-0.136487,0.0575443,0.0337039;-1.47563,0.167035,-1.58226
-0.136846,0.0674047,0.028397;-1.56608,0.09014,-1.57153
-0.136339,0.0687862,0.0286793;-1.56607,0.0358641,-1.57088
-0.136226,0.0673994,0.0285786;-1.57082,0.0956075,-1.5707
-0.138971,0.0605336,0.0300029;-1.60173,0.168445,-1.56955
-0.143479,0.0357562,0.037862;-1.54132,0.26493,-1.57749
-0.144363,0.0216367,0.0390508;-1.38273,0.265308,-1.59757
-0.146217,0.0265865,0.0339539;-1.46556,0.199711,-1.58705
-0.145248,0.0374709,0.0284317;-1.57361,0.110746,-1.57097
-0.145032,0.0377921,0.0285796;-1.57074,0.0956735,-1.57087
-0.145639,0.0367488,0.0285797;-1.57095,0.156921,-1.57067
-0.150227,0.0242375,0.0318049;-1.62829,0.236236,-1.56178
-0.154114,0.000949086,0.0358197;-1.43592,0.284028,-1.5974
-0.155361,0.00289613,0.0319128;-1.49879,0.230158,-1.58488
-0.154237,0.00902559,0.0287916;-1.56053,0.117632,-1.5719
-0.154044,0.00868937,0.0288439;-1.55926,0.132589,-1.57357
-0.153629,0.00849815,0.0285801;-1.57067,0.182352,-1.57094
-0.16238,-0.0147932,0.0355566;-1.61501,0.335212,-1.56254
-0.165227,-0.0371302,0.0406351;-1.34683,0.381038,-1.62552
-0.167227,-0.0376444,0.0374261;-1.3937,0.333996,-1.61498
-0.165649,-0.0238984,0.0285717;-1.5703,0.20384,-1.56971
-0.165831,-0.0236734,0.0287708;-1.56158,0.192812,-1.57265
-0.165342,-0.0248839,0.0287278;-1.56312,0.250878,-1.57298
-0.171046,-0.0338392,0.0311343;-1.62109,0.384013,-1.55597
-0.180188,-0.0583837,0.0392852;-1.47949,0.477851,-1.60334
-0.183776,-0.070678,0.0400669;-1.34344,0.464504,-1.64942
-0.180979,-0.0558334,0.028503;-1.5697,0.332762,-1.57089
-0.180757,-0.0553511,0.028775;-1.56091,0.298852,-1.57365
-0.180695,-0.0555598,0.0287863;-1.56068,0.304774,-1.57406
-0.182212,-0.0578709,0.0288383;-1.58316,0.412277,-1.56653
-0.1917,-0.0759059,0.0346956;-1.62015,0.498128,-1.55341
-0.199655,-0.0985405,0.0408741;-1.31753,0.545821,-1.67495
-0.199686,-0.0856128,0.0283628;-1.59053,0.40915,-1.56268
-0.198007,-0.0833787,0.0285712;-1.57117,0.348601,-1.56992
-0.198088,-0.0832939,0.0287895;-1.56027,0.33651,-1.57427
-0.198574,-0.0863147,0.0285801;-1.57207,0.477127,-1.56875
-0.207039,-0.0979656,0.0321027;-1.63064,0.553926,-1.54392
-0.21912,-0.122073,0.0396031;-1.33561,0.633084,-1.68285
-0.22104,-0.112183,0.0285229;-1.58338,0.485747,-1.56647
-0.219004,-0.109013,0.0285368;-1.57311,0.410643,-1.56957
-0.219333,-0.108764,0.0287909;-1.56031,0.38018,-1.57497
-0.219308,-0.110735,0.0285423;-1.57488,0.501228,-1.56904
-0.227676,-0.122183,0.0322374;-1.64036,0.578775,-1.53822
-0.240739,-0.145459,0.0398419;-1.35387,0.668248,-1.6794
-0.242973,-0.141842,0.0300781;-1.53317,0.573583,-1.58914
-0.240407,-0.137866,0.0285737;-1.57136,0.500115,-1.57032
-0.240544,-0.137837,0.0287486;-1.56191,0.468501,-1.5749
-0.240465,-0.138693,0.0285791;-1.57075,0.531554,-1.5708
-0.246478,-0.144443,0.0306383;-1.61729,0.601169,-1.54873
-0.260423,-0.164659,0.0393293;-1.53947,0.695392,-1.59133
-0.267072,-0.17578,0.0356431;-1.4039,0.684862,-1.66547
-0.265143,-0.168439,0.0286805;-1.56484,0.627775,-1.57431
-0.263494,-0.166763,0.0285723;-1.57088,0.56653,-1.57074
-0.263454,-0.166744,0.0285792;-1.5708,0.566249,-1.57072
-0.264248,-0.166752,0.0286236;-1.57384,0.639551,-1.56829
-0.274972,-0.177096,0.0329487;-1.67029,0.716294,-1.51199
-0.294399,-0.207975,0.0402994;-1.28317,0.789782,-1.74843
-0.295535,-0.205896,0.0357028;-1.38666,0.749005,-1.68667
-0.289702,-0.195973,0.028285;-1.56642,0.678227,-1.57413
-0.288724,-0.195315,0.0287759;-1.55893,0.645838,-1.5779
-0.288832,-0.196407,0.0285667;-1.57111,0.715502,-1.57028
-0.292153,-0.198096,0.0291091;-1.59805,0.773059,-1.55376
-0.32391,-0.231331,0.0421901;-1.20414,0.8903,-1.8236
-0.328455,-0.232212,0.0391154;-1.27559,0.841299,-1.77494
-0.322916,-0.221166,0.0303342;-1.51837,0.780755,-1.60731
-0.318538,-0.216838,0.0287975;-1.55766,0.670696,-1.57929
-0.318208,-0.218419,0.0285603;-1.57205,0.76801,-1.56994
-0.32036,-0.219287,0.0286572;-1.57671,0.821633,-1.56632
-0.353043,-0.249881,0.0411797;-1.19506,0.941528,-1.84778
-0.358261,-0.251813,0.0391602;-1.26059,0.885173,-1.79887
-0.351884,-0.240648,0.0297827;-1.52951,0.829989,-1.60325
-0.347759,-0.236603,0.0287805;-1.55798,0.718839,-1.57923
-0.347482,-0.237892,0.0285769;-1.57096,0.804968,-1.57102
-0.349096,-0.238492,0.0286365;-1.57583,0.857222,-1.56668
-0.383378,-0.26675,0.0405716;-1.20667,1.0016,-1.85104
-0.389527,-0.271509,0.0385446;-1.25027,0.956285,-1.82143
-0.384518,-0.264834,0.0299807;-1.51682,0.936026,-1.61264
-0.381311,-0.262471,0.0287014;-1.56216,0.830917,-1.57711
-0.381134,-0.262981,0.0285761;-1.57032,0.871085,-1.57102
-0.381393,-0.263099,0.0285793;-1.57088,0.877935,-1.5706
-0.407754,-0.280787,0.0413477;-1.47402,1.04736,-1.65365
-0.420103,-0.290949,0.037257;-1.25322,1.01157,-1.83265
-0.416852,-0.289627,0.0337831;-1.37509,1.03786,-1.73226
-0.411259,-0.283358,0.0286258;-1.56696,0.943813,-1.57383
-0.411492,-0.283953,0.0288356;-1.55161,0.970437,-1.588
-0.411764,-0.284704,0.0285737;-1.57035,1.02623,-1.57061
-0.417494,-0.285945,0.0296334;-1.62054,1.0954,-1.52903
-0.454925,-0.305712,0.0403502;-1.03418,1.16259,-2.04304
-0.455692,-0.304129,0.0359192;-1.22302,1.14803,-1.87977
-0.446366,-0.29765,0.0284896;-1.56461,1.09476,-1.57658
-0.445421,-0.297371,0.0287666;-1.55255,1.05166,-1.58675
-0.445899,-0.29866,0.0285795;-1.57046,1.1281,-1.57102
-0.447707,-0.298519,0.0286238;-1.57951,1.18111,-1.56258
-0.488674,-0.313276,0.0407145;-0.807143,1.25456,-2.27947
-0.493823,-0.313975,0.0379563;-1.00256,1.2411,-2.09948
-0.484519,-0.307301,0.0284986;-1.58326,1.22199,-1.55929
-0.480891,-0.30618,0.0287606;-1.55099,1.12807,-1.58886
-0.480693,-0.306855,0.0285779;-1.5708,1.17448,-1.57076
-0.482291,-0.306874,0.0285818;-1.57366,1.23603,-1.56792
-0.524257,-0.320741,0.0397643;-0.720508,1.3223,-2.37574
-0.532191,-0.323471,0.03795;-0.858626,1.30127,-2.25068
-0.524948,-0.31918,0.0286974;-1.54674,1.31867,-1.59524
-0.522064,-0.318508,0.0286996;-1.55287,1.24725,-1.58775
-0.522373,-0.318821,0.0286674;-1.55655,1.27321,-1.58434
-0.522876,-0.318709,0.0285827;-1.57289,1.31259,-1.56817
-0.556484,-0.325006,0.0398959;-0.814651,1.45156,-2.31542
-0.570379,-0.329536,0.0397154;-0.384944,1.35694,-2.72493
-0.566478,-0.328104,0.0330085;-0.874244,1.43136,-2.25586
-0.557997,-0.324496,0.0286394;-1.55889,1.32979,-1.58229
-0.5582,-0.324631,0.0287569;-1.53457,1.33391,-1.60602
-0.558095,-0.324971,0.0285804;-1.57012,1.36266,-1.57154
-0.580319,-0.324706,0.0350743;-2.4549,1.48424,-0.697038
-0.604743,-0.330569,0.0402289;0.072057,1.37471,3.09657
-0.610062,-0.331991,0.0381285;-0.0630339,1.39967,-3.06041
-0.598974,-0.328797,0.028574;-1.57349,1.44536,-1.56827
-0.598854,-0.328693,0.0287422;-1.51394,1.43298,-1.62702
-0.599275,-0.328978,0.0287751;-1.49016,1.45673,-1.65105
-0.609935,-0.327135,0.0308599;2.5553,1.52008,0.582708
-0.636741,-0.327173,0.0387246;1.00264,1.42872,2.14306
-0.650619,-0.328898,0.0400555;0.564181,1.33351,2.58939
-0.639867,-0.325767,0.0284915;1.52743,1.55247,1.61414
-0.639201,-0.325828,0.0286774;-1.26147,1.55438,-1.87965
-0.639393,-0.325864,0.0287689;-0.961474,1.55505,-2.18035
-0.642259,-0.325573,0.0288468;1.67626,1.45307,1.46549
-0.662492,-0.32149,0.0342397;1.79649,1.36297,1.34409
-0.687413,-0.319736,0.0412555;0.880289,1.22004,2.26232
-0.681476,-0.317137,0.0284189;1.61165,1.39307,1.5298
-0.678762,-0.318128,0.0285756;1.57048,1.45447,1.57132
-0.678673,-0.317845,0.0287082;1.50872,1.47095,1.63263
-0.680212,-0.317456,0.0285876;1.57758,1.38046,1.565
-0.69402,-0.313689,0.0322714;1.77042,1.30134,1.37288
-0.720034,-0.308993,0.0397042;1.08641,1.17219,2.04917
-0.71896,-0.307624,0.0284952;1.58394,1.29216,1.55749
-0.71674,-0.308374,0.0285754;1.57221,1.34627,1.56977
-0.716317,-0.308176,0.0286381;1.55698,1.36917,1.58439
-0.717289,-0.307799,0.0285812;1.57117,1.31143,1.57111
-0.725862,-0.304008,0.0317427;1.73419,1.2329,1.4119
-0.749471,-0.298183,0.0409398;1.36315,1.13,1.76933
-0.758041,-0.297217,0.0315454;1.41148,1.1712,1.72205
-0.75254,-0.298683,0.0285639;1.57204,1.24983,1.56974
-0.752277,-0.298772,0.0286965;1.55227,1.26661,1.58848
-0.752611,-0.299062,0.0285797;1.57044,1.23638,1.57096
-0.754274,-0.297035,0.0293752;1.62374,1.17224,1.52017
-0.772789,-0.28766,0.0372688;1.71513,1.07697,1.43379
-0.798811,-0.280281,0.0368371;1.26687,1.02206,1.84617
-0.789918,-0.282416,0.0285871;1.58044,1.1025,1.56269
-0.788623,-0.283132,0.0285788;1.57056,1.14734,1.57174
-0.788747,-0.283623,0.0285918;1.56956,1.12027,1.57189
-0.789439,-0.282849,0.0285818;1.57198,1.06304,1.57028
-0.798715,-0.274613,0.0315955;1.66678,0.983009,1.48606
-0.832203,-0.255071,0.0397243;1.25679,0.868536,1.83768
-0.828689,-0.256653,0.0330957;1.42183,0.922661,1.69613
-0.822997,-0.259261,0.0285493;1.57181,0.990669,1.57046
-0.822455,-0.258787,0.0285813;1.57072,1.04717,1.57074
-0.822178,-0.25774,0.0285817;1.57091,1.02702,1.57054
-0.823932,-0.254942,0.0289388;1.59975,0.957664,1.54552
-0.861356,-0.228416,0.0406865;1.27715,0.781865,1.81138
-0.864068,-0.226527,0.0374137;1.33614,0.826192,1.75933
-0.856322,-0.230077,0.028621;1.57516,0.890076,1.56676
-0.84835,-0.228377,0.0286867;1.57733,1.03321,1.56296
-0.844716,-0.2258,0.0285621;1.57234,1.09039,1.5693
-0.845264,-0.225025,0.0285877;1.57136,1.06468,1.5698
-0.875529,-0.211135,0.0400826;1.26898,0.899783,1.83562
-0.883011,-0.208778,0.0374414;1.29374,0.926051,1.81143
-0.877041,-0.212149,0.028618;1.57257,0.970537,1.5667
-0.871434,-0.211503,0.0286312;1.57454,1.1136,1.56611
-0.86751,-0.207447,0.0285391;1.56921,1.18931,1.57141
-0.867174,-0.206477,0.0286304;1.5714,1.18401,1.56812
-0.867174,-0.206477,0.0286304;1.5714,1.18401,1.56812
-0.87284,-0.203379,0.0312429;1.66542,1.1172,1.47834
-0.87284,-0.203379,0.0312429;1.66542,1.1172,1.47834
