0.5,-0.3,0.06;-1.57,-2.98023e-08,-1.57
0.5,-0.3,0.06;-1.57,-2.98023e-08,-1.57
0.5,-0.3,0.06;-1.57,-2.98023e-08,-1.57
0.500425,-0.294148,0.0303738;-1.57379,-0.224678,-1.60175
0.500189,-0.29779,0.0296432;-1.5655,-0.150722,-1.5945
0.501093,-0.295961,0.0317195;-1.51752,0.00289825,-1.56777
0.499933,-0.285327,0.0323005;-1.56917,0.0932997,-1.5515
0.503991,-0.27993,0.0299154;-1.56884,-0.104182,-1.5995
0.505479,-0.275641,0.0306134;-1.58133,-0.223387,-1.60281
0.508955,-0.269278,0.0296922;-1.58586,-0.291816,-1.59345
0.50486,-0.279231,0.029717;-1.56549,-0.117171,-1.59573
0.505578,-0.277557,0.031212;-1.52638,0.0397704,-1.57161
0.504506,-0.270927,0.0346709;-1.50974,0.208092,-1.54106
0.508504,-0.266869,0.0290858;-1.56363,0.117305,-1.56895
0.509865,-0.266174,0.0295059;-1.56739,0.00595409,-1.59493
0.51058,-0.261043,0.0305042;-1.57476,-0.105033,-1.60234
0.511101,-0.264701,0.0295697;-1.57167,-0.0585932,-1.59568
0.511358,-0.26593,0.0299849;-1.55934,0.0676911,-1.5832
0.509295,-0.258442,0.0300593;-1.57609,0.200872,-1.55206
0.50884,-0.250593,0.0330987;-1.62962,0.235965,-1.53658
0.512497,-0.251918,0.0303598;-1.60542,0.126319,-1.57426
0.51397,-0.250902,0.029673;-1.56648,0.0183602,-1.5985
0.515403,-0.246277,0.0305005;-1.57408,-0.0910542,-1.60422
0.513857,-0.251824,0.0294007;-1.56906,-0.0100452,-1.59312
0.511962,-0.253609,0.0292089;-1.56746,0.109037,-1.57446
0.510145,-0.250907,0.0297925;-1.57012,0.18382,-1.55984
0.512438,-0.248001,0.0304079;-1.54919,0.117988,-1.58771
0.51721,-0.245321,0.030678;-1.5746,-0.113857,-1.6046
0.517345,-0.250955,0.031179;-1.57051,-0.155524,-1.61016
0.516404,-0.256002,0.0302332;-1.56876,-0.10935,-1.6018
0.513655,-0.254993,0.0298614;-1.56035,0.156554,-1.55999
0.510638,-0.249502,0.0327209;-1.61987,0.251233,-1.53241
0.513778,-0.246354,0.0329487;-1.60345,0.182298,-1.55937
0.517636,-0.24119,0.0302272;-1.56909,-0.0226896,-1.60078
0.520685,-0.247773,0.0309055;-1.56884,-0.157347,-1.61012
0.520091,-0.25119,0.0312704;-1.57772,-0.13766,-1.61167
0.517282,-0.259375,0.029568;-1.56269,0.0654746,-1.57658
0.515579,-0.253514,0.0315447;-1.56961,0.215622,-1.54539
0.514912,-0.247661,0.0328171;-1.62916,0.228821,-1.53989
0.520447,-0.242642,0.029785;-1.5669,0.0351571,-1.5983
0.522886,-0.241096,0.030812;-1.57855,-0.0935582,-1.60645
0.525666,-0.246175,0.0308766;-1.57412,-0.150222,-1.60841
0.523624,-0.256004,0.0299341;-1.55872,-0.00258902,-1.58709
0.521403,-0.2541,0.0300411;-1.55132,0.14004,-1.56354
0.518459,-0.248493,0.03307;-1.60844,0.248166,-1.53164
0.525164,-0.242251,0.0295852;-1.56746,0.0709077,-1.59456
0.525141,-0.239814,0.0300886;-1.57117,-0.0468382,-1.59917
0.527624,-0.246518,0.0313492;-1.56984,-0.153455,-1.61365
0.525286,-0.257398,0.029824;-1.55856,-0.0236613,-1.59058
0.524502,-0.256715,0.0296413;-1.55675,0.117001,-1.5685
0.521208,-0.254281,0.0321714;-1.56901,0.240967,-1.5378
0.528344,-0.242871,0.0292422;-1.57054,0.0915265,-1.5903
0.529827,-0.23856,0.0301461;-1.57102,-0.0132698,-1.60069
0.532913,-0.245808,0.0316821;-1.56716,-0.126359,-1.61641
0.531907,-0.256883,0.0298528;-1.55587,-0.00159219,-1.58912
0.531183,-0.259134,0.0342173;-1.46706,0.131497,-1.57565
0.527799,-0.257007,0.0352513;-1.49576,0.261245,-1.54174
0.535168,-0.246797,0.0290237;-1.5829,0.147561,-1.58053
0.536387,-0.243885,0.0297618;-1.56875,0.0607109,-1.59794
0.538536,-0.244642,0.0308856;-1.56896,-0.0533239,-1.60725
0.539656,-0.2492,0.0291662;-1.56737,-0.0356601,-1.58854
0.538603,-0.251289,0.0312501;-1.52862,0.0687883,-1.57434
0.53481,-0.252132,0.0329833;-1.52073,0.187904,-1.54839
0.535498,-0.251351,0.0325474;-1.51234,0.184563,-1.56453
0.536833,-0.248514,0.0290354;-1.57346,0.101122,-1.589
0.538616,-0.24255,0.0301403;-1.57065,-0.00212071,-1.60053
0.539102,-0.243909,0.030348;-1.57242,-0.0383507,-1.60293
0.53827,-0.247336,0.0291779;-1.57068,-8.20458e-05,-1.58735
0.535935,-0.250946,0.0295222;-1.55938,0.123178,-1.56627
0.531692,-0.251116,0.0344736;-1.56437,0.274615,-1.53659
0.535639,-0.249633,0.0317215;-1.51853,0.208566,-1.57838
0.538988,-0.245374,0.0295194;-1.5671,0.100366,-1.59602
0.54432,-0.248795,0.0316209;-1.56806,-0.106567,-1.61718
0.544345,-0.252433,0.0298561;-1.5698,-0.0794381,-1.59715
0.542883,-0.257439,0.0306244;-1.5378,0.0331773,-1.58109
0.535571,-0.25575,0.0362255;-1.49977,0.286307,-1.52871
0.538987,-0.251216,0.0355577;-1.48987,0.229134,-1.56638
0.543228,-0.246182,0.0290454;-1.57267,0.113414,-1.58706
0.546976,-0.24806,0.0315107;-1.56166,-0.0977985,-1.60873
0.547098,-0.252602,0.0301873;-1.57201,-0.076681,-1.6016
0.545764,-0.258243,0.0297496;-1.55543,0.0292744,-1.58626
0.538137,-0.255054,0.0353123;-1.51238,0.288144,-1.52944
0.540927,-0.251257,0.0352484;-1.50421,0.222959,-1.56271
0.54436,-0.24994,0.0287365;-1.57302,0.0922251,-1.57815
0.54544,-0.248314,0.0311671;-1.56388,-0.101284,-1.60851
0.545481,-0.251943,0.0302045;-1.57251,-0.0652553,-1.60189
0.543666,-0.256775,0.0294831;-1.56662,0.0444821,-1.58992
0.536841,-0.250655,0.0331272;-1.6002,0.278828,-1.52509
0.540275,-0.248971,0.0344222;-1.55052,0.211204,-1.56103
0.543215,-0.249988,0.028845;-1.56766,0.109863,-1.58046
0.545196,-0.246981,0.0311803;-1.56195,-0.0822885,-1.60538
0.545253,-0.2498,0.0302534;-1.57291,-0.0606346,-1.60325
0.545241,-0.250687,0.0291635;-1.56744,-0.0319913,-1.58877
0.539994,-0.246723,0.0332373;-1.56361,0.195213,-1.537
0.542028,-0.246463,0.0341837;-1.56753,0.170874,-1.55796
0.542196,-0.250753,0.0296288;-1.55304,0.152115,-1.56789
0.543827,-0.243727,0.0304359;-1.57009,-0.0351286,-1.60219
0.546565,-0.250929,0.0317363;-1.57308,-0.128955,-1.61914
0.545597,-0.254677,0.0297299;-1.57043,-0.0709378,-1.59639
0.54365,-0.258203,0.0296861;-1.55555,0.047603,-1.5759
0.537726,-0.257106,0.0348483;-1.51091,0.260163,-1.53692
0.539979,-0.261366,0.0344022;-1.46832,0.181934,-1.57855
0.542158,-0.258802,0.0290249;-1.56753,0.0537417,-1.5892
0.544631,-0.251335,0.0307253;-1.57043,-0.144734,-1.6056
0.544149,-0.254427,0.0301351;-1.57287,-0.108397,-1.60039
0.542388,-0.260018,0.0293126;-1.5668,0.00126606,-1.58795
0.536515,-0.256293,0.0343135;-1.52922,0.250045,-1.53173
0.539621,-0.254463,0.0341284;-1.49343,0.18078,-1.56668
0.541239,-0.255106,0.0289343;-1.56777,0.0540342,-1.5818
0.542014,-0.24935,0.0307828;-1.57067,-0.139335,-1.60796
0.541736,-0.252398,0.0298946;-1.57151,-0.103518,-1.59618
0.540272,-0.258447,0.0295998;-1.56758,-0.00418181,-1.59493
0.536073,-0.25326,0.0326321;-1.58874,0.246518,-1.53032
0.538072,-0.251048,0.0335541;-1.59532,0.200529,-1.55173
0.540079,-0.253378,0.029013;-1.56851,0.0842517,-1.58805
0.541318,-0.248949,0.0312172;-1.56408,-0.149677,-1.60721
0.541844,-0.249797,0.0314162;-1.57436,-0.149179,-1.61481
0.541132,-0.253188,0.0292467;-1.56782,-0.0823928,-1.59004
0.536681,-0.2441,0.0324277;-1.61149,0.181781,-1.53452
0.536513,-0.248895,0.0337663;-1.61854,0.218081,-1.53634
0.539356,-0.254185,0.0295331;-1.54801,0.132405,-1.5761
0.540384,-0.246568,0.0306927;-1.57275,-0.111278,-1.60112
0.541566,-0.249385,0.0313397;-1.56858,-0.160615,-1.61099
0.541577,-0.251815,0.0299236;-1.57215,-0.131125,-1.59914
0.540206,-0.249441,0.0323855;-1.52427,0.133762,-1.55505
0.535786,-0.247162,0.034871;-1.58985,0.222708,-1.52459
0.537722,-0.254414,0.0347329;-1.49265,0.193347,-1.56067
0.537909,-0.253024,0.0295348;-1.5679,-0.0328152,-1.59395
0.540201,-0.246803,0.0304906;-1.57448,-0.13373,-1.60362
0.540534,-0.248065,0.0306775;-1.57278,-0.139241,-1.60485
0.538824,-0.251267,0.0298764;-1.55128,0.0625268,-1.5711
0.534931,-0.244141,0.031801;-1.59357,0.184172,-1.53605
0.533805,-0.249324,0.0346892;-1.56921,0.236417,-1.53438
0.537266,-0.250442,0.0293791;-1.56671,0.0397756,-1.59389
0.538604,-0.24506,0.0303916;-1.5761,-0.0911861,-1.60049
0.539739,-0.247986,0.0312155;-1.57051,-0.153499,-1.61275
0.537561,-0.256745,0.0293697;-1.56355,0.00754992,-1.58439
0.53793,-0.25271,0.03208;-1.52295,0.164004,-1.55891
0.53343,-0.251055,0.0358147;-1.57066,0.281253,-1.52307
0.539031,-0.254432,0.0305358;-1.53481,0.0748779,-1.58163
0.53917,-0.249569,0.0293496;-1.56941,-0.0543648,-1.59019
0.540581,-0.248225,0.0304011;-1.57342,-0.161078,-1.6007
0.538791,-0.257882,0.029372;-1.56561,-0.0187942,-1.592
0.539915,-0.254619,0.0303036;-1.54306,0.138034,-1.56575
0.535483,-0.249382,0.0337625;-1.59121,0.26053,-1.52651
0.541049,-0.248534,0.0290496;-1.5697,0.0873552,-1.58852
0.541855,-0.24556,0.0298901;-1.56901,-0.0159889,-1.59723
0.544421,-0.251672,0.0313623;-1.56003,-0.148347,-1.60693
0.544465,-0.254587,0.0290533;-1.56689,-0.0678129,-1.5878
0.544478,-0.250504,0.0301398;-1.54574,0.0890547,-1.5636
0.540511,-0.245796,0.0341555;-1.60882,0.209824,-1.52559
0.544313,-0.250247,0.0288501;-1.57216,0.168619,-1.57927
0.54479,-0.247739,0.0295487;-1.56814,0.0519982,-1.5955
0.546527,-0.247044,0.0307498;-1.56908,-0.0830175,-1.60361
0.54796,-0.253171,0.0297201;-1.57076,-0.105931,-1.59616
0.546817,-0.254162,0.0291707;-1.56207,0.0185834,-1.57536
0.545229,-0.246994,0.0326071;-1.55097,0.167734,-1.54394
0.544307,-0.252006,0.032374;-1.54631,0.239057,-1.56238
0.546039,-0.25225,0.0291437;-1.5689,0.123896,-1.58938
0.546976,-0.24773,0.0299751;-1.57217,0.0112053,-1.59784
0.550028,-0.251622,0.0310654;-1.57154,-0.141012,-1.61083
0.549342,-0.254487,0.0290906;-1.56892,-0.0768996,-1.58723
0.548877,-0.252345,0.0302187;-1.5417,0.0781345,-1.56539
0.545289,-0.250766,0.0344708;-1.58593,0.271548,-1.53681
0.548533,-0.250575,0.028697;-1.5709,0.187608,-1.57633
0.549849,-0.247629,0.0295421;-1.56729,0.0786266,-1.59627
0.55396,-0.252411,0.031226;-1.56953,-0.162174,-1.61155
0.553407,-0.255378,0.029746;-1.57208,-0.118372,-1.59673
0.551959,-0.258678,0.0293327;-1.56143,0.00823439,-1.57836
0.549709,-0.250555,0.0356098;-1.59236,0.275698,-1.52199
0.553395,-0.248495,0.0330851;-1.54273,0.209032,-1.56318
0.556109,-0.245676,0.0290251;-1.5704,0.093592,-1.58851
0.561313,-0.251583,0.0313819;-1.55666,-0.149416,-1.60377
0.561305,-0.255257,0.0298836;-1.57398,-0.129786,-1.59667
0.559221,-0.261187,0.0290822;-1.56536,-0.0188771,-1.5867
0.558234,-0.251245,0.034579;-1.5811,0.286047,-1.52136
0.562809,-0.248515,0.0331991;-1.61183,0.230181,-1.55137
0.566568,-0.248146,0.0289545;-1.57088,0.120328,-1.5895
0.57084,-0.249241,0.0313078;-1.55693,-0.116158,-1.60198
0.571631,-0.250718,0.0312327;-1.57021,-0.132928,-1.61307
0.571143,-0.252608,0.0290689;-1.55955,-0.0541641,-1.58225
0.571143,-0.252608,0.0290689;-1.55955,-0.0541641,-1.58225
0.569939,-0.24761,0.0299789;-1.56263,0.100506,-1.55742
0.569939,-0.24761,0.0299789;-1.56263,0.100506,-1.55742
