0.5,-0.3,0.06;-1.57,-2.98023e-08,-1.57
0.5,-0.3,0.06;-1.57,-2.98023e-08,-1.57
0.5,-0.3,0.06;-1.57,-2.98023e-08,-1.57
0.499587,-0.300517,0.0285822;-1.57118,-0.269594,-1.57065
0.500076,-0.298871,0.0288734;-1.56738,-0.240052,-1.55913
0.50135,-0.287482,0.0311043;-1.56405,-0.10247,-1.52965
0.499741,-0.280087,0.0326128;-1.57239,-0.00203297,-1.50902
0.500941,-0.291605,0.0285913;-1.57047,-0.185581,-1.57141
0.500816,-0.29203,0.0286212;-1.57083,-0.208648,-1.57284
0.500816,-0.2926,0.0286731;-1.57077,-0.187772,-1.57519
0.502948,-0.293559,0.0292245;-1.54397,-0.0990105,-1.571
0.505586,-0.286081,0.0314966;-1.51374,-0.0262553,-1.55864
0.507286,-0.272583,0.0337962;-1.52038,0.0819676,-1.52944
0.510764,-0.269073,0.0311201;-1.53529,0.0252028,-1.55132
0.509952,-0.273127,0.0290734;-1.54871,-0.0591108,-1.57159
0.508569,-0.272639,0.0289172;-1.56517,-0.110524,-1.58078
0.510291,-0.275075,0.0290999;-1.55593,-0.023637,-1.58035
0.512858,-0.273981,0.0306305;-1.52514,0.0753255,-1.56982
0.513591,-0.263757,0.0316977;-1.53855,0.165804,-1.5484
0.511988,-0.251571,0.0323751;-1.55566,0.19196,-1.53131
0.514401,-0.258051,0.0315743;-1.51733,0.109097,-1.56983
0.51334,-0.261128,0.0292491;-1.55281,0.0372007,-1.58549
0.512378,-0.262364,0.0317636;-1.54984,-0.0143191,-1.61421
0.51534,-0.264381,0.0340124;-1.50297,0.0414531,-1.61716
0.519072,-0.270225,0.0401157;-1.36015,0.143541,-1.61559
0.520193,-0.267548,0.0429771;-1.29744,0.199245,-1.61655
0.520989,-0.264018,0.040453;-1.35182,0.15698,-1.62201
0.519084,-0.2586,0.0358648;-1.46689,0.0280343,-1.61135
0.51905,-0.258599,0.0354684;-1.47985,-0.0212016,-1.61151
0.518823,-0.261862,0.0373353;-1.45936,-0.00569204,-1.61892
0.523348,-0.268452,0.0419622;-1.32554,0.206573,-1.62303
0.521225,-0.260721,0.0456158;-1.32143,0.283417,-1.59703
0.525372,-0.259254,0.0433272;-1.31665,0.222692,-1.62157
0.526755,-0.2586,0.0405168;-1.39015,0.0944847,-1.63911
0.530082,-0.255778,0.0387409;-1.44303,-0.00898519,-1.63232
0.529682,-0.258541,0.0400125;-1.43586,-0.00785085,-1.6373
0.534082,-0.266791,0.0413936;-1.36494,0.141245,-1.64043
0.534459,-0.262832,0.0443526;-1.31329,0.245366,-1.61213
0.53614,-0.253786,0.0450389;-1.32699,0.252713,-1.60059
0.540786,-0.255759,0.0402152;-1.38018,0.138639,-1.63969
0.541648,-0.253553,0.0378841;-1.46845,0.0919329,-1.64709
0.540731,-0.253661,0.0380688;-1.47748,0.0523725,-1.65116
0.540886,-0.259185,0.0398551;-1.37856,0.124524,-1.62372
0.537908,-0.252804,0.041323;-1.37999,0.251997,-1.59617
0.533993,-0.253972,0.0425976;-1.40863,0.278349,-1.55568
0.54277,-0.26117,0.0363961;-1.42681,0.118099,-1.60436
0.541975,-0.256387,0.0305275;-1.53826,0.0377642,-1.5937
0.541064,-0.254376,0.0294353;-1.56074,-0.0334245,-1.58986
0.544236,-0.261838,0.0344501;-1.46731,0.0516537,-1.5953
0.544118,-0.255655,0.0373453;-1.43277,0.142008,-1.57347
0.540172,-0.247444,0.0389556;-1.48777,0.216472,-1.52471
0.547633,-0.254383,0.0331066;-1.48004,0.0957344,-1.57989
0.54682,-0.256612,0.0322949;-1.50293,0.0675017,-1.59231
0.54576,-0.256146,0.0298891;-1.54525,0.0206494,-1.58763
0.544547,-0.257572,0.0294219;-1.54514,0.0472348,-1.57533
0.547101,-0.249932,0.0320169;-1.51566,0.142953,-1.56687
0.543836,-0.246753,0.0355043;-1.53171,0.215964,-1.52786
0.547428,-0.246467,0.0350363;-1.47432,0.125197,-1.56012
0.549842,-0.250877,0.0336425;-1.47214,0.0514305,-1.58881
0.550773,-0.251642,0.0313183;-1.52471,0.0140129,-1.58988
0.550821,-0.25812,0.0335218;-1.48995,0.0414968,-1.59866
0.551475,-0.258976,0.0359281;-1.44141,0.114486,-1.59653
0.551212,-0.251038,0.04149;-1.39083,0.210039,-1.57312
0.551421,-0.249182,0.042023;-1.37099,0.190833,-1.58137
0.556452,-0.250471,0.0386455;-1.38552,0.147422,-1.61207
0.558662,-0.249828,0.0359017;-1.45207,0.106294,-1.61026
0.559379,-0.248669,0.0314123;-1.53545,0.0339946,-1.60033
0.55934,-0.252524,0.0341777;-1.48488,0.0697247,-1.605
0.558637,-0.257337,0.038928;-1.38881,0.183071,-1.60931
0.556011,-0.254258,0.0442797;-1.36297,0.275693,-1.57955
0.559264,-0.255884,0.0427942;-1.33898,0.214988,-1.61435
0.562992,-0.255391,0.0383631;-1.39813,0.143828,-1.62275
0.572622,-0.246619,0.0318241;-1.56867,-0.0622188,-1.62169
0.572647,-0.248387,0.0309965;-1.56421,-0.0492843,-1.61051
0.570897,-0.252992,0.0344259;-1.48175,0.0709292,-1.6004
0.566147,-0.253492,0.0422933;-1.41355,0.272611,-1.56291
0.572511,-0.25767,0.0421957;-1.36113,0.20584,-1.60608
0.574425,-0.260632,0.0388093;-1.39341,0.128271,-1.61886
0.583202,-0.253098,0.0348478;-1.5637,-0.0834581,-1.65735
0.585422,-0.252275,0.0345351;-1.5615,-0.104581,-1.65694
0.585994,-0.258709,0.0378092;-1.48538,-0.021253,-1.64863
0.581207,-0.255575,0.0441579;-1.36339,0.232203,-1.58239
0.583279,-0.256046,0.0432385;-1.36086,0.170724,-1.59677
0.584308,-0.261054,0.0415783;-1.33279,0.1082,-1.61796
0.586444,-0.247481,0.0324979;-1.55303,-0.0918037,-1.62207
0.58799,-0.248465,0.0326971;-1.56194,-0.0825071,-1.63271
0.587928,-0.252855,0.0356462;-1.49591,-0.0263104,-1.62686
0.58545,-0.253548,0.0427672;-1.37038,0.199004,-1.57959
0.588291,-0.252585,0.0414709;-1.36099,0.16009,-1.59152
0.590488,-0.250751,0.0395734;-1.37384,0.123697,-1.60526
0.588171,-0.243807,0.0340215;-1.50644,-0.000609815,-1.61171
0.587808,-0.243479,0.0327284;-1.51213,-0.00375737,-1.5972
0.587228,-0.24625,0.0332979;-1.49178,0.018285,-1.59316
0.585659,-0.242747,0.0364139;-1.47489,0.132214,-1.55765
0.588748,-0.242431,0.0365535;-1.4463,0.111581,-1.57251
0.589573,-0.242275,0.0365542;-1.43578,0.106229,-1.57873
0.587664,-0.243953,0.0326786;-1.49107,0.0225878,-1.58109
0.586723,-0.245693,0.0299955;-1.53613,-0.0313119,-1.57704
0.587653,-0.248902,0.0330115;-1.48368,0.00489553,-1.5812
0.589862,-0.248158,0.0363075;-1.43133,0.0503861,-1.58271
0.58669,-0.243274,0.0362295;-1.49627,0.145768,-1.53775
0.588779,-0.244213,0.0375906;-1.44325,0.128912,-1.55967
0.590343,-0.251246,0.036706;-1.41035,0.0568023,-1.58562
0.59032,-0.247859,0.0293699;-1.55651,-0.0311277,-1.58712
0.590479,-0.248309,0.029898;-1.54857,-0.0152455,-1.58664
0.592024,-0.249024,0.0312363;-1.52199,0.0285554,-1.59229
0.586002,-0.243937,0.0334409;-1.54922,0.166129,-1.53206
0.588935,-0.244777,0.0338561;-1.49719,0.130628,-1.55899
0.590369,-0.245647,0.0289993;-1.55285,0.0318196,-1.56905
0.589127,-0.24624,0.0294843;-1.55637,-0.0564219,-1.58588
0.588073,-0.247475,0.0292247;-1.55296,-0.0328464,-1.57864
0.590032,-0.250363,0.0311785;-1.52905,0.0142143,-1.59066
0.586776,-0.24983,0.0392489;-1.43208,0.225323,-1.55607
0.587492,-0.248972,0.0398411;-1.40007,0.201265,-1.56819
0.591046,-0.246968,0.0379439;-1.38467,0.127358,-1.59332
0.592523,-0.243017,0.0356581;-1.47583,0.0401452,-1.61152
0.592406,-0.244963,0.0353452;-1.49133,0.0372919,-1.61436
0.591701,-0.247581,0.0349171;-1.47361,0.0419845,-1.60026
0.589347,-0.248303,0.043025;-1.34146,0.188577,-1.57745
0.590707,-0.247683,0.0431286;-1.32538,0.15457,-1.57773
0.592844,-0.246984,0.0421197;-1.30251,0.132992,-1.59861
0.593187,-0.244576,0.0377222;-1.40772,0.008798,-1.58871
0.593392,-0.243056,0.0350314;-1.47033,0.00377498,-1.59373
0.592981,-0.244995,0.0367696;-1.44812,0.0115925,-1.60189
0.592265,-0.252151,0.0406619;-1.34457,0.131392,-1.59554
0.592847,-0.249866,0.0414277;-1.35896,0.15831,-1.57475
0.597255,-0.24638,0.0413991;-1.32917,0.117695,-1.59157
0.596195,-0.245767,0.0365749;-1.44388,0.0390564,-1.60234
0.595501,-0.244952,0.0343394;-1.48179,-0.00955361,-1.59524
0.593913,-0.246365,0.0310962;-1.53034,-0.0178807,-1.58716
0.595784,-0.249503,0.0379271;-1.39378,0.0405341,-1.57707
0.597189,-0.24159,0.0362364;-1.44399,0.105103,-1.56491
0.597398,-0.241858,0.0367454;-1.45752,0.111981,-1.55863
0.602354,-0.240029,0.0347269;-1.47256,0.0286711,-1.59898
0.601734,-0.243303,0.0360676;-1.47443,0.00309897,-1.61496
0.601419,-0.248247,0.0375842;-1.45651,0.0146399,-1.62693
0.603271,-0.247338,0.0368714;-1.45529,0.0486149,-1.6191
0.599074,-0.244808,0.0378132;-1.44826,0.143901,-1.60075
0.593031,-0.248628,0.0411491;-1.4931,0.191057,-1.57642
0.595394,-0.250021,0.0353017;-1.47604,0.0465248,-1.61705
0.59357,-0.247086,0.0319553;-1.54976,-0.00965226,-1.61591
0.591707,-0.247357,0.0310565;-1.56209,-0.0757323,-1.60854
0.590675,-0.248103,0.0306316;-1.52064,-0.0169163,-1.57247
0.591372,-0.2418,0.0364682;-1.43837,0.0770812,-1.55984
0.586947,-0.240428,0.0385768;-1.46693,0.103059,-1.51676
0.586695,-0.240573,0.0352253;-1.46487,0.0178698,-1.54334
0.586222,-0.245434,0.0361262;-1.41656,-0.00457354,-1.5652
0.586453,-0.245802,0.0358926;-1.42139,-0.0312009,-1.56376
0.586567,-0.246388,0.0359103;-1.42142,0.0108448,-1.56623
0.587437,-0.239798,0.039013;-1.41901,0.0848392,-1.54167
0.586124,-0.240503,0.0397673;-1.47472,0.115077,-1.49645
0.585764,-0.242846,0.03617;-1.47841,0.0694318,-1.53078
0.584919,-0.243823,0.0287573;-1.56322,-0.0102549,-1.57149
0.584651,-0.245437,0.0290904;-1.55931,-0.0677636,-1.58285
0.584919,-0.246929,0.0290433;-1.55445,-0.0850876,-1.57523
0.58551,-0.246861,0.0290446;-1.56275,-0.0286263,-1.5784
0.58517,-0.242447,0.0301226;-1.55806,0.0580134,-1.55656
0.584727,-0.244389,0.029486;-1.56051,0.0700505,-1.56109
0.585677,-0.247723,0.0290483;-1.55064,-0.0142746,-1.57259
0.584148,-0.246966,0.0289932;-1.56715,-0.0828893,-1.58618
0.583854,-0.24831,0.0293433;-1.55913,-0.114398,-1.57823
0.585092,-0.248272,0.0297109;-1.53837,-0.0426369,-1.56548
0.585673,-0.238293,0.0305362;-1.56653,0.0729173,-1.53538
0.583368,-0.243461,0.0332234;-1.55207,0.164144,-1.52384
0.586476,-0.243353,0.0308862;-1.53055,0.104384,-1.56841
0.586595,-0.240488,0.0292736;-1.56479,0.0124375,-1.59306
0.58594,-0.244278,0.0315204;-1.56251,-0.0479692,-1.61273
0.585708,-0.246237,0.030944;-1.56336,-0.0355208,-1.6098
0.584262,-0.250265,0.0306585;-1.54799,0.0426955,-1.59207
0.58274,-0.254903,0.0302421;-1.58536,0.1231,-1.56745
0.586039,-0.251412,0.0308781;-1.57051,0.0365082,-1.58073
0.587975,-0.249183,0.0288931;-1.57066,-0.0727527,-1.58646
0.586789,-0.249567,0.0295681;-1.56706,-0.151209,-1.58766
0.587089,-0.250752,0.0288717;-1.57214,-0.14085,-1.58341
0.587613,-0.253036,0.0289031;-1.56844,-0.0540958,-1.58375
0.585709,-0.246702,0.0324002;-1.57799,0.108382,-1.50651
0.585684,-0.246749,0.0322903;-1.56752,0.0844471,-1.51665
0.583559,-0.2513,0.0310401;-1.55427,-0.0143339,-1.53231
0.580216,-0.25523,0.0293288;-1.53965,-0.118118,-1.56142
0.579882,-0.254609,0.0305367;-1.51781,-0.125345,-1.55764
0.581964,-0.250265,0.0334879;-1.46826,-0.0506099,-1.55214
0.581964,-0.250265,0.0334879;-1.46826,-0.0506099,-1.55214
0.582528,-0.240442,0.0334034;-1.53668,0.0434151,-1.52153
0.582528,-0.240442,0.0334034;-1.53668,0.0434151,-1.52153
