-0.125,0.125,0.06;-1.57,-2.98023e-08,-1.57
-0.125,0.125,0.06;-1.57,-2.98023e-08,-1.57
-0.125,0.125,0.06;-1.57,-2.98023e-08,-1.57
-0.124613,0.129603,0.0285934;-1.57032,-0.218527,-1.57
-0.125742,0.129201,0.0286658;-1.57467,-0.139722,-1.57188
-0.1282,0.120486,0.0304135;-1.60162,-0.0234932,-1.58657
-0.129345,0.0963089,0.0350517;-1.47616,0.0103374,-1.57407
-0.131752,0.105121,0.0287246;-1.57065,-0.176225,-1.56304
-0.131515,0.105177,0.0287471;-1.56263,-0.189657,-1.5692
-0.13134,0.104965,0.0287594;-1.56205,-0.174462,-1.56926
-0.131434,0.107126,0.0289164;-1.58411,0.0154554,-1.56813
-0.136465,0.0997274,0.0318085;-1.63531,0.119946,-1.57056
-0.139566,0.0823853,0.0382299;-1.69277,0.216047,-1.58142
-0.144314,0.069445,0.0330588;-1.49625,0.117025,-1.57412
-0.144859,0.0755713,0.0287448;-1.57256,0.0249246,-1.56119
-0.144034,0.0757061,0.0286735;-1.56991,-0.0236069,-1.56624
-0.144871,0.0776294,0.0286558;-1.574,0.0630136,-1.57003
-0.14882,0.0736463,0.0308055;-1.61858,0.152873,-1.57206
-0.154662,0.0631468,0.0367901;-1.69532,0.268273,-1.57116
-0.160374,0.0387007,0.0374464;-1.53617,0.310439,-1.58719
-0.163984,0.0371893,0.0323328;-1.51091,0.2031,-1.5799
-0.163539,0.0435501,0.0287615;-1.57714,0.0996704,-1.56652
-0.162866,0.0439649,0.0287832;-1.5666,0.0870978,-1.56566
-0.164733,0.0464168,0.0289133;-1.58607,0.21624,-1.56651
-0.171969,0.0405181,0.032898;-1.65906,0.334404,-1.55211
-0.178217,0.0285712,0.0364223;-1.71314,0.397205,-1.53472
-0.185094,0.0203465,0.0301507;-1.59001,0.357656,-1.54834
-0.185973,0.0192791,0.0286542;-1.57048,0.264014,-1.56766
-0.186005,0.0191518,0.028749;-1.56228,0.272641,-1.57307
-0.184848,0.0205752,0.0286747;-1.57123,0.351055,-1.56575
-0.197579,0.0120608,0.0355627;-1.71265,0.561999,-1.51698
-0.204952,-0.00142437,0.0400516;-1.734,0.613198,-1.51687
-0.215713,-0.0136716,0.0381497;-1.55093,0.597976,-1.57278
-0.218901,-0.0124682,0.0288949;-1.56868,0.488603,-1.55861
-0.218239,-0.0125696,0.0287372;-1.56501,0.492756,-1.57105
-0.218023,-0.0124124,0.0287018;-1.56564,0.525487,-1.572
-0.227291,-0.0126533,0.0321575;-1.67121,0.741274,-1.51311
-0.239321,-0.0214075,0.0380963;-1.76852,0.842857,-1.46331
-0.251487,-0.033745,0.0401986;-1.69036,0.86229,-1.50213
-0.259914,-0.033436,0.0297066;-1.56881,0.698585,-1.54368
-0.257725,-0.033194,0.028946;-1.55968,0.702996,-1.56887
-0.256937,-0.0331887,0.0287748;-1.55933,0.729278,-1.57755
-0.25857,-0.0308736,0.0299873;-1.63085,0.921862,-1.5273
-0.270699,-0.0349628,0.0353338;-1.77846,1.03406,-1.41928
-0.281685,-0.0438159,0.0399534;-1.86696,1.08811,-1.36027
-0.29329,-0.0424052,0.0304278;-1.52391,0.930729,-1.58816
-0.291747,-0.0416444,0.0289722;-1.56272,0.890482,-1.56338
-0.290695,-0.0421639,0.0288339;-1.55394,0.906073,-1.58213
-0.289714,-0.039881,0.0290277;-1.60865,1.05793,-1.53672
-0.300344,-0.039847,0.0335184;-1.80677,1.16991,-1.36942
-0.312926,-0.0429345,0.0389723;-2.00695,1.25414,-1.20541
-0.332601,-0.043539,0.028915;-1.56613,1.22389,-1.56081
-0.332759,-0.0440239,0.0289777;-1.56312,1.20109,-1.56192
-0.333132,-0.0441335,0.0290568;-1.53935,1.17264,-1.58896
-0.330871,-0.0433291,0.0291128;-1.63113,1.23111,-1.51642
-0.337697,-0.0418696,0.0320467;-1.81806,1.30761,-1.34548
-0.348871,-0.0424125,0.0381624;-2.27402,1.3854,-0.927388
-0.368559,-0.0418899,0.0287572;-1.54591,1.46357,-1.58897
-0.370324,-0.0417939,0.0293038;-1.56391,1.42398,-1.55572
-0.371425,-0.0414888,0.029755;-1.51028,1.37869,-1.60823
-0.369278,-0.042141,0.0286696;-1.57769,1.39192,-1.56071
-0.373882,-0.0397104,0.0308932;-2.02473,1.46438,-1.12885
-0.385887,-0.0380297,0.0371193;2.86188,1.46142,0.234775
-0.404431,-0.0361318,0.0306896;1.73956,1.45657,1.38419
-0.40825,-0.0333303,0.0289171;1.50263,1.52746,1.65236
-0.40907,-0.0327755,0.0291768;-1.08143,1.56343,-2.04137
-0.406973,-0.0336507,0.0287961;1.59781,1.56372,1.55426
-0.40573,-0.0316077,0.0291687;1.80917,1.4643,1.33264
-0.414074,-0.0266723,0.0328155;1.90473,1.36117,1.22364
-0.432691,-0.0222469,0.0379883;1.89295,1.2194,1.21548
-0.436478,-0.0178656,0.0340031;1.47666,1.31373,1.66403
-0.433561,-0.0157351,0.0290411;1.56446,1.38428,1.59853
-0.432025,-0.0172659,0.0291889;1.47712,1.3922,1.6758
-0.430339,-0.0182153,0.0288094;1.5737,1.32946,1.57973
-0.429742,-0.0171462,0.029629;1.67621,1.28505,1.46327
-0.445629,-0.00741008,0.0408018;1.88497,1.07409,1.22619
-0.452225,-0.00128987,0.0400914;1.94614,1.09397,1.19839
-0.456116,0.00324306,0.0286429;1.56336,1.13048,1.58388
-0.456758,0.00429319,0.0293052;1.52875,1.21251,1.62554
-0.455777,0.00311801,0.0289567;1.56541,1.17903,1.59174
-0.454588,0.0030119,0.029097;1.62821,1.16136,1.51567
-0.470597,0.0132689,0.0395416;1.7666,0.947,1.35085
-0.478176,0.0196309,0.0384288;1.81446,0.94896,1.33103
-0.484211,0.0249618,0.028684;1.56447,0.919626,1.5791
-0.48562,0.0263685,0.0290986;1.55259,1.00249,1.60132
-0.485016,0.0251875,0.0288459;1.57125,0.968946,1.58327
-0.484051,0.0248955,0.0289083;1.59788,0.965809,1.54872
-0.49627,0.0358224,0.0396607;1.71575,0.758682,1.40812
-0.502277,0.0430786,0.0381692;1.75465,0.759749,1.40167
-0.507773,0.049541,0.0285967;1.56356,0.724331,1.57813
-0.509211,0.0511087,0.0290616;1.56032,0.801936,1.59428
-0.50794,0.0498385,0.0291881;1.56575,0.769147,1.59429
-0.507609,0.0487573,0.029103;1.56559,0.782395,1.59493
-0.5119,0.0577261,0.0376631;1.72034,0.615593,1.43731
-0.513376,0.0628764,0.0372754;1.73749,0.597376,1.44668
-0.517277,0.0710943,0.031779;1.62401,0.540688,1.52053
-0.519119,0.0740534,0.0289684;1.56619,0.63469,1.58849
-0.517838,0.0716352,0.0309263;1.54088,0.630696,1.62044
-0.516778,0.0687387,0.0289796;1.57032,0.599311,1.58981
-0.515295,0.0705544,0.0300425;1.61175,0.533943,1.54382
-0.525089,0.0952974,0.0394033;1.68723,0.355598,1.47326
-0.529972,0.106675,0.0350258;1.66529,0.342938,1.50794
-0.532296,0.111486,0.0287579;1.57062,0.31816,1.5798
-0.532136,0.113051,0.0291339;1.56113,0.382862,1.59217
-0.531931,0.109289,0.0301477;1.56685,0.326854,1.60414
-0.531563,0.108996,0.0288057;1.57286,0.328762,1.57918
-0.535493,0.121579,0.0379909;1.65416,0.170112,1.49557
-0.537714,0.13086,0.0383673;1.67817,0.170126,1.51051
-0.540424,0.139036,0.0286542;1.5728,0.125243,1.57386
-0.540962,0.140496,0.0288875;1.5686,0.227337,1.58374
-0.54087,0.138322,0.0296731;1.56572,0.199667,1.59672
-0.540404,0.136397,0.0295585;1.57041,0.185896,1.59387
-0.545488,0.147766,0.0379912;1.67257,0.0362378,1.50765
-0.545127,0.157611,0.03842;1.67491,0.0344201,1.52454
-0.546388,0.166727,0.0286802;1.57597,-0.00804537,1.57116
-0.547184,0.168441,0.0287363;1.57079,0.0791102,1.57832
-0.54727,0.167415,0.0290928;1.56113,0.0771526,1.58688
-0.547447,0.164904,0.0292572;1.56915,0.0499769,1.59312
-0.548209,0.169138,0.036892;1.67877,-0.0373305,1.53357
-0.547489,0.175334,0.0382546;1.69377,-0.0784083,1.53571
-0.545239,0.184354,0.0326058;1.6359,-0.113636,1.55961
-0.545907,0.189759,0.0287263;1.57174,-0.106367,1.57704
-0.545777,0.190276,0.0288552;1.56959,-0.0580017,1.58254
-0.546006,0.188153,0.0290856;1.56589,-0.0870387,1.58997
-0.548482,0.185942,0.0320751;1.6283,-0.11122,1.56408
-0.549157,0.193596,0.0389599;1.70757,-0.197727,1.54814
-0.546956,0.200047,0.0377827;1.697,-0.221196,1.56263
-0.544535,0.209936,0.0287043;1.57089,-0.272913,1.57694
-0.544994,0.211201,0.0287034;1.57026,-0.20308,1.57703
-0.545214,0.211086,0.0289505;1.56635,-0.197722,1.5834
-0.546368,0.206506,0.0300948;1.58053,-0.217626,1.58619
-0.547775,0.211188,0.0360393;1.68253,-0.312976,1.57548
-0.545714,0.21921,0.0383791;1.71131,-0.365558,1.57534
-0.539734,0.230675,0.0286704;1.57443,-0.434112,1.57371
-0.539929,0.231626,0.0287608;1.57711,-0.395061,1.57604
-0.540035,0.232222,0.0287467;1.57094,-0.343275,1.57885
-0.541106,0.229439,0.0291236;1.56808,-0.38137,1.58377
-0.541335,0.232287,0.0313026;1.614,-0.434604,1.57401
-0.541891,0.240673,0.0381096;1.68137,-0.51662,1.57221
-0.535447,0.253527,0.028627;1.57318,-0.563686,1.57235
-0.535401,0.254045,0.0287148;1.57305,-0.549706,1.57723
-0.535444,0.255179,0.0286889;1.5708,-0.483985,1.57604
-0.536464,0.253216,0.0290003;1.56512,-0.495714,1.5839
-0.53701,0.251485,0.0308825;1.55648,-0.495895,1.56544
-0.537694,0.258082,0.039591;1.62401,-0.576722,1.56997
-0.529042,0.270511,0.0286938;1.5761,-0.608931,1.57288
-0.528941,0.270922,0.0286903;1.57082,-0.635965,1.57616
-0.528726,0.271481,0.0285803;1.57085,-0.607722,1.57082
-0.529395,0.27082,0.0287264;1.57097,-0.600075,1.57836
-0.531568,0.267468,0.0300459;1.56901,-0.569357,1.56368
-0.535379,0.265624,0.0386976;1.59354,-0.607236,1.56448
-0.529667,0.272483,0.0303749;1.62569,-0.664613,1.59781
-0.528388,0.274403,0.0286589;1.57009,-0.697793,1.57474
-0.528062,0.275158,0.0286471;1.57309,-0.694024,1.57366
-0.528703,0.275366,0.0287837;1.5713,-0.655447,1.58101
-0.52929,0.274314,0.02895;1.57595,-0.635661,1.576
-0.53529,0.268351,0.032657;1.57951,-0.603903,1.55933
-0.532529,0.273034,0.0376517;1.72708,-0.702168,1.66113
-0.527602,0.277993,0.0286769;1.57714,-0.744251,1.57697
-0.527316,0.278588,0.028698;1.57082,-0.758611,1.5766
-0.527462,0.27969,0.0287646;1.57273,-0.694404,1.57979
-0.527952,0.27894,0.0287397;1.56995,-0.710749,1.57872
-0.5297,0.276576,0.0296483;1.57512,-0.682137,1.56871
-0.527314,0.281595,0.0424419;1.61782,-0.767092,1.59863
-0.520943,0.288113,0.031897;1.63878,-0.796604,1.61465
-0.519262,0.290652,0.0286366;1.57024,-0.837645,1.57375
-0.518793,0.291468,0.0286667;1.57111,-0.799914,1.57521
-0.519524,0.290759,0.0287531;1.5713,-0.824394,1.57961
-0.51991,0.289929,0.0289115;1.58122,-0.813953,1.57899
-0.524146,0.289058,0.0416492;1.59024,-0.861197,1.57124
-0.519292,0.292408,0.0409822;1.65431,-0.870534,1.63688
-0.516016,0.296756,0.0286165;1.5703,-0.901176,1.57411
-0.515397,0.297613,0.0285842;1.57018,-0.89639,1.57096
-0.515897,0.297394,0.0287188;1.57165,-0.892608,1.5783
-0.516355,0.29669,0.0287398;1.58076,-0.890595,1.57982
-0.525255,0.291737,0.0377776;1.62493,-0.891148,1.58548
-0.522666,0.291042,0.0423357;1.65205,-0.904118,1.6472
-0.517007,0.293229,0.02858;1.56604,-0.943699,1.56959
-0.515953,0.294567,0.0285961;1.57024,-0.945446,1.57154
-0.516615,0.294691,0.0287162;1.57234,-0.906245,1.57767
-0.517373,0.294078,0.0287043;1.57855,-0.892246,1.57569
-0.517373,0.294078,0.0287043;1.57855,-0.892246,1.57569
-0.52268,0.290001,0.0303048;1.57835,-0.853326,1.55943
-0.52268,0.290001,0.0303048;1.57835,-0.853326,1.55943
