-0.125,0.125,0.06;-1.57,-2.98023e-08,-1.57
-0.125,0.125,0.06;-1.57,-2.98023e-08,-1.57
-0.125,0.125,0.06;-1.57,-2.98023e-08,-1.57
-0.12509,0.129918,0.0285919;-1.5709,-0.215508,-1.57009
-0.125779,0.128933,0.0285771;-1.57082,-0.170069,-1.57043
-0.127686,0.123643,0.0300797;-1.59881,-0.0826499,-1.58613
-0.128306,0.103072,0.0318448;-1.56217,0.00703615,-1.6004
-0.129243,0.104693,0.0285768;-1.57111,-0.0956138,-1.57099
-0.129455,0.104267,0.028691;-1.56535,-0.132075,-1.57009
-0.129869,0.103904,0.0286578;-1.56703,-0.155009,-1.5702
-0.129692,0.10383,0.0285806;-1.57115,-0.0883903,-1.571
-0.131018,0.100988,0.029589;-1.59285,-0.0252628,-1.58185
-0.131468,0.0887594,0.0345018;-1.62374,0.0824069,-1.61008
-0.132299,0.0821267,0.029153;-1.57507,0.0162534,-1.58246
-0.132386,0.0842007,0.0286597;-1.57097,-0.0277969,-1.5748
-0.132089,0.0847063,0.0286707;-1.56553,-0.0416502,-1.57094
-0.132482,0.0824017,0.0286176;-1.57092,0.0706624,-1.57272
-0.134543,0.0780045,0.0294092;-1.58588,0.147404,-1.58071
-0.136525,0.0634112,0.0332065;-1.59683,0.213116,-1.60763
-0.138292,0.0550232,0.0360609;-1.47522,0.152558,-1.61526
-0.138549,0.0651222,0.0295309;-1.57074,0.0532587,-1.58777
-0.136844,0.069175,0.0286175;-1.57101,-0.0388326,-1.57269
-0.136709,0.069699,0.0286137;-1.569,-0.0886339,-1.57036
-0.138162,0.0682881,0.0285888;-1.57093,0.00568655,-1.57102
-0.143621,0.0598121,0.0305703;-1.60731,0.133759,-1.58121
-0.147048,0.0457258,0.0325488;-1.60627,0.183218,-1.59655
-0.148647,0.0402662,0.028755;-1.57071,0.13227,-1.57919
-0.148251,0.0416601,0.0287309;-1.56349,0.0275441,-1.57095
-0.148363,0.0416834,0.028704;-1.56484,0.0239419,-1.57084
-0.148186,0.04183,0.0285787;-1.57023,0.056866,-1.57142
-0.152791,0.0336082,0.0326897;-1.63052,0.233585,-1.57691
-0.155058,0.0202206,0.039081;-1.62091,0.309324,-1.58318
-0.156925,0.0175871,0.0348667;-1.5604,0.246523,-1.57965
-0.158401,0.0167995,0.0287148;-1.5692,0.0835594,-1.56583
-0.160201,0.0151666,0.0288437;-1.55979,0.0233788,-1.5693
-0.160518,0.0148765,0.0288478;-1.56163,0.0233783,-1.56721
-0.159307,0.0165065,0.0296848;-1.5843,0.185705,-1.56685
-0.160421,0.011786,0.039005;-1.62098,0.277927,-1.5726
-0.16128,0.00684099,0.0419483;-1.58919,0.269187,-1.56813
-0.158686,0.0102494,0.0288734;-1.571,0.0453551,-1.5564
-0.160618,0.00781661,0.0290352;-1.55475,-0.0195399,-1.56443
-0.161605,0.00653299,0.0290175;-1.55435,-0.0306566,-1.56549
-0.161552,0.00838782,0.0300063;-1.58067,0.119414,-1.54764
-0.166265,-0.00690997,0.0361058;-1.62098,0.255358,-1.5564
-0.165938,-0.0244677,0.043253;-1.49485,0.352717,-1.59064
-0.171854,-0.023154,0.0292379;-1.56559,0.152775,-1.55758
-0.172279,-0.0233788,0.0288001;-1.56849,0.0693084,-1.56238
-0.174418,-0.0263238,0.0290057;-1.55392,0.00773321,-1.56713
-0.173124,-0.0243346,0.0290976;-1.56915,0.0780624,-1.55436
-0.175079,-0.0267446,0.0328033;-1.63058,0.204936,-1.55076
-0.174795,-0.0359192,0.0404635;-1.64386,0.321919,-1.56519
-0.177348,-0.0438862,0.0287189;-1.57071,0.18162,-1.56391
-0.177808,-0.0455321,0.0287191;-1.56962,0.0963724,-1.56445
-0.179992,-0.0478777,0.028845;-1.55978,0.0150366,-1.5691
-0.178727,-0.04657,0.0285883;-1.57095,0.12137,-1.57005
-0.180172,-0.0488701,0.0300276;-1.5886,0.188646,-1.58174
-0.181227,-0.0571843,0.0374355;-1.66506,0.268934,-1.58742
-0.182086,-0.0686404,0.0286982;-1.57063,0.0788134,-1.57711
-0.181837,-0.0670272,0.0285762;-1.57085,0.0262766,-1.5706
-0.181942,-0.0673321,0.0288097;-1.5613,0.0181343,-1.57242
-0.183139,-0.070016,0.028646;-1.57069,0.197038,-1.57394
-0.187475,-0.0753692,0.0297431;-1.58998,0.302918,-1.57889
-0.19156,-0.0930146,0.0339691;-1.60386,0.387949,-1.60461
-0.195401,-0.102117,0.0333042;-1.50176,0.322095,-1.61178
-0.194836,-0.0930863,0.0286252;-1.56921,0.224852,-1.57816
-0.193676,-0.0908241,0.0285569;-1.57028,0.133938,-1.57099
-0.193527,-0.0905693,0.0286001;-1.56985,0.126481,-1.57089
-0.195012,-0.0918402,0.0287563;-1.57305,0.205081,-1.57645
-0.199235,-0.0972716,0.0307598;-1.60924,0.287092,-1.57784
-0.20895,-0.119678,0.0364323;-1.5802,0.391136,-1.59939
-0.21227,-0.123161,0.0307897;-1.54711,0.359624,-1.6016
-0.211112,-0.120324,0.028727;-1.57074,0.313076,-1.57808
-0.211099,-0.119853,0.0286265;-1.56795,0.263201,-1.57172
-0.210867,-0.119849,0.0285794;-1.57088,0.294488,-1.57078
-0.212329,-0.120439,0.0289581;-1.57981,0.349487,-1.57749
-0.222755,-0.141032,0.037656;-1.62283,0.519818,-1.59559
-0.226502,-0.146162,0.0348026;-1.57031,0.452861,-1.61246
-0.225684,-0.140476,0.0289083;-1.57341,0.377962,-1.5828
-0.225215,-0.139272,0.0287773;-1.56196,0.328323,-1.57524
-0.224384,-0.139156,0.0285754;-1.57178,0.396931,-1.57155
-0.22737,-0.141286,0.0288272;-1.57413,0.513429,-1.57808
-0.238591,-0.165036,0.0358745;-1.51632,0.64721,-1.65
-0.24265,-0.16812,0.0357837;-1.47058,0.557212,-1.66342
-0.23874,-0.154379,0.0288622;-1.57452,0.435188,-1.58127
-0.237859,-0.151965,0.0287706;-1.56191,0.248663,-1.57361
-0.237181,-0.152405,0.02855;-1.57276,0.314373,-1.57069
-0.238811,-0.153131,0.0288966;-1.58076,0.393416,-1.57506
-0.251102,-0.1722,0.038226;-1.64487,0.599393,-1.57357
-0.256441,-0.18148,0.0384079;-1.56333,0.530468,-1.59688
-0.258694,-0.18089,0.0285754;-1.5711,0.449273,-1.57064
-0.261504,-0.183399,0.0288068;-1.56162,0.252712,-1.56923
-0.261463,-0.183348,0.0288221;-1.56234,0.261185,-1.56785
-0.260758,-0.182283,0.028655;-1.57082,0.315906,-1.56718
-0.263862,-0.187525,0.0387145;-1.68468,0.534559,-1.53529
-0.270152,-0.195589,0.0393114;-1.56473,0.490927,-1.56026
-0.269897,-0.19428,0.0323861;-1.57837,0.470547,-1.54518
-0.271835,-0.194729,0.028902;-1.56178,0.35715,-1.56689
-0.275818,-0.197443,0.029091;-1.55838,0.287121,-1.56882
-0.274732,-0.196412,0.0289778;-1.56745,0.334225,-1.55606
-0.274259,-0.196037,0.0299695;-1.57546,0.428489,-1.55377
-0.280716,-0.207161,0.0441772;-1.56928,0.547684,-1.57264
-0.279829,-0.206479,0.0392895;-1.52337,0.442759,-1.58348
-0.275008,-0.199387,0.0289136;-1.57024,0.335431,-1.55563
-0.278442,-0.202031,0.0290078;-1.55388,0.210598,-1.57004
-0.277662,-0.201469,0.0288958;-1.56565,0.25006,-1.56204
-0.27722,-0.200057,0.0293942;-1.57391,0.347198,-1.55198
-0.289671,-0.222638,0.0417003;-1.60136,0.610132,-1.56946
-0.294405,-0.230235,0.0405487;-1.53458,0.545482,-1.59022
-0.294129,-0.228797,0.0286698;-1.58232,0.455052,-1.56384
-0.297715,-0.231896,0.0288637;-1.55845,0.246367,-1.57199
-0.297848,-0.231855,0.0286065;-1.57046,0.256428,-1.5696
-0.297488,-0.230895,0.0285848;-1.57081,0.315377,-1.57011
-0.306057,-0.246881,0.0375754;-1.65978,0.519663,-1.5652
-0.3115,-0.255587,0.0368225;-1.54457,0.447495,-1.5913
-0.312612,-0.25317,0.0285764;-1.57082,0.36924,-1.57067
-0.312948,-0.252696,0.0287733;-1.56091,0.325127,-1.57391
-0.312284,-0.252516,0.0286292;-1.56896,0.367823,-1.57079
-0.313157,-0.253263,0.0286397;-1.57131,0.441265,-1.57293
-0.31962,-0.263301,0.034324;-1.61472,0.560368,-1.59683
-0.325103,-0.27305,0.0355119;-1.49054,0.526249,-1.64637
-0.323265,-0.266372,0.0307585;-1.54617,0.425585,-1.59853
-0.319854,-0.261406,0.0286925;-1.56613,0.278444,-1.57315
-0.320122,-0.262167,0.0287715;-1.56257,0.299393,-1.57453
-0.319928,-0.262753,0.0285816;-1.57083,0.366413,-1.57082
-0.332104,-0.274981,0.03201;-1.60889,0.590596,-1.58023
-0.341635,-0.29413,0.0356626;-1.54917,0.645117,-1.63083
-0.349262,-0.301722,0.0363331;-1.40899,0.588404,-1.66879
-0.344637,-0.28747,0.0285704;-1.57089,0.423766,-1.57018
-0.344889,-0.287223,0.0287378;-1.56262,0.391857,-1.57381
-0.344713,-0.287578,0.0287352;-1.56437,0.419506,-1.57493
-0.348956,-0.289976,0.0297228;-1.60014,0.547194,-1.56448
-0.357851,-0.298677,0.0348402;-1.65302,0.650004,-1.56238
-0.364863,-0.308161,0.036737;-1.60642,0.65255,-1.58018
-0.366856,-0.307913,0.0286839;-1.57042,0.549756,-1.57655
-0.366552,-0.307766,0.02875;-1.56128,0.528981,-1.57536
-0.367025,-0.307649,0.0286928;-1.56468,0.509487,-1.57366
-0.367873,-0.308124,0.028792;-1.57442,0.613735,-1.57662
-0.371973,-0.311032,0.0313741;-1.60293,0.672065,-1.57755
-0.380359,-0.321207,0.0366575;-1.6398,0.748729,-1.57617
-0.381578,-0.324385,0.0287788;-1.57057,0.55582,-1.58043
-0.380232,-0.323216,0.0285789;-1.57079,0.514854,-1.56964
-0.380663,-0.323514,0.0287734;-1.56193,0.504484,-1.5766
-0.382935,-0.324574,0.0287149;-1.57061,0.688817,-1.57719
-0.390535,-0.329687,0.0305179;-1.59851,0.801721,-1.57226
-0.400334,-0.344431,0.0364334;-1.54976,0.887058,-1.6243
-0.404664,-0.337747,0.028554;-1.58342,0.666345,-1.56412
-0.404289,-0.337763,0.0286678;-1.57178,0.554603,-1.56505
-0.407584,-0.338899,0.0289011;-1.55505,0.447004,-1.57616
-0.405898,-0.337814,0.0287247;-1.5713,0.535066,-1.56291
-0.407954,-0.337249,0.0315742;-1.63095,0.658551,-1.53476
-0.412559,-0.34401,0.0389219;-1.69509,0.781937,-1.50777
-0.422819,-0.349363,0.0321099;-1.53995,0.697366,-1.56755
-0.423894,-0.350026,0.0289325;-1.5696,0.62665,-1.55565
-0.427033,-0.350967,0.0288951;-1.56085,0.554989,-1.5693
-0.427571,-0.351009,0.0288384;-1.57091,0.554317,-1.55839
-0.426653,-0.349555,0.0295554;-1.57314,0.622142,-1.55657
-0.429147,-0.350561,0.0360349;-1.70287,0.720637,-1.48445
-0.441084,-0.363485,0.0405601;-1.52452,0.729167,-1.58012
-0.437892,-0.360121,0.0296373;-1.57461,0.663472,-1.543
-0.439227,-0.36038,0.0289721;-1.56183,0.627413,-1.56446
-0.443929,-0.362477,0.028886;-1.56071,0.594565,-1.57007
-0.442586,-0.362099,0.0289165;-1.57185,0.67132,-1.55414
-0.448918,-0.367829,0.0319121;-1.64041,0.786078,-1.51864
-0.462563,-0.381944,0.0420908;-1.45208,0.840631,-1.65346
-0.461503,-0.378963,0.0347427;-1.41759,0.724905,-1.67173
-0.457158,-0.374396,0.0288284;-1.56995,0.607511,-1.55809
-0.461564,-0.375793,0.0288988;-1.55529,0.448229,-1.57594
-0.46006,-0.374952,0.0285883;-1.57179,0.517928,-1.56909
-0.460349,-0.372756,0.0288092;-1.58452,0.630684,-1.56254
-0.47903,-0.389907,0.0390599;-1.67784,0.822514,-1.5294
-0.48786,-0.398593,0.0340423;-1.54107,0.751181,-1.6135
-0.487604,-0.397319,0.0288047;-1.57037,0.675236,-1.58179
-0.487184,-0.396138,0.0286125;-1.56903,0.545518,-1.5716
-0.486702,-0.395963,0.02858;-1.5708,0.577067,-1.57081
-0.487727,-0.396086,0.0287305;-1.57321,0.628181,-1.5744
-0.501252,-0.409976,0.0358934;-1.64786,0.805732,-1.56762
-0.506958,-0.416138,0.034868;-1.52674,0.713965,-1.62277
-0.505915,-0.412031,0.0286512;-1.57126,0.654879,-1.57431
-0.50588,-0.41214,0.0288087;-1.55705,0.642528,-1.57896
-0.504826,-0.412311,0.0285892;-1.57079,0.712702,-1.57017
-0.507451,-0.413143,0.0287172;-1.57068,0.815763,-1.57714
-0.507451,-0.413143,0.0287172;-1.57068,0.815763,-1.57714
-0.513975,-0.417142,0.0304755;-1.59077,0.895007,-1.57973
-0.513975,-0.417142,0.0304755;-1.59077,0.895007,-1.57973
