-0.125,0.125,0.06;-1.57,-2.98023e-08,-1.57
-0.125,0.125,0.06;-1.57,-2.98023e-08,-1.57
-0.125,0.125,0.06;-1.57,-2.98023e-08,-1.57
-0.126063,0.124679,0.028668;-1.56999,-0.252162,-1.56716
-0.126032,0.125171,0.0287649;-1.57145,-0.178084,-1.56088
-0.126775,0.115883,0.030727;-1.60654,-0.0565606,-1.57825
-0.124962,0.0949728,0.0353396;-1.45669,-0.0107165,-1.57315
-0.129058,0.103394,0.0287798;-1.57126,-0.231286,-1.56025
-0.130447,0.100404,0.0289167;-1.55617,-0.331197,-1.56354
-0.131062,0.0991471,0.0289031;-1.55567,-0.364227,-1.56389
-0.129518,0.101716,0.0287663;-1.57103,-0.230514,-1.56174
-0.129438,0.0950975,0.0297961;-1.59149,-0.102695,-1.57649
-0.125206,0.0769257,0.0372138;-1.54215,0.0124997,-1.5887
-0.127269,0.0679543,0.0337689;-1.47831,-0.125703,-1.56032
-0.129611,0.072956,0.0287031;-1.57523,-0.225802,-1.56468
-0.130367,0.0708676,0.0288229;-1.56244,-0.34687,-1.564
-0.130491,0.071122,0.0286909;-1.57085,-0.281461,-1.56549
-0.131183,0.067469,0.0294825;-1.59322,-0.172977,-1.58108
-0.128091,0.0522899,0.0348989;-1.59756,-0.0456704,-1.59974
-0.125242,0.0356309,0.0372011;-1.42286,-0.0596839,-1.56199
-0.129014,0.0388306,0.0346024;-1.46052,-0.162362,-1.55486
-0.13201,0.0466677,0.0286689;-1.57305,-0.288167,-1.56304
-0.132513,0.0438052,0.0287582;-1.56563,-0.403813,-1.56496
-0.132383,0.0443845,0.0286215;-1.57115,-0.31843,-1.56846
-0.131867,0.0355473,0.0308144;-1.60921,-0.189184,-1.5884
-0.127127,0.0209095,0.0349682;-1.55698,-0.139137,-1.58852
-0.129475,0.0161352,0.0327576;-1.491,-0.240275,-1.55219
-0.132267,0.0157233,0.0289821;-1.55323,-0.443986,-1.55959
-0.13274,0.0148153,0.0289212;-1.55494,-0.462307,-1.56129
-0.132066,0.0165208,0.0286951;-1.57112,-0.394552,-1.56517
-0.129426,0.00198989,0.0330275;-1.60199,-0.14433,-1.6012
-0.121805,-0.0118038,0.039138;-1.51729,-0.102165,-1.58709
-0.123462,-0.0216126,0.036688;-1.41835,-0.189173,-1.54313
-0.129778,-0.017273,0.0287628;-1.57007,-0.415012,-1.56223
-0.131227,-0.0214336,0.0287311;-1.5628,-0.553572,-1.56607
-0.131003,-0.0213249,0.0288452;-1.55894,-0.537748,-1.56206
-0.129847,-0.0275993,0.0302938;-1.59957,-0.30077,-1.59097
-0.122259,-0.0417791,0.0368818;-1.55919,-0.189755,-1.5967
-0.116148,-0.0562833,0.0381484;-1.43804,-0.226818,-1.54959
-0.124146,-0.0542668,0.0288447;-1.55986,-0.419293,-1.56337
-0.124796,-0.0570872,0.0290469;-1.55162,-0.566641,-1.55408
-0.125454,-0.0593938,0.0288222;-1.55911,-0.632631,-1.56162
-0.12496,-0.0608051,0.0290178;-1.58725,-0.411819,-1.58397
-0.119575,-0.0732788,0.0332113;-1.59158,-0.286528,-1.60481
-0.109559,-0.0870782,0.0395973;-1.49041,-0.222593,-1.57302
-0.114553,-0.0934487,0.0328682;-1.48032,-0.431156,-1.53359
-0.116984,-0.0926702,0.0289542;-1.56268,-0.569645,-1.55537
-0.117583,-0.0968773,0.0289077;-1.55395,-0.692055,-1.55711
-0.115737,-0.0970587,0.0288869;-1.58168,-0.495237,-1.58184
-0.11078,-0.108048,0.0314032;-1.58623,-0.367829,-1.60967
-0.1004,-0.117105,0.0375727;-1.53411,-0.266873,-1.59931
-0.104873,-0.125007,0.033762;-1.46031,-0.461743,-1.52402
-0.108681,-0.12508,0.0288491;-1.56069,-0.575709,-1.56102
-0.109383,-0.129108,0.0291396;-1.54289,-0.710313,-1.54656
-0.10465,-0.133286,0.0290146;-1.58269,-0.520773,-1.58792
-0.0991131,-0.140415,0.0314663;-1.58004,-0.399529,-1.61401
-0.0908776,-0.145399,0.0376005;-1.55742,-0.291448,-1.61511
-0.0935602,-0.153783,0.0341703;-1.46172,-0.437863,-1.53351
-0.0983559,-0.152971,0.0299216;-1.54483,-0.529192,-1.56625
-0.102076,-0.152367,0.0287815;-1.56069,-0.657376,-1.56597
-0.100655,-0.154261,0.0287003;-1.57072,-0.570909,-1.57652
-0.0973677,-0.158805,0.0303819;-1.5742,-0.468335,-1.60108
-0.0906618,-0.16459,0.0350408;-1.5553,-0.347096,-1.61154
-0.0885825,-0.166924,0.0378283;-1.47413,-0.423298,-1.56074
-0.0913466,-0.169751,0.034184;-1.4701,-0.50685,-1.54417
-0.0978423,-0.167776,0.0299421;-1.54789,-0.59217,-1.56609
-0.0998547,-0.167304,0.0286202;-1.57134,-0.645309,-1.57275
-0.0975353,-0.169123,0.029226;-1.57794,-0.557848,-1.58827
-0.0912498,-0.175646,0.0325764;-1.57761,-0.432912,-1.61654
-0.0852899,-0.175222,0.0415571;-1.58972,-0.353615,-1.63434
-0.0880734,-0.174608,0.0461834;-1.66965,-0.410801,-1.66078
-0.0917725,-0.176817,0.0422846;-1.5658,-0.505822,-1.63538
-0.103561,-0.185369,0.0291286;-1.57607,-0.705471,-1.58987
-0.101531,-0.186433,0.0311884;-1.5765,-0.666795,-1.6146
-0.0976906,-0.185619,0.0362624;-1.64098,-0.572576,-1.66651
-0.0850553,-0.187021,0.0444854;-1.67286,-0.384947,-1.69243
-0.0865575,-0.192794,0.0486425;-1.69838,-0.469958,-1.6887
-0.0841606,-0.199003,0.0433398;-1.59822,-0.517311,-1.64116
-0.0886247,-0.205367,0.029096;-1.56927,-0.705423,-1.58089
-0.089631,-0.204433,0.0293232;-1.57244,-0.698699,-1.58931
-0.0858804,-0.211832,0.0316388;-1.59823,-0.568779,-1.61663
-0.0747999,-0.221336,0.040946;-1.61666,-0.352234,-1.65797
-0.0760219,-0.226365,0.0465184;-1.63633,-0.430722,-1.64431
-0.0773918,-0.233232,0.0343576;-1.44542,-0.517999,-1.52493
-0.0850836,-0.224308,0.0292837;-1.55545,-0.758323,-1.56577
-0.0848849,-0.225101,0.0290471;-1.5807,-0.724057,-1.59269
-0.0815969,-0.233226,0.0319886;-1.6069,-0.590062,-1.61875
-0.0688114,-0.242292,0.040275;-1.65354,-0.368021,-1.68887
-0.0705677,-0.243519,0.0450526;-1.67635,-0.460877,-1.68288
-0.0709749,-0.246646,0.0363402;-1.53031,-0.537985,-1.5948
-0.0781035,-0.25131,0.030811;-1.51833,-0.668472,-1.54164
-0.0795932,-0.252157,0.0289698;-1.58096,-0.652336,-1.58698
-0.0783493,-0.256304,0.0298854;-1.59426,-0.592669,-1.59974
-0.0723625,-0.271102,0.0406973;-1.69735,-0.335856,-1.68043
-0.0685562,-0.276392,0.0380315;-1.65839,-0.414247,-1.67187
-0.0670481,-0.275553,0.0343908;-1.55535,-0.434817,-1.62023
-0.0700904,-0.281595,0.0310777;-1.52277,-0.519259,-1.55153
-0.0768363,-0.286098,0.0293725;-1.5544,-0.625619,-1.56652
-0.0751266,-0.288402,0.0291507;-1.58518,-0.529943,-1.59372
-0.0728805,-0.295259,0.0323225;-1.61568,-0.395444,-1.61884
-0.0640681,-0.309845,0.0389671;-1.56823,-0.251074,-1.62518
-0.0656651,-0.315126,0.0390823;-1.51278,-0.331254,-1.58243
-0.069471,-0.316946,0.0330159;-1.48301,-0.390372,-1.54782
-0.0756863,-0.314809,0.0297872;-1.54046,-0.590512,-1.55737
-0.0732585,-0.316694,0.0288093;-1.57095,-0.536584,-1.58217
-0.0715301,-0.324362,0.030415;-1.58468,-0.40831,-1.60015
-0.0601719,-0.335147,0.0396562;-1.63194,-0.188618,-1.66346
-0.0622677,-0.334544,0.0430404;-1.63984,-0.280182,-1.64773
-0.0647314,-0.340008,0.0332047;-1.49611,-0.350712,-1.57421
-0.0762833,-0.340556,0.0296236;-1.54811,-0.536192,-1.56329
-0.0760707,-0.342213,0.0287777;-1.57069,-0.504361,-1.58017
-0.0760417,-0.350567,0.030515;-1.59083,-0.374399,-1.59973
-0.0659825,-0.3647,0.0399384;-1.63298,-0.137561,-1.6591
-0.064998,-0.3607,0.0417822;-1.68108,-0.230767,-1.67382
-0.0658902,-0.362616,0.0366128;-1.63983,-0.303261,-1.64356
-0.0626486,-0.37181,0.0315991;-1.50899,-0.295312,-1.55622
-0.0630314,-0.370602,0.0287816;-1.57254,-0.26841,-1.57957
-0.063565,-0.373699,0.0292248;-1.57895,-0.193419,-1.58666
-0.0643003,-0.385842,0.0409764;-1.66448,0.0376453,-1.6429
-0.0636795,-0.386169,0.0421525;-1.68549,0.023864,-1.64367
-0.063824,-0.387722,0.0392684;-1.67692,-0.0406071,-1.6359
-0.0648765,-0.400267,0.0333909;-1.48392,-0.0821653,-1.57308
-0.0662077,-0.398946,0.0303459;-1.53951,-0.0835912,-1.5737
-0.0663948,-0.398922,0.0289052;-1.57268,-0.0389835,-1.58471
-0.0684317,-0.407508,0.0365488;-1.62382,0.164684,-1.61312
-0.068597,-0.41348,0.0421258;-1.67911,0.276591,-1.62296
-0.066501,-0.411987,0.0420329;-1.69615,0.217356,-1.61651
-0.0703942,-0.426359,0.0342782;-1.49439,0.125525,-1.61181
-0.0715116,-0.427085,0.030889;-1.52679,0.138138,-1.58121
-0.0713213,-0.425854,0.0289644;-1.57092,0.150095,-1.58116
-0.0725126,-0.432473,0.0321526;-1.56445,0.351475,-1.6147
-0.0734159,-0.439761,0.038444;-1.64185,0.482121,-1.60823
-0.0736388,-0.439916,0.0409739;-1.65982,0.479543,-1.60087
-0.0830002,-0.450351,0.0349531;-1.46329,0.353702,-1.63364
-0.083464,-0.449733,0.0328095;-1.48528,0.345143,-1.60206
-0.0838743,-0.447596,0.0323047;-1.49645,0.336979,-1.59729
-0.0812772,-0.45095,0.0300061;-1.57048,0.476375,-1.59693
-0.0855426,-0.457798,0.0346471;-1.62621,0.620498,-1.58801
-0.0903524,-0.463881,0.0414743;-1.65275,0.706218,-1.58326
-0.101138,-0.474068,0.0360345;-1.42052,0.523804,-1.66705
-0.102431,-0.472794,0.0352443;-1.4284,0.509306,-1.64771
-0.102022,-0.469172,0.0330456;-1.47473,0.481124,-1.61738
-0.102834,-0.473954,0.0312544;-1.52566,0.62723,-1.61403
-0.109306,-0.483789,0.0353299;-1.55585,0.764867,-1.62426
-0.114696,-0.490449,0.0403431;-1.63453,0.85605,-1.5935
-0.121713,-0.493501,0.0376009;-1.44903,0.680039,-1.69171
-0.125299,-0.494395,0.0370231;-1.39922,0.653995,-1.70106
-0.126618,-0.491169,0.0340759;-1.44233,0.640263,-1.65057
-0.127212,-0.493492,0.031307;-1.50952,0.754194,-1.62393
-0.130797,-0.499893,0.0341233;-1.5186,0.861546,-1.64777
-0.137056,-0.506272,0.0393196;-1.6364,0.971441,-1.58657
-0.139505,-0.507128,0.0395023;-1.69914,0.859333,-1.5311
-0.14804,-0.512088,0.034634;-1.46114,0.815556,-1.69431
-0.151945,-0.51271,0.0337368;-1.43091,0.825028,-1.6829
-0.149783,-0.510254,0.0290984;-1.55963,0.875742,-1.59051
-0.152592,-0.512355,0.0298919;-1.58589,0.957942,-1.57942
-0.16081,-0.515099,0.0363172;-1.713,1.07959,-1.50552
-0.164624,-0.517102,0.041194;-1.81354,1.09116,-1.42229
-0.172198,-0.520381,0.0364828;-1.67328,1.04092,-1.52632
-0.1805,-0.523234,0.0329271;-1.50151,1.0226,-1.67276
-0.183503,-0.519762,0.0289326;-1.56423,1.02165,-1.58366
-0.187337,-0.520415,0.0299794;-1.57122,1.0969,-1.59853
-0.189925,-0.521528,0.0326694;-1.69429,1.14506,-1.4873
-0.204307,-0.524653,0.0420648;-1.95796,1.24051,-1.27629
-0.212362,-0.528332,0.036654;-1.6784,1.17992,-1.52267
-0.218935,-0.530637,0.0325475;-1.52409,1.13595,-1.66518
-0.222096,-0.528808,0.0300659;-1.5114,1.12956,-1.63107
-0.221045,-0.529117,0.0291687;-1.55512,1.16231,-1.59959
-0.224608,-0.528342,0.0336021;-1.78984,1.25203,-1.3887
-0.236422,-0.525956,0.0431966;-2.36271,1.32674,-0.858369
-0.242595,-0.529514,0.0388634;-1.86266,1.30397,-1.34882
-0.251507,-0.532199,0.0332365;-1.46332,1.23456,-1.732
-0.253649,-0.528562,0.029674;-1.52246,1.18419,-1.6238
-0.252451,-0.526576,0.0288159;-1.57731,1.18168,-1.57544
-0.251704,-0.527424,0.0317052;-1.69951,1.21344,-1.46667
-0.251281,-0.527532,0.0415537;-2.26109,1.20327,-0.938965
-0.251601,-0.52806,0.0385753;-2.09528,1.18497,-1.09081
-0.257434,-0.52876,0.034463;-1.80996,1.22375,-1.37161
-0.256959,-0.530268,0.0287263;-1.56866,1.10487,-1.58028
-0.256591,-0.530112,0.0289125;-1.58699,1.10869,-1.56755
-0.25932,-0.52841,0.0319403;-1.72803,1.20194,-1.43374
-0.25932,-0.52841,0.0319403;-1.72803,1.20194,-1.43374
-0.267463,-0.526367,0.0363723;-2.04403,1.2836,-1.13618
-0.267463,-0.526367,0.0363723;-2.04403,1.2836,-1.13618
