-0.125,0.125,0.06;-1.57,-2.98023e-08,-1.57
-0.125,0.125,0.06;-1.57,-2.98023e-08,-1.57
-0.125,0.125,0.06;-1.57,-2.98023e-08,-1.57
-0.125122,0.129556,0.0284849;-1.56549,-0.226407,-1.56917
-0.125802,0.12875,0.0285992;-1.57129,-0.173059,-1.57129
-0.127512,0.12361,0.0300827;-1.59603,-0.09103,-1.58683
-0.126827,0.100516,0.0329499;-1.52875,-0.0283201,-1.59961
-0.127415,0.103574,0.0285767;-1.57086,-0.110838,-1.57092
-0.127802,0.103094,0.0285936;-1.57014,-0.158715,-1.57069
-0.128305,0.102542,0.0286376;-1.56795,-0.190879,-1.57027
-0.127928,0.102868,0.0285862;-1.57089,-0.108771,-1.57094
-0.129312,0.0994457,0.0294973;-1.58571,-0.0336223,-1.58326
-0.129975,0.0875493,0.0337942;-1.59758,0.077916,-1.61195
-0.131671,0.087339,0.0293622;-1.57316,-0.0308561,-1.58658
-0.131728,0.0890483,0.0286752;-1.57086,-0.0585129,-1.57531
-0.131685,0.0891078,0.0286776;-1.56599,-0.0745868,-1.57026
-0.131883,0.0874868,0.0286151;-1.57089,0.0238284,-1.57292
-0.132582,0.0851664,0.029198;-1.58108,0.0776075,-1.58257
-0.133578,0.0741198,0.0328454;-1.58597,0.141445,-1.60936
-0.135326,0.0643552,0.035946;-1.47714,0.113165,-1.61095
-0.137316,0.0735351,0.0294161;-1.57178,0.0253717,-1.58697
-0.135804,0.0777767,0.0286022;-1.5694,-0.0709223,-1.57224
-0.135933,0.0784733,0.0285905;-1.57017,-0.135409,-1.5705
-0.137139,0.076777,0.0287049;-1.57404,-0.0409426,-1.57402
-0.14113,0.067858,0.0306286;-1.60574,0.0726075,-1.58341
-0.143955,0.048685,0.0323091;-1.59311,0.127092,-1.60099
-0.145493,0.0405825,0.0288019;-1.56891,0.0976591,-1.57971
-0.144873,0.0426416,0.028703;-1.56484,-0.00756182,-1.57073
-0.144882,0.0426037,0.0287273;-1.56438,-0.00763969,-1.57132
-0.144679,0.0426928,0.0285812;-1.57102,0.0324151,-1.57102
-0.150153,0.0326187,0.0323638;-1.61747,0.192569,-1.58758
-0.153269,0.0185072,0.0362179;-1.60562,0.239767,-1.60275
-0.15623,0.0114996,0.0326357;-1.5152,0.193369,-1.60651
-0.155944,0.0157276,0.0286047;-1.57091,0.148783,-1.56932
-0.156236,0.0155165,0.0285818;-1.57057,0.129461,-1.57075
-0.156177,0.0156389,0.0285928;-1.57061,0.149715,-1.57036
-0.157766,0.014156,0.0294364;-1.57986,0.232225,-1.58433
-0.160391,0.00721871,0.0337383;-1.60691,0.307313,-1.60496
-0.164476,-0.00196458,0.0350998;-1.51138,0.292439,-1.61758
-0.164635,0.00730451,0.0286179;-1.57113,0.125628,-1.57283
-0.164929,0.00753081,0.0287836;-1.56165,0.079079,-1.57225
-0.165222,0.0073245,0.0287152;-1.56425,0.0714974,-1.57127
-0.166892,0.00496031,0.0288129;-1.5738,0.262666,-1.57838
-0.170519,-0.00824574,0.031458;-1.58438,0.352293,-1.59827
-0.172429,-0.0243043,0.0358805;-1.47377,0.378552,-1.63577
-0.175299,-0.0108506,0.028813;-1.57099,0.171257,-1.58177
-0.174462,-0.00959205,0.028592;-1.57056,0.0697775,-1.57021
-0.175665,-0.00858814,0.0287578;-1.56253,-0.00685447,-1.57097
-0.176427,-0.0093369,0.0287128;-1.57528,0.127495,-1.57207
-0.181824,-0.0164109,0.0308854;-1.61081,0.231959,-1.57797
-0.186072,-0.0318638,0.0357909;-1.6353,0.322403,-1.59913
-0.190343,-0.0444936,0.0287553;-1.57071,0.236597,-1.57916
-0.189813,-0.0437684,0.0286038;-1.57052,0.208227,-1.56929
-0.19013,-0.0439201,0.0285795;-1.57068,0.180291,-1.57084
-0.190023,-0.0438091,0.0286634;-1.5709,0.234099,-1.57473
-0.191042,-0.0464077,0.0298702;-1.58153,0.296672,-1.58532
-0.191973,-0.054591,0.0359626;-1.59721,0.415138,-1.59717
-0.194638,-0.0541937,0.0286191;-1.5712,0.274062,-1.57302
-0.194691,-0.0540692,0.0285813;-1.57117,0.237784,-1.57041
-0.195109,-0.054643,0.0287571;-1.56311,0.208698,-1.57109
-0.194554,-0.0542837,0.0285793;-1.57075,0.283478,-1.57079
-0.195555,-0.0571841,0.0291267;-1.58086,0.378855,-1.57668
-0.196564,-0.0646898,0.0350221;-1.58717,0.467272,-1.59054
-0.201068,-0.0712644,0.0347805;-1.45009,0.393411,-1.61465
-0.201332,-0.0665088,0.028878;-1.56167,0.297576,-1.56785
-0.201588,-0.0663653,0.0287357;-1.57125,0.179847,-1.56268
-0.202827,-0.0674123,0.0287777;-1.56792,0.119563,-1.56455
-0.202744,-0.0659834,0.0288713;-1.57355,0.224314,-1.55746
-0.208234,-0.0715508,0.0329762;-1.64729,0.348912,-1.54529
-0.217548,-0.097322,0.0422337;-1.56679,0.496257,-1.5758
-0.224345,-0.10932,0.035472;-1.43172,0.433146,-1.61852
-0.224871,-0.105666,0.0287959;-1.57512,0.370515,-1.55641
-0.228273,-0.107946,0.0289157;-1.55906,0.246123,-1.5688
-0.227589,-0.107334,0.0288779;-1.56978,0.281082,-1.55784
-0.226818,-0.106967,0.0296257;-1.57607,0.35867,-1.55367
-0.233625,-0.12474,0.0448272;-1.60685,0.57901,-1.56461
-0.238233,-0.131753,0.0436197;-1.54557,0.507492,-1.58366
-0.239791,-0.128285,0.0287269;-1.57586,0.402344,-1.56243
-0.242837,-0.130949,0.028925;-1.564,0.287713,-1.56544
-0.242329,-0.13051,0.0288627;-1.56841,0.317186,-1.56032
-0.240526,-0.129773,0.0294313;-1.56424,0.392396,-1.56045
-0.241993,-0.142055,0.0439579;-1.50329,0.542776,-1.60879
-0.241837,-0.138072,0.043953;-1.52822,0.436188,-1.59136
-0.238527,-0.126556,0.029462;-1.58284,0.344006,-1.55428
-0.242118,-0.132271,0.0291264;-1.55692,0.175768,-1.56831
-0.241639,-0.131543,0.0288743;-1.56808,0.209191,-1.55995
-0.240833,-0.130232,0.0296746;-1.57523,0.28355,-1.55029
-0.246944,-0.15481,0.0432979;-1.57267,0.52525,-1.58239
-0.251194,-0.164966,0.0431616;-1.53413,0.47176,-1.58441
-0.253848,-0.168103,0.0314918;-1.52407,0.416994,-1.57202
-0.25771,-0.169149,0.0288794;-1.56338,0.247511,-1.56535
-0.258734,-0.169975,0.0289918;-1.5606,0.226574,-1.56324
-0.258176,-0.169306,0.0288184;-1.57128,0.22405,-1.55889
-0.259652,-0.17069,0.0375423;-1.72113,0.423383,-1.52553
-0.266403,-0.176946,0.0388262;-1.66957,0.436427,-1.52295
-0.274553,-0.190753,0.0330212;-1.56091,0.46303,-1.5626
-0.279123,-0.197024,0.0287096;-1.57081,0.38385,-1.56454
-0.282295,-0.198903,0.028772;-1.56685,0.280701,-1.56651
-0.281329,-0.197935,0.0286921;-1.57087,0.3334,-1.56545
-0.280377,-0.196665,0.0286202;-1.57219,0.405757,-1.57104
-0.28416,-0.207274,0.0398525;-1.60184,0.517072,-1.57219
-0.286063,-0.208622,0.0343151;-1.54777,0.428116,-1.59113
-0.284715,-0.205121,0.0285595;-1.57109,0.324157,-1.57029
-0.287104,-0.206766,0.0287426;-1.56286,0.214679,-1.57235
-0.28672,-0.206433,0.0285682;-1.57132,0.245104,-1.57068
-0.28683,-0.208315,0.0286217;-1.57082,0.354164,-1.57313
-0.289095,-0.225921,0.0365643;-1.51196,0.484413,-1.62613
-0.292967,-0.23629,0.0354639;-1.43762,0.401972,-1.63028
-0.292347,-0.226359,0.0287433;-1.57391,0.296539,-1.57936
-0.292167,-0.224405,0.0287587;-1.56216,0.113853,-1.57186
-0.29183,-0.224174,0.0285781;-1.57109,0.142818,-1.5705
-0.293576,-0.225386,0.0287546;-1.5753,0.230342,-1.57368
-0.30533,-0.247365,0.0355121;-1.61614,0.437198,-1.60147
-0.314984,-0.265768,0.0341633;-1.47096,0.426362,-1.62605
-0.314516,-0.268181,0.028619;-1.57167,0.473727,-1.57163
-0.31461,-0.268438,0.0285952;-1.57106,0.386597,-1.56959
-0.31446,-0.268291,0.0285803;-1.57085,0.391514,-1.57066
-0.314536,-0.268191,0.0286722;-1.57091,0.400387,-1.57486
-0.322835,-0.278588,0.0344645;-1.62593,0.548498,-1.58887
-0.328681,-0.285763,0.0355682;-1.52699,0.541776,-1.62239
-0.330334,-0.284237,0.0305677;-1.53884,0.504222,-1.59698
-0.329232,-0.281691,0.0285723;-1.56994,0.469493,-1.57196
-0.329717,-0.281864,0.0285804;-1.57075,0.454404,-1.57083
-0.329719,-0.281928,0.0285804;-1.57089,0.494025,-1.57084
-0.335143,-0.28701,0.0310914;-1.58337,0.635061,-1.59471
-0.340485,-0.293444,0.0359195;-1.55581,0.65966,-1.62524
-0.346096,-0.298545,0.0352696;-1.44164,0.610905,-1.65953
-0.341858,-0.287263,0.0285809;-1.57067,0.471116,-1.56998
-0.342004,-0.286988,0.0287635;-1.56096,0.443037,-1.57488
-0.341922,-0.28716,0.0287416;-1.56397,0.468403,-1.57544
-0.350388,-0.291733,0.0298356;-1.59902,0.682932,-1.56621
-0.361647,-0.30716,0.0341137;-1.62191,0.769978,-1.58376
-0.374531,-0.325934,0.0355056;-1.41083,0.787969,-1.6941
-0.371979,-0.318742,0.0286129;-1.57101,0.678693,-1.57323
-0.37129,-0.318051,0.028665;-1.56579,0.607969,-1.57352
-0.371717,-0.317982,0.0286653;-1.56582,0.584649,-1.57357
-0.372941,-0.318487,0.028877;-1.57941,0.676868,-1.57282
-0.380338,-0.322786,0.031527;-1.61909,0.764652,-1.5603
-0.39045,-0.334736,0.0363703;-1.63138,0.829011,-1.57345
-0.404432,-0.346343,0.0287787;-1.57061,0.829809,-1.58036
-0.404205,-0.346509,0.0286175;-1.57093,0.82314,-1.56877
-0.404675,-0.346785,0.0285788;-1.57076,0.79869,-1.57093
-0.404942,-0.346864,0.0287009;-1.57083,0.852237,-1.57666
-0.408261,-0.348414,0.0301357;-1.5827,0.908523,-1.58392
-0.414579,-0.354947,0.0352343;-1.60248,0.9811,-1.59493
-0.420227,-0.353753,0.0285809;-1.57327,0.875499,-1.57068
-0.419193,-0.3532,0.0285781;-1.57138,0.824922,-1.57023
-0.419328,-0.353182,0.0287331;-1.56005,0.807894,-1.57841
-0.42072,-0.353659,0.0287637;-1.57498,0.918527,-1.57377
-0.429586,-0.356589,0.0303983;-1.61015,1.0262,-1.55816
-0.443432,-0.367422,0.0345363;-1.58162,1.11148,-1.61005
-0.453973,-0.370128,0.0319426;-1.4332,1.03694,-1.68566
-0.44946,-0.36663,0.0285594;-1.57021,0.968071,-1.57012
-0.449376,-0.366556,0.0285805;-1.56913,0.92545,-1.57168
-0.449608,-0.366719,0.0285833;-1.57144,0.938234,-1.57046
-0.452892,-0.366212,0.0292458;-1.6099,1.01926,-1.54479
-0.464458,-0.36784,0.0329552;-1.6754,1.12879,-1.50955
-0.493084,-0.377696,0.0331988;-1.35117,1.196,-1.78183
-0.493033,-0.379278,0.0285917;-1.58863,1.24449,-1.55341
-0.493449,-0.379532,0.0285851;-1.5714,1.21122,-1.56995
-0.493685,-0.379537,0.0285864;-1.57006,1.15985,-1.57117
-0.494208,-0.379322,0.0287066;-1.57202,1.20226,-1.57538
-0.49861,-0.378658,0.0298378;-1.64122,1.27616,-1.51719
-0.516647,-0.379462,0.037261;-1.47023,1.36626,-1.68957
-0.518452,-0.377834,0.0297923;-1.5069,1.29715,-1.64022
-0.516833,-0.377406,0.0285792;-1.57095,1.2537,-1.57063
-0.518062,-0.377105,0.0286856;-1.56084,1.2258,-1.57839
-0.51774,-0.377242,0.0285798;-1.57052,1.26057,-1.571
-0.518836,-0.378727,0.0287116;-1.57289,1.35713,-1.57482
-0.522578,-0.379145,0.0405248;-1.66675,1.43783,-1.50004
-0.526888,-0.380175,0.036967;-1.42485,1.3621,-1.72134
-0.524722,-0.377992,0.0286204;-1.59208,1.26712,-1.54731
-0.530586,-0.376986,0.0288838;-1.54436,1.06137,-1.59201
-0.530595,-0.376842,0.0287864;-1.55978,1.07365,-1.57588
-0.528932,-0.376587,0.0288487;-1.57763,1.16576,-1.5535
-0.547902,-0.381787,0.0413224;-1.88871,1.41248,-1.28077
-0.564962,-0.384701,0.0416217;-1.49694,1.41278,-1.63558
-0.577036,-0.386666,0.0313683;-1.30418,1.37887,-1.819
-0.580448,-0.384656,0.0288944;-1.54598,1.2226,-1.58742
-0.580915,-0.384508,0.0288736;-1.55385,1.21801,-1.57845
-0.579403,-0.38457,0.0288597;-1.56601,1.23049,-1.5634
-0.579403,-0.38457,0.0288597;-1.56601,1.23049,-1.5634
-0.575937,-0.384695,0.0317507;-1.72852,1.32056,-1.4103
-0.575937,-0.384695,0.0317507;-1.72852,1.32056,-1.4103
