-0.125,0.125,0.06;-1.57,-2.98023e-08,-1.57
-0.125,0.125,0.06;-1.57,-2.98023e-08,-1.57
-0.125,0.125,0.06;-1.57,-2.98023e-08,-1.57
-0.125039,0.129715,0.0286049;-1.56961,-0.222566,-1.57051
-0.125909,0.127915,0.028645;-1.57133,-0.144817,-1.57337
-0.127601,0.119913,0.0303872;-1.58942,-0.0413167,-1.59495
-0.125969,0.097197,0.0335559;-1.5097,0.0112213,-1.59469
-0.130225,0.104037,0.0287976;-1.56707,-0.124421,-1.55667
-0.130651,0.103066,0.0289131;-1.55655,-0.158073,-1.56636
-0.131436,0.10288,0.0286024;-1.56974,-0.186356,-1.57076
-0.131528,0.10247,0.0286697;-1.57247,-0.107842,-1.57402
-0.134558,0.0942393,0.0304616;-1.59328,-0.00169718,-1.5925
-0.135067,0.0786774,0.0348846;-1.61218,0.112954,-1.62824
-0.138042,0.0699274,0.0296342;-1.56915,0.0521617,-1.58777
-0.14011,0.0726598,0.02878;-1.56862,-0.0430868,-1.56313
-0.140604,0.0719451,0.0291276;-1.55329,-0.078491,-1.56047
-0.13981,0.0731758,0.0285826;-1.57105,-0.0382029,-1.57231
-0.141709,0.0689249,0.0298189;-1.58899,0.0416511,-1.58661
-0.143199,0.0575704,0.0344907;-1.61165,0.134348,-1.62231
-0.145242,0.0455333,0.0338327;-1.59259,0.176322,-1.61971
-0.148879,0.0458746,0.029493;-1.57216,0.11553,-1.59141
-0.148084,0.0483943,0.0286038;-1.57064,0.0414199,-1.56901
-0.148782,0.0472023,0.0290395;-1.55896,-0.0191737,-1.56026
-0.148352,0.0486671,0.0285643;-1.57126,0.0375174,-1.57071
-0.150774,0.0435943,0.0305646;-1.59535,0.118451,-1.59232
-0.154139,0.0317139,0.0337434;-1.59916,0.188221,-1.61492
-0.15628,0.0293338,0.0288537;-1.57205,0.131841,-1.58216
-0.156123,0.0304888,0.0286482;-1.56753,0.03101,-1.57081
-0.156321,0.0302253,0.0287323;-1.56395,0.0218563,-1.57022
-0.155808,0.0312651,0.0286809;-1.56969,0.0705379,-1.56456
-0.157991,0.0266197,0.0322278;-1.60477,0.197184,-1.59617
-0.15827,0.0143826,0.0355767;-1.61967,0.259328,-1.62444
-0.16009,0.0119826,0.0318162;-1.57007,0.20933,-1.60945
-0.160587,0.0176326,0.02858;-1.57077,0.100163,-1.57081
-0.161295,0.0173349,0.028673;-1.566,0.0648916,-1.5712
-0.160817,0.0175173,0.0286394;-1.56784,0.100731,-1.57105
-0.162643,0.0146935,0.0295776;-1.58147,0.213438,-1.58485
-0.165132,0.00646315,0.0339544;-1.61077,0.28694,-1.60577
-0.167159,-0.00462819,0.0343384;-1.54978,0.262538,-1.62138
-0.16673,0.000122925,0.028583;-1.5714,0.13168,-1.57104
-0.166854,-0.000138288,0.0287619;-1.56307,0.11798,-1.57277
-0.167189,-0.000400998,0.0286798;-1.56597,0.116678,-1.57134
-0.168085,-0.00308118,0.0289582;-1.57754,0.259468,-1.58172
-0.170418,-0.00912943,0.0316432;-1.58385,0.318023,-1.6075
-0.173142,-0.0143252,0.0355912;-1.62117,0.348762,-1.61652
-0.175704,-0.00938806,0.0286188;-1.56857,0.148588,-1.56836
-0.175754,-0.0094122,0.0286944;-1.57002,0.118185,-1.56588
-0.176191,-0.0101435,0.0286873;-1.56613,0.109809,-1.57198
-0.176929,-0.0116446,0.0287707;-1.57167,0.258416,-1.5787
-0.180117,-0.0198528,0.0310565;-1.57816,0.338561,-1.6035
-0.181649,-0.0336259,0.0353216;-1.57642,0.416968,-1.63801
-0.183864,-0.027959,0.0286899;-1.57009,0.197263,-1.57658
-0.183744,-0.0275848,0.0287593;-1.56809,0.11695,-1.56126
-0.184812,-0.0290434,0.0292746;-1.54358,0.0756541,-1.56606
-0.185034,-0.0284021,0.0289121;-1.57917,0.258882,-1.57772
-0.189881,-0.039306,0.0314011;-1.58748,0.364778,-1.60068
-0.191253,-0.0576145,0.035428;-1.58066,0.457659,-1.6363
-0.196779,-0.0535725,0.0292294;-1.57376,0.255546,-1.58594
-0.195579,-0.05023,0.0285595;-1.57159,0.167678,-1.57046
-0.196779,-0.0511,0.0288187;-1.55987,0.0772141,-1.57094
-0.196251,-0.0502483,0.0287769;-1.56994,0.124348,-1.56235
-0.198489,-0.0536419,0.0298621;-1.59668,0.233015,-1.578
-0.202778,-0.0681585,0.0344411;-1.61411,0.343845,-1.61419
-0.207991,-0.0799417,0.0316856;-1.56169,0.329034,-1.61693
-0.207335,-0.072197,0.02881;-1.57051,0.212497,-1.5818
-0.20665,-0.0699719,0.0285531;-1.56972,0.12111,-1.57098
-0.206709,-0.0700656,0.0285802;-1.57079,0.101739,-1.57084
-0.207394,-0.0694089,0.0286004;-1.57181,0.197492,-1.57031
-0.211408,-0.0761019,0.0307155;-1.60356,0.291038,-1.57626
-0.217055,-0.103898,0.0343902;-1.59735,0.369936,-1.6248
-0.219775,-0.10473,0.0312907;-1.55628,0.3182,-1.6105
-0.219246,-0.0996669,0.0287391;-1.57079,0.240664,-1.57851
-0.21944,-0.098858,0.0286305;-1.56842,0.149039,-1.571
-0.219163,-0.0987825,0.0285698;-1.57174,0.192976,-1.57109
-0.22078,-0.0999549,0.0291341;-1.58772,0.246319,-1.57736
-0.230112,-0.127556,0.0362586;-1.56952,0.419919,-1.62626
-0.234257,-0.133381,0.0330009;-1.53637,0.372279,-1.6289
-0.234471,-0.128142,0.0287951;-1.57135,0.312691,-1.58082
-0.233768,-0.126279,0.0286783;-1.56593,0.215443,-1.57165
-0.233461,-0.125948,0.0285795;-1.57098,0.245685,-1.5709
-0.234479,-0.12672,0.0289401;-1.57908,0.29075,-1.57981
-0.243545,-0.146718,0.0365728;-1.62981,0.474122,-1.61836
-0.248696,-0.151611,0.0322152;-1.57781,0.411827,-1.60549
-0.250891,-0.147598,0.0285995;-1.57073,0.346761,-1.57164
-0.251348,-0.147782,0.0287777;-1.56221,0.279369,-1.57184
-0.251383,-0.147735,0.0285893;-1.57128,0.308854,-1.57143
-0.252844,-0.149729,0.0289503;-1.57742,0.384819,-1.58
-0.26076,-0.167322,0.0372454;-1.62453,0.542196,-1.62034
-0.265099,-0.175266,0.0333012;-1.56454,0.47911,-1.62608
-0.265268,-0.168744,0.0289092;-1.57405,0.385202,-1.582
-0.266032,-0.169171,0.0290966;-1.54929,0.304806,-1.57199
-0.265456,-0.168724,0.0286653;-1.5703,0.345249,-1.56697
-0.265706,-0.168745,0.0285764;-1.57048,0.419058,-1.57116
-0.272376,-0.179631,0.0354837;-1.60551,0.531017,-1.61881
-0.275718,-0.185465,0.0321218;-1.55668,0.445474,-1.62261
-0.272605,-0.179347,0.0305671;-1.57503,0.380337,-1.60138
-0.270259,-0.175596,0.0286033;-1.56963,0.2946,-1.5711
-0.271348,-0.176063,0.0289877;-1.55448,0.28525,-1.57127
-0.270408,-0.174848,0.0287167;-1.57045,0.34349,-1.56476
-0.271464,-0.1762,0.0290762;-1.58204,0.429114,-1.57712
-0.27752,-0.188129,0.0357894;-1.59917,0.503799,-1.62752
-0.277749,-0.185567,0.0315919;-1.56811,0.397997,-1.61069
-0.273871,-0.178988,0.0287499;-1.56981,0.279286,-1.58014
-0.273656,-0.178239,0.0287534;-1.56223,0.193948,-1.57243
-0.273122,-0.178264,0.0285656;-1.57136,0.258203,-1.57051
-0.27493,-0.179209,0.0286239;-1.57097,0.363537,-1.57323
-0.285167,-0.207035,0.035024;-1.51684,0.512289,-1.64661
-0.288089,-0.207408,0.0338901;-1.52254,0.41124,-1.6359
-0.284225,-0.195027,0.028792;-1.57072,0.288951,-1.58075
-0.283709,-0.191657,0.028802;-1.56177,0.0984435,-1.57333
-0.282946,-0.192622,0.0285577;-1.57125,0.187182,-1.57013
-0.286016,-0.195275,0.0288144;-1.57366,0.309043,-1.57828
-0.297254,-0.221616,0.0351514;-1.6144,0.504298,-1.61335
-0.304561,-0.230241,0.0338891;-1.49434,0.421998,-1.62881
-0.305052,-0.219873,0.028843;-1.55708,0.31992,-1.57449
-0.304516,-0.218252,0.028685;-1.56684,0.224168,-1.57285
-0.304245,-0.218855,0.0286711;-1.5663,0.264266,-1.57191
-0.304296,-0.219137,0.0286612;-1.57134,0.321171,-1.57499
-0.317647,-0.238737,0.0354368;-1.61322,0.549765,-1.61252
-0.322254,-0.246544,0.0341998;-1.60612,0.53678,-1.6118
-0.324505,-0.245382,0.0293513;-1.57125,0.482172,-1.58828
-0.323786,-0.242347,0.0291287;-1.5495,0.345273,-1.57146
-0.323862,-0.242364,0.0288959;-1.55644,0.342309,-1.57376
-0.323543,-0.242229,0.0285765;-1.57123,0.387118,-1.57061
-0.332699,-0.250994,0.0327812;-1.61155,0.555275,-1.59085
-0.338636,-0.262674,0.0363225;-1.62264,0.633218,-1.613
-0.343479,-0.265426,0.032734;-1.57159,0.578999,-1.61688
-0.343066,-0.260117,0.0285856;-1.57028,0.459326,-1.57033
-0.34492,-0.261335,0.029019;-1.55333,0.38223,-1.57225
-0.345641,-0.261738,0.0291159;-1.55164,0.379504,-1.56978
-0.348151,-0.263809,0.0299245;-1.59393,0.500026,-1.57824
-0.356173,-0.276336,0.0352849;-1.62455,0.611005,-1.60054
-0.360998,-0.285455,0.0355314;-1.61118,0.615234,-1.61148
-0.363119,-0.280036,0.0286817;-1.57054,0.487193,-1.57575
-0.363049,-0.279782,0.0286689;-1.5661,0.457241,-1.57275
-0.363704,-0.279764,0.0287062;-1.56552,0.422494,-1.5717
-0.363656,-0.278423,0.028603;-1.57103,0.483113,-1.56911
-0.367065,-0.282686,0.0318932;-1.61141,0.550599,-1.57908
-0.373777,-0.294264,0.0366938;-1.65334,0.642194,-1.59229
-0.379759,-0.292543,0.0287863;-1.5703,0.515211,-1.5811
-0.378512,-0.291594,0.0285668;-1.56986,0.450369,-1.57092
-0.37912,-0.291547,0.0287142;-1.56377,0.420767,-1.57361
-0.379128,-0.291767,0.0287905;-1.57238,0.519697,-1.57856
-0.38195,-0.294321,0.0305508;-1.59131,0.566041,-1.58323
-0.388592,-0.302559,0.0359434;-1.6461,0.651393,-1.58178
-0.391349,-0.307275,0.0288048;-1.5711,0.49014,-1.58091
-0.390403,-0.306216,0.0285737;-1.57028,0.47428,-1.57074
-0.390727,-0.306688,0.0287886;-1.56068,0.472106,-1.57642
-0.390627,-0.307238,0.0287389;-1.57078,0.618665,-1.57819
-0.395403,-0.311365,0.0306192;-1.58312,0.681007,-1.59361
-0.401889,-0.317229,0.0350673;-1.62626,0.746511,-1.59744
-0.401131,-0.315196,0.0287587;-1.57248,0.561038,-1.57675
-0.399607,-0.314481,0.0286462;-1.57084,0.488357,-1.5675
-0.399751,-0.314723,0.0288578;-1.55687,0.477906,-1.57607
-0.399472,-0.315629,0.0285833;-1.57008,0.584495,-1.57274
-0.403992,-0.319279,0.0293497;-1.58607,0.690819,-1.57573
-0.412988,-0.330249,0.032704;-1.58898,0.792613,-1.60876
-0.415399,-0.330482,0.0318417;-1.583,0.689225,-1.60767
-0.409052,-0.323764,0.0287024;-1.57004,0.585004,-1.57756
-0.408868,-0.323824,0.028848;-1.56587,0.494333,-1.5646
-0.408415,-0.323736,0.0286938;-1.56716,0.535467,-1.57034
-0.409365,-0.323724,0.0287605;-1.57229,0.630098,-1.57712
-0.41712,-0.330538,0.030542;-1.58692,0.738554,-1.58818
-0.429057,-0.349821,0.0340915;-1.55323,0.758373,-1.64539
-0.425779,-0.340416,0.030231;-1.56662,0.638247,-1.60103
-0.421137,-0.335592,0.0286264;-1.56956,0.528218,-1.57502
-0.423281,-0.337053,0.0291824;-1.54557,0.382615,-1.57425
-0.421214,-0.335814,0.0288529;-1.56331,0.471316,-1.56789
-0.424042,-0.335735,0.0291005;-1.5921,0.603682,-1.56452
-0.442164,-0.361792,0.0366356;-1.60659,0.762902,-1.62075
-0.448052,-0.364291,0.0320812;-1.55051,0.664037,-1.62828
-0.444978,-0.35499,0.0288063;-1.57041,0.547038,-1.58188
-0.443871,-0.352456,0.028674;-1.56593,0.404358,-1.57271
-0.443379,-0.352111,0.0285731;-1.57331,0.438934,-1.56767
-0.44353,-0.350962,0.0285938;-1.57089,0.512169,-1.56924
-0.46039,-0.370373,0.036231;-1.65428,0.72613,-1.5765
-0.468637,-0.380615,0.0317183;-1.57954,0.648474,-1.6098
-0.467847,-0.376833,0.0287139;-1.57376,0.586249,-1.57778
-0.466765,-0.373941,0.0286988;-1.56471,0.41385,-1.57333
-0.466568,-0.374035,0.0285797;-1.57075,0.450174,-1.57086
-0.467277,-0.374346,0.0288533;-1.57537,0.492286,-1.57752
-0.467277,-0.374346,0.0288533;-1.57537,0.492286,-1.57752
-0.473547,-0.379374,0.0308774;-1.60571,0.578179,-1.57432
-0.473547,-0.379374,0.0308774;-1.60571,0.578179,-1.57432
