-0.125,0.125,0.06;-1.57,-2.98023e-08,-1.57
-0.125,0.125,0.06;-1.57,-2.98023e-08,-1.57
-0.125,0.125,0.06;-1.57,-2.98023e-08,-1.57
-0.12487,0.129935,0.0286014;-1.57029,-0.221081,-1.56984
-0.125576,0.128333,0.0285826;-1.57053,-0.144282,-1.5711
-0.127648,0.12087,0.0301829;-1.59324,-0.0193132,-1.58617
-0.125998,0.0941893,0.0367087;-1.44245,0.0455357,-1.56127
-0.132206,0.0995043,0.0289738;-1.56814,-0.142726,-1.55417
-0.133438,0.0967164,0.0288336;-1.56047,-0.235353,-1.56613
-0.134344,0.0950633,0.0287868;-1.56039,-0.296218,-1.56777
-0.133824,0.0932549,0.0287161;-1.57217,-0.149444,-1.57665
-0.134401,0.0837977,0.0297915;-1.58182,-0.0347223,-1.59222
-0.130104,0.0661099,0.0332588;-1.55288,0.0559571,-1.61584
-0.134207,0.0619638,0.0323311;-1.50168,-0.0372605,-1.56671
-0.137042,0.0641008,0.0289051;-1.56908,-0.136102,-1.55666
-0.138349,0.0620726,0.0289812;-1.56074,-0.235877,-1.55889
-0.138359,0.0626541,0.0286648;-1.57086,-0.206945,-1.56674
-0.138846,0.0580772,0.029266;-1.58139,-0.0982935,-1.58795
-0.136849,0.0451866,0.0330322;-1.5951,0.00809663,-1.62086
-0.132285,0.0200586,0.034871;-1.47834,0.0372828,-1.59035
-0.137227,0.0250832,0.0320834;-1.50374,-0.052205,-1.57017
-0.140503,0.031819,0.0286909;-1.57113,-0.151534,-1.56315
-0.140524,0.031212,0.028779;-1.56227,-0.193071,-1.56793
-0.140395,0.0328493,0.028704;-1.57159,-0.0679006,-1.56488
-0.142043,0.0220431,0.0316345;-1.61451,0.0713724,-1.57826
-0.139674,0.00632554,0.0331182;-1.61426,0.16567,-1.59995
-0.140886,0.00276464,0.0287903;-1.5674,0.109588,-1.57785
-0.143023,0.00124239,0.0290943;-1.55489,-0.0492738,-1.56102
-0.14308,0.000804982,0.0289385;-1.5561,-0.0535578,-1.56727
-0.142578,0.00185968,0.0285781;-1.57111,0.0316109,-1.5707
-0.147456,-0.0170665,0.0327696;-1.60282,0.280617,-1.60136
-0.146976,-0.0295385,0.0374014;-1.59994,0.364216,-1.5946
-0.152219,-0.0392833,0.0358693;-1.49437,0.335554,-1.58074
-0.158222,-0.0396466,0.0292045;-1.55977,0.154685,-1.55334
-0.159032,-0.0411581,0.0291031;-1.55527,0.111069,-1.56268
-0.158276,-0.0407537,0.0288148;-1.56189,0.133948,-1.56949
-0.164667,-0.0503498,0.0304134;-1.58677,0.375904,-1.59113
-0.168546,-0.065983,0.0341895;-1.60081,0.47187,-1.61896
-0.173709,-0.0837498,0.0319678;-1.54586,0.497535,-1.6202
-0.18266,-0.0818976,0.0300587;-1.56267,0.286453,-1.54233
-0.189581,-0.0872657,0.0311853;-1.53288,0.16415,-1.54753
-0.194732,-0.0930571,0.0311097;-1.51166,0.089554,-1.5666
-0.192934,-0.0941448,0.0291093;-1.58485,0.29999,-1.57928
-0.19621,-0.106049,0.0322686;-1.58075,0.412364,-1.6121
-0.193824,-0.123697,0.0345234;-1.58114,0.489774,-1.63549
-0.199102,-0.118474,0.0285543;-1.57051,0.289117,-1.56927
-0.20067,-0.118886,0.0290452;-1.56352,0.206459,-1.5571
-0.20442,-0.12165,0.0301901;-1.53199,0.146034,-1.56303
-0.196561,-0.116741,0.0290657;-1.56969,0.304841,-1.55641
-0.198707,-0.123353,0.0312332;-1.6096,0.450374,-1.5779
-0.199571,-0.138233,0.0358027;-1.59738,0.571169,-1.62412
-0.205719,-0.147787,0.0287246;-1.57069,0.487711,-1.57769
-0.205563,-0.147615,0.0287928;-1.57079,0.443667,-1.56054
-0.207376,-0.148481,0.0290347;-1.55708,0.37866,-1.5667
-0.206102,-0.14757,0.0290774;-1.5561,0.431639,-1.56636
-0.20667,-0.1504,0.0305538;-1.609,0.560716,-1.56208
-0.211216,-0.159458,0.0376791;-1.70024,0.675539,-1.54357
-0.221667,-0.176069,0.0288306;-1.56461,0.688002,-1.58388
-0.221148,-0.174415,0.0285691;-1.57029,0.591177,-1.57032
-0.221989,-0.174942,0.0287325;-1.56995,0.509972,-1.56393
-0.22324,-0.175223,0.0291554;-1.5469,0.46954,-1.5749
-0.225119,-0.177655,0.0296386;-1.5924,0.563208,-1.5708
-0.233182,-0.187626,0.0340487;-1.61539,0.685087,-1.59636
-0.247642,-0.208675,0.0306063;-1.55685,0.782833,-1.60189
-0.251003,-0.208748,0.0286478;-1.57303,0.6913,-1.56469
-0.253256,-0.209867,0.0289227;-1.56767,0.596382,-1.55824
-0.256928,-0.211415,0.0290148;-1.55569,0.502165,-1.5665
-0.255198,-0.210912,0.0287923;-1.56755,0.606508,-1.5641
-0.262105,-0.219589,0.0306378;-1.59775,0.717785,-1.57058
-0.277139,-0.253089,0.0333496;-1.53451,0.859528,-1.65148
-0.278996,-0.248807,0.0312405;-1.54997,0.774831,-1.61858
-0.278145,-0.241011,0.0285929;-1.57116,0.648307,-1.57151
-0.283574,-0.243667,0.0293006;-1.55169,0.469503,-1.56388
-0.282813,-0.243841,0.0291924;-1.55764,0.505748,-1.55892
-0.280576,-0.242996,0.029182;-1.56391,0.594677,-1.56642
-0.292664,-0.271385,0.0359043;-1.57861,0.765793,-1.63217
-0.299565,-0.278253,0.0328382;-1.54297,0.720961,-1.63872
-0.29961,-0.272206,0.029063;-1.56695,0.660491,-1.58618
-0.29915,-0.271449,0.0286432;-1.56979,0.499098,-1.56892
-0.299319,-0.271474,0.0290216;-1.56153,0.516105,-1.56231
-0.297319,-0.269742,0.0296925;-1.56042,0.573991,-1.55729
-0.305975,-0.288323,0.0430393;-1.56774,0.80083,-1.59095
-0.317896,-0.305109,0.0386452;-1.49373,0.785911,-1.64036
-0.320927,-0.309948,0.0288232;-1.5707,0.799393,-1.58255
-0.31987,-0.309187,0.0285776;-1.57002,0.706169,-1.57082
-0.319604,-0.309238,0.0285782;-1.56957,0.728487,-1.57058
-0.31936,-0.308854,0.0287092;-1.57095,0.720117,-1.5773
-0.333729,-0.32159,0.0400675;-1.56523,0.922494,-1.60205
-0.34487,-0.331035,0.0411193;-1.57977,0.927984,-1.57171
-0.357378,-0.342082,0.0291526;-1.55897,0.95259,-1.57085
-0.361123,-0.344469,0.0286475;-1.57019,0.754495,-1.56799
-0.36143,-0.344484,0.0285737;-1.57133,0.74131,-1.57055
-0.360595,-0.343726,0.0286644;-1.57078,0.713053,-1.57481
-0.375568,-0.35606,0.0347288;-1.58975,0.904169,-1.60376
-0.391681,-0.367791,0.033517;-1.42033,0.924523,-1.69631
-0.393515,-0.372214,0.0324304;-1.43725,0.994792,-1.68015
-0.3965,-0.370864,0.0288019;-1.56872,0.836181,-1.56284
-0.400303,-0.370947,0.0289388;-1.55422,0.753077,-1.577
-0.398433,-0.370789,0.0286589;-1.57142,0.815485,-1.56619
-0.400739,-0.371122,0.0290135;-1.58751,0.933369,-1.56852
-0.428138,-0.397108,0.0347788;-1.38027,1.07502,-1.7574
-0.436313,-0.404214,0.0345068;-1.32673,1.07989,-1.77919
-0.432244,-0.402364,0.0286381;-1.57524,1.08413,-1.56211
-0.433777,-0.402585,0.028728;-1.56653,0.990505,-1.56961
-0.433346,-0.402457,0.028829;-1.56687,1.00862,-1.56437
-0.431239,-0.402471,0.0290503;-1.55403,1.05792,-1.57579
-0.441591,-0.416585,0.0386728;-1.57629,1.28663,-1.6005
-0.459901,-0.423684,0.0349099;-1.31187,1.25769,-1.82344
-0.462332,-0.424791,0.0307982;-1.40858,1.26588,-1.71612
-0.461516,-0.423904,0.0286328;-1.57048,1.16796,-1.56839
-0.461656,-0.423814,0.0285804;-1.57108,1.17453,-1.57027
-0.4612,-0.42339,0.0288792;-1.58119,1.17493,-1.57151
-0.474769,-0.430144,0.036992;-1.71907,1.37023,-1.46465
-0.487455,-0.431592,0.0400068;-1.62577,1.39272,-1.51236
-0.501257,-0.435301,0.0323616;-1.28593,1.37678,-1.82226
-0.5068,-0.431872,0.0289675;-1.54757,1.23183,-1.5818
-0.506796,-0.431756,0.0287129;-1.56559,1.22201,-1.57114
-0.5062,-0.431376,0.0287794;-1.57404,1.22316,-1.57641
-0.517393,-0.435321,0.0348751;-1.74589,1.36384,-1.46437
-0.531976,-0.439797,0.0326745;-1.60751,1.41799,-1.58455
-0.544209,-0.442899,0.0309824;-1.21735,1.43224,-1.91734
-0.551452,-0.438168,0.0314602;-1.50251,1.29235,-1.59698
-0.55806,-0.437524,0.0293801;-1.53419,1.20982,-1.59014
-0.557363,-0.437728,0.0286306;-1.57206,1.22667,-1.56683
-0.562441,-0.439039,0.032265;-1.63667,1.30011,-1.5513
-0.572308,-0.445292,0.0356144;-1.76658,1.38863,-1.45117
-0.588052,-0.448455,0.0316302;-1.36752,1.43542,-1.79946
-0.591711,-0.449468,0.0289092;-1.562,1.43734,-1.56504
-0.594543,-0.447278,0.0292084;-1.51796,1.35966,-1.6043
-0.596346,-0.446985,0.0295956;-1.4786,1.34036,-1.64416
-0.592744,-0.448151,0.029509;-1.63994,1.40994,-1.51784
-0.596193,-0.45047,0.0349433;-2.29215,1.50075,-0.907426
-0.609211,-0.453929,0.0351141;3.06765,1.53317,0.00616323
-0.625882,-0.455135,0.0286415;1.57552,1.51276,1.56992
-0.627685,-0.453961,0.0288395;-1.43672,1.5472,-1.69564
-0.629849,-0.452315,0.0290496;-1.47873,1.47382,-1.64882
-0.628229,-0.452921,0.0286817;-1.55869,1.53187,-1.58845
-0.631966,-0.453331,0.0322575;1.85563,1.48933,1.26133
-0.638205,-0.45656,0.0392459;1.94609,1.35806,1.14402
-0.658001,-0.456163,0.0289213;1.50211,1.34497,1.63662
-0.658,-0.455876,0.0287948;1.57283,1.40006,1.57947
-0.659205,-0.454095,0.0289132;1.51317,1.48411,1.63919
-0.659027,-0.454079,0.0289527;1.39164,1.47688,1.75065
-0.661348,-0.455024,0.0305621;1.60623,1.42776,1.50554
-0.669242,-0.45588,0.0352039;1.71241,1.32467,1.3679
-0.694214,-0.449896,0.0287201;1.55793,1.31722,1.58732
-0.695608,-0.449386,0.0288613;1.57068,1.36182,1.58433
-0.698316,-0.446249,0.0289733;1.49419,1.4887,1.65979
-0.699234,-0.445091,0.0293133;1.06782,1.51361,2.0786
-0.698295,-0.446372,0.0303769;1.36593,1.53015,1.75319
-0.703011,-0.448315,0.0345839;1.8395,1.46121,1.23952
-0.724951,-0.446881,0.0292777;1.55335,1.37692,1.57164
-0.726105,-0.447274,0.0285676;1.57137,1.377,1.57061
-0.728116,-0.445967,0.0288168;1.54466,1.47194,1.60643
-0.730338,-0.443205,0.0298959;1.12435,1.52206,2.03929
-0.72616,-0.444188,0.0314042;0.921599,1.49263,2.22824
-0.724865,-0.446792,0.0324109;1.50233,1.46991,1.60828
-0.748106,-0.445568,0.0315167;1.53543,1.34869,1.56593
-0.752744,-0.445425,0.0287772;1.56968,1.30585,1.56252
-0.753046,-0.445735,0.0285801;1.57116,1.31473,1.57046
-0.753596,-0.445914,0.0289366;1.51814,1.44139,1.63352
-0.751229,-0.447137,0.0297814;1.41229,1.41242,1.7421
-0.744072,-0.449165,0.0349831;1.10184,1.36275,2.04588
-0.754474,-0.452872,0.0372182;1.84687,1.20057,1.25866
-0.768372,-0.448607,0.0296485;1.55203,1.18583,1.56861
-0.771871,-0.448173,0.0286053;1.57078,1.14185,1.56968
-0.771757,-0.448682,0.028637;1.571,1.22057,1.57333
-0.77144,-0.449643,0.0290083;1.55605,1.19003,1.59954
-0.77005,-0.44945,0.029073;1.52865,1.19912,1.60963
-0.780399,-0.448926,0.0412308;1.55787,1.04737,1.55956
-0.7931,-0.441971,0.0376214;1.57879,1.04329,1.55869
-0.801513,-0.439112,0.0285941;1.57131,1.03486,1.57143
-0.801978,-0.439369,0.0285746;1.57036,1.18983,1.57121
-0.801878,-0.439442,0.028633;1.57113,1.19043,1.57305
-0.801207,-0.439411,0.0286156;1.56977,1.19345,1.56974
-0.808662,-0.437805,0.0357848;1.43377,1.08898,1.65329
-0.822674,-0.431084,0.0339289;1.40847,1.07877,1.69329
-0.825747,-0.429849,0.0285248;1.57332,1.06603,1.56996
-0.826659,-0.427907,0.0287458;1.56764,1.16046,1.58106
-0.827576,-0.426983,0.028681;1.57016,1.21508,1.57607
-0.827044,-0.427239,0.0285809;1.57164,1.20295,1.56767
-0.827044,-0.427239,0.0285809;1.57164,1.20295,1.56767
-0.823473,-0.427662,0.0306658;1.54378,1.2289,1.5722
-0.823473,-0.427662,0.0306658;1.54378,1.2289,1.5722
