-0.125,0.125,0.06;-1.57,-2.98023e-08,-1.57
-0.125,0.125,0.06;-1.57,-2.98023e-08,-1.57
-0.125,0.125,0.06;-1.57,-2.98023e-08,-1.57
-0.125013,0.128263,0.028444;-1.56583,-0.246186,-1.57013
-0.125275,0.127189,0.0285748;-1.57084,-0.186108,-1.5706
-0.126382,0.122136,0.0303126;-1.5971,-0.0832974,-1.58758
-0.127296,0.112505,0.0354846;-1.64593,0.028525,-1.5905
-0.127159,0.108278,0.0287107;-1.56989,-0.157722,-1.56421
-0.128526,0.105583,0.0286316;-1.57063,-0.280998,-1.56825
-0.129572,0.102873,0.0289242;-1.55739,-0.363318,-1.56194
-0.128911,0.105075,0.0287739;-1.56757,-0.285985,-1.56375
-0.129289,0.10333,0.0293302;-1.58836,-0.200941,-1.58079
-0.128091,0.0912783,0.0359571;-1.64432,-0.0783486,-1.6058
-0.130614,0.0838537,0.0303487;-1.58872,-0.149592,-1.56306
-0.130128,0.0833189,0.0286904;-1.56952,-0.206638,-1.56384
-0.130655,0.0815515,0.0286798;-1.56942,-0.291052,-1.56685
-0.131029,0.081412,0.0286613;-1.5708,-0.293781,-1.57466
-0.13119,0.079661,0.0297351;-1.58348,-0.259266,-1.59348
-0.130103,0.0718495,0.0339741;-1.60456,-0.182006,-1.6313
-0.129821,0.0670576,0.0348431;-1.62084,-0.185018,-1.61813
-0.133678,0.072786,0.0313642;-1.62485,-0.28673,-1.58486
-0.13326,0.0719631,0.0288306;-1.57103,-0.387389,-1.55897
-0.133053,0.0673788,0.0289265;-1.56158,-0.495959,-1.5579
-0.13301,0.068613,0.0285739;-1.57095,-0.414817,-1.57101
-0.130712,0.0622685,0.0297237;-1.57755,-0.329114,-1.58896
-0.125752,0.0504718,0.0334441;-1.50871,-0.328228,-1.57437
-0.128684,0.0520604,0.0311308;-1.51499,-0.416952,-1.54577
-0.130503,0.0474208,0.0294443;-1.54212,-0.598905,-1.54547
-0.130643,0.0452799,0.0289689;-1.55162,-0.623087,-1.5563
-0.130508,0.0467285,0.0285881;-1.57191,-0.561329,-1.56999
-0.126991,0.0293432,0.0335941;-1.6112,-0.332767,-1.6327
-0.117199,0.012583,0.0350425;-1.58054,-0.279071,-1.64215
-0.117205,0.00650283,0.0313029;-1.55975,-0.372163,-1.60092
-0.121998,0.00855761,0.0288093;-1.56824,-0.640756,-1.56041
-0.122916,0.00407931,0.0293663;-1.54265,-0.723534,-1.54376
-0.122875,0.00384315,0.0292117;-1.54768,-0.720418,-1.54958
-0.12381,0.00433492,0.0300162;-1.6049,-0.572097,-1.59186
-0.119902,-0.00824053,0.0364457;-1.68759,-0.458065,-1.65774
-0.110646,-0.0291222,0.0357963;-1.5328,-0.466208,-1.58408
-0.111766,-0.0330037,0.0290752;-1.56621,-0.548814,-1.54851
-0.111514,-0.036042,0.0292662;-1.55093,-0.619744,-1.54636
-0.111563,-0.0385368,0.0295072;-1.54031,-0.648268,-1.54135
-0.111353,-0.0361414,0.0287585;-1.57883,-0.544604,-1.57291
-0.109057,-0.0427821,0.0332601;-1.64209,-0.437449,-1.62726
-0.102695,-0.0540892,0.0374969;-1.64591,-0.359724,-1.66234
-0.10529,-0.0557298,0.0287715;-1.57047,-0.545672,-1.57988
-0.105335,-0.0552963,0.0286535;-1.57069,-0.584757,-1.56715
-0.105613,-0.0573858,0.0288045;-1.5623,-0.635878,-1.56184
-0.106179,-0.0552473,0.0292958;-1.56366,-0.55481,-1.55399
-0.102438,-0.0564957,0.0317314;-1.55528,-0.480075,-1.56844
-0.094674,-0.060862,0.0390848;-1.57475,-0.370298,-1.60362
-0.100869,-0.0582171,0.0288487;-1.56354,-0.590527,-1.55989
-0.10123,-0.0587322,0.0291327;-1.55672,-0.640644,-1.54709
-0.100921,-0.0611247,0.0293765;-1.53557,-0.672729,-1.54079
-0.100673,-0.0563094,0.0292987;-1.56596,-0.517845,-1.55165
-0.097022,-0.0631817,0.0316967;-1.62444,-0.38525,-1.60526
-0.0887513,-0.0721963,0.0376427;-1.62342,-0.262448,-1.63483
-0.0954778,-0.0587291,0.0289265;-1.57453,-0.445612,-1.58535
-0.0960143,-0.0559605,0.0285557;-1.57083,-0.562934,-1.56967
-0.0969514,-0.0554301,0.0286424;-1.56708,-0.637094,-1.56864
-0.096518,-0.0557995,0.0285695;-1.5711,-0.562918,-1.57064
-0.0971274,-0.0601177,0.0304454;-1.61022,-0.452059,-1.59373
-0.0951591,-0.0693462,0.0377252;-1.70787,-0.313472,-1.64244
-0.090571,-0.0857897,0.0317315;-1.56148,-0.27938,-1.57808
-0.0923898,-0.0891914,0.0294681;-1.53655,-0.370664,-1.55399
-0.0936227,-0.0899973,0.0290609;-1.55746,-0.43522,-1.55406
-0.093427,-0.0888796,0.0292227;-1.54284,-0.426259,-1.55334
-0.0930593,-0.0863315,0.0286807;-1.57765,-0.354677,-1.56814
-0.0946122,-0.0880565,0.0311486;-1.61937,-0.250866,-1.58997
-0.0944445,-0.103287,0.0399461;-1.71207,-0.115396,-1.61863
-0.094475,-0.106846,0.036277;-1.67601,-0.153861,-1.59712
-0.0934405,-0.110524,0.0285541;-1.57004,-0.233026,-1.57111
-0.0941029,-0.113109,0.0285808;-1.57072,-0.388036,-1.57061
-0.0940635,-0.112958,0.0285793;-1.5708,-0.349131,-1.57083
-0.0942463,-0.114034,0.0289788;-1.57806,-0.296197,-1.58528
-0.0890769,-0.126585,0.0402711;-1.68969,-0.0767345,-1.63407
-0.0913548,-0.122083,0.0406065;-1.64803,-0.182578,-1.59524
-0.0925066,-0.114542,0.0291897;-1.56946,-0.292339,-1.5525
-0.0940488,-0.121881,0.0294239;-1.54072,-0.399337,-1.54961
-0.0931441,-0.119497,0.0290393;-1.55944,-0.326926,-1.55582
-0.0915861,-0.118828,0.0288937;-1.55661,-0.222097,-1.56633
-0.0845358,-0.132501,0.0366986;-1.56933,-0.0851503,-1.61523
-0.0873263,-0.132844,0.037978;-1.61571,-0.191518,-1.60562
-0.0921293,-0.123848,0.0288122;-1.57293,-0.306098,-1.56462
-0.0909906,-0.129952,0.0288463;-1.55608,-0.577792,-1.56216
-0.0909416,-0.129868,0.0285695;-1.57132,-0.543016,-1.57113
-0.0911164,-0.132856,0.0290755;-1.5865,-0.44965,-1.58762
-0.0805963,-0.158275,0.0365434;-1.60221,-0.235391,-1.65176
-0.0821573,-0.162923,0.0355159;-1.60936,-0.327436,-1.62795
-0.0862022,-0.162946,0.0285893;-1.56936,-0.407494,-1.57219
-0.0870393,-0.173849,0.030017;-1.53526,-0.616107,-1.53482
-0.0863878,-0.178318,0.0309695;-1.50009,-0.637899,-1.52209
-0.0863669,-0.172998,0.0292121;-1.55476,-0.592783,-1.54468
-0.0808922,-0.185613,0.0352141;-1.61912,-0.396819,-1.6338
-0.0728712,-0.207237,0.0331349;-1.54307,-0.42462,-1.5891
-0.0708596,-0.212735,0.0311538;-1.53487,-0.412664,-1.567
-0.0715161,-0.215661,0.0290167;-1.57074,-0.559563,-1.5598
-0.0715121,-0.223283,0.0292126;-1.55166,-0.664824,-1.55227
-0.0717735,-0.222253,0.0286951;-1.57128,-0.635119,-1.56522
-0.0720725,-0.223673,0.0293649;-1.59521,-0.565102,-1.59205
-0.0608925,-0.245078,0.0357386;-1.60366,-0.418709,-1.6498
-0.0601961,-0.25078,0.0308224;-1.56049,-0.505499,-1.59659
-0.0631045,-0.248455,0.0285713;-1.57287,-0.585343,-1.56994
-0.0625737,-0.256781,0.0294118;-1.55008,-0.735393,-1.54083
-0.0627238,-0.255983,0.0303559;-1.5378,-0.712956,-1.5267
-0.0626649,-0.251553,0.0315135;-1.50967,-0.640655,-1.51618
-0.052468,-0.262027,0.0377969;-1.47229,-0.517103,-1.54957
-0.0511993,-0.268813,0.0368908;-1.41252,-0.618628,-1.49964
-0.061732,-0.261457,0.0286423;-1.57844,-0.741181,-1.57381
-0.0611309,-0.264141,0.0289571;-1.54783,-0.880864,-1.54946
-0.0615592,-0.262843,0.0289144;-1.56055,-0.832745,-1.55406
-0.0605311,-0.263173,0.0291704;-1.57666,-0.726781,-1.56304
-0.0382877,-0.273551,0.0352099;-1.57725,-0.477323,-1.63046
-0.0416531,-0.27124,0.0352433;-1.61857,-0.549301,-1.64132
-0.0462329,-0.268072,0.0288113;-1.57052,-0.662401,-1.58156
-0.0476582,-0.267131,0.0287601;-1.55824,-0.816196,-1.56145
-0.0476653,-0.266631,0.0288814;-1.55514,-0.78753,-1.55616
-0.0484875,-0.264421,0.0290383;-1.56679,-0.701645,-1.54902
-0.044291,-0.280874,0.0422367;-1.6313,-0.443225,-1.60403
-0.0361187,-0.295366,0.0421013;-1.56795,-0.398993,-1.57348
-0.0319363,-0.308204,0.0339355;-1.45451,-0.441075,-1.51474
-0.0347693,-0.307196,0.0288941;-1.56178,-0.565421,-1.55854
-0.0345634,-0.307523,0.02876;-1.56271,-0.577461,-1.5645
-0.0343754,-0.305812,0.0285682;-1.57127,-0.513569,-1.57078
-0.0356551,-0.310542,0.0345921;-1.67305,-0.314522,-1.6095
-0.0324115,-0.316295,0.0413144;-1.71532,-0.194609,-1.64689
-0.0320068,-0.320084,0.0372511;-1.67475,-0.206483,-1.62212
-0.031619,-0.324531,0.0285977;-1.57105,-0.333587,-1.56963
-0.0315563,-0.324517,0.0285795;-1.57078,-0.371433,-1.57073
-0.0315344,-0.324417,0.0285812;-1.57065,-0.357235,-1.57063
-0.0315717,-0.325704,0.0294598;-1.58884,-0.246348,-1.58335
-0.0318664,-0.328656,0.0373492;-1.62583,-0.134616,-1.59171
-0.0310577,-0.33731,0.04333;-1.59548,-0.101653,-1.56996
-0.0340004,-0.339633,0.0300584;-1.54577,-0.290912,-1.5433
-0.0348249,-0.341245,0.029147;-1.55207,-0.345267,-1.55468
-0.0347146,-0.341281,0.0290228;-1.55547,-0.346687,-1.55861
-0.0337972,-0.341751,0.0288726;-1.57384,-0.140807,-1.58223
-0.0310979,-0.345986,0.0317025;-1.56764,-0.0602421,-1.59985
-0.0301845,-0.345001,0.039656;-1.658,0.0226712,-1.62025
-0.0357042,-0.331713,0.0287256;-1.57382,-0.19383,-1.56741
-0.0351125,-0.334296,0.0287154;-1.57135,-0.323252,-1.56403
-0.0366126,-0.33782,0.0287815;-1.56003,-0.444437,-1.56602
-0.036763,-0.340234,0.0287805;-1.57276,-0.333806,-1.57904
-0.0351952,-0.352958,0.0314627;-1.59183,-0.220674,-1.60855
-0.0310864,-0.365189,0.0355919;-1.61251,-0.100564,-1.62957
-0.0374601,-0.37693,0.0325025;-1.51822,-0.238548,-1.52979
-0.0396054,-0.378827,0.0302205;-1.55834,-0.337909,-1.53814
-0.0416455,-0.387391,0.0296915;-1.53724,-0.444863,-1.54524
-0.0410419,-0.386879,0.0286635;-1.56704,-0.394134,-1.5688
-0.04097,-0.393729,0.0305648;-1.59838,-0.301407,-1.6005
-0.0403802,-0.404596,0.0357737;-1.64145,-0.18713,-1.63922
-0.0385434,-0.429274,0.0292153;-1.58021,-0.199946,-1.5744
-0.0388689,-0.432495,0.0288117;-1.5711,-0.290004,-1.55986
-0.0398108,-0.436599,0.0290889;-1.56659,-0.378033,-1.55853
-0.03978,-0.439026,0.0286154;-1.57099,-0.412248,-1.569
-0.0401883,-0.439876,0.0290636;-1.58119,-0.375486,-1.58819
-0.0389985,-0.447777,0.0336301;-1.61435,-0.305269,-1.62971
-0.0336692,-0.469533,0.0312941;-1.59092,-0.276817,-1.60433
-0.0352297,-0.472332,0.0288682;-1.57055,-0.355099,-1.55695
-0.0356569,-0.477017,0.0298428;-1.56337,-0.427612,-1.54377
-0.0374744,-0.489742,0.0299184;-1.53636,-0.563069,-1.5392
-0.0356701,-0.487559,0.0291983;-1.54039,-0.502638,-1.55279
-0.0330648,-0.488284,0.0300077;-1.57445,-0.419256,-1.59699
-0.0273174,-0.499073,0.0343709;-1.59965,-0.355545,-1.63971
-0.0308247,-0.498027,0.0292905;-1.57294,-0.449461,-1.58788
-0.03199,-0.495949,0.0286398;-1.57087,-0.583166,-1.56726
-0.032728,-0.501474,0.0292502;-1.54833,-0.726781,-1.54799
-0.0328947,-0.5,0.0288138;-1.56954,-0.680744,-1.55929
-0.0301277,-0.501998,0.028973;-1.58339,-0.545107,-1.58599
-0.0129268,-0.516399,0.035537;-1.58313,-0.400273,-1.64494
-0.0115572,-0.521784,0.0318266;-1.55104,-0.503735,-1.60258
-0.0170704,-0.516376,0.0287367;-1.57002,-0.614374,-1.57825
-0.017549,-0.52263,0.0294376;-1.53211,-0.79284,-1.53497
-0.0184452,-0.522946,0.0321821;-1.47025,-0.747722,-1.4899
-0.0183129,-0.516514,0.0321283;-1.52642,-0.626613,-1.50777
-0.00519356,-0.532837,0.0384247;-1.59088,-0.355569,-1.61552
0.000426953,-0.546611,0.0333673;-1.58815,-0.401134,-1.62069
-0.000158203,-0.547592,0.0288324;-1.57063,-0.44746,-1.58286
-0.000921509,-0.54774,0.0287017;-1.56535,-0.583495,-1.56636
-0.000883447,-0.547063,0.0288181;-1.56228,-0.557736,-1.56209
-0.00170521,-0.545865,0.0289445;-1.57833,-0.506277,-1.56333
-0.00170521,-0.545865,0.0289445;-1.57833,-0.506277,-1.56333
-0.000825137,-0.547743,0.0329788;-1.64812,-0.401168,-1.60136
-0.000825137,-0.547743,0.0329788;-1.64812,-0.401168,-1.60136
