-0.125,0.125,0.06;-1.57,-2.98023e-08,-1.57
-0.125,0.125,0.06;-1.57,-2.98023e-08,-1.57
-0.125,0.125,0.06;-1.57,-2.98023e-08,-1.57
-0.124825,0.129945,0.0285475;-1.57174,-0.212634,-1.57116
-0.125435,0.129298,0.0286124;-1.57222,-0.174201,-1.57153
-0.127765,0.123148,0.030286;-1.60127,-0.0772699,-1.58596
-0.128994,0.104126,0.0335039;-1.57356,0.00943859,-1.58064
-0.131636,0.103352,0.0288207;-1.57105,-0.113147,-1.55928
-0.132941,0.0993727,0.0288974;-1.55982,-0.178428,-1.56425
-0.134742,0.0960826,0.0287701;-1.56348,-0.282427,-1.56661
-0.134924,0.0953377,0.0285513;-1.56983,-0.203584,-1.57077
-0.134742,0.0892109,0.0295737;-1.57843,-0.10993,-1.58831
-0.130953,0.0766415,0.0337364;-1.52361,-0.0309882,-1.60517
-0.130454,0.0692916,0.0301083;-1.55551,-0.0533609,-1.58603
-0.132705,0.0729972,0.0286839;-1.57104,-0.150854,-1.57609
-0.132578,0.0744142,0.02865;-1.5685,-0.226563,-1.569
-0.132742,0.0755468,0.0287375;-1.57008,-0.231967,-1.56227
-0.133406,0.0779556,0.0298719;-1.58033,-0.176216,-1.5599
-0.13576,0.0791442,0.0367039;-1.69992,-0.0529578,-1.57402
-0.138884,0.0462951,0.0359203;-1.6113,0.0971341,-1.59419
-0.139812,0.0402874,0.0287605;-1.5715,0.0371635,-1.57966
-0.139916,0.0423713,0.0286305;-1.57107,-0.0220771,-1.57335
-0.139891,0.0424523,0.0285792;-1.57052,-0.0311555,-1.57056
-0.140496,0.0424061,0.0285976;-1.5702,0.0472354,-1.56917
-0.144625,0.036895,0.0307069;-1.60233,0.154015,-1.58177
-0.14834,0.0222609,0.0342246;-1.64034,0.22978,-1.57725
-0.152743,0.00225253,0.029659;-1.54375,0.25033,-1.57619
-0.154892,4.04492e-05,0.0287832;-1.56783,0.138752,-1.56438
-0.156313,-0.00177069,0.0286891;-1.5684,0.0561654,-1.56792
-0.156448,-0.00181245,0.0285792;-1.57087,0.0539739,-1.57079
-0.158134,-0.0041915,0.0314316;-1.59244,0.108864,-1.59686
-0.159493,-0.0125422,0.0363671;-1.60662,0.182471,-1.60834
-0.161034,-0.0318593,0.0312318;-1.56196,0.251186,-1.60081
-0.160666,-0.0348622,0.0286835;-1.57105,0.17862,-1.56562
-0.162196,-0.0357995,0.0287617;-1.56632,0.125444,-1.56716
-0.162718,-0.0357772,0.0289849;-1.55718,0.117019,-1.5663
-0.161906,-0.0338028,0.030888;-1.59935,0.265954,-1.55363
-0.165468,-0.0406349,0.0368117;-1.70542,0.376325,-1.54811
-0.172886,-0.058591,0.0382731;-1.65148,0.42591,-1.57466
-0.179062,-0.0777479,0.0286256;-1.57081,0.474528,-1.57284
-0.178969,-0.0779425,0.0285797;-1.57081,0.442677,-1.57086
-0.179073,-0.0781708,0.0286144;-1.57095,0.42487,-1.56912
-0.178824,-0.0781433,0.0286792;-1.56965,0.463575,-1.57532
-0.176654,-0.0774708,0.0323257;-1.51827,0.523079,-1.60749
-0.176008,-0.0739874,0.0432008;-1.56753,0.585683,-1.57911
-0.180614,-0.0868602,0.0287962;-1.57029,0.52049,-1.56119
-0.181291,-0.0888776,0.0287072;-1.5706,0.39382,-1.56489
-0.184203,-0.0904618,0.0285857;-1.57023,0.281633,-1.57104
-0.184079,-0.0903343,0.0286344;-1.57099,0.27415,-1.57338
-0.187651,-0.0932208,0.0301898;-1.60302,0.347704,-1.57209
-0.191369,-0.0997955,0.0348349;-1.63548,0.417663,-1.58837
-0.201064,-0.118111,0.0287443;-1.57033,0.534152,-1.57913
-0.20157,-0.119226,0.0287195;-1.57085,0.53003,-1.56394
-0.202703,-0.119898,0.0287222;-1.57087,0.485168,-1.56387
-0.201351,-0.118031,0.0292493;-1.55366,0.490399,-1.56869
-0.196353,-0.113678,0.0317228;-1.51297,0.536244,-1.60381
-0.193752,-0.1131,0.0360561;-1.53318,0.57576,-1.61876
-0.200895,-0.130122,0.0288983;-1.56329,0.592594,-1.58396
-0.200487,-0.130016,0.0285715;-1.57103,0.579877,-1.57054
-0.200628,-0.130084,0.0285758;-1.57084,0.547226,-1.57056
-0.199484,-0.128235,0.028574;-1.57051,0.476298,-1.57071
-0.197082,-0.126041,0.0288467;-1.57039,0.480831,-1.57631
-0.187497,-0.114263,0.0353536;-1.65071,0.532988,-1.53173
-0.193628,-0.121209,0.0349827;-1.64184,0.604021,-1.51737
-0.19997,-0.133654,0.0287618;-1.5552,0.602323,-1.57496
-0.200401,-0.133922,0.0286158;-1.57106,0.586719,-1.56877
-0.200468,-0.133869,0.02858;-1.57081,0.568122,-1.5708
-0.200724,-0.134052,0.028715;-1.57075,0.610882,-1.57724
-0.200269,-0.134164,0.0300371;-1.5731,0.621339,-1.59031
-0.207411,-0.150138,0.0370471;-1.39751,0.68979,-1.69173
-0.211432,-0.154789,0.0336616;-1.44917,0.689064,-1.64517
-0.212262,-0.153995,0.0287499;-1.57135,0.66901,-1.56188
-0.216343,-0.15656,0.0289076;-1.56618,0.556211,-1.56427
-0.21688,-0.156741,0.0288061;-1.57095,0.518834,-1.55971
-0.21575,-0.154646,0.0287364;-1.56745,0.49025,-1.57791
-0.203029,-0.141479,0.0366724;-1.63215,0.455622,-1.58624
-0.199866,-0.14058,0.0337125;-1.64887,0.462543,-1.56769
-0.201569,-0.144709,0.028918;-1.57446,0.497181,-1.58171
-0.20195,-0.145517,0.0285781;-1.57068,0.48112,-1.57088
-0.201772,-0.145181,0.0286125;-1.571,0.488833,-1.56911
-0.200541,-0.144237,0.0287571;-1.56415,0.529402,-1.57073
-0.192351,-0.133269,0.0440964;-1.7106,0.676008,-1.49726
-0.195704,-0.13565,0.0411259;-1.84036,0.727223,-1.42254
-0.209852,-0.151796,0.0286077;-1.53909,0.780043,-1.59849
-0.210553,-0.152747,0.0287248;-1.58036,0.765537,-1.5643
-0.210302,-0.15269,0.0285854;-1.57106,0.765401,-1.57031
-0.20972,-0.151691,0.0287983;-1.57026,0.748358,-1.58152
-0.200308,-0.142587,0.0374155;-1.46507,0.687801,-1.69001
-0.192885,-0.134141,0.035746;-1.5896,0.607938,-1.59479
-0.187633,-0.130355,0.0286314;-1.57185,0.510566,-1.56705
-0.192842,-0.135139,0.0289883;-1.56743,0.354449,-1.56229
-0.194258,-0.136495,0.028793;-1.57031,0.317076,-1.56128
-0.193556,-0.135814,0.0286064;-1.57023,0.353842,-1.57005
-0.191815,-0.131802,0.0340501;-1.58409,0.362146,-1.60582
-0.192902,-0.132848,0.0312966;-1.58913,0.339956,-1.5921
-0.196234,-0.137521,0.0295933;-1.57939,0.39959,-1.58255
-0.199,-0.142343,0.0286215;-1.57137,0.478436,-1.56896
-0.199001,-0.142461,0.028676;-1.57087,0.438218,-1.56615
-0.197968,-0.141598,0.0289092;-1.56515,0.473107,-1.56276
-0.194684,-0.137602,0.0315952;-1.50585,0.491928,-1.59624
-0.183179,-0.120357,0.0404738;-1.51754,0.483626,-1.60976
-0.178836,-0.116893,0.031771;-1.54141,0.396912,-1.60634
-0.176329,-0.11437,0.028706;-1.57081,0.331183,-1.57701
-0.176062,-0.11301,0.0285795;-1.57078,0.260672,-1.57086
-0.175807,-0.112731,0.028579;-1.57104,0.272019,-1.57075
-0.175918,-0.112765,0.028672;-1.57077,0.280931,-1.57514
-0.173806,-0.110582,0.0369075;-1.59571,0.342729,-1.58971
-0.172419,-0.111939,0.03593;-1.65188,0.343601,-1.55266
-0.173306,-0.12115,0.0288074;-1.57359,0.338455,-1.56141
-0.176636,-0.124661,0.0286898;-1.57035,0.207214,-1.56587
-0.177007,-0.125563,0.0286267;-1.57093,0.163121,-1.56851
-0.177219,-0.125596,0.0287357;-1.57057,0.188713,-1.5784
-0.175329,-0.128495,0.0358844;-1.49095,0.216415,-1.62708
-0.178063,-0.134945,0.0346268;-1.47437,0.215237,-1.60762
-0.177966,-0.133474,0.0287363;-1.57087,0.223293,-1.57842
-0.177883,-0.133064,0.0285857;-1.57056,0.157065,-1.57052
-0.177821,-0.132925,0.0287185;-1.56858,0.162925,-1.56678
-0.17733,-0.131543,0.029013;-1.56139,0.183596,-1.56044
-0.167275,-0.112697,0.0376824;-1.65231,0.245193,-1.56439
-0.165753,-0.10952,0.0371982;-1.6553,0.222261,-1.56809
-0.16432,-0.113164,0.0286873;-1.56933,0.183397,-1.5774
-0.164154,-0.113188,0.028702;-1.5673,0.165887,-1.5738
-0.16449,-0.113352,0.0285798;-1.57078,0.166975,-1.57082
-0.164382,-0.113317,0.0285801;-1.57094,0.176956,-1.57078
-0.165837,-0.11923,0.030952;-1.57777,0.29362,-1.5967
-0.16503,-0.124347,0.0396583;-1.53723,0.343458,-1.60338
-0.169383,-0.13341,0.03926;-1.52685,0.33486,-1.58035
-0.173343,-0.143855,0.0287579;-1.57095,0.305427,-1.56221
-0.175273,-0.14602,0.0286509;-1.571,0.175268,-1.56727
-0.175442,-0.146455,0.0285709;-1.57099,0.148066,-1.57013
-0.175614,-0.14423,0.0294964;-1.57248,0.135581,-1.58784
-0.173526,-0.142281,0.0331812;-1.54969,0.153113,-1.61622
-0.172462,-0.141934,0.0357573;-1.52921,0.142579,-1.61925
-0.167821,-0.137796,0.0286229;-1.57091,0.0482378,-1.57282
-0.168152,-0.138168,0.0286994;-1.56655,-0.00523275,-1.56923
-0.169373,-0.139032,0.0288074;-1.56333,-0.0350941,-1.56706
-0.168035,-0.136198,0.0290599;-1.56878,0.0627713,-1.55918
-0.169091,-0.137447,0.0318874;-1.63175,0.161733,-1.57012
-0.170488,-0.148737,0.0379184;-1.66402,0.2307,-1.59327
-0.174106,-0.175868,0.0288056;-1.57064,0.246969,-1.58151
-0.173674,-0.177045,0.0285794;-1.57068,0.292103,-1.5708
-0.173537,-0.176836,0.0285765;-1.57064,0.262162,-1.57079
-0.173465,-0.176307,0.0287399;-1.5707,0.277698,-1.57843
-0.171645,-0.173305,0.0308507;-1.54785,0.278038,-1.59219
-0.16775,-0.166772,0.03941;-1.50603,0.341296,-1.60661
-0.170158,-0.167371,0.0287902;-1.56488,0.255987,-1.56518
-0.170361,-0.169034,0.0287139;-1.57062,0.159507,-1.56422
-0.172815,-0.170235,0.028638;-1.5678,0.0573879,-1.57102
-0.172901,-0.169328,0.0286347;-1.5711,0.0213105,-1.57376
-0.174156,-0.170205,0.02932;-1.58217,0.0462766,-1.58218
-0.177032,-0.172751,0.0342031;-1.61985,0.0907486,-1.60513
-0.185075,-0.188665,0.0287757;-1.57119,0.216625,-1.57962
-0.185128,-0.189518,0.0285793;-1.57052,0.23086,-1.57076
-0.185828,-0.190425,0.0287356;-1.56845,0.203426,-1.56615
-0.18671,-0.190147,0.0289395;-1.56757,0.173696,-1.55736
-0.185304,-0.189232,0.0290129;-1.55841,0.215449,-1.57378
-0.183035,-0.188396,0.031876;-1.56121,0.265155,-1.60083
-0.187028,-0.212994,0.033854;-1.47726,0.3255,-1.60994
-0.187014,-0.211031,0.0286683;-1.57211,0.32326,-1.57584
-0.186739,-0.211006,0.0286111;-1.57067,0.309565,-1.56888
-0.18781,-0.211492,0.0286519;-1.57016,0.239908,-1.56814
-0.187637,-0.211028,0.0285763;-1.57082,0.229712,-1.57069
-0.186721,-0.208483,0.0294022;-1.57246,0.249447,-1.56633
-0.184031,-0.190991,0.0399732;-1.68238,0.33699,-1.52523
-0.186819,-0.203779,0.03121;-1.62761,0.356901,-1.55067
-0.188314,-0.209071,0.0285599;-1.57121,0.356578,-1.5706
-0.18839,-0.209034,0.0285804;-1.57065,0.322241,-1.57071
-0.188292,-0.208921,0.0285795;-1.57048,0.334441,-1.57125
-0.188437,-0.208535,0.0288018;-1.57123,0.328299,-1.58078
-0.188746,-0.212819,0.0363065;-1.56406,0.414858,-1.61683
-0.19529,-0.22898,0.0330277;-1.58404,0.472944,-1.59393
-0.198848,-0.23707,0.0285801;-1.57069,0.506152,-1.57085
-0.2015,-0.238722,0.028761;-1.56994,0.419143,-1.56322
-0.202418,-0.239576,0.0286901;-1.57081,0.358149,-1.56565
-0.202285,-0.238529,0.0285857;-1.57068,0.33605,-1.57103
-0.19546,-0.224965,0.034795;-1.58545,0.275563,-1.6096
-0.190762,-0.219639,0.0322028;-1.60789,0.246177,-1.59188
-0.190559,-0.222893,0.0287966;-1.57064,0.280198,-1.5811
-0.190506,-0.22356,0.0285785;-1.57073,0.272396,-1.57085
-0.190491,-0.223259,0.0285789;-1.57069,0.269211,-1.57057
-0.190261,-0.222817,0.0285801;-1.57063,0.288066,-1.57086
-0.190261,-0.222817,0.0285801;-1.57063,0.288066,-1.57086
-0.188504,-0.217135,0.0305689;-1.56682,0.336885,-1.56729
-0.188504,-0.217135,0.0305689;-1.56682,0.336885,-1.56729
