-0.125,0.125,0.06;-1.57,-2.98023e-08,-1.57
-0.125,0.125,0.06;-1.57,-2.98023e-08,-1.57
-0.125,0.125,0.06;-1.57,-2.98023e-08,-1.57
-0.124921,0.129516,0.0284991;-1.56691,-0.22537,-1.56971
-0.125701,0.127963,0.0285741;-1.57031,-0.147301,-1.57081
-0.127899,0.119106,0.030288;-1.59339,-0.0351844,-1.58956
-0.126349,0.0984786,0.0339165;-1.5055,-0.015318,-1.59478
-0.129107,0.109973,0.0285451;-1.57228,-0.203225,-1.57086
-0.129501,0.110651,0.0287731;-1.56161,-0.262498,-1.56884
-0.130035,0.110608,0.0287083;-1.565,-0.277002,-1.5698
-0.129309,0.108724,0.028597;-1.57064,-0.110637,-1.57191
-0.131635,0.101366,0.029934;-1.59128,0.00455658,-1.58637
-0.129591,0.082209,0.0340496;-1.57869,0.094001,-1.61555
-0.13228,0.08008,0.030243;-1.55783,-0.0184392,-1.58914
-0.132932,0.0855708,0.0286342;-1.56945,-0.117268,-1.57377
-0.132877,0.0871492,0.0286919;-1.56556,-0.205391,-1.57023
-0.133397,0.0849211,0.0286773;-1.57078,-0.104903,-1.57527
-0.135666,0.0790411,0.0296562;-1.58942,-0.0041971,-1.58387
-0.135911,0.0618399,0.0330469;-1.59372,0.0920746,-1.61421
-0.136313,0.0476981,0.0370292;-1.43077,0.0745352,-1.58869
-0.140237,0.0553508,0.0330755;-1.48988,-0.0279262,-1.56997
-0.140946,0.0604914,0.0286119;-1.56973,-0.155264,-1.56771
-0.142378,0.0574929,0.0288028;-1.56375,-0.276674,-1.56492
-0.142243,0.0584702,0.0287686;-1.57099,-0.17827,-1.56089
-0.143498,0.0493306,0.0315962;-1.62169,-0.0533436,-1.5773
-0.142295,0.0357598,0.0372556;-1.54426,0.00154409,-1.56951
-0.14433,0.0327567,0.0339085;-1.48418,-0.0938318,-1.54682
-0.146882,0.0341971,0.0289772;-1.5543,-0.257166,-1.56327
-0.147229,0.033513,0.0289536;-1.55487,-0.261428,-1.56392
-0.14641,0.035219,0.0287434;-1.57084,-0.192208,-1.563
-0.147231,0.0197293,0.0344293;-1.64014,0.0519754,-1.58798
-0.144323,0.00446341,0.0397876;-1.53287,0.104419,-1.59076
-0.146958,-0.00310723,0.0369871;-1.41289,0.010802,-1.5691
-0.151037,0.00778985,0.0286404;-1.57085,-0.234959,-1.56786
-0.152338,0.0076199,0.0287484;-1.56224,-0.307435,-1.56813
-0.151223,0.0069665,0.0286773;-1.56667,-0.241793,-1.57048
-0.153666,-0.00275549,0.0299733;-1.59173,-0.0272576,-1.58892
-0.152097,-0.0212343,0.0340971;-1.58858,0.0615374,-1.61899
-0.152308,-0.0343633,0.0366286;-1.44621,0.028986,-1.59016
-0.157762,-0.019268,0.028578;-1.57053,-0.183957,-1.57134
-0.157987,-0.0184682,0.0287617;-1.56267,-0.256068,-1.56955
-0.158156,-0.0186738,0.0287361;-1.56414,-0.261129,-1.57025
-0.159104,-0.022497,0.0289969;-1.58228,-0.0643008,-1.58085
-0.160332,-0.037366,0.0321702;-1.5996,0.0347063,-1.60387
-0.156753,-0.0595747,0.0349273;-1.49783,0.0772385,-1.61518
-0.164729,-0.0486041,0.0286842;-1.56965,-0.129574,-1.57655
-0.164233,-0.0466991,0.0285641;-1.57138,-0.220206,-1.57009
-0.164875,-0.046253,0.0287996;-1.55984,-0.266574,-1.56794
-0.164838,-0.0488274,0.0286686;-1.57067,-0.0316956,-1.57492
-0.167119,-0.0589016,0.0309269;-1.59247,0.073787,-1.59296
-0.165084,-0.0800262,0.0347417;-1.53645,0.15248,-1.6206
-0.172563,-0.0727878,0.0284934;-1.58126,-0.0512606,-1.57005
-0.172576,-0.0725386,0.0287461;-1.5709,-0.144306,-1.56223
-0.173863,-0.0738598,0.0287594;-1.56201,-0.210609,-1.56884
-0.173129,-0.0725271,0.0285972;-1.57179,0.00250116,-1.57067
-0.175081,-0.0806188,0.0313014;-1.61398,0.130701,-1.57763
-0.172811,-0.0951422,0.0392673;-1.56349,0.241658,-1.5951
-0.179724,-0.100137,0.0363507;-1.44977,0.0610313,-1.55113
-0.180502,-0.0953924,0.0295273;-1.5686,-0.034776,-1.54557
-0.182494,-0.0996686,0.0290863;-1.55477,-0.11305,-1.5604
-0.181676,-0.0982732,0.0287489;-1.57096,-0.00204078,-1.56268
-0.182729,-0.104287,0.0306458;-1.60986,0.107441,-1.57171
-0.183402,-0.118203,0.0380818;-1.6186,0.235107,-1.58389
-0.187705,-0.127436,0.0369414;-1.43946,0.174031,-1.57413
-0.189114,-0.124224,0.0321613;-1.51036,0.0796235,-1.56084
-0.189576,-0.122141,0.0288481;-1.56931,-0.00840501,-1.55915
-0.190316,-0.122989,0.0287305;-1.56676,-0.0350064,-1.56747
-0.191272,-0.124914,0.0286381;-1.57056,0.0672935,-1.57372
-0.195336,-0.133277,0.0312158;-1.60685,0.192586,-1.58349
-0.198874,-0.164025,0.0361019;-1.45303,0.25799,-1.6151
-0.202383,-0.158415,0.0333011;-1.50781,0.156405,-1.60268
-0.202576,-0.149236,0.0285666;-1.57159,0.0444857,-1.5709
-0.202498,-0.148654,0.0287348;-1.56329,-0.024496,-1.57069
-0.201862,-0.149147,0.028574;-1.57124,0.0712601,-1.57061
-0.205016,-0.152849,0.0291071;-1.58534,0.191017,-1.57741
-0.210238,-0.189352,0.0364238;-1.46432,0.345733,-1.63672
-0.214553,-0.191745,0.0374475;-1.42143,0.257764,-1.62336
-0.217771,-0.176978,0.0285094;-1.57464,0.132349,-1.57075
-0.216881,-0.174514,0.0287257;-1.56457,0.0189062,-1.57169
-0.215952,-0.175052,0.0285433;-1.57198,0.137471,-1.57137
-0.219186,-0.178108,0.0290335;-1.58242,0.267279,-1.57841
-0.227733,-0.211554,0.0348847;-1.50934,0.442225,-1.64184
-0.232714,-0.215438,0.0376212;-1.40106,0.354463,-1.63763
-0.234135,-0.204154,0.0328472;-1.48271,0.250224,-1.59148
-0.233472,-0.198526,0.0287782;-1.5612,0.120156,-1.57184
-0.231789,-0.19911,0.02857;-1.57128,0.248223,-1.57079
-0.234783,-0.202669,0.0289749;-1.57871,0.375507,-1.57897
-0.244311,-0.22853,0.0349508;-1.57444,0.587314,-1.62078
-0.250277,-0.234952,0.0368591;-1.41902,0.473791,-1.64908
-0.252512,-0.228801,0.0331482;-1.47986,0.377656,-1.59695
-0.25418,-0.227282,0.0288408;-1.55664,0.198569,-1.57084
-0.252635,-0.227293,0.0286072;-1.56926,0.307064,-1.57075
-0.252737,-0.227857,0.0286673;-1.57013,0.387377,-1.5758
-0.261306,-0.245373,0.0361133;-1.64678,0.612466,-1.57681
-0.266697,-0.249677,0.0371966;-1.52567,0.53588,-1.59892
-0.268965,-0.250286,0.0333387;-1.48135,0.509107,-1.60813
-0.271811,-0.248665,0.0289089;-1.56192,0.294006,-1.56589
-0.275218,-0.250771,0.0289237;-1.55555,0.202238,-1.57205
-0.273398,-0.24939,0.0286783;-1.57067,0.300551,-1.56611
-0.274537,-0.250025,0.029162;-1.5926,0.430845,-1.56522
-0.286223,-0.280026,0.0382598;-1.48349,0.586735,-1.62837
-0.293198,-0.284093,0.0369851;-1.40389,0.476419,-1.63757
-0.293927,-0.279443,0.0321171;-1.50244,0.36482,-1.57663
-0.29859,-0.282018,0.029105;-1.55035,0.20981,-1.56951
-0.297296,-0.280956,0.0286406;-1.57308,0.282167,-1.56507
-0.29718,-0.280781,0.0286322;-1.57248,0.407245,-1.57208
-0.305593,-0.304427,0.0361001;-1.52587,0.625155,-1.63021
-0.313147,-0.310504,0.0359959;-1.41245,0.502709,-1.65012
-0.314269,-0.301454,0.0328037;-1.4742,0.40487,-1.6032
-0.314217,-0.298505,0.0290364;-1.551,0.307377,-1.57338
-0.313322,-0.299546,0.0285217;-1.57351,0.419458,-1.56931
-0.316394,-0.301576,0.0288877;-1.57673,0.546164,-1.57881
-0.330422,-0.329394,0.0343676;-1.52747,0.724062,-1.64764
-0.337067,-0.333653,0.0361266;-1.40552,0.64274,-1.67863
-0.336874,-0.324298,0.0321972;-1.47823,0.550492,-1.61204
-0.336576,-0.321546,0.0289095;-1.55561,0.446001,-1.57504
-0.335526,-0.321907,0.0285684;-1.57127,0.51747,-1.57056
-0.337367,-0.322651,0.0286886;-1.57071,0.615687,-1.57573
-0.355423,-0.343843,0.0335815;-1.5942,0.818016,-1.60697
-0.364544,-0.353946,0.0353495;-1.423,0.797981,-1.69041
-0.365958,-0.347261,0.0340597;-1.42831,0.700842,-1.65972
-0.365014,-0.341161,0.0290178;-1.55331,0.561976,-1.57371
-0.365228,-0.341408,0.0288071;-1.55823,0.568806,-1.5771
-0.364585,-0.34209,0.0285773;-1.57003,0.648249,-1.57069
-0.377196,-0.350249,0.0327138;-1.64524,0.898834,-1.54003
-0.386581,-0.362809,0.0394638;-1.53298,0.967727,-1.62384
-0.397082,-0.367533,0.0370774;-1.32464,0.882256,-1.7479
-0.398554,-0.36077,0.0294348;-1.56016,0.674629,-1.55599
-0.403741,-0.363897,0.0292123;-1.54339,0.58602,-1.57809
-0.403472,-0.36388,0.0289516;-1.55421,0.609815,-1.57594
-0.405255,-0.365546,0.0298648;-1.61033,0.87369,-1.54851
-0.413802,-0.375766,0.0361849;-1.59187,1.00118,-1.57906
-0.422174,-0.384469,0.0392558;-1.44193,1.00965,-1.68169
-0.426858,-0.37876,0.0328895;-1.47138,0.786574,-1.61428
-0.429177,-0.378697,0.0294247;-1.54124,0.691868,-1.57659
-0.432992,-0.379856,0.0292286;-1.54002,0.650904,-1.5823
-0.431435,-0.379322,0.0288131;-1.58107,0.879243,-1.56772
-0.440242,-0.386396,0.0312444;-1.60221,1.01558,-1.57275
-0.447334,-0.398968,0.0369403;-1.51565,1.09795,-1.65282
-0.453022,-0.391416,0.0322364;-1.44088,0.870889,-1.66473
-0.451316,-0.388961,0.0290648;-1.55959,0.795423,-1.56335
-0.452805,-0.389337,0.0290305;-1.54581,0.757257,-1.58419
-0.456396,-0.391352,0.0287873;-1.5716,0.998481,-1.57945
-0.46721,-0.396898,0.0307476;-1.59087,1.10523,-1.58422
-0.480635,-0.410069,0.034196;-1.48988,1.17442,-1.69481
-0.484128,-0.402059,0.0316703;-1.44568,0.999532,-1.66971
-0.482048,-0.39925,0.0290451;-1.56032,0.928886,-1.56314
-0.482894,-0.399522,0.0291332;-1.53663,0.905069,-1.59184
-0.483359,-0.399607,0.0288349;-1.57647,1.10868,-1.57524
-0.493866,-0.401892,0.0306694;-1.616,1.21292,-1.55591
-0.510269,-0.411103,0.034147;-1.5575,1.29426,-1.63555
-0.518129,-0.406495,0.033337;-1.34448,1.14773,-1.77515
-0.514346,-0.402061,0.0292416;-1.54036,1.08052,-1.57989
-0.514631,-0.402211,0.0293209;-1.52061,1.05554,-1.60308
-0.512595,-0.402593,0.0285921;-1.57134,1.18634,-1.57142
-0.518402,-0.40175,0.0294217;-1.63557,1.3022,-1.52184
-0.534222,-0.405161,0.0329207;-1.73852,1.40235,-1.44945
-0.555958,-0.409814,0.0352138;-1.03208,1.33265,-2.0993
-0.550055,-0.403732,0.0306975;-1.39652,1.26794,-1.72973
-0.548821,-0.402192,0.0292688;-1.5263,1.20114,-1.59507
-0.547861,-0.40367,0.0287606;-1.55615,1.25644,-1.58059
-0.549729,-0.402849,0.0287433;-1.57058,1.36932,-1.5787
-0.557687,-0.401972,0.0301541;-1.81903,1.48488,-1.34537
-0.586104,-0.406926,0.037483;0.05206,1.48378,3.08449
-0.58883,-0.402422,0.0357138;-0.734996,1.41153,-2.3833
-0.585391,-0.398212,0.0321764;-1.33744,1.34119,-1.76181
-0.595395,-0.395169,0.0306368;-1.44536,1.19803,-1.6778
-0.591381,-0.396312,0.0290744;-1.5424,1.29003,-1.58215
-0.589874,-0.396479,0.0300128;-1.67679,1.44311,-1.45418
-0.612034,-0.401139,0.0449172;1.25518,1.46748,1.89458
-0.617269,-0.395439,0.0427699;0.00586437,1.40908,-3.09699
-0.611991,-0.389712,0.0397608;-0.635963,1.38061,-2.43454
-0.606041,-0.386547,0.036551;-1.39208,1.26799,-1.66139
-0.606055,-0.386017,0.0354736;-1.35612,1.34605,-1.71201
-0.606223,-0.389456,0.0359566;-0.962998,1.49537,-2.11831
-0.627607,-0.395507,0.0470079;1.33478,1.36073,1.8271
-0.629209,-0.389186,0.0475673;0.829286,1.38695,2.363
-0.621066,-0.384354,0.0416821;0.167828,1.39285,3.04899
-0.613409,-0.385678,0.0380836;-1.2918,1.35628,-1.74706
-0.615084,-0.384788,0.0367697;-1.21793,1.41147,-1.83965
-0.617839,-0.38674,0.0363539;-0.0905081,1.50712,-2.99328
-0.617839,-0.38674,0.0363539;-0.0905081,1.50712,-2.99328
-0.631588,-0.388222,0.040535;1.41896,1.43409,1.74138
-0.631588,-0.388222,0.040535;1.41896,1.43409,1.74138
