0.5,-0.3,0.06;-1.57,-2.98023e-08,-1.57
0.5,-0.3,0.06;-1.57,-2.98023e-08,-1.57
0.5,-0.3,0.06;-1.57,-2.98023e-08,-1.57
0.500878,-0.294889,0.0289767;-1.57599,-0.274508,-1.58578
0.501035,-0.293372,0.0288776;-1.57178,-0.253569,-1.58401
0.501093,-0.283167,0.0294377;-1.55115,-0.145344,-1.55919
0.498994,-0.270614,0.0302189;-1.57668,-0.0546506,-1.54861
0.502883,-0.273994,0.0289818;-1.57436,-0.225823,-1.58718
0.503772,-0.273882,0.0289729;-1.57785,-0.305822,-1.58493
0.504324,-0.273039,0.0289917;-1.57787,-0.3489,-1.58606
0.503729,-0.275235,0.0289245;-1.57006,-0.238709,-1.58757
0.50395,-0.268425,0.0292592;-1.54686,-0.134537,-1.56437
0.502969,-0.253707,0.0306023;-1.57335,-0.00809735,-1.53928
0.504291,-0.253655,0.0290417;-1.57067,-0.0338185,-1.56467
0.50589,-0.254538,0.028853;-1.57079,-0.14593,-1.58436
0.50633,-0.253842,0.0288754;-1.57114,-0.225208,-1.5854
0.506674,-0.253373,0.0289117;-1.57055,-0.231447,-1.58653
0.50626,-0.251607,0.0287686;-1.56178,-0.161012,-1.56992
0.504445,-0.241059,0.0299228;-1.57388,-0.0316446,-1.5489
0.502852,-0.235121,0.0300793;-1.57469,0.0452215,-1.54806
0.506995,-0.239423,0.0286213;-1.57085,-0.0544335,-1.5731
0.507161,-0.240682,0.0289084;-1.57113,-0.0949352,-1.58663
0.506888,-0.243436,0.0294277;-1.57042,-0.140866,-1.59019
0.506642,-0.244028,0.0288235;-1.57042,-0.112183,-1.58234
0.505717,-0.244007,0.028758;-1.57639,-0.037229,-1.57442
0.504606,-0.242882,0.0289444;-1.56533,0.0114625,-1.56722
0.505383,-0.242619,0.028769;-1.56171,0.00898725,-1.57078
0.503953,-0.247068,0.0288149;-1.56901,-0.120692,-1.57999
0.503226,-0.247229,0.0287597;-1.5708,-0.179068,-1.57933
0.503303,-0.246931,0.028946;-1.57604,-0.182977,-1.58392
0.501728,-0.243737,0.02883;-1.5642,-0.0467839,-1.56429
0.501009,-0.241467,0.0290441;-1.56996,0.00531995,-1.56421
0.502087,-0.241028,0.0292031;-1.56164,0.0102542,-1.56461
0.503281,-0.243746,0.0289335;-1.57463,-0.0860504,-1.5841
0.503947,-0.245033,0.0291809;-1.57251,-0.155103,-1.58686
0.504238,-0.245934,0.0293213;-1.57235,-0.17108,-1.58714
0.503757,-0.243606,0.028623;-1.57166,-0.0967485,-1.57254
0.501321,-0.24158,0.0290684;-1.5686,-0.0165954,-1.56412
0.500792,-0.239953,0.0290736;-1.57034,0.0167283,-1.56246
0.503364,-0.243902,0.028873;-1.57224,-0.0716861,-1.58365
0.502984,-0.245655,0.0288452;-1.57212,-0.107174,-1.58385
0.503549,-0.245618,0.0289683;-1.57292,-0.163231,-1.5838
0.504111,-0.244542,0.0286957;-1.56972,-0.138209,-1.57646
0.503721,-0.241173,0.0288932;-1.56825,-0.0670291,-1.56538
0.500291,-0.238914,0.0292319;-1.56627,-0.00890493,-1.55935
0.502421,-0.241151,0.0288265;-1.5709,-0.0679296,-1.58264
0.501994,-0.242296,0.028866;-1.57264,-0.0960665,-1.58269
0.501572,-0.244925,0.0288672;-1.57354,-0.143184,-1.58204
0.502205,-0.244384,0.0288192;-1.57114,-0.14135,-1.58168
0.500887,-0.241105,0.028721;-1.57369,-0.0792305,-1.56854
0.496745,-0.239697,0.0291103;-1.571,-0.00801262,-1.56207
0.497727,-0.241568,0.0287349;-1.57059,-0.0534181,-1.5781
0.497162,-0.242284,0.0288223;-1.57106,-0.0992529,-1.58248
0.49613,-0.245504,0.0289034;-1.57452,-0.151044,-1.5831
0.496682,-0.245174,0.0288266;-1.5717,-0.14938,-1.5815
0.49625,-0.241306,0.02906;-1.56346,-0.090913,-1.56908
0.494202,-0.238843,0.0293935;-1.56053,-0.0559679,-1.56442
0.494835,-0.237343,0.029152;-1.56205,-0.0340282,-1.57438
0.495174,-0.239421,0.0288272;-1.57089,-0.0704123,-1.58286
0.494117,-0.243183,0.0288836;-1.57339,-0.118097,-1.58344
0.493702,-0.243971,0.0288668;-1.57395,-0.0959724,-1.58149
0.493627,-0.2429,0.0289538;-1.58337,-0.0796032,-1.57725
0.494279,-0.240153,0.0292163;-1.55984,-0.0587032,-1.56396
0.493854,-0.23826,0.0290687;-1.56807,-0.00512495,-1.56325
0.495036,-0.242467,0.0287023;-1.57075,-0.0676075,-1.57662
0.494384,-0.243326,0.0288108;-1.57076,-0.0798286,-1.58171
0.493683,-0.245072,0.0289091;-1.57345,-0.0928235,-1.58386
0.493809,-0.244606,0.0290146;-1.57814,-0.090028,-1.58482
0.49457,-0.241874,0.0287644;-1.56978,-0.0763975,-1.57065
0.491618,-0.239656,0.0290764;-1.57029,-0.000285834,-1.56379
0.492927,-0.242057,0.0285777;-1.57099,-0.0129606,-1.57092
0.492622,-0.242572,0.0288314;-1.57036,-0.0212299,-1.58259
0.490521,-0.249618,0.0288391;-1.57179,-0.0907948,-1.58305
0.490714,-0.249203,0.02887;-1.57282,-0.102209,-1.58265
0.490909,-0.248266,0.0286615;-1.57037,-0.0853289,-1.57476
0.489761,-0.241513,0.0292512;-1.56359,-0.00466742,-1.56287
0.49108,-0.243074,0.0311754;-1.52951,-0.0102664,-1.56831
0.490887,-0.245273,0.0288069;-1.56462,-0.0283801,-1.57515
0.487756,-0.252747,0.0287763;-1.57154,-0.080515,-1.58002
0.487459,-0.253275,0.0288596;-1.57262,-0.0714675,-1.5822
0.487215,-0.253253,0.0286934;-1.57019,-0.0407942,-1.57648
0.487455,-0.247745,0.0293685;-1.56179,0.0128632,-1.56405
0.487967,-0.248609,0.0313527;-1.52365,0.0260338,-1.57409
0.48903,-0.248213,0.0287322;-1.5706,-0.00110713,-1.57801
0.485927,-0.256072,0.0289309;-1.57512,-0.0474688,-1.58346
0.485425,-0.257435,0.0289298;-1.57392,-0.0297663,-1.58427
0.484379,-0.258498,0.0289165;-1.57486,0.0139112,-1.58248
0.484548,-0.253454,0.0293596;-1.56176,0.0406878,-1.56482
0.486571,-0.250087,0.0302984;-1.53609,0.0582251,-1.57218
0.487135,-0.248731,0.0286913;-1.57037,0.0488347,-1.57607
0.484089,-0.255885,0.0289334;-1.57518,-0.0385327,-1.58359
0.482546,-0.259354,0.0290234;-1.57665,-0.00295327,-1.58605
0.481361,-0.26111,0.02881;-1.57167,0.0491895,-1.5806
0.481757,-0.256767,0.0291147;-1.57198,0.0838588,-1.56692
0.483223,-0.254238,0.0289537;-1.56108,0.0891024,-1.5713
0.483391,-0.253034,0.0288981;-1.55815,0.0872648,-1.57435
0.48232,-0.256456,0.0290459;-1.55735,0.0255521,-1.57979
0.478441,-0.265647,0.0289565;-1.56399,-0.0119666,-1.58171
0.478205,-0.266676,0.028892;-1.57134,0.0131853,-1.58523
0.478719,-0.266472,0.0291709;-1.54679,0.0337379,-1.57618
0.479319,-0.257877,0.0292859;-1.54929,0.0981011,-1.57062
0.481007,-0.258464,0.032479;-1.49463,0.0983244,-1.58477
0.480187,-0.260326,0.0326381;-1.49389,0.0937871,-1.58984
0.47625,-0.268215,0.0296593;-1.53971,-0.0066232,-1.57473
0.4758,-0.268633,0.028921;-1.56982,0.0141624,-1.58632
0.475968,-0.269755,0.029111;-1.55475,0.0509673,-1.58086
0.47689,-0.260558,0.0304188;-1.53185,0.133945,-1.57117
0.478804,-0.257813,0.0329692;-1.48325,0.157978,-1.58478
0.479499,-0.25744,0.0332149;-1.48368,0.133871,-1.58963
0.474602,-0.269833,0.030378;-1.52702,0.0328055,-1.57646
0.474096,-0.269822,0.0290134;-1.56148,0.0178238,-1.5824
0.474231,-0.270542,0.028927;-1.56463,0.0531118,-1.582
0.475175,-0.263248,0.0303803;-1.5408,0.134131,-1.56524
0.477059,-0.260648,0.0319433;-1.50334,0.166542,-1.57786
0.477708,-0.259193,0.0318952;-1.50904,0.160557,-1.58549
0.472319,-0.272033,0.029826;-1.54245,0.0675507,-1.57849
0.472031,-0.272152,0.0288362;-1.56941,0.0458148,-1.58184
0.472346,-0.271992,0.0286742;-1.57067,0.0306218,-1.57526
0.472531,-0.266387,0.032144;-1.52305,0.112494,-1.55531
0.473516,-0.2639,0.0325389;-1.51554,0.133573,-1.55867
0.475065,-0.262218,0.0336995;-1.47371,0.158698,-1.58261
0.472233,-0.268024,0.0324266;-1.50074,0.112032,-1.58247
0.468299,-0.274771,0.0314669;-1.51285,0.0783512,-1.57398
0.468352,-0.274243,0.0287548;-1.57417,0.0666811,-1.57584
0.468852,-0.273607,0.0312717;-1.53212,0.0694903,-1.55727
0.469127,-0.263481,0.0350912;-1.49637,0.136507,-1.54063
0.47225,-0.255196,0.0356733;-1.4712,0.146975,-1.55603
0.47303,-0.25604,0.0356424;-1.45015,0.0931362,-1.5825
0.468103,-0.264123,0.0349772;-1.45876,0.0935612,-1.57764
0.464823,-0.266648,0.0317103;-1.5167,0.101959,-1.5746
0.464531,-0.266263,0.0299109;-1.55591,0.0945226,-1.55809
0.465049,-0.2604,0.033528;-1.5268,0.130295,-1.53843
0.46567,-0.257604,0.0340206;-1.52342,0.141521,-1.53643
0.467806,-0.25514,0.0355198;-1.45935,0.129687,-1.57565
0.465786,-0.261686,0.0344735;-1.47504,0.107353,-1.57419
0.461818,-0.268205,0.0341147;-1.48769,0.100145,-1.56386
0.461142,-0.266166,0.0295448;-1.56286,0.101437,-1.56122
0.460641,-0.266178,0.0316437;-1.55393,0.0937541,-1.53817
0.460634,-0.258609,0.0350556;-1.52865,0.12488,-1.52127
0.463636,-0.251741,0.0323282;-1.52497,0.0945489,-1.55511
0.462371,-0.254192,0.032494;-1.52451,0.089868,-1.56174
0.459097,-0.260791,0.0320835;-1.53135,0.0700215,-1.56046
0.458338,-0.261166,0.0295584;-1.57304,0.0753214,-1.55838
0.458028,-0.262326,0.0314689;-1.56832,0.0565614,-1.53464
0.456793,-0.259954,0.0347637;-1.54896,0.0840909,-1.51387
0.461248,-0.250311,0.0300432;-1.57658,0.0635989,-1.55092
0.460456,-0.25079,0.0301217;-1.56708,0.0606249,-1.55944
0.457799,-0.256092,0.029839;-1.57002,0.0388715,-1.56014
0.457657,-0.255055,0.0290909;-1.58331,0.0661434,-1.57066
0.458137,-0.254154,0.0313403;-1.58225,0.0555285,-1.53401
0.457333,-0.252758,0.0341596;-1.59808,0.0544354,-1.50179
0.459313,-0.248777,0.0322522;-1.57806,0.051443,-1.53061
0.458897,-0.247679,0.0327886;-1.55051,0.0399227,-1.54223
0.456649,-0.251669,0.032733;-1.55894,0.0235618,-1.54159
0.455082,-0.250134,0.0294732;-1.58623,0.0476073,-1.56163
0.456035,-0.248467,0.0304827;-1.58994,0.0397541,-1.55108
0.456515,-0.247897,0.0335179;-1.59899,0.0250743,-1.51179
0.456021,-0.247264,0.0349088;-1.57873,0.0504795,-1.50684
0.456721,-0.246719,0.0310434;-1.5916,0.023893,-1.54345
0.456485,-0.245125,0.0301789;-1.58707,0.0126998,-1.55774
0.454957,-0.245466,0.0305805;-1.59374,-0.0109015,-1.55558
0.454873,-0.244604,0.0302277;-1.59655,-0.00205144,-1.55426
0.456246,-0.243886,0.0328915;-1.60526,-0.0212312,-1.52576
0.455573,-0.245522,0.0359567;-1.61186,-0.00573018,-1.49209
0.456633,-0.246608,0.0329596;-1.60023,-0.0186132,-1.52256
0.457723,-0.245614,0.0303962;-1.59139,-0.0431703,-1.55481
0.455455,-0.243694,0.0306008;-1.60432,-0.042314,-1.56429
0.45495,-0.242455,0.0307034;-1.60593,-0.0293675,-1.56056
0.455691,-0.242236,0.0327198;-1.61979,-0.0398118,-1.5402
0.454755,-0.246129,0.0368644;-1.61337,-0.0480534,-1.48234
0.455369,-0.248703,0.0350673;-1.61009,-0.0546452,-1.50429
0.454989,-0.250405,0.0323275;-1.60434,-0.0511113,-1.53493
0.453702,-0.243845,0.0321441;-1.63536,-0.0460901,-1.56334
0.454759,-0.243372,0.0321482;-1.63368,-0.0546526,-1.56228
0.455735,-0.243955,0.0325417;-1.6153,-0.0588501,-1.54078
0.45676,-0.247443,0.0368981;-1.60404,-0.0742316,-1.47737
0.456634,-0.248366,0.0361848;-1.61599,-0.0588561,-1.4961
0.456725,-0.249697,0.0328912;-1.61026,-0.0564358,-1.52801
0.454806,-0.244792,0.0328111;-1.64718,-0.0441991,-1.56307
0.455566,-0.243836,0.0323643;-1.63416,-0.0438339,-1.55823
0.456138,-0.243738,0.0318138;-1.62001,-0.0434925,-1.55469
0.456138,-0.243738,0.0318138;-1.62001,-0.0434925,-1.55469
0.457438,-0.244025,0.0338403;-1.60887,-0.0514253,-1.51525
0.457438,-0.244025,0.0338403;-1.60887,-0.0514253,-1.51525
