0.5,-0.3,0.06;-1.57,-2.98023e-08,-1.57
0.5,-0.3,0.06;-1.57,-2.98023e-08,-1.57
0.5,-0.3,0.06;-1.57,-2.98023e-08,-1.57
0.500931,-0.29211,0.0303066;-1.57509,-0.246992,-1.60086
0.502044,-0.289041,0.0293466;-1.57157,-0.277483,-1.59192
0.502661,-0.285457,0.0290965;-1.58208,-0.283297,-1.57777
0.503592,-0.270262,0.0309799;-1.59974,-0.177419,-1.56348
0.505709,-0.269293,0.0299213;-1.57681,-0.180567,-1.59816
0.504162,-0.270877,0.0308254;-1.58945,-0.165293,-1.60058
0.503101,-0.27141,0.0303862;-1.58699,-0.149943,-1.59681
0.502474,-0.271479,0.0294335;-1.57071,-0.124158,-1.59246
0.500998,-0.271186,0.0297262;-1.5581,-0.0789149,-1.58103
0.499021,-0.26423,0.0301757;-1.55093,-0.0072397,-1.5612
0.500075,-0.263648,0.0291289;-1.58112,-0.011618,-1.57838
0.499219,-0.267567,0.0300355;-1.5703,-0.0273071,-1.60035
0.49797,-0.269585,0.030895;-1.57161,-0.0526716,-1.60733
0.498092,-0.272449,0.0303793;-1.56969,-0.0141346,-1.60478
0.498962,-0.272486,0.0300906;-1.55914,0.0208839,-1.59379
0.499937,-0.266709,0.0315082;-1.51659,0.0799901,-1.58302
0.50268,-0.253735,0.0331544;-1.48614,0.18015,-1.58609
0.503002,-0.255982,0.036593;-1.42186,0.162205,-1.60734
0.502487,-0.257792,0.0363368;-1.43788,0.134594,-1.61099
0.501383,-0.261363,0.0325228;-1.51441,0.0485865,-1.59546
0.501464,-0.258111,0.0295398;-1.57265,0.0230136,-1.59764
0.502119,-0.254912,0.029632;-1.57037,0.0240526,-1.58228
0.503253,-0.249563,0.0294408;-1.56782,0.00450872,-1.57193
0.506208,-0.247169,0.0291845;-1.57886,-0.0261148,-1.58669
0.504433,-0.254853,0.0302906;-1.57525,-0.12521,-1.59982
0.504847,-0.25534,0.0306606;-1.57826,-0.119518,-1.60498
0.504835,-0.255989,0.0304548;-1.57337,-0.103299,-1.60558
0.5055,-0.249532,0.0293885;-1.58955,-0.0369882,-1.57539
0.504835,-0.245266,0.0293563;-1.58261,-0.000512511,-1.57006
0.508011,-0.24378,0.0293035;-1.58753,-0.0148439,-1.57682
0.508936,-0.247932,0.030726;-1.57518,-0.0503103,-1.60693
0.506211,-0.255135,0.0307676;-1.57536,-0.0734016,-1.60723
0.505055,-0.257465,0.0308731;-1.57416,-0.0605131,-1.60868
0.502579,-0.258277,0.0298768;-1.57307,-0.015671,-1.5907
0.500694,-0.257164,0.0302453;-1.54732,0.0295283,-1.57942
0.500462,-0.255444,0.0299928;-1.55307,0.0574931,-1.57822
0.500089,-0.261691,0.0309005;-1.55286,0.0152614,-1.59762
0.496835,-0.269374,0.0312603;-1.55414,-0.0242721,-1.60201
0.495672,-0.271366,0.0309637;-1.57102,-0.0227888,-1.60886
0.495862,-0.271177,0.0302638;-1.56772,0.0201848,-1.59966
0.496025,-0.268315,0.031696;-1.52049,0.0527697,-1.58325
0.495569,-0.260744,0.0318219;-1.51043,0.104683,-1.57838
0.499636,-0.258292,0.0304656;-1.57512,0.0439076,-1.60359
0.498685,-0.262251,0.0311338;-1.57497,-0.0138792,-1.61153
0.49705,-0.267062,0.0312668;-1.58128,-0.0711967,-1.61075
0.497773,-0.263763,0.0301359;-1.57334,-0.0948665,-1.59916
0.498866,-0.257664,0.0297665;-1.58092,-0.0845934,-1.58696
0.498523,-0.252943,0.0299258;-1.56956,-0.0430197,-1.57248
0.504887,-0.245082,0.0299815;-1.57919,-0.0636282,-1.59627
0.505759,-0.246443,0.0308146;-1.57559,-0.100585,-1.60792
0.504759,-0.252459,0.0312068;-1.58154,-0.15202,-1.61094
0.504366,-0.252879,0.0301917;-1.57434,-0.122807,-1.59967
0.504847,-0.251217,0.0296919;-1.57938,-0.100823,-1.58449
0.503999,-0.245748,0.0295728;-1.58582,-0.0538894,-1.57035
0.506729,-0.247665,0.0296934;-1.58955,-0.0816684,-1.58558
0.505324,-0.251528,0.0308024;-1.58484,-0.0775613,-1.60402
0.502839,-0.256715,0.0310767;-1.58447,-0.108019,-1.60856
0.501118,-0.258886,0.0301423;-1.57693,-0.0588892,-1.59929
0.499754,-0.259487,0.0298243;-1.58263,0.00453724,-1.58982
0.499248,-0.256178,0.029781;-1.58542,0.0482315,-1.58041
0.500507,-0.250635,0.0297345;-1.5739,0.0909828,-1.58359
0.502046,-0.253758,0.0303957;-1.57303,0.068429,-1.60196
0.501806,-0.255733,0.0312138;-1.57251,0.0516134,-1.61343
0.499789,-0.263016,0.031158;-1.57181,0.0333682,-1.61325
0.499455,-0.26294,0.0301693;-1.57403,0.0448897,-1.59919
0.499037,-0.261063,0.0298501;-1.55945,0.0592954,-1.58455
0.498445,-0.256179,0.0331635;-1.49108,0.0819505,-1.57932
0.500353,-0.256868,0.0297465;-1.58302,0.0239197,-1.59213
0.501334,-0.257159,0.0305669;-1.57474,-0.00441246,-1.60527
0.502038,-0.256748,0.0311468;-1.57907,-0.0741534,-1.61012
0.502418,-0.254636,0.0305847;-1.57438,-0.0829012,-1.60603
0.502202,-0.252327,0.0297755;-1.57234,-0.0552723,-1.59294
0.502658,-0.244058,0.0297291;-1.59722,0.00147623,-1.57557
0.506742,-0.241056,0.0294026;-1.59396,-0.0253395,-1.57913
0.508084,-0.241851,0.0303223;-1.58129,-0.0393697,-1.59799
0.508401,-0.249654,0.031315;-1.58932,-0.118782,-1.6084
0.508272,-0.251655,0.0310767;-1.58235,-0.114529,-1.60831
0.508509,-0.252672,0.0298597;-1.58509,-0.099368,-1.59567
0.505975,-0.249315,0.0295733;-1.57326,-0.0362688,-1.56289
0.506144,-0.248345,0.0297243;-1.59362,-0.0178731,-1.58293
0.506289,-0.249306,0.030027;-1.58093,-0.0207493,-1.59762
0.504942,-0.255072,0.0309998;-1.57766,-0.0598906,-1.60879
0.503251,-0.258326,0.0311904;-1.57214,-0.0234193,-1.61361
0.503011,-0.257147,0.0302837;-1.57302,-0.00481283,-1.60093
0.500791,-0.250045,0.0299248;-1.57896,0.114012,-1.57734
0.502427,-0.248978,0.0302215;-1.5871,0.125306,-1.59088
0.504083,-0.249823,0.0303233;-1.57859,0.0995295,-1.59749
0.497616,-0.272047,0.0309019;-1.57259,-0.00892794,-1.60823
0.497563,-0.272842,0.0308442;-1.57187,-0.00697767,-1.60938
0.497848,-0.272296,0.0301967;-1.56899,0.00220168,-1.60246
0.497382,-0.270157,0.0336195;-1.46916,0.0164445,-1.57778
0.499289,-0.268058,0.0342142;-1.48185,0.0201904,-1.59389
0.502715,-0.25507,0.0304706;-1.55113,0.0489025,-1.58683
0.503456,-0.254573,0.0305506;-1.57179,-0.0433094,-1.60299
0.501175,-0.259545,0.0314388;-1.57008,-0.115062,-1.60927
0.502,-0.258254,0.0303543;-1.57402,-0.125813,-1.60308
0.501788,-0.256733,0.0296565;-1.5753,-0.105121,-1.58989
0.50144,-0.247313,0.0294075;-1.57561,-0.0547936,-1.56433
0.505461,-0.246487,0.0293978;-1.59115,-0.0879305,-1.58211
0.506395,-0.247927,0.0301295;-1.57787,-0.106822,-1.6001
0.505397,-0.252082,0.031204;-1.58516,-0.145252,-1.6084
0.50508,-0.251816,0.0308063;-1.57967,-0.127909,-1.60762
0.504123,-0.251157,0.029887;-1.57829,-0.094621,-1.5927
0.502067,-0.246152,0.0294774;-1.58468,0.00653197,-1.57127
0.502976,-0.244037,0.0304402;-1.56526,0.0255961,-1.58633
0.503185,-0.24448,0.0302867;-1.57409,0.0210438,-1.60126
0.500213,-0.258863,0.0313015;-1.57529,-0.0574866,-1.61295
0.499193,-0.261058,0.031283;-1.5728,-0.0363091,-1.61305
0.498512,-0.260716,0.030376;-1.57249,-0.0100395,-1.60185
0.496918,-0.258994,0.0309864;-1.52735,0.0337396,-1.57374
0.497895,-0.25954,0.0322634;-1.52612,0.0564776,-1.59067
0.498639,-0.259403,0.0302122;-1.57386,0.0478449,-1.59928
0.496954,-0.265054,0.0313039;-1.57654,0.00408263,-1.61247
0.496999,-0.265228,0.0312742;-1.57512,0.00749163,-1.61229
0.496989,-0.264319,0.0304729;-1.57002,0.0167633,-1.60402
0.497931,-0.253593,0.0301663;-1.55764,0.0578274,-1.58131
0.499767,-0.246731,0.0295516;-1.57765,0.0498203,-1.57715
0.501897,-0.244527,0.0305084;-1.56337,0.0332252,-1.59421
0.503126,-0.247443,0.031017;-1.5807,-0.0802895,-1.60846
0.503172,-0.248811,0.0309226;-1.58099,-0.113241,-1.60785
0.503279,-0.248954,0.0304984;-1.57934,-0.11646,-1.60413
0.503752,-0.245424,0.0292627;-1.57933,-0.109716,-1.57115
0.50339,-0.243464,0.0301828;-1.56774,-0.109352,-1.54896
0.506742,-0.242469,0.0293642;-1.56523,-0.118145,-1.57289
0.508405,-0.243992,0.0308683;-1.57867,-0.128639,-1.6081
0.506815,-0.24876,0.0313834;-1.57871,-0.156511,-1.6132
0.506054,-0.249922,0.0312582;-1.5764,-0.14341,-1.6115
0.50417,-0.248824,0.0298366;-1.56844,-0.0641997,-1.58771
0.501917,-0.245671,0.0297899;-1.56857,-0.00107229,-1.57616
0.501387,-0.243329,0.029732;-1.59551,0.0298231,-1.57543
0.502357,-0.246612,0.0304821;-1.57302,-7.02441e-05,-1.60331
0.500435,-0.2568,0.031014;-1.57831,-0.0535082,-1.60834
0.498801,-0.262443,0.0310953;-1.57578,-0.0708014,-1.60994
0.498688,-0.264006,0.0300556;-1.56822,-0.0364909,-1.59871
0.498452,-0.263648,0.0306645;-1.52807,-0.0107541,-1.58053
0.498297,-0.263228,0.0351431;-1.43905,0.0240453,-1.57784
0.500475,-0.258814,0.0300998;-1.57185,0.025953,-1.60009
0.500055,-0.259623,0.0309646;-1.57171,-0.00485184,-1.61031
0.498885,-0.26305,0.0312448;-1.57313,-0.0449323,-1.61305
0.499219,-0.261962,0.0305329;-1.57107,-0.0450354,-1.60387
0.499476,-0.256105,0.0303238;-1.55268,-0.0329583,-1.58751
0.49967,-0.247762,0.0295092;-1.57104,-0.0365721,-1.56904
0.50305,-0.245091,0.0300407;-1.57592,-0.108616,-1.59864
0.503237,-0.245385,0.0307603;-1.57544,-0.138295,-1.60675
0.503212,-0.248047,0.0311707;-1.58609,-0.171362,-1.60845
0.50398,-0.245502,0.0299953;-1.57573,-0.155995,-1.59732
0.502981,-0.24166,0.0304943;-1.56045,-0.110017,-1.58958
0.500388,-0.238288,0.0311074;-1.55066,-0.061012,-1.58091
0.504331,-0.239535,0.0315212;-1.56337,-0.0791498,-1.60619
0.50561,-0.24151,0.0311916;-1.5726,-0.102719,-1.61349
0.504615,-0.245718,0.0313649;-1.57845,-0.128085,-1.61223
0.500977,-0.251355,0.0305505;-1.57758,-0.100143,-1.60376
0.49916,-0.251604,0.0295377;-1.57257,-0.0630836,-1.58881
0.49765,-0.249671,0.0293627;-1.57662,-0.0331068,-1.57586
0.495476,-0.24855,0.0317625;-1.53348,0.0218037,-1.58693
0.494959,-0.250886,0.0327201;-1.52817,0.00670393,-1.59849
0.49437,-0.253138,0.0316324;-1.54408,-0.0189209,-1.60138
0.491896,-0.260591,0.0310492;-1.5733,-0.0429517,-1.61057
0.491624,-0.260503,0.0304151;-1.57014,-0.0139805,-1.60287
0.491628,-0.25724,0.0298761;-1.56984,0.0184686,-1.59223
0.491869,-0.25054,0.0317419;-1.51665,0.0750191,-1.57939
0.493084,-0.249616,0.0306086;-1.56879,0.0608383,-1.60045
0.493718,-0.249536,0.030791;-1.57273,0.0384277,-1.60784
0.492067,-0.25897,0.0311158;-1.57676,-0.06625,-1.61055
0.4926,-0.257347,0.0306424;-1.57582,-0.0825494,-1.60709
0.492779,-0.255073,0.0298603;-1.56944,-0.0878771,-1.59612
0.4922,-0.249032,0.0326273;-1.49368,-0.0905328,-1.56745
0.49606,-0.246047,0.0306319;-1.55104,-0.122027,-1.58928
0.498273,-0.243779,0.0304191;-1.58702,-0.138303,-1.60059
0.498251,-0.246634,0.0311922;-1.57795,-0.181626,-1.61183
0.498444,-0.246465,0.0312039;-1.57839,-0.17993,-1.61191
0.498527,-0.246087,0.0304098;-1.57263,-0.170842,-1.6022
0.496133,-0.240038,0.031451;-1.53814,-0.0829134,-1.57387
0.498567,-0.241197,0.0322052;-1.5567,-0.102646,-1.59525
0.500387,-0.24414,0.030528;-1.57612,-0.13905,-1.60445
0.496765,-0.251611,0.0312663;-1.58891,-0.149935,-1.60722
0.495476,-0.253937,0.0311557;-1.58024,-0.131966,-1.60932
0.494517,-0.254716,0.0300261;-1.57669,-0.109848,-1.60138
0.494517,-0.254716,0.0300261;-1.57669,-0.109848,-1.60138
0.493153,-0.254728,0.0300362;-1.57018,-0.0597307,-1.59485
0.493153,-0.254728,0.0300362;-1.57018,-0.0597307,-1.59485
