0.5,-0.3,0.06;-1.57,-2.98023e-08,-1.57
0.5,-0.3,0.06;-1.57,-2.98023e-08,-1.57
0.5,-0.3,0.06;-1.57,-2.98023e-08,-1.57
0.501009,-0.290669,0.0304243;-1.57616,-0.261628,-1.60234
0.501071,-0.288178,0.029865;-1.57558,-0.236343,-1.59555
0.499258,-0.285002,0.0300607;-1.55896,-0.153414,-1.58522
0.497699,-0.271363,0.0290759;-1.57736,-0.0662734,-1.57131
0.502004,-0.26728,0.0294364;-1.57202,-0.184854,-1.59341
0.502053,-0.267816,0.0298438;-1.60014,-0.265086,-1.5871
0.502101,-0.267337,0.0299829;-1.60413,-0.28771,-1.58737
0.49928,-0.263232,0.0300804;-1.59217,-0.153078,-1.57021
0.499091,-0.250866,0.0341931;-1.6449,-0.0324375,-1.54124
0.496218,-0.243138,0.0343393;-1.65663,0.055727,-1.53884
0.499412,-0.245072,0.0310109;-1.6151,0.00977183,-1.56423
0.501975,-0.24835,0.0290425;-1.57304,-0.0687147,-1.59108
0.503263,-0.24724,0.0306375;-1.58338,-0.126651,-1.60219
0.502346,-0.246115,0.0295078;-1.57719,-0.100154,-1.59387
0.500696,-0.2455,0.0293476;-1.58174,-0.0449333,-1.5839
0.49952,-0.245381,0.029346;-1.58974,0.0154079,-1.57588
0.497376,-0.244796,0.0292152;-1.57269,0.0524703,-1.56916
0.501299,-0.241474,0.0291897;-1.58544,-0.0260439,-1.5803
0.503696,-0.24036,0.0291012;-1.57947,-0.100006,-1.5879
0.502779,-0.243143,0.0299639;-1.58282,-0.129454,-1.59275
0.501404,-0.241342,0.0304811;-1.61804,-0.0911166,-1.57354
0.500844,-0.237719,0.0330783;-1.64295,-0.028453,-1.55402
0.499702,-0.235751,0.0328861;-1.6379,0.0149137,-1.54825
0.502232,-0.236685,0.031339;-1.62765,-0.0112581,-1.57194
0.505243,-0.244592,0.0308722;-1.58267,-0.158575,-1.60621
0.505727,-0.245594,0.0308548;-1.58134,-0.171016,-1.6071
0.505055,-0.245106,0.0298915;-1.58272,-0.144111,-1.59434
0.501211,-0.245681,0.0293115;-1.58678,-0.0170534,-1.57903
0.49989,-0.244994,0.0296049;-1.59552,0.0171458,-1.57742
0.500605,-0.244633,0.0292307;-1.58683,0.0140188,-1.575
0.506087,-0.241721,0.0298457;-1.57606,-0.117184,-1.59541
0.5073,-0.246782,0.0303481;-1.57228,-0.192839,-1.60213
0.506711,-0.246612,0.0304582;-1.58876,-0.176766,-1.5962
0.503597,-0.239071,0.0316569;-1.615,-0.0316389,-1.55205
0.501117,-0.234384,0.0334149;-1.63472,0.0455344,-1.53735
0.501087,-0.234625,0.0341129;-1.65001,0.0510726,-1.53427
0.508737,-0.240269,0.0291374;-1.58541,-0.0958447,-1.58469
0.509585,-0.244594,0.0301262;-1.57738,-0.159448,-1.59897
0.509632,-0.246028,0.0308667;-1.5892,-0.174462,-1.60434
0.504876,-0.248289,0.0290629;-1.57809,-0.0770464,-1.58293
0.502472,-0.247267,0.0292195;-1.58801,-0.00276709,-1.57584
0.500206,-0.245866,0.0296254;-1.59447,0.0491507,-1.57399
0.505692,-0.243239,0.0297198;-1.57908,-0.0273169,-1.59323
0.508826,-0.241299,0.0297969;-1.57649,-0.108925,-1.59598
0.510061,-0.246741,0.0305036;-1.57625,-0.190559,-1.603
0.506752,-0.245628,0.0296366;-1.59909,-0.0943581,-1.57735
0.504325,-0.240213,0.0315833;-1.61887,0.00294689,-1.55511
0.502298,-0.235831,0.0340562;-1.64511,0.0752317,-1.53302
0.507032,-0.240884,0.0315306;-1.63429,-0.00664474,-1.57453
0.509379,-0.245043,0.029188;-1.58128,-0.117555,-1.58676
0.510436,-0.247656,0.0295444;-1.58597,-0.201046,-1.5906
0.506724,-0.250437,0.0294459;-1.57895,-0.104839,-1.58808
0.504248,-0.249626,0.0291641;-1.58316,-0.0194295,-1.57925
0.502287,-0.246476,0.0293781;-1.58232,0.060024,-1.5672
0.505606,-0.245055,0.0291824;-1.58292,0.0441634,-1.58042
0.508855,-0.242954,0.0296119;-1.57757,-0.0376724,-1.59309
0.511954,-0.24362,0.0301673;-1.5861,-0.139864,-1.59592
0.509854,-0.244086,0.0292351;-1.58996,-0.0917513,-1.57956
0.507484,-0.240256,0.0299976;-1.59258,-0.00889969,-1.56258
0.50513,-0.236006,0.0332286;-1.63967,0.0669598,-1.53606
0.505608,-0.236323,0.0345822;-1.659,0.0694608,-1.53635
0.510408,-0.241446,0.0316526;-1.635,-0.0304355,-1.5737
0.51316,-0.243613,0.0292009;-1.58802,-0.117704,-1.58608
0.513619,-0.243957,0.0292795;-1.59275,-0.138074,-1.58585
0.511085,-0.245332,0.0295165;-1.58879,-0.0863934,-1.58332
0.507695,-0.246124,0.0290719;-1.58795,-0.013145,-1.57744
0.504336,-0.244081,0.0290487;-1.57121,0.0697029,-1.56653
0.508031,-0.241837,0.0292637;-1.58864,0.0122065,-1.57921
0.511383,-0.240238,0.0293769;-1.57762,-0.0500307,-1.59126
0.513253,-0.244406,0.0310204;-1.5743,-0.150154,-1.6112
0.511629,-0.24518,0.0293927;-1.59479,-0.118008,-1.5822
0.508494,-0.244292,0.0296177;-1.59788,-0.0395455,-1.57469
0.504316,-0.236971,0.033648;-1.6465,0.0949702,-1.53833
0.507361,-0.237748,0.0347441;-1.65069,0.0527681,-1.53247
0.509327,-0.24245,0.032049;-1.64587,-0.0108257,-1.57413
0.512051,-0.251281,0.0297286;-1.59975,-0.17799,-1.58611
0.510778,-0.25276,0.0298586;-1.58262,-0.143311,-1.59714
0.507201,-0.254808,0.0294874;-1.58154,-0.0633401,-1.58564
0.503745,-0.248088,0.0293708;-1.58201,0.0939724,-1.56758
0.506423,-0.245993,0.0296071;-1.59481,0.0812949,-1.57643
0.507691,-0.246007,0.0296742;-1.58249,0.0611027,-1.5892
0.513643,-0.246911,0.0301918;-1.58704,-0.127747,-1.59735
0.511799,-0.248926,0.030229;-1.58033,-0.0948036,-1.60028
0.509036,-0.251553,0.0291002;-1.58223,-0.022912,-1.58422
0.50404,-0.241504,0.03331;-1.63747,0.14837,-1.53389
0.504963,-0.241606,0.0348552;-1.66347,0.13484,-1.53155
0.506731,-0.244393,0.0343373;-1.67446,0.0882576,-1.54995
0.510241,-0.25713,0.0301666;-1.60883,-0.116103,-1.58189
0.509915,-0.258587,0.0294523;-1.58918,-0.0968177,-1.58401
0.50917,-0.259307,0.0290394;-1.57494,-0.0648286,-1.58834
0.504989,-0.251228,0.0293595;-1.5814,0.119605,-1.56637
0.505408,-0.251034,0.0293597;-1.59025,0.120813,-1.57275
0.505499,-0.251001,0.0292861;-1.58812,0.123898,-1.57411
0.511374,-0.25015,0.0300864;-1.58223,-0.0072935,-1.5957
0.512105,-0.254088,0.0304763;-1.58576,-0.0844571,-1.59869
0.509015,-0.256381,0.0296311;-1.57633,-0.0325087,-1.59423
0.506473,-0.25695,0.0290771;-1.58818,0.0590186,-1.57626
0.50284,-0.246915,0.0333807;-1.64873,0.216855,-1.5301
0.50394,-0.249247,0.034398;-1.66156,0.189631,-1.531
0.506421,-0.255419,0.031983;-1.6464,0.0904916,-1.56956
0.506212,-0.26573,0.0295548;-1.59275,-0.0854758,-1.58344
0.505435,-0.2671,0.0297997;-1.57913,-0.0603903,-1.59385
0.503606,-0.269855,0.0296366;-1.57225,0.01853,-1.59141
0.500182,-0.26234,0.0293713;-1.56221,0.219222,-1.56839
0.503036,-0.260073,0.0295734;-1.588,0.216418,-1.57732
0.504985,-0.259315,0.0299157;-1.57551,0.181779,-1.59672
0.508511,-0.26224,0.0307945;-1.58281,0.00251073,-1.60395
0.508648,-0.262749,0.0306157;-1.57888,0.00658535,-1.60353
0.506219,-0.263543,0.0297643;-1.58045,0.0539531,-1.59122
0.500888,-0.256744,0.0305733;-1.60743,0.264664,-1.55462
0.501202,-0.255753,0.033653;-1.66855,0.263505,-1.53912
0.502545,-0.259309,0.033265;-1.67041,0.21619,-1.55313
0.497925,-0.276445,0.0298367;-1.59095,0.0187931,-1.58444
0.500411,-0.272718,0.0297891;-1.58494,-0.030993,-1.58863
0.501186,-0.27129,0.0291688;-1.5737,-0.0128654,-1.58533
0.498174,-0.264595,0.0297355;-1.56883,0.213399,-1.57473
0.497127,-0.26459,0.0299679;-1.55281,0.256365,-1.57315
0.497578,-0.269171,0.0297154;-1.5721,0.253704,-1.58875
0.499353,-0.269982,0.0308961;-1.57387,0.117768,-1.60804
0.501455,-0.26833,0.0305165;-1.57772,0.0246033,-1.60215
0.504084,-0.263916,0.029896;-1.58164,-0.0109053,-1.59456
0.498719,-0.264547,0.0298244;-1.56183,0.186051,-1.58043
0.495931,-0.259739,0.0303411;-1.5927,0.288455,-1.55372
0.495491,-0.260809,0.0331469;-1.64735,0.30724,-1.53638
0.496301,-0.269845,0.0303887;-1.61203,0.142083,-1.57535
0.493931,-0.275771,0.0296762;-1.58867,0.0124327,-1.5846
0.497132,-0.270962,0.0297763;-1.59596,-0.0459589,-1.58204
0.49414,-0.271889,0.0298131;-1.55134,0.143191,-1.58596
0.490477,-0.270757,0.0297287;-1.56311,0.253968,-1.57902
0.489607,-0.269896,0.0302675;-1.53739,0.306281,-1.57815
0.49207,-0.27162,0.0303263;-1.57101,0.231053,-1.60361
0.49352,-0.270971,0.0308496;-1.57405,0.103333,-1.60789
0.496968,-0.266067,0.0306184;-1.58024,-0.0156401,-1.60307
0.492762,-0.270503,0.0298475;-1.57291,0.104315,-1.59385
0.489878,-0.273347,0.0302377;-1.54977,0.233665,-1.58867
0.488101,-0.268497,0.0301129;-1.55043,0.343701,-1.57079
0.48973,-0.271074,0.0307246;-1.61299,0.262256,-1.57272
0.484912,-0.280551,0.0296179;-1.5791,0.124816,-1.5862
0.483176,-0.280102,0.0300015;-1.5909,0.0239783,-1.58446
0.487523,-0.2717,0.0292636;-1.57684,0.0451409,-1.58158
0.484836,-0.270546,0.0292973;-1.58725,0.179162,-1.57446
0.480521,-0.27304,0.0299106;-1.54131,0.302937,-1.58177
0.481575,-0.279926,0.0297517;-1.57639,0.301304,-1.59615
0.481854,-0.278081,0.030666;-1.56867,0.237077,-1.60788
0.483011,-0.277319,0.0308183;-1.57345,0.107084,-1.60723
0.486688,-0.269894,0.0298744;-1.57397,0.0578258,-1.59461
0.485237,-0.270128,0.0297572;-1.57657,0.148185,-1.586
0.4802,-0.272751,0.0298499;-1.54867,0.286212,-1.57981
0.478724,-0.286807,0.0296313;-1.55812,0.315439,-1.5839
0.477207,-0.291207,0.0297407;-1.57823,0.243759,-1.58914
0.474156,-0.290256,0.030356;-1.58599,0.119081,-1.58716
0.47833,-0.28045,0.0291338;-1.58362,-0.00624795,-1.5797
0.480892,-0.274098,0.0288458;-1.57592,0.0663292,-1.57339
0.478982,-0.268371,0.0298118;-1.58571,0.191471,-1.56186
0.473284,-0.280866,0.0318824;-1.50339,0.342796,-1.59624
0.473695,-0.282162,0.0299369;-1.57377,0.322273,-1.59878
0.474748,-0.277749,0.0308555;-1.56929,0.234153,-1.6094
0.479721,-0.270862,0.030586;-1.57999,0.0346386,-1.60291
0.478738,-0.271183,0.0298889;-1.57344,0.0788422,-1.5946
0.474975,-0.276922,0.0300966;-1.56628,0.203725,-1.59232
0.472184,-0.28007,0.0330671;-1.47648,0.364658,-1.60167
0.472607,-0.28155,0.0315766;-1.51429,0.325944,-1.59642
0.473131,-0.280227,0.029747;-1.57641,0.238324,-1.59169
0.47387,-0.275253,0.0302585;-1.60515,0.0168333,-1.57798
0.474874,-0.27388,0.0295078;-1.59318,0.0119694,-1.57713
0.474806,-0.272022,0.0290178;-1.58072,0.105805,-1.57367
0.468505,-0.274324,0.0303384;-1.54539,0.323653,-1.57623
0.469794,-0.27763,0.0323204;-1.51028,0.341144,-1.60289
0.470463,-0.278594,0.0302325;-1.56956,0.30364,-1.60305
0.471159,-0.273331,0.0307134;-1.5734,0.0848755,-1.60666
0.475009,-0.26727,0.0305169;-1.57946,0.0317565,-1.60217
0.474207,-0.267419,0.029889;-1.57297,0.0730721,-1.59463
0.467435,-0.273999,0.0297221;-1.55285,0.296125,-1.57945
0.46749,-0.279753,0.032935;-1.48447,0.327177,-1.60188
0.468252,-0.278632,0.0294326;-1.5682,0.308473,-1.59566
0.462968,-0.2801,0.0298562;-1.57804,0.120482,-1.59123
0.465361,-0.274057,0.0298291;-1.58237,0.0784601,-1.58901
0.46882,-0.266868,0.0291253;-1.58269,0.0812142,-1.57488
0.46882,-0.266868,0.0291253;-1.58269,0.0812142,-1.57488
0.469138,-0.259738,0.0304495;-1.5895,0.169031,-1.55438
0.469138,-0.259738,0.0304495;-1.5895,0.169031,-1.55438
