0.5,-0.3,0.06;-1.57,-2.98023e-08,-1.57
0.5,-0.3,0.06;-1.57,-2.98023e-08,-1.57
0.5,-0.3,0.06;-1.57,-2.98023e-08,-1.57
0.500137,-0.296665,0.028974;-1.57653,-0.240167,-1.58511
0.500087,-0.295954,0.0289218;-1.57013,-0.21608,-1.58734
0.500551,-0.284308,0.0295559;-1.5642,-0.091831,-1.56649
0.49874,-0.266457,0.0342032;-1.66696,-0.0382138,-1.56059
0.502924,-0.272477,0.0289062;-1.5703,-0.209518,-1.58742
0.503526,-0.270904,0.028924;-1.57767,-0.288905,-1.58244
0.504435,-0.269129,0.0289453;-1.5836,-0.354103,-1.58073
0.503497,-0.271378,0.0288957;-1.57003,-0.240456,-1.58635
0.504629,-0.262985,0.0294381;-1.56453,-0.107536,-1.56271
0.501382,-0.245816,0.0347841;-1.66062,0.0113609,-1.54081
0.505823,-0.246678,0.030445;-1.60046,-0.0791748,-1.56045
0.507515,-0.250191,0.0288276;-1.5712,-0.175493,-1.58265
0.50728,-0.250795,0.0288016;-1.57113,-0.2356,-1.57959
0.507034,-0.251242,0.028871;-1.57062,-0.188268,-1.5846
0.507432,-0.248173,0.0290577;-1.56305,-0.0848847,-1.56277
0.504928,-0.240097,0.0317006;-1.62195,0.011685,-1.55404
0.504304,-0.237478,0.0333259;-1.63927,0.0304918,-1.54368
0.508458,-0.238601,0.0301882;-1.60271,-0.0488054,-1.56456
0.5095,-0.242097,0.0288886;-1.57031,-0.121374,-1.5852
0.509169,-0.24439,0.0289078;-1.56737,-0.15326,-1.58277
0.508961,-0.244783,0.0287401;-1.57131,-0.102828,-1.57791
0.508288,-0.241878,0.0290869;-1.57457,-0.000371426,-1.56366
0.507716,-0.239041,0.0302875;-1.59099,0.0454876,-1.54997
0.510031,-0.239933,0.0287103;-1.57094,-0.0164332,-1.5646
0.509925,-0.243791,0.0289849;-1.56455,-0.147797,-1.58308
0.509575,-0.245068,0.0288744;-1.56737,-0.163748,-1.58091
0.509314,-0.245979,0.0288783;-1.57157,-0.137595,-1.58499
0.506245,-0.243523,0.0298071;-1.59492,0.0633721,-1.55678
0.504497,-0.239848,0.0323706;-1.62242,0.118294,-1.53947
0.506835,-0.241232,0.031538;-1.60527,0.0801571,-1.54233
0.507593,-0.243426,0.028666;-1.56955,-0.119761,-1.57409
0.506867,-0.245268,0.0288817;-1.56485,-0.174625,-1.5783
0.506741,-0.245987,0.0288265;-1.56634,-0.171616,-1.57758
0.504568,-0.246147,0.0287236;-1.57445,0.016958,-1.56761
0.502457,-0.241048,0.0310897;-1.59699,0.0969448,-1.5419
0.502154,-0.240526,0.031767;-1.60625,0.101031,-1.53791
0.505003,-0.243498,0.0286199;-1.57029,-0.0831318,-1.57271
0.503596,-0.24468,0.0288169;-1.56612,-0.157845,-1.57672
0.503137,-0.245975,0.028862;-1.56431,-0.175972,-1.57684
0.502261,-0.247187,0.0285894;-1.57101,-0.0435815,-1.57034
0.501226,-0.242851,0.0301183;-1.58598,0.0530033,-1.54998
0.499256,-0.239448,0.0320429;-1.60844,0.111319,-1.535
0.503762,-0.243469,0.0285796;-1.57071,-0.0582583,-1.5707
0.501879,-0.244355,0.0287207;-1.56478,-0.148143,-1.5716
0.501041,-0.246357,0.0288177;-1.56462,-0.177047,-1.57518
0.501156,-0.247086,0.0285787;-1.57095,-0.0847601,-1.57074
0.500257,-0.243502,0.0290813;-1.58239,0.0104441,-1.56238
0.497491,-0.238722,0.0315155;-1.60196,0.0932429,-1.53665
0.501013,-0.243489,0.0286363;-1.57079,-0.0388244,-1.5681
0.499903,-0.243681,0.0287282;-1.56391,-0.109531,-1.57175
0.498957,-0.246089,0.0288402;-1.56387,-0.161853,-1.57529
0.499239,-0.24666,0.0285795;-1.57083,-0.0707639,-1.57068
0.499048,-0.242586,0.0295706;-1.57907,0.00562292,-1.55532
0.496586,-0.237864,0.0318212;-1.59897,0.0884282,-1.53321
0.499868,-0.239154,0.0304859;-1.56115,0.00838757,-1.54589
0.499006,-0.240671,0.028601;-1.56952,-0.0590978,-1.57141
0.49826,-0.244097,0.0289069;-1.56001,-0.122417,-1.57432
0.498287,-0.24486,0.0285846;-1.57108,-0.109302,-1.57093
0.497465,-0.244221,0.0286592;-1.57423,-0.0245139,-1.57026
0.49662,-0.239176,0.0309116;-1.59468,0.0576483,-1.54397
0.496579,-0.240491,0.0304196;-1.58634,0.0525816,-1.54421
0.498113,-0.243644,0.0286998;-1.57087,-0.0136396,-1.56497
0.496986,-0.244475,0.0286466;-1.56728,-0.10947,-1.57031
0.496261,-0.245716,0.0286608;-1.57032,-0.139302,-1.57454
0.496174,-0.246488,0.0285864;-1.57065,-0.0530971,-1.57033
0.496922,-0.243444,0.0296581;-1.56536,0.0353718,-1.55592
0.495782,-0.241164,0.0314838;-1.59569,0.115675,-1.53354
0.498242,-0.24308,0.0301047;-1.58164,0.0692564,-1.54586
0.498601,-0.247101,0.0285801;-1.57065,-0.0406706,-1.57103
0.496966,-0.248181,0.0286044;-1.57046,-0.178005,-1.57194
0.496937,-0.249042,0.0285797;-1.5708,-0.0938612,-1.57087
0.497337,-0.248229,0.0286465;-1.57042,-0.00761132,-1.56732
0.494274,-0.243016,0.0324622;-1.59536,0.164251,-1.52178
0.496,-0.245208,0.0336955;-1.54438,0.118979,-1.53086
0.497066,-0.24882,0.0286464;-1.57078,0.0315178,-1.56754
0.494833,-0.250683,0.0285802;-1.57074,-0.17726,-1.57082
0.49501,-0.251005,0.0285793;-1.57088,-0.104544,-1.57082
0.495508,-0.250239,0.0286361;-1.57073,-0.0222083,-1.56803
0.492551,-0.243536,0.0321633;-1.5936,0.162988,-1.52257
0.494173,-0.244289,0.0316409;-1.58468,0.10879,-1.53204
0.495266,-0.247975,0.0287071;-1.5709,0.0534624,-1.56466
0.493188,-0.249487,0.0285801;-1.57062,-0.154201,-1.57081
0.493282,-0.249859,0.0285797;-1.57073,-0.107902,-1.57088
0.493864,-0.248633,0.0286969;-1.57093,-0.0496611,-1.56513
0.492236,-0.241327,0.0321641;-1.58978,0.123674,-1.52424
0.493026,-0.241116,0.0330932;-1.55144,0.0973608,-1.52835
0.493108,-0.244227,0.0316226;-1.53733,0.0626935,-1.54747
0.490633,-0.24678,0.0285801;-1.57068,-0.157051,-1.57073
0.490774,-0.247272,0.0285794;-1.57073,-0.129891,-1.5709
0.490762,-0.247213,0.0285881;-1.57068,-0.120904,-1.57042
0.490449,-0.240326,0.0316017;-1.58699,0.0538169,-1.5319
0.491255,-0.240752,0.0309154;-1.57405,0.0528279,-1.53513
0.491404,-0.242698,0.0306878;-1.57413,0.0570103,-1.5365
0.490857,-0.24791,0.0285883;-1.57009,-0.145885,-1.57025
0.490165,-0.249905,0.0286098;-1.57097,-0.195851,-1.56934
0.48984,-0.25039,0.0285822;-1.57092,-0.120608,-1.57077
0.490323,-0.249088,0.0287653;-1.56896,-0.0343459,-1.56328
0.488213,-0.242979,0.0318389;-1.58668,0.132748,-1.52628
0.489126,-0.245023,0.0324622;-1.54143,0.0928642,-1.53422
0.488159,-0.248251,0.0285857;-1.5708,0.0142019,-1.57038
0.486546,-0.250211,0.0285803;-1.57075,-0.188697,-1.57075
0.486372,-0.250314,0.0285796;-1.57079,-0.12122,-1.57078
0.486466,-0.249912,0.0285806;-1.57057,-0.0548424,-1.57028
0.485043,-0.241012,0.0322045;-1.58736,0.127362,-1.5225
0.485017,-0.240278,0.0335685;-1.53776,0.0881517,-1.52707
0.48517,-0.243477,0.0286615;-1.57085,0.0130491,-1.5669
0.482605,-0.246935,0.0287335;-1.56534,-0.16179,-1.57196
0.482386,-0.24706,0.0285829;-1.57082,-0.119162,-1.57055
0.48312,-0.245187,0.0287191;-1.57244,-0.0423137,-1.56312
0.479776,-0.238535,0.0308098;-1.59674,0.0511654,-1.54601
0.480275,-0.239682,0.0303903;-1.58268,0.0383469,-1.54516
0.481052,-0.242009,0.0286838;-1.57076,-0.00987859,-1.56376
0.479209,-0.245023,0.0287919;-1.56517,-0.133654,-1.57459
0.47906,-0.245283,0.0285985;-1.57064,-0.120577,-1.56963
0.479193,-0.244886,0.0285807;-1.57092,-0.0884356,-1.57044
0.47874,-0.241301,0.0301257;-1.59431,0.00457464,-1.55669
0.47895,-0.240895,0.0303855;-1.59043,0.025084,-1.55022
0.479788,-0.241037,0.0301232;-1.5718,-0.0163384,-1.54387
0.479851,-0.246312,0.0288316;-1.56025,-0.149683,-1.57074
0.479248,-0.246786,0.0288464;-1.56139,-0.156092,-1.57293
0.479424,-0.246516,0.0285801;-1.57084,-0.119884,-1.57071
0.479861,-0.240392,0.0295542;-1.57794,-0.0170048,-1.55683
0.479303,-0.238731,0.0314942;-1.59244,0.0338254,-1.53688
0.479538,-0.239936,0.0313123;-1.58262,0.0225851,-1.53393
0.480982,-0.246201,0.028716;-1.5639,-0.162858,-1.56979
0.480601,-0.247648,0.0288055;-1.5623,-0.182339,-1.5717
0.480506,-0.247388,0.0286041;-1.57089,-0.168092,-1.56962
0.480854,-0.241883,0.0287176;-1.56926,-0.0312627,-1.5619
0.479425,-0.240054,0.0298213;-1.58761,0.0178305,-1.55829
0.47846,-0.239382,0.0299339;-1.59443,0.032704,-1.55847
0.479867,-0.242594,0.0285863;-1.57081,-0.0986151,-1.57036
0.4792,-0.244484,0.0288115;-1.56184,-0.143207,-1.57171
0.478503,-0.245065,0.0288356;-1.5624,-0.149757,-1.57363
0.479075,-0.243882,0.0285997;-1.57117,-0.0398421,-1.56918
0.478163,-0.241829,0.0290082;-1.57805,0.0223016,-1.56326
0.476974,-0.240381,0.0312562;-1.58951,0.0625503,-1.53721
0.479401,-0.243057,0.0286374;-1.57054,-0.0609735,-1.56723
0.478214,-0.245061,0.0287588;-1.5627,-0.156497,-1.57075
0.477731,-0.246176,0.0288356;-1.56131,-0.171473,-1.57201
0.478616,-0.244503,0.0286628;-1.57054,-0.0599005,-1.56569
0.478552,-0.242911,0.0289792;-1.57471,0.00381417,-1.56142
0.477002,-0.241077,0.030325;-1.5958,0.0502662,-1.55404
0.477854,-0.243891,0.0286845;-1.57072,-0.00925188,-1.56489
0.47583,-0.246363,0.0287661;-1.56158,-0.140117,-1.56958
0.474893,-0.247413,0.0287809;-1.5617,-0.193938,-1.56996
0.476385,-0.245999,0.02858;-1.57068,-0.0779885,-1.57083
0.476286,-0.245293,0.0288587;-1.56959,-0.0154291,-1.56358
0.475356,-0.243727,0.0306617;-1.58835,0.0425227,-1.54686
0.475633,-0.244919,0.0300969;-1.56894,0.032679,-1.54444
0.473722,-0.248273,0.0285772;-1.57026,-0.0925286,-1.57103
0.472222,-0.249915,0.0286648;-1.56668,-0.180062,-1.57
0.472491,-0.249496,0.0285856;-1.57014,-0.144362,-1.57046
0.474307,-0.246235,0.0290675;-1.55905,-0.0478483,-1.55769
0.473817,-0.245112,0.029956;-1.57506,0.0194351,-1.5498
0.472813,-0.24543,0.0306984;-1.56848,0.0550252,-1.53709
0.472779,-0.249748,0.0287215;-1.57081,-0.035356,-1.56394
0.471079,-0.251058,0.0287253;-1.56351,-0.148807,-1.56955
0.470173,-0.251034,0.02858;-1.57082,-0.190857,-1.5708
0.471602,-0.249567,0.0288381;-1.56349,-0.106655,-1.56487
0.473135,-0.24476,0.0297819;-1.56362,-0.0146126,-1.55058
0.470642,-0.244392,0.0309205;-1.58607,0.0648768,-1.54182
0.472062,-0.246002,0.0295446;-1.56482,0.0181138,-1.55162
0.470995,-0.247667,0.0285859;-1.57011,-0.0999104,-1.5708
0.469538,-0.248136,0.0287276;-1.56531,-0.185879,-1.57137
0.470003,-0.248091,0.0285824;-1.57057,-0.133954,-1.57069
0.471485,-0.246374,0.0288583;-1.56376,-0.0462059,-1.56413
0.470457,-0.246736,0.0315701;-1.59561,0.0762975,-1.53882
0.470975,-0.246808,0.0314758;-1.5508,0.0495058,-1.53342
0.470828,-0.248008,0.0285792;-1.57072,-0.0453643,-1.57079
0.468657,-0.248281,0.0288685;-1.5618,-0.18251,-1.57413
0.469184,-0.248498,0.028585;-1.57066,-0.129199,-1.57108
0.469637,-0.248479,0.0285801;-1.57071,-0.0533559,-1.57088
0.469211,-0.249566,0.0311961;-1.60132,0.0764345,-1.54824
0.469106,-0.249255,0.0310387;-1.56636,0.0707348,-1.54143
0.467723,-0.249649,0.0285703;-1.57119,0.00914226,-1.57138
0.465202,-0.248635,0.0288178;-1.56513,-0.187198,-1.57544
0.465324,-0.248638,0.0285788;-1.57126,-0.151779,-1.57062
0.465363,-0.248256,0.0286277;-1.56999,-0.10025,-1.56907
0.465363,-0.248256,0.0286277;-1.56999,-0.10025,-1.56907
0.465604,-0.245421,0.0298972;-1.56321,-0.0101525,-1.5542
0.465604,-0.245421,0.0298972;-1.56321,-0.0101525,-1.5542
