0.5,-0.3,0.06;-1.57,-2.98023e-08,-1.57
0.5,-0.3,0.06;-1.57,-2.98023e-08,-1.57
0.5,-0.3,0.06;-1.57,-2.98023e-08,-1.57
0.499998,-0.298275,0.0287421;-1.57095,-0.250365,-1.57861
0.50046,-0.298153,0.0286963;-1.57038,-0.203456,-1.57676
0.501791,-0.289755,0.0300761;-1.54428,-0.111407,-1.55707
0.49919,-0.265635,0.0326895;-1.63739,0.0241014,-1.55141
0.501679,-0.270772,0.0287975;-1.5703,-0.0965852,-1.58112
0.50154,-0.270472,0.028652;-1.57082,-0.130238,-1.57419
0.501823,-0.269457,0.028582;-1.57099,-0.179018,-1.57112
0.502191,-0.268951,0.0285809;-1.57048,-0.150049,-1.57064
0.504414,-0.261702,0.0298271;-1.55582,-0.0269334,-1.55171
0.502943,-0.250834,0.0321331;-1.60118,0.0943483,-1.53144
0.504128,-0.249389,0.0308752;-1.55973,0.0931345,-1.53655
0.5043,-0.252269,0.0286169;-1.57076,0.0336851,-1.56903
0.504034,-0.252637,0.0285877;-1.57105,0.011671,-1.57134
0.503725,-0.2531,0.0285789;-1.5709,-0.0770523,-1.57088
0.50433,-0.250384,0.0293852;-1.55776,-0.0419483,-1.55464
0.504565,-0.245835,0.0307709;-1.57619,0.00938963,-1.54268
0.503702,-0.241871,0.0315552;-1.58684,0.0698592,-1.53326
0.504117,-0.242237,0.0311223;-1.5594,0.0741067,-1.5338
0.50285,-0.245387,0.0304282;-1.53001,0.0567866,-1.55957
0.501103,-0.247259,0.0285803;-1.5705,-0.0300194,-1.57073
0.501078,-0.247156,0.0285786;-1.57086,-0.0564273,-1.5711
0.501,-0.247721,0.0292193;-1.56125,-0.0904241,-1.55896
0.500804,-0.243975,0.030119;-1.56335,-0.0607784,-1.54935
0.501754,-0.24155,0.0299324;-1.54871,-0.0453155,-1.55277
0.501342,-0.242141,0.029301;-1.54159,-0.0520473,-1.563
0.500543,-0.243292,0.0290084;-1.55225,-0.0798982,-1.5669
0.500135,-0.244084,0.0289199;-1.5566,-0.0969618,-1.56702
0.500299,-0.242869,0.03132;-1.56214,-0.0687281,-1.53265
0.499331,-0.239398,0.0326037;-1.56158,-0.0606309,-1.51878
0.500302,-0.238617,0.0329886;-1.54287,-0.0453998,-1.52094
0.499112,-0.241684,0.0302938;-1.52673,-0.0769328,-1.56232
0.498643,-0.242098,0.029152;-1.54743,-0.0877478,-1.56408
0.498207,-0.24278,0.0291618;-1.54659,-0.097842,-1.56408
0.498123,-0.241252,0.0302389;-1.56862,-0.0622807,-1.54271
0.496654,-0.243145,0.0323862;-1.57957,-0.0312245,-1.52032
0.495806,-0.242159,0.032378;-1.57885,-0.026396,-1.51938
0.495783,-0.243124,0.0295102;-1.53895,-0.102257,-1.56205
0.49516,-0.243927,0.0291465;-1.54658,-0.118477,-1.5642
0.495016,-0.244515,0.02915;-1.54624,-0.127692,-1.56416
0.494692,-0.244468,0.0289485;-1.56805,-0.124347,-1.55637
0.494085,-0.243754,0.0318499;-1.56991,-0.10627,-1.52589
0.49134,-0.242442,0.0349711;-1.59215,-0.0735879,-1.49592
0.493118,-0.246634,0.0287349;-1.57081,-0.0883514,-1.56332
0.49257,-0.247258,0.0286908;-1.56548,-0.121724,-1.57005
0.491878,-0.247269,0.0287094;-1.56455,-0.158249,-1.57001
0.491845,-0.246885,0.0288303;-1.5667,-0.155778,-1.56154
0.490606,-0.246122,0.0309074;-1.56701,-0.128548,-1.53535
0.489573,-0.245772,0.0341996;-1.5846,-0.125937,-1.50344
0.488853,-0.252612,0.0287549;-1.5701,-0.180653,-1.56305
0.488789,-0.253015,0.0286877;-1.56547,-0.17928,-1.56967
0.48859,-0.253307,0.0285823;-1.57074,-0.189491,-1.57062
0.488702,-0.252785,0.028799;-1.56897,-0.188242,-1.56128
0.488545,-0.252483,0.0307138;-1.56565,-0.190871,-1.53774
0.487057,-0.249415,0.0341288;-1.56879,-0.160313,-1.50527
0.48465,-0.245096,0.0292444;-1.5674,-0.112602,-1.55609
0.484151,-0.246294,0.0286669;-1.5665,-0.137579,-1.57023
0.483928,-0.24653,0.0287275;-1.56351,-0.155443,-1.56963
0.484113,-0.246015,0.0287036;-1.56898,-0.135656,-1.56561
0.484035,-0.242127,0.0299104;-1.56363,-0.0951415,-1.54808
0.481879,-0.237177,0.0328965;-1.57654,-0.0422126,-1.52216
0.483847,-0.238537,0.0320915;-1.56716,-0.0609117,-1.52849
0.484754,-0.245335,0.0287861;-1.57101,-0.151228,-1.56085
0.484355,-0.247968,0.0288414;-1.56035,-0.205224,-1.57131
0.484626,-0.248157,0.0285798;-1.57075,-0.176313,-1.57083
0.484949,-0.246487,0.0286759;-1.57096,-0.0965715,-1.56604
0.484132,-0.244043,0.0296934;-1.57657,-0.031974,-1.55125
0.483546,-0.236939,0.0344281;-1.59691,-0.0144799,-1.50221
0.487395,-0.24222,0.031986;-1.58216,-0.116093,-1.52651
0.488388,-0.248364,0.0287147;-1.56663,-0.214304,-1.56725
0.487854,-0.249319,0.0285858;-1.57044,-0.22435,-1.57101
0.488143,-0.249854,0.0285802;-1.57059,-0.163437,-1.57103
0.487626,-0.249366,0.0287106;-1.57216,-0.119659,-1.56532
0.483452,-0.242274,0.0329406;-1.60003,0.022649,-1.52073
0.486462,-0.239961,0.0328822;-1.58455,-0.0195034,-1.51747
0.487964,-0.240993,0.02858;-1.57084,-0.0804015,-1.57099
0.487152,-0.243903,0.0289485;-1.56116,-0.142622,-1.57742
0.487515,-0.243959,0.0286946;-1.57003,-0.119127,-1.57596
0.487893,-0.243407,0.0287068;-1.57061,-0.0947139,-1.56464
0.485367,-0.235912,0.0326419;-1.6032,0.0377592,-1.52515
0.485909,-0.235065,0.0333487;-1.57675,0.0538152,-1.52101
0.483092,-0.237325,0.0301741;-1.56683,0.0620422,-1.54808
0.481405,-0.238426,0.0288372;-1.56461,-0.0574442,-1.5765
0.481407,-0.238832,0.0288337;-1.56577,-0.0639266,-1.57763
0.481136,-0.239663,0.0288318;-1.56199,-0.0723976,-1.57315
0.477576,-0.236908,0.0309844;-1.60246,0.00536486,-1.54732
0.477154,-0.238665,0.0321799;-1.57559,0.0226747,-1.5421
0.475666,-0.240653,0.0315561;-1.5458,0.0323878,-1.55337
0.474772,-0.242925,0.0289369;-1.55899,-0.027332,-1.57559
0.474581,-0.242279,0.0287412;-1.57015,-0.052676,-1.57812
0.473972,-0.242824,0.0287541;-1.56579,-0.0974881,-1.57351
0.472193,-0.237417,0.0321051;-1.5922,-0.0237188,-1.53574
0.47309,-0.236738,0.0329479;-1.54947,-0.00813931,-1.55014
0.472153,-0.238383,0.0329511;-1.55167,0.00545042,-1.54676
0.473291,-0.240241,0.0294909;-1.54726,-0.0441002,-1.57359
0.471707,-0.243386,0.0289606;-1.55697,-0.0760281,-1.57389
0.471621,-0.243345,0.0288409;-1.56728,-0.0679364,-1.57977
0.472094,-0.241472,0.0290033;-1.56074,-0.0584966,-1.57058
0.469798,-0.2365,0.032137;-1.58818,-0.011186,-1.54023
0.470603,-0.236497,0.0322092;-1.56466,-0.0161204,-1.54291
0.469163,-0.238448,0.0333597;-1.49123,-0.0248903,-1.57333
0.468903,-0.243075,0.0336781;-1.47818,-0.0660172,-1.57845
0.469049,-0.240905,0.0288948;-1.57011,-0.0625324,-1.5854
0.468699,-0.242662,0.0289092;-1.56357,-0.0834565,-1.57647
0.462668,-0.239681,0.0370797;-1.56169,0.00292343,-1.52495
0.465457,-0.238237,0.0382192;-1.50953,-0.0262426,-1.54749
0.464363,-0.240054,0.0371649;-1.4405,-0.0272128,-1.5696
0.464005,-0.24185,0.0331857;-1.4945,-0.0655251,-1.58518
0.463678,-0.242136,0.0289323;-1.56937,-0.0609029,-1.58631
0.46386,-0.243197,0.029122;-1.56747,-0.0875714,-1.58205
0.455302,-0.258873,0.0372752;-1.56576,-0.0821365,-1.53081
0.456256,-0.250192,0.0391466;-1.48339,-0.00418456,-1.56478
0.456987,-0.242828,0.0352953;-1.47031,-0.00238672,-1.57167
0.45637,-0.24505,0.0353582;-1.45252,-0.0398569,-1.58409
0.456317,-0.245681,0.0356532;-1.45632,-0.0576968,-1.58644
0.456863,-0.243908,0.0289942;-1.56739,-0.0702721,-1.58739
0.45174,-0.260389,0.0359316;-1.55202,-0.13284,-1.54201
0.450107,-0.262291,0.0405091;-1.50055,-0.102607,-1.5505
0.449956,-0.251976,0.0359266;-1.47146,-0.00725446,-1.581
0.449386,-0.243092,0.029778;-1.55043,-0.00538045,-1.58317
0.44884,-0.242975,0.0296059;-1.55027,-0.0357163,-1.58152
0.449303,-0.242676,0.0296487;-1.55453,-0.0385353,-1.58778
0.451535,-0.253827,0.0317483;-1.5845,-0.147278,-1.56034
0.446462,-0.264396,0.0405956;-1.55329,-0.146545,-1.54631
0.449108,-0.265415,0.0401617;-1.501,-0.165879,-1.5657
0.447058,-0.256256,0.0291155;-1.56196,-0.105158,-1.58689
0.44681,-0.256266,0.029366;-1.55916,-0.107702,-1.58219
0.447148,-0.255966,0.0294403;-1.5558,-0.0997349,-1.58314
0.448858,-0.256633,0.0296719;-1.57199,-0.171741,-1.57929
0.448553,-0.260238,0.0337195;-1.593,-0.185412,-1.55065
0.448038,-0.260816,0.0396851;-1.56656,-0.17401,-1.54915
0.44424,-0.256839,0.0291055;-1.56443,-0.156956,-1.58886
0.444202,-0.256725,0.0290999;-1.55932,-0.16001,-1.58245
0.444447,-0.257128,0.0290988;-1.56388,-0.149165,-1.58132
0.444743,-0.258375,0.0292065;-1.56747,-0.127104,-1.58235
0.445213,-0.260217,0.031058;-1.57752,-0.165517,-1.55863
0.444849,-0.259619,0.0361097;-1.60641,-0.178579,-1.53659
0.45026,-0.255024,0.02923;-1.56875,-0.204756,-1.58792
0.449656,-0.255363,0.0290825;-1.56165,-0.200524,-1.5841
0.449532,-0.255865,0.0291528;-1.56483,-0.199617,-1.58208
0.449383,-0.256641,0.0289334;-1.56579,-0.163366,-1.58128
0.447009,-0.257062,0.030804;-1.57558,-0.130757,-1.55737
0.443501,-0.255834,0.0347572;-1.62029,-0.0978737,-1.53162
0.450429,-0.247458,0.0289765;-1.56873,-0.130475,-1.57999
0.449871,-0.247506,0.0290251;-1.56168,-0.159132,-1.58164
0.449803,-0.248115,0.0290664;-1.56543,-0.179447,-1.5808
0.45038,-0.248465,0.0288349;-1.57046,-0.142576,-1.58291
0.44987,-0.247884,0.0301412;-1.57141,-0.127246,-1.56149
0.446806,-0.244592,0.0338575;-1.6071,-0.0665654,-1.52733
0.447343,-0.239328,0.031541;-1.56505,-0.0327633,-1.54865
0.447422,-0.239753,0.028801;-1.56984,-0.0639,-1.58056
0.447017,-0.240527,0.0289098;-1.5625,-0.0824114,-1.57752
0.447399,-0.240781,0.0289344;-1.56693,-0.0744201,-1.58367
0.447563,-0.240457,0.0289536;-1.56741,-0.0677955,-1.57369
0.446562,-0.238865,0.0311848;-1.58473,-0.0469146,-1.54909
0.443659,-0.238403,0.0328945;-1.57392,-0.0215863,-1.53216
0.441065,-0.241267,0.0322162;-1.52326,0.00694546,-1.56299
0.440139,-0.240795,0.02874;-1.5672,-0.00527101,-1.57526
0.439535,-0.240217,0.0287991;-1.56689,-0.0738356,-1.57708
0.439788,-0.239966,0.028859;-1.56445,-0.0664689,-1.57731
0.44039,-0.239966,0.0296173;-1.55847,-0.067965,-1.56257
0.435898,-0.239662,0.0323539;-1.58948,0.00651671,-1.52606
0.435328,-0.240981,0.0319634;-1.56242,0.0201502,-1.54253
0.434561,-0.241197,0.0287614;-1.56419,0.0149097,-1.57274
0.43431,-0.241719,0.0287801;-1.56524,-0.00717554,-1.57483
0.434416,-0.24104,0.0286244;-1.57074,-0.0144293,-1.57282
0.434759,-0.240981,0.0287862;-1.56744,-0.0261822,-1.56418
0.433445,-0.239549,0.0322804;-1.59059,0.00607056,-1.52434
0.433947,-0.241505,0.0327428;-1.55745,0.0297529,-1.53648
0.430501,-0.244069,0.0325569;-1.51779,0.0516197,-1.56215
0.428855,-0.243708,0.0287332;-1.5639,0.0292671,-1.57163
0.429038,-0.243631,0.0285796;-1.57072,0.0401102,-1.57085
0.429104,-0.244409,0.0287996;-1.57201,0.0295153,-1.56073
0.429568,-0.241512,0.0332321;-1.58932,0.0331118,-1.51275
0.431753,-0.241101,0.0336914;-1.55645,0.0238229,-1.52465
0.429835,-0.243478,0.0331314;-1.51633,0.0468528,-1.55179
0.427062,-0.243727,0.028766;-1.56211,0.0369678,-1.57073
0.427121,-0.243646,0.0286268;-1.56858,0.028863,-1.57078
0.427259,-0.244085,0.0287356;-1.57128,0.0135186,-1.56329
0.427259,-0.244085,0.0287356;-1.57128,0.0135186,-1.56329
0.426943,-0.250472,0.0304715;-1.57458,-0.0543443,-1.54032
0.426943,-0.250472,0.0304715;-1.57458,-0.0543443,-1.54032
