0.5,-0.3,0.06;-1.57,-2.98023e-08,-1.57
0.5,-0.3,0.06;-1.57,-2.98023e-08,-1.57
0.5,-0.3,0.06;-1.57,-2.98023e-08,-1.57
0.498321,-0.298749,0.0285785;-1.57083,-0.285069,-1.57055
0.498321,-0.298232,0.0285781;-1.57093,-0.289395,-1.57063
0.498638,-0.297099,0.0289467;-1.55896,-0.262456,-1.56109
0.497683,-0.286465,0.0317472;-1.5758,-0.165246,-1.52565
0.500517,-0.299967,0.0288138;-1.57254,-0.288483,-1.56144
0.501358,-0.305001,0.0287551;-1.57169,-0.386014,-1.5631
0.501054,-0.307104,0.0286368;-1.5708,-0.453334,-1.568
0.501274,-0.306115,0.0285936;-1.57011,-0.416693,-1.57054
0.501494,-0.304781,0.0286506;-1.57033,-0.388829,-1.56703
0.499025,-0.296312,0.0301649;-1.59696,-0.287662,-1.56612
0.497909,-0.292503,0.0293382;-1.59866,-0.254389,-1.57709
0.498401,-0.29345,0.0292021;-1.59924,-0.25682,-1.58099
0.498183,-0.294625,0.0289621;-1.58911,-0.247153,-1.57639
0.497162,-0.298814,0.0293886;-1.60099,-0.235074,-1.57946
0.496128,-0.298009,0.0302251;-1.61498,-0.204847,-1.57915
0.493608,-0.293386,0.031393;-1.63612,-0.142987,-1.57997
0.492503,-0.284386,0.0299096;-1.60971,-0.125755,-1.57339
0.495728,-0.285351,0.0285564;-1.56612,-0.194074,-1.56964
0.494697,-0.286305,0.0286258;-1.5687,-0.284682,-1.57077
0.493734,-0.286458,0.0285895;-1.57057,-0.332569,-1.57011
0.493882,-0.284695,0.0288869;-1.56943,-0.290932,-1.55676
0.491874,-0.276058,0.0315256;-1.57526,-0.183931,-1.52563
0.488291,-0.26648,0.0316907;-1.58398,-0.0801966,-1.5277
0.488417,-0.262476,0.028783;-1.57304,-0.0612818,-1.56333
0.487091,-0.262403,0.0287244;-1.5675,-0.187297,-1.57392
0.487038,-0.262316,0.0287705;-1.56809,-0.190415,-1.57674
0.487102,-0.262456,0.0287795;-1.57055,-0.16522,-1.58034
0.487308,-0.257862,0.0295048;-1.5685,-0.0290589,-1.56248
0.484262,-0.247698,0.0340516;-1.64621,0.0779826,-1.54405
0.484528,-0.242503,0.0338152;-1.66053,0.11123,-1.55697
0.488307,-0.248608,0.030192;-1.57328,0.0522683,-1.59891
0.485985,-0.257711,0.0318334;-1.57313,0.050021,-1.61945
0.483912,-0.262799,0.0340138;-1.58265,0.0559971,-1.63976
0.488921,-0.256343,0.0336333;-1.59774,0.00827712,-1.6263
0.492821,-0.251576,0.0345324;-1.65898,-0.0312483,-1.60072
0.495374,-0.249179,0.033871;-1.66497,-0.0631232,-1.59253
0.497248,-0.254299,0.0311542;-1.59576,-0.115724,-1.6009
0.496516,-0.266694,0.0299078;-1.58107,-0.188514,-1.58218
0.496306,-0.275355,0.0295055;-1.5654,-0.264059,-1.57668
0.496632,-0.277345,0.0296032;-1.56489,-0.253039,-1.59408
0.497071,-0.275161,0.0314833;-1.55684,-0.203997,-1.59987
0.498035,-0.272991,0.0327948;-1.5437,-0.185595,-1.60272
0.503124,-0.26076,0.0290282;-1.5676,-0.239933,-1.58553
0.503298,-0.26041,0.0293457;-1.56094,-0.258472,-1.5832
0.503264,-0.261833,0.0291311;-1.56552,-0.251302,-1.58374
0.501004,-0.262695,0.0293946;-1.56205,-0.227666,-1.56737
0.498449,-0.255964,0.030889;-1.57645,-0.132005,-1.55451
0.492871,-0.247975,0.0330479;-1.61429,-0.0144953,-1.54807
0.494296,-0.241046,0.0290446;-1.57606,-0.0441061,-1.58416
0.494775,-0.240368,0.0293381;-1.57063,-0.078225,-1.58774
0.494641,-0.241971,0.029442;-1.5752,-0.0831138,-1.58967
0.496657,-0.24202,0.030075;-1.59475,-0.118695,-1.59293
0.498305,-0.241278,0.0311957;-1.61061,-0.115401,-1.59551
0.498242,-0.240011,0.0340744;-1.67227,-0.0927739,-1.58705
0.495408,-0.238117,0.0323004;-1.6393,-0.0356133,-1.55765
0.495855,-0.240445,0.0290154;-1.58949,-0.0620206,-1.57457
0.495966,-0.241155,0.0289008;-1.57571,-0.0819355,-1.5824
0.495469,-0.242444,0.0289098;-1.57865,-0.0831283,-1.57939
0.495628,-0.242764,0.0285991;-1.57108,-0.0574904,-1.56969
0.495757,-0.24248,0.0290189;-1.5753,-0.0470781,-1.56471
0.497203,-0.240344,0.0289868;-1.57014,-0.0533097,-1.5605
0.497553,-0.240712,0.0287737;-1.57088,-0.0715115,-1.56146
0.49699,-0.24224,0.0287775;-1.5644,-0.114951,-1.56687
0.496728,-0.244401,0.0288342;-1.55843,-0.144517,-1.56842
0.496797,-0.244258,0.0288562;-1.56193,-0.131472,-1.56511
0.496851,-0.242067,0.028816;-1.57243,-0.0678826,-1.561
0.494383,-0.235612,0.0306022;-1.58655,0.0624792,-1.54456
0.496659,-0.235077,0.028777;-1.57168,0.0242846,-1.56221
0.496176,-0.235721,0.0287109;-1.56436,-0.0335901,-1.57045
0.496727,-0.240943,0.0289132;-1.56266,-0.096905,-1.57773
0.496935,-0.242387,0.0289527;-1.58357,-0.115194,-1.56719
0.496911,-0.244263,0.0304838;-1.59641,-0.132063,-1.55369
0.490813,-0.243912,0.0332942;-1.66925,-0.00124577,-1.56762
0.489561,-0.245182,0.0324588;-1.65474,0.00988994,-1.57073
0.489504,-0.247447,0.0293456;-1.59355,-0.0159222,-1.57529
0.488136,-0.251271,0.0288648;-1.57442,-0.0348535,-1.58098
0.48799,-0.250983,0.0287455;-1.57032,-0.0533494,-1.57826
0.488245,-0.249758,0.0287306;-1.5745,-0.113759,-1.57527
0.485358,-0.244899,0.0312203;-1.59693,-0.0383531,-1.54234
0.485133,-0.24141,0.0320197;-1.5805,-0.000502676,-1.53308
0.486856,-0.239246,0.0304452;-1.57302,-0.0231137,-1.53903
0.486557,-0.239909,0.0289564;-1.55988,-0.00772591,-1.5777
0.486581,-0.24035,0.0289281;-1.56204,-0.000268757,-1.57864
0.486506,-0.240508,0.0287392;-1.57066,-0.00131565,-1.57834
0.485831,-0.238646,0.030202;-1.58483,0.0283338,-1.56819
0.488735,-0.233527,0.0321476;-1.52894,0.0178545,-1.57615
0.489005,-0.23346,0.0323025;-1.52228,0.0204687,-1.57274
0.488337,-0.235945,0.0295781;-1.55512,-0.0105158,-1.57854
0.488934,-0.239395,0.0292398;-1.57283,-0.0382125,-1.58576
0.489096,-0.246375,0.0296286;-1.56853,-0.0912935,-1.59462
0.484008,-0.253726,0.03632;-1.58178,-0.00664054,-1.61764
0.485893,-0.245529,0.0360972;-1.62661,0.0555776,-1.62154
0.483955,-0.246156,0.0350299;-1.58805,0.093574,-1.63179
0.486207,-0.24595,0.0368151;-1.51066,0.0419201,-1.64752
0.488,-0.246315,0.0341497;-1.58406,-0.100747,-1.63113
0.489099,-0.24568,0.0316832;-1.59425,-0.14566,-1.60916
0.488958,-0.24725,0.0334133;-1.60792,-0.166531,-1.60596
0.482392,-0.2444,0.0323691;-1.59574,-0.0269956,-1.60219
0.481974,-0.241761,0.0315152;-1.55109,0.00397889,-1.60104
0.482681,-0.241605,0.0290679;-1.56795,0.00594509,-1.58544
0.482104,-0.242803,0.028881;-1.56695,0.0280378,-1.5814
0.482164,-0.24311,0.0288791;-1.56348,0.0114403,-1.57789
0.483512,-0.244909,0.0298192;-1.56952,-0.031477,-1.56262
0.480522,-0.243163,0.0338313;-1.6117,-0.0203006,-1.52379
0.480908,-0.23404,0.0312095;-1.58601,0.0173599,-1.54456
0.479874,-0.236488,0.0318339;-1.51662,0.0123686,-1.56945
0.477646,-0.239139,0.0289273;-1.55723,-0.0133208,-1.57349
0.477333,-0.239527,0.0286901;-1.5652,-0.0293748,-1.57034
0.477039,-0.240701,0.0287238;-1.57066,-0.0165884,-1.57768
0.475571,-0.243718,0.0298495;-1.60509,0.0503348,-1.57237
0.476122,-0.240635,0.0298142;-1.60297,0.0435761,-1.5664
0.476967,-0.239209,0.0302136;-1.56439,0.0156825,-1.56188
0.478334,-0.239282,0.0296316;-1.58395,-0.0643784,-1.5761
0.47985,-0.242379,0.0290911;-1.57906,-0.106496,-1.58362
0.480234,-0.243867,0.0290838;-1.58069,-0.126494,-1.58652
0.476484,-0.245134,0.0307113;-1.62002,-0.0395344,-1.57501
0.47413,-0.243094,0.0303358;-1.61328,0.0369189,-1.5681
0.472416,-0.246298,0.0298002;-1.55056,0.0844294,-1.56296
0.472132,-0.245922,0.0287134;-1.56599,0.0775799,-1.56953
0.471435,-0.247086,0.0287128;-1.56904,0.0191447,-1.56511
0.471002,-0.248769,0.0287897;-1.57136,-0.0300761,-1.56073
0.472386,-0.252746,0.0304818;-1.56692,-0.07783,-1.5433
0.470977,-0.251335,0.0308529;-1.56142,-0.032061,-1.54365
0.470061,-0.242156,0.0290968;-1.57703,0.0902879,-1.56365
0.468424,-0.245154,0.0287365;-1.5632,-0.00360841,-1.57056
0.468338,-0.245437,0.0286521;-1.57104,-0.0218714,-1.56736
0.468269,-0.246054,0.0287115;-1.57106,-0.0307749,-1.5647
0.468922,-0.253844,0.0323218;-1.56954,-0.154593,-1.51763
0.467901,-0.247728,0.0336696;-1.53267,-0.158192,-1.51252
0.466371,-0.244273,0.0344361;-1.54391,-0.118451,-1.52368
0.466367,-0.246813,0.0308144;-1.53387,-0.148991,-1.58088
0.467424,-0.246813,0.0290029;-1.57786,-0.155644,-1.58474
0.467145,-0.247943,0.0291061;-1.58254,-0.126778,-1.58578
0.463281,-0.258286,0.0304587;-1.58909,-0.0168214,-1.59502
0.461785,-0.264625,0.0319073;-1.56806,0.0417397,-1.60423
0.460394,-0.265285,0.0343652;-1.50684,0.113864,-1.58953
0.460519,-0.250392,0.0360777;-1.43969,0.138353,-1.58649
0.461076,-0.249,0.0358212;-1.43169,0.107623,-1.58641
0.461972,-0.247326,0.035306;-1.44038,0.0884238,-1.57967
0.463648,-0.247102,0.0351928;-1.45167,0.0622068,-1.59471
0.463241,-0.248569,0.0342902;-1.47778,0.070873,-1.59061
0.463973,-0.2487,0.0341544;-1.4909,0.0710957,-1.58483
0.46324,-0.254146,0.0376943;-1.39368,0.127464,-1.59402
0.462601,-0.255001,0.0374127;-1.39514,0.125194,-1.59338
0.461992,-0.256036,0.0370538;-1.4093,0.1059,-1.58228
0.460044,-0.259438,0.0369248;-1.40859,0.0646912,-1.58184
0.460695,-0.259128,0.0371907;-1.42313,0.0421097,-1.58551
0.460225,-0.257614,0.0382611;-1.42312,0.0233615,-1.59508
0.460302,-0.257631,0.0402492;-1.38718,0.0376775,-1.60374
0.458483,-0.260808,0.0388871;-1.39353,0.0483667,-1.60548
0.455949,-0.265648,0.0383409;-1.44665,0.102335,-1.63021
0.453991,-0.266241,0.033491;-1.56299,0.170196,-1.64588
0.452672,-0.269942,0.0336491;-1.52879,0.185633,-1.63227
0.450378,-0.27516,0.0388764;-1.44599,0.185253,-1.61117
0.452195,-0.261791,0.041906;-1.44305,0.189353,-1.62841
0.455187,-0.252732,0.0397768;-1.38857,0.123789,-1.63066
0.456857,-0.246047,0.0372866;-1.4633,0.0403261,-1.62616
0.459247,-0.240441,0.0298933;-1.57263,-0.053441,-1.59541
0.45904,-0.241185,0.0288887;-1.56996,-0.0422999,-1.58469
0.458755,-0.24249,0.0292431;-1.56557,-0.0290632,-1.56279
0.454809,-0.247695,0.0325782;-1.56462,0.0186608,-1.53597
0.451976,-0.247166,0.0308434;-1.57145,0.0676918,-1.539
0.452099,-0.247205,0.0291768;-1.56911,0.0601806,-1.55999
0.450315,-0.249471,0.0289552;-1.55548,0.0217466,-1.56821
0.449548,-0.249744,0.0288594;-1.55722,-0.00148556,-1.57071
0.449203,-0.249649,0.0288535;-1.55759,-0.0148708,-1.57034
0.448917,-0.249628,0.0299946;-1.55198,-0.00386019,-1.56316
0.446938,-0.251427,0.0309283;-1.54196,0.0389076,-1.55368
0.445711,-0.251406,0.0306777;-1.54112,0.0645949,-1.55377
0.446432,-0.251221,0.0292332;-1.56514,0.138059,-1.56003
0.446746,-0.250729,0.0287871;-1.578,0.14815,-1.56707
0.446988,-0.250348,0.0288184;-1.58248,0.139592,-1.56929
0.449703,-0.241647,0.0316093;-1.58888,0.0360532,-1.57308
0.451787,-0.237241,0.0329354;-1.59806,-0.0292888,-1.57933
0.452127,-0.237536,0.0304864;-1.58125,-0.0313468,-1.60034
0.453081,-0.239597,0.0288549;-1.5766,-0.0584034,-1.57841
0.452449,-0.240501,0.0287197;-1.57481,-0.0311177,-1.5736
0.451188,-0.242343,0.0289378;-1.5871,-1.57952e-06,-1.57195
0.451188,-0.242343,0.0289378;-1.5871,-1.57952e-06,-1.57195
0.450559,-0.244592,0.0300996;-1.58075,0.00812745,-1.55078
0.450559,-0.244592,0.0300996;-1.58075,0.00812745,-1.55078
