0.5,-0.3,0.06;-1.57,-2.98023e-08,-1.57
0.5,-0.3,0.06;-1.57,-2.98023e-08,-1.57
0.5,-0.3,0.06;-1.57,-2.98023e-08,-1.57
0.497699,-0.297337,0.0285795;-1.57086,-0.317606,-1.57082
0.497914,-0.297113,0.0285791;-1.57083,-0.259831,-1.57064
0.498334,-0.291918,0.0298674;-1.59187,-0.121469,-1.56286
0.496657,-0.282323,0.036423;-1.71697,-0.0199367,-1.56945
0.498652,-0.288287,0.0288371;-1.57066,-0.168553,-1.58403
0.499007,-0.286645,0.0285798;-1.57102,-0.236942,-1.5707
0.498978,-0.286764,0.0285792;-1.5709,-0.265359,-1.57085
0.498118,-0.287781,0.0287683;-1.57117,-0.162334,-1.5793
0.497669,-0.284452,0.0304639;-1.60852,-0.0448005,-1.56524
0.494946,-0.27115,0.0379171;-1.73106,0.0929694,-1.53922
0.494183,-0.276092,0.0340686;-1.6859,0.0720421,-1.56246
0.494698,-0.282849,0.0288151;-1.5623,0.00215414,-1.58571
0.494127,-0.281772,0.0286325;-1.57132,-0.0804683,-1.57353
0.493672,-0.281999,0.0288371;-1.57068,-0.0287105,-1.58302
0.49667,-0.27543,0.0289635;-1.57892,0.0600788,-1.57735
0.499351,-0.257017,0.0356326;-1.71514,0.148198,-1.55047
0.499003,-0.252294,0.0372035;-1.74954,0.155808,-1.54376
0.501322,-0.256547,0.0346352;-1.69826,0.103288,-1.55898
0.501054,-0.262677,0.0288951;-1.56981,0.0342577,-1.58691
0.501112,-0.261809,0.0286703;-1.57071,-0.0291728,-1.57505
0.499824,-0.263917,0.0289463;-1.57334,0.0434407,-1.58566
0.497964,-0.265917,0.0298311;-1.59986,0.140352,-1.57437
0.500307,-0.258509,0.0338911;-1.68308,0.151312,-1.55578
0.504285,-0.251518,0.0319268;-1.64716,0.0820738,-1.56689
0.505556,-0.248924,0.0286869;-1.57076,-0.136333,-1.57587
0.505549,-0.248899,0.0286602;-1.57068,-0.142435,-1.57466
0.504208,-0.251173,0.0288983;-1.57216,-0.0581928,-1.58443
0.497875,-0.256698,0.0337366;-1.68165,0.183081,-1.55332
0.49833,-0.254,0.0383721;-1.76699,0.191541,-1.54116
0.50088,-0.250564,0.0377442;-1.75457,0.131087,-1.55038
0.504171,-0.25126,0.0287586;-1.57069,-0.106705,-1.57924
0.504682,-0.249053,0.0286074;-1.57075,-0.222706,-1.57214
0.504458,-0.249219,0.0286653;-1.57256,-0.218116,-1.57355
0.5001,-0.254754,0.0303372;-1.61702,-0.021525,-1.57294
0.49579,-0.253926,0.0356393;-1.71615,0.0915002,-1.56072
0.49496,-0.25378,0.0381801;-1.76519,0.112516,-1.55458
0.494678,-0.258435,0.0289818;-1.56564,0.0171167,-1.58537
0.494881,-0.255574,0.0287071;-1.57136,-0.109399,-1.57641
0.495456,-0.254467,0.0285786;-1.57068,-0.163424,-1.57085
0.49418,-0.255349,0.0290361;-1.59262,-0.0477664,-1.5726
0.492764,-0.253158,0.0318184;-1.64129,0.0107225,-1.56614
0.490929,-0.248372,0.0374319;-1.73613,0.0778709,-1.55083
0.492978,-0.255392,0.0290894;-1.58715,-0.00153774,-1.57877
0.491047,-0.254617,0.028743;-1.57073,-0.124551,-1.57864
0.491743,-0.254175,0.0285796;-1.57076,-0.183595,-1.57086
0.490236,-0.255166,0.02889;-1.57833,-0.0611134,-1.57866
0.489928,-0.252785,0.0309457;-1.62793,0.048035,-1.56696
0.488202,-0.244753,0.0365879;-1.73374,0.136543,-1.54971
0.494478,-0.244859,0.0297947;-1.60564,0.0179349,-1.5735
0.493605,-0.245676,0.0287634;-1.57014,-0.0621774,-1.57946
0.492879,-0.245863,0.0286169;-1.57094,-0.160948,-1.57293
0.491102,-0.251319,0.0289636;-1.57526,-0.020874,-1.58478
0.49042,-0.252625,0.0303728;-1.61215,0.0395545,-1.57601
0.490357,-0.24755,0.0379736;-1.76354,0.0608707,-1.5639
0.494916,-0.251914,0.0312777;-1.63372,-0.068611,-1.57678
0.496313,-0.25196,0.0289489;-1.57227,-0.157763,-1.58705
0.49691,-0.250631,0.0287125;-1.56971,-0.218697,-1.57685
0.495089,-0.253861,0.0287393;-1.57169,-0.0607442,-1.57765
0.493872,-0.251069,0.0301834;-1.60878,0.0696715,-1.56446
0.49087,-0.247046,0.0363549;-1.7235,0.162799,-1.54606
0.492515,-0.248926,0.0361572;-1.72167,0.127344,-1.55271
0.495912,-0.248786,0.0310956;-1.63456,0.0398453,-1.57536
0.496515,-0.24795,0.028825;-1.57052,-0.0848918,-1.58257
0.496969,-0.246023,0.0287515;-1.57069,-0.170128,-1.57889
0.495768,-0.247866,0.0290843;-1.58278,-0.100463,-1.5844
0.492993,-0.2522,0.0308904;-1.62715,0.00689625,-1.57075
0.489252,-0.249877,0.0381797;-1.76345,0.143863,-1.54856
0.489661,-0.249167,0.0372063;-1.74471,0.142877,-1.55259
0.490754,-0.25296,0.0289509;-1.56988,0.0787891,-1.58807
0.490752,-0.248131,0.0286115;-1.57121,-0.147431,-1.57241
0.490316,-0.248356,0.0288863;-1.57192,-0.136866,-1.58468
0.489833,-0.249412,0.0293366;-1.59914,-0.0951473,-1.57577
0.484353,-0.247698,0.0373941;-1.7518,0.0201603,-1.56857
0.485845,-0.248009,0.0381549;-1.7468,-0.0131286,-1.56614
0.487035,-0.254836,0.0311383;-1.63095,-0.0732064,-1.57733
0.486567,-0.25621,0.0285947;-1.57195,-0.212149,-1.5707
0.486265,-0.256404,0.0286634;-1.57097,-0.159,-1.57473
0.485279,-0.257268,0.028936;-1.58071,-0.0669614,-1.57865
0.481015,-0.245964,0.0371869;-1.7465,0.108818,-1.55431
0.484646,-0.241051,0.0371551;-1.73774,0.0503469,-1.55993
0.48744,-0.244428,0.0309699;-1.62823,-0.00801354,-1.57448
0.486944,-0.246267,0.028631;-1.5709,-0.150324,-1.57347
0.486513,-0.247492,0.0287165;-1.57092,-0.123164,-1.57709
0.484867,-0.250947,0.0290042;-1.57886,-0.0156772,-1.58324
0.483279,-0.248813,0.0384959;-1.77047,0.0569381,-1.56425
0.485347,-0.249147,0.0375509;-1.75363,-0.00956994,-1.57697
0.488616,-0.254264,0.031672;-1.64201,-0.0997387,-1.58038
0.490878,-0.252286,0.0287081;-1.57068,-0.254893,-1.57686
0.489734,-0.25417,0.0288231;-1.57171,-0.174219,-1.5818
0.488444,-0.256166,0.0286655;-1.57179,-0.0651035,-1.57386
0.482404,-0.245149,0.0376437;-1.75404,0.149114,-1.54796
0.483787,-0.246859,0.038002;-1.76069,0.121388,-1.55417
0.484095,-0.248845,0.0358877;-1.72122,0.103875,-1.56085
0.488171,-0.247518,0.0287962;-1.57196,-0.0964718,-1.58023
0.488635,-0.247455,0.0287438;-1.56782,-0.201796,-1.57519
0.487791,-0.248972,0.0289137;-1.57317,-0.155221,-1.58584
0.485111,-0.253394,0.0294393;-1.60177,-0.0532015,-1.57574
0.477908,-0.258687,0.037563;-1.75157,0.135244,-1.55214
0.477217,-0.258955,0.0381246;-1.75264,0.156065,-1.5565
0.477095,-0.263884,0.0289956;-1.55717,0.0833481,-1.59324
0.477876,-0.25843,0.0285858;-1.57086,-0.144226,-1.57115
0.477561,-0.258638,0.0287849;-1.57074,-0.114668,-1.58028
0.476755,-0.259275,0.0290205;-1.58635,-0.0465994,-1.57724
0.474684,-0.246598,0.0375052;-1.74278,0.10214,-1.54808
0.475495,-0.247648,0.0385137;-1.74949,0.0822833,-1.54277
0.475935,-0.254168,0.0306263;-1.6193,0.0417895,-1.5748
0.475587,-0.254272,0.0286682;-1.57523,-0.106118,-1.57163
0.474647,-0.25544,0.0286828;-1.57024,-0.0406419,-1.57565
0.473855,-0.256143,0.0289145;-1.57713,0.0471097,-1.58017
0.47105,-0.251175,0.0362753;-1.73163,0.164464,-1.54835
0.472092,-0.250762,0.0373086;-1.74929,0.141923,-1.54902
0.475265,-0.25125,0.0318047;-1.64407,0.0672761,-1.56885
0.47382,-0.253615,0.0286955;-1.57091,-0.0172276,-1.57646
0.473823,-0.253545,0.0285807;-1.57092,-0.0254496,-1.57104
0.472393,-0.255639,0.0289479;-1.57234,0.0385434,-1.58653
0.468338,-0.258316,0.0349411;-1.70337,0.151599,-1.55787
0.47009,-0.255319,0.0376395;-1.75411,0.112266,-1.55657
0.473156,-0.253423,0.035193;-1.70629,0.0374647,-1.56836
0.476746,-0.25181,0.028923;-1.57892,-0.124947,-1.58005
0.476971,-0.251761,0.028641;-1.57009,-0.139438,-1.57361
0.475988,-0.253423,0.0287651;-1.57074,-0.051021,-1.57946
0.471461,-0.251131,0.0326192;-1.65789,0.191279,-1.5546
0.467287,-0.252916,0.0373127;-1.7477,0.25164,-1.53593
0.469318,-0.252872,0.0383014;-1.7609,0.212229,-1.54011
0.473969,-0.252306,0.0288742;-1.57065,0.0170766,-1.58507
0.475708,-0.250046,0.0287304;-1.57168,-0.0885132,-1.57712
0.476263,-0.248309,0.0286891;-1.57558,-0.138232,-1.5723
0.472521,-0.253704,0.0296604;-1.60649,0.0113058,-1.57339
0.468027,-0.256608,0.033759;-1.6781,0.138606,-1.55722
0.466666,-0.256572,0.0370556;-1.73888,0.190538,-1.54059
0.465707,-0.26241,0.0291141;-1.56363,0.152417,-1.59305
0.465902,-0.258918,0.0287319;-1.57048,0.0264827,-1.57796
0.467297,-0.256793,0.0285946;-1.571,-0.0671707,-1.57135
0.46639,-0.257346,0.0290562;-1.59376,0.0295111,-1.57076
0.466161,-0.252833,0.0319219;-1.64539,0.100813,-1.56202
0.466284,-0.251821,0.0365624;-1.73839,0.116594,-1.54868
0.466523,-0.260045,0.0305599;-1.61976,0.0606026,-1.57509
0.465011,-0.261856,0.0287783;-1.5705,-0.0115939,-1.58038
0.465818,-0.261194,0.0285844;-1.57121,-0.0450878,-1.57071
0.46379,-0.262956,0.028924;-1.57912,0.110043,-1.57838
0.463847,-0.26074,0.0308419;-1.62535,0.20065,-1.56045
0.464578,-0.256326,0.0367403;-1.73428,0.248853,-1.52841
0.470274,-0.257572,0.0315867;-1.64187,0.135132,-1.56667
0.469788,-0.259588,0.0288436;-1.57149,0.0946114,-1.58265
0.468306,-0.260202,0.0286916;-1.5716,0.0441135,-1.57601
0.466521,-0.262857,0.0289167;-1.57316,0.115415,-1.58423
0.463118,-0.266111,0.0295461;-1.59896,0.192089,-1.5737
0.461296,-0.265044,0.034616;-1.69613,0.229682,-1.5481
0.466947,-0.261333,0.0342703;-1.68894,0.113039,-1.56082
0.469403,-0.26075,0.0290142;-1.57406,0.0260861,-1.58794
0.470499,-0.259009,0.0289662;-1.58115,-0.0362572,-1.57928
0.469671,-0.260548,0.0286845;-1.57087,0.0465457,-1.5757
0.468359,-0.260915,0.028894;-1.58356,0.187244,-1.56613
0.465109,-0.258468,0.0331828;-1.67171,0.269378,-1.54548
0.463701,-0.259536,0.0380365;-1.76033,0.296537,-1.52587
0.46711,-0.259902,0.0323384;-1.63827,0.20529,-1.57197
0.467706,-0.258847,0.0288861;-1.57393,0.103525,-1.58287
0.470439,-0.255304,0.0286217;-1.5706,-0.0705612,-1.57277
0.469285,-0.256565,0.0288561;-1.57129,-0.0128487,-1.58379
0.465592,-0.260079,0.0298453;-1.60907,0.0861563,-1.57024
0.460129,-0.262189,0.036926;-1.74184,0.233193,-1.53641
0.458188,-0.26554,0.0367665;-1.72923,0.252181,-1.5432
0.457239,-0.269992,0.0290601;-1.5634,0.20898,-1.59262
0.46033,-0.264942,0.0285801;-1.57083,0.00887438,-1.57085
0.460144,-0.264911,0.0287963;-1.57074,0.0255645,-1.58094
0.459499,-0.264611,0.0292359;-1.59467,0.104204,-1.56689
0.460281,-0.259348,0.0368714;-1.73311,0.18046,-1.53306
0.460633,-0.26165,0.0375804;-1.7426,0.15574,-1.53816
0.46008,-0.268522,0.030102;-1.60626,0.114038,-1.57597
0.459344,-0.269139,0.0286017;-1.5723,0.0216598,-1.5708
0.458296,-0.27023,0.0286926;-1.57138,0.091816,-1.57596
0.457781,-0.270811,0.0288802;-1.58225,0.184979,-1.57605
0.459132,-0.262625,0.0364233;-1.73849,0.329265,-1.51853
0.462031,-0.261795,0.0377621;-1.76339,0.290051,-1.51757
0.465436,-0.264051,0.0313899;-1.6385,0.200683,-1.56279
0.463307,-0.266336,0.0286966;-1.57066,0.103263,-1.57641
0.463139,-0.266339,0.0285977;-1.5708,0.107414,-1.57164
0.461108,-0.26853,0.0289649;-1.57536,0.18504,-1.58413
0.461108,-0.26853,0.0289649;-1.57536,0.18504,-1.58413
0.457152,-0.271834,0.0297466;-1.60318,0.263523,-1.57098
0.457152,-0.271834,0.0297466;-1.60318,0.263523,-1.57098
