0.5,-0.3,0.06;-1.57,-2.98023e-08,-1.57
0.5,-0.3,0.06;-1.57,-2.98023e-08,-1.57
0.5,-0.3,0.06;-1.57,-2.98023e-08,-1.57
0.500979,-0.295432,0.0288615;-1.57354,-0.288847,-1.58217
0.500661,-0.295394,0.0288394;-1.56996,-0.24236,-1.58344
0.500424,-0.28714,0.0299273;-1.58396,-0.110169,-1.55712
0.498138,-0.277833,0.0336662;-1.64634,-0.0367253,-1.54799
0.502955,-0.282883,0.0288766;-1.57056,-0.258062,-1.58578
0.503545,-0.281188,0.0289142;-1.57855,-0.3334,-1.58188
0.504224,-0.280526,0.0288708;-1.57891,-0.367893,-1.58001
0.50256,-0.283001,0.0287394;-1.57063,-0.226523,-1.57836
0.502852,-0.276736,0.029733;-1.57975,-0.0889514,-1.55351
0.498893,-0.264385,0.034426;-1.63796,0.0358758,-1.5268
0.502139,-0.267871,0.0297668;-1.58424,-0.0385895,-1.55323
0.503284,-0.271057,0.0286249;-1.57083,-0.141667,-1.57442
0.503418,-0.270291,0.0287114;-1.57168,-0.212229,-1.57642
0.502624,-0.271553,0.0286935;-1.57074,-0.100452,-1.57616
0.50374,-0.267278,0.0292067;-1.57022,0.0389472,-1.55902
0.50188,-0.255692,0.0332523;-1.62731,0.169276,-1.52824
0.50069,-0.255254,0.0347294;-1.65814,0.185655,-1.52326
0.50214,-0.262822,0.0310113;-1.61611,0.117498,-1.55564
0.501314,-0.267879,0.0286598;-1.5696,0.00952306,-1.57644
0.501831,-0.265524,0.0286135;-1.57094,-0.11061,-1.57227
0.501091,-0.266624,0.0285811;-1.57069,-0.010316,-1.57098
0.501303,-0.263143,0.0291297;-1.56218,0.10628,-1.56554
0.501045,-0.258234,0.0303455;-1.58781,0.178547,-1.54593
0.501104,-0.262056,0.02882;-1.5653,0.103984,-1.56211
0.500969,-0.260855,0.0287339;-1.57818,-0.129932,-1.57188
0.50157,-0.260566,0.0286542;-1.57434,-0.171659,-1.57151
0.501001,-0.261217,0.0285788;-1.57084,-0.0948675,-1.57065
0.501627,-0.253097,0.0303423;-1.55853,0.122522,-1.55056
0.500642,-0.246009,0.0318388;-1.60089,0.154515,-1.53412
0.503003,-0.244065,0.0308728;-1.57591,0.0655261,-1.53681
0.502184,-0.247714,0.0285801;-1.57063,-0.176217,-1.57046
0.501879,-0.248969,0.0286463;-1.57039,-0.216973,-1.57361
0.501926,-0.249166,0.028614;-1.57248,-0.206219,-1.57116
0.501766,-0.245096,0.0290729;-1.56199,-0.0595008,-1.5584
0.501123,-0.237305,0.0311619;-1.59251,0.0261769,-1.54194
0.5006,-0.236604,0.0318226;-1.58458,0.0237222,-1.52734
0.503383,-0.242905,0.0288468;-1.56093,-0.143192,-1.57249
0.503043,-0.245166,0.0289876;-1.55978,-0.161064,-1.57751
0.502857,-0.246685,0.029054;-1.55743,-0.178784,-1.5778
0.502451,-0.245753,0.0286599;-1.57153,-0.0386866,-1.56616
0.501932,-0.24171,0.0298084;-1.57667,0.0513398,-1.55038
0.500255,-0.238877,0.0320759;-1.59902,0.109214,-1.53037
0.504313,-0.243242,0.0285989;-1.57079,-0.0807487,-1.56991
0.502858,-0.246064,0.0287634;-1.56319,-0.180742,-1.57119
0.502368,-0.247929,0.028866;-1.56268,-0.204066,-1.57487
0.502247,-0.245807,0.0286767;-1.57061,-0.0429328,-1.56625
0.50122,-0.243307,0.0304923;-1.58787,0.0546229,-1.54996
0.499066,-0.239539,0.0330504;-1.61703,0.120595,-1.5277
0.503718,-0.247049,0.0288075;-1.56893,-0.000115216,-1.56127
0.501463,-0.248843,0.0287296;-1.56345,-0.123534,-1.56977
0.500474,-0.250859,0.0285973;-1.57081,-0.238981,-1.56994
0.50261,-0.24767,0.0287729;-1.56784,-0.0915246,-1.56394
0.503306,-0.241976,0.0302016;-1.56352,-0.000205278,-1.54754
0.502611,-0.236811,0.0324001;-1.5688,0.0808391,-1.52395
0.50497,-0.242519,0.029474;-1.56924,-0.0184771,-1.55253
0.503435,-0.24704,0.0285938;-1.57,-0.129965,-1.5705
0.502887,-0.248861,0.02861;-1.5707,-0.174844,-1.56937
0.503502,-0.249488,0.0285797;-1.5708,-0.105685,-1.57078
0.504542,-0.245548,0.0290875;-1.56831,0.00383962,-1.55901
0.504813,-0.240098,0.0315108;-1.56862,0.0985187,-1.53336
0.504958,-0.241201,0.0319541;-1.5635,0.0566113,-1.52582
0.505863,-0.245249,0.028793;-1.57059,-0.0296513,-1.561
0.504767,-0.247999,0.0286342;-1.568,-0.128254,-1.57044
0.50452,-0.248747,0.0285796;-1.5707,-0.132747,-1.57081
0.504435,-0.248098,0.0285788;-1.57093,-0.0768982,-1.57059
0.505191,-0.242745,0.0294572;-1.56735,0.0085078,-1.55643
0.503748,-0.23553,0.0321649;-1.59291,0.0611883,-1.52918
0.506606,-0.234877,0.0315804;-1.56739,-0.0144033,-1.53526
0.507198,-0.240633,0.028897;-1.55663,-0.0918638,-1.57052
0.506757,-0.24491,0.0290967;-1.55238,-0.146039,-1.57456
0.507011,-0.244761,0.0285775;-1.57086,-0.114741,-1.57047
0.50706,-0.243371,0.0286947;-1.57074,-0.039096,-1.56531
0.503214,-0.24049,0.0327683;-1.60008,0.134331,-1.5217
0.506605,-0.237814,0.0330663;-1.56511,0.0635057,-1.52106
0.508448,-0.238578,0.0286717;-1.57028,-0.0655158,-1.56688
0.508753,-0.245027,0.0291629;-1.55222,-0.144057,-1.57748
0.509365,-0.245156,0.0285797;-1.57058,-0.107566,-1.57041
0.509728,-0.244285,0.0286682;-1.5709,-0.0282466,-1.56654
0.50578,-0.240283,0.0323229;-1.59889,0.132884,-1.52509
0.508325,-0.239452,0.0330587;-1.57262,0.0858226,-1.52
0.509752,-0.242228,0.0287291;-1.57092,-0.00886714,-1.56365
0.506567,-0.247029,0.0288945;-1.56025,-0.181737,-1.57353
0.507423,-0.247117,0.0285803;-1.57074,-0.115933,-1.57087
0.507556,-0.246685,0.0285867;-1.57106,-0.0549135,-1.5706
0.504838,-0.241303,0.0322679;-1.60064,0.145187,-1.52753
0.50663,-0.242955,0.0317926;-1.59028,0.111207,-1.53194
0.508102,-0.250496,0.0291677;-1.57008,0.0300809,-1.55723
0.506185,-0.256507,0.0286139;-1.57168,-0.183849,-1.56966
0.506174,-0.256074,0.0285795;-1.57079,-0.122782,-1.57075
0.506062,-0.255837,0.0285829;-1.57061,-0.115058,-1.5705
0.505003,-0.243854,0.0315388;-1.58453,0.091844,-1.53414
0.506034,-0.245876,0.0317903;-1.57688,0.0509863,-1.5261
0.506196,-0.247569,0.0313038;-1.5685,0.0319801,-1.52944
0.504694,-0.256375,0.0286102;-1.57083,-0.177784,-1.5694
0.505153,-0.257562,0.0286107;-1.57145,-0.200576,-1.57018
0.505362,-0.256214,0.0286319;-1.57089,-0.116651,-1.56818
0.50571,-0.253012,0.0288233;-1.56839,-0.0337521,-1.56086
0.50386,-0.238317,0.0324039;-1.58547,0.0922055,-1.52283
0.506434,-0.236241,0.0324364;-1.55879,0.00122529,-1.52557
0.506839,-0.240743,0.0286927;-1.56946,-0.0766354,-1.5664
0.506635,-0.245723,0.0289774;-1.55861,-0.154624,-1.57577
0.506983,-0.245617,0.0285797;-1.57081,-0.131777,-1.5707
0.50688,-0.244343,0.0286984;-1.57074,-0.0817623,-1.56508
0.505825,-0.234331,0.0321062;-1.59327,0.0547,-1.5291
0.508742,-0.233203,0.0324507;-1.57256,-0.000953943,-1.52745
0.510413,-0.239723,0.0288525;-1.55834,-0.0796635,-1.57031
0.510494,-0.245243,0.0290781;-1.55408,-0.150421,-1.57543
0.510516,-0.245177,0.0285808;-1.57064,-0.145885,-1.57079
0.511248,-0.243747,0.0286431;-1.57087,-0.0605035,-1.5677
0.508203,-0.239083,0.0317376;-1.59511,0.117562,-1.53185
0.509507,-0.240718,0.0320895;-1.58819,0.0960686,-1.52494
0.511504,-0.247437,0.0287708;-1.57041,-0.00258631,-1.56181
0.507439,-0.252282,0.0285963;-1.57064,-0.250845,-1.57
0.507513,-0.252161,0.0285802;-1.57077,-0.226137,-1.57077
0.508032,-0.25134,0.0285804;-1.57062,-0.145589,-1.57102
0.506721,-0.240071,0.0318903;-1.58679,0.0884954,-1.52697
0.505939,-0.239043,0.0329098;-1.59445,0.0972875,-1.51656
0.50861,-0.245275,0.0306838;-1.57453,0.0187334,-1.53757
0.505263,-0.255113,0.0285967;-1.57067,-0.206841,-1.56998
0.50519,-0.255568,0.028611;-1.5709,-0.244524,-1.56923
0.505292,-0.25514,0.0285786;-1.57087,-0.192061,-1.57072
0.504709,-0.247755,0.0299431;-1.57731,-0.00999715,-1.55255
0.50251,-0.241867,0.0322872;-1.58897,0.0654703,-1.52737
0.503169,-0.242357,0.0327294;-1.5838,0.0436642,-1.52046
0.503112,-0.254721,0.0286279;-1.56898,-0.165164,-1.56972
0.502996,-0.256993,0.0286069;-1.57075,-0.227617,-1.56957
0.502882,-0.25701,0.0286113;-1.57086,-0.19647,-1.56926
0.503518,-0.252662,0.0287998;-1.56957,-0.0127349,-1.56132
0.503112,-0.244926,0.0313422;-1.57353,0.0909887,-1.53467
0.500909,-0.240692,0.0330217;-1.58375,0.114697,-1.51491
0.502755,-0.247798,0.0286991;-1.5708,-0.0795233,-1.56506
0.502118,-0.250414,0.0286053;-1.57066,-0.15101,-1.5696
0.502021,-0.251496,0.0285802;-1.57053,-0.175697,-1.5709
0.501829,-0.250137,0.028682;-1.57078,-0.049961,-1.56583
0.502169,-0.24299,0.0301782;-1.57178,0.0299309,-1.54884
0.500949,-0.237286,0.032455;-1.58946,0.0877239,-1.52506
0.504956,-0.238566,0.0286993;-1.56645,-0.064679,-1.56904
0.504628,-0.241021,0.0290013;-1.55421,-0.0980707,-1.57274
0.505226,-0.245206,0.0291732;-1.5504,-0.147186,-1.57587
0.506071,-0.243574,0.0286671;-1.57102,-0.077206,-1.56645
0.506582,-0.237628,0.0301813;-1.56965,0.00755934,-1.54521
0.503965,-0.237698,0.0327257;-1.59514,0.0979167,-1.52055
0.507532,-0.242651,0.0287827;-1.56983,-0.0434055,-1.56168
0.505535,-0.245519,0.0288476;-1.55845,-0.168865,-1.56962
0.505274,-0.247276,0.0289052;-1.55903,-0.186887,-1.57254
0.50556,-0.247291,0.0285806;-1.57063,-0.112268,-1.57047
0.504972,-0.242445,0.0293112;-1.57283,0.00407202,-1.55667
0.502703,-0.238144,0.0316162;-1.59121,0.101519,-1.53192
0.504946,-0.245183,0.0300464;-1.57319,0.0155197,-1.54491
0.503189,-0.251359,0.0286697;-1.56908,-0.116724,-1.56769
0.501042,-0.253748,0.0285988;-1.56985,-0.237141,-1.57058
0.501022,-0.253891,0.028579;-1.57088,-0.1947,-1.57081
0.502103,-0.251722,0.0287956;-1.56769,-0.0931473,-1.56281
0.501241,-0.245501,0.0305087;-1.5801,0.0284783,-1.54482
0.498979,-0.246323,0.0323675;-1.58437,0.0646217,-1.52262
0.499862,-0.255544,0.0288099;-1.57,-0.0412349,-1.56074
0.497607,-0.259283,0.0286577;-1.56788,-0.173086,-1.56903
0.497712,-0.26051,0.0286145;-1.5708,-0.231418,-1.56911
0.498797,-0.258635,0.0286926;-1.57078,-0.142489,-1.56531
0.500149,-0.253414,0.0294392;-1.56536,-0.0527623,-1.55481
0.497745,-0.244786,0.0332616;-1.58106,0.0665658,-1.51411
0.500152,-0.248226,0.0303867;-1.5715,-0.0252743,-1.54112
0.499602,-0.253967,0.0286886;-1.57071,-0.135542,-1.5656
0.498872,-0.257489,0.0286394;-1.57094,-0.225384,-1.5679
0.498752,-0.256442,0.0285792;-1.57063,-0.125089,-1.57076
0.499293,-0.254668,0.0287313;-1.56985,-0.0417066,-1.56393
0.499077,-0.240685,0.0322912;-1.58278,0.122272,-1.52456
0.501061,-0.237064,0.0321646;-1.56602,0.0223407,-1.52993
0.501583,-0.240695,0.0287079;-1.56858,-0.057422,-1.56646
0.501001,-0.245983,0.0289061;-1.56092,-0.151206,-1.57507
0.501042,-0.246235,0.0286457;-1.56758,-0.142898,-1.57033
0.501124,-0.245358,0.0285868;-1.57124,-0.0999935,-1.57006
0.499656,-0.234078,0.0324333;-1.58868,0.0461672,-1.52304
0.501741,-0.233829,0.0328731;-1.57507,-0.00212079,-1.52401
0.503407,-0.240338,0.0287679;-1.567,-0.0919881,-1.5653
0.503492,-0.246154,0.029125;-1.55163,-0.160278,-1.57468
0.503531,-0.245978,0.0285813;-1.57067,-0.163931,-1.57085
0.504057,-0.245694,0.02862;-1.56935,-0.101555,-1.56958
0.504057,-0.245694,0.02862;-1.56935,-0.101555,-1.56958
0.504072,-0.241199,0.0297755;-1.57078,0.0110348,-1.55087
0.504072,-0.241199,0.0297755;-1.57078,0.0110348,-1.55087
