0.5,-0.3,0.06;-1.57,-2.98023e-08,-1.57
0.5,-0.3,0.06;-1.57,-2.98023e-08,-1.57
0.5,-0.3,0.06;-1.57,-2.98023e-08,-1.57
0.498901,-0.298629,0.028584;-1.57202,-0.269404,-1.57302
0.499357,-0.29725,0.0286275;-1.57123,-0.203673,-1.56824
0.500392,-0.28934,0.030207;-1.5644,-0.0678233,-1.54441
0.499354,-0.276048,0.031322;-1.58233,0.0196706,-1.53391
0.499616,-0.281128,0.0285852;-1.5703,-0.186564,-1.57107
0.498551,-0.281912,0.0285809;-1.57088,-0.305171,-1.57085
0.499223,-0.282035,0.028586;-1.57083,-0.371636,-1.57
0.500184,-0.279029,0.0287494;-1.56745,-0.200445,-1.56483
0.500964,-0.271632,0.0301725;-1.55992,-0.0855238,-1.54372
0.496966,-0.260536,0.0327087;-1.58346,0.0267558,-1.51928
0.499987,-0.262706,0.0304202;-1.5651,-0.0674191,-1.54069
0.499977,-0.267172,0.0286861;-1.57076,-0.169838,-1.56566
0.498023,-0.2687,0.0286114;-1.57074,-0.291943,-1.56915
0.498227,-0.26676,0.0286767;-1.57082,-0.216348,-1.56622
0.49881,-0.260454,0.0298139;-1.56635,-0.113587,-1.54713
0.496205,-0.250452,0.0322096;-1.57593,0.00196111,-1.5196
0.49514,-0.245513,0.0325887;-1.57953,0.0123714,-1.51691
0.498702,-0.249762,0.0297295;-1.57198,-0.079789,-1.5487
0.498373,-0.254935,0.0285949;-1.57006,-0.201299,-1.57025
0.497473,-0.255546,0.0285796;-1.57074,-0.282347,-1.57076
0.498334,-0.252895,0.0287765;-1.56895,-0.190984,-1.56162
0.498301,-0.242762,0.0307064;-1.56982,-0.0826047,-1.53643
0.496513,-0.237116,0.03146;-1.57302,-0.0304699,-1.52957
0.498958,-0.241513,0.0291024;-1.57047,-0.0941226,-1.55665
0.498544,-0.245671,0.0288936;-1.55845,-0.151123,-1.57164
0.498549,-0.245732,0.0285802;-1.57071,-0.153389,-1.57078
0.498552,-0.245624,0.02858;-1.57078,-0.123269,-1.57076
0.496544,-0.239608,0.0299084;-1.5888,0.0121238,-1.55552
0.494074,-0.235727,0.0317459;-1.59891,0.0656024,-1.53547
0.495615,-0.236547,0.0313182;-1.5855,0.0295514,-1.5349
0.496447,-0.242499,0.0287993;-1.5604,-0.11505,-1.57018
0.496143,-0.244397,0.0288487;-1.56341,-0.139207,-1.5753
0.496291,-0.244453,0.0286029;-1.57081,-0.132152,-1.56969
0.496069,-0.240263,0.0290825;-1.57175,-0.0130241,-1.55928
0.494471,-0.234613,0.0313931;-1.59624,0.0564092,-1.53791
0.493839,-0.234769,0.0315897;-1.59798,0.049006,-1.53554
0.496311,-0.238066,0.0289018;-1.55758,-0.0565573,-1.57243
0.495931,-0.241006,0.028964;-1.55822,-0.087031,-1.57539
0.495669,-0.242541,0.029043;-1.55637,-0.108411,-1.57701
0.496043,-0.241429,0.0286939;-1.57097,-0.0168019,-1.56508
0.494824,-0.237216,0.0304217;-1.58328,0.0541594,-1.54649
0.492391,-0.236821,0.0319112;-1.60583,0.0871452,-1.53347
0.496135,-0.238185,0.0286293;-1.56937,-0.0529638,-1.56951
0.495675,-0.23976,0.0288634;-1.55964,-0.079553,-1.57247
0.495281,-0.242901,0.0288903;-1.56318,-0.121774,-1.57713
0.495435,-0.243082,0.0285823;-1.57063,-0.0539747,-1.57063
0.4947,-0.239085,0.0294372;-1.57161,0.0157139,-1.56076
0.491951,-0.236753,0.0316369;-1.59999,0.0892123,-1.54236
0.496236,-0.237508,0.0286624;-1.56839,-0.0444937,-1.56917
0.495844,-0.239232,0.0289904;-1.55636,-0.0735104,-1.5748
0.495096,-0.242977,0.0288722;-1.56566,-0.120861,-1.57902
0.495493,-0.244255,0.0286735;-1.57117,-0.0523206,-1.57513
0.494128,-0.241282,0.0292234;-1.56529,0.0151464,-1.56612
0.49051,-0.237187,0.0319401;-1.59674,0.0921228,-1.54609
0.495113,-0.241106,0.0287447;-1.56332,0.0120788,-1.57153
0.494456,-0.240718,0.0287273;-1.57046,-0.0583489,-1.57771
0.493669,-0.242719,0.0288848;-1.5664,-0.112664,-1.58042
0.494002,-0.243622,0.0288102;-1.57066,-0.0869404,-1.58166
0.494008,-0.242289,0.0292257;-1.5669,-0.017387,-1.57379
0.491562,-0.237966,0.030709;-1.58096,0.0677165,-1.56401
0.491916,-0.23693,0.030784;-1.57218,0.0618246,-1.55658
0.493461,-0.236193,0.0288982;-1.56326,-0.0016346,-1.57859
0.492637,-0.237442,0.029062;-1.5607,-0.0469831,-1.58321
0.491997,-0.239676,0.0289955;-1.56446,-0.0751682,-1.58398
0.492628,-0.240429,0.0290084;-1.56312,-0.0288846,-1.58337
0.49208,-0.237399,0.029992;-1.5559,0.0308986,-1.56893
0.487967,-0.237722,0.0330209;-1.60546,0.0967636,-1.55489
0.490719,-0.235766,0.0321303;-1.54692,0.0501927,-1.56522
0.492033,-0.236304,0.0291107;-1.56428,-0.0181362,-1.58972
0.490978,-0.243224,0.0291931;-1.5678,-0.0943488,-1.58484
0.49122,-0.245194,0.029031;-1.56412,-0.0582912,-1.58531
0.492236,-0.244154,0.0294627;-1.56034,0.00434066,-1.58013
0.487223,-0.239982,0.0334742;-1.60196,0.131127,-1.5462
0.490221,-0.238412,0.0332836;-1.55352,0.079472,-1.54614
0.493617,-0.23992,0.029291;-1.55906,0.00559854,-1.57865
0.4919,-0.247672,0.0294478;-1.57111,-0.0975889,-1.58867
0.492255,-0.25065,0.0288615;-1.56912,-0.039451,-1.58264
0.493468,-0.248611,0.0290721;-1.55939,0.0239299,-1.57498
0.489762,-0.242492,0.0316472;-1.58491,0.162132,-1.54974
0.492133,-0.242467,0.0330802;-1.55884,0.125169,-1.54331
0.495838,-0.244203,0.0289565;-1.56604,0.0583255,-1.57704
0.495474,-0.248484,0.0289949;-1.57103,-0.0577944,-1.58232
0.495138,-0.249385,0.0288804;-1.56722,-0.0350023,-1.58145
0.495326,-0.247738,0.0288755;-1.56222,0.00655549,-1.5765
0.491055,-0.241749,0.0320641;-1.58807,0.153063,-1.54372
0.49391,-0.239955,0.0329414;-1.56723,0.108601,-1.53813
0.496983,-0.240946,0.0288468;-1.56519,0.0602582,-1.57644
0.496358,-0.245595,0.0288424;-1.56973,-0.0559644,-1.58228
0.496025,-0.246456,0.0288672;-1.56943,-0.0481226,-1.58321
0.496009,-0.24645,0.0288838;-1.57142,-0.0478768,-1.58488
0.493578,-0.237553,0.0318132;-1.58449,0.0910665,-1.54851
0.494421,-0.235901,0.0317702;-1.57521,0.0620918,-1.54859
0.494834,-0.235515,0.031067;-1.57703,0.0543748,-1.5511
0.496385,-0.23881,0.0287749;-1.5708,-0.0484125,-1.58012
0.495556,-0.242948,0.028805;-1.57179,-0.116798,-1.58073
0.4957,-0.243092,0.0288141;-1.57041,-0.0776311,-1.58232
0.495764,-0.241186,0.029122;-1.55949,-0.0161456,-1.57047
0.493405,-0.238251,0.0317151;-1.58084,0.0984652,-1.54576
0.495399,-0.238759,0.0315218;-1.55924,0.0715241,-1.55066
0.498166,-0.241126,0.0287414;-1.57014,-0.00690245,-1.57792
0.496749,-0.242118,0.0287289;-1.57063,-0.122614,-1.57797
0.496511,-0.242594,0.028759;-1.57061,-0.0900327,-1.57933
0.496863,-0.242512,0.0287462;-1.56643,-0.0442388,-1.57421
0.492576,-0.236711,0.0319941;-1.58543,0.0848754,-1.53834
0.494208,-0.23557,0.032736;-1.54764,0.0493013,-1.53384
0.495919,-0.236077,0.0286278;-1.56856,-0.0163255,-1.57101
0.494841,-0.241101,0.0288223;-1.56745,-0.115398,-1.57867
0.494879,-0.241772,0.028714;-1.56967,-0.107408,-1.57603
0.495646,-0.241875,0.0287183;-1.56458,-0.0572655,-1.57124
0.493351,-0.234785,0.0321604;-1.59198,0.0619375,-1.54204
0.494323,-0.233839,0.0317134;-1.58423,0.0383106,-1.54023
0.495484,-0.235543,0.0287135;-1.56577,-0.00746099,-1.56923
0.493949,-0.240661,0.0289377;-1.56128,-0.110896,-1.57726
0.493845,-0.241438,0.0288187;-1.56454,-0.11399,-1.57537
0.494442,-0.241788,0.0286911;-1.56826,-0.0768008,-1.57374
0.493142,-0.233914,0.0318274;-1.58189,0.0468585,-1.53638
0.493194,-0.234091,0.0322428;-1.58697,0.0433349,-1.53559
0.494829,-0.233911,0.0298924;-1.56772,0.0010446,-1.55599
0.494661,-0.239303,0.0290531;-1.55824,-0.0804386,-1.57978
0.494297,-0.241274,0.029015;-1.55978,-0.106611,-1.57942
0.494287,-0.241839,0.0287495;-1.57056,-0.102193,-1.57882
0.493015,-0.237253,0.030024;-1.57136,0.0192437,-1.56003
0.489688,-0.236094,0.0320107;-1.58899,0.0751069,-1.53844
0.490777,-0.235897,0.0315364;-1.58017,0.064001,-1.53893
0.492581,-0.236842,0.0288759;-1.55885,-0.0464689,-1.57268
0.492024,-0.241108,0.0289528;-1.56043,-0.0976415,-1.57723
0.491791,-0.241986,0.0288654;-1.56273,-0.105344,-1.57559
0.491994,-0.240622,0.0291729;-1.56269,0.0102497,-1.56691
0.489794,-0.23679,0.0309959;-1.58015,0.0822099,-1.54907
0.489421,-0.238029,0.0318564;-1.59151,0.0977396,-1.5453
0.491017,-0.238507,0.0285795;-1.57067,-0.0511583,-1.57076
0.490613,-0.240154,0.028966;-1.55514,-0.0832669,-1.57249
0.490462,-0.242757,0.0290748;-1.55487,-0.114091,-1.57667
0.490884,-0.241545,0.0287556;-1.57118,-0.00760893,-1.56223
0.489812,-0.237879,0.0300432;-1.58837,0.0668676,-1.55039
0.487689,-0.237762,0.0319293;-1.61776,0.102622,-1.53876
0.490491,-0.239157,0.0286221;-1.57084,-0.0421937,-1.56884
0.48997,-0.240872,0.0288992;-1.55753,-0.0998918,-1.57197
0.489802,-0.243547,0.0289568;-1.56143,-0.128722,-1.57824
0.489932,-0.242663,0.0286359;-1.57096,-0.0102158,-1.56802
0.48945,-0.239005,0.0296579;-1.58074,0.0688222,-1.55202
0.487633,-0.238196,0.0317894;-1.61205,0.109792,-1.54196
0.489399,-0.239781,0.0286709;-1.57088,-0.00021711,-1.56653
0.488481,-0.240376,0.0288226;-1.5605,-0.0933292,-1.57193
0.488539,-0.24369,0.0289117;-1.5654,-0.134025,-1.58056
0.488002,-0.244534,0.0285872;-1.57149,-0.0544106,-1.57118
0.487522,-0.242647,0.0290006;-1.58361,0.0267334,-1.56329
0.485806,-0.237691,0.0314798;-1.61595,0.10135,-1.54829
0.487463,-0.237428,0.0289669;-1.58188,0.0377021,-1.5629
0.487574,-0.237826,0.0286788;-1.57137,-0.0613132,-1.57574
0.487645,-0.241368,0.028853;-1.56781,-0.104366,-1.58052
0.487796,-0.243972,0.0286538;-1.57283,-0.100465,-1.57417
0.48656,-0.244993,0.0288158;-1.58205,-0.0115407,-1.57116
0.48508,-0.241346,0.0304327;-1.59974,0.0773061,-1.55526
0.483719,-0.237541,0.0317955;-1.6146,0.0833471,-1.54641
0.485877,-0.237751,0.0286074;-1.57083,-0.00253126,-1.5722
0.486084,-0.238313,0.028887;-1.5665,-0.0664796,-1.58084
0.484561,-0.242366,0.0289539;-1.57087,-0.114902,-1.58158
0.483212,-0.243446,0.0287455;-1.57128,-0.0339454,-1.57852
0.480203,-0.241355,0.0294398;-1.58403,0.0484873,-1.56826
0.476041,-0.241507,0.0333642;-1.66943,0.101916,-1.5667
0.479405,-0.24097,0.0310222;-1.62727,0.0364691,-1.57426
0.481263,-0.239886,0.0288978;-1.57074,-0.0707978,-1.58615
0.481013,-0.242892,0.0291939;-1.57474,-0.130181,-1.5856
0.480841,-0.243597,0.0289823;-1.57432,-0.090849,-1.58661
0.479523,-0.244863,0.0291385;-1.58605,-0.0101568,-1.58264
0.474108,-0.245508,0.0354833;-1.70628,0.118976,-1.56603
0.476629,-0.243193,0.0358094;-1.65858,0.0618361,-1.57423
0.479343,-0.241635,0.0301886;-1.59807,-0.0377597,-1.58576
0.479305,-0.24428,0.0298937;-1.57344,-0.141962,-1.59585
0.479762,-0.243328,0.0300065;-1.5775,-0.111595,-1.5966
0.478977,-0.244746,0.0293242;-1.57767,-0.0414258,-1.58795
0.475496,-0.242651,0.0342589;-1.69199,0.094885,-1.56073
0.477723,-0.2413,0.033508;-1.66761,0.0485735,-1.56347
0.481033,-0.241244,0.0303265;-1.60244,-0.0230899,-1.58568
0.481679,-0.242497,0.0299204;-1.57693,-0.119015,-1.59535
0.4813,-0.242727,0.0299572;-1.5775,-0.107655,-1.59621
0.480264,-0.244386,0.0296278;-1.57051,-0.0450248,-1.59397
0.480264,-0.244386,0.0296278;-1.57051,-0.0450248,-1.59397
0.478436,-0.245017,0.0308091;-1.60907,0.0254506,-1.58424
0.478436,-0.245017,0.0308091;-1.60907,0.0254506,-1.58424
