0.5,-0.3,0.06;-1.57,-2.98023e-08,-1.57
0.5,-0.3,0.06;-1.57,-2.98023e-08,-1.57
0.5,-0.3,0.06;-1.57,-2.98023e-08,-1.57
0.500339,-0.29955,0.0289751;-1.5785,-0.229317,-1.58393
0.500352,-0.299647,0.0288699;-1.57014,-0.180833,-1.58476
0.501471,-0.289473,0.0295964;-1.56332,-0.0648975,-1.566
0.499178,-0.272169,0.03501;-1.69275,0.0166963,-1.56036
0.502512,-0.279346,0.0288923;-1.56972,-0.149786,-1.58761
0.502906,-0.277871,0.0289919;-1.58161,-0.209017,-1.58219
0.504262,-0.274775,0.0290642;-1.58865,-0.309399,-1.58253
0.50499,-0.273696,0.0288641;-1.57025,-0.304068,-1.58447
0.504976,-0.268089,0.0291375;-1.57399,-0.179856,-1.56735
0.501145,-0.25053,0.0341424;-1.65702,-0.0454823,-1.54992
0.503685,-0.253507,0.0322267;-1.63568,-0.0805737,-1.5644
0.505706,-0.260518,0.0287904;-1.56554,-0.168335,-1.58047
0.505684,-0.259638,0.028825;-1.57198,-0.243671,-1.58248
0.505972,-0.257573,0.0289804;-1.57654,-0.274843,-1.58587
0.505775,-0.256506,0.0288915;-1.57526,-0.204005,-1.58199
0.504493,-0.24055,0.0315283;-1.61279,-0.0785546,-1.55916
0.500292,-0.236181,0.0356249;-1.68472,0.0094236,-1.54729
0.503559,-0.241202,0.0340496;-1.68342,-0.0445071,-1.5759
0.505901,-0.249375,0.0288795;-1.57095,-0.10869,-1.58538
0.50613,-0.248335,0.0289324;-1.57569,-0.183204,-1.58349
0.50627,-0.248164,0.0288364;-1.57101,-0.176919,-1.58276
0.505905,-0.244867,0.0302737;-1.55663,-0.127785,-1.5764
0.503884,-0.238948,0.031925;-1.59726,-0.0415197,-1.55412
0.502032,-0.242411,0.0323399;-1.58581,-0.0301595,-1.54187
0.500167,-0.249532,0.0288927;-1.57539,-0.066981,-1.58131
0.500718,-0.249032,0.0289959;-1.57941,-0.116368,-1.58293
0.501025,-0.248427,0.0289481;-1.57417,-0.13824,-1.58527
0.500213,-0.240968,0.0303196;-1.5677,-0.0748578,-1.57681
0.497652,-0.235371,0.0328574;-1.64629,-0.00117329,-1.55591
0.496156,-0.236766,0.0343654;-1.64696,0.0141347,-1.53924
0.497763,-0.246476,0.0287352;-1.57079,-0.0464079,-1.57819
0.497465,-0.248752,0.0288542;-1.57306,-0.0663887,-1.58158
0.497541,-0.248868,0.0289908;-1.57934,-0.103027,-1.58276
0.498221,-0.242028,0.0288214;-1.57466,-0.0875004,-1.57859
0.496757,-0.237351,0.0314586;-1.5757,-0.0255293,-1.57045
0.4948,-0.233884,0.0346974;-1.62819,0.0169377,-1.54823
0.495902,-0.2425,0.0287747;-1.57145,-0.0335049,-1.58051
0.495809,-0.244422,0.0288426;-1.57376,-0.0533135,-1.58074
0.495206,-0.249062,0.0288971;-1.57527,-0.0895009,-1.58173
0.495582,-0.247365,0.0288621;-1.57038,-0.0698281,-1.58422
0.495664,-0.238812,0.029226;-1.58231,-0.0461081,-1.57669
0.493098,-0.234142,0.032759;-1.62961,0.0118144,-1.55594
0.493122,-0.238683,0.0297005;-1.60306,-0.00906665,-1.5734
0.49311,-0.243664,0.0287248;-1.57139,-0.0358918,-1.578
0.492683,-0.248162,0.0288378;-1.57136,-0.0719504,-1.58234
0.492484,-0.251025,0.0291099;-1.57953,-0.0343693,-1.588
0.493106,-0.249154,0.0291924;-1.58593,-0.0195551,-1.58515
0.494218,-0.24014,0.0318034;-1.6432,-0.0155562,-1.57335
0.494786,-0.241007,0.0305534;-1.60104,-0.0736289,-1.55842
0.496085,-0.244245,0.0289213;-1.58202,-0.107661,-1.56678
0.495575,-0.248759,0.0289144;-1.58586,-0.123477,-1.57408
0.493649,-0.253153,0.028959;-1.57406,-0.0300268,-1.58584
0.494164,-0.25229,0.0291192;-1.58128,-0.00695425,-1.58603
0.495018,-0.242699,0.0304779;-1.6186,0.017138,-1.5715
0.496822,-0.238456,0.0308082;-1.59766,-0.0422399,-1.54993
0.498679,-0.241558,0.029063;-1.59134,-0.0800583,-1.56996
0.499339,-0.245106,0.0288766;-1.58514,-0.125858,-1.57319
0.497803,-0.250161,0.0291963;-1.58709,-0.0877526,-1.58597
0.497172,-0.252645,0.0291208;-1.58108,-0.0283695,-1.58706
0.497293,-0.249001,0.0294107;-1.57736,0.0583001,-1.57457
0.496176,-0.235454,0.0322828;-1.61202,0.0344551,-1.54172
0.498846,-0.23665,0.0304861;-1.5849,-0.0228575,-1.56679
0.500079,-0.240605,0.0291993;-1.56223,-0.0775494,-1.5762
0.499418,-0.244854,0.0289676;-1.57646,-0.0961723,-1.58411
0.498436,-0.247432,0.029055;-1.57539,-0.0370263,-1.58899
0.49774,-0.248548,0.0291198;-1.5823,0.0390248,-1.58471
0.496088,-0.2367,0.0329974;-1.65546,0.0842309,-1.55634
0.497467,-0.233297,0.0336275;-1.61494,0.0239199,-1.54504
0.499236,-0.238322,0.0291047;-1.56986,-0.0411592,-1.5685
0.501396,-0.247183,0.0287247;-1.57095,-0.164861,-1.57797
0.500476,-0.24841,0.0289006;-1.57357,-0.11549,-1.58333
0.499369,-0.24996,0.0290528;-1.58058,-0.0514711,-1.58401
0.497648,-0.242738,0.0324122;-1.64749,0.134779,-1.55722
0.498818,-0.237983,0.0350981;-1.6441,0.0915309,-1.55201
0.498863,-0.236875,0.0317818;-1.62044,0.0260967,-1.5554
0.502997,-0.245541,0.028866;-1.57016,-0.146002,-1.5757
0.503125,-0.246628,0.028816;-1.57118,-0.142743,-1.58203
0.502553,-0.247336,0.0290771;-1.58479,-0.108405,-1.58222
0.500665,-0.24136,0.0322461;-1.64336,0.0697168,-1.56018
0.50131,-0.240004,0.0359571;-1.61326,0.0635478,-1.55625
0.499394,-0.241619,0.0322901;-1.5402,0.0608423,-1.54618
0.501394,-0.245109,0.0288109;-1.57933,-0.121669,-1.57465
0.501486,-0.245636,0.0287909;-1.57057,-0.146544,-1.58079
0.501459,-0.245849,0.0289994;-1.5794,-0.144774,-1.58352
0.499288,-0.239965,0.0316013;-1.63599,0.00414113,-1.56917
0.498814,-0.24063,0.0352477;-1.63331,0.0262651,-1.55609
0.496634,-0.244758,0.031488;-1.56038,0.0459394,-1.54943
0.497057,-0.248729,0.0289145;-1.58447,-0.109826,-1.56959
0.497598,-0.248773,0.0287389;-1.57089,-0.174322,-1.5784
0.497329,-0.249087,0.02888;-1.57061,-0.199774,-1.58503
0.496808,-0.243255,0.029588;-1.5968,-0.0668606,-1.57702
0.496412,-0.238274,0.0312042;-1.62006,-0.0240128,-1.56289
0.49379,-0.238591,0.0310033;-1.61198,0.0239626,-1.55631
0.49343,-0.249174,0.0292359;-1.57548,-0.0368561,-1.564
0.495226,-0.253133,0.0287567;-1.57385,-0.188788,-1.57675
0.495372,-0.252384,0.0288872;-1.57057,-0.215197,-1.58542
0.495523,-0.251185,0.0289437;-1.57492,-0.20742,-1.58472
0.49323,-0.238129,0.0327177;-1.64711,-0.0209707,-1.55919
0.491976,-0.242378,0.0350266;-1.62433,0.00252417,-1.54496
0.49134,-0.248427,0.030496;-1.61625,-0.0119345,-1.56953
0.494475,-0.257135,0.0287973;-1.57858,-0.115596,-1.56878
0.494653,-0.257366,0.0287406;-1.57072,-0.142885,-1.57851
0.494509,-0.256364,0.028894;-1.57128,-0.160103,-1.58504
0.490441,-0.238426,0.0327574;-1.63914,-0.0442475,-1.55918
0.489505,-0.237621,0.0349081;-1.63218,-0.024179,-1.5395
0.485836,-0.24441,0.0331285;-1.6059,0.00208348,-1.53371
0.48763,-0.255136,0.0293777;-1.58659,-0.0846462,-1.5654
0.488306,-0.258027,0.0287782;-1.5774,-0.1064,-1.56855
0.488129,-0.258028,0.0287754;-1.57069,-0.121275,-1.58012
0.489115,-0.241137,0.0311836;-1.61098,-0.0779469,-1.56754
0.48817,-0.237932,0.0339439;-1.61258,-0.0327913,-1.55348
0.485942,-0.242309,0.03191;-1.58485,-0.0256483,-1.53797
0.483209,-0.252211,0.0298348;-1.59499,-0.0492018,-1.56238
0.485489,-0.257271,0.029289;-1.58737,-0.0899719,-1.56561
0.485871,-0.259822,0.0287324;-1.57552,-0.0814599,-1.56845
0.487778,-0.245277,0.0294362;-1.5805,-0.0533579,-1.57447
0.487691,-0.238123,0.0319267;-1.60527,-0.0392427,-1.55767
0.487537,-0.237723,0.0316822;-1.5966,-0.0301657,-1.55493
0.485161,-0.244407,0.0298529;-1.59688,-0.0420531,-1.56435
0.486485,-0.248533,0.0295921;-1.5935,-0.0625703,-1.56513
0.487589,-0.253081,0.0288775;-1.58042,-0.0877107,-1.56687
0.488369,-0.251069,0.0289356;-1.57948,-0.0322474,-1.57871
0.48854,-0.240208,0.0311197;-1.61624,-0.0135882,-1.56209
0.488013,-0.235059,0.0326118;-1.61111,-0.00110593,-1.54674
0.486646,-0.24008,0.0297019;-1.59068,-0.0456905,-1.56102
0.487225,-0.24366,0.0297234;-1.59402,-0.068299,-1.56352
0.488281,-0.249046,0.0291235;-1.58477,-0.0943677,-1.56693
0.488241,-0.253548,0.0287317;-1.57255,-0.0309871,-1.57658
0.489016,-0.244233,0.0293709;-1.58606,0.0120531,-1.57493
0.488517,-0.236563,0.0313612;-1.62545,0.0107128,-1.56344
0.488931,-0.238272,0.0292752;-1.57921,-0.0407429,-1.56237
0.48839,-0.241229,0.0297411;-1.58961,-0.06425,-1.56021
0.488921,-0.245983,0.0294728;-1.58832,-0.0870713,-1.56251
0.488329,-0.250052,0.0286374;-1.57302,-0.0340798,-1.57175
0.487503,-0.249929,0.0289695;-1.58174,0.0446656,-1.57804
0.486261,-0.245413,0.0306073;-1.61769,0.0748664,-1.5693
0.488574,-0.237464,0.0313818;-1.54863,-0.0226928,-1.56006
0.488736,-0.240262,0.0305275;-1.54937,-0.0661085,-1.57976
0.489448,-0.243822,0.0299384;-1.57925,-0.114007,-1.56456
0.490048,-0.248477,0.0290295;-1.58761,-0.0963106,-1.56755
0.488581,-0.250615,0.0292674;-1.5951,-0.041759,-1.57379
0.487144,-0.252445,0.0302497;-1.60662,0.0269871,-1.57794
0.487301,-0.240896,0.030676;-1.5498,-0.0110531,-1.55866
0.486258,-0.240972,0.0291408;-1.57769,-0.0724581,-1.56364
0.485969,-0.243205,0.0297999;-1.57262,-0.110181,-1.56383
0.487443,-0.247686,0.0291882;-1.58856,-0.135432,-1.56497
0.486766,-0.250141,0.0293406;-1.5974,-0.0879983,-1.57341
0.485139,-0.253415,0.0307717;-1.61522,-0.0150021,-1.5781
0.48302,-0.248978,0.0308081;-1.54397,0.0526573,-1.56216
0.481597,-0.249148,0.0316724;-1.53358,0.0159413,-1.55643
0.479233,-0.246617,0.0294412;-1.58468,-0.0522026,-1.55955
0.479753,-0.249096,0.0291453;-1.57917,-0.16144,-1.5612
0.479815,-0.248579,0.0289895;-1.57989,-0.139216,-1.56474
0.479618,-0.246074,0.0297822;-1.56831,-0.0682006,-1.56767
0.477304,-0.245493,0.0319229;-1.54105,0.0598027,-1.5628
0.476336,-0.248068,0.0328434;-1.49921,0.0418025,-1.56348
0.474929,-0.248172,0.0316781;-1.53682,-0.00217116,-1.55051
0.473449,-0.248968,0.02938;-1.58311,-0.131324,-1.56139
0.474633,-0.248506,0.0292952;-1.57842,-0.140405,-1.55855
0.475263,-0.24711,0.0296683;-1.57086,-0.118335,-1.56225
0.473038,-0.249622,0.030126;-1.56132,0.016739,-1.57716
0.472129,-0.253073,0.0316888;-1.5184,0.054375,-1.56824
0.470839,-0.254763,0.0296014;-1.56337,0.040107,-1.56496
0.46843,-0.253453,0.0296963;-1.58662,-0.0806608,-1.55836
0.469928,-0.253336,0.0293675;-1.57844,-0.101223,-1.55655
0.472325,-0.250759,0.0294423;-1.58187,-0.120484,-1.55886
0.47035,-0.249396,0.0306234;-1.61954,-0.0266074,-1.57319
0.469504,-0.252179,0.0323344;-1.58969,0.0276912,-1.56449
0.468215,-0.255152,0.028875;-1.58239,0.0506522,-1.56772
0.465349,-0.25814,0.0295665;-1.584,0.00358362,-1.55619
0.466658,-0.258338,0.0293788;-1.58462,-0.029292,-1.56046
0.468103,-0.256417,0.0290845;-1.58046,-0.0509221,-1.56105
0.471199,-0.245739,0.031209;-1.62318,-0.0479299,-1.56931
0.471125,-0.245488,0.0330983;-1.60677,-0.0191862,-1.55998
0.469563,-0.248372,0.0287142;-1.57353,0.0370625,-1.56972
0.465987,-0.255157,0.0295006;-1.5738,0.0424805,-1.55729
0.465394,-0.258417,0.0294434;-1.58406,-0.00279344,-1.55822
0.467288,-0.256313,0.0297668;-1.57801,-0.0154419,-1.55154
0.467288,-0.256313,0.0297668;-1.57801,-0.0154419,-1.55154
0.469548,-0.251825,0.0300145;-1.59293,-0.0507805,-1.56107
0.469548,-0.251825,0.0300145;-1.59293,-0.0507805,-1.56107
