-0.125,0.125,0.06;-1.57,-2.98023e-08,-1.57
-0.125,0.125,0.06;-1.57,-2.98023e-08,-1.57
-0.125,0.125,0.06;-1.57,-2.98023e-08,-1.57
-0.125604,0.119692,0.0285717;-1.56987,-0.173447,-1.57023
-0.125128,0.119094,0.028672;-1.5707,-0.111788,-1.57525
-0.122435,0.121306,0.0305697;-1.56048,-0.00955724,-1.5921
-0.121919,0.149487,0.0353434;-1.66099,0.0630962,-1.58967
-0.122894,0.144326,0.0285799;-1.57067,-0.0960201,-1.57068
-0.12237,0.143543,0.0286862;-1.57404,-0.149013,-1.56936
-0.121961,0.14275,0.0286141;-1.57095,-0.17919,-1.56918
-0.122049,0.144945,0.0285944;-1.5713,-0.0506261,-1.57198
-0.119543,0.146508,0.0303952;-1.55778,0.0402938,-1.5901
-0.117282,0.165179,0.0350152;-1.6023,0.151886,-1.60448
-0.118194,0.180777,0.0318245;-1.61669,0.0968991,-1.58059
-0.119189,0.175721,0.0284961;-1.5718,0.0169287,-1.57063
-0.119596,0.174744,0.0286566;-1.57335,-0.0440736,-1.56897
-0.11954,0.174997,0.0285804;-1.57077,-0.0416659,-1.57077
-0.117909,0.174601,0.0298555;-1.56005,0.0303276,-1.5879
-0.113309,0.18423,0.0340981;-1.55367,0.142174,-1.61002
-0.11166,0.21819,0.0385183;-1.7022,0.217594,-1.57791
-0.113182,0.215334,0.0330437;-1.64194,0.15179,-1.57037
-0.114531,0.210908,0.0285587;-1.57041,0.0795033,-1.56995
-0.115028,0.209738,0.0286075;-1.57083,0.0223425,-1.56946
-0.114227,0.209378,0.0286586;-1.57031,0.0935846,-1.5741
-0.110418,0.211191,0.0308894;-1.55436,0.196097,-1.596
-0.105694,0.227046,0.0333618;-1.58126,0.280118,-1.59738
-0.104009,0.241077,0.0292548;-1.58075,0.262242,-1.5748
-0.104135,0.240377,0.0286173;-1.57101,0.175979,-1.569
-0.104073,0.240444,0.0286498;-1.57191,0.170144,-1.56772
-0.104083,0.241022,0.0285649;-1.57092,0.200801,-1.57139
-0.0963313,0.24635,0.0328136;-1.54255,0.393263,-1.61705
-0.0875311,0.269766,0.0392578;-1.68542,0.478971,-1.56097
-0.0822338,0.288268,0.0370204;-1.70135,0.476536,-1.53487
-0.0861413,0.285321,0.0285804;-1.57064,0.379645,-1.57087
-0.0862137,0.284613,0.0286196;-1.57098,0.348021,-1.56882
-0.0860107,0.284987,0.0286207;-1.57116,0.349146,-1.56897
-0.0823192,0.285308,0.0304439;-1.5559,0.507588,-1.59703
-0.0710112,0.300766,0.0354741;-1.60325,0.618313,-1.59107
-0.0601211,0.323505,0.0393815;-1.73152,0.65628,-1.51297
-0.0612206,0.325152,0.0285275;-1.57022,0.534227,-1.56891
-0.0617589,0.324071,0.0286688;-1.5747,0.487014,-1.56718
-0.0617714,0.323778,0.0286311;-1.57167,0.466899,-1.56864
-0.0610068,0.322999,0.0290101;-1.56295,0.595382,-1.5864
-0.0531748,0.327515,0.0325762;-1.53784,0.702664,-1.62574
-0.0373751,0.348394,0.0398655;-1.71985,0.797842,-1.51136
-0.0309927,0.364136,0.0286918;-1.5568,0.747044,-1.58467
-0.0316429,0.363797,0.0285882;-1.57086,0.685636,-1.57014
-0.0318046,0.362976,0.0286139;-1.57101,0.64681,-1.56895
-0.031027,0.36291,0.0286952;-1.56972,0.708366,-1.5763
-0.0273945,0.362383,0.0313615;-1.54251,0.804301,-1.61781
-0.0117401,0.374361,0.0369249;-1.6295,0.922642,-1.56792
0.00420853,0.394178,0.0287376;-1.55302,0.947479,-1.58971
0.00433628,0.394221,0.0285894;-1.57102,0.918303,-1.57031
0.00396129,0.393607,0.0286068;-1.57078,0.886677,-1.56957
0.00465409,0.394012,0.0286268;-1.57056,0.88994,-1.57361
0.0062963,0.392747,0.0310422;-1.54687,0.958284,-1.6157
0.0173485,0.397065,0.0365789;-1.64735,1.06746,-1.54787
0.0321121,0.411756,0.028762;-1.57111,1.10725,-1.57934
0.0317582,0.411969,0.0285797;-1.57063,1.07367,-1.57088
0.0312155,0.41147,0.0286151;-1.57096,1.03426,-1.56906
0.0316242,0.41163,0.0285789;-1.56986,1.02066,-1.57192
0.0323485,0.40994,0.0300601;-1.5526,1.08809,-1.60589
0.0428839,0.410688,0.0343746;-1.54848,1.2003,-1.63255
0.0653051,0.422666,0.0339765;-1.78238,1.27669,-1.39242
0.0622054,0.423471,0.0286943;-1.55584,1.23353,-1.59036
0.0624349,0.423702,0.0285804;-1.57028,1.19293,-1.57121
0.0622603,0.423642,0.0285809;-1.57091,1.171,-1.57066
0.0619515,0.422679,0.0287187;-1.5661,1.23547,-1.58028
0.064388,0.421022,0.0310472;-1.51926,1.2871,-1.64533
0.0939468,0.427188,0.0399961;-2.36053,1.38838,-0.830012
0.103169,0.43078,0.0357685;-2.18094,1.39214,-0.986249
0.0981265,0.43177,0.0285875;-1.55512,1.43112,-1.58875
0.0976861,0.431667,0.0286185;-1.57168,1.39052,-1.56813
0.0981314,0.431728,0.0285781;-1.571,1.40356,-1.57067
0.0983504,0.431581,0.028987;-1.54964,1.40744,-1.60133
0.117156,0.426599,0.039471;2.80377,1.48635,0.291523
0.136571,0.430366,0.0396775;2.9193,1.41126,0.195765
0.134311,0.434213,0.0285253;1.42271,1.51214,1.71303
0.132851,0.434541,0.0286125;-1.58421,1.56334,-1.55596
0.133076,0.434561,0.0285806;1.62667,1.56741,1.51515
0.133648,0.434641,0.0287152;-1.54307,1.55191,-1.60461
0.14727,0.42867,0.0382327;1.93078,1.39589,1.16897
0.166329,0.428145,0.0394184;2.26874,1.3334,0.858914
0.164926,0.431339,0.028681;1.56509,1.36376,1.57079
0.163306,0.431577,0.0286114;1.5711,1.42351,1.572
0.163553,0.431574,0.0285812;1.57205,1.41221,1.56976
0.164161,0.431398,0.0287899;1.55121,1.42532,1.58276
0.17712,0.423169,0.0379748;1.77087,1.25103,1.33328
0.193635,0.420049,0.0395323;2.0252,1.21427,1.11645
0.191725,0.423016,0.0286979;1.5653,1.23409,1.56892
0.190985,0.423554,0.0286284;1.57087,1.26151,1.57305
0.191058,0.423466,0.0285813;1.57116,1.26221,1.57059
0.191712,0.423213,0.0286414;1.57085,1.28407,1.56782
0.196626,0.418141,0.0352418;1.60556,1.21434,1.49411
0.202846,0.417023,0.0366789;1.8353,1.18726,1.30813
0.200801,0.417901,0.0305676;1.60219,1.14311,1.524
0.199003,0.418952,0.0286121;1.57122,1.1445,1.57198
0.198179,0.418796,0.0286277;1.5714,1.17564,1.57261
0.198578,0.418579,0.0285798;1.57047,1.16556,1.57078
0.198701,0.418197,0.0292092;1.56791,1.16569,1.5619
0.212903,0.407379,0.0388473;1.7409,0.98524,1.38914
0.224356,0.402686,0.0358198;1.74049,0.972141,1.41012
0.221913,0.406159,0.0286213;1.56796,0.927896,1.57037
0.221319,0.406379,0.0286164;1.57096,0.965898,1.57244
0.221732,0.406166,0.0285737;1.57119,0.949296,1.57028
0.222034,0.405749,0.0287135;1.56947,0.960813,1.56598
0.228342,0.394941,0.0384714;1.67432,0.806256,1.45123
0.242321,0.385773,0.038775;1.76592,0.78573,1.40391
0.241234,0.389723,0.0287636;1.56454,0.764829,1.57089
0.240136,0.390206,0.0286197;1.57065,0.77687,1.5731
0.240399,0.389886,0.0286004;1.57094,0.771009,1.57177
0.240721,0.389449,0.0286825;1.57064,0.783613,1.56598
0.244567,0.380665,0.0381621;1.66909,0.725216,1.46353
0.251619,0.374732,0.0386818;1.75511,0.697689,1.43093
0.249331,0.379345,0.028749;1.56664,0.686775,1.56614
0.248559,0.379816,0.0286387;1.57116,0.668899,1.57338
0.248549,0.379769,0.0286238;1.57108,0.677703,1.57273
0.248859,0.37927,0.0286074;1.57075,0.68753,1.56922
0.250339,0.369971,0.0371171;1.67487,0.726092,1.46823
0.253972,0.36568,0.0391028;1.74675,0.674284,1.43584
0.252924,0.369737,0.0325912;1.64205,0.641616,1.51702
0.251108,0.37265,0.0287224;1.57673,0.608089,1.56967
0.249962,0.373242,0.0286284;1.57152,0.664706,1.57255
0.25009,0.373001,0.0285782;1.57099,0.665987,1.57065
0.251421,0.366113,0.0318333;1.57982,0.734921,1.53731
0.255326,0.357317,0.0397808;1.71512,0.652065,1.44431
0.261595,0.353223,0.0380199;1.7343,0.608468,1.45705
0.258772,0.360202,0.0285802;1.57071,0.556267,1.57087
0.258301,0.360425,0.0286223;1.57093,0.572635,1.57279
0.258351,0.360283,0.0286448;1.57234,0.579346,1.5726
0.258816,0.357893,0.0297302;1.56837,0.608779,1.5556
0.258082,0.354574,0.035147;1.6206,0.580775,1.5079
0.261445,0.348215,0.0391033;1.70707,0.525276,1.46968
0.260872,0.351952,0.0285814;1.57072,0.482898,1.5707
0.260994,0.351922,0.0286625;1.57383,0.468347,1.5708
0.260037,0.352333,0.0286248;1.57108,0.508926,1.573
0.26048,0.351047,0.0287804;1.56943,0.5303,1.56247
0.260796,0.346469,0.0316209;1.58371,0.566778,1.53782
0.261232,0.339698,0.0404499;1.72045,0.52152,1.45835
0.261019,0.344966,0.0287253;1.56558,0.488634,1.56778
0.26083,0.345159,0.0285794;1.57066,0.468845,1.57087
0.260645,0.345227,0.0286491;1.57197,0.474579,1.57287
0.260876,0.344535,0.0286888;1.57055,0.511857,1.566
0.261671,0.340752,0.0307632;1.57585,0.550746,1.54577
0.26265,0.332804,0.039773;1.73382,0.55491,1.45451
0.260257,0.342344,0.0287075;1.56649,0.507761,1.56722
0.26002,0.342671,0.0285795;1.57084,0.492876,1.57074
0.260073,0.342694,0.0286482;1.5721,0.489524,1.57283
0.260191,0.342418,0.0286491;1.57073,0.541238,1.56718
0.261047,0.338848,0.0304368;1.57331,0.584239,1.54687
0.26226,0.330568,0.0387303;1.71213,0.601234,1.46116
0.26123,0.337883,0.0297333;1.59276,0.549029,1.55056
0.260136,0.339338,0.0285798;1.57081,0.530696,1.5708
0.260362,0.339263,0.0286918;1.57458,0.526769,1.5711
0.260179,0.339368,0.0285789;1.57085,0.551969,1.57076
0.260957,0.337565,0.0291098;1.57211,0.594445,1.55938
0.262706,0.330794,0.0335664;1.61946,0.637084,1.5143
0.263283,0.329482,0.0365767;1.72087,0.617885,1.47258
0.258971,0.337217,0.0286554;1.56822,0.585417,1.5667
0.258734,0.337411,0.0285832;1.5712,0.569982,1.57071
0.258674,0.337417,0.0286181;1.571,0.574211,1.57256
0.258721,0.336982,0.0286055;1.57057,0.601431,1.56952
0.259701,0.333548,0.0302167;1.57259,0.649268,1.54985
0.263069,0.322841,0.0397082;1.79352,0.678712,1.4162
0.259671,0.331333,0.0323233;1.6438,0.662493,1.51741
0.257331,0.334737,0.028579;1.57085,0.6278,1.571
0.257566,0.33478,0.0286523;1.5726,0.621388,1.57266
0.257343,0.334921,0.028579;1.57092,0.643259,1.5708
0.258101,0.333667,0.0289274;1.57121,0.681656,1.5613
0.263229,0.318766,0.0412077;1.8163,0.73168,1.38196
0.263319,0.322466,0.0373777;1.74901,0.702886,1.44479
0.258545,0.331402,0.0286864;1.56918,0.671554,1.56566
0.258367,0.331786,0.028627;1.57105,0.652504,1.57277
0.258171,0.331759,0.0285934;1.57105,0.673299,1.57149
0.258664,0.331124,0.0287023;1.57072,0.706957,1.56489
0.262794,0.31826,0.0398779;1.77407,0.759442,1.40144
0.262281,0.321132,0.0385377;1.79865,0.764955,1.40482
0.255715,0.331083,0.0287334;1.56764,0.749895,1.56592
0.255585,0.331421,0.0286221;1.57094,0.720947,1.57282
0.255805,0.331206,0.0286101;1.57108,0.714114,1.57222
0.256114,0.330617,0.0286891;1.57077,0.735417,1.56557
0.256114,0.330617,0.0286891;1.57077,0.735417,1.56557
0.257628,0.326599,0.0308129;1.5789,0.778842,1.53944
0.257628,0.326599,0.0308129;1.5789,0.778842,1.53944
