-0.125,0.125,0.06;-1.57,-2.98023e-08,-1.57
-0.125,0.125,0.06;-1.57,-2.98023e-08,-1.57
-0.125,0.125,0.06;-1.57,-2.98023e-08,-1.57
-0.125201,0.120334,0.0285973;-1.57071,-0.158759,-1.57001
-0.124822,0.119866,0.0286733;-1.57076,-0.0930345,-1.57556
-0.123217,0.120531,0.030078;-1.565,-0.0154555,-1.59026
-0.12174,0.147983,0.034343;-1.65455,0.0878146,-1.59026
-0.120261,0.149116,0.0285722;-1.57062,-0.0298948,-1.57053
-0.119911,0.148499,0.0285795;-1.57092,-0.066737,-1.57073
-0.119881,0.148505,0.0285799;-1.57076,-0.0694689,-1.57085
-0.119976,0.148282,0.0285402;-1.57195,-0.0558358,-1.57395
-0.118848,0.147728,0.0298737;-1.57251,0.0154444,-1.59322
-0.114085,0.155479,0.0358064;-1.50504,0.125632,-1.61502
-0.111266,0.178715,0.0298524;-1.58414,0.169279,-1.5857
-0.110588,0.179345,0.0286453;-1.5707,0.116782,-1.57383
-0.110491,0.17938,0.028583;-1.5712,0.0948684,-1.57049
-0.110554,0.179096,0.0285863;-1.57048,0.0788036,-1.57123
-0.111096,0.17731,0.0293692;-1.57159,0.111274,-1.59046
-0.109408,0.174747,0.0340335;-1.52892,0.166498,-1.62253
-0.104269,0.179038,0.0367203;-1.47153,0.249379,-1.63043
-0.101391,0.189674,0.0293267;-1.57369,0.239834,-1.58624
-0.101065,0.191378,0.0285746;-1.57091,0.204281,-1.57056
-0.101271,0.19108,0.0285779;-1.57084,0.176734,-1.57091
-0.101622,0.190569,0.0286911;-1.57064,0.212429,-1.57615
-0.101742,0.189088,0.030312;-1.56817,0.240566,-1.59717
-0.101288,0.187809,0.0325896;-1.54584,0.274592,-1.61398
-0.101708,0.191347,0.0287828;-1.57136,0.260599,-1.5794
-0.10147,0.191999,0.0285792;-1.57082,0.234192,-1.57077
-0.101521,0.191957,0.0285799;-1.5708,0.23995,-1.57079
-0.10158,0.191851,0.0285798;-1.57071,0.25026,-1.57086
-0.104283,0.185825,0.0317696;-1.58231,0.29728,-1.59695
-0.104665,0.182294,0.0377536;-1.59207,0.321925,-1.60404
-0.108405,0.184602,0.0327884;-1.60629,0.28613,-1.58905
-0.111003,0.186807,0.0285801;-1.57096,0.241182,-1.57058
-0.110965,0.186891,0.0285808;-1.57081,0.249496,-1.57072
-0.11107,0.186841,0.0285925;-1.57073,0.260065,-1.57026
-0.112198,0.184669,0.0297522;-1.57307,0.31288,-1.58723
-0.113725,0.180287,0.0349609;-1.60806,0.34936,-1.59544
-0.113533,0.180874,0.037429;-1.64245,0.33414,-1.58502
-0.116812,0.184019,0.0285671;-1.57086,0.249394,-1.57023
-0.116817,0.183712,0.0286141;-1.57088,0.233611,-1.56906
-0.116654,0.184625,0.0285829;-1.57086,0.258183,-1.57061
-0.117289,0.184136,0.0287789;-1.5709,0.320471,-1.58022
-0.116164,0.183462,0.0318536;-1.56404,0.394187,-1.60395
-0.112654,0.187769,0.0392657;-1.68872,0.42909,-1.56695
-0.11518,0.198069,0.0286621;-1.56808,0.358853,-1.57804
-0.115686,0.197789,0.0285824;-1.57003,0.309616,-1.57082
-0.116172,0.196963,0.0286009;-1.57084,0.263409,-1.56981
-0.115651,0.197152,0.0286785;-1.57008,0.331971,-1.57532
-0.113138,0.196357,0.0313786;-1.54893,0.407607,-1.6078
-0.106525,0.204307,0.0360483;-1.52099,0.488852,-1.63542
-0.100519,0.226611,0.0287047;-1.5677,0.479574,-1.57941
-0.100417,0.226857,0.028582;-1.57062,0.450865,-1.57081
-0.100545,0.226622,0.028595;-1.57076,0.445008,-1.5701
-0.101092,0.226238,0.0286452;-1.57056,0.428561,-1.57385
-0.101504,0.223038,0.0310106;-1.55881,0.469421,-1.60515
-0.100093,0.219362,0.0353314;-1.5077,0.535753,-1.65817
-0.0960727,0.227675,0.0290011;-1.56539,0.573726,-1.58104
-0.0951631,0.229554,0.0285783;-1.57078,0.557236,-1.57078
-0.0953841,0.229308,0.0286103;-1.57063,0.532793,-1.56939
-0.096057,0.228891,0.0285776;-1.57056,0.487026,-1.57091
-0.0985606,0.226114,0.0294597;-1.57535,0.503723,-1.58289
-0.108607,0.214589,0.033492;-1.54453,0.517425,-1.63343
-0.106415,0.2116,0.0325288;-1.53195,0.605025,-1.62698
-0.0980461,0.223735,0.0286665;-1.57343,0.642372,-1.57304
-0.0976187,0.225369,0.0285786;-1.57125,0.645792,-1.57041
-0.100107,0.224236,0.0285811;-1.57059,0.528703,-1.57073
-0.100466,0.223899,0.0286377;-1.57109,0.526879,-1.57369
-0.106148,0.21727,0.0301765;-1.5687,0.521612,-1.59349
-0.112167,0.20849,0.0351273;-1.50682,0.585824,-1.65773
-0.110425,0.21266,0.0316947;-1.54389,0.576635,-1.61684
-0.107266,0.219398,0.02862;-1.5719,0.586858,-1.57277
-0.107545,0.219276,0.0286283;-1.56825,0.563965,-1.57179
-0.107748,0.2191,0.0285777;-1.57076,0.56123,-1.57088
-0.108002,0.218241,0.0288938;-1.57911,0.539724,-1.57562
-0.132215,0.188664,0.0370461;-1.47594,0.476062,-1.67697
-0.136199,0.186451,0.0369237;-1.44392,0.457498,-1.66618
-0.132446,0.195062,0.0290814;-1.55928,0.448185,-1.58171
-0.131627,0.197,0.0286069;-1.56937,0.46303,-1.57125
-0.131917,0.196807,0.0285789;-1.57068,0.455998,-1.5708
-0.132027,0.196359,0.0287498;-1.57139,0.453909,-1.57808
-0.143471,0.168025,0.0403049;-1.64628,0.380631,-1.59212
-0.152638,0.1537,0.0339488;-1.49755,0.294003,-1.63848
-0.153905,0.157416,0.0289999;-1.56243,0.258616,-1.58114
-0.153177,0.159072,0.0285958;-1.57075,0.281778,-1.57004
-0.153235,0.158958,0.0285793;-1.57085,0.289379,-1.57079
-0.153478,0.158721,0.0287207;-1.57069,0.309346,-1.57747
-0.156506,0.144896,0.04132;-1.71339,0.299653,-1.57067
-0.160088,0.140856,0.0404864;-1.7503,0.215637,-1.55129
-0.16485,0.128181,0.0290208;-1.56093,0.176826,-1.58375
-0.165051,0.128463,0.0286242;-1.57084,0.127391,-1.5687
-0.164905,0.128705,0.0285827;-1.5708,0.142193,-1.57046
-0.164416,0.12893,0.028603;-1.57072,0.179425,-1.57207
-0.160078,0.126675,0.0377198;-1.65302,0.236684,-1.59136
-0.161482,0.124038,0.0368612;-1.66997,0.186334,-1.57586
-0.162857,0.116981,0.0302284;-1.55868,0.167177,-1.59156
-0.163644,0.117699,0.0285998;-1.57097,0.111045,-1.56989
-0.16382,0.116879,0.02864;-1.57092,0.0781301,-1.56789
-0.163678,0.116778,0.0285787;-1.57092,0.0994763,-1.57074
-0.162708,0.115597,0.0292523;-1.57319,0.14842,-1.58315
-0.157122,0.114817,0.0379891;-1.62558,0.206344,-1.60679
-0.159544,0.119323,0.0339511;-1.62171,0.154568,-1.58622
-0.161396,0.119477,0.0286311;-1.57078,0.113673,-1.57324
-0.161313,0.119426,0.0285791;-1.57071,0.100664,-1.57084
-0.161516,0.119189,0.0285779;-1.57039,0.104225,-1.57054
-0.161786,0.118462,0.028748;-1.57083,0.120004,-1.57883
-0.157082,0.112188,0.0384179;-1.61409,0.180957,-1.61674
-0.157278,0.111382,0.0370018;-1.65209,0.131425,-1.59358
-0.161069,0.109523,0.0286941;-1.57106,0.109261,-1.5765
-0.160947,0.110042,0.0285802;-1.57079,0.104602,-1.5708
-0.161048,0.109947,0.0285774;-1.57109,0.105497,-1.57118
-0.161305,0.109522,0.0287148;-1.57069,0.130278,-1.57727
-0.163894,0.0940112,0.0379596;-1.62077,0.141101,-1.61331
-0.164694,0.0864942,0.0363241;-1.62326,0.0828013,-1.60456
-0.166643,0.0835673,0.0287789;-1.56858,0.0527817,-1.57821
-0.166574,0.0846378,0.0285864;-1.57075,0.0549152,-1.5705
-0.166746,0.0845008,0.028581;-1.57071,0.0359118,-1.57073
-0.166776,0.0844039,0.0286075;-1.57072,0.0458156,-1.57208
-0.170098,0.0706881,0.0368487;-1.6282,0.067645,-1.60647
-0.172814,0.0597735,0.0365862;-1.62163,0.0242247,-1.60852
-0.174386,0.0504568,0.0299501;-1.55609,-0.0102414,-1.58985
-0.174964,0.0517397,0.0286707;-1.5738,-0.0178877,-1.56921
-0.175019,0.0518958,0.028579;-1.57079,-0.0118517,-1.57085
-0.175008,0.0519276,0.0285763;-1.57053,-0.0117709,-1.57095
-0.175634,0.0467335,0.0326322;-1.61614,0.0552126,-1.59121
-0.175491,0.0395122,0.040724;-1.70449,0.0153141,-1.60795
-0.178704,0.0237853,0.0386659;-1.69968,-0.0862902,-1.60431
-0.181019,0.0121681,0.028583;-1.57112,-0.172699,-1.57058
-0.181337,0.0135114,0.0286038;-1.57081,-0.138567,-1.56959
-0.18142,0.0136121,0.0285796;-1.57083,-0.132155,-1.5708
-0.182271,0.0123344,0.0294933;-1.58282,-0.0162742,-1.58417
-0.181448,0.00971267,0.0368418;-1.66482,-0.0277898,-1.60755
-0.180052,0.00344334,0.0412167;-1.73392,-0.107627,-1.62424
-0.182163,-0.02194,0.0285799;-1.57072,-0.31326,-1.57074
-0.182117,-0.021792,0.0287367;-1.57641,-0.318604,-1.57025
-0.18245,-0.0209913,0.0286026;-1.57098,-0.284365,-1.56959
-0.181586,-0.0215939,0.0287493;-1.56992,-0.155432,-1.57875
-0.182569,-0.0141598,0.0314211;-1.58369,-0.0664251,-1.59774
-0.183635,-0.00835043,0.0417071;-1.72631,-0.0847429,-1.63374
-0.182113,-0.0256458,0.0284733;-1.54467,-0.250234,-1.57117
-0.183059,-0.0263429,0.0285633;-1.57075,-0.34798,-1.57109
-0.182163,-0.0268053,0.0286777;-1.57447,-0.394778,-1.57002
-0.181428,-0.0258469,0.0286988;-1.56957,-0.307002,-1.57573
-0.180375,-0.0205292,0.0313616;-1.55229,-0.211017,-1.59253
-0.185948,0.00171572,0.0374087;-1.63837,-0.0945893,-1.62253
-0.192373,0.0141369,0.0287437;-1.56794,-0.141788,-1.57535
-0.192669,0.0139629,0.0285768;-1.57154,-0.198414,-1.57049
-0.192235,0.0133423,0.0286199;-1.57094,-0.224259,-1.56906
-0.192176,0.0133586,0.0286555;-1.57048,-0.231246,-1.57413
-0.189586,0.0140186,0.0308852;-1.55981,-0.152719,-1.59391
-0.187622,0.0244759,0.0355473;-1.56794,-0.0418504,-1.61772
-0.19189,0.0428832,0.0295739;-1.58635,-0.00370697,-1.58209
-0.192235,0.0423838,0.0285748;-1.57092,-0.02355,-1.57072
-0.192034,0.0416831,0.0285785;-1.57029,-0.0636171,-1.57007
-0.192037,0.0416431,0.028581;-1.57089,-0.0692341,-1.57082
-0.191466,0.0406159,0.0292024;-1.56724,-0.0398246,-1.58407
-0.18872,0.0399191,0.0330007;-1.5474,0.0396629,-1.61293
-0.18499,0.0597068,0.0339983;-1.6105,0.154451,-1.59434
-0.184759,0.0647195,0.0287054;-1.57096,0.14023,-1.57698
-0.1846,0.0650555,0.0285822;-1.57101,0.120774,-1.57057
-0.184933,0.0641706,0.0285796;-1.57087,0.0727815,-1.57072
-0.185125,0.0639657,0.0286302;-1.5707,0.0902663,-1.5732
-0.184691,0.0619582,0.030529;-1.56279,0.125262,-1.59588
-0.178582,0.0641855,0.0361537;-1.53228,0.228895,-1.61746
-0.180245,0.0647242,0.0301581;-1.55631,0.211546,-1.59122
-0.18011,0.066105,0.0285741;-1.57086,0.185139,-1.57037
-0.180182,0.0659332,0.0285782;-1.57068,0.161463,-1.57078
-0.180311,0.0656825,0.0285789;-1.57068,0.158642,-1.57078
-0.180752,0.0647212,0.0288691;-1.57462,0.180175,-1.58096
-0.179333,0.0599407,0.0367467;-1.56374,0.280391,-1.62122
-0.181314,0.0616017,0.0336275;-1.59106,0.259413,-1.59795
-0.182718,0.0619015,0.0286821;-1.57081,0.243775,-1.5757
-0.182312,0.0621209,0.0285799;-1.5708,0.218822,-1.57082
-0.18233,0.0621174,0.0285685;-1.57077,0.217852,-1.57135
-0.182478,0.061662,0.0286845;-1.57071,0.239655,-1.5758
-0.18385,0.0556126,0.0375036;-1.62645,0.324512,-1.59772
-0.185951,0.0583137,0.0370888;-1.65993,0.294152,-1.57645
-0.190296,0.0560447,0.0288802;-1.56612,0.267367,-1.58197
-0.190075,0.0565516,0.028606;-1.57086,0.244623,-1.5695
-0.190053,0.0567143,0.028579;-1.5708,0.254259,-1.57076
-0.190006,0.0569171,0.0287164;-1.57082,0.25339,-1.57727
-0.190006,0.0569171,0.0287164;-1.57082,0.25339,-1.57727
-0.188651,0.0570026,0.0308196;-1.56339,0.321178,-1.59873
-0.188651,0.0570026,0.0308196;-1.56339,0.321178,-1.59873
