-0.125,0.125,0.06;-1.57,-2.98023e-08,-1.57
-0.125,0.125,0.06;-1.57,-2.98023e-08,-1.57
-0.125,0.125,0.06;-1.57,-2.98023e-08,-1.57
-0.125237,0.121165,0.0285795;-1.57057,-0.136623,-1.57076
-0.124852,0.12064,0.0286736;-1.57076,-0.0671452,-1.57524
-0.122337,0.122961,0.0306831;-1.55856,0.0269538,-1.59254
-0.121356,0.146966,0.035439;-1.64814,0.0838554,-1.59324
-0.123087,0.143181,0.0285698;-1.5706,-0.0789074,-1.57054
-0.12245,0.142155,0.0286555;-1.57324,-0.133956,-1.5699
-0.122132,0.141632,0.0286341;-1.57097,-0.161977,-1.56829
-0.121589,0.142763,0.0286844;-1.56991,-0.0542453,-1.57488
-0.118882,0.144947,0.0307158;-1.55597,0.0350872,-1.59331
-0.116668,0.162659,0.0349529;-1.58612,0.147298,-1.61218
-0.117443,0.176293,0.0322484;-1.62529,0.0645494,-1.58445
-0.118439,0.170154,0.0286018;-1.57102,-0.027295,-1.5737
-0.118818,0.169615,0.0286559;-1.57333,-0.0942391,-1.56963
-0.118588,0.169731,0.028592;-1.57079,-0.0433086,-1.57135
-0.116619,0.16993,0.0301149;-1.55775,0.0384675,-1.59086
-0.113425,0.183452,0.0341137;-1.55689,0.15575,-1.61435
-0.113133,0.209126,0.0392168;-1.71717,0.161144,-1.58498
-0.11381,0.203095,0.032806;-1.64704,0.0720365,-1.57507
-0.115099,0.197386,0.0285482;-1.57058,-0.0182633,-1.5706
-0.115512,0.196738,0.0285629;-1.57118,-0.0585383,-1.56968
-0.11485,0.195682,0.0287881;-1.56938,0.0125641,-1.57939
-0.112004,0.197589,0.0312623;-1.55223,0.107125,-1.59849
-0.109461,0.213284,0.0332937;-1.58277,0.163321,-1.60186
-0.109658,0.220954,0.0299888;-1.60195,0.0845284,-1.57474
-0.109993,0.219379,0.02866;-1.57338,-0.0267969,-1.56966
-0.11001,0.219405,0.0286575;-1.57267,-0.0281685,-1.56795
-0.109739,0.220059,0.0285767;-1.57111,0.0250546,-1.57073
-0.104018,0.228892,0.0331235;-1.53937,0.207868,-1.61353
-0.101574,0.253326,0.0390345;-1.67472,0.277524,-1.59097
-0.100783,0.265542,0.0378303;-1.7219,0.195257,-1.56072
-0.103795,0.256241,0.0285801;-1.57075,0.02772,-1.57081
-0.102996,0.255347,0.028588;-1.57108,-0.0309432,-1.57044
-0.103107,0.256136,0.0286706;-1.57314,0.00471004,-1.56872
-0.0995018,0.257663,0.0307823;-1.55431,0.156209,-1.59622
-0.0952678,0.275771,0.0349556;-1.57811,0.271993,-1.61352
-0.093301,0.298249,0.0394795;-1.71911,0.264203,-1.56939
-0.0954263,0.292743,0.0285309;-1.5707,0.102447,-1.57
-0.0954218,0.291963,0.0286791;-1.57387,0.0498788,-1.56892
-0.0953005,0.291675,0.0286185;-1.57091,0.0335243,-1.56887
-0.0941975,0.291603,0.0291759;-1.56333,0.162886,-1.58588
-0.0896774,0.299516,0.0328212;-1.53948,0.264311,-1.6141
-0.0849821,0.324192,0.0389718;-1.66795,0.349858,-1.58874
-0.0851815,0.331827,0.0286451;-1.56187,0.183729,-1.58179
-0.085748,0.331338,0.0285734;-1.57059,0.119265,-1.57096
-0.0851115,0.330323,0.0285932;-1.57072,0.0650644,-1.5702
-0.0844416,0.330894,0.028861;-1.56647,0.190089,-1.58078
-0.0800886,0.335089,0.0317341;-1.54807,0.282392,-1.60646
-0.0741435,0.35705,0.0366066;-1.62158,0.398214,-1.59949
-0.0718246,0.368514,0.028553;-1.5524,0.235026,-1.58415
-0.0729365,0.367532,0.0285638;-1.5712,0.163002,-1.57093
-0.0722,0.366416,0.028592;-1.57069,0.100301,-1.57011
-0.071514,0.366771,0.0288617;-1.56662,0.215446,-1.58122
-0.0674867,0.369494,0.0315747;-1.54904,0.302955,-1.60507
-0.0605562,0.388882,0.0367272;-1.61928,0.418329,-1.60102
-0.0575696,0.403727,0.0288916;-1.57557,0.272734,-1.57966
-0.0587699,0.403306,0.0285486;-1.57183,0.192606,-1.57032
-0.0585944,0.402676,0.0286572;-1.57377,0.141147,-1.5694
-0.0584102,0.402965,0.0286475;-1.5694,0.213507,-1.57562
-0.0559431,0.403504,0.0305059;-1.55353,0.292548,-1.59831
-0.0489986,0.418221,0.0346347;-1.5637,0.4077,-1.61578
-0.0439677,0.437321,0.0349623;-1.66963,0.372026,-1.5584
-0.0470823,0.429673,0.0287004;-1.55764,0.288003,-1.58403
-0.0477362,0.429879,0.0285684;-1.57114,0.208147,-1.5706
-0.0478106,0.429867,0.0285796;-1.57079,0.198433,-1.57089
-0.0475103,0.428774,0.0288956;-1.56552,0.271791,-1.58214
-0.0434051,0.431277,0.0317317;-1.54913,0.369668,-1.60838
-0.030387,0.468916,0.0404107;-1.74039,0.468242,-1.53958
-0.0292157,0.470458,0.0358999;-1.70603,0.383883,-1.53478
-0.0324363,0.46386,0.0285947;-1.57084,0.303855,-1.57463
-0.0326085,0.462973,0.0286035;-1.57102,0.214013,-1.56954
-0.0323401,0.463671,0.0285762;-1.57126,0.272368,-1.57079
-0.0309568,0.462829,0.0293934;-1.56002,0.347615,-1.58918
-0.0149998,0.495993,0.0407772;-1.70703,0.552346,-1.55822
-0.00940601,0.513204,0.0404166;-1.78336,0.460958,-1.50253
-0.0136773,0.50565,0.0290123;-1.58491,0.393925,-1.57309
-0.0144021,0.504353,0.0286136;-1.57223,0.263691,-1.56984
-0.0143736,0.504928,0.0285778;-1.57092,0.32152,-1.57062
-0.0137686,0.504055,0.0289615;-1.56447,0.395625,-1.58537
0.00273474,0.532542,0.0389926;-1.67573,0.608027,-1.56679
0.0101719,0.55066,0.0405311;-1.78873,0.518857,-1.48966
0.00667365,0.54433,0.0292333;-1.5902,0.456626,-1.56909
0.00494947,0.542582,0.0286;-1.57128,0.328296,-1.57014
0.00517039,0.543057,0.0285783;-1.57093,0.380703,-1.57054
0.00576203,0.542285,0.0289803;-1.56385,0.451029,-1.58582
0.0235149,0.569711,0.0387993;-1.67704,0.659938,-1.56052
0.0311111,0.587772,0.0406523;-1.79601,0.570547,-1.47633
0.0266578,0.582262,0.029317;-1.58997,0.515732,-1.56966
0.0257675,0.581104,0.0286453;-1.57347,0.377661,-1.5692
0.0260899,0.581586,0.0285774;-1.57075,0.426495,-1.57169
0.0260771,0.581098,0.0287852;-1.56614,0.465403,-1.5813
0.0415245,0.597514,0.0361202;-1.59215,0.668083,-1.60332
0.0512735,0.615462,0.0380426;-1.75187,0.603798,-1.48881
0.050079,0.612646,0.0332825;-1.66098,0.599722,-1.53791
0.0464269,0.607472,0.0285988;-1.57167,0.461571,-1.56973
0.0468252,0.606699,0.0287148;-1.57548,0.433958,-1.56607
0.0472093,0.606767,0.0285774;-1.57101,0.48882,-1.57071
0.048979,0.605527,0.0297699;-1.55893,0.573712,-1.59424
0.0718152,0.636168,0.0393266;-1.72758,0.731355,-1.51325
0.0770204,0.644429,0.0364136;-1.74169,0.645941,-1.48252
0.0723729,0.639038,0.0286067;-1.57199,0.576873,-1.57469
0.0720194,0.638231,0.0285974;-1.5709,0.475418,-1.56988
0.0725394,0.63905,0.0285488;-1.56843,0.530386,-1.57466
0.0731127,0.638048,0.0289571;-1.56238,0.599656,-1.58697
0.0944241,0.660749,0.0380676;-1.67634,0.80332,-1.54646
0.104594,0.676121,0.0392605;-1.79391,0.712464,-1.44767
0.0999513,0.670924,0.0286898;-1.55559,0.651027,-1.58878
0.0987682,0.669352,0.0285982;-1.57178,0.523957,-1.57011
0.0992057,0.670139,0.0285744;-1.5709,0.578838,-1.57093
0.099536,0.669344,0.028898;-1.56435,0.643432,-1.58484
0.119688,0.688945,0.0372439;-1.65948,0.854108,-1.5536
0.131546,0.705105,0.039134;-1.79709,0.764884,-1.43846
0.1273,0.701289,0.0287761;-1.56516,0.711625,-1.58227
0.126274,0.699931,0.0285783;-1.57048,0.590755,-1.57069
0.12665,0.700616,0.0285941;-1.57099,0.619644,-1.56987
0.126942,0.699985,0.0287459;-1.56946,0.682898,-1.57862
0.146927,0.713037,0.0361004;-1.565,0.885481,-1.61785
0.162948,0.732316,0.0393078;-1.79656,0.874687,-1.43533
0.162803,0.733742,0.0334334;-1.703,0.807972,-1.48476
0.15843,0.730942,0.0286881;-1.57605,0.677665,-1.56647
0.158361,0.730595,0.0286067;-1.57056,0.660195,-1.56926
0.158788,0.730839,0.0285783;-1.57089,0.709952,-1.57076
0.167866,0.732996,0.0328804;-1.52089,0.889992,-1.645
0.186481,0.750214,0.0388894;-1.73622,0.979293,-1.48423
0.197953,0.762867,0.0387466;-1.83473,0.907306,-1.38623
0.19106,0.759319,0.0285745;-1.57099,0.778751,-1.57052
0.190874,0.758241,0.0285812;-1.57105,0.725589,-1.57063
0.191119,0.75867,0.0287277;-1.57718,0.748348,-1.56396
0.193951,0.757181,0.030548;-1.54295,0.894208,-1.61465
0.208856,0.765628,0.035086;-1.53915,1.0081,-1.63757
0.227558,0.782849,0.0396182;-1.82245,1.01909,-1.3994
0.226691,0.782951,0.0286203;-1.57042,0.869061,-1.57302
0.226378,0.782672,0.0286876;-1.57675,0.809668,-1.56517
0.226175,0.782075,0.0286035;-1.57086,0.779514,-1.56956
0.227134,0.781353,0.0291023;-1.55845,0.914347,-1.59293
0.236041,0.783829,0.0325554;-1.51996,1.01641,-1.64812
0.256613,0.79676,0.0391784;-1.77129,1.10658,-1.44803
0.262893,0.790728,0.0287677;-1.56887,0.910666,-1.5809
0.262717,0.791133,0.0285791;-1.57071,0.837239,-1.57082
0.262614,0.789812,0.0285858;-1.5721,0.781473,-1.57033
0.262772,0.789292,0.028903;-1.56205,0.87003,-1.58735
0.268781,0.79025,0.031823;-1.53287,0.964742,-1.63195
0.285971,0.803363,0.037231;-1.69719,1.06469,-1.51114
0.294732,0.798803,0.0288188;-1.55397,0.892292,-1.59133
0.294479,0.798224,0.0285741;-1.57076,0.848243,-1.57038
0.29464,0.795746,0.0285622;-1.56969,0.788846,-1.57153
0.294821,0.79504,0.02882;-1.56772,0.850102,-1.58286
0.299357,0.794377,0.0315856;-1.53418,0.94442,-1.62877
0.316059,0.80518,0.0364633;-1.62347,1.04192,-1.57226
0.329749,0.807875,0.0305351;-1.6137,0.930501,-1.55014
0.328564,0.804441,0.0285833;-1.56979,0.884474,-1.5707
0.328895,0.801713,0.0285811;-1.56889,0.834142,-1.57073
0.328565,0.799275,0.0285781;-1.57027,0.799989,-1.57167
0.329034,0.7975,0.0294959;-1.55542,0.872374,-1.59778
0.338246,0.800309,0.0336146;-1.50447,0.970994,-1.66083
0.364688,0.817344,0.0367026;-1.77255,0.951686,-1.43449
0.361514,0.809326,0.028911;-1.55672,0.894573,-1.58875
0.362004,0.807357,0.0286375;-1.56772,0.85621,-1.57189
0.362077,0.802342,0.0285936;-1.57047,0.766289,-1.57024
0.362107,0.801593,0.0286907;-1.5707,0.798969,-1.57635
0.364689,0.800291,0.0311317;-1.54483,0.884548,-1.61627
0.390665,0.820698,0.0386586;-1.79018,0.960694,-1.43357
0.392933,0.817063,0.0322205;-1.65921,0.897259,-1.51775
0.391541,0.812432,0.0286071;-1.56857,0.851197,-1.57207
0.391805,0.805869,0.0285898;-1.56925,0.735908,-1.5704
0.392091,0.804764,0.0285711;-1.57032,0.738923,-1.57178
0.39273,0.803292,0.0293861;-1.55925,0.805849,-1.59319
0.414934,0.821501,0.0388575;-1.73732,0.960794,-1.4872
0.425427,0.827558,0.0377784;-1.78937,0.883143,-1.43172
0.423335,0.817882,0.0288248;-1.55479,0.815467,-1.59025
0.424446,0.809711,0.0285461;-1.56859,0.667275,-1.57128
0.424929,0.808922,0.0285786;-1.57088,0.665965,-1.57066
0.425334,0.807851,0.0288979;-1.56209,0.723411,-1.58529
0.443891,0.825038,0.0376706;-1.69319,0.893849,-1.52791
0.455154,0.833124,0.0384945;-1.78808,0.811168,-1.44754
0.454564,0.823888,0.0287975;-1.55423,0.737429,-1.58944
0.456121,0.816923,0.0285673;-1.57088,0.604359,-1.56993
0.456438,0.816046,0.028579;-1.57086,0.596051,-1.57065
0.456576,0.815225,0.0289107;-1.56353,0.638055,-1.58539
0.456576,0.815225,0.0289107;-1.56353,0.638055,-1.58539
0.46177,0.816625,0.0316981;-1.5448,0.730339,-1.61721
0.46177,0.816625,0.0316981;-1.5448,0.730339,-1.61721
