-0.125,0.125,0.06;-1.57,-2.98023e-08,-1.57
-0.125,0.125,0.06;-1.57,-2.98023e-08,-1.57
-0.125,0.125,0.06;-1.57,-2.98023e-08,-1.57
-0.126037,0.118981,0.02859;-1.57117,-0.189304,-1.57031
-0.125584,0.118627,0.0286266;-1.57105,-0.132679,-1.57379
-0.12357,0.120628,0.030507;-1.55653,-0.0389583,-1.58679
-0.123515,0.146888,0.0351223;-1.66844,0.0346498,-1.59329
-0.123241,0.144049,0.0285719;-1.57063,-0.118454,-1.57103
-0.122605,0.143465,0.0286524;-1.57223,-0.174883,-1.56874
-0.122193,0.14267,0.0286174;-1.5708,-0.20831,-1.56902
-0.122123,0.143618,0.0286011;-1.57091,-0.1145,-1.57193
-0.119674,0.14491,0.0302229;-1.55677,-0.0296036,-1.58726
-0.116359,0.15982,0.0367649;-1.51347,0.0835382,-1.60151
-0.116737,0.17972,0.0314861;-1.61508,0.0585607,-1.58494
-0.116933,0.17844,0.0286048;-1.57229,-0.00620515,-1.57407
-0.11676,0.178043,0.0286315;-1.57092,-0.0533246,-1.56833
-0.116917,0.178002,0.0285802;-1.57066,-0.0251319,-1.57083
-0.115806,0.177128,0.029501;-1.56506,0.0431661,-1.58645
-0.111939,0.183007,0.03533;-1.48936,0.14389,-1.61173
-0.107299,0.214851,0.0374969;-1.70628,0.215429,-1.57639
-0.10621,0.215596,0.0329035;-1.64857,0.155948,-1.57148
-0.106592,0.213211,0.02852;-1.57072,0.0870677,-1.56959
-0.106669,0.212989,0.0285839;-1.57129,0.0643668,-1.57046
-0.106077,0.212705,0.0286436;-1.57071,0.126309,-1.57412
-0.10432,0.212931,0.0304617;-1.55483,0.195619,-1.59392
-0.0997489,0.220757,0.0342921;-1.50954,0.255912,-1.62001
-0.0975227,0.231857,0.0290337;-1.57904,0.237562,-1.58243
-0.0974226,0.231315,0.0285998;-1.57094,0.12938,-1.56986
-0.0975127,0.231339,0.028601;-1.57092,0.125473,-1.5698
-0.0974358,0.231679,0.0285797;-1.57081,0.15883,-1.5708
-0.0937652,0.232775,0.0328279;-1.52994,0.290422,-1.61078
-0.0881964,0.243636,0.0391194;-1.5522,0.359193,-1.61406
-0.0835747,0.262338,0.0365613;-1.71505,0.345779,-1.54688
-0.0849082,0.261498,0.0285759;-1.57097,0.288911,-1.57067
-0.085044,0.260844,0.0285795;-1.57083,0.254254,-1.57082
-0.085089,0.261034,0.0285924;-1.57113,0.270426,-1.56985
-0.0849382,0.259744,0.0296897;-1.57153,0.331416,-1.58951
-0.0817816,0.261707,0.0347772;-1.50529,0.414921,-1.63451
-0.0765459,0.269796,0.0383696;-1.60912,0.438388,-1.59128
-0.0753623,0.280494,0.0286672;-1.57063,0.388752,-1.57508
-0.0755126,0.27995,0.0286328;-1.5707,0.34295,-1.56818
-0.0756879,0.279703,0.0285809;-1.5708,0.329479,-1.57076
-0.0760143,0.279814,0.0288304;-1.57152,0.385717,-1.5819
-0.0743335,0.278752,0.0317715;-1.55002,0.45701,-1.61063
-0.0680888,0.284186,0.0381066;-1.52277,0.538815,-1.63662
-0.0624736,0.301914,0.0287435;-1.56932,0.498939,-1.58036
-0.062144,0.302086,0.02858;-1.57063,0.485,-1.57081
-0.0624409,0.301012,0.0285781;-1.5708,0.451069,-1.57091
-0.0626302,0.301041,0.0287458;-1.5707,0.497607,-1.57867
-0.0628287,0.298949,0.0306199;-1.56772,0.539278,-1.59973
-0.061086,0.29764,0.0357517;-1.51726,0.592232,-1.64518
-0.0606135,0.304934,0.0288515;-1.5703,0.526312,-1.58437
-0.059899,0.305581,0.0285784;-1.57064,0.498577,-1.57092
-0.0599517,0.3053,0.0285924;-1.57078,0.48213,-1.57026
-0.0600755,0.305055,0.0286805;-1.57084,0.526506,-1.57557
-0.060178,0.303256,0.0302347;-1.56898,0.563732,-1.59491
-0.0583185,0.302407,0.0366269;-1.61025,0.611747,-1.58721
-0.0557815,0.30936,0.0292396;-1.5678,0.541388,-1.59158
-0.0556788,0.309321,0.0286814;-1.57079,0.522774,-1.57563
-0.055503,0.309314,0.0286175;-1.57091,0.509967,-1.56888
-0.0553613,0.30926,0.0285797;-1.57079,0.518881,-1.57075
-0.0555871,0.308092,0.0292832;-1.57467,0.553242,-1.57951
-0.0557492,0.305635,0.033347;-1.60187,0.59256,-1.58389
-0.0576146,0.302781,0.0336334;-1.61027,0.54127,-1.5883
-0.0590293,0.302841,0.0289989;-1.56473,0.515264,-1.58863
-0.0581719,0.303972,0.0285713;-1.57088,0.484694,-1.57038
-0.0581174,0.304051,0.02858;-1.57066,0.495646,-1.57076
-0.057938,0.303783,0.0285783;-1.57123,0.51215,-1.57087
-0.0576687,0.301755,0.0302637;-1.57526,0.540436,-1.58503
-0.0550724,0.301904,0.0402563;-1.73149,0.535996,-1.53284
-0.0538905,0.306381,0.0375818;-1.71892,0.513636,-1.52036
-0.0556474,0.305329,0.0287375;-1.56916,0.484313,-1.58031
-0.0553573,0.305287,0.0286253;-1.57085,0.469955,-1.56861
-0.0551434,0.305399,0.0285776;-1.57076,0.486303,-1.57084
-0.0552701,0.304908,0.0289956;-1.57498,0.512487,-1.57827
-0.0529735,0.301552,0.041649;-1.72373,0.561954,-1.53787
-0.0513912,0.308008,0.0417553;-1.80692,0.471594,-1.47994
-0.0563647,0.302758,0.0288422;-1.57646,0.426909,-1.57567
-0.0563116,0.302769,0.0285941;-1.57,0.403823,-1.57
-0.0560871,0.302717,0.0285798;-1.57089,0.44665,-1.57074
-0.0563616,0.302252,0.028817;-1.57175,0.483545,-1.5809
-0.0502918,0.297393,0.0413068;-1.72769,0.520847,-1.54422
-0.0491003,0.302102,0.0416166;-1.79526,0.419657,-1.49612
-0.0565857,0.293542,0.0295623;-1.59575,0.349031,-1.57227
-0.0573474,0.292617,0.0286074;-1.57097,0.297733,-1.56942
-0.0572554,0.292764,0.0285793;-1.57074,0.346251,-1.57082
-0.0567462,0.292566,0.0286731;-1.56891,0.405931,-1.57576
-0.0510624,0.293883,0.0393464;-1.6846,0.464042,-1.56534
-0.0493422,0.300327,0.0410618;-1.76903,0.362248,-1.52092
-0.0552583,0.29568,0.0318771;-1.61698,0.319829,-1.57216
-0.0559686,0.293042,0.0285768;-1.56991,0.226912,-1.57011
-0.0557393,0.293605,0.0285801;-1.57082,0.254726,-1.57075
-0.0547807,0.294517,0.028641;-1.56778,0.29162,-1.57164
-0.0500849,0.302677,0.0343612;-1.60187,0.431065,-1.59014
-0.0466524,0.310717,0.0383397;-1.69844,0.357256,-1.55754
-0.0477676,0.306838,0.0356106;-1.66035,0.347313,-1.56976
-0.0527694,0.300638,0.0286364;-1.57428,0.222357,-1.56944
-0.0519111,0.300294,0.0286264;-1.57094,0.191506,-1.56849
-0.0513605,0.301031,0.0285788;-1.5709,0.238072,-1.57077
-0.0505879,0.299969,0.0292176;-1.56471,0.328433,-1.58428
-0.0425336,0.313043,0.0416948;-1.72569,0.359506,-1.56518
-0.043298,0.317565,0.0389294;-1.73473,0.295873,-1.53925
-0.0494322,0.3114,0.0287335;-1.56725,0.238268,-1.582
-0.0486638,0.311469,0.02861;-1.57095,0.149297,-1.56936
-0.0484924,0.312056,0.0285763;-1.57074,0.201045,-1.5709
-0.0479874,0.311331,0.0288334;-1.56722,0.269855,-1.58089
-0.0387807,0.334858,0.0410446;-1.70946,0.422444,-1.56584
-0.0362747,0.345494,0.0415435;-1.77926,0.339628,-1.52906
-0.042995,0.338549,0.0304717;-1.60777,0.292535,-1.57078
-0.0430202,0.337051,0.0286323;-1.5714,0.162244,-1.56828
-0.0426854,0.337956,0.0285863;-1.57087,0.210111,-1.57036
-0.0419914,0.337495,0.0287626;-1.56707,0.266599,-1.57689
-0.0293845,0.363401,0.0377554;-1.64677,0.47891,-1.58038
-0.02378,0.380723,0.0415827;-1.78011,0.404566,-1.52342
-0.0295508,0.373973,0.0333594;-1.65545,0.358186,-1.55883
-0.0307167,0.371088,0.0287575;-1.5795,0.228903,-1.56866
-0.0303575,0.371112,0.0286141;-1.57149,0.232817,-1.56924
-0.0293678,0.371557,0.0286846;-1.56563,0.286791,-1.57221
-0.0165834,0.38986,0.0344588;-1.57791,0.488585,-1.60197
-0.00943627,0.410379,0.0402538;-1.73135,0.495057,-1.53862
-0.00810676,0.412425,0.0374813;-1.71427,0.420406,-1.54126
-0.0123675,0.40592,0.028723;-1.57794,0.28535,-1.56894
-0.0108902,0.404554,0.0286105;-1.5706,0.208317,-1.56888
-0.0107131,0.405234,0.0285787;-1.57087,0.241333,-1.5708
-0.0030483,0.409422,0.0326152;-1.53285,0.400043,-1.61426
0.00746373,0.428425,0.0389955;-1.59648,0.505605,-1.59506
0.0165194,0.451479,0.0400179;-1.74799,0.483364,-1.52729
0.0101604,0.44608,0.0287246;-1.56969,0.387269,-1.57844
0.011686,0.446146,0.0286434;-1.57408,0.310714,-1.56956
0.0120667,0.446104,0.0287015;-1.57449,0.293717,-1.56725
0.0156823,0.445792,0.0304249;-1.55046,0.429288,-1.5999
0.0258662,0.458099,0.0350816;-1.53881,0.539964,-1.62515
0.0374199,0.482507,0.0408412;-1.73386,0.594202,-1.53097
0.0340512,0.4886,0.0288396;-1.5702,0.506473,-1.58331
0.034823,0.488988,0.0286628;-1.5748,0.429631,-1.56785
0.0352002,0.488012,0.0286553;-1.57335,0.374251,-1.56792
0.0359867,0.487504,0.0291167;-1.56045,0.475513,-1.58867
0.0418179,0.488848,0.0330037;-1.52803,0.56626,-1.63349
0.0553998,0.502924,0.039742;-1.5356,0.67393,-1.63442
0.0676487,0.530428,0.0308555;-1.61752,0.651279,-1.55592
0.066525,0.530162,0.0285615;-1.57172,0.607242,-1.57048
0.06683,0.529579,0.028596;-1.57105,0.551776,-1.5697
0.0669959,0.530063,0.028746;-1.56642,0.60226,-1.57754
0.0692177,0.528476,0.031404;-1.53951,0.6735,-1.61878
0.0788552,0.532111,0.0365856;-1.45339,0.77451,-1.69226
0.09865,0.552058,0.032695;-1.65024,0.751441,-1.53828
0.0973863,0.55172,0.0287564;-1.57091,0.72004,-1.57928
0.0998504,0.551884,0.0285843;-1.57131,0.631275,-1.57046
0.100176,0.551787,0.0287031;-1.56348,0.639392,-1.5751
0.100748,0.551107,0.0303601;-1.54624,0.679438,-1.60409
0.10619,0.550641,0.0355027;-1.46474,0.761646,-1.68306
0.124574,0.56116,0.0343576;-1.6285,0.785323,-1.56474
0.125431,0.56416,0.0288801;-1.56997,0.775982,-1.58597
0.127171,0.564619,0.0286375;-1.57276,0.714435,-1.57111
0.128629,0.564496,0.0285789;-1.57061,0.657095,-1.57089
0.128486,0.564074,0.0288796;-1.56088,0.671004,-1.58339
0.127273,0.562021,0.0323525;-1.52959,0.71788,-1.63114
0.144046,0.568273,0.0353064;-1.64842,0.793864,-1.56563
0.149497,0.57658,0.0313782;-1.62011,0.78703,-1.55796
0.149009,0.577303,0.0286597;-1.57096,0.770826,-1.57458
0.150313,0.577652,0.0285838;-1.571,0.692563,-1.57033
0.150362,0.577513,0.0285824;-1.57124,0.713242,-1.57074
0.149812,0.576031,0.0301982;-1.55716,0.740442,-1.59958
0.157073,0.578022,0.0369254;-1.5952,0.832628,-1.60983
0.16246,0.586268,0.0359367;-1.68393,0.813952,-1.51727
0.162162,0.589106,0.0288319;-1.56917,0.805704,-1.58495
0.162495,0.588648,0.0286054;-1.57098,0.711178,-1.56936
0.162806,0.588958,0.0285746;-1.57078,0.747428,-1.57059
0.162587,0.5886,0.0289865;-1.56541,0.767549,-1.58373
0.165276,0.585004,0.0365781;-1.51768,0.865296,-1.66421
0.170262,0.589071,0.0375053;-1.66889,0.818343,-1.5422
0.171752,0.593769,0.029154;-1.56034,0.801867,-1.59971
0.17222,0.593214,0.0285987;-1.57073,0.694284,-1.56981
0.172245,0.593272,0.0285822;-1.57067,0.696708,-1.57084
0.172471,0.593271,0.0285705;-1.56947,0.709218,-1.57318
0.172953,0.58834,0.0347535;-1.50103,0.791079,-1.6644
0.174486,0.588686,0.0363876;-1.61261,0.719788,-1.59449
0.17479,0.5909,0.030656;-1.55527,0.689871,-1.61542
0.177795,0.592413,0.028574;-1.57106,0.590605,-1.5704
0.177842,0.592437,0.0286009;-1.57092,0.563167,-1.56962
0.178164,0.592189,0.0286807;-1.56507,0.578709,-1.57384
0.178164,0.592189,0.0286807;-1.56507,0.578709,-1.57384
0.178362,0.591269,0.0298449;-1.56154,0.596282,-1.58871
0.178362,0.591269,0.0298449;-1.56154,0.596282,-1.58871
