-0.125,0.125,0.06;-1.57,-2.98023e-08,-1.57
-0.125,0.125,0.06;-1.57,-2.98023e-08,-1.57
-0.125,0.125,0.06;-1.57,-2.98023e-08,-1.57
-0.124019,0.12706,0.0426448;-1.56845,-0.24033,-1.56251
-0.125071,0.127144,0.0436763;-1.57526,-0.163917,-1.55115
-0.129883,0.109159,0.0539061;-1.6047,-0.0240703,-1.56631
-0.127584,0.0656569,0.0619247;-1.35371,0.0548104,-1.54769
-0.13513,0.0821666,0.0459564;-1.57423,-0.123289,-1.52986
-0.131995,0.0886598,0.0436976;-1.56858,-0.140202,-1.55308
-0.131936,0.0891348,0.0426451;-1.56923,-0.132567,-1.56215
-0.133917,0.0935128,0.0467519;-1.57554,-0.01097,-1.52342
-0.143876,0.0759313,0.0575261;-1.5603,0.117951,-1.54431
-0.149739,0.0422977,0.0684722;-1.4244,0.218682,-1.56921
-0.154269,0.0245467,0.0585781;-1.39408,0.0682998,-1.55008
-0.158205,0.0313676,0.0512472;-1.48625,-0.0395394,-1.53498
-0.158067,0.0397285,0.0457478;-1.56422,-0.106986,-1.53726
-0.158319,0.041874,0.046684;-1.56695,-0.0219931,-1.52307
-0.163744,0.0238588,0.054425;-1.4992,0.102566,-1.54908
-0.164171,-0.00743573,0.0621931;-1.3489,0.237716,-1.58345
-0.164022,-0.0124913,0.0634131;-1.33984,0.230599,-1.57784
-0.168863,-0.00780593,0.0590653;-1.38834,0.12109,-1.55729
-0.173573,0.0061592,0.0485334;-1.52723,0.000592619,-1.53266
-0.172025,0.0107269,0.045958;-1.5652,-0.0136336,-1.53399
-0.173967,0.0114002,0.0471564;-1.5802,0.0815227,-1.52349
-0.183565,-0.0115097,0.0595154;-1.48339,0.219639,-1.56297
-0.187202,-0.0358089,0.0616522;-1.34595,0.260185,-1.59374
-0.19117,-0.0312409,0.0565897;-1.41846,0.165436,-1.56301
-0.188324,-0.011236,0.0440167;-1.5676,0.0417252,-1.55133
-0.18854,-0.0104813,0.0439678;-1.56479,0.0602386,-1.55247
-0.188144,-0.00797898,0.0463398;-1.57011,0.0990509,-1.52596
-0.204715,-0.0448992,0.0637965;-1.41614,0.346927,-1.59289
-0.20578,-0.06766,0.0642879;-1.31262,0.396991,-1.62573
-0.210899,-0.0679612,0.0628122;-1.33928,0.31584,-1.59835
-0.216592,-0.0493026,0.0460765;-1.56689,0.111056,-1.53263
-0.212999,-0.0447506,0.0427473;-1.56893,0.107194,-1.56096
-0.213958,-0.0460339,0.0458928;-1.56127,0.143126,-1.53936
-0.22622,-0.0595141,0.0580394;-1.5194,0.344486,-1.56071
-0.235556,-0.0899549,0.0654103;-1.35753,0.459923,-1.62714
-0.240149,-0.103922,0.0646956;-1.30775,0.429964,-1.63265
-0.247445,-0.0850015,0.0485677;-1.52563,0.203294,-1.54213
-0.24314,-0.0783979,0.0451679;-1.56453,0.16641,-1.54402
-0.241962,-0.0766595,0.0433128;-1.56603,0.183726,-1.55739
-0.248615,-0.0763073,0.0500388;-1.5972,0.365259,-1.52161
-0.265211,-0.102393,0.0644591;-1.4544,0.483378,-1.59701
-0.274756,-0.135588,0.0648272;-1.30638,0.528174,-1.65652
-0.284766,-0.132444,0.0530569;-1.45086,0.315801,-1.58082
-0.283792,-0.125686,0.0459328;-1.56738,0.243747,-1.53452
-0.279164,-0.121543,0.0426744;-1.56909,0.246435,-1.56194
-0.283267,-0.119504,0.0475605;-1.58915,0.427943,-1.5175
-0.300528,-0.13819,0.0614485;-1.50434,0.555727,-1.57902
-0.315815,-0.168803,0.0678125;-1.3411,0.644779,-1.66823
-0.324824,-0.170453,0.0548866;-1.42897,0.429004,-1.5975
-0.322569,-0.160832,0.0455608;-1.57073,0.342375,-1.53563
-0.320247,-0.159859,0.0425767;-1.57113,0.307284,-1.56257
-0.325582,-0.159905,0.0477161;-1.5967,0.463063,-1.51566
-0.343455,-0.179524,0.0611313;-1.5036,0.593108,-1.58444
-0.3573,-0.208804,0.0664745;-1.32488,0.69168,-1.6878
-0.36846,-0.212156,0.0566691;-1.39694,0.505831,-1.62278
-0.367601,-0.20279,0.046146;-1.57291,0.40358,-1.52429
-0.363091,-0.199939,0.0440664;-1.56803,0.375159,-1.55158
-0.369265,-0.202107,0.0467502;-1.56569,0.482451,-1.5249
-0.383433,-0.219529,0.055604;-1.44691,0.602523,-1.61383
-0.395503,-0.246194,0.0626287;-1.26994,0.716744,-1.73126
-0.401844,-0.247857,0.06093;-1.3152,0.650309,-1.69087
-0.399485,-0.237257,0.0544477;-1.42173,0.554731,-1.61792
-0.393747,-0.22738,0.0461433;-1.56897,0.478144,-1.53091
-0.391367,-0.225414,0.0460324;-1.56866,0.493806,-1.53206
-0.394813,-0.225903,0.0474123;-1.58023,0.598819,-1.5213
-0.41409,-0.243501,0.0605357;-1.42176,0.732124,-1.64411
-0.42806,-0.268291,0.064306;-1.22974,0.809959,-1.77267
-0.431842,-0.264074,0.0612584;-1.29808,0.715919,-1.71148
-0.430965,-0.251846,0.0514791;-1.46686,0.604768,-1.59681
-0.422267,-0.243538,0.0437754;-1.5657,0.562237,-1.55489
-0.419239,-0.239838,0.0465099;-1.57093,0.635971,-1.52448
-0.431309,-0.242283,0.0515686;-1.59619,0.761187,-1.51688
-0.473797,-0.289577,0.0653634;-1.17575,0.915584,-1.83546
-0.482369,-0.294049,0.0657791;-1.20135,0.834614,-1.79428
-0.484959,-0.285407,0.0562942;-1.36523,0.723788,-1.67823
-0.476479,-0.274865,0.043341;-1.56899,0.619822,-1.55716
-0.474039,-0.272482,0.0462269;-1.57022,0.706163,-1.52803
-0.483846,-0.273089,0.0490507;-1.61112,0.81969,-1.49988
-0.530434,-0.312208,0.066976;-1.18034,1.01042,-1.85878
-0.541374,-0.321179,0.0654161;-1.16797,0.927717,-1.84184
-0.542282,-0.312327,0.0576456;-1.3291,0.815352,-1.7142
-0.534105,-0.301279,0.0429658;-1.57026,0.688175,-1.56003
-0.532553,-0.299556,0.0458787;-1.57077,0.773586,-1.53105
-0.541784,-0.299082,0.049104;-1.62719,0.871133,-1.48754
-0.588523,-0.336083,0.0658588;-1.12215,1.07021,-1.92122
-0.599324,-0.342615,0.0656323;-1.12453,0.993028,-1.89193
-0.598988,-0.333911,0.0581557;-1.29852,0.890056,-1.74886
-0.589139,-0.323723,0.0435685;-1.56986,0.768448,-1.55488
-0.587549,-0.322505,0.0462236;-1.57079,0.84608,-1.52745
-0.599045,-0.324915,0.0478286;-1.58525,0.904176,-1.51241
-0.637892,-0.359159,0.0636479;-1.04495,1.10036,-2.00458
-0.643489,-0.3612,0.0619163;-1.14119,1.04444,-1.9048
-0.643934,-0.356406,0.0592132;-1.22351,1.00463,-1.83363
-0.629815,-0.343349,0.0459938;-1.56158,0.858009,-1.5422
-0.626281,-0.342562,0.044716;-1.55387,0.894893,-1.5609
-0.623444,-0.339622,0.0464371;-1.57155,0.950024,-1.52367
-0.635665,-0.339566,0.0535313;-1.57456,1.08277,-1.53464
-0.68566,-0.367898,0.0636872;-0.970413,1.14655,-2.08295
-0.691603,-0.365041,0.0617164;-1.12336,1.06678,-1.92702
-0.688838,-0.354519,0.0513748;-1.41627,0.974526,-1.66712
-0.678902,-0.349981,0.042758;-1.56589,0.922817,-1.56398
-0.676004,-0.348716,0.0462468;-1.56866,1.00024,-1.52988
-0.679973,-0.344824,0.0483947;-1.62433,1.10103,-1.47969
-0.73919,-0.366552,0.0677762;-0.932743,1.24124,-2.13999
-0.75497,-0.371946,0.0644042;-0.961901,1.1505,-2.08743
-0.753745,-0.363224,0.055028;-1.28272,1.07296,-1.79601
-0.744932,-0.358221,0.0426241;-1.56881,0.988852,-1.56393
-0.745159,-0.357754,0.045941;-1.569,1.06625,-1.53325
-0.751944,-0.35574,0.0475353;-1.61295,1.15775,-1.48879
-0.802527,-0.375269,0.0659477;-0.698354,1.32198,-2.38437
-0.811675,-0.377074,0.0637484;-0.786883,1.25287,-2.27667
-0.806643,-0.368798,0.0548393;-1.21187,1.18443,-1.8742
-0.794053,-0.363751,0.0427996;-1.56928,1.10124,-1.56228
-0.795323,-0.363825,0.0458;-1.55398,1.14177,-1.55257
-0.79662,-0.361663,0.0467623;-1.59217,1.21192,-1.50449
-0.847276,-0.373943,0.0644311;-0.439363,1.35543,-2.65388
-0.855967,-0.375986,0.0642616;-0.410936,1.32019,-2.66834
-0.849603,-0.368067,0.0590346;-0.861811,1.29085,-2.22455
-0.82934,-0.359566,0.0452422;-1.54939,1.19559,-1.56258
-0.827128,-0.359931,0.0437989;-1.55977,1.21381,-1.56297
-0.824873,-0.359502,0.0463107;-1.56851,1.25307,-1.52861
-0.863334,-0.358788,0.0634214;-0.482542,1.41751,-2.62605
-0.881233,-0.369158,0.0643728;0.163503,1.35369,3.02621
-0.876689,-0.3637,0.0637665;-0.195988,1.3595,-2.8937
-0.856954,-0.34933,0.0460015;-1.57254,1.29772,-1.52792
-0.849696,-0.350624,0.043216;-1.56625,1.28445,-1.56119
-0.851003,-0.350465,0.0456031;-1.52913,1.31426,-1.58137
-0.866966,-0.344394,0.0571947;-0.990007,1.50876,-2.12257
-0.882735,-0.348931,0.0648586;0.479033,1.4299,2.69053
-0.8816,-0.349518,0.067124;0.484108,1.40923,2.69278
-0.872996,-0.338166,0.0484868;-1.30341,1.41618,-1.79697
-0.865749,-0.338715,0.0455049;-1.54461,1.364,-1.56548
-0.862897,-0.339607,0.0430496;-1.55321,1.37928,-1.57567
-0.862571,-0.334857,0.0494048;-2.4846,1.54146,-0.616976
-0.883231,-0.331133,0.0623025;0.940165,1.44532,2.22345
-0.880192,-0.336188,0.0658065;1.02494,1.36944,2.14225
-0.879215,-0.328173,0.0513722;-0.308746,1.47433,-2.80256
-0.873838,-0.327127,0.0452969;-1.57592,1.45868,-1.53261
-0.870755,-0.328912,0.042609;-1.58309,1.43463,-1.55121
-0.866732,-0.326238,0.0475928;2.28325,1.54027,0.901365
-0.882574,-0.319803,0.0589873;1.25397,1.43081,1.91519
-0.878747,-0.325986,0.0639574;1.13381,1.3439,2.02911
-0.878332,-0.316533,0.0520969;0.0740337,1.46929,3.09611
-0.874433,-0.315131,0.0450966;-1.57516,1.49414,-1.53459
-0.873216,-0.31646,0.0426971;-1.613,1.44233,-1.52251
-0.870656,-0.313281,0.0470413;-2.8584,1.55482,-0.241381
-0.883775,-0.308614,0.057979;1.21947,1.45755,1.94715
-0.878988,-0.317755,0.0631629;1.1331,1.34773,2.02225
-0.880393,-0.310473,0.0600058;0.586724,1.44145,2.58778
-0.87545,-0.307729,0.0459589;-1.54978,1.53818,-1.54951
-0.871806,-0.310293,0.0443509;-1.55166,1.50594,-1.56849
-0.864555,-0.310657,0.0464742;-1.54232,1.55922,-1.55297
-0.877806,-0.303595,0.052623;1.4662,1.4504,1.70756
-0.878863,-0.306529,0.0599455;1.19628,1.34612,1.96771
-0.876778,-0.306953,0.0643867;0.989017,1.34667,2.17918
-0.874881,-0.30248,0.0521413;0.612023,1.44857,2.55796
-0.86987,-0.301631,0.0460944;-1.15356,1.56199,-1.94964
-0.85805,-0.304104,0.0458725;-1.35706,1.53432,-1.75004
-0.857045,-0.302158,0.0471091;1.73819,1.50783,1.44942
-0.87858,-0.293331,0.0592592;1.21082,1.35931,1.94991
-0.874328,-0.299433,0.0662617;1.08525,1.27643,2.07938
-0.875227,-0.293894,0.0610615;0.878785,1.36543,2.28947
-0.869066,-0.29,0.0472229;1.08185,1.52409,2.10038
-0.862226,-0.291154,0.0440256;-1.62698,1.54509,-1.49434
-0.853361,-0.293349,0.0463804;1.54626,1.53044,1.64043
-0.859735,-0.28681,0.0510386;1.65163,1.39515,1.52682
-0.872749,-0.284534,0.0672233;1.11928,1.26273,2.03931
-0.874547,-0.27782,0.066974;1.03473,1.32616,2.12812
-0.868626,-0.273032,0.0512784;0.722629,1.4523,2.44608
-0.852641,-0.274346,0.0427967;-1.66488,1.51185,-1.46752
-0.845012,-0.276205,0.0455728;-0.362078,1.56459,-2.7432
-0.845594,-0.271804,0.0486106;1.86378,1.44944,1.31924
-0.874154,-0.260705,0.0683151;1.17738,1.28617,1.97595
-0.875616,-0.25498,0.0690055;1.07782,1.34664,2.0811
-0.869754,-0.250719,0.0521017;0.518446,1.44874,2.64661
-0.858974,-0.251072,0.0427654;-1.65011,1.49024,-1.48417
-0.854559,-0.251414,0.0450441;-1.49802,1.51997,-1.61201
-0.857129,-0.247141,0.0476387;1.96397,1.50616,1.21693
-0.857129,-0.247141,0.0476387;1.96397,1.50616,1.21693
-0.879262,-0.240177,0.0614482;1.25067,1.37299,1.90681
-0.879262,-0.240177,0.0614482;1.25067,1.37299,1.90681
