-0.125,0.125,0.06;-1.57,-2.98023e-08,-1.57
-0.125,0.125,0.06;-1.57,-2.98023e-08,-1.57
-0.125,0.125,0.06;-1.57,-2.98023e-08,-1.57
-0.125095,0.124727,0.0424281;-1.56968,-0.310635,-1.56835
-0.125824,0.122855,0.0423409;-1.57168,-0.231464,-1.57144
-0.127477,0.105892,0.0485551;-1.59268,-0.0844446,-1.59198
-0.131348,0.0943453,0.0684031;-1.50643,0.0160957,-1.534
-0.139905,0.112068,0.0524616;-1.57875,-0.264004,-1.47786
-0.136184,0.112251,0.0506822;-1.54512,-0.357439,-1.49526
-0.13712,0.109538,0.0476932;-1.53271,-0.375337,-1.51931
-0.135803,0.115014,0.0488584;-1.49996,-0.259026,-1.52679
-0.137515,0.0961282,0.0543819;-1.427,-0.129548,-1.5595
-0.131805,0.0740632,0.0593324;-1.37891,-0.00738765,-1.58795
-0.138584,0.0676904,0.0521343;-1.46567,-0.0920826,-1.58177
-0.145604,0.0754942,0.0433478;-1.55201,-0.20068,-1.56139
-0.144409,0.0735179,0.0438511;-1.57386,-0.303047,-1.55557
-0.143927,0.0723969,0.0429274;-1.56427,-0.29373,-1.55608
-0.143161,0.0650885,0.0474799;-1.53156,-0.170713,-1.58574
-0.137044,0.0507641,0.0575919;-1.42206,-0.00479625,-1.60367
-0.133479,0.0419803,0.0573328;-1.39026,0.0574682,-1.59439
-0.142518,0.0552547,0.0518303;-1.46562,-0.0569509,-1.58177
-0.150062,0.0707862,0.0421777;-1.57472,-0.177154,-1.57035
-0.149687,0.0703704,0.0425576;-1.56716,-0.217226,-1.56629
-0.149612,0.0653618,0.0430401;-1.55704,-0.113361,-1.57242
-0.149757,0.0481853,0.0499446;-1.52376,0.0125541,-1.61296
-0.145196,0.0337144,0.0551121;-1.45554,0.0901787,-1.61904
-0.146741,0.0360812,0.049347;-1.48446,0.0411479,-1.581
-0.149876,0.045787,0.0425823;-1.569,-0.0927847,-1.5644
-0.149576,0.0462667,0.0426466;-1.564,-0.0645579,-1.56697
-0.148545,0.0473588,0.0425942;-1.56213,0.00173387,-1.57093
-0.146875,0.0172066,0.054204;-1.47674,0.237751,-1.64016
-0.1417,0.00066718,0.0577162;-1.40884,0.327385,-1.65965
-0.146141,0.000845317,0.0534973;-1.45773,0.272889,-1.62987
-0.149529,0.0195731,0.0429075;-1.57292,0.109848,-1.56091
-0.150173,0.0159451,0.043385;-1.57257,0.0659458,-1.55663
-0.151338,0.0173126,0.0443397;-1.56914,0.0941202,-1.55208
-0.146075,0.00578942,0.0592417;-1.52252,0.361865,-1.57391
-0.133756,-0.0112946,0.0613405;-1.3826,0.510824,-1.6648
-0.132444,-0.0166566,0.0571731;-1.35771,0.51142,-1.68123
-0.14503,-0.00667949,0.0430515;-1.56956,0.313893,-1.55441
-0.14621,-0.00965385,0.0468955;-1.5724,0.237999,-1.52701
-0.150013,-0.0105653,0.0487363;-1.56774,0.218391,-1.51304
-0.159785,-0.0121598,0.0585612;-1.6451,0.458169,-1.4761
-0.15358,-0.0268741,0.0751876;-1.6038,0.592099,-1.52679
-0.140942,-0.0413652,0.0747685;-1.49303,0.692184,-1.61173
-0.14865,-0.0526745,0.0468253;-1.5044,0.524098,-1.59256
-0.150645,-0.051733,0.0434479;-1.56503,0.47456,-1.55636
-0.147156,-0.0460132,0.0454616;-1.56109,0.491245,-1.54176
-0.137115,-0.0344772,0.0476835;-1.52254,0.72159,-1.56464
-0.141428,-0.0460046,0.0493659;-1.45755,0.868721,-1.66438
-0.145845,-0.0590859,0.058375;-1.24591,0.94412,-1.83441
-0.150973,-0.0552195,0.0472881;-1.46936,0.849035,-1.64586
-0.148228,-0.0524399,0.0425236;-1.57149,0.8025,-1.5637
-0.14792,-0.0523056,0.0426077;-1.56828,0.80233,-1.56551
-0.145692,-0.0506242,0.0440322;-1.53102,0.871561,-1.60224
-0.153848,-0.0601896,0.049098;-1.48281,0.982251,-1.67284
-0.161866,-0.0748852,0.0562223;-1.26534,1.09507,-1.87308
-0.168356,-0.0600719,0.0477646;-1.52761,0.961684,-1.58445
-0.162387,-0.0489834,0.0484005;-1.58969,0.881159,-1.50089
-0.162689,-0.0481353,0.0507614;-1.58181,0.851644,-1.49506
-0.156694,-0.0461209,0.0494595;-1.59735,0.812532,-1.49062
-0.157206,-0.0396511,0.0606143;-1.83737,0.890358,-1.32113
-0.157154,-0.0310986,0.0739997;-2.0055,0.971893,-1.21587
-0.166777,-0.0270083,0.0739715;-2.02464,0.976697,-1.15201
-0.172855,-0.0341347,0.07273;-1.77685,0.915179,-1.29238
-0.177794,-0.0419584,0.0626176;-1.57986,0.793265,-1.39765
-0.18568,-0.054338,0.0583598;-1.57408,0.658883,-1.43212
-0.192285,-0.0600983,0.0596241;-1.56909,0.715319,-1.4817
-0.212503,-0.071039,0.0649121;-1.32161,0.792075,-1.71844
-0.243634,-0.0946654,0.0673306;-1.11522,0.840618,-1.89402
-0.24586,-0.0957269,0.0652642;-1.20755,0.83451,-1.79045
-0.245537,-0.0898861,0.0603586;-1.32333,0.807917,-1.68339
-0.22558,-0.077704,0.0568344;-1.48667,0.77167,-1.5269
-0.219998,-0.0776975,0.0593199;-1.41095,0.859623,-1.59923
-0.230781,-0.0833517,0.0656131;-1.41781,0.954159,-1.62101
-0.254512,-0.102256,0.0796833;-1.18558,1.15952,-1.8686
-0.248601,-0.100026,0.0828479;-1.3548,1.13847,-1.70569
-0.241792,-0.100642,0.0630356;-1.21312,1.01987,-1.79839
-0.229547,-0.093871,0.0578847;-1.47126,0.95451,-1.53998
-0.222382,-0.0919785,0.0597637;-1.45897,1.03985,-1.54268
-0.23176,-0.0956421,0.0651081;-1.45304,1.12544,-1.58271
-0.255052,-0.112984,0.0771549;-1.16608,1.2146,-1.91541
-0.262498,-0.114316,0.0788366;-1.2262,1.19964,-1.839
-0.265855,-0.115186,0.0634087;-1.10404,1.13548,-1.92186
-0.250633,-0.103841,0.059941;-1.46323,1.04573,-1.53617
-0.246678,-0.103072,0.0618428;-1.47494,1.12342,-1.51696
-0.260077,-0.103046,0.068129;-1.45891,1.1901,-1.5729
-0.283064,-0.101773,0.08707;-1.57479,1.35264,-1.52583
-0.281978,-0.10396,0.0890974;-1.47048,1.2652,-1.60429
-0.271529,-0.0998263,0.0746962;-1.50785,1.14996,-1.53259
-0.261153,-0.0889169,0.0627692;-1.5196,1.04724,-1.466
-0.256887,-0.0920824,0.0620443;-1.63972,1.10291,-1.36117
-0.25961,-0.0963874,0.06773;-1.6074,1.12451,-1.42804
-0.275886,-0.109438,0.0834524;-1.70131,1.31263,-1.40703
-0.271,-0.10847,0.084341;-1.55611,1.22233,-1.52074
-0.257769,-0.103215,0.0755932;-1.61249,1.18372,-1.45293
-0.256893,-0.102349,0.0570458;-1.41757,1.06325,-1.61148
-0.244481,-0.105721,0.0527955;-1.45922,1.1091,-1.5983
-0.238522,-0.104634,0.0510279;-1.4537,1.16213,-1.61749
-0.252525,-0.102637,0.0573977;-1.30535,1.21686,-1.7727
-0.307005,-0.111122,0.0691507;-0.957136,1.13642,-2.13488
-0.31478,-0.115064,0.0654097;-0.840853,1.12562,-2.23658
-0.30296,-0.115848,0.0596982;-1.02901,1.21791,-2.03338
-0.285764,-0.11635,0.0485535;-1.50743,1.2631,-1.57484
-0.281854,-0.114795,0.0499807;-1.47105,1.30616,-1.60204
-0.287514,-0.111495,0.0559478;-1.13871,1.31798,-1.92821
-0.33235,-0.116905,0.0668218;-0.679084,1.24099,-2.42594
-0.335226,-0.117173,0.0670567;-0.642896,1.18792,-2.4547
-0.327677,-0.118081,0.0617164;-0.752126,1.23407,-2.33959
-0.306235,-0.120691,0.0481022;-1.47361,1.35139,-1.61558
-0.300121,-0.121469,0.0469469;-1.53299,1.40817,-1.55852
-0.303489,-0.120136,0.0502266;-1.11294,1.4408,-1.97758
-0.351812,-0.109924,0.0666025;-0.336545,1.27688,-2.77494
-0.361275,-0.105331,0.0670044;-0.509581,1.19728,-2.59338
-0.357519,-0.105924,0.0646558;-0.550613,1.22304,-2.55009
-0.327952,-0.11222,0.0489101;-1.45163,1.40971,-1.63149
-0.32199,-0.113271,0.0467065;-1.50506,1.4515,-1.59201
-0.324916,-0.1124,0.047407;-1.58098,1.52464,-1.50871
-0.364691,-0.117442,0.0582201;0.82898,1.4114,2.28601
-0.358962,-0.11095,0.0671265;0.850693,1.46169,2.29711
-0.342064,-0.103014,0.0660721;-2.72858,1.52087,-0.37104
-0.35072,-0.105431,0.0452757;-1.57763,1.39612,-1.53303
-0.357815,-0.103874,0.0425955;-1.57151,1.33778,-1.56172
-0.356964,-0.10392,0.0426736;-1.57017,1.35789,-1.56063
-0.374687,-0.110492,0.0491056;-1.08158,1.53188,-2.10654
-0.384548,-0.118446,0.0551239;-0.8137,1.52199,-2.40447
-0.38952,-0.112072,0.0526751;-0.993134,1.42444,-2.17998
-0.380326,-0.107291,0.0425382;-1.57122,1.35131,-1.56215
-0.38123,-0.107002,0.0425943;-1.57148,1.3348,-1.56157
-0.379172,-0.105867,0.0448593;-1.5737,1.36947,-1.54071
-0.396287,-0.111317,0.0575409;0.469503,1.52375,2.702
-0.405453,-0.122161,0.0638599;0.529562,1.3889,2.61985
-0.404885,-0.120844,0.0646405;0.304845,1.35905,2.83395
-0.409792,-0.116807,0.0522244;-0.279629,1.44701,-2.83574
-0.399293,-0.117973,0.0497105;-1.19426,1.51717,-1.88254
-0.392396,-0.118069,0.0488844;-0.708828,1.54219,-2.37251
-0.402752,-0.119643,0.0534547;1.14223,1.38748,2.05809
-0.417657,-0.117549,0.0617672;1.09662,1.28486,2.07182
-0.413586,-0.11604,0.0746718;1.22106,1.2636,1.92159
-0.404703,-0.117344,0.0484514;0.593611,1.46122,2.55424
-0.405693,-0.116748,0.0427305;1.09078,1.56698,2.06169
-0.405589,-0.116534,0.0425359;1.94414,1.56714,1.20299
-0.407498,-0.117426,0.0433262;1.4816,1.40309,1.65552
-0.419792,-0.120721,0.0488289;1.41208,1.31147,1.68996
-0.425041,-0.121257,0.05666;1.24507,1.26102,1.82497
-0.415836,-0.103114,0.0472314;0.616187,1.50357,2.5338
-0.4164,-0.100844,0.0458683;-1.50463,1.54519,-1.59701
-0.419085,-0.0992311,0.0456482;-1.37432,1.5144,-1.73422
-0.413677,-0.103436,0.049194;0.675582,1.44809,2.4671
-0.42397,-0.103734,0.0550483;0.836472,1.32848,2.29053
-0.433772,-0.104912,0.0607156;0.838802,1.22294,2.27348
-0.437219,-0.091749,0.0572332;0.545334,1.34773,2.58775
-0.433223,-0.0894742,0.0516303;0.384794,1.44244,2.77123
-0.429409,-0.0922499,0.050658;0.614912,1.49501,2.57302
-0.427053,-0.0975805,0.0509364;0.829126,1.41668,2.33072
-0.437125,-0.0990655,0.0520227;1.02159,1.32973,2.10811
-0.456081,-0.103388,0.0552608;1.13339,1.20004,1.97012
-0.457851,-0.0943214,0.0566492;0.94562,1.2765,2.16432
-0.449775,-0.0908534,0.0496854;1.05706,1.36909,2.07795
-0.446716,-0.0909571,0.0438255;1.42778,1.43357,1.72692
-0.44466,-0.094019,0.0444913;1.44809,1.40519,1.71267
-0.44652,-0.0944695,0.0467627;1.25855,1.34818,1.87873
-0.45333,-0.0971059,0.051686;1.23906,1.21984,1.88686
-0.443433,-0.0911897,0.0690235;1.33084,1.16357,1.81471
-0.432372,-0.0867954,0.0674206;1.37554,1.27832,1.80571
-0.419694,-0.0905549,0.0544286;1.14065,1.40472,2.06965
-0.418106,-0.0965153,0.0524645;1.28422,1.4391,1.93154
-0.417239,-0.0971537,0.0523669;1.12922,1.37141,2.05173
-0.418707,-0.0964355,0.0534891;1.03138,1.28419,2.0981
-0.421688,-0.0898165,0.0588716;1.19989,1.16999,1.87398
-0.422757,-0.0832128,0.0548668;1.14561,1.26221,1.95081
-0.408004,-0.0817978,0.0474784;1.19902,1.36489,1.93352
-0.403841,-0.0820997,0.0431351;1.45754,1.41363,1.69104
-0.402561,-0.0851954,0.0460726;1.34967,1.3586,1.80239
-0.401864,-0.0864712,0.0490505;1.25283,1.29799,1.88912
-0.41509,-0.0971961,0.0587856;1.17705,1.0253,1.91082
-0.407444,-0.0877241,0.0577075;1.18479,1.09873,1.93446
-0.400287,-0.0778143,0.0544701;1.20137,1.22533,1.95467
-0.390932,-0.0781933,0.0576625;1.32299,1.34368,1.92427
-0.393988,-0.0816089,0.06152;1.34035,1.24589,1.91613
-0.403614,-0.0840133,0.0586792;1.29166,1.13783,1.90841
-0.403614,-0.0840133,0.0586792;1.29166,1.13783,1.90841
-0.415281,-0.0839577,0.0654237;1.38755,0.96051,1.8017
-0.415281,-0.0839577,0.0654237;1.38755,0.96051,1.8017
