-0.125,0.125,0.06;-1.57,-2.98023e-08,-1.57
-0.125,0.125,0.06;-1.57,-2.98023e-08,-1.57
-0.125,0.125,0.06;-1.57,-2.98023e-08,-1.57
-0.124898,0.127798,0.042533;-1.57019,-0.213507,-1.56327
-0.126295,0.129095,0.044141;-1.58261,-0.132294,-1.54897
-0.131799,0.112475,0.0549109;-1.66742,0.00168675,-1.56194
-0.134389,0.0692318,0.0636197;-1.34749,0.0401662,-1.54545
-0.141884,0.0931083,0.0461699;-1.57404,-0.16426,-1.52712
-0.138435,0.101136,0.0437066;-1.56781,-0.190877,-1.55314
-0.138356,0.101516,0.0426675;-1.5682,-0.185819,-1.56213
-0.142102,0.10591,0.0478667;-1.58499,-0.0835093,-1.51963
-0.152351,0.091577,0.057781;-1.67128,0.0408759,-1.53356
-0.157991,0.0537923,0.073452;-1.48922,0.117078,-1.55857
-0.160032,0.027215,0.0604559;-1.37391,-0.00284836,-1.53967
-0.161772,0.039052,0.0526489;-1.47241,-0.115876,-1.52342
-0.160498,0.0525622,0.0460534;-1.56611,-0.186408,-1.53379
-0.16191,0.0570106,0.0473647;-1.5734,-0.129007,-1.51731
-0.168683,0.0438125,0.0557272;-1.64461,-0.00790631,-1.52918
-0.173974,0.015519,0.0715798;-1.50016,0.108642,-1.55843
-0.1754,-0.0226004,0.0658628;-1.31118,0.117991,-1.55813
-0.179185,-0.0150132,0.0613579;-1.36123,0.0192211,-1.54236
-0.185294,0.00441054,0.0487022;-1.53879,-0.115562,-1.52105
-0.183128,0.013271,0.0460748;-1.56539,-0.137189,-1.53214
-0.18905,0.0126586,0.048867;-1.594,-0.0453386,-1.51826
-0.200009,-0.00841553,0.0606134;-1.62574,0.0931557,-1.53526
-0.20492,-0.0389752,0.0684612;-1.44889,0.141576,-1.5574
-0.207549,-0.0522852,0.0582087;-1.39006,0.0704535,-1.55533
-0.204466,-0.0358583,0.0440718;-1.56729,-0.021957,-1.5509
-0.204647,-0.035834,0.0440957;-1.56334,-0.0149541,-1.55136
-0.204988,-0.0331884,0.0467872;-1.57498,0.0216366,-1.52118
-0.224846,-0.0649576,0.0678092;-1.55598,0.251921,-1.55386
-0.231387,-0.0997974,0.0725067;-1.3947,0.297563,-1.58945
-0.23524,-0.117334,0.0631171;-1.32381,0.246839,-1.5925
-0.238481,-0.104016,0.0461225;-1.5697,0.0815105,-1.53067
-0.234129,-0.0982783,0.042737;-1.56931,0.0809595,-1.56102
-0.235037,-0.0998287,0.0458294;-1.55849,0.0896386,-1.54072
-0.252163,-0.110033,0.0584488;-1.66035,0.293096,-1.50922
-0.264609,-0.139749,0.0725321;-1.47926,0.389373,-1.58634
-0.273867,-0.167941,0.0691032;-1.3545,0.383455,-1.61107
-0.280462,-0.164159,0.049211;-1.52826,0.199385,-1.53602
-0.276193,-0.157272,0.0451589;-1.56461,0.154685,-1.54396
-0.275476,-0.155563,0.04339;-1.56637,0.167976,-1.5566
-0.284231,-0.153556,0.0518879;-1.64713,0.337948,-1.498
-0.30231,-0.176763,0.0664106;-1.58011,0.444442,-1.546
-0.316694,-0.215677,0.0733954;-1.38104,0.481155,-1.62493
-0.327038,-0.222756,0.0544004;-1.43805,0.269186,-1.57784
-0.324493,-0.211339,0.0458151;-1.57224,0.184084,-1.53237
-0.3211,-0.208206,0.0426657;-1.56929,0.172756,-1.56191
-0.325441,-0.203551,0.0492912;-1.60639,0.314895,-1.50943
-0.341226,-0.219654,0.0610503;-1.65557,0.433197,-1.50999
-0.358098,-0.255109,0.0750933;-1.44501,0.508205,-1.6092
-0.364477,-0.271273,0.052689;-1.46379,0.34997,-1.57365
-0.362232,-0.264562,0.0457289;-1.5717,0.275165,-1.53394
-0.361766,-0.264762,0.0425705;-1.57089,0.230347,-1.56302
-0.362321,-0.259572,0.0484614;-1.59874,0.322033,-1.51349
-0.375785,-0.270361,0.0610343;-1.65443,0.448007,-1.50886
-0.393616,-0.300449,0.075058;-1.46957,0.53636,-1.60389
-0.403826,-0.331188,0.0572339;-1.40036,0.436351,-1.60751
-0.403488,-0.325978,0.046747;-1.57301,0.381518,-1.51837
-0.399701,-0.321587,0.0444563;-1.56997,0.350192,-1.54664
-0.399432,-0.318088,0.0470734;-1.57411,0.392217,-1.51683
-0.410198,-0.324896,0.0568489;-1.64761,0.51392,-1.49416
-0.427959,-0.346559,0.0727224;-1.49472,0.626099,-1.59755
-0.449173,-0.376761,0.0619273;-1.30615,0.59419,-1.68206
-0.449132,-0.372456,0.0563679;-1.40364,0.518083,-1.6176
-0.445922,-0.364159,0.0462051;-1.56934,0.449765,-1.52889
-0.443732,-0.362079,0.046198;-1.56991,0.452549,-1.53029
-0.448694,-0.359421,0.0492982;-1.60748,0.545812,-1.4997
-0.468373,-0.371766,0.0625323;-1.62211,0.684765,-1.51213
-0.500483,-0.417541,0.0657615;-1.21193,0.762524,-1.77407
-0.504349,-0.417965,0.0633263;-1.26811,0.693058,-1.7284
-0.503301,-0.407773,0.0530033;-1.44775,0.603642,-1.604
-0.493674,-0.398262,0.0439317;-1.5678,0.551701,-1.55254
-0.493022,-0.395281,0.0469458;-1.57287,0.620458,-1.52003
-0.502332,-0.394452,0.0526759;-1.6758,0.716251,-1.45515
-0.553143,-0.440107,0.0756072;-1.31563,0.86817,-1.73662
-0.564339,-0.452402,0.0683914;-1.25011,0.780665,-1.76319
-0.567194,-0.449613,0.0560714;-1.3768,0.692762,-1.66698
-0.560426,-0.439636,0.0431669;-1.56939,0.583601,-1.55883
-0.557286,-0.436616,0.0461716;-1.57035,0.650247,-1.52865
-0.559799,-0.431674,0.0498679;-1.63219,0.717779,-1.48267
-0.610623,-0.465443,0.0769936;-1.40568,0.899037,-1.68235
-0.626478,-0.481854,0.0714061;-1.3728,0.853263,-1.68975
-0.628914,-0.490645,0.0540895;-1.39667,0.786553,-1.66463
-0.627986,-0.486703,0.0428124;-1.57168,0.671038,-1.56066
-0.62537,-0.484834,0.0458672;-1.57086,0.721641,-1.53133
-0.625678,-0.479594,0.0491314;-1.62574,0.7621,-1.4875
-0.671969,-0.504207,0.0764118;-1.44032,0.971155,-1.66369
-0.690587,-0.517743,0.0729743;-1.40889,0.917738,-1.67128
-0.695247,-0.529307,0.0550446;-1.36136,0.872146,-1.69588
-0.687582,-0.523255,0.0440719;-1.57089,0.790803,-1.55005
-0.685681,-0.521086,0.0465084;-1.57119,0.83564,-1.52485
-0.685841,-0.519219,0.0481609;-1.5945,0.841886,-1.50091
-0.727416,-0.533979,0.0747603;-1.42801,1.06859,-1.67987
-0.741602,-0.547236,0.0698249;-1.30687,1.00966,-1.76008
-0.747797,-0.553848,0.0610004;-1.19341,0.982779,-1.85222
-0.738802,-0.543878,0.0463847;-1.56345,0.8652,-1.53674
-0.735022,-0.542383,0.0449569;-1.55339,0.874508,-1.5605
-0.731883,-0.539137,0.0470412;-1.57513,0.928289,-1.5171
-0.742837,-0.535204,0.0544658;-1.7544,1.04075,-1.36841
-0.781813,-0.56621,0.0730452;-1.17237,1.20249,-1.91037
-0.795792,-0.574723,0.0616486;-1.04368,1.13781,-2.01476
-0.795821,-0.570349,0.0525891;-1.38204,1.11218,-1.69841
-0.790409,-0.566031,0.0430507;-1.57001,1.05122,-1.55891
-0.786271,-0.564954,0.0465383;-1.5708,1.11457,-1.52573
-0.785926,-0.560125,0.0490433;-1.66514,1.18153,-1.4362
-0.81522,-0.581996,0.0764641;-1.04381,1.40237,-2.06921
-0.829406,-0.587585,0.0685395;-0.870499,1.35425,-2.2207
-0.835083,-0.589909,0.0537012;-1.14156,1.31514,-1.9507
-0.830305,-0.58626,0.0425855;-1.57167,1.22356,-1.56198
-0.828125,-0.586524,0.0459902;-1.56662,1.27274,-1.53553
-0.826613,-0.582659,0.0481453;-1.67206,1.32175,-1.42554
-0.864285,-0.594561,0.0758177;0.22442,1.50896,2.93358
-0.879598,-0.596497,0.0713884;-0.140179,1.44262,-2.95724
-0.881839,-0.599087,0.0573111;-0.530962,1.48151,-2.55986
-0.874026,-0.597378,0.0432405;-1.57549,1.44262,-1.5522
-0.873696,-0.597262,0.0460515;-1.49929,1.45685,-1.60686
-0.871115,-0.596348,0.047295;-1.67623,1.48022,-1.41694
-0.884197,-0.598905,0.066429;1.10255,1.4693,2.06731
-0.883526,-0.599572,0.0687457;0.982712,1.45053,2.19188
-0.883909,-0.598256,0.0664209;0.743191,1.4912,2.43857
-0.878788,-0.596311,0.0454011;-1.52879,1.51199,-1.58104
-0.879074,-0.595838,0.0438441;-1.56494,1.49829,-1.55695
-0.874207,-0.594647,0.0461749;-1.64593,1.51306,-1.45521
-0.879791,-0.594516,0.0662772;2.30416,1.4575,0.857295
-0.88296,-0.596691,0.0737633;1.47977,1.44208,1.67947
-0.883333,-0.594775,0.0754897;1.3241,1.46438,1.8493
-0.879584,-0.591742,0.046469;-1.59931,1.54679,-1.49754
-0.875411,-0.592327,0.043512;-1.57544,1.50986,-1.54965
-0.875972,-0.590944,0.044667;-1.44377,1.50629,-1.67093
-0.866433,-0.591388,0.0597403;2.97087,1.40646,0.203344
-0.882775,-0.590394,0.072944;1.89474,1.44528,1.26359
-0.883331,-0.590022,0.0763713;1.67893,1.43857,1.48582
-0.880521,-0.587014,0.0479724;0.617178,1.53053,2.56634
-0.878046,-0.587472,0.045309;-1.50172,1.53912,-1.60912
-0.878156,-0.586933,0.0435154;-1.60634,1.5209,-1.51914
-0.865147,-0.587165,0.0522496;2.7961,1.47999,0.385563
-0.876889,-0.586188,0.0648051;1.84369,1.43554,1.32794
-0.879887,-0.589662,0.0711687;1.34259,1.38756,1.82178
-0.879319,-0.584614,0.0512875;0.460372,1.48562,2.7154
-0.877077,-0.583747,0.0456891;-1.83375,1.54957,-1.27299
-0.876954,-0.584006,0.0425831;-1.57452,1.52198,-1.55895
-0.864671,-0.580723,0.0518281;2.9529,1.48453,0.225082
-0.867894,-0.580625,0.0634127;2.60894,1.41475,0.552079
-0.880702,-0.585518,0.0802831;1.69837,1.40646,1.44993
-0.882088,-0.580779,0.0542836;0.476107,1.45831,2.71168
-0.880039,-0.579971,0.0463873;-2.75757,1.56695,-0.341419
-0.879365,-0.580065,0.0427194;-1.57824,1.52417,-1.55375
-0.872285,-0.576664,0.0500877;-2.95766,1.51375,-0.144002
-0.86956,-0.579935,0.0633912;2.83419,1.39349,0.330578
-0.880844,-0.583981,0.0803411;2.07289,1.43681,1.07242
-0.884656,-0.58189,0.0674046;0.832486,1.50972,2.35644
-0.880168,-0.581001,0.0468788;-1.70884,1.55322,-1.38175
-0.877518,-0.581352,0.0446553;-1.57669,1.51275,-1.53868
-0.87288,-0.579802,0.0464879;-1.72451,1.52099,-1.37563
-0.86933,-0.581276,0.0547746;3.03201,1.45918,0.148959
-0.878459,-0.586006,0.0700903;2.41955,1.45572,0.733173
-0.883969,-0.586883,0.0792951;1.9645,1.45843,1.21473
-0.882522,-0.584923,0.0538311;0.322549,1.45175,2.86508
-0.879109,-0.583707,0.0465548;-1.48164,1.55642,-1.617
-0.874276,-0.581631,0.0451834;-1.41835,1.52176,-1.69177
-0.868746,-0.580118,0.0492799;-2.64851,1.51997,-0.453366
-0.865305,-0.583127,0.0618763;2.87885,1.39586,0.290759
-0.883658,-0.582029,0.0801416;1.79759,1.44062,1.37258
-0.883166,-0.582583,0.0707901;1.31863,1.48433,1.86746
-0.878948,-0.582164,0.0471864;1.21994,1.55354,1.97115
-0.877812,-0.582127,0.0438302;-1.5741,1.53112,-1.5479
-0.871365,-0.581653,0.0462014;-2.06885,1.56093,-1.03226
-0.865996,-0.583247,0.0539423;2.71813,1.45464,0.462466
-0.881206,-0.587394,0.0776407;1.50394,1.4218,1.65357
-0.882442,-0.585706,0.0756846;1.60456,1.44855,1.56141
-0.880223,-0.585833,0.04997;0.562964,1.49178,2.61006
-0.878554,-0.585937,0.0426531;-1.60276,1.53372,-1.5295
-0.873173,-0.584559,0.0451734;-1.53975,1.56468,-1.56865
-0.865863,-0.583821,0.0517161;2.81781,1.48175,0.359991
-0.876347,-0.591095,0.0807692;1.75614,1.43568,1.3852
-0.882043,-0.591121,0.0750009;0.827005,1.45769,2.34668
-0.88497,-0.591855,0.0567226;0.620545,1.51297,2.56315
-0.883525,-0.592681,0.0427129;-1.60799,1.50571,-1.52369
-0.881302,-0.59177,0.0451475;-1.48406,1.52283,-1.62497
-0.876,-0.590714,0.0503678;-2.89125,1.50596,-0.212203
-0.876,-0.590714,0.0503678;-2.89125,1.50596,-0.212203
-0.876033,-0.595042,0.0639032;2.84398,1.4209,0.314905
-0.876033,-0.595042,0.0639032;2.84398,1.4209,0.314905
