-0.125,0.125,0.06;-1.57,-2.98023e-08,-1.57
-0.125,0.125,0.06;-1.57,-2.98023e-08,-1.57
-0.125,0.125,0.06;-1.57,-2.98023e-08,-1.57
-0.124647,0.127986,0.0428055;-1.56515,-0.239408,-1.55929
-0.125269,0.128144,0.0432033;-1.57006,-0.150881,-1.55259
-0.131252,0.106524,0.0511682;-1.51905,-0.0143453,-1.57044
-0.134046,0.0670184,0.0623774;-1.34404,0.00840888,-1.54894
-0.141695,0.0710897,0.0537856;-1.43228,-0.167605,-1.52383
-0.138872,0.0759528,0.0469147;-1.52312,-0.18434,-1.53787
-0.137717,0.0763001,0.0432221;-1.54429,-0.178354,-1.56303
-0.137582,0.0833252,0.0462063;-1.55232,-0.0621583,-1.53356
-0.146281,0.0586147,0.0563084;-1.47729,0.0588005,-1.55534
-0.148347,0.0215082,0.066066;-1.39178,0.14736,-1.57595
-0.15158,0.00893568,0.0614965;-1.34933,0.0298679,-1.55508
-0.152243,0.012552,0.058807;-1.36691,-0.0378463,-1.54202
-0.149264,0.0178668,0.0529053;-1.44086,-0.0691695,-1.54104
-0.144461,0.020573,0.0447115;-1.56076,0.0251346,-1.54389
-0.149233,0.00975534,0.0508757;-1.51422,0.158685,-1.56862
-0.152886,-0.0206073,0.0628449;-1.42143,0.262978,-1.60371
-0.156416,-0.0398076,0.0639734;-1.32409,0.236547,-1.59835
-0.158719,-0.0376712,0.061588;-1.34462,0.146498,-1.5792
-0.159752,-0.0310541,0.0543615;-1.42401,0.0710925,-1.55872
-0.151756,-0.0189647,0.0447647;-1.56275,0.106575,-1.54531
-0.153143,-0.0173622,0.0448695;-1.57495,0.214453,-1.5381
-0.164619,-0.0382522,0.0544896;-1.53121,0.348617,-1.58073
-0.172364,-0.0649796,0.0607186;-1.36862,0.377678,-1.62672
-0.179507,-0.069234,0.0608156;-1.34482,0.275337,-1.60826
-0.169537,-0.0540296,0.0522969;-1.45852,0.204138,-1.56295
-0.161537,-0.0481101,0.0477065;-1.52808,0.27015,-1.54869
-0.156918,-0.0403101,0.0444311;-1.56984,0.351835,-1.5425
-0.178524,-0.0594248,0.0606853;-1.61271,0.58034,-1.55813
-0.194762,-0.0926426,0.0680443;-1.3142,0.59728,-1.68692
-0.206895,-0.102787,0.0679992;-1.2312,0.498477,-1.69869
-0.20496,-0.0850748,0.058933;-1.40166,0.381857,-1.5772
-0.187144,-0.0740588,0.0524603;-1.53175,0.401784,-1.50859
-0.177465,-0.0667818,0.0463457;-1.55853,0.504226,-1.53777
-0.188679,-0.0694227,0.0500118;-1.68014,0.713768,-1.51696
-0.203316,-0.0905541,0.0623461;-1.61303,0.802061,-1.57654
-0.223988,-0.114314,0.0655778;-1.26659,0.728809,-1.74506
-0.233979,-0.109847,0.0582935;-1.36416,0.554203,-1.63983
-0.216343,-0.099873,0.0495592;-1.54361,0.543334,-1.52495
-0.206397,-0.0943547,0.0442629;-1.56125,0.615158,-1.55207
-0.206697,-0.0841083,0.045005;-1.62219,0.806924,-1.53509
-0.22492,-0.0969208,0.0539128;-1.69133,0.925887,-1.51853
-0.239899,-0.12519,0.0598037;-1.49577,0.970893,-1.68561
-0.242746,-0.118703,0.047331;-1.48277,0.735161,-1.6221
-0.237035,-0.111844,0.0441203;-1.5642,0.667801,-1.5509
-0.233457,-0.110885,0.0430276;-1.55862,0.675721,-1.56559
-0.231244,-0.106942,0.0431291;-1.58935,0.883045,-1.55289
-0.249119,-0.114382,0.050901;-1.69232,1.00123,-1.4999
-0.267156,-0.136468,0.0568898;-1.57669,1.0866,-1.63528
-0.268363,-0.130196,0.0438362;-1.53343,0.829168,-1.59994
-0.263832,-0.127657,0.0427994;-1.56906,0.755912,-1.55974
-0.264173,-0.127649,0.043099;-1.55421,0.740891,-1.56956
-0.262714,-0.124636,0.0431375;-1.59928,0.903554,-1.54475
-0.280949,-0.131643,0.0518551;-1.7032,1.02106,-1.48737
-0.298692,-0.151537,0.0579496;-1.6207,1.11997,-1.59635
-0.304488,-0.14793,0.045291;-1.51035,0.874459,-1.62
-0.300471,-0.145897,0.0428573;-1.5691,0.777928,-1.55774
-0.298703,-0.145735,0.043486;-1.55407,0.761796,-1.56801
-0.306041,-0.142964,0.0468333;-1.55706,0.872368,-1.5349
-0.326972,-0.15635,0.052723;-1.51272,0.984009,-1.61487
-0.350963,-0.180016,0.0575429;-1.37353,1.06352,-1.77234
-0.356743,-0.176136,0.0565221;-1.2994,0.976247,-1.79289
-0.349225,-0.166428,0.0499115;-1.43253,0.87985,-1.66775
-0.339547,-0.160148,0.0449855;-1.56482,0.832952,-1.54406
-0.335342,-0.157561,0.0473173;-1.54799,0.86549,-1.53926
-0.343235,-0.159497,0.0480817;-1.51724,0.970741,-1.57654
-0.375184,-0.172038,0.0573859;-1.31327,1.06896,-1.78577
-0.406882,-0.195599,0.0603044;-1.11504,1.1007,-1.9709
-0.404264,-0.187777,0.0613875;-1.15443,1.00425,-1.90543
-0.399563,-0.178372,0.0538124;-1.34942,0.914355,-1.72205
-0.380815,-0.168512,0.0507652;-1.45195,0.936947,-1.62016
-0.375331,-0.168474,0.0524025;-1.41008,1.06207,-1.66016
-0.388967,-0.169225,0.052386;-1.6297,1.19853,-1.46957
-0.447679,-0.202376,0.0611907;-0.700513,1.28216,-2.40702
-0.451753,-0.200219,0.063638;-0.824418,1.20563,-2.25988
-0.44447,-0.193157,0.0557861;-1.15746,1.16427,-1.94033
-0.422111,-0.184618,0.0473585;-1.51637,1.10628,-1.57648
-0.423183,-0.179559,0.0480312;-1.56571,1.22046,-1.51381
-0.43872,-0.17433,0.0524364;-1.77206,1.336,-1.31901
-0.502787,-0.201222,0.0649681;-0.0818664,1.31718,-3.01972
-0.507296,-0.201729,0.064396;-0.364005,1.30597,-2.73373
-0.496829,-0.194225,0.0517542;-1.09994,1.31209,-2.02448
-0.481475,-0.190604,0.0439075;-1.53262,1.25084,-1.58765
-0.480282,-0.186646,0.0457365;-1.56108,1.34746,-1.53935
-0.489936,-0.179388,0.0478604;-1.88402,1.44818,-1.2267
-0.55743,-0.194756,0.065071;0.322398,1.32158,2.84689
-0.566891,-0.194397,0.0645951;-0.00339637,1.32263,-3.10562
-0.555763,-0.187826,0.0517354;-0.848982,1.39753,-2.281
-0.533677,-0.187242,0.0429511;-1.52799,1.3715,-1.60132
-0.533286,-0.183802,0.0449464;-1.56245,1.46951,-1.54572
-0.542685,-0.178059,0.04686;-1.96284,1.5228,-1.13855
-0.61235,-0.175073,0.0702463;0.454995,1.32889,2.7066
-0.63206,-0.171627,0.0649678;0.0674002,1.30316,3.09593
-0.627285,-0.171798,0.0589631;0.0348039,1.37492,3.1174
-0.611844,-0.170129,0.0425137;-1.56624,1.39399,-1.56917
-0.610971,-0.171137,0.0438482;-1.44914,1.45447,-1.6756
-0.608724,-0.168737,0.0452666;-1.5668,1.48865,-1.53748
-0.621852,-0.159812,0.0511675;2.19425,1.52015,0.976288
-0.692106,-0.158199,0.0604806;0.599392,1.31015,2.53648
-0.690663,-0.154076,0.0596372;0.250156,1.36356,2.90123
-0.679784,-0.14813,0.0459898;-1.08211,1.47116,-2.04851
-0.671884,-0.149439,0.0424755;-1.57325,1.43449,-1.5634
-0.667831,-0.150791,0.0429351;-1.4568,1.55347,-1.67194
-0.666853,-0.146574,0.0451476;1.78074,1.49456,1.38235
-0.730556,-0.136654,0.0657174;1.09168,1.29159,2.02981
-0.746716,-0.134724,0.0583837;0.70332,1.36361,2.42588
-0.733033,-0.130702,0.0458574;-0.117986,1.52093,-3.02712
-0.728011,-0.132836,0.0424416;-1.57104,1.42912,-1.56697
-0.726354,-0.133533,0.0426287;-1.60504,1.55134,-1.52734
-0.724975,-0.128526,0.0434545;1.74559,1.47903,1.40248
-0.77285,-0.120825,0.0625636;1.28046,1.26298,1.82421
-0.788013,-0.113051,0.0598538;0.965638,1.3475,2.16877
-0.780046,-0.107217,0.0464183;0.550846,1.50643,2.59011
-0.775766,-0.107983,0.0425059;-1.57123,1.49234,-1.56467
-0.774238,-0.108671,0.0426037;1.50616,1.56258,1.64369
-0.771806,-0.105903,0.0433061;1.7877,1.48791,1.36367
-0.804092,-0.0960048,0.0613232;1.62453,1.26519,1.47708
-0.826235,-0.0906417,0.0615853;1.26048,1.29016,1.86502
-0.830663,-0.0852524,0.0543336;0.790563,1.3659,2.3486
-0.82145,-0.0829816,0.0426392;-0.926669,1.56379,-2.20931
-0.820319,-0.083139,0.0426842;-1.82767,1.56308,-1.30683
-0.817676,-0.0823738,0.0427924;1.6456,1.54558,1.50921
-0.828861,-0.0694665,0.0562806;1.84842,1.2886,1.2672
-0.853405,-0.071318,0.0616773;1.49197,1.2395,1.6057
-0.864512,-0.0634313,0.0608199;1.22724,1.32382,1.89906
-0.848102,-0.0618209,0.0472882;0.538341,1.50626,2.62231
-0.847979,-0.0606238,0.0433877;-0.625103,1.54567,-2.50947
-0.845066,-0.0605488,0.0429627;-1.22312,1.55508,-1.9081
-0.846938,-0.0505814,0.0512694;1.93307,1.34186,1.20657
-0.868778,-0.0473352,0.0607911;1.67018,1.2576,1.43248
-0.874004,-0.0437188,0.0670941;1.55338,1.30128,1.5639
-0.843487,-0.0402937,0.0491882;0.946424,1.43264,2.20925
-0.838478,-0.0400185,0.046692;0.89895,1.51776,2.27314
-0.84255,-0.0372378,0.0449142;-0.477647,1.53567,-2.65148
-0.831623,-0.0363983,0.0448335;1.75611,1.38727,1.38888
-0.844831,-0.0316136,0.0564024;1.60218,1.24265,1.51792
-0.865138,-0.0329864,0.0628405;1.31412,1.17035,1.78993
-0.844585,-0.0271422,0.0520708;0.949836,1.35121,2.18738
-0.835613,-0.0257431,0.049608;0.867055,1.42293,2.28501
-0.832942,-0.0259224,0.0509592;0.436083,1.43925,2.71341
-0.831765,-0.0318742,0.0499788;1.19079,1.35796,1.95827
-0.849333,-0.0316428,0.0538167;1.3798,1.23809,1.73558
-0.862987,-0.0352355,0.0604539;1.25404,1.14085,1.84742
-0.842251,-0.0276122,0.055513;0.953118,1.30087,2.19142
-0.827089,-0.0276684,0.052559;0.842558,1.39462,2.32193
-0.824208,-0.0265486,0.0522178;0.603638,1.42911,2.55976
-0.820615,-0.0316953,0.0540722;0.91209,1.35843,2.24149
-0.828839,-0.0332284,0.054928;1.32116,1.2555,1.80842
-0.849474,-0.0355777,0.0614551;1.33791,1.14413,1.76014
-0.846294,-0.0267341,0.0587511;0.868004,1.27687,2.27804
-0.830852,-0.0283682,0.0537336;0.893685,1.39844,2.2854
-0.813719,-0.034194,0.0515238;0.977397,1.4968,2.22981
-0.806109,-0.0374338,0.0545948;0.935021,1.42761,2.26844
-0.81914,-0.0360768,0.0548814;1.34067,1.32552,1.82483
-0.852197,-0.030172,0.0613029;1.18195,1.21322,1.94368
-0.857531,-0.0231052,0.0629978;1.12813,1.28864,2.00543
-0.843789,-0.0255118,0.0529264;0.920043,1.38124,2.24032
-0.824982,-0.0278882,0.048709;1.25932,1.49041,1.93408
-0.814798,-0.030496,0.0509211;-0.0865335,1.52955,-2.9908
-0.818035,-0.03143,0.0526318;0.773304,1.46185,2.41185
-0.848275,-0.0269287,0.0555784;1.02869,1.35306,2.11242
-0.870716,-0.0245881,0.0585266;1.00865,1.28955,2.11908
-0.86788,-0.0210557,0.0560317;0.663006,1.36427,2.48125
-0.856722,-0.0182674,0.0440712;0.787433,1.55156,2.37734
-0.846744,-0.0196377,0.0473874;-0.934423,1.50567,-2.17559
-0.844285,-0.0186536,0.0510686;0.00826544,1.4748,-3.12233
-0.856365,-0.0188227,0.0524195;0.773418,1.42079,2.38255
-0.87431,-0.0248919,0.0535704;1.11163,1.28313,1.99579
-0.873403,-0.0214163,0.0517927;1.24866,1.39341,1.86414
-0.861541,-0.0199171,0.0424256;1.47363,1.53913,1.66797
-0.863128,-0.0181033,0.0428397;-1.50265,1.42509,-1.6316
-0.85854,-0.0202683,0.044729;-1.32542,1.4726,-1.7936
-0.860953,-0.0215244,0.0489398;0.310153,1.49879,2.84355
-0.87994,-0.0242792,0.0514349;1.35661,1.36609,1.74564
-0.878865,-0.0207761,0.0528805;1.7731,1.4249,1.3334
-0.868099,-0.020011,0.0454185;2.44484,1.54234,0.693987
-0.869143,-0.0202776,0.0423967;-1.57091,1.38728,-1.56861
-0.867341,-0.0196992,0.0428238;-1.54573,1.42289,-1.58329
-0.86732,-0.0202143,0.0432985;-1.56371,1.52007,-1.56853
-0.86732,-0.0202143,0.0432985;-1.56371,1.52007,-1.56853
-0.885144,-0.0183284,0.0530347;1.11152,1.49147,2.01454
-0.885144,-0.0183284,0.0530347;1.11152,1.49147,2.01454
