-0.125,0.125,0.06;-1.57,-2.98023e-08,-1.57
-0.125,0.125,0.06;-1.57,-2.98023e-08,-1.57
-0.125,0.125,0.06;-1.57,-2.98023e-08,-1.57
-0.123698,0.132239,0.0425277;-1.57031,-0.200234,-1.56469
-0.124711,0.132423,0.04339;-1.57963,-0.108632,-1.55592
-0.128943,0.115668,0.0526351;-1.66668,0.0180407,-1.571
-0.129945,0.0625321,0.0620151;-1.35452,0.0789664,-1.55223
-0.139667,0.0798302,0.043947;-1.57509,-0.116148,-1.54745
-0.138532,0.0808649,0.0425571;-1.5704,-0.141642,-1.56397
-0.137993,0.0812616,0.0426636;-1.56795,-0.126169,-1.56266
-0.139007,0.0895805,0.0454911;-1.58012,-0.000992358,-1.53776
-0.146743,0.0765124,0.0553845;-1.66868,0.114153,-1.54765
-0.150677,0.0397492,0.0693704;-1.44596,0.183838,-1.5677
-0.154559,0.0137169,0.0585288;-1.39645,0.0468589,-1.54951
-0.15862,0.0213847,0.0485894;-1.51335,-0.0636532,-1.53977
-0.158851,0.02806,0.0438129;-1.57068,-0.113345,-1.55313
-0.15953,0.0338871,0.0447512;-1.57224,-0.024157,-1.53969
-0.162187,0.0201575,0.0520238;-1.59655,0.0920887,-1.54993
-0.161517,-0.00657743,0.0646831;-1.40331,0.208244,-1.57384
-0.16185,-0.0208071,0.0640657;-1.33943,0.198361,-1.56994
-0.166998,-0.0169895,0.0586171;-1.39993,0.0961273,-1.55344
-0.173503,-0.00418212,0.0445209;-1.57692,-0.0415833,-1.53675
-0.172608,-0.00052893,0.0437892;-1.56876,-0.0330299,-1.55272
-0.174883,0.000373166,0.0455875;-1.58518,0.0525688,-1.53915
-0.181185,-0.0187728,0.0578518;-1.59551,0.184715,-1.5518
-0.18309,-0.0467824,0.0614322;-1.36055,0.222483,-1.57675
-0.18878,-0.0480754,0.0562259;-1.42665,0.122697,-1.55716
-0.1907,-0.0335547,0.0425805;-1.56999,-0.00879502,-1.56365
-0.190002,-0.0325716,0.0428445;-1.56348,0.0163903,-1.56179
-0.18963,-0.0287314,0.0445034;-1.57142,0.0600038,-1.54296
-0.202148,-0.0576425,0.0638544;-1.5187,0.281462,-1.5709
-0.205405,-0.0891365,0.0650641;-1.30911,0.313285,-1.60381
-0.210403,-0.09142,0.0628281;-1.347,0.235739,-1.57909
-0.21823,-0.0747859,0.0441671;-1.57145,0.0368443,-1.54883
-0.216954,-0.0722955,0.0425918;-1.56968,0.0289176,-1.56366
-0.215444,-0.0711929,0.0436559;-1.56563,0.0866584,-1.55643
-0.224289,-0.0813165,0.0558431;-1.62671,0.270662,-1.54062
-0.229692,-0.110987,0.0671886;-1.40522,0.365058,-1.59952
-0.234716,-0.130561,0.0643892;-1.32158,0.331733,-1.60687
-0.245533,-0.114954,0.0449226;-1.56893,0.0961962,-1.5384
-0.243716,-0.111655,0.043144;-1.57083,0.0696964,-1.55873
-0.243095,-0.110614,0.0427587;-1.56627,0.0890911,-1.56203
-0.246754,-0.105278,0.0490715;-1.62881,0.266125,-1.52862
-0.257974,-0.128246,0.0638256;-1.57634,0.365208,-1.55934
-0.26626,-0.169086,0.066376;-1.31959,0.392302,-1.61754
-0.27834,-0.170799,0.0514278;-1.47291,0.179918,-1.56231
-0.279475,-0.163738,0.0440733;-1.57117,0.105606,-1.54981
-0.278774,-0.16246,0.0425488;-1.5698,0.0985163,-1.56411
-0.279727,-0.157319,0.0468326;-1.60032,0.278167,-1.53087
-0.290427,-0.176789,0.059311;-1.61093,0.391585,-1.54389
-0.298705,-0.214574,0.0679154;-1.35367,0.461051,-1.62247
-0.309976,-0.219517,0.0521792;-1.46712,0.244967,-1.57032
-0.310345,-0.211224,0.0439487;-1.57252,0.166986,-1.55004
-0.309951,-0.211002,0.0425606;-1.5699,0.145936,-1.56447
-0.311824,-0.208513,0.0467446;-1.60156,0.291928,-1.53168
-0.323307,-0.227561,0.0592679;-1.60831,0.407007,-1.54502
-0.334245,-0.262384,0.0678195;-1.34657,0.485012,-1.63207
-0.346555,-0.269878,0.054554;-1.43865,0.309922,-1.58377
-0.346952,-0.259119,0.0439504;-1.57438,0.204822,-1.54518
-0.345969,-0.257971,0.0425789;-1.57005,0.181785,-1.56381
-0.34759,-0.25861,0.0447729;-1.57486,0.317756,-1.53789
-0.355431,-0.274639,0.0536814;-1.57154,0.431749,-1.55358
-0.361835,-0.301922,0.0642782;-1.34071,0.537364,-1.65129
-0.369098,-0.308784,0.06088;-1.35014,0.463186,-1.63415
-0.369993,-0.298903,0.0529744;-1.45489,0.364457,-1.58349
-0.367934,-0.288638,0.044368;-1.5725,0.287022,-1.54602
-0.366594,-0.285993,0.0438423;-1.56986,0.30572,-1.55154
-0.369129,-0.28603,0.0461205;-1.59298,0.398451,-1.53179
-0.380775,-0.303722,0.059527;-1.56884,0.52973,-1.55789
-0.392607,-0.337303,0.0653197;-1.28222,0.589266,-1.6817
-0.396999,-0.333798,0.0611209;-1.34716,0.501782,-1.63905
-0.400164,-0.321533,0.0485961;-1.51192,0.373238,-1.56266
-0.397348,-0.31501,0.0427392;-1.5669,0.323673,-1.56273
-0.393994,-0.308984,0.0445602;-1.57175,0.400923,-1.54181
-0.401117,-0.310601,0.0503372;-1.65258,0.515323,-1.50675
-0.432809,-0.370785,0.0665386;-1.24861,0.650465,-1.71054
-0.439159,-0.376565,0.0655982;-1.27855,0.57308,-1.6765
-0.44532,-0.368902,0.0550738;-1.42005,0.452201,-1.61115
-0.443886,-0.357325,0.0425757;-1.56999,0.335603,-1.56403
-0.441105,-0.354437,0.0445899;-1.571,0.440522,-1.54248
-0.44752,-0.356895,0.0485139;-1.62707,0.554966,-1.51171
-0.482495,-0.412826,0.0662813;-1.2472,0.717565,-1.72783
-0.489596,-0.419678,0.0655482;-1.2722,0.641795,-1.69618
-0.493972,-0.410075,0.0551853;-1.41502,0.516942,-1.62129
-0.490881,-0.397004,0.0425697;-1.5701,0.399217,-1.56413
-0.488305,-0.394851,0.0445672;-1.57001,0.497368,-1.54347
-0.495147,-0.396931,0.048587;-1.63033,0.597408,-1.50812
-0.532839,-0.450502,0.0668225;-1.2427,0.770393,-1.74723
-0.539996,-0.457548,0.0657889;-1.2546,0.693103,-1.72147
-0.542418,-0.448025,0.0551004;-1.41041,0.585879,-1.63242
-0.538061,-0.436598,0.0425367;-1.57088,0.461223,-1.56408
-0.536205,-0.435493,0.0447225;-1.5711,0.555268,-1.54124
-0.544219,-0.440664,0.0466328;-1.60424,0.621592,-1.52071
-0.573599,-0.485783,0.0634744;-1.22823,0.819308,-1.78223
-0.580601,-0.489298,0.0619762;-1.28605,0.752327,-1.72694
-0.582304,-0.485403,0.0592562;-1.3323,0.714944,-1.69591
-0.574248,-0.467795,0.0441979;-1.57138,0.558681,-1.54895
-0.571418,-0.467205,0.0430685;-1.56587,0.606223,-1.56316
-0.56911,-0.463461,0.0447432;-1.57308,0.649324,-1.53903
-0.577934,-0.465026,0.0514138;-1.6786,0.767399,-1.47601
-0.619568,-0.512263,0.0642779;-1.21017,0.832889,-1.79427
-0.625971,-0.510806,0.0619057;-1.28943,0.742526,-1.72202
-0.628527,-0.500004,0.0490993;-1.49484,0.621372,-1.58616
-0.624256,-0.493494,0.0426436;-1.56826,0.56744,-1.56432
-0.619195,-0.489538,0.044293;-1.57055,0.649982,-1.54663
-0.622078,-0.485601,0.047802;-1.6287,0.746008,-1.50138
-0.669424,-0.530432,0.0687861;-1.24532,0.883131,-1.78291
-0.681514,-0.541773,0.0646495;-1.2255,0.794274,-1.77503
-0.684425,-0.532699,0.0529581;-1.41966,0.685228,-1.64414
-0.680308,-0.523811,0.0425809;-1.56921,0.59187,-1.56503
-0.67748,-0.522814,0.0439299;-1.57,0.682286,-1.55046
-0.680493,-0.520313,0.0471049;-1.61631,0.758958,-1.50872
-0.71368,-0.560257,0.0711851;-1.25632,0.971988,-1.79536
-0.722438,-0.569982,0.0638776;-1.19218,0.914791,-1.82648
-0.720535,-0.558829,0.0535437;-1.40142,0.803707,-1.66688
-0.713878,-0.549326,0.0425732;-1.56947,0.703412,-1.56494
-0.714737,-0.550098,0.0435714;-1.56541,0.756597,-1.56011
-0.71559,-0.54781,0.0452033;-1.5856,0.803596,-1.52948
-0.747095,-0.57672,0.0682625;-1.27918,1.0323,-1.79295
-0.756917,-0.584423,0.0640605;-1.14008,1.00917,-1.89147
-0.754409,-0.575307,0.0584291;-1.29279,0.928702,-1.75984
-0.741975,-0.558977,0.0433821;-1.57061,0.782027,-1.557
-0.741133,-0.558618,0.0427825;-1.56322,0.797554,-1.56707
-0.738015,-0.556476,0.044244;-1.57173,0.845906,-1.54512
-0.762372,-0.569541,0.06464;-1.52682,1.05912,-1.5971
-0.777078,-0.589346,0.0665936;-1.07873,1.13446,-1.97039
-0.782912,-0.588369,0.0629703;-1.11667,1.07224,-1.92714
-0.769456,-0.567389,0.0444666;-1.57424,0.899047,-1.54202
-0.766299,-0.567286,0.0425588;-1.57057,0.880329,-1.56382
-0.766138,-0.567874,0.0436262;-1.5635,0.927311,-1.56175
-0.77846,-0.567181,0.0545648;-1.69953,1.1056,-1.44051
-0.79649,-0.58645,0.0680054;-1.23374,1.21883,-1.86385
-0.806798,-0.592915,0.0638712;-0.921473,1.20132,-2.13338
-0.794437,-0.571949,0.0469842;-1.51933,1.03541,-1.58107
-0.788278,-0.569785,0.0437922;-1.57033,0.988941,-1.55382
-0.787267,-0.569705,0.0426938;-1.56522,0.997227,-1.56695
-0.784426,-0.563086,0.0487811;-1.70789,1.1698,-1.41756
-0.79937,-0.575018,0.0652615;-1.73445,1.27243,-1.40981
-0.820253,-0.593638,0.0715644;-0.831794,1.36145,-2.26176
-0.827196,-0.582596,0.0526584;-1.27589,1.1978,-1.82063
-0.819641,-0.577131,0.0441518;-1.5732,1.13371,-1.54636
-0.817079,-0.577367,0.0425853;-1.56819,1.12145,-1.56621
-0.815465,-0.573904,0.0470023;-1.68645,1.3052,-1.42761
-0.836686,-0.578564,0.0613219;-1.8131,1.41077,-1.31923
-0.861422,-0.594064,0.0694541;-0.0779957,1.4139,-3.02332
-0.867973,-0.582316,0.0524129;-1.11505,1.33018,-1.99159
-0.859003,-0.577519,0.0439056;-1.5768,1.26906,-1.54429
-0.857121,-0.578139,0.0425866;-1.56595,1.2598,-1.56874
-0.854872,-0.575919,0.0458384;-1.69496,1.4083,-1.4182
-0.872641,-0.57304,0.0586144;-2.55967,1.5099,-0.573462
-0.883839,-0.581753,0.0684159;0.897019,1.46874,2.26178
-0.880007,-0.576485,0.0592678;-0.623773,1.45983,-2.48292
-0.870798,-0.573084,0.0443367;-1.59332,1.40157,-1.52063
-0.869088,-0.574906,0.0425657;-1.56752,1.36683,-1.5673
-0.864657,-0.573538,0.0444042;-1.57928,1.42053,-1.53525
-0.873211,-0.569689,0.0505284;-2.62638,1.50274,-0.495218
-0.885652,-0.570122,0.0636521;1.23775,1.50347,1.91675
-0.883757,-0.56989,0.068308;0.597748,1.48795,2.56932
-0.878384,-0.564947,0.050317;-0.770614,1.46697,-2.33767
-0.873074,-0.564961,0.0445182;-1.576,1.42336,-1.54105
-0.869499,-0.565492,0.0434569;-1.54116,1.41813,-1.58562
-0.867245,-0.563099,0.0454041;-1.72227,1.48356,-1.39042
-0.882755,-0.559262,0.0575425;2.4999,1.49948,0.653302
-0.883166,-0.562282,0.0690763;1.13103,1.45389,2.03079
-0.88328,-0.55877,0.0617762;0.121864,1.47252,3.04954
-0.873621,-0.554869,0.0439678;-1.62919,1.46855,-1.48288
-0.872154,-0.556454,0.0426036;-1.56735,1.41803,-1.56577
-0.866887,-0.556092,0.0441619;-1.57074,1.46506,-1.54585
-0.870224,-0.552161,0.049421;2.91601,1.51011,0.24897
-0.881537,-0.554372,0.0676802;1.36089,1.40808,1.78991
-0.881364,-0.551633,0.068412;0.966212,1.45844,2.19161
-0.875915,-0.547217,0.0476599;-0.596467,1.50895,-2.52284
-0.871961,-0.547153,0.0424867;-1.57028,1.44256,-1.56633
-0.867533,-0.547223,0.0433371;-1.56943,1.49465,-1.55586
-0.865555,-0.544199,0.0473276;2.67727,1.51924,0.485966
-0.880539,-0.543618,0.0711578;1.57998,1.38086,1.55967
-0.88109,-0.540598,0.0721356;1.44419,1.43268,1.70373
-0.877462,-0.53597,0.048912;0.10604,1.49487,3.05272
-0.874378,-0.536393,0.0424558;-1.57103,1.4473,-1.56653
-0.872121,-0.53648,0.0430788;-1.53163,1.47315,-1.59606
-0.871188,-0.534129,0.0459941;-2.79482,1.54086,-0.325457
-0.871188,-0.534129,0.0459941;-2.79482,1.54086,-0.325457
-0.886162,-0.530121,0.0596643;2.15264,1.44427,0.992802
-0.886162,-0.530121,0.0596643;2.15264,1.44427,0.992802
