-0.125,0.125,0.06;-1.57,-2.98023e-08,-1.57
-0.125,0.125,0.06;-1.57,-2.98023e-08,-1.57
-0.125,0.125,0.06;-1.57,-2.98023e-08,-1.57
-0.124663,0.131715,0.0424288;-1.5704,-0.218347,-1.56798
-0.125281,0.131453,0.0430264;-1.57949,-0.121867,-1.56107
-0.128119,0.113707,0.0511054;-1.65544,0.00362704,-1.57797
-0.128272,0.0709199,0.0608146;-1.36524,0.060091,-1.55863
-0.137206,0.0920094,0.0431431;-1.57168,-0.122188,-1.55402
-0.137021,0.0919566,0.0425075;-1.57084,-0.14582,-1.56517
-0.136924,0.0914558,0.0424798;-1.56989,-0.134092,-1.56687
-0.136727,0.0957217,0.0436992;-1.57424,-0.0392958,-1.54877
-0.14332,0.0844596,0.0518345;-1.65271,0.0841134,-1.55954
-0.145659,0.0531627,0.0671457;-1.50278,0.16153,-1.57616
-0.155624,0.0310157,0.0597678;-1.38866,0.0283324,-1.53862
-0.158698,0.0348337,0.0553214;-1.43588,-0.0642206,-1.52453
-0.159773,0.040898,0.0453975;-1.56061,-0.133366,-1.5373
-0.158143,0.0447151,0.0456395;-1.56798,-0.0404601,-1.53058
-0.160938,0.0260508,0.0522357;-1.52381,0.0753412,-1.55
-0.158014,-0.00560209,0.0633858;-1.36233,0.196751,-1.57869
-0.159544,-0.0137809,0.0647711;-1.33485,0.191029,-1.56783
-0.163123,-0.012036,0.0630706;-1.34719,0.12111,-1.5541
-0.166785,-0.00697059,0.0529517;-1.46662,0.0280252,-1.53414
-0.164922,0.000626494,0.0454861;-1.5628,0.00965107,-1.53773
-0.165869,0.00285782,0.0461255;-1.57592,0.104926,-1.52702
-0.172466,-0.0212541,0.0576501;-1.49787,0.236924,-1.56375
-0.175848,-0.0499924,0.0620041;-1.34627,0.272069,-1.59577
-0.179772,-0.0478104,0.0604014;-1.37532,0.205451,-1.57067
-0.177842,-0.0342148,0.0445632;-1.5613,0.106198,-1.54739
-0.176576,-0.0324137,0.0427616;-1.56576,0.133908,-1.56271
-0.176184,-0.031126,0.0427037;-1.57134,0.164461,-1.55838
-0.186162,-0.0537714,0.0600233;-1.56467,0.384586,-1.57923
-0.188816,-0.0818607,0.0657442;-1.39817,0.438705,-1.62099
-0.197372,-0.0907194,0.0618648;-1.35212,0.360487,-1.60918
-0.201881,-0.0754,0.0459392;-1.56474,0.185359,-1.53248
-0.198475,-0.0707906,0.0434651;-1.56579,0.18699,-1.55461
-0.197374,-0.0701907,0.0445663;-1.56086,0.221556,-1.54967
-0.205964,-0.0813151,0.0532936;-1.59277,0.424505,-1.55043
-0.212884,-0.109517,0.06613;-1.43139,0.523131,-1.62116
-0.221662,-0.128641,0.063469;-1.33151,0.494875,-1.63812
-0.228086,-0.114451,0.0487114;-1.5225,0.296343,-1.54545
-0.225999,-0.110324,0.0443947;-1.56551,0.255224,-1.54884
-0.225062,-0.109088,0.0426698;-1.56859,0.269988,-1.56271
-0.226471,-0.106506,0.045183;-1.61175,0.431771,-1.55302
-0.233143,-0.116512,0.0563696;-1.68123,0.575264,-1.54981
-0.235636,-0.136016,0.064206;-1.61059,0.632994,-1.59065
-0.248603,-0.139269,0.0490728;-1.50004,0.401242,-1.57209
-0.250194,-0.135754,0.0449998;-1.56396,0.300343,-1.54212
-0.249509,-0.134567,0.0457755;-1.55428,0.296418,-1.54199
-0.244803,-0.133751,0.045703;-1.58495,0.491741,-1.52996
-0.256618,-0.156179,0.0570144;-1.50596,0.618539,-1.58472
-0.264042,-0.183673,0.0673966;-1.39936,0.702228,-1.65273
-0.269565,-0.180186,0.0501929;-1.49284,0.500968,-1.57394
-0.267403,-0.173536,0.04431;-1.57224,0.424255,-1.54597
-0.267594,-0.174458,0.0425141;-1.57079,0.388069,-1.56491
-0.268787,-0.174922,0.0455741;-1.58655,0.520455,-1.53252
-0.279145,-0.195799,0.0568073;-1.52444,0.646758,-1.57949
-0.28824,-0.222371,0.0673658;-1.38747,0.736162,-1.66231
-0.301976,-0.221583,0.060329;-1.36899,0.56783,-1.62266
-0.299011,-0.215981,0.0552492;-1.45657,0.520158,-1.56525
-0.287453,-0.209376,0.0486457;-1.54654,0.50419,-1.52998
-0.291252,-0.215043,0.0476702;-1.56498,0.629017,-1.5198
-0.305314,-0.231752,0.0559322;-1.44222,0.73971,-1.61946
-0.319299,-0.255268,0.0647232;-1.26412,0.831166,-1.75068
-0.328891,-0.258289,0.0647738;-1.2706,0.763298,-1.7178
-0.326857,-0.252651,0.0626994;-1.31163,0.693484,-1.67317
-0.319366,-0.247365,0.0551808;-1.46312,0.667745,-1.5676
-0.310004,-0.24426,0.0475518;-1.56732,0.698385,-1.51942
-0.314704,-0.244704,0.0486075;-1.57494,0.781917,-1.51399
-0.335433,-0.261847,0.0614398;-1.38889,0.90419,-1.6745
-0.360244,-0.285191,0.0665444;-1.15836,0.943563,-1.84697
-0.360071,-0.280532,0.0643964;-1.22621,0.875164,-1.7828
-0.355444,-0.272246,0.0552005;-1.40051,0.810151,-1.64492
-0.33959,-0.26297,0.0440282;-1.56906,0.788812,-1.55071
-0.337648,-0.260262,0.0454478;-1.57372,0.846032,-1.53236
-0.344956,-0.260574,0.0490869;-1.67904,0.960003,-1.46442
-0.381863,-0.299197,0.0661119;-1.35625,1.13345,-1.77234
-0.392773,-0.304162,0.0606472;-1.3311,1.03432,-1.76891
-0.391523,-0.290125,0.0460499;-1.50188,0.895136,-1.62216
-0.387733,-0.285896,0.0425694;-1.57094,0.729706,-1.56295
-0.383919,-0.284449,0.0435414;-1.57171,0.819897,-1.55225
-0.38416,-0.280121,0.0456696;-1.63711,0.936908,-1.51175
-0.399171,-0.30544,0.0614772;-1.71666,1.16968,-1.5103
-0.406371,-0.311448,0.0582073;-1.60883,1.06566,-1.57507
-0.408096,-0.301641,0.0441634;-1.5321,0.917544,-1.59626
-0.409417,-0.304367,0.0425409;-1.57084,0.734638,-1.56392
-0.40649,-0.303579,0.0432998;-1.5707,0.810507,-1.5551
-0.408493,-0.301011,0.0451663;-1.62834,0.907336,-1.52247
-0.429649,-0.332362,0.0658411;-1.41172,1.14859,-1.72537
-0.439642,-0.338817,0.064585;-1.4041,1.05305,-1.70777
-0.438722,-0.329205,0.0502457;-1.45522,0.920865,-1.63635
-0.435779,-0.323553,0.042544;-1.57093,0.78319,-1.56385
-0.432794,-0.322612,0.0440025;-1.57215,0.87118,-1.54719
-0.436294,-0.321755,0.0451476;-1.60938,0.927688,-1.52047
-0.452363,-0.348315,0.0629421;-1.473,1.17619,-1.6805
-0.462942,-0.348792,0.0640974;-1.37226,1.09259,-1.72188
-0.466304,-0.346225,0.0565414;-1.3033,1.045,-1.76749
-0.459022,-0.334553,0.0443348;-1.5722,0.869559,-1.54738
-0.457311,-0.334808,0.0433975;-1.56244,0.903979,-1.56379
-0.453451,-0.331491,0.0448112;-1.57667,0.959967,-1.5356
-0.457833,-0.330538,0.0495248;-1.73008,1.08914,-1.42237
-0.492373,-0.358299,0.0677329;-1.26207,1.20923,-1.83548
-0.502672,-0.358648,0.0603537;-1.25446,1.09104,-1.81977
-0.499283,-0.346806,0.0455862;-1.53288,0.960266,-1.57583
-0.497208,-0.345769,0.0426783;-1.56561,0.9095,-1.56593
-0.490923,-0.343292,0.0443622;-1.57299,0.99048,-1.54449
-0.490081,-0.338029,0.0466183;-1.65542,1.10379,-1.47783
-0.531115,-0.361097,0.0693519;-1.25282,1.28553,-1.86553
-0.547555,-0.368038,0.0632706;-1.17385,1.18259,-1.91079
-0.544118,-0.358083,0.0494115;-1.43159,1.07001,-1.67085
-0.539357,-0.353217,0.0425536;-1.57034,0.962951,-1.56423
-0.537456,-0.353432,0.0438662;-1.57021,1.04851,-1.55186
-0.537157,-0.350324,0.0450014;-1.63306,1.13298,-1.50166
-0.565466,-0.370591,0.0667859;-1.29254,1.36538,-1.84785
-0.580554,-0.373139,0.0663357;-1.11861,1.25694,-1.96538
-0.578679,-0.363611,0.0521578;-1.35909,1.14262,-1.72752
-0.570148,-0.355918,0.0425564;-1.57098,1.02292,-1.56335
-0.57155,-0.356438,0.0436257;-1.56724,1.0692,-1.55836
-0.57153,-0.354432,0.0443204;-1.59353,1.12303,-1.52875
-0.593641,-0.37318,0.0642798;-1.36003,1.38428,-1.79039
-0.607063,-0.376392,0.0656426;-1.06734,1.33911,-2.03391
-0.611561,-0.371151,0.0589509;-1.07951,1.22245,-1.9902
-0.595385,-0.358867,0.0447692;-1.5682,1.09138,-1.54646
-0.593999,-0.357758,0.0426691;-1.56601,1.10237,-1.56639
-0.591846,-0.356854,0.043981;-1.5734,1.13408,-1.54586
-0.60971,-0.364265,0.0594381;-1.67585,1.38134,-1.47664
-0.626814,-0.380298,0.0670523;-0.811747,1.43366,-2.31235
-0.639028,-0.3781,0.0644047;-0.775905,1.32259,-2.30111
-0.626204,-0.362219,0.0454722;-1.57701,1.17834,-1.52926
-0.622571,-0.361901,0.0425977;-1.57053,1.15329,-1.56265
-0.623032,-0.361958,0.0436185;-1.56363,1.19322,-1.56214
-0.631767,-0.360488,0.0531731;-1.89728,1.37829,-1.24143
-0.652235,-0.37071,0.0665067;-0.831342,1.47766,-2.29927
-0.673663,-0.376907,0.0663714;-0.440706,1.39627,-2.65183
-0.671586,-0.363006,0.0503442;-1.38043,1.25801,-1.70712
-0.661387,-0.360511,0.0455672;-1.56384,1.20657,-1.54404
-0.658541,-0.35989,0.0426909;-1.56378,1.21927,-1.56827
-0.654488,-0.355491,0.0476793;-1.87986,1.3958,-1.25274
-0.670427,-0.357017,0.0598333;-2.36534,1.50954,-0.783367
-0.702045,-0.36942,0.0694477;0.137737,1.47318,3.01751
-0.716228,-0.361877,0.0573257;-0.868809,1.34171,-2.21169
-0.707259,-0.35826,0.046859;-1.56802,1.31494,-1.5234
-0.698323,-0.360005,0.0441728;-1.55176,1.3114,-1.56714
-0.693454,-0.356517,0.044897;-1.75848,1.43619,-1.3729
-0.70436,-0.356293,0.0556819;3.07074,1.47304,0.0544606
-0.728694,-0.365269,0.066961;0.958787,1.46185,2.17752
-0.746135,-0.356152,0.0584509;-0.645432,1.3755,-2.43565
-0.73723,-0.352387,0.0503462;-1.41289,1.35149,-1.66339
-0.729505,-0.355866,0.0465416;-1.49994,1.33828,-1.60204
-0.730093,-0.35454,0.0443264;-1.73641,1.45121,-1.39104
-0.745073,-0.354432,0.0562429;2.80353,1.51132,0.337006
-0.768007,-0.362043,0.0670384;0.922577,1.40768,2.22499
-0.787019,-0.351681,0.0614115;-0.113564,1.38507,-2.96985
-0.778383,-0.344005,0.0566586;-0.738844,1.40715,-2.3298
-0.764823,-0.343346,0.0541673;-1.23421,1.41205,-1.81743
-0.751493,-0.356148,0.0497736;1.7166,1.52471,1.5036
-0.769427,-0.355522,0.0537776;1.67292,1.39768,1.50366
-0.800726,-0.354197,0.0645718;1.12341,1.26495,2.03344
-0.828102,-0.346357,0.0651623;0.801052,1.24834,2.37711
-0.818224,-0.338735,0.0610188;0.654758,1.34795,2.54103
-0.802916,-0.33678,0.0574773;0.559333,1.45417,2.6623
-0.784556,-0.347797,0.0583069;0.801,1.4562,2.43942
-0.784162,-0.348388,0.0579624;1.19308,1.32498,2.01496
-0.806967,-0.344792,0.0642231;1.22005,1.18514,1.94763
-0.845549,-0.336623,0.0648888;1.10785,1.097,2.03734
-0.831898,-0.33403,0.0594962;1.08071,1.20928,2.07835
-0.811409,-0.336314,0.0505351;1.31096,1.36065,1.87501
-0.787526,-0.345317,0.0501123;1.29752,1.48216,1.90613
-0.781255,-0.348262,0.0487626;1.56297,1.41739,1.64739
-0.792171,-0.34602,0.0512596;1.77625,1.2788,1.40522
-0.849274,-0.340078,0.0659406;1.24171,1.10974,1.8873
-0.844633,-0.331655,0.0654763;1.28288,1.22737,1.86166
-0.816874,-0.325702,0.0483967;1.38209,1.37074,1.78523
-0.800214,-0.328485,0.0463465;1.44592,1.49584,1.73287
-0.795704,-0.330893,0.0477343;1.51516,1.43381,1.68232
-0.800481,-0.330993,0.0481422;1.76195,1.31717,1.41448
-0.846158,-0.328161,0.0628106;1.58478,1.14335,1.50723
-0.850636,-0.323457,0.0604854;1.55586,1.23579,1.56505
-0.826886,-0.313311,0.046003;1.87454,1.36585,1.27206
-0.82438,-0.305433,0.0423483;-1.5754,1.52997,-1.56539
-0.823526,-0.305757,0.042731;-1.4191,1.55358,-1.71232
-0.822385,-0.302911,0.044535;1.88641,1.48345,1.2648
-0.822385,-0.302911,0.044535;1.88641,1.48345,1.2648
-0.8347,-0.298016,0.0554317;2.04233,1.31665,1.0824
-0.8347,-0.298016,0.0554317;2.04233,1.31665,1.0824
