-0.125,0.125,0.06;-1.57,-2.98023e-08,-1.57
-0.125,0.125,0.06;-1.57,-2.98023e-08,-1.57
-0.125,0.125,0.06;-1.57,-2.98023e-08,-1.57
-0.12361,0.130145,0.0422531;-1.56741,-0.238224,-1.57008
-0.12395,0.127913,0.0424783;-1.57025,-0.17474,-1.57595
-0.127464,0.115323,0.0455152;-1.5777,-0.0774886,-1.59224
-0.132054,0.0793365,0.0577323;-1.40224,-0.060331,-1.582
-0.136917,0.104405,0.0421802;-1.56897,-0.221986,-1.57025
-0.136984,0.104348,0.0424635;-1.56636,-0.240626,-1.56996
-0.136826,0.104239,0.0423305;-1.57065,-0.224121,-1.57096
-0.136395,0.101625,0.042409;-1.57173,-0.113121,-1.57254
-0.141694,0.0876918,0.0462934;-1.60415,-0.0221316,-1.58657
-0.146861,0.0513453,0.0627911;-1.50303,0.0604157,-1.60161
-0.148884,0.0269094,0.0539373;-1.44127,0.019086,-1.58974
-0.150362,0.0421561,0.0428191;-1.55916,-0.0407492,-1.57403
-0.148624,0.0496566,0.042381;-1.56921,-0.161236,-1.57179
-0.147995,0.0489179,0.0423318;-1.57065,-0.112712,-1.57085
-0.150276,0.0409749,0.0440851;-1.58387,-0.024211,-1.58333
-0.155097,0.00886122,0.0572433;-1.46266,0.0663991,-1.60765
-0.160928,-0.011794,0.060362;-1.3872,0.0307519,-1.60228
-0.161211,-0.00627318,0.0549068;-1.43388,-0.0119659,-1.58816
-0.162574,0.0103925,0.042714;-1.58033,-0.0862782,-1.57666
-0.161424,0.0143792,0.0423981;-1.57079,-0.183169,-1.57292
-0.161007,0.0125949,0.0423637;-1.57095,-0.114702,-1.57175
-0.163802,-0.00170755,0.0464039;-1.56876,-0.0175967,-1.58897
-0.169144,-0.0342695,0.0571265;-1.41992,0.00615276,-1.59684
-0.171401,-0.0371568,0.0530497;-1.45253,-0.0287303,-1.58315
-0.171924,-0.0222227,0.0424324;-1.5711,-0.192423,-1.57434
-0.172072,-0.0221536,0.0424969;-1.57069,-0.199066,-1.57605
-0.171468,-0.0224997,0.042333;-1.5706,-0.146832,-1.57093
-0.178945,-0.0573507,0.0527255;-1.51682,0.0473036,-1.598
-0.185275,-0.0891551,0.0654798;-1.40438,0.040558,-1.60797
-0.186394,-0.0977678,0.0590426;-1.38676,0.00387702,-1.59546
-0.184281,-0.07778,0.0424951;-1.5709,-0.0957289,-1.57687
-0.185684,-0.0740337,0.0425123;-1.57087,-0.186382,-1.57667
-0.185076,-0.0753226,0.0424405;-1.57073,-0.164209,-1.57434
-0.19047,-0.0914023,0.0446972;-1.57659,0.00712955,-1.58406
-0.196493,-0.126081,0.0603268;-1.46266,0.0713114,-1.60876
-0.20243,-0.147867,0.0625017;-1.37634,0.018726,-1.60827
-0.201518,-0.131104,0.0425107;-1.57424,-0.0443738,-1.5785
-0.20089,-0.125933,0.0423961;-1.57068,-0.146461,-1.57321
-0.20142,-0.124408,0.0425136;-1.57069,-0.1894,-1.57655
-0.204493,-0.132502,0.0427225;-1.57884,-0.0256243,-1.5756
-0.209524,-0.163188,0.0512275;-1.52308,0.0669279,-1.59599
-0.215492,-0.196991,0.0664846;-1.41093,0.0685015,-1.61223
-0.216961,-0.196245,0.0459827;-1.5387,-0.00023216,-1.58875
-0.214738,-0.187356,0.0424638;-1.57074,-0.0851091,-1.57635
-0.215653,-0.183916,0.0424689;-1.57094,-0.184473,-1.57526
-0.217971,-0.191117,0.043043;-1.5877,-0.0676746,-1.57953
-0.22488,-0.213775,0.0489454;-1.58571,0.0284067,-1.59569
-0.233597,-0.252956,0.0641934;-1.44073,0.0828745,-1.61524
-0.237342,-0.264029,0.047014;-1.53236,0.00888085,-1.59362
-0.236695,-0.256146,0.0425962;-1.57065,-0.0658167,-1.57929
-0.238127,-0.252409,0.042433;-1.57072,-0.170791,-1.57412
-0.240936,-0.260387,0.0428995;-1.57761,-0.0458725,-1.58254
-0.24619,-0.28273,0.0474157;-1.55396,0.0489084,-1.59728
-0.251735,-0.313977,0.0644528;-1.45114,0.0959587,-1.61935
-0.254442,-0.325362,0.051416;-1.47214,0.008451,-1.58816
-0.255549,-0.311035,0.0426713;-1.58138,-0.0588414,-1.57872
-0.256006,-0.307024,0.0423762;-1.57083,-0.16567,-1.57231
-0.255755,-0.308152,0.0423313;-1.57063,-0.132774,-1.57098
-0.257678,-0.317391,0.0448638;-1.57408,-0.0487616,-1.58598
-0.261448,-0.349047,0.059316;-1.45792,0.0324095,-1.60535
-0.264425,-0.366184,0.0567247;-1.41186,-0.0176638,-1.58806
-0.267511,-0.354006,0.0487214;-1.50288,-0.0722984,-1.58051
-0.26885,-0.346733,0.0423953;-1.57403,-0.109567,-1.57146
-0.268836,-0.346989,0.0423301;-1.5707,-0.103801,-1.57093
-0.26941,-0.349169,0.0423737;-1.57119,-0.0313092,-1.57307
-0.274142,-0.365033,0.047967;-1.55274,0.0685265,-1.59261
-0.284638,-0.406086,0.0632834;-1.38791,0.0864128,-1.61515
-0.283055,-0.403979,0.0563811;-1.41142,0.0576555,-1.59811
-0.28344,-0.389688,0.0427212;-1.56824,0.0168425,-1.5808
-0.282254,-0.380201,0.0425123;-1.57039,-0.150015,-1.57649
-0.281356,-0.381072,0.0423321;-1.57205,-0.0948189,-1.57096
-0.287115,-0.389992,0.0428775;-1.57594,0.0114429,-1.57708
-0.30151,-0.449923,0.0695225;-1.41509,0.106762,-1.62041
-0.304505,-0.462013,0.0616788;-1.37145,0.0334011,-1.61817
-0.303773,-0.452972,0.049915;-1.50229,0.0209274,-1.59907
-0.302594,-0.436648,0.0424225;-1.57133,-0.166415,-1.57486
-0.302882,-0.438082,0.0426656;-1.57294,-0.145271,-1.57949
-0.306732,-0.448069,0.0442215;-1.58195,-0.0608682,-1.5895
-0.316601,-0.504081,0.0667919;-1.41831,0.0750093,-1.61556
-0.318011,-0.516847,0.0612457;-1.383,-0.000245661,-1.6155
-0.318202,-0.509724,0.0503316;-1.50378,-0.0126374,-1.6008
-0.320468,-0.492312,0.042495;-1.57074,-0.200234,-1.57605
-0.320621,-0.492952,0.0429143;-1.57606,-0.195422,-1.58523
-0.322656,-0.502489,0.0437049;-1.57185,-0.127471,-1.58857
-0.323719,-0.548946,0.0645481;-1.41116,0.0251524,-1.60519
-0.324767,-0.562315,0.0590513;-1.39402,-0.0448414,-1.59446
-0.326878,-0.555266,0.0512877;-1.47647,-0.0740039,-1.582
-0.330257,-0.537571,0.0423365;-1.57095,-0.234276,-1.57115
-0.330493,-0.539091,0.0425725;-1.57233,-0.21102,-1.57722
-0.331508,-0.541384,0.0428242;-1.57528,-0.180155,-1.58287
-0.336082,-0.586907,0.0600295;-1.39666,-0.0276565,-1.58732
-0.336878,-0.600717,0.0585144;-1.37946,-0.0888483,-1.56916
-0.336254,-0.595527,0.055355;-1.42883,-0.0996866,-1.57662
-0.340687,-0.573851,0.0423637;-1.56998,-0.250204,-1.57266
-0.34097,-0.57258,0.0424618;-1.5666,-0.286956,-1.56986
-0.340758,-0.572236,0.042327;-1.5707,-0.243311,-1.57075
-0.342883,-0.579028,0.0435936;-1.58571,-0.16078,-1.58151
-0.343673,-0.640187,0.0619988;-1.3459,-0.0771997,-1.56987
-0.347829,-0.638114,0.0573419;-1.40322,-0.145655,-1.5662
-0.353091,-0.616388,0.0425843;-1.58304,-0.236218,-1.57358
-0.35228,-0.614628,0.042337;-1.57027,-0.270845,-1.57093
-0.350835,-0.615674,0.0423931;-1.57079,-0.195068,-1.56878
-0.351269,-0.617536,0.042436;-1.57142,-0.13869,-1.57377
-0.350158,-0.671239,0.0630795;-1.36052,-0.012522,-1.58949
-0.353012,-0.680519,0.0594284;-1.38493,-0.089594,-1.58154
-0.359708,-0.659771,0.0430279;-1.56024,-0.178901,-1.57543
-0.359084,-0.653602,0.0423287;-1.57074,-0.257226,-1.57079
-0.357465,-0.655905,0.0423542;-1.57091,-0.168912,-1.56969
-0.35785,-0.657772,0.0424976;-1.57077,-0.108599,-1.57591
-0.358946,-0.706844,0.0621181;-1.37574,0.022656,-1.59829
-0.362466,-0.717821,0.0594785;-1.37947,-0.0637265,-1.58218
-0.368558,-0.698363,0.0449142;-1.53662,-0.152674,-1.57157
-0.36816,-0.691727,0.04233;-1.57077,-0.230638,-1.57082
-0.366633,-0.693551,0.0423295;-1.5708,-0.161033,-1.5708
-0.366744,-0.694239,0.0423397;-1.57067,-0.112115,-1.57113
-0.369518,-0.736607,0.0603073;-1.39992,0.0293714,-1.60211
-0.373415,-0.756099,0.0613663;-1.34881,-0.0130403,-1.58628
-0.377396,-0.743036,0.0535655;-1.44405,-0.0878247,-1.57728
-0.379692,-0.724159,0.042455;-1.56675,-0.198388,-1.5702
-0.379193,-0.724429,0.0423475;-1.57016,-0.175582,-1.57079
-0.378066,-0.723975,0.0423286;-1.57096,-0.120507,-1.57007
-0.38499,-0.750624,0.052012;-1.53987,0.034173,-1.59603
-0.388545,-0.789566,0.0629858;-1.35142,0.0670083,-1.60747
-0.393374,-0.798959,0.0599979;-1.37087,0.0119779,-1.59485
-0.395156,-0.770338,0.0423144;-1.56998,-0.142042,-1.57045
-0.395114,-0.770173,0.0423487;-1.57013,-0.147779,-1.57079
-0.39368,-0.772557,0.0423594;-1.57036,-0.0766873,-1.57171
-0.398851,-0.780044,0.0446858;-1.59666,0.0586727,-1.57838
-0.408919,-0.81276,0.0600344;-1.48519,0.141508,-1.61361
-0.419857,-0.845652,0.0611286;-1.36061,0.12332,-1.61984
-0.422337,-0.821966,0.0420303;-1.57284,-0.014931,-1.57135
-0.422104,-0.820396,0.0425201;-1.56667,-0.0814428,-1.57273
-0.42201,-0.817916,0.0424287;-1.57073,-0.162608,-1.57385
-0.426687,-0.821883,0.0434751;-1.592,-0.0770686,-1.57607
-0.435138,-0.847578,0.0530454;-1.59766,0.026891,-1.59779
-0.439714,-0.85267,0.0690518;-1.51502,0.0424883,-1.60879
-0.426252,-0.8357,0.0422842;-1.57287,-0.136239,-1.57171
-0.426633,-0.832966,0.0424162;-1.57068,-0.196395,-1.57396
-0.426079,-0.83165,0.0426782;-1.57218,-0.229373,-1.58067
-0.429435,-0.834938,0.0428275;-1.57839,-0.124333,-1.58008
-0.433707,-0.847198,0.0489383;-1.62133,-0.0733251,-1.59405
-0.43312,-0.841193,0.0677305;-1.67666,0.0126943,-1.6166
-0.427745,-0.835762,0.0423846;-1.57142,-0.177451,-1.57306
-0.426252,-0.828927,0.0423821;-1.57088,-0.287173,-1.57259
-0.428531,-0.826112,0.04248;-1.57071,-0.387627,-1.57544
-0.428057,-0.828822,0.0424972;-1.57267,-0.275976,-1.57473
-0.429535,-0.843366,0.0482027;-1.61221,-0.19887,-1.59677
-0.418508,-0.86251,0.0655867;-1.53565,-0.0925269,-1.60718
-0.420341,-0.864875,0.0485031;-1.50269,-0.15974,-1.57205
-0.420566,-0.854294,0.0422297;-1.56999,-0.260837,-1.56967
-0.420701,-0.853956,0.0425124;-1.56666,-0.288615,-1.57153
-0.421588,-0.854197,0.0423172;-1.57029,-0.231313,-1.57084
-0.424553,-0.860076,0.0433518;-1.58733,-0.140307,-1.57922
-0.421629,-0.880203,0.056177;-1.51244,-0.0444823,-1.59806
-0.42049,-0.879845,0.0586948;-1.45301,-0.0509293,-1.58396
-0.425248,-0.865109,0.0419869;-1.58279,-0.145974,-1.57021
-0.424831,-0.863139,0.0423164;-1.57098,-0.193636,-1.57052
-0.42534,-0.862267,0.0423749;-1.56906,-0.226392,-1.57001
-0.425798,-0.863589,0.0423361;-1.57073,-0.161132,-1.57172
-0.427143,-0.876415,0.046672;-1.56082,-0.0840882,-1.58936
-0.419582,-0.882797,0.0629843;-1.44093,0.000865072,-1.59045
-0.4239,-0.87719,0.0513303;-1.46954,-0.0772348,-1.57705
-0.425105,-0.866754,0.0420985;-1.56628,-0.155011,-1.56802
-0.425242,-0.864694,0.0423671;-1.57084,-0.23797,-1.5719
-0.425218,-0.86407,0.0423282;-1.57077,-0.217731,-1.57086
-0.4259,-0.869609,0.0433608;-1.56601,-0.132268,-1.57912
-0.416433,-0.882047,0.0614961;-1.40025,0.0273385,-1.58718
-0.422054,-0.879762,0.0569758;-1.42997,-0.0476108,-1.58599
-0.427558,-0.864883,0.0420404;-1.58153,-0.127635,-1.57368
-0.426389,-0.861728,0.0423748;-1.57078,-0.225544,-1.57214
-0.426642,-0.861807,0.0423519;-1.57084,-0.199457,-1.57003
-0.427141,-0.865647,0.0427588;-1.57443,-0.12573,-1.58125
-0.4149,-0.881999,0.0599692;-1.41748,0.0430982,-1.59319
-0.419949,-0.88186,0.0571417;-1.44609,-0.0235971,-1.59293
-0.426617,-0.871345,0.0437328;-1.56003,-0.104447,-1.58199
-0.424947,-0.866774,0.0423409;-1.56994,-0.23011,-1.57206
-0.425183,-0.866713,0.0423293;-1.57039,-0.223104,-1.57034
-0.425769,-0.869952,0.0426745;-1.57343,-0.153981,-1.57966
-0.425769,-0.869952,0.0426745;-1.57343,-0.153981,-1.57966
-0.420967,-0.880335,0.0497685;-1.51435,-0.0667807,-1.59409
-0.420967,-0.880335,0.0497685;-1.51435,-0.0667807,-1.59409
