-0.125,0.125,0.06;-1.57,-2.98023e-08,-1.57
-0.125,0.125,0.06;-1.57,-2.98023e-08,-1.57
-0.125,0.125,0.06;-1.57,-2.98023e-08,-1.57
-0.125061,0.129033,0.0425975;-1.56997,-0.195912,-1.56299
-0.125646,0.12979,0.0434748;-1.5765,-0.113895,-1.5535
-0.129458,0.113071,0.0534639;-1.62373,0.01659,-1.56745
-0.129219,0.0724195,0.0631144;-1.35272,0.0925868,-1.54585
-0.13547,0.079858,0.0454717;-1.57349,-0.0425042,-1.53299
-0.134895,0.0815106,0.0433326;-1.57189,-0.0810251,-1.55581
-0.135067,0.0810816,0.0425664;-1.57084,-0.0834304,-1.56311
-0.136298,0.0875527,0.0464201;-1.57794,0.0457358,-1.52609
-0.146547,0.0690004,0.0572859;-1.58632,0.164682,-1.54157
-0.152385,0.0315387,0.0670922;-1.36877,0.259861,-1.56951
-0.157486,0.0179604,0.0601992;-1.39098,0.149709,-1.55175
-0.16,0.0236659,0.0514617;-1.49347,0.0567236,-1.53579
-0.16002,0.0290122,0.04539;-1.56872,0.00642307,-1.5389
-0.160178,0.0346473,0.0464123;-1.56863,0.0498207,-1.52452
-0.164879,0.0276751,0.0539482;-1.58731,0.159797,-1.53745
-0.173912,0.000266292,0.0697276;-1.4516,0.2764,-1.57609
-0.176144,-0.0272205,0.0653515;-1.32691,0.280153,-1.58553
-0.179586,-0.0261472,0.0599288;-1.39413,0.203929,-1.56233
-0.183401,-0.0213686,0.048158;-1.5422,0.130694,-1.53125
-0.182222,-0.0171463,0.0457814;-1.56762,0.113858,-1.53543
-0.185046,-0.0163492,0.0469784;-1.58355,0.201234,-1.52405
-0.194644,-0.0320551,0.0594271;-1.53739,0.31132,-1.55541
-0.202899,-0.0596676,0.0641147;-1.3554,0.350948,-1.60309
-0.204983,-0.0664223,0.0580483;-1.40518,0.294926,-1.57984
-0.205866,-0.0578356,0.0435883;-1.57197,0.200598,-1.55339
-0.205412,-0.0572127,0.0436827;-1.5668,0.203151,-1.55453
-0.204419,-0.054097,0.0460261;-1.5706,0.24978,-1.52862
-0.227135,-0.0808405,0.0669434;-1.50148,0.46511,-1.58056
-0.238772,-0.111639,0.0680306;-1.32387,0.500536,-1.64527
-0.242174,-0.123982,0.0631997;-1.32968,0.461647,-1.6333
-0.244163,-0.11318,0.0455222;-1.5715,0.34351,-1.53591
-0.242814,-0.111229,0.0426591;-1.57197,0.316188,-1.56082
-0.241109,-0.109311,0.0456535;-1.56018,0.34235,-1.54386
-0.251652,-0.110218,0.0568536;-1.62617,0.499178,-1.51648
-0.27373,-0.135926,0.0723183;-1.4537,0.595405,-1.61642
-0.28791,-0.157681,0.0678829;-1.33528,0.577224,-1.65739
-0.289762,-0.157691,0.0483652;-1.53265,0.476516,-1.54666
-0.287476,-0.153327,0.0445726;-1.57259,0.449806,-1.5447
-0.286913,-0.152773,0.0431733;-1.57016,0.438681,-1.55734
-0.288257,-0.146766,0.0491585;-1.61863,0.571097,-1.50414
-0.306832,-0.160643,0.0660479;-1.53883,0.684709,-1.57199
-0.328011,-0.184837,0.0726875;-1.36466,0.708606,-1.67605
-0.336812,-0.200926,0.0533751;-1.44863,0.611579,-1.6053
-0.335216,-0.19554,0.0451594;-1.57242,0.571326,-1.53868
-0.334677,-0.194865,0.04265;-1.57251,0.54311,-1.56062
-0.331461,-0.188196,0.0463604;-1.57699,0.669609,-1.52624
-0.344588,-0.194034,0.0611136;-1.52559,0.75476,-1.5769
-0.364191,-0.205497,0.0741075;-1.43008,0.779452,-1.64894
-0.374396,-0.21154,0.0495874;-1.48448,0.657087,-1.58965
-0.37131,-0.210972,0.0451775;-1.57311,0.638605,-1.53782
-0.370337,-0.210375,0.0425899;-1.57173,0.608782,-1.56248
-0.368174,-0.207292,0.0459856;-1.57729,0.731875,-1.52755
-0.378124,-0.215029,0.0596256;-1.44952,0.803307,-1.63069
-0.393871,-0.225078,0.0725198;-1.36191,0.84283,-1.70052
-0.402738,-0.225971,0.0545466;-1.41321,0.69079,-1.63553
-0.39816,-0.223063,0.045829;-1.58061,0.668051,-1.51927
-0.394444,-0.219813,0.0437137;-1.57435,0.656371,-1.54972
-0.392614,-0.216282,0.0464026;-1.5692,0.735295,-1.52479
-0.399739,-0.22069,0.0557017;-1.48077,0.796832,-1.60654
-0.415429,-0.229517,0.0715078;-1.37211,0.853502,-1.69911
-0.417216,-0.225462,0.0662918;-1.38384,0.746061,-1.67066
-0.413888,-0.223074,0.0548353;-1.43606,0.697688,-1.61949
-0.408507,-0.220823,0.0460239;-1.57015,0.677667,-1.5319
-0.406617,-0.218416,0.0459027;-1.56977,0.69264,-1.53263
-0.405271,-0.216602,0.0467188;-1.57152,0.756711,-1.52785
-0.417174,-0.223185,0.0609659;-1.47593,0.8589,-1.61689
-0.437158,-0.234992,0.0704228;-1.27068,0.850416,-1.76738
-0.436972,-0.23314,0.0659675;-1.35219,0.820962,-1.69306
-0.43462,-0.233003,0.050788;-1.47852,0.760149,-1.59544
-0.429719,-0.228136,0.043539;-1.56805,0.725503,-1.5551
-0.427626,-0.226154,0.0461492;-1.57111,0.793826,-1.52722
-0.44175,-0.228768,0.0512691;-1.61911,0.915968,-1.4969
-0.477043,-0.246652,0.0712353;-1.17868,0.972138,-1.86268
-0.474584,-0.237665,0.0735575;-1.32142,0.898292,-1.73726
-0.466085,-0.222801,0.0562124;-1.41455,0.796551,-1.65054
-0.459933,-0.216832,0.0428492;-1.5711,0.742581,-1.55959
-0.456564,-0.214441,0.0458763;-1.57134,0.80872,-1.53045
-0.465622,-0.214773,0.0483155;-1.61469,0.922417,-1.49771
-0.503483,-0.232665,0.0711892;-1.19546,1.01015,-1.85496
-0.502462,-0.223989,0.0734344;-1.33691,0.925422,-1.72964
-0.489029,-0.205,0.0552717;-1.4582,0.79418,-1.62081
-0.482239,-0.199113,0.0426429;-1.57273,0.738195,-1.56076
-0.479082,-0.197037,0.0453539;-1.57098,0.788791,-1.53561
-0.486359,-0.195977,0.0480263;-1.62341,0.899911,-1.4946
-0.528142,-0.227687,0.0665173;-1.06326,1.04072,-1.95723
-0.53176,-0.225983,0.0657663;-1.12355,0.96013,-1.88643
-0.529043,-0.212337,0.0565023;-1.34847,0.835888,-1.70665
-0.521969,-0.200518,0.0430391;-1.56994,0.73795,-1.55958
-0.518499,-0.198207,0.0458065;-1.57092,0.80594,-1.53126
-0.526351,-0.199264,0.0471766;-1.58991,0.869618,-1.51073
-0.563102,-0.229989,0.0663195;-1.07326,1.05254,-1.95355
-0.56823,-0.231281,0.063987;-1.16342,1.00063,-1.86458
-0.567406,-0.226409,0.0616879;-1.21204,0.945802,-1.82359
-0.546966,-0.207631,0.0456504;-1.56635,0.784961,-1.54024
-0.545537,-0.207347,0.0442635;-1.56087,0.794397,-1.55708
-0.543531,-0.204458,0.0460978;-1.57015,0.837828,-1.52762
-0.555515,-0.204701,0.0529494;-1.61242,0.963799,-1.50398
-0.595052,-0.229213,0.0669247;-1.05069,1.02341,-1.96825
-0.593838,-0.221788,0.0636102;-1.17782,0.93351,-1.84873
-0.584511,-0.205707,0.0520683;-1.43744,0.825973,-1.63281
-0.570278,-0.196943,0.0427337;-1.56742,0.767771,-1.56272
-0.568038,-0.195642,0.0458899;-1.56901,0.813209,-1.53265
-0.571724,-0.19168,0.0483215;-1.62523,0.908634,-1.48576
-0.630035,-0.22358,0.0672186;-1.08762,1.05764,-1.94239
-0.639894,-0.228736,0.0652786;-1.14082,0.977949,-1.87826
-0.637838,-0.220331,0.05439;-1.36935,0.880457,-1.69733
-0.630767,-0.213049,0.042582;-1.57052,0.776585,-1.56309
-0.628863,-0.212317,0.0455224;-1.57043,0.852354,-1.53586
-0.634194,-0.210353,0.0477996;-1.61999,0.941193,-1.49053
-0.69255,-0.236703,0.0675749;-1.07485,1.10769,-1.96787
-0.704415,-0.242953,0.0655232;-1.11017,1.04808,-1.91553
-0.703811,-0.235016,0.0544276;-1.35843,0.959489,-1.70897
-0.698357,-0.229143,0.0425776;-1.57096,0.859652,-1.56271
-0.698309,-0.22934,0.0455006;-1.55952,0.881794,-1.54898
-0.699522,-0.225721,0.0469607;-1.59387,0.95904,-1.50789
-0.747525,-0.247864,0.0702491;-1.20632,1.15846,-1.88023
-0.762304,-0.262203,0.0639394;-0.978857,1.14044,-2.06584
-0.763184,-0.261068,0.059811;-1.17552,1.11347,-1.88189
-0.756314,-0.252259,0.0446384;-1.57119,0.998041,-1.5444
-0.756231,-0.252292,0.0433847;-1.56596,1.00147,-1.55973
-0.753213,-0.250903,0.0460083;-1.56959,1.0427,-1.52981
-0.784505,-0.255351,0.0669725;-1.48311,1.25988,-1.63381
-0.804947,-0.273729,0.0714315;-0.86627,1.31626,-2.22123
-0.818122,-0.278143,0.062562;-0.772233,1.27204,-2.29892
-0.813746,-0.27105,0.0454962;-1.57539,1.23065,-1.53017
-0.8106,-0.27074,0.0427732;-1.57429,1.2007,-1.55686
-0.808928,-0.270555,0.0452594;-1.54231,1.22235,-1.56945
-0.81771,-0.263431,0.0562249;-1.89698,1.38419,-1.22125
-0.842465,-0.27433,0.0723447;-0.701212,1.4757,-2.42092
-0.859428,-0.281085,0.0683498;-0.0557439,1.37582,-3.03806
-0.861827,-0.276488,0.0500125;-1.23212,1.41731,-1.86434
-0.856819,-0.275541,0.0450987;-1.57765,1.37182,-1.53405
-0.856379,-0.275604,0.0429434;-1.56291,1.37248,-1.56695
-0.850949,-0.27084,0.0488578;-2.04118,1.48655,-1.05902
-0.869907,-0.268707,0.0655509;1.86265,1.53128,1.29733
-0.878833,-0.275545,0.0741646;1.11472,1.4019,2.04364
-0.881738,-0.273968,0.0506712;0.309178,1.49182,2.86472
-0.880908,-0.273825,0.0452294;-1.74058,1.54267,-1.3704
-0.880476,-0.274143,0.0425966;-1.57366,1.51346,-1.5592
-0.872138,-0.274855,0.0479036;2.57627,1.52508,0.598822
-0.876962,-0.277829,0.0627252;1.91373,1.47545,1.24635
-0.878869,-0.281744,0.0711978;1.14228,1.40932,2.01904
-0.881147,-0.276878,0.0515879;0.329769,1.48248,2.84704
-0.878516,-0.276721,0.0452962;-1.80013,1.55079,-1.30971
-0.878129,-0.277391,0.0425759;-1.57796,1.5222,-1.55587
-0.871608,-0.27715,0.0462982;1.80254,1.5397,1.38209
-0.879799,-0.278098,0.0553759;1.16394,1.46085,2.00649
-0.878813,-0.280035,0.0646538;0.803725,1.3845,2.3668
-0.881254,-0.278401,0.0594471;0.556566,1.4416,2.62297
-0.877126,-0.278226,0.0458151;-2.7157,1.56301,-0.383105
-0.875517,-0.278639,0.043647;-1.57649,1.53757,-1.54746
-0.869936,-0.278644,0.0460279;1.53763,1.55534,1.64674
-0.871148,-0.27482,0.0510741;1.91077,1.47165,1.26834
-0.880239,-0.275227,0.0627461;0.95072,1.40961,2.21499
-0.879228,-0.273825,0.0677494;0.582995,1.40609,2.58906
-0.881508,-0.274182,0.0526016;0.236221,1.4759,2.94179
-0.876741,-0.274878,0.0459447;-1.68598,1.55639,-1.41817
-0.872502,-0.275618,0.045699;-0.81688,1.56509,-2.29045
-0.869017,-0.274837,0.0461961;1.65703,1.523,1.5287
-0.874728,-0.272421,0.055132;1.42949,1.44996,1.7461
-0.877649,-0.272562,0.0680334;0.667407,1.3802,2.50639
-0.880525,-0.269331,0.0616223;0.552507,1.42825,2.63043
-0.876494,-0.268982,0.0463662;-2.53975,1.55726,-0.552756
-0.873462,-0.27012,0.043257;-1.50861,1.53509,-1.61759
-0.869469,-0.270259,0.0461712;1.58652,1.55908,1.59822
-0.870826,-0.266569,0.0495753;1.84361,1.46891,1.33663
-0.876486,-0.26197,0.070206;0.71238,1.38197,2.45546
-0.873723,-0.260221,0.0677188;0.222852,1.41674,2.9555
-0.87181,-0.259109,0.052083;-0.547417,1.48484,-2.55196
-0.864649,-0.260919,0.0426264;-1.57069,1.46791,-1.56147
-0.860754,-0.262107,0.0457732;-1.52086,1.54359,-1.58319
-0.863753,-0.257443,0.0471111;1.77937,1.49782,1.40615
-0.877702,-0.249293,0.0673742;0.732031,1.37082,2.43474
-0.868291,-0.245888,0.0695961;0.109431,1.45147,3.05822
-0.85722,-0.243187,0.0501608;-0.860261,1.45835,-2.24768
-0.855093,-0.243889,0.0425639;-1.57275,1.42975,-1.56124
-0.852008,-0.244518,0.0450702;-1.55952,1.48483,-1.55151
-0.853501,-0.241241,0.0463467;2.76435,1.56198,0.419854
-0.853501,-0.241241,0.0463467;2.76435,1.56198,0.419854
-0.871792,-0.236239,0.0581391;0.797476,1.4392,2.37132
-0.871792,-0.236239,0.0581391;0.797476,1.4392,2.37132
