-0.125,0.125,0.06;-1.57,-2.98023e-08,-1.57
-0.125,0.125,0.06;-1.57,-2.98023e-08,-1.57
-0.125,0.125,0.06;-1.57,-2.98023e-08,-1.57
-0.124403,0.131258,0.0427447;-1.56776,-0.199103,-1.55994
-0.126095,0.133118,0.0443538;-1.58026,-0.115514,-1.54724
-0.132193,0.115897,0.0545982;-1.66048,0.0202472,-1.56113
-0.135967,0.0701469,0.0647889;-1.31287,0.0452588,-1.54934
-0.143123,0.0936125,0.0477842;-1.55508,-0.158696,-1.51982
-0.13849,0.105549,0.0443718;-1.56303,-0.173405,-1.54838
-0.137978,0.106594,0.0428201;-1.56494,-0.164605,-1.55996
-0.143325,0.108885,0.0479199;-1.58709,-0.0642406,-1.52056
-0.152903,0.0912777,0.0583184;-1.66909,0.0541563,-1.5367
-0.157139,0.0504624,0.0739567;-1.45643,0.123801,-1.56148
-0.160871,0.0241598,0.064321;-1.32176,-3.9041e-05,-1.53977
-0.161991,0.0379878,0.0570788;-1.40478,-0.103305,-1.52552
-0.159609,0.0598619,0.0465121;-1.56628,-0.171791,-1.52822
-0.164029,0.0564673,0.0476411;-1.5741,-0.0937766,-1.51481
-0.169778,0.0400674,0.0566844;-1.61472,0.0258488,-1.53479
-0.173661,0.0111937,0.071356;-1.43982,0.133661,-1.56262
-0.176111,-0.0146356,0.0683378;-1.28023,0.116146,-1.55962
-0.17974,-0.0070484,0.0649114;-1.31231,0.0195667,-1.54456
-0.184349,0.0109067,0.053456;-1.46041,-0.110729,-1.52191
-0.182231,0.0255859,0.0461789;-1.56745,-0.142052,-1.52953
-0.187221,0.0244943,0.0486588;-1.59554,-0.0538228,-1.52156
-0.196807,0.00357118,0.0617716;-1.62087,0.0801316,-1.54179
-0.20115,-0.0267688,0.0688178;-1.38508,0.0999145,-1.55674
-0.205517,-0.0378062,0.0628746;-1.32919,0.00654294,-1.54821
-0.202371,-0.0113399,0.0450748;-1.56029,-0.106277,-1.54397
-0.2027,-0.010474,0.0444581;-1.56172,-0.0887681,-1.54718
-0.204819,-0.0102264,0.0468583;-1.57286,-0.0593613,-1.52149
-0.222278,-0.047052,0.0684909;-1.53469,0.172783,-1.5575
-0.225226,-0.0845227,0.0705617;-1.32379,0.203669,-1.58015
-0.229777,-0.0949455,0.0677584;-1.27517,0.127999,-1.57337
-0.232478,-0.0692111,0.0467639;-1.56767,-0.0615406,-1.52198
-0.226735,-0.0599057,0.0436325;-1.56568,-0.0544457,-1.55337
-0.229377,-0.0628709,0.0462212;-1.56107,-0.036526,-1.5341
-0.244895,-0.0789932,0.0591676;-1.6599,0.163128,-1.52797
-0.254177,-0.112234,0.0728116;-1.44651,0.246294,-1.57838
-0.260782,-0.14066,0.0686073;-1.28038,0.206202,-1.587
-0.268623,-0.128836,0.0535582;-1.45791,0.00402201,-1.53548
-0.263424,-0.114991,0.0461288;-1.55983,-0.0363456,-1.53599
-0.262068,-0.11193,0.0437604;-1.56491,-0.0150579,-1.55292
-0.272407,-0.113117,0.0521278;-1.65103,0.152271,-1.51525
-0.284652,-0.142642,0.0670418;-1.57386,0.245461,-1.55226
-0.289454,-0.187959,0.0736417;-1.36239,0.267174,-1.59203
-0.299794,-0.197347,0.0567825;-1.40404,0.0443087,-1.55803
-0.299681,-0.181924,0.0453204;-1.57287,-0.0496796,-1.53586
-0.296219,-0.176622,0.0427339;-1.56807,-0.0536802,-1.56055
-0.304901,-0.178488,0.0494094;-1.61258,0.104527,-1.52056
-0.31699,-0.201079,0.0618299;-1.64823,0.213971,-1.5349
-0.325391,-0.242975,0.0748095;-1.41232,0.282456,-1.58657
-0.332632,-0.253535,0.0595721;-1.37982,0.05659,-1.55205
-0.331565,-0.231834,0.0462557;-1.57829,-0.0610467,-1.52464
-0.326812,-0.225032,0.0433202;-1.5658,-0.0810323,-1.5565
-0.336335,-0.231151,0.0499594;-1.61365,0.066168,-1.51715
-0.348274,-0.25633,0.0629648;-1.61382,0.188214,-1.53979
-0.3561,-0.29506,0.0740697;-1.3913,0.268365,-1.58669
-0.366021,-0.309381,0.0634136;-1.33183,0.083722,-1.55866
-0.366109,-0.294282,0.053498;-1.46389,-0.0262652,-1.52793
-0.359958,-0.279119,0.0463287;-1.55643,-0.057306,-1.53511
-0.367677,-0.289546,0.048523;-1.58917,0.0493714,-1.51738
-0.376411,-0.307961,0.0575988;-1.60881,0.170665,-1.53574
-0.38302,-0.337121,0.0716074;-1.42648,0.274761,-1.58555
-0.391449,-0.35708,0.0672017;-1.2836,0.192587,-1.58835
-0.391352,-0.345626,0.0624754;-1.3342,0.0936844,-1.56385
-0.387618,-0.324446,0.0488207;-1.55772,-0.00111666,-1.5117
-0.385194,-0.318819,0.0458804;-1.56937,0.0131132,-1.53155
-0.390615,-0.320554,0.0488788;-1.60426,0.102488,-1.52078
-0.402033,-0.339169,0.0632211;-1.60994,0.23676,-1.5416
-0.413254,-0.389521,0.0685825;-1.26267,0.284977,-1.61401
-0.416668,-0.385704,0.0668254;-1.28205,0.206552,-1.5978
-0.419429,-0.371233,0.0569944;-1.40888,0.0862042,-1.55536
-0.41071,-0.347667,0.0439738;-1.56437,0.0365939,-1.55099
-0.412702,-0.346157,0.0467303;-1.57402,0.100155,-1.52266
-0.424148,-0.355056,0.0531454;-1.6645,0.219101,-1.51041
-0.443622,-0.427993,0.0737659;-1.33801,0.354313,-1.61389
-0.447733,-0.443491,0.0673809;-1.27239,0.272409,-1.61552
-0.454715,-0.437537,0.0591828;-1.37017,0.145887,-1.58133
-0.451223,-0.41433,0.043214;-1.56691,0.0153475,-1.55787
-0.45275,-0.411709,0.0461715;-1.57134,0.10534,-1.5281
-0.462584,-0.417284,0.0511891;-1.6436,0.212089,-1.51424
-0.486096,-0.487218,0.0743276;-1.3689,0.372409,-1.61039
-0.491152,-0.505647,0.0682558;-1.2837,0.286789,-1.6114
-0.497833,-0.499847,0.0613775;-1.35076,0.151929,-1.57734
-0.49206,-0.471734,0.0440373;-1.56533,-0.00262589,-1.55124
-0.493346,-0.467101,0.0466144;-1.57146,0.0777184,-1.52389
-0.504136,-0.477221,0.0516592;-1.64116,0.170185,-1.51207
-0.526775,-0.545197,0.0729256;-1.34233,0.364564,-1.61185
-0.532244,-0.561112,0.0679887;-1.26367,0.28053,-1.61175
-0.537673,-0.554974,0.0643991;-1.31022,0.16749,-1.58145
-0.531083,-0.527024,0.0463296;-1.55458,0.00501194,-1.53661
-0.53227,-0.524128,0.0469772;-1.57192,0.0818517,-1.52034
-0.539797,-0.536448,0.0499551;-1.6143,0.136522,-1.51656
-0.558517,-0.587386,0.0721017;-1.39727,0.361884,-1.60638
-0.567797,-0.603127,0.0677563;-1.2611,0.272034,-1.61758
-0.56955,-0.600892,0.0669766;-1.27799,0.248035,-1.60764
-0.559403,-0.566321,0.0483681;-1.57034,0.0736817,-1.50764
-0.553506,-0.559444,0.0453836;-1.5576,0.102517,-1.54515
-0.555468,-0.556483,0.0470359;-1.5756,0.144449,-1.51939
-0.567228,-0.56409,0.0548724;-1.67753,0.272568,-1.50427
-0.590685,-0.632342,0.0705612;-1.31936,0.349871,-1.61854
-0.596829,-0.64105,0.0661407;-1.2878,0.259016,-1.61201
-0.601623,-0.630985,0.0568058;-1.40969,0.142705,-1.56519
-0.594294,-0.610227,0.0431761;-1.56612,0.0741913,-1.55688
-0.595042,-0.607927,0.0465433;-1.57136,0.1411,-1.5247
-0.603731,-0.6103,0.0506386;-1.62996,0.239344,-1.51002
-0.629849,-0.680667,0.0747574;-1.37783,0.386299,-1.61327
-0.636478,-0.700167,0.0677411;-1.25288,0.292476,-1.62487
-0.641744,-0.695498,0.0619145;-1.33731,0.187574,-1.58579
-0.634583,-0.671734,0.0446359;-1.56048,0.0681194,-1.54874
-0.636987,-0.671204,0.0468854;-1.57112,0.126172,-1.52239
-0.646114,-0.679443,0.0498644;-1.61149,0.218074,-1.51086
-0.671915,-0.739589,0.0731825;-1.35432,0.409125,-1.6188
-0.676142,-0.756593,0.0689004;-1.24706,0.321118,-1.62652
-0.680705,-0.752211,0.0643037;-1.30899,0.217676,-1.59337
-0.672644,-0.730339,0.0464684;-1.55225,0.0897044,-1.53765
-0.673815,-0.731802,0.0461725;-1.56446,0.117716,-1.53404
-0.679095,-0.732349,0.0480809;-1.59226,0.187824,-1.51742
-0.683508,-0.776975,0.0748939;-1.45162,0.44495,-1.6018
-0.68768,-0.794369,0.0704644;-1.28144,0.43238,-1.64928
-0.6909,-0.792897,0.0671773;-1.26233,0.351079,-1.64357
-0.680002,-0.766974,0.048955;-1.55082,0.224749,-1.52152
-0.67128,-0.755735,0.0457504;-1.56364,0.191401,-1.5404
-0.670145,-0.751399,0.0463856;-1.57132,0.219979,-1.52573
-0.687252,-0.777995,0.0694726;-1.58695,0.450594,-1.54783
-0.688032,-0.806546,0.0736018;-1.35181,0.559426,-1.65272
-0.695666,-0.812327,0.0683452;-1.24474,0.476496,-1.68145
-0.694291,-0.79252,0.0535369;-1.46442,0.318147,-1.56059
-0.684834,-0.771598,0.0467114;-1.55213,0.229977,-1.53898
-0.680362,-0.762431,0.0456888;-1.56482,0.220986,-1.53901
-0.691561,-0.768711,0.0596336;-1.70803,0.403398,-1.48389
-0.692141,-0.794294,0.0758509;-1.51412,0.540615,-1.58643
-0.697367,-0.812041,0.0730483;-1.32901,0.555368,-1.6575
-0.703505,-0.797684,0.0563149;-1.4048,0.349046,-1.59948
-0.695814,-0.779286,0.0464905;-1.56242,0.290105,-1.53379
-0.684936,-0.759528,0.0436046;-1.57156,0.200567,-1.55393
-0.686209,-0.752373,0.0535736;-1.67557,0.356529,-1.49053
-0.687667,-0.76998,0.0702675;-1.71836,0.467832,-1.4934
-0.688537,-0.799792,0.0778491;-1.42929,0.597325,-1.62575
-0.703122,-0.807718,0.062242;-1.30766,0.416144,-1.65323
-0.700231,-0.793905,0.0494552;-1.52984,0.339415,-1.53673
-0.691824,-0.772181,0.0449819;-1.56253,0.237283,-1.54797
-0.690869,-0.761809,0.052016;-1.65318,0.382699,-1.49663
-0.69268,-0.77749,0.06884;-1.72978,0.492179,-1.48227
-0.694149,-0.805155,0.0784437;-1.46205,0.628856,-1.61659
-0.712705,-0.816446,0.0648867;-1.26333,0.449273,-1.68388
-0.710522,-0.798762,0.0544231;-1.43656,0.325962,-1.57819
-0.702084,-0.778672,0.0467188;-1.55413,0.248773,-1.53837
-0.69711,-0.765943,0.0488394;-1.60791,0.333014,-1.51406
-0.696923,-0.780105,0.065823;-1.72088,0.451473,-1.48333
-0.69713,-0.806915,0.0779813;-1.50482,0.604422,-1.59667
-0.708425,-0.810877,0.06624;-1.25513,0.466016,-1.68072
-0.70678,-0.799463,0.059656;-1.35065,0.361941,-1.61876
-0.698009,-0.778653,0.0490045;-1.5432,0.275407,-1.5267
-0.682242,-0.750917,0.0464942;-1.57378,0.274684,-1.52467
-0.691259,-0.758442,0.0545952;-1.68102,0.38019,-1.49017
-0.692185,-0.780715,0.072825;-1.57701,0.509498,-1.55616
-0.702682,-0.805903,0.0681891;-1.2543,0.481486,-1.68284
-0.701689,-0.795755,0.0641784;-1.29129,0.394994,-1.65208
-0.69627,-0.7808,0.0529472;-1.47567,0.322195,-1.55541
-0.679373,-0.751715,0.0456553;-1.56652,0.244509,-1.53702
-0.683647,-0.749179,0.0481482;-1.59775,0.321351,-1.51694
-0.693669,-0.763649,0.0624471;-1.6925,0.436128,-1.49398
-0.699684,-0.80347,0.0728498;-1.31622,0.565067,-1.66525
-0.702019,-0.795922,0.0651976;-1.2714,0.462678,-1.67711
-0.699749,-0.780947,0.055539;-1.42125,0.35504,-1.58893
-0.681467,-0.750394,0.0440334;-1.57185,0.239487,-1.55065
-0.679027,-0.743907,0.0465201;-1.57222,0.296861,-1.5241
-0.6861,-0.746219,0.054164;-1.68232,0.397495,-1.48439
-0.690618,-0.793401,0.0771644;-1.40936,0.624069,-1.63686
-0.699075,-0.800938,0.0693131;-1.24885,0.527481,-1.69603
-0.701535,-0.795048,0.0619072;-1.31399,0.438704,-1.6527
-0.686435,-0.758744,0.0450986;-1.56093,0.264786,-1.54793
-0.68154,-0.747804,0.0460359;-1.5673,0.326474,-1.52956
-0.688028,-0.749347,0.0521462;-1.65903,0.424719,-1.4926
-0.692942,-0.791849,0.0785349;-1.46547,0.663915,-1.61702
-0.706424,-0.807113,0.0684122;-1.19378,0.569315,-1.73619
-0.71327,-0.803294,0.0650844;-1.25284,0.472499,-1.69857
-0.69897,-0.767763,0.0468663;-1.55257,0.278822,-1.53819
-0.692177,-0.755742,0.0456069;-1.56835,0.313776,-1.5341
-0.695841,-0.755001,0.0497177;-1.62622,0.402349,-1.50789
-0.695841,-0.755001,0.0497177;-1.62622,0.402349,-1.50789
-0.697625,-0.769898,0.0667529;-1.71534,0.514854,-1.48455
-0.697625,-0.769898,0.0667529;-1.71534,0.514854,-1.48455
