-0.125,0.125,0.06;-1.57,-2.98023e-08,-1.57
-0.125,0.125,0.06;-1.57,-2.98023e-08,-1.57
-0.125,0.125,0.06;-1.57,-2.98023e-08,-1.57
-0.125906,0.120118,0.0285852;-1.57071,-0.168831,-1.57057
-0.12539,0.121738,0.0286203;-1.57024,-0.0925687,-1.56939
-0.123125,0.129599,0.029955;-1.5659,0.0276651,-1.55606
-0.123081,0.146396,0.0346587;-1.68558,0.0773134,-1.55329
-0.120899,0.134721,0.0284963;-1.57438,-0.0977829,-1.5713
-0.120068,0.133291,0.0286903;-1.57428,-0.167792,-1.56955
-0.119468,0.13259,0.0286618;-1.572,-0.199418,-1.56698
-0.11978,0.135775,0.0286083;-1.57031,-0.0370424,-1.56971
-0.116253,0.143182,0.0298782;-1.55895,0.0792831,-1.55995
-0.113312,0.165012,0.0342592;-1.61579,0.168091,-1.54334
-0.110684,0.166551,0.0303476;-1.60033,0.0768991,-1.55739
-0.111374,0.161503,0.0285762;-1.57072,-0.0184115,-1.57088
-0.111599,0.160346,0.0287208;-1.57506,-0.086743,-1.56871
-0.111484,0.161333,0.0285794;-1.57092,-0.0180159,-1.57072
-0.108767,0.166608,0.0293165;-1.56451,0.091115,-1.56317
-0.105427,0.187093,0.0325009;-1.61552,0.186137,-1.54505
-0.105004,0.198629,0.0367969;-1.73442,0.190289,-1.53698
-0.101728,0.190659,0.0329233;-1.66414,0.104629,-1.56176
-0.101621,0.183227,0.0285611;-1.57053,-0.00118396,-1.57157
-0.101734,0.182942,0.0285625;-1.57058,-0.0430178,-1.57012
-0.10032,0.18459,0.0286104;-1.57088,0.0453687,-1.56922
-0.0962556,0.193707,0.0301553;-1.56071,0.159595,-1.55741
-0.0936659,0.212177,0.0328856;-1.65098,0.201706,-1.54289
-0.0915742,0.206648,0.0307736;-1.62587,0.126413,-1.56259
-0.0921045,0.200326,0.0287049;-1.57449,-0.0490483,-1.56872
-0.0918752,0.200554,0.0287958;-1.57646,-0.0481043,-1.56622
-0.0917156,0.201409,0.0285699;-1.57074,0.0151773,-1.57049
-0.0838586,0.220667,0.0315223;-1.56432,0.233715,-1.55122
-0.0817784,0.242158,0.0371035;-1.74374,0.276543,-1.52204
-0.0790938,0.24218,0.0364212;-1.732,0.214313,-1.53416
-0.0780967,0.227282,0.0285587;-1.5722,0.0255279,-1.5703
-0.0772241,0.226054,0.0286327;-1.5715,-0.0375462,-1.56881
-0.0772134,0.227279,0.028706;-1.57403,0.0113539,-1.56739
-0.0722367,0.235486,0.0297633;-1.56059,0.213162,-1.56134
-0.06781,0.25702,0.0337572;-1.63534,0.301274,-1.53432
-0.0655105,0.269905,0.0381808;-1.77233,0.291473,-1.51409
-0.063804,0.251713,0.0285783;-1.56998,0.0943319,-1.57097
-0.0638273,0.250756,0.0288128;-1.57899,0.0234919,-1.56756
-0.0634642,0.250394,0.0286725;-1.572,0.00795549,-1.56724
-0.0611095,0.254809,0.0288145;-1.56478,0.199602,-1.56603
-0.0552869,0.269575,0.0315669;-1.55267,0.301348,-1.55448
-0.0511858,0.29466,0.0371169;-1.75247,0.353978,-1.50761
-0.0484088,0.284322,0.0284841;-1.56629,0.189017,-1.57166
-0.0494875,0.28317,0.0285748;-1.57099,0.12781,-1.5706
-0.0488971,0.282158,0.0286157;-1.57069,0.0748846,-1.5689
-0.0471302,0.285159,0.0286204;-1.57066,0.240195,-1.56891
-0.0413155,0.294403,0.0303403;-1.56095,0.345882,-1.55783
-0.0335689,0.318948,0.035197;-1.70161,0.421623,-1.50856
-0.0293825,0.313168,0.0285311;-1.56596,0.255671,-1.57161
-0.030782,0.311773,0.0285702;-1.571,0.184732,-1.57063
-0.0301318,0.310577,0.0287002;-1.57389,0.12575,-1.5677
-0.0280541,0.313476,0.028593;-1.57117,0.285402,-1.56977
-0.0218238,0.322176,0.0302725;-1.56003,0.391556,-1.55965
-0.0135445,0.345754,0.0351461;-1.71828,0.475576,-1.50053
-0.0111826,0.338998,0.0287471;-1.565,0.31762,-1.56898
-0.012958,0.336865,0.0285752;-1.57124,0.237633,-1.57119
-0.012771,0.335775,0.0287896;-1.57757,0.169219,-1.56634
-0.0121315,0.337424,0.0285851;-1.57091,0.297206,-1.57038
-0.00756513,0.342989,0.0295971;-1.56267,0.399781,-1.56319
0.00126804,0.363923,0.0332892;-1.64399,0.482934,-1.52134
0.00426659,0.36794,0.0336233;-1.67314,0.421326,-1.51897
0.00254746,0.358492,0.0285894;-1.56348,0.333222,-1.57274
0.0014935,0.357936,0.028581;-1.57059,0.256139,-1.57046
0.00147999,0.357897,0.0285797;-1.57082,0.250126,-1.57082
0.0033615,0.359493,0.0286418;-1.57067,0.343646,-1.56833
0.0102887,0.368333,0.0304174;-1.55981,0.454335,-1.55845
0.0212671,0.395543,0.0383149;-1.79589,0.525687,-1.46071
0.0224288,0.390216,0.0350018;-1.7191,0.457796,-1.50541
0.0199365,0.379866,0.0284718;-1.57736,0.342302,-1.56951
0.0194963,0.377976,0.0286566;-1.57187,0.249109,-1.56721
0.0197458,0.379713,0.0285812;-1.57058,0.334311,-1.57053
0.0233825,0.38245,0.0289249;-1.5624,0.447047,-1.56794
0.0426207,0.419727,0.0389114;-1.81542,0.603604,-1.43825
0.0469222,0.423713,0.0379544;-1.79501,0.54343,-1.45611
0.0446597,0.410315,0.0286422;-1.57483,0.4563,-1.56823
0.0422068,0.406278,0.0286887;-1.57434,0.316266,-1.56787
0.0427961,0.40746,0.0285627;-1.57154,0.386644,-1.57075
0.0456106,0.408792,0.0286599;-1.56972,0.490679,-1.56804
0.0648641,0.441339,0.0377033;-1.8008,0.672763,-1.43378
0.070144,0.447252,0.0380478;-1.80822,0.605271,-1.43681
0.0672061,0.434827,0.0286941;-1.57697,0.52314,-1.56771
0.0654569,0.432065,0.0287221;-1.57575,0.386003,-1.56674
0.0663236,0.433374,0.0285971;-1.57094,0.461664,-1.56977
0.068609,0.434721,0.0286322;-1.57079,0.565146,-1.56843
0.0907112,0.465859,0.037903;-1.81619,0.743047,-1.41283
0.0962939,0.471122,0.0379395;-1.81649,0.675446,-1.4191
0.0923176,0.457989,0.0289687;-1.5909,0.589362,-1.55801
0.0885336,0.453242,0.0286948;-1.57456,0.425405,-1.56718
0.0890626,0.454021,0.0285787;-1.57078,0.492417,-1.57075
0.0908933,0.454904,0.028623;-1.57081,0.565742,-1.56868
0.111561,0.479247,0.0345255;-1.73186,0.751827,-1.45581
0.117224,0.484382,0.0374887;-1.80594,0.684825,-1.42122
0.113441,0.476732,0.0314984;-1.63798,0.656211,-1.52036
0.108434,0.470226,0.0286401;-1.57348,0.499956,-1.56808
0.109128,0.469749,0.0288655;-1.5794,0.479223,-1.56065
0.109904,0.47036,0.0285723;-1.57148,0.549103,-1.5702
0.115269,0.472876,0.0291931;-1.56171,0.6661,-1.56905
0.140169,0.501849,0.0378014;-1.83001,0.784778,-1.38698
0.140951,0.498208,0.0353723;-1.75739,0.720923,-1.44719
0.13519,0.48774,0.0285647;-1.56988,0.611996,-1.57086
0.134609,0.486219,0.0286337;-1.57105,0.511805,-1.56794
0.134861,0.487435,0.0285766;-1.57065,0.581943,-1.57092
0.138035,0.488031,0.0286826;-1.57012,0.686814,-1.56693
0.166097,0.514129,0.0362023;-1.79913,0.857152,-1.39385
0.172567,0.518501,0.0378054;-1.83983,0.792594,-1.37941
0.166399,0.507452,0.028706;-1.5568,0.713165,-1.58049
0.164723,0.505742,0.0287257;-1.57602,0.562968,-1.56546
0.165422,0.506662,0.0286196;-1.57089,0.628714,-1.56863
0.167455,0.50728,0.0286016;-1.57032,0.727967,-1.57002
0.194727,0.531663,0.0358123;-1.81308,0.910685,-1.37995
0.201193,0.536123,0.0377986;-1.85507,0.837701,-1.35886
0.193708,0.523897,0.0287307;-1.55951,0.748755,-1.57953
0.191481,0.522121,0.028704;-1.57487,0.613874,-1.5658
0.191865,0.522967,0.0286441;-1.57101,0.66221,-1.56763
0.193777,0.523387,0.0285945;-1.57127,0.745344,-1.56952
0.219256,0.542215,0.0341322;-1.71705,0.942197,-1.43821
0.227686,0.54983,0.0383049;-1.8952,0.91166,-1.3133
0.223674,0.540964,0.0327052;-1.7034,0.841562,-1.47081
0.21727,0.53365,0.0288046;-1.58112,0.68364,-1.5611
0.217369,0.533297,0.0286735;-1.57228,0.671552,-1.56607
0.218121,0.534235,0.028573;-1.57036,0.73845,-1.57107
0.236023,0.542498,0.0313377;-1.54932,0.950769,-1.56677
0.254248,0.558569,0.0371074;-1.88128,0.989459,-1.30859
0.258101,0.55976,0.0372642;-1.87162,0.935653,-1.32671
0.248204,0.546925,0.0285834;-1.57052,0.76407,-1.57057
0.248142,0.545598,0.0286958;-1.57506,0.701423,-1.56573
0.248621,0.546312,0.0287765;-1.57742,0.735461,-1.56161
0.257161,0.548782,0.029673;-1.55476,0.934211,-1.57269
0.275312,0.561231,0.0333424;-1.68358,1.02282,-1.45669
0.286404,0.570157,0.0381663;-1.93717,1.00857,-1.26066
0.276577,0.555771,0.0284459;-1.57574,0.839496,-1.56873
0.275461,0.555276,0.0287351;-1.57801,0.775633,-1.56336
0.275392,0.554497,0.0286555;-1.57193,0.748079,-1.56686
0.279881,0.555945,0.0288096;-1.56301,0.929106,-1.57037
0.294404,0.561857,0.0310747;-1.55151,1.03589,-1.56749
0.314102,0.578294,0.0373557;-1.94445,1.07572,-1.24054
0.3109,0.569224,0.0284567;-1.54505,0.938515,-1.59164
0.309034,0.569039,0.0285727;-1.57098,0.863248,-1.57073
0.308832,0.567671,0.028672;-1.57447,0.803197,-1.56629
0.312442,0.568872,0.028637;-1.57123,0.97408,-1.56758
0.323582,0.572469,0.0304534;-1.54542,1.08368,-1.57751
0.345473,0.586625,0.0357941;-1.92633,1.14476,-1.24481
0.342947,0.579445,0.0285191;-1.55528,1.00505,-1.58375
0.340934,0.579111,0.0285484;-1.5682,0.924108,-1.57292
0.340489,0.577837,0.0286828;-1.5747,0.863181,-1.56521
0.343762,0.578414,0.0286112;-1.57075,1.01768,-1.56959
0.354091,0.580269,0.0301842;-1.54633,1.13274,-1.57923
0.37645,0.592141,0.0350607;-1.93952,1.20532,-1.22169
0.376279,0.58708,0.0306838;-1.68233,1.09171,-1.47062
0.371748,0.584905,0.0285464;-1.56997,0.998453,-1.57237
0.370974,0.583769,0.0287332;-1.57968,0.931607,-1.56162
0.372549,0.583933,0.0285495;-1.57474,0.998184,-1.56677
0.377449,0.583792,0.0290495;-1.55053,1.11073,-1.58322
0.394545,0.589783,0.0323009;-1.5452,1.20995,-1.57116
0.415749,0.597489,0.0363272;-1.9632,1.14995,-1.20856
0.404967,0.588912,0.028447;-1.55307,1.06347,-1.58603
0.40377,0.588837,0.0285751;-1.57069,1.00416,-1.57099
0.404383,0.58877,0.0286054;-1.57087,1.01512,-1.56935
0.406445,0.588628,0.0286113;-1.57161,1.10193,-1.56827
0.415937,0.589421,0.030063;-1.53995,1.21423,-1.58526
0.448653,0.602924,0.038467;-2.19678,1.22768,-0.975894
0.44137,0.595778,0.0321995;-1.78422,1.18992,-1.37216
0.435067,0.592996,0.028568;-1.57005,1.10353,-1.57177
0.434337,0.592296,0.0286653;-1.57172,1.04631,-1.56612
0.435652,0.593118,0.0285783;-1.57044,1.11695,-1.57102
0.440219,0.592367,0.0289202;-1.54685,1.23214,-1.58711
0.479415,0.602878,0.0376464;-2.36638,1.31726,-0.793014
0.482392,0.601139,0.0367977;-2.17901,1.27286,-0.984823
0.471093,0.594319,0.0283787;-1.56487,1.2134,-1.57622
0.468964,0.593362,0.0286227;-1.57144,1.08258,-1.568
0.470542,0.594099,0.028531;-1.57241,1.15243,-1.57089
0.473324,0.593423,0.0286364;-1.5717,1.25289,-1.56666
0.510526,0.600132,0.0359261;-2.44537,1.38154,-0.703847
0.518747,0.600432,0.0376976;-2.362,1.3075,-0.799403
0.50688,0.593957,0.0287646;-1.52858,1.27898,-1.61182
0.504383,0.593254,0.0287103;-1.57964,1.13751,-1.56023
0.505525,0.593693,0.028625;-1.57109,1.20493,-1.56813
0.507933,0.593218,0.0286106;-1.56817,1.30364,-1.57221
0.507933,0.593218,0.0286106;-1.56817,1.30364,-1.57221
0.520284,0.592917,0.0303225;-1.51139,1.41696,-1.61389
0.520284,0.592917,0.0303225;-1.51139,1.41696,-1.61389
