-0.125,0.125,0.06;-1.57,-2.98023e-08,-1.57
-0.125,0.125,0.06;-1.57,-2.98023e-08,-1.57
-0.125,0.125,0.06;-1.57,-2.98023e-08,-1.57
-0.126149,0.120413,0.0285811;-1.5711,-0.182719,-1.57038
-0.125579,0.121802,0.0285769;-1.57129,-0.104792,-1.57046
-0.123032,0.129996,0.0299496;-1.56464,0.0178803,-1.5573
-0.123587,0.149785,0.0348611;-1.69404,0.0841366,-1.55515
-0.121494,0.138002,0.0285731;-1.57083,-0.0935726,-1.57065
-0.121036,0.136527,0.0286119;-1.57111,-0.167959,-1.56969
-0.120552,0.135922,0.0286608;-1.57195,-0.191863,-1.56733
-0.120716,0.139543,0.0286007;-1.57063,0.00310722,-1.56904
-0.11738,0.147392,0.0297904;-1.5631,0.124225,-1.55927
-0.114422,0.170003,0.0334897;-1.63743,0.211374,-1.53888
-0.111918,0.174552,0.0309173;-1.61571,0.141581,-1.5562
-0.112409,0.168308,0.0285501;-1.57152,0.0447539,-1.5707
-0.112519,0.167325,0.0286185;-1.57274,-0.0166096,-1.56831
-0.112275,0.167745,0.0285816;-1.57096,0.0238577,-1.5707
-0.109751,0.172998,0.0293706;-1.56714,0.139722,-1.55956
-0.106787,0.189772,0.0321505;-1.60726,0.237252,-1.53915
-0.10475,0.21076,0.0365824;-1.73972,0.269155,-1.52684
-0.102994,0.202569,0.0330143;-1.66513,0.193678,-1.55414
-0.103193,0.193789,0.0285117;-1.5723,0.0934807,-1.57121
-0.103417,0.193063,0.0285807;-1.57076,0.0541982,-1.57081
-0.101683,0.194918,0.0286955;-1.57078,0.152929,-1.56517
-0.0976306,0.202386,0.0301799;-1.56727,0.271906,-1.55145
-0.0927697,0.221924,0.0323474;-1.63245,0.325002,-1.53671
-0.0907184,0.223481,0.0318498;-1.64464,0.284021,-1.55197
-0.0934208,0.216863,0.0286178;-1.57087,0.133867,-1.56899
-0.0934236,0.216919,0.0286753;-1.57109,0.131321,-1.56595
-0.0925684,0.218558,0.0285741;-1.57098,0.217069,-1.57073
-0.0793609,0.23571,0.0312814;-1.56649,0.439994,-1.54551
-0.071099,0.259791,0.0376878;-1.73828,0.482812,-1.48407
-0.0673319,0.268019,0.0363535;-1.74636,0.462336,-1.49491
-0.0717703,0.25601,0.0286161;-1.56871,0.324369,-1.571
-0.0720827,0.254858,0.0286186;-1.57096,0.266652,-1.56904
-0.0719366,0.255314,0.0286565;-1.57092,0.29222,-1.56703
-0.0626954,0.262229,0.0299778;-1.55931,0.504959,-1.56003
-0.0499089,0.281248,0.0339926;-1.62958,0.59044,-1.51233
-0.0385749,0.301177,0.0363323;-1.76653,0.60049,-1.46142
-0.0429709,0.287616,0.0285618;-1.56973,0.463721,-1.57216
-0.0439147,0.286668,0.0286208;-1.57087,0.410739,-1.56889
-0.0440619,0.286268,0.0286617;-1.57094,0.395759,-1.56683
-0.0382945,0.289844,0.0289656;-1.55809,0.608949,-1.56965
-0.0270326,0.300896,0.0312452;-1.56354,0.713821,-1.54811
-0.0125012,0.321646,0.037916;-1.78538,0.755829,-1.41761
-0.0120843,0.31651,0.0286401;-1.56774,0.635232,-1.56937
-0.0135008,0.316208,0.028586;-1.57031,0.576523,-1.57075
-0.0136116,0.315186,0.0286306;-1.571,0.531054,-1.56824
-0.00956189,0.317302,0.0287369;-1.56682,0.719033,-1.56821
0.00103314,0.323851,0.0304363;-1.56033,0.824727,-1.55815
0.0194761,0.342248,0.0367099;-1.76353,0.892746,-1.41105
0.0261605,0.344987,0.0285591;-1.56333,0.821786,-1.57397
0.0249664,0.344972,0.0286665;-1.56488,0.774798,-1.57464
0.0240527,0.344262,0.0286351;-1.5711,0.724246,-1.56795
0.0260737,0.345231,0.0286634;-1.57007,0.838143,-1.5678
0.0349198,0.348298,0.0302464;-1.56081,0.933972,-1.5609
0.053859,0.361962,0.036485;-1.76045,1.01167,-1.39281
0.0639803,0.369566,0.0287629;-1.58419,0.999234,-1.5583
0.062648,0.369064,0.0285768;-1.57031,0.96186,-1.57105
0.061415,0.368958,0.0286195;-1.57099,0.910854,-1.56873
0.0614573,0.36897,0.0286357;-1.57079,0.934792,-1.56811
0.0676743,0.369033,0.0296788;-1.54852,1.03778,-1.57645
0.0858525,0.375736,0.0331641;-1.61077,1.1287,-1.50289
0.107515,0.387471,0.0332316;-1.81634,1.17801,-1.34268
0.102883,0.383196,0.028487;-1.56043,1.13284,-1.57917
0.10154,0.383408,0.0286291;-1.56519,1.0838,-1.5756
0.101293,0.383525,0.0285788;-1.5707,1.06891,-1.57102
0.104342,0.382676,0.028808;-1.56148,1.17101,-1.57218
0.11433,0.383259,0.0305971;-1.53954,1.27248,-1.57682
0.151877,0.398449,0.0386155;-2.35407,1.28856,-0.814861
0.150888,0.39619,0.0350869;-2.06458,1.28668,-1.09818
0.1412,0.3918,0.0285591;-1.5713,1.23851,-1.57065
0.13867,0.392015,0.0286583;-1.57208,1.13366,-1.56597
0.141243,0.392596,0.0285957;-1.57082,1.24688,-1.57
0.14584,0.39127,0.0290714;-1.52697,1.35889,-1.60431
0.188687,0.400159,0.0388452;-2.93373,1.37037,-0.220352
0.197659,0.399564,0.0380294;-2.63659,1.35114,-0.519351
0.188061,0.396094,0.0287078;-1.61429,1.42095,-1.52722
0.184187,0.396502,0.0286274;-1.57189,1.29098,-1.56775
0.18612,0.396494,0.0285696;-1.57074,1.3717,-1.57124
0.187532,0.395717,0.0287567;-1.54914,1.43067,-1.58665
0.225601,0.395508,0.0383135;2.86082,1.41535,0.291334
0.23979,0.395561,0.038372;3.11056,1.37554,0.0254275
0.233279,0.394893,0.0286519;-2.44739,1.5658,-0.69517
0.230264,0.395905,0.0286319;-1.5786,1.45226,-1.56108
0.230759,0.395596,0.028628;-1.57178,1.48537,-1.56733
0.231479,0.395018,0.0286857;-1.52325,1.52521,-1.61546
0.262869,0.387686,0.0374856;2.20786,1.3963,0.961597
0.283747,0.385269,0.0375272;2.47201,1.33988,0.678327
0.279339,0.387296,0.0287424;1.61754,1.40875,1.52461
0.277632,0.388293,0.0286247;1.57232,1.47853,1.57143
0.277666,0.388267,0.0285798;1.57133,1.46413,1.57037
0.277353,0.388389,0.0287219;1.56904,1.46717,1.57953
0.299386,0.377093,0.0342018;1.69732,1.28061,1.48286
0.319393,0.370113,0.0360564;2.04101,1.23118,1.12204
0.32186,0.37132,0.031364;1.73366,1.20534,1.42007
0.318209,0.372531,0.0286052;1.56818,1.289,1.5742
0.317568,0.373008,0.0286902;1.57336,1.3099,1.57347
0.319606,0.37174,0.0286083;1.57035,1.2269,1.57253
0.323248,0.367046,0.0293241;1.55521,1.11025,1.59634
0.362265,0.346982,0.0379447;1.8969,0.955068,1.29485
0.365237,0.34546,0.0353124;1.81696,0.981436,1.36025
0.36055,0.348427,0.0285586;1.56871,1.01758,1.57247
0.359745,0.350649,0.0286205;1.57101,1.12621,1.57257
0.360106,0.350437,0.0285694;1.57091,1.09007,1.57026
0.360958,0.347715,0.0287943;1.56386,1.00304,1.58339
0.390063,0.324076,0.037638;1.78396,0.81363,1.42042
0.402695,0.315614,0.0367457;1.81222,0.817469,1.3879
0.397647,0.319841,0.0284295;1.55976,0.840512,1.57898
0.397016,0.32237,0.0286095;1.57088,0.946322,1.5722
0.397151,0.322051,0.0286276;1.57083,0.927243,1.57306
0.39733,0.321326,0.0286406;1.57072,0.891607,1.57384
0.418156,0.297344,0.0365841;1.70813,0.710581,1.49632
0.432311,0.284076,0.036836;1.78898,0.701038,1.42458
0.430591,0.288977,0.028545;1.57082,0.687231,1.57258
0.430097,0.291209,0.0286071;1.57089,0.772796,1.57206
0.430079,0.291131,0.0286335;1.57092,0.76826,1.5733
0.43004,0.290743,0.028673;1.56995,0.748189,1.57548
0.441662,0.269774,0.034321;1.63212,0.563453,1.5658
0.454201,0.251854,0.0368524;1.76987,0.531742,1.46506
0.455091,0.25289,0.0328216;1.67325,0.520488,1.51677
0.454098,0.257213,0.0286197;1.57044,0.603836,1.57282
0.454079,0.257624,0.0286251;1.57086,0.624721,1.57293
0.454234,0.257266,0.0285804;1.57066,0.602324,1.57097
0.458002,0.242318,0.0312359;1.56252,0.423909,1.60328
0.469668,0.220886,0.0377137;1.71745,0.347388,1.53223
0.475994,0.208262,0.0367687;1.74609,0.33643,1.50808
0.474539,0.215044,0.0286248;1.56828,0.385526,1.57176
0.475076,0.216658,0.0285969;1.57089,0.439873,1.57167
0.475058,0.216576,0.0286647;1.57081,0.43534,1.57501
0.474687,0.211533,0.0296938;1.56475,0.324268,1.58838
0.479373,0.192795,0.0332604;1.60922,0.219843,1.58972
0.486857,0.17058,0.0376689;1.75622,0.184417,1.53152
0.487708,0.173738,0.02859;1.56998,0.201862,1.56986
0.488372,0.174713,0.0286023;1.57094,0.266909,1.57207
0.488445,0.175424,0.0285898;1.57082,0.292501,1.57127
0.487946,0.173793,0.0288573;1.56637,0.222613,1.58082
0.486543,0.160552,0.0308729;1.5688,0.116518,1.59514
0.490027,0.137822,0.0382446;1.71902,0.0464023,1.57387
0.493143,0.129588,0.0285065;1.56677,0.0254957,1.57139
0.493926,0.130358,0.0286692;1.56631,0.0720305,1.57144
0.494724,0.131638,0.0285797;1.57079,0.134673,1.57078
0.494416,0.131211,0.0286765;1.57077,0.106871,1.57553
0.492626,0.124395,0.0301959;1.56922,0.0225681,1.58862
0.492002,0.104335,0.0368404;1.6782,-0.0718435,1.5957
0.494175,0.0914331,0.0285921;1.56859,-0.102817,1.57067
0.49492,0.0920005,0.0286494;1.56733,-0.0730228,1.57077
0.495807,0.09341,0.0285902;1.57083,-0.00895387,1.57118
0.495446,0.0931476,0.0287383;1.57022,-0.0326493,1.5776
0.493991,0.0894192,0.0301133;1.56564,-0.0915528,1.59028
0.491682,0.0729068,0.0353292;1.6389,-0.182053,1.61109
0.489987,0.0540832,0.0313547;1.63412,-0.225864,1.58232
0.490722,0.0559373,0.0286058;1.57031,-0.207947,1.56881
0.492103,0.0568896,0.0285935;1.57136,-0.136525,1.57212
0.492006,0.0567393,0.0286712;1.5708,-0.158588,1.57522
0.490983,0.0557585,0.0291903;1.56118,-0.201996,1.58103
0.488109,0.047308,0.0316648;1.56486,-0.276966,1.60104
0.47994,0.0137206,0.0364606;1.74041,-0.358269,1.62665
0.482895,0.018479,0.0285836;1.57075,-0.372746,1.57055
0.483514,0.0184529,0.0286806;1.56557,-0.324988,1.56927
0.484472,0.0193511,0.0285801;1.57087,-0.290426,1.57093
0.484227,0.019348,0.0287491;1.57079,-0.304564,1.57884
0.481867,0.0164065,0.0300673;1.56362,-0.360513,1.58866
0.466795,-0.0165949,0.0374648;1.77484,-0.483588,1.66365
0.468377,-0.0166671,0.0330327;1.67569,-0.502937,1.61733
0.470286,-0.013975,0.0285902;1.5703,-0.503747,1.56998
0.472162,-0.0133235,0.0286055;1.57062,-0.419033,1.57195
0.472087,-0.0134266,0.0285949;1.57082,-0.433114,1.57158
0.47154,-0.0135363,0.02895;1.56337,-0.452907,1.57734
0.45509,-0.0377452,0.0382811;1.73212,-0.598321,1.68019
0.447437,-0.0502432,0.0368978;1.77749,-0.618506,1.68676
0.451991,-0.0465659,0.0285523;1.56893,-0.659492,1.56955
0.454095,-0.0455052,0.0285821;1.57079,-0.558616,1.57087
0.453974,-0.0455665,0.0285792;1.57066,-0.583135,1.57092
0.45392,-0.0454547,0.0286678;1.57075,-0.590209,1.57505
0.438186,-0.0621307,0.0368973;1.70643,-0.731064,1.68363
0.425533,-0.0767976,0.0372354;1.80883,-0.738457,1.72844
0.430992,-0.073544,0.0285141;1.56103,-0.781224,1.56385
0.433427,-0.0728711,0.0285868;1.57076,-0.689536,1.57108
0.433077,-0.0732084,0.0285798;1.57074,-0.715108,1.5708
0.432708,-0.0732428,0.0287392;1.56923,-0.727433,1.57629
0.432708,-0.0732428,0.0287392;1.56923,-0.727433,1.57629
0.429557,-0.075238,0.0301767;1.56562,-0.777482,1.58731
0.429557,-0.075238,0.0301767;1.56562,-0.777482,1.58731
