-0.125,0.125,0.06;-1.57,-2.98023e-08,-1.57
-0.125,0.125,0.06;-1.57,-2.98023e-08,-1.57
-0.125,0.125,0.06;-1.57,-2.98023e-08,-1.57
-0.126004,0.120502,0.0285552;-1.57291,-0.180577,-1.5703
-0.125406,0.121317,0.0286015;-1.57043,-0.131349,-1.56898
-0.123021,0.128402,0.029918;-1.56541,-0.0176929,-1.55574
-0.122595,0.147788,0.0347503;-1.67641,0.0447545,-1.55177
-0.121022,0.138476,0.0285734;-1.57062,-0.0951802,-1.57102
-0.120586,0.137212,0.0286837;-1.57336,-0.148936,-1.56877
-0.120313,0.136563,0.0286585;-1.57111,-0.173593,-1.56716
-0.1204,0.139841,0.0286251;-1.56886,-0.0165302,-1.56616
-0.117851,0.145922,0.0297748;-1.5671,0.0686386,-1.55524
-0.115322,0.166629,0.0337318;-1.63871,0.154314,-1.54029
-0.113018,0.171002,0.0315052;-1.61476,0.0741788,-1.55353
-0.113537,0.164554,0.0285957;-1.57085,-0.00896359,-1.56935
-0.113937,0.163197,0.0286687;-1.57281,-0.0656443,-1.56822
-0.113299,0.16473,0.0285984;-1.57095,0.0155974,-1.56984
-0.110231,0.170295,0.0294276;-1.56642,0.114815,-1.55983
-0.106318,0.193555,0.0333476;-1.63284,0.204852,-1.54258
-0.106213,0.210148,0.0373152;-1.74994,0.203733,-1.53637
-0.103932,0.202095,0.0333698;-1.66993,0.122399,-1.55873
-0.103787,0.192224,0.0285314;-1.57056,0.0239798,-1.57093
-0.103912,0.191937,0.0285812;-1.57078,-0.00131953,-1.57083
-0.102604,0.193077,0.0286681;-1.56938,0.0592959,-1.56805
-0.0983463,0.201231,0.0301372;-1.56442,0.150127,-1.55393
-0.0940563,0.220077,0.0332889;-1.62415,0.186241,-1.53894
-0.0924438,0.219926,0.0310313;-1.61934,0.118495,-1.56068
-0.0933013,0.214494,0.0286323;-1.57111,0.0288947,-1.56858
-0.0932467,0.214504,0.0286542;-1.57098,0.0308423,-1.5671
-0.0929245,0.215624,0.0285661;-1.57146,0.0891414,-1.57081
-0.0833448,0.236394,0.0315524;-1.58691,0.286427,-1.54339
-0.0807028,0.257506,0.0388422;-1.75863,0.300424,-1.51223
-0.0783852,0.261531,0.0368754;-1.74544,0.247543,-1.5278
-0.0792209,0.24413,0.0285842;-1.57047,0.0769,-1.57029
-0.0788032,0.242674,0.0286281;-1.57084,0.0186586,-1.5683
-0.0789225,0.243621,0.0286624;-1.57114,0.0602197,-1.56686
-0.0716202,0.252664,0.0298896;-1.56162,0.253067,-1.55818
-0.0634292,0.275475,0.0343428;-1.63189,0.341998,-1.52764
-0.0579632,0.292776,0.037493;-1.73871,0.330347,-1.51095
-0.0583503,0.280525,0.0285746;-1.57038,0.206752,-1.5711
-0.0586969,0.279719,0.0287247;-1.57578,0.168849,-1.56762
-0.058633,0.279449,0.0286436;-1.57096,0.161095,-1.56763
-0.0562393,0.282094,0.0288864;-1.56347,0.277084,-1.56475
-0.0492646,0.295128,0.0312542;-1.56716,0.364137,-1.54674
-0.0425249,0.318568,0.0387328;-1.73281,0.409741,-1.49168
-0.0396538,0.311697,0.0285395;-1.56844,0.259432,-1.57111
-0.0408962,0.310393,0.0285818;-1.57057,0.209322,-1.57063
-0.0406507,0.310003,0.0286233;-1.57086,0.184648,-1.56869
-0.037949,0.312596,0.02869;-1.57089,0.339933,-1.56555
-0.0306403,0.322355,0.0303978;-1.56474,0.442486,-1.55257
-0.0204967,0.346014,0.0365644;-1.73217,0.522449,-1.48882
-0.0160175,0.34189,0.0284685;-1.55662,0.37206,-1.57554
-0.0175934,0.340216,0.0286094;-1.5694,0.295281,-1.57098
-0.0172941,0.338546,0.028653;-1.57172,0.228837,-1.5676
-0.015427,0.340692,0.028691;-1.56863,0.359532,-1.56768
-0.00717843,0.348133,0.030429;-1.56042,0.465197,-1.55662
0.00374101,0.365399,0.0359602;-1.64487,0.533898,-1.50495
0.00823906,0.369437,0.0285941;-1.56711,0.439759,-1.57011
0.00726951,0.368287,0.0285797;-1.57066,0.397315,-1.5708
0.00728776,0.368366,0.0287639;-1.57653,0.389016,-1.56512
0.00921408,0.369941,0.0286478;-1.57093,0.511304,-1.56751
0.0135838,0.373383,0.0295338;-1.56716,0.57852,-1.56014
0.026507,0.390712,0.0340282;-1.6535,0.657971,-1.50121
0.0322529,0.398794,0.0341018;-1.68917,0.609602,-1.49167
0.0284761,0.388777,0.0285202;-1.55784,0.52485,-1.5758
0.0263743,0.387308,0.0285948;-1.56983,0.451912,-1.57093
0.0262734,0.387218,0.0285809;-1.57085,0.448887,-1.57076
0.0290324,0.388123,0.028735;-1.56875,0.54191,-1.5662
0.0383402,0.396559,0.0304908;-1.56441,0.640295,-1.55287
0.0575053,0.428759,0.0386224;-1.8293,0.696358,-1.41002
0.05756,0.425491,0.035103;-1.73796,0.642912,-1.47183
0.0521904,0.41534,0.0285431;-1.57159,0.562254,-1.57086
0.0503492,0.413745,0.028671;-1.57203,0.453215,-1.56637
0.0509896,0.414489,0.0285821;-1.57089,0.503138,-1.57069
0.0538999,0.415865,0.0289061;-1.5613,0.572484,-1.56786
0.0788653,0.449669,0.0396947;-1.78081,0.714857,-1.4163
0.0865424,0.457437,0.037919;-1.81168,0.652341,-1.42507
0.0814356,0.442602,0.0286493;-1.574,0.563334,-1.56944
0.0796964,0.439981,0.0286467;-1.5722,0.476384,-1.5682
0.0804606,0.440819,0.0285611;-1.57095,0.536601,-1.57153
0.0837327,0.441962,0.0287277;-1.57055,0.638789,-1.56408
0.109062,0.471425,0.0386368;-1.83515,0.781235,-1.39031
0.116689,0.477876,0.0385746;-1.83841,0.71175,-1.40004
0.112196,0.466268,0.0287436;-1.58062,0.648053,-1.56465
0.107811,0.462416,0.0287142;-1.57542,0.486369,-1.56633
0.108938,0.463361,0.0286431;-1.57154,0.541669,-1.56664
0.110922,0.464479,0.0287768;-1.56566,0.616187,-1.56845
0.141948,0.49268,0.0379742;-1.75516,0.79244,-1.42561
0.153169,0.502498,0.0380507;-1.82804,0.732747,-1.40107
0.147946,0.494384,0.0287757;-1.58212,0.705485,-1.56223
0.14574,0.492443,0.0287004;-1.57574,0.624301,-1.56569
0.146378,0.49284,0.0285791;-1.57089,0.685358,-1.57069
0.148568,0.493663,0.0286985;-1.57098,0.752613,-1.56495
0.171446,0.512445,0.0354897;-1.72052,0.890883,-1.43799
0.183138,0.521881,0.0378548;-1.85333,0.830609,-1.36113
0.177769,0.515378,0.0325352;-1.66767,0.818453,-1.48822
0.171635,0.508997,0.0286362;-1.57205,0.66945,-1.56807
0.171985,0.509014,0.028743;-1.57447,0.677796,-1.56323
0.173118,0.509997,0.0286104;-1.57076,0.749897,-1.56893
0.178985,0.511863,0.0292476;-1.56388,0.852244,-1.56521
0.212506,0.539842,0.0384673;-1.90647,0.939536,-1.30308
0.214217,0.538216,0.0357664;-1.80485,0.890096,-1.38965
0.206309,0.528625,0.0284635;-1.57115,0.8041,-1.57066
0.204098,0.527163,0.0286466;-1.57127,0.681208,-1.56729
0.204722,0.528333,0.0285701;-1.57103,0.74231,-1.57102
0.206433,0.528531,0.028822;-1.56033,0.800795,-1.57151
0.234751,0.545467,0.0370426;-1.70844,0.959816,-1.42939
0.245596,0.552588,0.0368821;-1.81374,0.894818,-1.37301
0.239365,0.544613,0.0284846;-1.56078,0.842024,-1.57811
0.238483,0.543652,0.0286326;-1.57157,0.78689,-1.56841
0.239371,0.544234,0.0286232;-1.57085,0.844438,-1.56861
0.241947,0.544683,0.0286856;-1.57067,0.940575,-1.56599
0.271807,0.562194,0.0371385;-1.86891,1.0794,-1.30105
0.28267,0.568221,0.0381487;-1.93923,1.00525,-1.25753
0.273226,0.557955,0.0286708;-1.5619,0.948524,-1.5766
0.26983,0.556123,0.0286657;-1.5736,0.830363,-1.56588
0.270398,0.556792,0.0286437;-1.57107,0.87589,-1.5674
0.272507,0.556724,0.0286372;-1.57045,0.954534,-1.56856
0.306561,0.568629,0.0347233;-1.73781,1.14855,-1.39672
0.32378,0.577651,0.0373696;-1.95545,1.11193,-1.22088
0.320425,0.57405,0.0326473;-1.75177,1.08805,-1.40892
0.314333,0.570304,0.0286423;-1.57275,1.00415,-1.56685
0.314214,0.570166,0.0286652;-1.57213,0.995146,-1.56597
0.315158,0.570546,0.0285809;-1.5708,1.04388,-1.57059
0.332419,0.574732,0.0312496;-1.56363,1.20096,-1.55211
0.355145,0.585274,0.0386303;-2.02736,1.22523,-1.1246
0.363505,0.587868,0.0372608;-2.04231,1.17613,-1.12985
0.348536,0.578598,0.0285718;-1.56871,1.03782,-1.57121
0.34845,0.578117,0.0286572;-1.57386,1.00487,-1.56588
0.348802,0.578163,0.0286862;-1.57283,1.03542,-1.56484
0.359032,0.578516,0.029757;-1.55814,1.21298,-1.56718
0.381676,0.585209,0.0341727;-1.86486,1.2817,-1.27501
0.396663,0.592106,0.0383178;-2.17897,1.22707,-0.995126
0.383196,0.581947,0.0285572;-1.57024,1.11417,-1.57175
0.381319,0.581874,0.0286757;-1.57591,1.04645,-1.56438
0.381037,0.581174,0.0286685;-1.57258,1.01865,-1.56573
0.384984,0.581566,0.0289053;-1.55118,1.13716,-1.58103
0.400584,0.582944,0.031293;-1.53751,1.24108,-1.57573
0.423447,0.589976,0.0379712;-1.96166,1.28092,-1.17027
0.426902,0.587662,0.0284748;-1.54429,1.20903,-1.59536
0.426442,0.587894,0.0285844;-1.56982,1.18765,-1.57133
0.425726,0.587249,0.0285876;-1.56997,1.15093,-1.57083
0.429578,0.587015,0.0287048;-1.56678,1.29713,-1.5698
0.439104,0.58722,0.0304027;-1.54193,1.37479,-1.57876
0.463177,0.593012,0.0369978;-2.41742,1.39686,-0.723185
0.463399,0.587203,0.0287827;-1.52276,1.30185,-1.61257
0.460547,0.587707,0.028582;-1.57013,1.22994,-1.57114
0.459591,0.586871,0.0286961;-1.57906,1.18118,-1.56076
0.463342,0.587307,0.0286577;-1.57432,1.35842,-1.56288
0.475524,0.586224,0.0302677;-1.52131,1.45716,-1.60073
0.502046,0.590883,0.0363213;-2.90582,1.43924,-0.23264
0.507541,0.589477,0.0310123;-1.98497,1.43217,-1.16037
0.501119,0.589055,0.0285871;-1.56767,1.3441,-1.57395
0.49981,0.58868,0.0287132;-1.5829,1.26595,-1.55635
0.500663,0.588551,0.0285928;-1.57065,1.3154,-1.57011
0.504752,0.587141,0.0290343;-1.50887,1.39161,-1.62347
0.521129,0.586275,0.0320657;-1.52631,1.48048,-1.58541
0.547583,0.587474,0.0359233;-2.41522,1.39864,-0.719976
0.537368,0.584547,0.0285147;-1.55123,1.3856,-1.58957
0.536939,0.584627,0.0285814;-1.57005,1.36953,-1.5714
0.537315,0.58453,0.0286155;-1.57184,1.39517,-1.56796
0.53954,0.583077,0.0286689;-1.57076,1.48546,-1.56658
0.54982,0.579974,0.0301631;1.27423,1.55217,1.88609
0.587553,0.580337,0.0383808;2.84913,1.36458,0.295289
0.579719,0.577532,0.0328584;-3.06412,1.4797,-0.0777406
0.569894,0.576926,0.0285629;-1.56186,1.46376,-1.57979
0.568054,0.576877,0.028685;-1.57685,1.38598,-1.56036
0.569702,0.576724,0.0285781;-1.56995,1.44961,-1.57165
0.573572,0.574245,0.0289677;-1.18756,1.54257,-1.94553
0.620656,0.571412,0.0386063;2.47648,1.37192,0.684345
0.62873,0.569966,0.0365531;2.68453,1.38924,0.461691
0.618156,0.568313,0.0285496;1.48055,1.55237,1.66124
0.61621,0.568737,0.0286143;-1.5696,1.50819,-1.57022
0.617453,0.568768,0.0285769;0,1.5708,3.14153
0.618819,0.567419,0.0287224;1.54131,1.50818,1.60535
0.651829,0.561475,0.0368633;2.04018,1.3227,1.12918
0.665105,0.558617,0.0375625;2.42528,1.32541,0.729914
0.650658,0.556952,0.0286078;1.50429,1.49417,1.63706
0.646958,0.558353,0.0287074;-1.65211,1.53365,-1.48637
0.648005,0.557963,0.028623;1.59288,1.54741,1.55151
0.650142,0.556305,0.0286595;1.57177,1.45252,1.57362
0.650142,0.556305,0.0286595;1.57177,1.45252,1.57362
0.661763,0.551133,0.0303051;1.55485,1.3508,1.60546
0.661763,0.551133,0.0303051;1.55485,1.3508,1.60546
