-0.125,0.125,0.06;-1.57,-2.98023e-08,-1.57
-0.125,0.125,0.06;-1.57,-2.98023e-08,-1.57
-0.125,0.125,0.06;-1.57,-2.98023e-08,-1.57
-0.126102,0.121246,0.0285775;-1.57172,-0.185617,-1.57
-0.125488,0.122171,0.0285774;-1.57067,-0.119407,-1.57115
-0.122625,0.130424,0.0298622;-1.56227,0.00482829,-1.56155
-0.122295,0.148083,0.0348628;-1.68658,0.0517766,-1.55798
-0.119979,0.139582,0.0285781;-1.57004,-0.127962,-1.57103
-0.119233,0.138492,0.0286672;-1.57403,-0.206955,-1.57046
-0.11865,0.137893,0.0286278;-1.57114,-0.242882,-1.56881
-0.118739,0.140114,0.0285774;-1.5702,-0.104034,-1.57162
-0.11508,0.147796,0.0299084;-1.55562,0.0164103,-1.56434
-0.113703,0.168146,0.0352573;-1.59263,0.108948,-1.55059
-0.112067,0.172871,0.0303434;-1.60527,0.0131919,-1.56096
-0.112562,0.167863,0.0285546;-1.5715,-0.0914702,-1.57115
-0.113349,0.167203,0.0286936;-1.57523,-0.167625,-1.56917
-0.112981,0.167724,0.028578;-1.57075,-0.110104,-1.57077
-0.110565,0.172659,0.0292873;-1.5601,-0.0072701,-1.56742
-0.108804,0.192412,0.0335971;-1.58663,0.0944332,-1.5527
-0.108988,0.206071,0.0368204;-1.73129,0.0982668,-1.55429
-0.104649,0.199291,0.032414;-1.65194,0.00297338,-1.57004
-0.103657,0.193497,0.0285685;-1.57101,-0.0993904,-1.57064
-0.103608,0.193464,0.0285793;-1.57076,-0.175515,-1.57079
-0.102529,0.194459,0.0285928;-1.56932,-0.0925716,-1.57161
-0.0992652,0.20387,0.0300997;-1.55875,0.0267814,-1.56066
-0.0986784,0.222534,0.0323121;-1.64472,0.0621123,-1.5536
-0.0955959,0.220336,0.0307035;-1.6223,-0.0170855,-1.57213
-0.0953941,0.215585,0.0286884;-1.57474,-0.19579,-1.57009
-0.0950803,0.215953,0.0287375;-1.57571,-0.196144,-1.56831
-0.0951574,0.216243,0.0285746;-1.57063,-0.132083,-1.5709
-0.0892206,0.236404,0.0320889;-1.5495,0.0923807,-1.55434
-0.0894107,0.259607,0.037054;-1.73889,0.139008,-1.54754
-0.0873458,0.260903,0.0364523;-1.73061,0.07819,-1.55977
-0.0850268,0.249068,0.0285794;-1.5706,-0.125909,-1.57039
-0.0839146,0.248067,0.0285954;-1.57112,-0.195376,-1.57001
-0.0842431,0.248851,0.0286918;-1.57357,-0.153771,-1.56849
-0.0801437,0.257381,0.0297587;-1.55778,0.0487296,-1.56267
-0.0784855,0.278902,0.0345122;-1.62173,0.142314,-1.54866
-0.0780865,0.292153,0.038107;-1.76097,0.130495,-1.54906
-0.0732511,0.27784,0.0285664;-1.57073,-0.0752577,-1.57076
-0.073358,0.277002,0.0287471;-1.57722,-0.143727,-1.5699
-0.0728905,0.276785,0.0286312;-1.57104,-0.163749,-1.56818
-0.0708137,0.280211,0.0288495;-1.56073,0.00216317,-1.56774
-0.0665845,0.295546,0.0315688;-1.54986,0.113177,-1.55594
-0.066371,0.319019,0.0374206;-1.72547,0.169594,-1.54229
-0.0619241,0.31252,0.0285386;-1.56826,-0.0111379,-1.57233
-0.0629777,0.311499,0.0285772;-1.57093,-0.0830742,-1.57064
-0.0618745,0.310521,0.0285872;-1.57039,-0.146262,-1.57019
-0.0608395,0.312685,0.02859;-1.5703,-0.00782334,-1.57083
-0.056544,0.322891,0.0302071;-1.56062,0.108097,-1.56011
-0.054959,0.34592,0.0361058;-1.68605,0.194457,-1.54326
-0.0492213,0.343919,0.0284797;-1.56093,0.0179347,-1.57051
-0.0503511,0.342645,0.028568;-1.57122,-0.0742416,-1.57062
-0.0492015,0.341542,0.0286534;-1.57276,-0.144204,-1.56946
-0.0479655,0.343625,0.0286041;-1.56942,-0.00512277,-1.571
-0.0438712,0.353629,0.0301169;-1.5618,0.109955,-1.56062
-0.0420785,0.377908,0.0356907;-1.70237,0.197424,-1.54257
-0.0367832,0.373882,0.0285876;-1.56454,0.0370893,-1.56957
-0.0378715,0.371544,0.0285659;-1.57093,-0.0417845,-1.57087
-0.0374478,0.370911,0.0287658;-1.5772,-0.10141,-1.56897
-0.036955,0.371815,0.0285803;-1.5705,-0.00497397,-1.57051
-0.033917,0.37747,0.0295805;-1.56043,0.103547,-1.564
-0.0315811,0.397853,0.0337033;-1.61663,0.196652,-1.54518
-0.0299414,0.402822,0.0333373;-1.66171,0.131137,-1.55048
-0.0281517,0.395168,0.0287152;-1.56226,0.0370916,-1.57059
-0.0292277,0.394309,0.0285684;-1.57101,-0.0394142,-1.57085
-0.0292444,0.394359,0.0285797;-1.57082,-0.0449178,-1.57082
-0.0276069,0.396126,0.0285967;-1.56968,0.0498958,-1.5696
-0.0231215,0.406235,0.0305452;-1.55516,0.165322,-1.55848
-0.0207029,0.435109,0.0385624;-1.77436,0.229913,-1.52839
-0.0179434,0.431801,0.0350206;-1.70617,0.160358,-1.55009
-0.0171294,0.421788,0.0285574;-1.57171,0.0438012,-1.5729
-0.0171888,0.420891,0.0286427;-1.57204,-0.055386,-1.5678
-0.0171222,0.422119,0.0285779;-1.57085,0.0200027,-1.57099
-0.0144302,0.425008,0.0289;-1.55832,0.130247,-1.56902
-0.00733478,0.465486,0.038807;-1.77948,0.304767,-1.5158
-0.0044644,0.470174,0.0380195;-1.76813,0.248158,-1.52546
-0.00237232,0.457722,0.0286187;-1.57215,0.150716,-1.57087
-0.00341321,0.45475,0.0286888;-1.57479,-0.0377935,-1.56973
-0.00351331,0.455581,0.0285798;-1.57084,0.032577,-1.57105
-0.00188047,0.456718,0.0286782;-1.56759,0.138217,-1.56948
0.00581739,0.49342,0.0379654;-1.76172,0.332348,-1.51708
0.00925136,0.500983,0.0380795;-1.77143,0.265865,-1.52113
0.0112644,0.489411,0.0287045;-1.57547,0.171526,-1.5712
0.0104118,0.486405,0.0287013;-1.57527,-0.00259263,-1.56943
0.0107538,0.487355,0.0285789;-1.5708,0.057128,-1.57071
0.0121079,0.488309,0.0285815;-1.57066,0.148325,-1.57079
0.0201749,0.525392,0.0379015;-1.76161,0.345934,-1.51444
0.0235179,0.532817,0.0382538;-1.77572,0.27563,-1.52029
0.0255384,0.518901,0.0289058;-1.58598,0.170679,-1.56788
0.0242915,0.515538,0.0287207;-1.57602,0.00691789,-1.56915
0.0242851,0.516126,0.0285755;-1.57076,0.0654369,-1.57095
0.0255287,0.517362,0.0286135;-1.57068,0.137894,-1.56929
0.0341504,0.547765,0.0346787;-1.67251,0.323744,-1.52668
0.0376095,0.556049,0.0376017;-1.76002,0.263065,-1.52245
0.0374742,0.548594,0.0321859;-1.64896,0.222356,-1.54725
0.0371541,0.541285,0.0286078;-1.57145,0.0894763,-1.5687
0.0375751,0.541387,0.028858;-1.57842,0.0787535,-1.56432
0.037806,0.542283,0.0285664;-1.57136,0.145537,-1.57073
0.0419189,0.546287,0.0291897;-1.56182,0.268136,-1.56736
0.0537649,0.581765,0.0379984;-1.77262,0.396047,-1.49584
0.0561313,0.580032,0.0357165;-1.72651,0.327623,-1.52116
0.0551547,0.568014,0.0285022;-1.57209,0.224326,-1.57119
0.0552141,0.566674,0.0286214;-1.57102,0.130264,-1.56868
0.0551544,0.568209,0.028566;-1.57097,0.205207,-1.57139
0.0576243,0.569853,0.0286722;-1.56888,0.304244,-1.56874
0.0725352,0.603755,0.0369267;-1.72408,0.482259,-1.4946
0.077671,0.611225,0.0379814;-1.77927,0.413098,-1.48902
0.0767089,0.59841,0.028665;-1.56267,0.320237,-1.5741
0.0758631,0.597047,0.0287023;-1.57455,0.196458,-1.56788
0.0763429,0.598121,0.0286062;-1.57113,0.258314,-1.56917
0.0778024,0.599091,0.0286015;-1.56986,0.343754,-1.57072
0.0939419,0.631295,0.035744;-1.73988,0.539733,-1.48401
0.0986608,0.637717,0.0379756;-1.78539,0.471532,-1.47441
0.0969545,0.624679,0.028217;-1.55237,0.376495,-1.57948
0.0957917,0.623722,0.0286955;-1.57394,0.290655,-1.56731
0.0958685,0.624557,0.0286307;-1.57104,0.330082,-1.56825
0.097408,0.625384,0.028575;-1.57087,0.415057,-1.57095
0.11492,0.650745,0.0342985;-1.67083,0.620808,-1.49744
0.120834,0.6605,0.0384553;-1.8097,0.592923,-1.43881
0.12037,0.651795,0.0333494;-1.68665,0.515422,-1.51326
0.117136,0.643696,0.0286853;-1.5736,0.381211,-1.56704
0.117314,0.64352,0.0286552;-1.57101,0.374661,-1.56693
0.117866,0.64455,0.0285792;-1.57073,0.438182,-1.57079
0.132291,0.6567,0.0313325;-1.55065,0.655763,-1.56168
0.145511,0.676855,0.0369431;-1.78949,0.700781,-1.42762
0.149331,0.6796,0.037931;-1.81023,0.651033,-1.42591
0.143782,0.666104,0.0285715;-1.57,0.497364,-1.57061
0.143875,0.665246,0.0286705;-1.5738,0.450843,-1.56763
0.144314,0.665952,0.0287472;-1.5748,0.48689,-1.56432
0.152411,0.67025,0.0296834;-1.5568,0.689246,-1.56904
0.167215,0.686051,0.0333229;-1.64158,0.781176,-1.50141
0.176111,0.697412,0.0385091;-1.84918,0.770343,-1.37797
0.170607,0.683871,0.0284832;-1.57249,0.616126,-1.56996
0.169987,0.683275,0.0286233;-1.5713,0.566753,-1.5683
0.170108,0.682923,0.0286418;-1.57122,0.549242,-1.56746
0.174406,0.685033,0.0287999;-1.56463,0.733127,-1.56882
0.186924,0.69419,0.0313097;-1.54858,0.837396,-1.56598
0.203921,0.712595,0.0373402;-1.84974,0.891406,-1.35381
0.202251,0.703411,0.0284581;-1.55577,0.744272,-1.58094
0.20062,0.703219,0.0285436;-1.57042,0.679985,-1.57134
0.200667,0.702095,0.0286673;-1.57342,0.629209,-1.56717
0.203633,0.703347,0.0286041;-1.57087,0.78389,-1.56965
0.213901,0.709038,0.0303823;-1.55521,0.893596,-1.56837
0.232494,0.725931,0.0361089;-1.84218,0.96705,-1.34741
0.231699,0.718257,0.0283888;-1.54607,0.81819,-1.5886
0.230576,0.71791,0.0285805;-1.56988,0.746352,-1.57107
0.23044,0.716873,0.0286964;-1.57465,0.693079,-1.5657
0.233066,0.718446,0.0286236;-1.56984,0.856378,-1.56998
0.242369,0.721996,0.0302029;-1.55269,0.967343,-1.5701
0.261511,0.736655,0.0347391;-1.81443,1.04257,-1.35374
0.263437,0.732336,0.0319511;-1.6947,0.920522,-1.47232
0.258986,0.728601,0.0285773;-1.56959,0.841109,-1.57181
0.258616,0.728028,0.0287133;-1.57605,0.800631,-1.56423
0.260148,0.728673,0.0285789;-1.57071,0.882812,-1.57099
0.265317,0.728873,0.029079;-1.55424,0.996703,-1.57715
0.281583,0.735894,0.0318152;-1.56371,1.09819,-1.55255
0.3022,0.746667,0.0369501;-1.92184,1.05131,-1.26396
0.29242,0.737095,0.0284712;-1.54415,0.977545,-1.59386
0.291839,0.737444,0.0285764;-1.57055,0.91895,-1.57098
0.292569,0.73754,0.0286096;-1.57177,0.936062,-1.56884
0.294835,0.737397,0.0286512;-1.57076,1.03672,-1.56763
0.304185,0.738715,0.0301186;-1.54761,1.15352,-1.57582
0.334752,0.752626,0.0387522;-2.11163,1.16379,-1.06985
0.328934,0.746876,0.033576;-1.81927,1.12913,-1.3464
0.322642,0.742856,0.0285379;-1.57049,1.04925,-1.57146
0.322187,0.742403,0.0286669;-1.57134,0.992168,-1.56591
0.323332,0.742929,0.0285806;-1.57057,1.06389,-1.57088
0.328163,0.74235,0.0289421;-1.54984,1.18287,-1.58263
0.366569,0.754692,0.0378607;-2.25911,1.2788,-0.905698
0.370401,0.754121,0.0371089;-2.12413,1.23317,-1.04517
0.359006,0.746951,0.0284921;-1.55739,1.17168,-1.58359
0.357636,0.746213,0.0286186;-1.57136,1.0672,-1.56865
0.358954,0.746741,0.0285754;-1.57027,1.13814,-1.57164
0.361095,0.746147,0.0286228;-1.56918,1.23744,-1.57034
0.397948,0.754228,0.0360962;-2.39778,1.36926,-0.753179
0.407252,0.754534,0.0379506;-2.32981,1.29048,-0.833574
0.395226,0.747784,0.0283945;-1.51167,1.27089,-1.62754
0.392986,0.747638,0.0287061;-1.57889,1.13903,-1.56074
0.394225,0.748099,0.0286499;-1.57128,1.20915,-1.56698
0.396599,0.748017,0.0286584;-1.56994,1.31612,-1.56785
0.396599,0.748017,0.0286584;-1.56994,1.31612,-1.56785
0.40722,0.747587,0.030326;-1.52354,1.423,-1.59988
0.40722,0.747587,0.030326;-1.52354,1.423,-1.59988
