-0.125,0.125,0.06;-1.57,-2.98023e-08,-1.57
-0.125,0.125,0.06;-1.57,-2.98023e-08,-1.57
-0.125,0.125,0.06;-1.57,-2.98023e-08,-1.57
-0.125975,0.119726,0.0286027;-1.56978,-0.18259,-1.56962
-0.124849,0.121756,0.0286591;-1.57039,-0.09978,-1.56739
-0.12193,0.130408,0.0301474;-1.56564,0.0136645,-1.55219
-0.122356,0.15201,0.0356859;-1.69458,0.0396017,-1.55473
-0.120399,0.138229,0.0285166;-1.57323,-0.12603,-1.57144
-0.120169,0.136631,0.0286222;-1.57018,-0.189093,-1.56803
-0.12004,0.136221,0.0286692;-1.57104,-0.201877,-1.56649
-0.119811,0.139846,0.0286846;-1.56847,-0.0405577,-1.56741
-0.115815,0.148587,0.0299509;-1.56263,0.0672242,-1.55534
-0.11345,0.173052,0.0343523;-1.63458,0.151923,-1.54099
-0.110607,0.177891,0.0313844;-1.61389,0.0651777,-1.55333
-0.111586,0.170191,0.0285867;-1.57055,-0.0238456,-1.57036
-0.112082,0.16881,0.0286771;-1.57279,-0.0847568,-1.56832
-0.111509,0.170216,0.0285858;-1.57065,-0.00948461,-1.5703
-0.108108,0.176166,0.0294944;-1.56456,0.101821,-1.55994
-0.105094,0.196569,0.0329864;-1.61644,0.190009,-1.54106
-0.104761,0.211974,0.0375871;-1.7453,0.177059,-1.53499
-0.102232,0.203174,0.0332299;-1.66392,0.104294,-1.55797
-0.102535,0.193774,0.0285593;-1.57051,0.00736729,-1.57098
-0.102621,0.193522,0.0285821;-1.57081,-0.020626,-1.57073
-0.100923,0.195031,0.0286525;-1.56825,0.074469,-1.5696
-0.0962352,0.203962,0.0302514;-1.56452,0.191271,-1.55255
-0.0929811,0.222452,0.0330608;-1.6407,0.219404,-1.53986
-0.0913743,0.218944,0.0312146;-1.6253,0.148869,-1.55989
-0.0931012,0.211563,0.0286432;-1.57092,-0.00875374,-1.56779
-0.0930771,0.211733,0.0286871;-1.57188,-0.00288293,-1.56624
-0.0925427,0.213104,0.0285794;-1.57101,0.0689339,-1.5707
-0.0828904,0.23238,0.0315099;-1.56678,0.280586,-1.54444
-0.0789084,0.257317,0.0380095;-1.73613,0.308652,-1.51194
-0.0766834,0.260609,0.0372726;-1.74854,0.251216,-1.52426
-0.0785163,0.24373,0.028581;-1.57067,0.0851303,-1.57054
-0.0780788,0.242631,0.0286337;-1.57076,0.043037,-1.56824
-0.0782107,0.244118,0.0286567;-1.57093,0.0996769,-1.567
-0.0712439,0.252471,0.0298865;-1.56288,0.299442,-1.55751
-0.0639535,0.274221,0.0343614;-1.64482,0.382527,-1.52335
-0.0588788,0.291007,0.0380684;-1.77844,0.358682,-1.49883
-0.0601495,0.271586,0.0285425;-1.57022,0.188947,-1.57137
-0.0608017,0.270372,0.0286898;-1.57441,0.129085,-1.56755
-0.0606624,0.270097,0.0286648;-1.57116,0.120552,-1.56658
-0.0567215,0.274475,0.0288907;-1.55868,0.308723,-1.56748
-0.0483205,0.288408,0.0312491;-1.56493,0.414191,-1.54673
-0.0406859,0.31248,0.0382378;-1.75082,0.453852,-1.48524
-0.0389361,0.302423,0.0283786;-1.56661,0.304131,-1.5715
-0.0406169,0.301396,0.0285733;-1.57102,0.243089,-1.57053
-0.0404214,0.300286,0.0286309;-1.57064,0.205609,-1.56815
-0.0374023,0.304165,0.0286902;-1.56965,0.400822,-1.56705
-0.0296659,0.313788,0.0304858;-1.56197,0.499923,-1.55427
-0.0181231,0.338912,0.0367955;-1.72366,0.571357,-1.48106
-0.0132396,0.33545,0.0284138;-1.55169,0.406847,-1.57763
-0.0145369,0.334461,0.0285892;-1.57011,0.339163,-1.57073
-0.0144009,0.333186,0.0286468;-1.57106,0.286744,-1.56757
-0.0112823,0.336145,0.0286485;-1.56968,0.47771,-1.56832
-0.00315896,0.344341,0.0303857;-1.56198,0.584304,-1.55601
0.0102862,0.367055,0.0363621;-1.72938,0.658891,-1.46708
0.0136516,0.361811,0.0285854;-1.55739,0.509802,-1.57382
0.0111495,0.359516,0.0285791;-1.57057,0.447706,-1.57088
0.0108701,0.358588,0.0286819;-1.57266,0.396504,-1.56681
0.0127676,0.360428,0.0285951;-1.5699,0.526716,-1.57039
0.019273,0.364555,0.0297913;-1.56074,0.630246,-1.56221
0.0329138,0.382594,0.0338047;-1.65584,0.712994,-1.49669
0.0382754,0.387671,0.0343126;-1.68888,0.652107,-1.48463
0.0339151,0.377807,0.0285782;-1.55885,0.570826,-1.57386
0.0321425,0.377373,0.0285883;-1.56991,0.496213,-1.57076
0.0320266,0.377337,0.0285776;-1.57105,0.490553,-1.57053
0.0348582,0.378147,0.0287066;-1.56895,0.5888,-1.5675
0.0436937,0.385019,0.030532;-1.56237,0.700311,-1.55453
0.0633475,0.413269,0.0384427;-1.83845,0.727295,-1.39333
0.0619534,0.407331,0.0356717;-1.75728,0.674479,-1.45455
0.0563257,0.39661,0.0284182;-1.57095,0.580868,-1.57113
0.0549304,0.39527,0.0286612;-1.57156,0.505193,-1.56664
0.0563495,0.396602,0.028583;-1.57,0.599574,-1.5712
0.0615461,0.398146,0.0290406;-1.55811,0.713852,-1.57155
0.0912876,0.430959,0.0391867;-1.87299,0.84959,-1.34677
0.0986969,0.43541,0.0388031;-1.86399,0.775509,-1.36623
0.0911599,0.420179,0.0284897;-1.56635,0.699017,-1.57245
0.0865982,0.417434,0.0286293;-1.57111,0.562675,-1.56825
0.0881509,0.418669,0.0285702;-1.57092,0.648502,-1.57101
0.0918144,0.41935,0.0288112;-1.56372,0.753947,-1.56956
0.122718,0.448534,0.0383007;-1.86666,0.906657,-1.34293
0.1314,0.454582,0.0386716;-1.8733,0.830314,-1.34975
0.12472,0.442791,0.0287109;-1.57911,0.769715,-1.5651
0.120642,0.440065,0.0286673;-1.57288,0.634397,-1.56697
0.12227,0.441054,0.0286163;-1.5711,0.718976,-1.56864
0.12577,0.441553,0.0286854;-1.56969,0.825747,-1.56733
0.158375,0.469496,0.0381291;-1.90284,0.979052,-1.3034
0.167164,0.474926,0.0385612;-1.89791,0.898892,-1.31829
0.159841,0.46313,0.0289131;-1.59198,0.836327,-1.55364
0.154308,0.459881,0.0286589;-1.57271,0.683383,-1.56694
0.155541,0.46058,0.0285695;-1.57089,0.761281,-1.57102
0.158154,0.461152,0.0286924;-1.56969,0.839702,-1.56704
0.185966,0.480418,0.0354879;-1.77144,1.00071,-1.39085
0.196143,0.486982,0.0382289;-1.89767,0.921695,-1.30988
0.189248,0.480393,0.0323429;-1.66939,0.916718,-1.47945
0.181188,0.475253,0.0286373;-1.57194,0.764847,-1.56798
0.181536,0.475064,0.0287203;-1.57307,0.766249,-1.56388
0.183028,0.475392,0.0285788;-1.57117,0.833929,-1.57027
0.189361,0.476167,0.0292918;-1.55735,0.951643,-1.57182
0.223599,0.498432,0.0380709;-1.91339,1.0382,-1.2681
0.223596,0.495804,0.0361722;-1.85157,0.986022,-1.33619
0.214105,0.486829,0.0285661;-1.56776,0.906368,-1.57268
0.212383,0.486111,0.0286518;-1.57101,0.825507,-1.5671
0.214113,0.487146,0.0285785;-1.57063,0.9251,-1.57104
0.217857,0.48682,0.0288383;-1.55908,1.03485,-1.57433
0.255196,0.505504,0.0378312;-1.97049,1.17036,-1.19509
0.264959,0.508157,0.0382521;-2.01051,1.0955,-1.17816
0.253972,0.498897,0.0287522;-1.551,1.04555,-1.58714
0.251478,0.498291,0.0286302;-1.57063,0.926675,-1.56828
0.253031,0.499145,0.0286346;-1.57042,1.01156,-1.56854
0.255478,0.498763,0.0286942;-1.56637,1.11179,-1.57059
0.292734,0.513678,0.0369896;-2.03695,1.25345,-1.12278
0.304622,0.516756,0.0382868;-2.08282,1.15927,-1.09689
0.292102,0.506832,0.0284666;-1.52862,1.11192,-1.60836
0.289521,0.506354,0.0286625;-1.57335,0.985153,-1.56543
0.290655,0.506866,0.0286338;-1.57114,1.04889,-1.56785
0.292858,0.506369,0.0285978;-1.5687,1.13875,-1.57266
0.325789,0.514959,0.0350995;-1.93976,1.3172,-1.19728
0.339933,0.520387,0.0385825;-2.2369,1.23883,-0.933208
0.330653,0.51351,0.0330566;-1.82004,1.21676,-1.33153
0.320624,0.509563,0.0286811;-1.57567,1.06242,-1.56369
0.320621,0.509419,0.0286721;-1.573,1.05456,-1.56476
0.322031,0.50962,0.028585;-1.57033,1.1381,-1.57086
0.342101,0.510488,0.0312816;-1.54899,1.35459,-1.56601
0.367062,0.519037,0.0380251;-2.35416,1.33751,-0.796871
0.372965,0.519009,0.0381803;-2.28068,1.27726,-0.882268
0.355801,0.511841,0.0285944;-1.56859,1.17256,-1.5723
0.354969,0.511157,0.0286361;-1.57136,1.12331,-1.56735
0.356232,0.511611,0.0286844;-1.57377,1.16923,-1.56331
0.365891,0.509611,0.0297888;-1.52572,1.37634,-1.60063
0.388553,0.513657,0.0338462;-2.05207,1.44802,-1.07123
0.407629,0.518429,0.0381078;-2.59788,1.34304,-0.556614
0.390952,0.511188,0.028556;-1.57222,1.28863,-1.56988
0.389973,0.511529,0.0286994;-1.58165,1.22689,-1.55778
0.389679,0.511125,0.0286586;-1.57385,1.20815,-1.56402
0.395435,0.509374,0.0289257;-1.50864,1.41762,-1.62482
0.411296,0.508758,0.0311759;-1.42929,1.51949,-1.68603
0.437141,0.513515,0.0382169;3.1303,1.40523,0.0148745
0.426812,0.509044,0.0285132;-1.49758,1.43847,-1.64267
0.425247,0.510256,0.0286153;-1.56228,1.36731,-1.57847
0.424205,0.509808,0.0286277;-1.57086,1.3182,-1.56816
0.428492,0.508659,0.0287243;-1.52764,1.51687,-1.60927
0.440841,0.505584,0.0305051;1.42049,1.52396,1.74191
0.468116,0.506593,0.0369371;2.43977,1.38951,0.713301
0.46547,0.501674,0.0287446;-1.3055,1.52602,-1.83514
0.46371,0.502962,0.0286416;-1.54434,1.46143,-1.59648
0.462732,0.50237,0.0286307;-1.56752,1.41037,-1.57106
0.466238,0.500668,0.0286796;1.38067,1.55925,1.76361
0.476639,0.497134,0.0303355;1.51145,1.45044,1.64912
0.502005,0.495935,0.0360346;2.10816,1.34209,1.05394
0.501242,0.49204,0.030893;2.25187,1.49505,0.89519
0.495237,0.492648,0.0285765;-1.55303,1.54871,-1.58846
0.494124,0.492408,0.0286674;-1.59369,1.49993,-1.5454
0.495769,0.491683,0.0285798;1.57233,1.55699,1.56933
0.500453,0.488175,0.0291087;1.50766,1.44,1.64147
0.519133,0.482996,0.0319102;1.62082,1.33791,1.54795
0.542907,0.478099,0.0370116;2.28719,1.31905,0.872533
0.52699,0.477795,0.0285423;1.55026,1.48404,1.59465
0.525216,0.479217,0.0285791;1.59797,1.55609,1.54417
0.525716,0.478858,0.0285992;1.56393,1.52579,1.57898
0.527467,0.477177,0.0286629;1.56249,1.43887,1.58204
0.53674,0.471659,0.0300271;1.54893,1.32731,1.60892
0.573278,0.463447,0.0385579;2.17953,1.21239,0.991481
0.561545,0.462554,0.0326945;1.93154,1.33888,1.22207
0.552833,0.464296,0.0285507;1.57446,1.44859,1.56688
0.551413,0.464734,0.0286686;1.57486,1.5072,1.57122
0.553,0.464219,0.0285844;1.5685,1.43771,1.57314
0.55666,0.460263,0.0289785;1.5287,1.32144,1.61937
0.595957,0.44744,0.0385852;1.99375,1.14729,1.1872
0.599452,0.444609,0.0376143;2.08501,1.19411,1.08416
0.584435,0.445865,0.028406;1.53419,1.33392,1.60682
0.581958,0.447098,0.0286352;1.57096,1.44231,1.57337
0.584113,0.446706,0.0285655;1.56651,1.34385,1.5748
0.586098,0.444242,0.0287693;1.55968,1.24209,1.58678
0.622142,0.427691,0.0371975;1.8541,1.05027,1.3281
0.631893,0.421615,0.0381308;2.00716,1.0967,1.17472
0.617563,0.423983,0.0284831;1.53931,1.22444,1.60081
0.614991,0.4257,0.0286307;1.5693,1.3457,1.5751
0.616496,0.424845,0.0286337;1.57004,1.26447,1.57427
0.618221,0.422486,0.0286589;1.56829,1.16499,1.57578
0.618221,0.422486,0.0286589;1.56829,1.16499,1.57578
0.626845,0.414918,0.0304252;1.55914,1.05698,1.60131
0.626845,0.414918,0.0304252;1.55914,1.05698,1.60131
