-0.125,0.125,0.06;-1.57,-2.98023e-08,-1.57
-0.125,0.125,0.06;-1.57,-2.98023e-08,-1.57
-0.125,0.125,0.06;-1.57,-2.98023e-08,-1.57
-0.124169,0.130965,0.0286754;-1.56875,-0.137449,-1.56591
-0.124276,0.131825,0.0289482;-1.57467,-0.054564,-1.556
-0.126941,0.118691,0.0324796;-1.63561,0.0346693,-1.5689
-0.127343,0.0916913,0.0363414;-1.43383,0.0917814,-1.58194
-0.129171,0.105854,0.0287463;-1.57186,-0.056721,-1.56122
-0.128931,0.106715,0.0289129;-1.55778,-0.0560206,-1.5668
-0.128574,0.107064,0.0288817;-1.55796,-0.03411,-1.56858
-0.127916,0.108219,0.0289244;-1.57215,0.0704155,-1.55411
-0.131651,0.0968686,0.031829;-1.62263,0.153902,-1.55989
-0.134003,0.0687909,0.0378202;-1.48872,0.24943,-1.59805
-0.137402,0.0658208,0.0335777;-1.48013,0.180429,-1.58642
-0.137003,0.0757891,0.0288172;-1.57721,0.102184,-1.56225
-0.136535,0.0766144,0.0288315;-1.56339,0.0609556,-1.5666
-0.135957,0.0768288,0.0288664;-1.571,0.129039,-1.55695
-0.13926,0.0707499,0.03064;-1.60477,0.202916,-1.56072
-0.144662,0.0468259,0.0372514;-1.58135,0.305351,-1.58177
-0.147998,0.0288257,0.0377815;-1.399,0.323736,-1.62049
-0.149695,0.0339673,0.0339071;-1.46785,0.255628,-1.59568
-0.147139,0.045577,0.0286335;-1.56818,0.177556,-1.56182
-0.146599,0.0468127,0.0286807;-1.57067,0.19097,-1.56607
-0.147155,0.0475419,0.0289791;-1.57721,0.274081,-1.55401
-0.15551,0.0327967,0.0328999;-1.64784,0.366847,-1.54297
-0.164005,0.00856921,0.0358025;-1.49713,0.432137,-1.60342
-0.166192,0.00782094,0.0316747;-1.50718,0.38549,-1.5925
-0.163577,0.0129853,0.0288983;-1.55803,0.328547,-1.57155
-0.163074,0.013242,0.028921;-1.55541,0.362303,-1.57406
-0.161955,0.0139011,0.0288345;-1.57102,0.429689,-1.55831
-0.178619,-0.00921313,0.0356186;-1.64847,0.603306,-1.53797
-0.190031,-0.0314595,0.0378861;-1.36273,0.659518,-1.69333
-0.191732,-0.0330494,0.0365292;-1.39024,0.629018,-1.67326
-0.185207,-0.0224351,0.0287033;-1.57183,0.533492,-1.56343
-0.184441,-0.021871,0.0288655;-1.55768,0.54485,-1.57498
-0.183479,-0.0217152,0.0288311;-1.56074,0.603331,-1.5727
-0.19356,-0.0284504,0.0322794;-1.65445,0.746933,-1.51139
-0.211877,-0.049455,0.0384884;-1.51377,0.844895,-1.62589
-0.222843,-0.0614251,0.0378749;-1.31195,0.848255,-1.76014
-0.214456,-0.0495704,0.0286831;-1.56768,0.734841,-1.56417
-0.213649,-0.0490842,0.0289004;-1.5558,0.723357,-1.57639
-0.212816,-0.0490495,0.0288996;-1.55258,0.753184,-1.58105
-0.214845,-0.0495964,0.0297044;-1.60381,0.899282,-1.53599
-0.234929,-0.062799,0.0351793;-1.68614,0.996233,-1.48367
-0.253553,-0.0809248,0.0384445;-1.20294,1.04171,-1.88465
-0.244946,-0.0695644,0.0285827;-1.58288,0.923198,-1.55569
-0.242182,-0.0681002,0.0287463;-1.56793,0.87257,-1.56615
-0.241718,-0.0681119,0.028879;-1.5517,0.881026,-1.5832
-0.240884,-0.0678249,0.0289972;-1.58581,1.02378,-1.54478
-0.257082,-0.0743141,0.0331582;-1.73919,1.11335,-1.42226
-0.280478,-0.0890188,0.038921;-1.26985,1.19092,-1.857
-0.279537,-0.0853487,0.0285768;-1.60652,1.11761,-1.53574
-0.277783,-0.0850107,0.0287656;-1.56937,1.08487,-1.56371
-0.277167,-0.0850868,0.0288601;-1.54889,1.08934,-1.58677
-0.275779,-0.0851536,0.0288924;-1.58908,1.19294,-1.54291
-0.28754,-0.0877035,0.0326441;-1.7981,1.26812,-1.35548
-0.310011,-0.097134,0.0393982;-1.28842,1.36279,-1.86065
-0.317127,-0.0977431,0.0300011;-1.44713,1.33043,-1.6874
-0.314535,-0.0972062,0.028786;-1.57036,1.28267,-1.56051
-0.313755,-0.0971789,0.0288498;-1.54267,1.27987,-1.59281
-0.312987,-0.0979106,0.0288677;-1.5724,1.32853,-1.55533
-0.319452,-0.0969718,0.0312315;-1.81982,1.39926,-1.32143
-0.342475,-0.100315,0.0384544;-1.94299,1.50429,-1.21563
-0.359661,-0.101995,0.0346236;-0.295768,1.45637,-2.84039
-0.354296,-0.0997199,0.0288825;-1.46961,1.47922,-1.66621
-0.352283,-0.0998033,0.0287381;-1.5737,1.44354,-1.55999
-0.351353,-0.0997828,0.0287411;-1.57178,1.4586,-1.56202
-0.351452,-0.0987512,0.0290522;-1.85598,1.53602,-1.27193
-0.368694,-0.0955033,0.0334371;2.4721,1.46954,0.670393
-0.408033,-0.0960834,0.0381818;0.806846,1.32731,2.32782
-0.406051,-0.0941529,0.0352696;0.767807,1.39953,2.36834
-0.395336,-0.0943252,0.0287627;1.73754,1.51315,1.41056
-0.39392,-0.0949944,0.0288786;1.35884,1.51458,1.78507
-0.392524,-0.0959626,0.0288493;1.57381,1.41523,1.58132
-0.396373,-0.0933873,0.0299203;1.67095,1.35829,1.48066
-0.445603,-0.0851085,0.03928;1.09546,1.14626,2.01342
-0.447819,-0.0820574,0.0382898;1.06285,1.20064,2.05217
-0.436615,-0.0827511,0.030009;1.46188,1.29641,1.67706
-0.431861,-0.0846253,0.0288657;1.52495,1.33925,1.61876
-0.430949,-0.0858273,0.0287268;1.57366,1.25434,1.57596
-0.431376,-0.0850518,0.0291356;1.60236,1.22922,1.55089
-0.469852,-0.0700334,0.0407114;1.39827,1.03766,1.70748
-0.480143,-0.0635803,0.0368855;1.25513,1.04235,1.84676
-0.471656,-0.0658466,0.0290833;1.54055,1.1062,1.59845
-0.46915,-0.0680094,0.0288222;1.55081,1.14587,1.59285
-0.468281,-0.0696151,0.0287245;1.57263,1.06853,1.57682
-0.468082,-0.0694248,0.028868;1.5871,1.05447,1.56293
-0.495476,-0.0523339,0.0414083;1.52815,0.875129,1.58342
-0.504693,-0.0440329,0.0375325;1.4002,0.895131,1.69602
-0.501921,-0.0462162,0.0294728;1.53556,0.910054,1.60232
-0.50014,-0.0483062,0.0288211;1.55949,0.950468,1.58508
-0.499739,-0.0495482,0.0287562;1.5711,0.895528,1.57909
-0.500064,-0.0494092,0.0288407;1.57235,0.902504,1.5817
-0.520199,-0.0283347,0.0398681;1.57902,0.720974,1.54789
-0.530319,-0.0163552,0.0359973;1.42191,0.709752,1.66976
-0.531112,-0.0164675,0.0329946;1.46739,0.687388,1.63951
-0.526167,-0.0204418,0.0288175;1.56268,0.774501,1.58221
-0.526143,-0.0218301,0.0289165;1.55274,0.726947,1.58564
-0.525918,-0.0229908,0.028876;1.57103,0.67501,1.58508
-0.527873,-0.016631,0.0305523;1.60958,0.602002,1.55531
-0.55577,0.0223565,0.0380307;1.3851,0.440399,1.65582
-0.557174,0.0240926,0.0351408;1.43061,0.458955,1.64092
-0.553443,0.0175417,0.0287408;1.57087,0.508248,1.57856
-0.553441,0.0162883,0.0288066;1.5635,0.518737,1.57904
-0.553814,0.0149663,0.0287619;1.57092,0.464732,1.57944
-0.553664,0.015261,0.028906;1.57659,0.438858,1.5798
-0.570158,0.04886,0.039632;1.44516,0.266647,1.59968
-0.57327,0.0586665,0.0367848;1.41293,0.287137,1.62099
-0.571648,0.0521111,0.0284887;1.57856,0.307872,1.57125
-0.571671,0.0504964,0.0287858;1.56517,0.358696,1.57736
-0.572074,0.0493996,0.0287066;1.57184,0.306161,1.5774
-0.571878,0.0493658,0.0288365;1.57302,0.28949,1.5809
-0.579482,0.0815511,0.040044;1.5012,0.111806,1.56617
-0.58171,0.0960104,0.0368246;1.4145,0.120705,1.59537
-0.580797,0.0905656,0.0290728;1.55109,0.147541,1.5782
-0.580539,0.0879007,0.0287918;1.56604,0.187128,1.57719
-0.580992,0.0870068,0.0287776;1.56638,0.150466,1.57656
-0.580998,0.0867677,0.0288552;1.57116,0.137527,1.58432
-0.581613,0.115292,0.0395019;1.56059,-0.0335052,1.55505
-0.583291,0.134432,0.0369495;1.4173,-0.0635738,1.56781
-0.584016,0.13415,0.033034;1.48385,-0.0530652,1.57281
-0.584775,0.128244,0.0287832;1.56795,0.00322036,1.57786
-0.585022,0.127942,0.0287778;1.56634,-0.00604299,1.57581
-0.585531,0.127366,0.0288101;1.57106,-0.0353509,1.58196
-0.582401,0.140585,0.0346395;1.65689,-0.144767,1.57539
-0.582033,0.162694,0.0410976;1.48793,-0.224976,1.54502
-0.580188,0.175606,0.0368035;1.41557,-0.235395,1.5407
-0.582392,0.17007,0.0287397;1.57129,-0.188009,1.57918
-0.5827,0.16915,0.0287436;1.56903,-0.186076,1.57652
-0.583068,0.168971,0.0289269;1.56247,-0.207151,1.57356
-0.581381,0.172239,0.0305543;1.59915,-0.272265,1.58352
-0.575163,0.189961,0.0389692;1.62047,-0.381346,1.57335
-0.569764,0.2112,0.0381993;1.42618,-0.426013,1.51437
-0.571795,0.211158,0.0287478;1.57138,-0.388101,1.57925
-0.571968,0.210642,0.028776;1.56841,-0.36235,1.57722
-0.572281,0.210239,0.0287669;1.56666,-0.371246,1.57441
-0.572696,0.209795,0.0289377;1.57714,-0.428268,1.5827
-0.566462,0.219825,0.0337519;1.64382,-0.510047,1.59988
-0.559459,0.240656,0.0404725;1.4561,-0.595553,1.50008
-0.557433,0.244889,0.0286513;1.5809,-0.563944,1.57802
-0.557832,0.244765,0.0287584;1.57072,-0.510466,1.57924
-0.558287,0.24446,0.0287737;1.56491,-0.511648,1.57268
-0.559732,0.243859,0.0288302;1.57385,-0.584273,1.58321
-0.553826,0.250361,0.0323969;1.64698,-0.656475,1.61464
-0.541886,0.268961,0.040041;1.49077,-0.75386,1.50271
-0.536922,0.276508,0.0285329;1.57827,-0.736202,1.579
-0.537438,0.276236,0.0287575;1.57101,-0.70585,1.57956
-0.537682,0.275752,0.0287309;1.56918,-0.69433,1.57573
-0.538183,0.275521,0.0288298;1.57245,-0.733826,1.58335
-0.534025,0.277439,0.0317096;1.63933,-0.780788,1.61892
-0.521277,0.290298,0.040565;1.61132,-0.888801,1.58286
-0.505999,0.303815,0.0316124;1.4754,-0.909418,1.49965
-0.508215,0.303183,0.0288005;1.57155,-0.898251,1.58193
-0.509064,0.302399,0.0287456;1.56896,-0.883423,1.57609
-0.510105,0.302375,0.0288453;1.57118,-0.913393,1.58391
-0.509145,0.3022,0.0293644;1.58462,-0.928101,1.58904
-0.499531,0.30753,0.0359447;1.74558,-1.01109,1.7098
-0.470761,0.325575,0.0350041;1.30996,-1.09417,1.34149
-0.474812,0.324686,0.0286217;1.59143,-1.10043,1.59445
-0.475177,0.324524,0.028699;1.56945,-1.0888,1.576
-0.476186,0.324055,0.0287214;1.56772,-1.08737,1.57336
-0.476351,0.324112,0.0288573;1.57137,-1.10459,1.58494
-0.473586,0.324148,0.0310995;1.65478,-1.13185,1.65003
-0.440319,0.337452,0.0390979;1.33896,-1.27768,1.34611
-0.435553,0.339286,0.0326537;1.30645,-1.26927,1.32154
-0.438778,0.33909,0.0287557;1.57431,-1.26104,1.58335
-0.440492,0.33899,0.0287985;1.55436,-1.25048,1.5605
-0.441426,0.339425,0.0288351;1.57151,-1.29013,1.58381
-0.440646,0.338704,0.0292068;1.60797,-1.30603,1.61494
-0.406203,0.346889,0.0410815;0.82548,-1.44585,0.823303
-0.395453,0.348077,0.0361338;0.679372,-1.38913,0.692225
-0.402049,0.348349,0.028766;1.6194,-1.44294,1.62313
-0.403716,0.348104,0.0287194;1.56438,-1.4032,1.57002
-0.404285,0.348609,0.0287133;1.57808,-1.44458,1.58524
-0.404367,0.348499,0.0288437;1.58741,-1.45669,1.59934
-0.37625,0.350996,0.0404198;-0.905747,-1.51346,-0.921658
-0.361858,0.350098,0.0357555;-0.267953,-1.43654,-0.271456
-0.366367,0.35004,0.0286181;-1.9498,-1.54741,-1.94914
-0.366917,0.350338,0.0287105;1.55232,-1.55995,1.55851
-0.367394,0.350727,0.0287609;-1.47961,-1.55624,-1.4723
-0.367445,0.350606,0.0287977;-1.6192,-1.5434,-1.60894
-0.367445,0.350606,0.0287977;-1.6192,-1.5434,-1.60894
-0.363556,0.348758,0.0322711;-2.22726,-1.4739,-2.22633
-0.363556,0.348758,0.0322711;-2.22726,-1.4739,-2.22633
