-0.125,0.125,0.06;-1.57,-2.98023e-08,-1.57
-0.125,0.125,0.06;-1.57,-2.98023e-08,-1.57
-0.125,0.125,0.06;-1.57,-2.98023e-08,-1.57
-0.12466,0.130043,0.0286958;-1.57064,-0.157833,-1.5649
-0.124755,0.130634,0.0289409;-1.57444,-0.0819767,-1.55647
-0.127491,0.11653,0.0319151;-1.62409,0.0192732,-1.57085
-0.128118,0.0933635,0.0365895;-1.42595,0.0714551,-1.58198
-0.130365,0.107763,0.0287093;-1.57263,-0.0834741,-1.56128
-0.12988,0.10887,0.0288846;-1.55952,-0.0781767,-1.56641
-0.129307,0.109588,0.0288856;-1.55744,-0.0371775,-1.56878
-0.128875,0.110014,0.0289383;-1.57287,0.0437471,-1.5549
-0.132718,0.0962429,0.0315255;-1.61675,0.138948,-1.56203
-0.13551,0.0683405,0.0367882;-1.42357,0.234852,-1.61004
-0.138257,0.0713375,0.0333488;-1.48333,0.166824,-1.5862
-0.138075,0.0811694,0.0287719;-1.57735,0.0851698,-1.56331
-0.137547,0.0823545,0.0288332;-1.56348,0.0480726,-1.56631
-0.136664,0.0832743,0.0288645;-1.57096,0.15401,-1.55701
-0.140475,0.0748538,0.0304575;-1.60255,0.237083,-1.56124
-0.146997,0.0485365,0.0360059;-1.49009,0.338594,-1.60987
-0.149593,0.0397808,0.0382401;-1.38386,0.334798,-1.63175
-0.150885,0.0469019,0.0343839;-1.45845,0.26183,-1.6013
-0.148349,0.0593103,0.0286902;-1.57153,0.171889,-1.56078
-0.147637,0.0605112,0.028692;-1.57081,0.191778,-1.56537
-0.148093,0.0609558,0.0289544;-1.57549,0.266783,-1.55483
-0.1565,0.045489,0.0322983;-1.63505,0.372051,-1.54936
-0.164922,0.0241309,0.0359429;-1.42427,0.417668,-1.63115
-0.165808,0.0294337,0.0322378;-1.49475,0.344877,-1.5966
-0.162078,0.0370086,0.028893;-1.55879,0.270843,-1.5704
-0.160881,0.0377558,0.028908;-1.55706,0.338751,-1.57241
-0.160069,0.0384571,0.0288238;-1.5711,0.385803,-1.55891
-0.176976,0.012335,0.0350526;-1.58734,0.559818,-1.5736
-0.184919,-0.00576225,0.0396214;-1.32699,0.595924,-1.70688
-0.186225,-0.00313652,0.0371606;-1.38446,0.545029,-1.66869
-0.179454,0.0137267,0.028732;-1.57048,0.399609,-1.5638
-0.178236,0.0146595,0.0288698;-1.55842,0.418636,-1.57309
-0.176999,0.0150351,0.0288275;-1.56254,0.502763,-1.57003
-0.186821,0.00537668,0.031713;-1.63344,0.634404,-1.53257
-0.202852,-0.0184386,0.0365779;-1.38899,0.723568,-1.70082
-0.20743,-0.0237508,0.0390312;-1.31467,0.711657,-1.738
-0.199165,-0.00624309,0.0287454;-1.57234,0.556897,-1.56007
-0.198195,-0.00570995,0.0288971;-1.55774,0.543007,-1.57336
-0.196959,-0.00549171,0.028896;-1.55533,0.59554,-1.57696
-0.199094,-0.0064587,0.0295219;-1.59412,0.718642,-1.54649
-0.216985,-0.0237784,0.034534;-1.62044,0.828565,-1.54437
-0.230837,-0.0412142,0.0396428;-1.25744,0.866509,-1.81038
-0.223103,-0.0240966,0.0285794;-1.57791,0.714491,-1.56089
-0.22038,-0.0223995,0.0287547;-1.56787,0.66895,-1.56544
-0.218967,-0.0220536,0.0288799;-1.55523,0.691803,-1.57819
-0.217648,-0.0221928,0.02899;-1.58187,0.833363,-1.54953
-0.232964,-0.0327437,0.0327369;-1.67025,0.928167,-1.49564
-0.252209,-0.0512924,0.038485;-1.23731,0.995742,-1.85264
-0.244285,-0.036859,0.0284736;-1.58741,0.849964,-1.5534
-0.240677,-0.0352316,0.0287487;-1.56933,0.804517,-1.56384
-0.239582,-0.0351424,0.0288864;-1.55369,0.820881,-1.58011
-0.238292,-0.0355491,0.0289431;-1.58288,0.968052,-1.54968
-0.254455,-0.0437954,0.0323304;-1.6817,1.06253,-1.47932
-0.275085,-0.0598698,0.0384278;-1.1573,1.12073,-1.94648
-0.26843,-0.0487934,0.0302559;-1.50835,1.01194,-1.62271
-0.263906,-0.0464206,0.028815;-1.57144,0.948602,-1.55877
-0.262824,-0.0463083,0.0288712;-1.55347,0.94939,-1.5809
-0.26133,-0.0468898,0.0288716;-1.57135,1.07014,-1.5561
-0.272804,-0.0502002,0.0310199;-1.66719,1.15016,-1.48188
-0.29731,-0.0620604,0.0364245;-1.25338,1.23562,-1.88341
-0.302105,-0.062492,0.0353444;-1.22218,1.20301,-1.8971
-0.294893,-0.0573486,0.0293169;-1.5131,1.14422,-1.62008
-0.29143,-0.0563664,0.0286938;-1.57357,1.09573,-1.56067
-0.290103,-0.0559084,0.0287632;-1.56865,1.12577,-1.56481
-0.291124,-0.0552906,0.0290073;-1.59241,1.2033,-1.53685
-0.310977,-0.0586734,0.0327845;-1.80372,1.3112,-1.34985
-0.339684,-0.0688586,0.0387766;-0.72249,1.32078,-2.40002
-0.337098,-0.0653893,0.0358811;-1.03302,1.30138,-2.09255
-0.324685,-0.0601699,0.0287851;-1.59498,1.247,-1.54124
-0.322127,-0.0606079,0.0288684;-1.5346,1.25315,-1.60257
-0.320823,-0.0612288,0.0288371;-1.57371,1.33945,-1.55494
-0.32641,-0.0600618,0.0299761;-1.70407,1.39843,-1.43241
-0.373795,-0.0692001,0.0403727;0.0215918,1.35746,3.12292
-0.374194,-0.0667286,0.0387169;-0.304131,1.37396,-2.83337
-0.359192,-0.0598936,0.0304083;-1.35323,1.39775,-1.78573
-0.350004,-0.0599621,0.0288787;-1.5183,1.35022,-1.61904
-0.347889,-0.061161,0.0287432;-1.58242,1.47747,-1.55037
-0.350211,-0.0598856,0.0293134;-1.86187,1.52315,-1.27154
-0.398302,-0.0623799,0.039678;0.593492,1.32911,2.53702
-0.399828,-0.059384,0.0385455;0.352779,1.37363,2.77904
-0.38316,-0.0540603,0.0296722;-1.10815,1.51647,-2.03386
-0.376561,-0.0549843,0.0288704;-1.46203,1.47438,-1.67547
-0.37468,-0.0566935,0.0287059;1.58967,1.53824,1.55861
-0.376325,-0.0554755,0.0291365;1.72098,1.48579,1.42795
-0.424111,-0.0514246,0.0391085;0.943949,1.2471,2.17248
-0.425387,-0.0481028,0.0381054;0.835971,1.30772,2.2839
-0.411596,-0.045501,0.0303577;1.24436,1.45668,1.89627
-0.404836,-0.0470241,0.0288529;1.4219,1.50894,1.72345
-0.403591,-0.0487508,0.0287617;1.5736,1.39854,1.57715
-0.404125,-0.0485472,0.0288421;1.57294,1.38328,1.58146
-0.442399,-0.0380728,0.0377661;1.24287,1.17687,1.86296
-0.448691,-0.0349154,0.0373079;1.12715,1.18219,1.98635
-0.444774,-0.0353785,0.0340758;1.26674,1.22035,1.8584
-0.435217,-0.0374078,0.0288142;1.54502,1.34999,1.60167
-0.433715,-0.0390948,0.028924;1.52755,1.27212,1.61611
-0.433334,-0.0395568,0.028877;1.57139,1.23586,1.58487
-0.439433,-0.0343575,0.0304261;1.64945,1.15591,1.50477
-0.478379,-0.0169868,0.0392729;1.21275,0.980524,1.87644
-0.474203,-0.0156855,0.0361994;1.27567,1.06124,1.83005
-0.460567,-0.0197431,0.028716;1.60939,1.17575,1.54122
-0.458409,-0.022246,0.0288631;1.54158,1.1808,1.60042
-0.457814,-0.0238041,0.0287603;1.57163,1.08917,1.57902
-0.458898,-0.0220385,0.0292048;1.59372,1.05014,1.56242
-0.498313,0.00209985,0.0395187;1.27067,0.844173,1.80078
-0.498338,0.00533276,0.0379917;1.28343,0.906815,1.79849
-0.483538,-0.000131515,0.0288811;1.54927,1.02908,1.59005
-0.480162,-0.00406068,0.0288949;1.54492,1.06907,1.59627
-0.479339,-0.00614282,0.0287295;1.57126,0.962311,1.57767
-0.479449,-0.00502792,0.0290103;1.58678,0.90972,1.57
-0.515667,0.0248198,0.0387391;1.32846,0.709744,1.7316
-0.517858,0.0287711,0.037583;1.33949,0.745833,1.73184
-0.508072,0.0231648,0.0295514;1.53224,0.840015,1.60192
-0.50502,0.0186628,0.0288666;1.55453,0.880588,1.58684
-0.50464,0.0173246,0.0287855;1.56338,0.806032,1.5809
-0.504114,0.0173819,0.0289322;1.57579,0.756007,1.58243
-0.530552,0.0526325,0.0370788;1.41255,0.5585,1.64595
-0.535058,0.059079,0.0387016;1.34898,0.54879,1.69135
-0.530674,0.0561824,0.0336688;1.45236,0.607872,1.6399
-0.525919,0.0491566,0.0288733;1.55838,0.679198,1.58321
-0.526004,0.0482408,0.0288673;1.55768,0.640887,1.58199
-0.525949,0.0472747,0.0288101;1.57095,0.590566,1.58181
-0.536766,0.0754297,0.0346629;1.60551,0.409878,1.54645
-0.548516,0.0949644,0.0392981;1.36626,0.337042,1.64096
-0.548786,0.0975381,0.0374221;1.39259,0.360391,1.63762
-0.541335,0.0853548,0.0287107;1.57119,0.489133,1.57876
-0.541322,0.0836518,0.0288534;1.5602,0.475866,1.57949
-0.541503,0.0828169,0.028862;1.56033,0.421608,1.5791
-0.542031,0.0951273,0.0315168;1.61998,0.28172,1.55925
-0.550624,0.121985,0.0366764;1.47303,0.182864,1.57755
-0.553941,0.13203,0.0388288;1.37868,0.163635,1.60593
-0.546655,0.117542,0.0285218;1.56579,0.313433,1.58015
-0.546679,0.116579,0.0288854;1.56003,0.332879,1.57904
-0.547104,0.115644,0.028867;1.55905,0.295325,1.57688
-0.547176,0.117631,0.0294759;1.58463,0.167811,1.57826
-0.549044,0.141807,0.0341836;1.60192,0.0600085,1.55908
-0.554122,0.163619,0.0399124;1.36415,-0.0105001,1.57205
-0.54728,0.150293,0.0289542;1.55511,0.147646,1.57583
-0.547794,0.145998,0.0287298;1.5709,0.19977,1.57876
-0.548433,0.144514,0.0288682;1.55972,0.182421,1.57584
-0.549242,0.143565,0.0290007;1.58,0.0299309,1.58273
-0.546776,0.163747,0.0329863;1.63027,-0.0689667,1.56921
-0.548385,0.189993,0.0387285;1.38638,-0.154926,1.54314
-0.544412,0.182601,0.028847;1.55937,-0.0340142,1.57197
-0.545232,0.179767,0.0287508;1.57134,0.0126518,1.57959
-0.545953,0.178802,0.028847;1.56163,-0.00345451,1.57449
-0.546502,0.178031,0.0290054;1.57796,-0.133207,1.58581
-0.540137,0.196646,0.0327117;1.63749,-0.242284,1.58373
-0.53506,0.224193,0.0375143;1.40791,-0.33064,1.51124
-0.531963,0.224482,0.0321682;1.49201,-0.277972,1.55135
-0.533589,0.218475,0.0287579;1.57104,-0.220088,1.58117
-0.534159,0.217548,0.0288491;1.56191,-0.221469,1.57314
-0.53545,0.217058,0.0288541;1.57098,-0.304566,1.5841
-0.531769,0.221441,0.0300807;1.59533,-0.376102,1.58655
-0.520678,0.244482,0.0357704;1.57446,-0.486808,1.55944
-0.512788,0.262838,0.0363589;1.40212,-0.507955,1.4916
-0.515388,0.254656,0.0287392;1.57618,-0.456442,1.57589
-0.516512,0.253371,0.0287469;1.56927,-0.417622,1.57667
-0.518767,0.252213,0.0287487;1.56734,-0.497385,1.57418
-0.518144,0.251992,0.0289296;1.5745,-0.548164,1.58775
-0.506655,0.26359,0.0323439;1.64724,-0.646692,1.61649
-0.485023,0.29297,0.0386153;1.31812,-0.731626,1.40369
-0.486651,0.287023,0.0335019;1.44956,-0.683567,1.4951
-0.491847,0.279645,0.0287252;1.57107,-0.610307,1.58009
-0.494049,0.278904,0.0288616;1.55723,-0.645697,1.56602
-0.495355,0.278444,0.028843;1.57122,-0.717708,1.58396
-0.490418,0.280901,0.0298556;1.6022,-0.778176,1.60098
-0.456899,0.314414,0.0398415;1.22961,-0.917252,1.29961
-0.45582,0.312766,0.0372831;1.31466,-0.875841,1.37264
-0.46452,0.302323,0.028556;1.57901,-0.804031,1.58108
-0.46871,0.300942,0.0288638;1.55551,-0.783621,1.56292
-0.470869,0.300955,0.0287205;1.57089,-0.887611,1.57762
-0.469811,0.300841,0.0290232;1.58441,-0.927626,1.59474
-0.43091,0.328431,0.0389283;1.16813,-1.08219,1.21244
-0.426968,0.329252,0.0373703;1.2292,-1.05637,1.27266
-0.43523,0.320574,0.0286899;1.56239,-0.99601,1.56444
-0.439098,0.319171,0.0288444;1.5553,-0.956846,1.56198
-0.440728,0.31933,0.0287142;1.5728,-1.03648,1.57983
-0.439821,0.318961,0.0289813;1.58854,-1.08601,1.59815
-0.439821,0.318961,0.0289813;1.58854,-1.08601,1.59815
-0.42227,0.324641,0.0329311;1.75166,-1.18787,1.73381
-0.42227,0.324641,0.0329311;1.75166,-1.18787,1.73381
