-0.125,0.125,0.06;-1.57,-2.98023e-08,-1.57
-0.125,0.125,0.06;-1.57,-2.98023e-08,-1.57
-0.125,0.125,0.06;-1.57,-2.98023e-08,-1.57
-0.12398,0.131565,0.0287074;-1.56906,-0.135335,-1.56583
-0.124031,0.132188,0.0288963;-1.57224,-0.0759235,-1.55656
-0.125963,0.126482,0.0319417;-1.62229,-0.0195555,-1.56753
-0.128263,0.105529,0.0355818;-1.51933,0.0226269,-1.57587
-0.12882,0.114163,0.0287462;-1.57265,-0.093399,-1.5606
-0.128333,0.114898,0.0289452;-1.55552,-0.089699,-1.56689
-0.127982,0.115251,0.0288759;-1.5583,-0.0720485,-1.56799
-0.127647,0.11668,0.0289114;-1.57156,0.0236965,-1.55472
-0.131386,0.106654,0.0322307;-1.63034,0.106908,-1.56119
-0.133717,0.0817918,0.0389374;-1.54846,0.193969,-1.58823
-0.135708,0.0786882,0.0328933;-1.49427,0.132745,-1.58044
-0.135141,0.0881872,0.0287376;-1.57437,0.0578866,-1.56301
-0.134988,0.0887922,0.0288579;-1.5612,0.0231823,-1.56703
-0.134375,0.0892474,0.0288609;-1.57103,0.0817715,-1.55725
-0.136848,0.0847268,0.0305829;-1.60317,0.143894,-1.5604
-0.141278,0.0680499,0.0370522;-1.65563,0.217241,-1.56499
-0.145421,0.051604,0.0372963;-1.44018,0.230033,-1.60369
-0.146632,0.0575843,0.0333612;-1.47947,0.162734,-1.58436
-0.144801,0.0675652,0.0286982;-1.56971,0.0982018,-1.56167
-0.144449,0.0686958,0.0287365;-1.56749,0.10529,-1.56697
-0.144955,0.0697155,0.028956;-1.57528,0.175603,-1.55466
-0.150363,0.0616941,0.0329843;-1.63999,0.236458,-1.54715
-0.15719,0.0455191,0.0364756;-1.65776,0.298931,-1.54379
-0.160497,0.0421735,0.0290217;-1.56012,0.266022,-1.57062
-0.159411,0.0442273,0.0289201;-1.55648,0.215335,-1.57133
-0.158951,0.0446091,0.0289063;-1.55685,0.245434,-1.57188
-0.158188,0.0453551,0.0288271;-1.57106,0.307443,-1.5587
-0.173303,0.0236943,0.0364876;-1.69388,0.473637,-1.52449
-0.182305,0.00178113,0.0401114;-1.43033,0.529718,-1.64663
-0.186334,-0.00169495,0.0374986;-1.38468,0.484118,-1.656
-0.180093,0.0138123,0.0287235;-1.57018,0.387327,-1.56452
-0.17943,0.0143136,0.0288213;-1.56245,0.394212,-1.57007
-0.178782,0.0145388,0.0288141;-1.56359,0.434241,-1.56912
-0.183051,0.0103062,0.0308867;-1.61058,0.529108,-1.54744
-0.192066,-0.00384482,0.0383963;-1.61157,0.60186,-1.56142
-0.196093,-0.00825257,0.0403399;-1.49691,0.567641,-1.61904
-0.188789,0.00477918,0.0287719;-1.57119,0.449217,-1.56125
-0.188273,0.00493807,0.0289322;-1.55486,0.447858,-1.57473
-0.187583,0.0052133,0.0288848;-1.55666,0.484223,-1.57511
-0.187509,0.00547642,0.0292735;-1.58163,0.536388,-1.55455
-0.196202,-0.00349555,0.0350063;-1.69684,0.625735,-1.49787
-0.204372,-0.0164841,0.0421267;-1.55885,0.659858,-1.59389
-0.201223,-0.00931797,0.0286443;-1.571,0.599829,-1.56754
-0.201059,-0.00929197,0.0287695;-1.56855,0.572309,-1.5643
-0.200696,-0.00910872,0.0287709;-1.56475,0.576307,-1.57002
-0.200063,-0.00907184,0.0288179;-1.5711,0.609666,-1.55893
-0.20593,-0.0151982,0.0316377;-1.63082,0.689305,-1.53336
-0.215515,-0.0295157,0.0398746;-1.53727,0.758354,-1.60921
-0.221303,-0.029504,0.0286129;-1.57287,0.716711,-1.56577
-0.221224,-0.0293372,0.0287474;-1.5711,0.683615,-1.5624
-0.220924,-0.0289258,0.02876;-1.56626,0.680733,-1.56851
-0.220489,-0.0288711,0.0287942;-1.57122,0.703218,-1.56012
-0.226054,-0.0323391,0.0320117;-1.64786,0.784042,-1.51662
-0.236034,-0.0440064,0.0399119;-1.59548,0.849311,-1.57201
-0.23802,-0.0396339,0.0286973;-1.57134,0.782422,-1.56521
-0.237536,-0.0390874,0.028781;-1.57152,0.737928,-1.56038
-0.237046,-0.0389469,0.0288976;-1.55404,0.747146,-1.57907
-0.23621,-0.0387582,0.0288661;-1.57117,0.786512,-1.5567
-0.241579,-0.0399771,0.0313287;-1.63932,0.856161,-1.51181
-0.255546,-0.0487293,0.0379604;-1.72567,0.935978,-1.45785
-0.267155,-0.0564992,0.0323696;-1.46351,0.943796,-1.65766
-0.259131,-0.0496674,0.0287601;-1.5891,0.857615,-1.55292
-0.258299,-0.0495685,0.028712;-1.57153,0.805859,-1.56375
-0.257466,-0.0490487,0.0287511;-1.5691,0.827481,-1.56468
-0.257961,-0.0476495,0.0291;-1.58599,0.903087,-1.54422
-0.270101,-0.0507936,0.0339087;-1.72537,0.977903,-1.43832
-0.287062,-0.0623051,0.0413186;-1.57116,1.01345,-1.58092
-0.278609,-0.0600773,0.0339037;-1.5302,0.919634,-1.60604
-0.273415,-0.0585555,0.0287385;-1.57111,0.863252,-1.56281
-0.27218,-0.0585112,0.0288674;-1.55083,0.902262,-1.5849
-0.270972,-0.0582701,0.028839;-1.57102,0.960149,-1.55813
-0.273893,-0.0577328,0.0299574;-1.60774,1.00942,-1.52808
-0.288371,-0.0662959,0.0409112;-1.73689,1.06458,-1.4363
-0.283572,-0.0679771,0.0387664;-1.59954,0.988111,-1.55867
-0.2748,-0.0681252,0.0287577;-1.58388,0.914447,-1.55966
-0.27409,-0.0681467,0.0289041;-1.54648,0.934906,-1.58907
-0.273349,-0.0680446,0.0287447;-1.57096,0.984737,-1.56279
-0.274598,-0.0674799,0.0292183;-1.60237,1.0369,-1.53322
-0.296622,-0.076415,0.0409397;-1.79279,1.13955,-1.38814
-0.300707,-0.0800469,0.0397312;-1.58234,1.09385,-1.57734
-0.295475,-0.0776925,0.0287674;-1.58859,1.02344,-1.55549
-0.294666,-0.0775506,0.0288627;-1.54841,1.03512,-1.58777
-0.293714,-0.0776726,0.0287375;-1.57249,1.09032,-1.56156
-0.294716,-0.0769189,0.0290259;-1.60533,1.13917,-1.53461
-0.31886,-0.086589,0.0408467;-1.54082,1.22582,-1.62421
-0.317094,-0.0851847,0.0400421;-1.47624,1.14441,-1.68017
-0.304505,-0.08051,0.0288539;-1.58973,1.07768,-1.55016
-0.303578,-0.080902,0.0289165;-1.54215,1.05111,-1.5935
-0.302323,-0.0808762,0.0287219;-1.57093,1.11214,-1.56388
-0.30239,-0.0805978,0.0288889;-1.57509,1.13709,-1.55362
-0.325454,-0.0831528,0.0388721;-1.95852,1.26537,-1.20854
-0.329101,-0.0834468,0.0377033;-1.57678,1.23702,-1.56807
-0.322278,-0.0822696,0.0298441;-1.61078,1.20228,-1.5291
-0.318391,-0.0829665,0.0288463;-1.54934,1.1201,-1.58632
-0.317782,-0.0831209,0.0289089;-1.53444,1.18421,-1.6022
-0.317034,-0.0830922,0.0288549;-1.57195,1.22347,-1.55643
-0.321811,-0.081088,0.0307019;-1.70251,1.30039,-1.43326
-0.356991,-0.0848529,0.0412138;-1.32136,1.41033,-1.82866
-0.357244,-0.0861266,0.0338754;-1.16095,1.3356,-1.97815
-0.347517,-0.0842857,0.0286227;-1.56335,1.27941,-1.57322
-0.346193,-0.0843808,0.0288335;-1.53734,1.31436,-1.59943
-0.344972,-0.0848027,0.0287547;-1.57051,1.36587,-1.56272
-0.346346,-0.0841037,0.0290898;-1.63433,1.43591,-1.49625
-0.385708,-0.0851967,0.0403907;0.195946,1.51241,2.93347
-0.388766,-0.0833646,0.0372369;-0.476737,1.4601,-2.67265
-0.375714,-0.0804964,0.0287382;-1.63111,1.42768,-1.51159
-0.373634,-0.0807543,0.0287572;-1.54359,1.4122,-1.59346
-0.372645,-0.0810686,0.0287146;-1.572,1.46281,-1.56311
-0.37261,-0.08092,0.0288122;-1.61225,1.51592,-1.5179
-0.4061,-0.0794249,0.0395619;1.29406,1.45177,1.83329
-0.415676,-0.0773561,0.0370969;0.776423,1.44201,2.36151
-0.407727,-0.0746089,0.0285028;2.02438,1.55548,1.1203
-0.406325,-0.0747525,0.0286777;1.5776,1.56545,1.56867
-0.405874,-0.074937,0.0287697;1.44535,1.54281,1.70174
-0.405354,-0.0751247,0.0288566;1.57731,1.49535,1.57762
-0.432226,-0.0701575,0.0380995;1.5547,1.31937,1.57677
-0.44436,-0.0659874,0.0381255;1.29501,1.30602,1.84336
-0.446561,-0.0641955,0.031837;1.31803,1.33706,1.82037
-0.443124,-0.0642888,0.0286882;1.57153,1.3674,1.57542
-0.442879,-0.0641861,0.0286789;1.5711,1.37003,1.57527
-0.442516,-0.0643336,0.0288008;1.57161,1.35534,1.58062
-0.449221,-0.0615929,0.0329207;1.70324,1.2704,1.43849
-0.465544,-0.057547,0.0414749;1.51435,1.20564,1.61258
-0.474606,-0.0540543,0.0361214;1.30098,1.19908,1.82461
-0.470171,-0.0536143,0.0287253;1.57206,1.26544,1.57665
-0.469519,-0.0537053,0.0286833;1.57094,1.26249,1.57563
-0.469343,-0.0537207,0.0288202;1.55065,1.24968,1.5951
-0.469828,-0.0523183,0.0298889;1.61198,1.18228,1.53741
-0.484483,-0.0458177,0.0375591;1.63703,1.09045,1.4975
-0.496607,-0.0397429,0.0399931;1.44264,1.07019,1.67908
-0.495405,-0.0394996,0.028703;1.57105,1.13298,1.57647
-0.494991,-0.0398492,0.0287336;1.56794,1.12282,1.57945
-0.494642,-0.0399816,0.0286873;1.57066,1.11777,1.57594
-0.494019,-0.0404641,0.0288202;1.57607,1.06811,1.57544
-0.501969,-0.0357465,0.0319502;1.6064,0.990965,1.53757
-0.51528,-0.0279472,0.0408585;1.48488,0.948236,1.63251
-0.514681,-0.0249942,0.0286316;1.57864,1.03319,1.56521
-0.51404,-0.0254321,0.0287509;1.57125,1.05505,1.57873
-0.513715,-0.0253629,0.028679;1.57079,1.06663,1.57571
-0.513146,-0.0267175,0.0287865;1.5717,0.987001,1.58044
-0.515767,-0.0230966,0.0318003;1.65717,0.937958,1.50081
-0.529508,-0.0140843,0.0399945;1.62044,0.856901,1.51343
-0.533279,-0.00850617,0.0286088;1.57497,0.908401,1.56727
-0.533146,-0.00895464,0.0287606;1.57062,0.938298,1.57936
-0.532908,-0.00942939,0.0288196;1.55828,0.933306,1.58494
-0.532285,-0.0105191,0.0288465;1.57327,0.851087,1.58056
-0.535054,-0.00433098,0.0325385;1.65942,0.783862,1.5113
-0.546288,0.00910124,0.0395757;1.68804,0.679924,1.47924
-0.557489,0.0244255,0.029754;1.53825,0.650955,1.5923
-0.557202,0.0235016,0.028756;1.57103,0.647878,1.57912
-0.556978,0.0234786,0.0287556;1.56755,0.670523,1.57864
-0.556969,0.0232083,0.0288186;1.57103,0.661083,1.58215
-0.556792,0.0240233,0.0292612;1.58502,0.631743,1.56737
-0.562801,0.0349229,0.0357991;1.67914,0.547832,1.50198
-0.579418,0.0595909,0.0360993;1.41214,0.478996,1.64928
-0.574443,0.0538002,0.0285856;1.58252,0.526267,1.56769
-0.57386,0.0524069,0.0287451;1.56906,0.567565,1.57827
-0.573932,0.0506001,0.0287345;1.56715,0.521038,1.57686
-0.574083,0.0505598,0.0288435;1.57117,0.518233,1.58348
-0.574519,0.0546495,0.0314496;1.61912,0.460727,1.55417
-0.579791,0.073323,0.0411655;1.58791,0.37904,1.557
-0.578035,0.0753872,0.0307696;1.55106,0.397913,1.57981
-0.57757,0.0739693,0.0286905;1.57078,0.44524,1.57648
-0.577616,0.0731856,0.0288544;1.5587,0.437993,1.57827
-0.577731,0.0724472,0.0288074;1.57141,0.414313,1.58162
-0.577164,0.0736734,0.029477;1.58358,0.375905,1.57625
-0.582896,0.0983027,0.0420478;1.60227,0.245882,1.54769
-0.583516,0.107505,0.0379651;1.53331,0.247569,1.57234
-0.582314,0.10518,0.0286231;1.57181,0.287306,1.57181
-0.58233,0.104322,0.0287459;1.56685,0.291403,1.57608
-0.582374,0.103896,0.0287113;1.57144,0.278106,1.577
-0.582094,0.103707,0.0288226;1.57338,0.236108,1.58086
-0.585362,0.123077,0.040253;1.5377,0.15971,1.55602
-0.585053,0.128218,0.038499;1.50551,0.18443,1.57016
-0.581697,0.122123,0.0287237;1.57846,0.246877,1.56912
-0.58188,0.121297,0.0288256;1.56194,0.248911,1.57624
-0.582004,0.120535,0.0287091;1.57075,0.225156,1.57701
-0.581869,0.120484,0.028774;1.57276,0.191834,1.58011
-0.581869,0.120484,0.028774;1.57276,0.191834,1.58011
-0.581739,0.126056,0.0316408;1.62112,0.14832,1.5607
-0.581739,0.126056,0.0316408;1.62112,0.14832,1.5607
