-0.125,0.125,0.06;-1.57,-2.98023e-08,-1.57
-0.125,0.125,0.06;-1.57,-2.98023e-08,-1.57
-0.125,0.125,0.06;-1.57,-2.98023e-08,-1.57
-0.124637,0.13019,0.0287231;-1.56918,-0.154546,-1.56511
-0.124699,0.131076,0.0289442;-1.57492,-0.0770151,-1.55629
-0.12701,0.118707,0.0316647;-1.62127,0.00814724,-1.57032
-0.127519,0.092833,0.0364471;-1.42969,0.0881867,-1.58344
-0.128663,0.10073,0.0287515;-1.57116,-0.0231819,-1.56111
-0.128488,0.10175,0.0287732;-1.56736,-0.0208991,-1.5649
-0.128062,0.102274,0.0288104;-1.56326,0.0082292,-1.56731
-0.127508,0.102774,0.0288978;-1.57154,0.0645831,-1.55527
-0.130843,0.0984183,0.0320233;-1.62684,0.125309,-1.55244
-0.136503,0.0840577,0.0394492;-1.75825,0.2196,-1.53725
-0.141793,0.0704488,0.0324522;-1.50139,0.226687,-1.58693
-0.141451,0.0746243,0.0286746;-1.57093,0.169591,-1.56334
-0.141149,0.0752043,0.0287911;-1.56656,0.161325,-1.56544
-0.140682,0.0760382,0.0288515;-1.57101,0.208879,-1.55766
-0.14215,0.0753135,0.0299771;-1.5951,0.245817,-1.56015
-0.145787,0.0668862,0.0367932;-1.72868,0.309216,-1.52863
-0.1509,0.0544592,0.0385323;-1.48343,0.3158,-1.60766
-0.153604,0.0524549,0.0353753;-1.43647,0.283356,-1.60998
-0.152781,0.0579556,0.0286745;-1.56796,0.247948,-1.56214
-0.152596,0.0587995,0.0287061;-1.5709,0.262576,-1.56469
-0.152551,0.0593085,0.0288485;-1.57106,0.291223,-1.55745
-0.155371,0.0568059,0.0310846;-1.61338,0.33713,-1.55488
-0.159175,0.0489155,0.0353198;-1.66353,0.372416,-1.5364
-0.158018,0.0517055,0.028708;-1.56827,0.308367,-1.56796
-0.156781,0.0523375,0.0288085;-1.56501,0.282056,-1.567
-0.15622,0.0528738,0.0287621;-1.5676,0.325424,-1.56611
-0.155924,0.0530427,0.0288233;-1.57093,0.35515,-1.55906
-0.162641,0.0445513,0.0338321;-1.59133,0.41846,-1.57041
-0.17038,0.0286204,0.0406311;-1.38885,0.44956,-1.66428
-0.172993,0.028308,0.0402335;-1.34163,0.392936,-1.67099
-0.164964,0.0460988,0.0287307;-1.57003,0.282214,-1.56429
-0.163986,0.0466957,0.0288885;-1.55736,0.303894,-1.57267
-0.162963,0.0471747,0.0288056;-1.56493,0.376065,-1.56756
-0.171199,0.034544,0.0309391;-1.61615,0.515567,-1.54886
-0.181046,0.0151152,0.0372989;-1.39948,0.55628,-1.66911
-0.184779,0.010143,0.0401861;-1.32287,0.544668,-1.70547
-0.176107,0.0321813,0.0286234;-1.56757,0.391349,-1.56259
-0.175472,0.032579,0.0289636;-1.553,0.377724,-1.57515
-0.174533,0.0331035,0.0289152;-1.55435,0.423303,-1.57624
-0.176219,0.0325242,0.029625;-1.59771,0.531923,-1.54452
-0.190288,0.017493,0.0358137;-1.70393,0.62595,-1.49873
-0.203842,-0.0040241,0.0398722;-1.35085,0.699969,-1.71709
-0.199684,0.0113653,0.0286044;-1.59061,0.555561,-1.55809
-0.197621,0.0129667,0.0287758;-1.56731,0.502874,-1.56546
-0.196513,0.0134861,0.0288771;-1.55701,0.516392,-1.57517
-0.195458,0.014245,0.0290525;-1.58176,0.627169,-1.54959
-0.204426,0.00926872,0.0340648;-1.6957,0.693989,-1.48188
-0.217005,-0.000596695,0.0410265;-1.84632,0.776171,-1.39072
-0.224899,-0.00572809,0.0287161;-1.58135,0.739203,-1.56093
-0.224672,-0.00621484,0.028764;-1.57039,0.693382,-1.5626
-0.223978,-0.00593769,0.0287804;-1.56472,0.702977,-1.56976
-0.22303,-0.0056188,0.0288821;-1.57572,0.776243,-1.55601
-0.226369,-0.0065079,0.0324978;-1.67533,0.817404,-1.48994
-0.233504,-0.0100075,0.0399605;-1.90816,0.872296,-1.31898
-0.242234,-0.0142027,0.028927;-1.55774,0.879777,-1.57881
-0.2422,-0.0142708,0.0288002;-1.57119,0.847648,-1.55988
-0.241813,-0.0140323,0.0287307;-1.56777,0.839913,-1.56793
-0.241343,-0.0137592,0.0288472;-1.57115,0.885343,-1.55766
-0.243624,-0.0138443,0.030029;-1.60947,0.919132,-1.53755
-0.251562,-0.0183366,0.0374466;-1.8056,0.973735,-1.38703
-0.256446,-0.01967,0.0324343;-1.48701,0.943536,-1.64351
-0.255562,-0.0175703,0.0288118;-1.58866,0.91866,-1.55153
-0.255604,-0.0178557,0.0287351;-1.5712,0.899533,-1.56274
-0.254993,-0.0176079,0.0287434;-1.57102,0.922093,-1.56276
-0.255103,-0.0172543,0.0288212;-1.57148,0.947024,-1.55781
-0.260151,-0.0179511,0.0312187;-1.63233,0.990637,-1.52059
-0.284906,-0.031786,0.0411451;-1.12062,1.0191,-1.96813
-0.281335,-0.026161,0.0386509;-1.24552,0.96716,-1.85139
-0.267348,-0.0173319,0.0287622;-1.57086,0.915006,-1.56192
-0.265982,-0.0171506,0.0287807;-1.56213,0.941135,-1.57331
-0.265229,-0.0172175,0.0288345;-1.57123,1.00472,-1.55798
-0.269637,-0.0184472,0.0294679;-1.60921,1.07293,-1.5313
-0.30269,-0.0362134,0.0417619;-1.02756,1.11588,-2.07523
-0.304944,-0.0343516,0.0416848;-1.05143,1.07047,-2.04675
-0.288896,-0.0232866,0.0297266;-1.52621,1.02113,-1.60622
-0.282525,-0.0217525,0.028901;-1.54738,0.976448,-1.58772
-0.280608,-0.0218108,0.0287592;-1.57137,1.0837,-1.56151
-0.283469,-0.0215785,0.0294198;-1.60959,1.13796,-1.5258
-0.32842,-0.0394904,0.0398168;-0.85471,1.25224,-2.25944
-0.330923,-0.0372817,0.0393995;-0.978617,1.20062,-2.13366
-0.314975,-0.026241,0.0295113;-1.52121,1.14241,-1.61585
-0.307399,-0.0249534,0.028916;-1.54162,1.08828,-1.59387
-0.305202,-0.0252705,0.0287117;-1.57179,1.20358,-1.56324
-0.306279,-0.0245663,0.0292436;-1.61766,1.24575,-1.51685
-0.333661,-0.0258341,0.0423919;-2.37897,1.3475,-0.800063
-0.346805,-0.0261852,0.0406312;-1.30727,1.3888,-1.84623
-0.347266,-0.0258938,0.0294623;-1.46604,1.37307,-1.67233
-0.344175,-0.0261416,0.0287623;-1.55778,1.32661,-1.57786
-0.342617,-0.0269518,0.0287507;-1.57421,1.41472,-1.55877
-0.343132,-0.0270217,0.0288539;-1.57922,1.41632,-1.54976
-0.356767,-0.024934,0.0392019;-2.9511,1.37134,-0.203685
-0.360497,-0.0237666,0.0384631;-2.88323,1.41326,-0.261351
-0.369536,-0.0226141,0.0310351;-1.42589,1.54768,-1.71629
-0.37129,-0.0226463,0.0287372;-1.53843,1.49261,-1.59791
-0.369853,-0.0230548,0.028796;-1.46627,1.53075,-1.669
-0.369588,-0.0232036,0.0288499;-1.58204,1.54592,-1.54644
-0.369901,-0.0222385,0.0296112;3.12806,1.55308,0.0205453
-0.383849,-0.0191974,0.041484;2.39042,1.43515,0.747878
-0.39209,-0.0170267,0.0357575;0.803456,1.47198,2.32962
-0.389424,-0.0167186,0.0286667;1.6425,1.52989,1.50428
-0.388946,-0.0173871,0.0286723;1.56554,1.52217,1.58019
-0.388468,-0.0176561,0.0287688;1.57214,1.49236,1.57846
-0.388825,-0.0171521,0.0288253;1.59109,1.47815,1.56207
-0.411642,-0.0120749,0.0416931;1.20815,1.35034,1.90634
-0.420249,-0.00829768,0.0409656;0.604251,1.29872,2.50424
-0.401828,-0.00882364,0.0284589;1.92642,1.5037,1.22065
-0.399646,-0.0103252,0.028784;1.48663,1.51014,1.6595
-0.398341,-0.0112424,0.0287122;1.57186,1.4272,1.57617
-0.398824,-0.0109648,0.0288894;1.59647,1.37431,1.5567
-0.430684,-0.0034429,0.0385273;1.05253,1.23633,2.05034
-0.436911,-0.00078144,0.0399272;0.91895,1.21726,2.18725
-0.419882,-0.0025048,0.0288065;1.53803,1.38946,1.60799
-0.415398,-0.0047112,0.0288958;1.48234,1.42235,1.66055
-0.414362,-0.00585714,0.028776;1.54955,1.34668,1.59626
-0.414236,-0.00561782,0.0289082;1.57955,1.30456,1.57761
-0.455355,0.00898823,0.0367082;1.24916,1.09534,1.85585
-0.460709,0.0119488,0.0389213;1.14211,1.09852,1.95968
-0.452979,0.011709,0.0341413;1.28431,1.19284,1.83717
-0.44136,0.00710886,0.0288845;1.5317,1.30304,1.61297
-0.44091,0.00623691,0.0289122;1.52358,1.26243,1.61759
-0.440265,0.00524915,0.0287974;1.57102,1.19716,1.58098
-0.457789,0.0207682,0.0357602;1.80466,1.02986,1.36346
-0.480128,0.0324426,0.0406183;1.34109,0.949511,1.75171
-0.48711,0.0372183,0.037973;1.26971,0.947409,1.82161
-0.473965,0.0314027,0.0287214;1.57261,1.11455,1.57752
-0.472945,0.0304706,0.0287679;1.55644,1.10818,1.58808
-0.472637,0.0296482,0.0288365;1.54945,1.05243,1.59303
-0.475103,0.0348755,0.0313223;1.65752,0.96423,1.50752
-0.484722,0.0457073,0.038649;1.84414,0.857476,1.3543
-0.494738,0.0550489,0.0420034;1.62303,0.834795,1.52145
-0.498725,0.0593797,0.0287209;1.56927,0.883047,1.57929
-0.498585,0.0590668,0.0287646;1.56516,0.910374,1.58107
-0.49829,0.058504,0.0287462;1.56603,0.891331,1.57953
-0.498138,0.0579344,0.0290933;1.58458,0.814229,1.57098
-0.501426,0.063699,0.03444;1.71555,0.754493,1.4731
-0.507019,0.071081,0.0417011;1.76829,0.685153,1.42956
-0.51113,0.0795573,0.0287072;1.5789,0.74293,1.56552
-0.511378,0.0791218,0.0287502;1.57069,0.761679,1.579
-0.511128,0.0787739,0.0286698;1.57082,0.760228,1.57509
-0.510728,0.0783573,0.028777;1.57119,0.700167,1.5805
-0.512925,0.0835529,0.0312222;1.62581,0.656792,1.53484
-0.521262,0.0950823,0.0407705;1.55085,0.592896,1.56098
-0.514628,0.0939142,0.0287798;1.58731,0.726304,1.56149
-0.514155,0.0921977,0.0287705;1.56867,0.749832,1.58017
-0.514342,0.0912792,0.0287655;1.56601,0.730077,1.57929
-0.51389,0.0906848,0.0288527;1.57362,0.610799,1.58169
-0.518408,0.0991271,0.0306323;1.60384,0.564445,1.55302
-0.528684,0.117047,0.0388906;1.44846,0.507759,1.61475
-0.525493,0.120246,0.0336059;1.4549,0.587974,1.6345
-0.521298,0.111687,0.0287698;1.57117,0.650819,1.58098
-0.520979,0.110856,0.028894;1.55616,0.645289,1.5831
-0.521271,0.109123,0.0288538;1.57124,0.546754,1.58391
-0.523213,0.116044,0.0298473;1.59613,0.466675,1.5634
-0.535852,0.140257,0.0344171;1.52149,0.370907,1.57849
-0.539517,0.151397,0.0372855;1.39548,0.38213,1.63646
-0.533036,0.140592,0.0287437;1.5843,0.470225,1.56841
-0.532741,0.138279,0.028748;1.56896,0.518808,1.57831
-0.533354,0.135398,0.0287497;1.56691,0.421305,1.57697
-0.533049,0.135712,0.0289624;1.57513,0.375722,1.58457
-0.534577,0.150336,0.0325669;1.64039,0.28311,1.55107
-0.546493,0.188056,0.0387496;1.38067,0.164683,1.60642
-0.542297,0.183392,0.0334989;1.47487,0.243271,1.59483
-0.538787,0.17416,0.0286622;1.56721,0.327929,1.58034
-0.5395,0.171851,0.0288946;1.55782,0.286379,1.57728
-0.539912,0.170572,0.02883;1.57111,0.224427,1.58293
-0.537872,0.174229,0.0300024;1.60072,0.162064,1.57784
-0.537272,0.213418,0.042537;1.53732,-0.00662719,1.55668
-0.536602,0.228749,0.0384456;1.38152,0.00596163,1.5723
-0.536492,0.219122,0.0287229;1.58258,0.0499254,1.57255
-0.537134,0.217518,0.0287205;1.56925,0.0753176,1.57606
-0.538242,0.216253,0.0287225;1.57099,-0.00418643,1.57774
-0.53811,0.216265,0.028901;1.57568,-0.0138343,1.58176
-0.534741,0.231009,0.0404659;1.71496,-0.130453,1.57368
-0.532675,0.237174,0.0394489;1.57504,-0.110118,1.56013
-0.531331,0.237299,0.0286945;1.5837,-0.0742656,1.57177
-0.531942,0.237185,0.0286689;1.57085,-0.0576883,1.57506
-0.532212,0.236787,0.0287254;1.5705,-0.0961472,1.57742
-0.532026,0.236818,0.0287615;1.57121,-0.117247,1.57958
-0.532026,0.236818,0.0287615;1.57121,-0.117247,1.57958
-0.530078,0.23977,0.0314623;1.62179,-0.151548,1.57594
-0.530078,0.23977,0.0314623;1.62179,-0.151548,1.57594
