-0.125,0.125,0.06;-1.57,-2.98023e-08,-1.57
-0.125,0.125,0.06;-1.57,-2.98023e-08,-1.57
-0.125,0.125,0.06;-1.57,-2.98023e-08,-1.57
-0.124307,0.129399,0.0287047;-1.56952,-0.156902,-1.56549
-0.124507,0.13005,0.0289394;-1.57446,-0.0797293,-1.55652
-0.126915,0.117407,0.0318158;-1.62035,0.00551814,-1.56928
-0.127244,0.0903598,0.0363447;-1.42977,0.0869897,-1.58077
-0.129263,0.100303,0.0287373;-1.57197,-0.0389024,-1.56096
-0.129017,0.101187,0.028866;-1.56108,-0.0385551,-1.56628
-0.128735,0.101745,0.0288575;-1.55977,-0.0212932,-1.56814
-0.128138,0.102868,0.0289392;-1.57302,0.0511145,-1.55525
-0.132696,0.0956794,0.0321045;-1.62427,0.143466,-1.5544
-0.138427,0.0740195,0.039469;-1.60489,0.253731,-1.57575
-0.143509,0.0610827,0.0326245;-1.49189,0.24444,-1.58825
-0.142696,0.0683919,0.0287308;-1.57082,0.169721,-1.56265
-0.142451,0.0692126,0.0288559;-1.56261,0.156444,-1.56673
-0.141959,0.0695588,0.0288712;-1.57109,0.175102,-1.55661
-0.143492,0.0685859,0.0301013;-1.59133,0.218262,-1.55811
-0.148405,0.056877,0.0369936;-1.67353,0.314908,-1.54506
-0.158428,0.0336136,0.0377316;-1.52361,0.408343,-1.59028
-0.161542,0.0331447,0.0312407;-1.50579,0.373583,-1.5923
-0.160174,0.035376,0.028794;-1.57116,0.346924,-1.5602
-0.159856,0.0360816,0.0287072;-1.57089,0.347591,-1.56463
-0.159633,0.0365161,0.0288915;-1.57234,0.372312,-1.5564
-0.163043,0.034396,0.0317488;-1.61894,0.413503,-1.54431
-0.174467,0.0197808,0.0373617;-1.64624,0.526646,-1.53389
-0.181358,0.0110974,0.029315;-1.54217,0.50517,-1.58226
-0.180392,0.0124385,0.0287679;-1.56759,0.493613,-1.56616
-0.180243,0.012693,0.0288121;-1.56423,0.493134,-1.56832
-0.179638,0.0129234,0.0288349;-1.57099,0.522958,-1.55843
-0.185713,0.00714953,0.0340322;-1.65963,0.590294,-1.5238
-0.19505,-0.00598893,0.0424481;-1.60808,0.686916,-1.55977
-0.204014,-0.0163076,0.0360625;-1.49021,0.670057,-1.62231
-0.202624,-0.0126745,0.0287462;-1.56939,0.64549,-1.56466
-0.202145,-0.0123261,0.0287634;-1.56656,0.651633,-1.56788
-0.202083,-0.0121098,0.0287995;-1.56469,0.660706,-1.56869
-0.204793,-0.0137922,0.0302883;-1.6009,0.721283,-1.54731
-0.21241,-0.0211505,0.0386512;-1.62657,0.781504,-1.54597
-0.222671,-0.03166,0.0403245;-1.54092,0.820454,-1.60305
-0.222308,-0.0302828,0.0287795;-1.57124,0.744908,-1.56035
-0.221649,-0.0302061,0.0288508;-1.55917,0.766656,-1.57417
-0.221234,-0.0300087,0.0288086;-1.56271,0.773323,-1.5712
-0.222801,-0.0307932,0.0291898;-1.58686,0.871617,-1.54955
-0.236422,-0.039971,0.0332833;-1.54121,0.92089,-1.60247
-0.248573,-0.049892,0.0403759;-1.23045,0.932381,-1.8552
-0.231072,-0.0297056,0.0288779;-1.59231,0.761291,-1.54951
-0.229052,-0.0285333,0.0287372;-1.57024,0.743772,-1.56374
-0.228291,-0.028439,0.0288512;-1.5567,0.76184,-1.57761
-0.227905,-0.0283459,0.0289544;-1.57917,0.866375,-1.55099
-0.241491,-0.0371766,0.0317249;-1.61288,0.939116,-1.53968
-0.256772,-0.0518361,0.039473;-1.21297,0.982673,-1.87149
-0.248124,-0.0365956,0.0287665;-1.59437,0.851253,-1.55249
-0.246899,-0.036237,0.0287551;-1.57027,0.812528,-1.56326
-0.246097,-0.0361056,0.0288505;-1.55555,0.821767,-1.57844
-0.244096,-0.0357791,0.0289446;-1.57996,0.963597,-1.55029
-0.256599,-0.0402303,0.0331522;-1.71958,1.04437,-1.44232
-0.278315,-0.0542054,0.0395687;-1.3478,1.13026,-1.78778
-0.283266,-0.053478,0.0298057;-1.51702,1.09154,-1.61727
-0.281261,-0.052499,0.0287946;-1.57104,1.02845,-1.56003
-0.280403,-0.0522659,0.0288218;-1.55978,1.02399,-1.57432
-0.279769,-0.0524866,0.0288845;-1.57177,1.04976,-1.5551
-0.284982,-0.0521635,0.0310201;-1.65055,1.11882,-1.4886
-0.305652,-0.0578548,0.0384029;-1.77174,1.22444,-1.39323
-0.332802,-0.0656892,0.0342844;-1.17173,1.30441,-1.95373
-0.330277,-0.0629203,0.0290434;-1.51175,1.27661,-1.62179
-0.329032,-0.0625567,0.0287356;-1.57208,1.2287,-1.56179
-0.328377,-0.0626994,0.028756;-1.56982,1.23112,-1.56335
-0.328071,-0.0618424,0.0290121;-1.59439,1.29546,-1.5323
-0.338812,-0.060676,0.0331058;-1.89626,1.35762,-1.24591
-0.383059,-0.0676017,0.037163;-0.249509,1.41829,-2.89171
-0.385931,-0.0667885,0.0347182;-0.40293,1.44665,-2.73287
-0.381256,-0.0674663,0.0287074;-1.61058,1.50071,-1.52247
-0.380042,-0.0675488,0.0287848;-1.51554,1.4828,-1.62088
-0.379361,-0.0681119,0.0288353;-1.57485,1.52996,-1.55447
-0.380152,-0.0677642,0.029218;-1.72457,1.53264,-1.40825
-0.411347,-0.0686346,0.0423308;1.15485,1.42231,1.96542
-0.421619,-0.0657168,0.0373825;0.653625,1.40072,2.4717
-0.414875,-0.064017,0.0290439;1.36869,1.50351,1.77424
-0.411637,-0.0647424,0.0287217;1.53994,1.53876,1.60732
-0.411028,-0.0652802,0.0287654;1.57298,1.50305,1.57751
-0.411133,-0.0651505,0.0288015;1.60282,1.50126,1.54793
-0.431322,-0.0618475,0.0419167;1.7611,1.32143,1.3652
-0.442049,-0.0584253,0.039741;1.49717,1.34747,1.63156
-0.441779,-0.0569485,0.0286232;1.58033,1.35785,1.56225
-0.441133,-0.0574436,0.028714;1.56818,1.366,1.57919
-0.440861,-0.0576425,0.0287554;1.57145,1.35901,1.57855
-0.440653,-0.0575074,0.0287326;1.57694,1.3433,1.57141
-0.450369,-0.0538699,0.0416894;1.8097,1.22969,1.32335
-0.464955,-0.0490511,0.0401909;1.59928,1.21571,1.52766
-0.469475,-0.0479335,0.028684;1.57223,1.22653,1.57477
-0.468849,-0.0483355,0.0287459;1.56434,1.22161,1.58277
-0.468854,-0.0484568,0.0287834;1.57126,1.20577,1.58021
-0.468811,-0.0485052,0.0288304;1.57145,1.19822,1.58232
-0.479273,-0.0425685,0.0398856;1.6845,1.10138,1.45237
-0.49081,-0.0358967,0.0383022;1.53109,1.08473,1.59911
-0.498045,-0.0331123,0.0310034;1.48572,1.0636,1.64715
-0.497123,-0.0338646,0.0287942;1.56305,1.08901,1.58431
-0.496796,-0.0344535,0.0288119;1.55983,1.06169,1.58622
-0.496566,-0.034971,0.028871;1.57139,1.01694,1.58447
-0.500095,-0.0309656,0.0294711;1.5919,0.959977,1.55872
-0.525196,-0.0124057,0.0392189;1.28551,0.84883,1.78715
-0.522413,-0.0122179,0.0348568;1.38675,0.915358,1.71537
-0.514082,-0.0168924,0.0286382;1.56659,1.0047,1.58223
-0.5132,-0.0181808,0.0287975;1.56,0.982803,1.58425
-0.512888,-0.0193147,0.0287739;1.57099,0.934618,1.57995
-0.513232,-0.0178359,0.0291953;1.58733,0.872266,1.56985
-0.543643,0.0102569,0.039718;1.3131,0.701012,1.73846
-0.546204,0.0136172,0.036857;1.37109,0.736857,1.70415
-0.535998,0.00675146,0.0286171;1.57263,0.837672,1.57149
-0.53502,0.00523102,0.0288023;1.56039,0.878655,1.58347
-0.534616,0.00371861,0.0287114;1.57143,0.808175,1.57674
-0.534198,0.00392932,0.0289416;1.57884,0.766398,1.57818
-0.556677,0.0339678,0.0401244;1.48298,0.576643,1.60082
-0.565795,0.0476695,0.0365148;1.39913,0.55754,1.66204
-0.562734,0.0429864,0.0287299;1.56543,0.58658,1.57636
-0.561981,0.0414615,0.0287464;1.56845,0.648597,1.57825
-0.561955,0.0409893,0.0287822;1.56519,0.635284,1.57929
-0.561953,0.0406987,0.0288699;1.57147,0.63115,1.58464
-0.567383,0.0622427,0.0398637;1.66012,0.44345,1.52012
-0.575252,0.0818955,0.0405617;1.54923,0.377498,1.57227
-0.580644,0.0937295,0.0314251;1.51126,0.338087,1.59401
-0.579304,0.0904748,0.0287713;1.56911,0.399932,1.57917
-0.579406,0.0899753,0.0287793;1.56636,0.39067,1.57793
-0.579612,0.0894877,0.0288137;1.5712,0.377416,1.58215
-0.579466,0.100021,0.0349658;1.66959,0.261246,1.54773
-0.583129,0.118078,0.0429657;1.60372,0.167352,1.55035
-0.586468,0.136517,0.0370853;1.52745,0.118485,1.57508
-0.586733,0.139595,0.0287433;1.57105,0.148194,1.57874
-0.586684,0.138897,0.0287079;1.57089,0.150785,1.57695
-0.586739,0.13886,0.028863;1.56175,0.146535,1.57699
-0.58589,0.140083,0.0305737;1.59648,0.110586,1.57577
-0.585277,0.152405,0.0380767;1.65472,0.0180879,1.56063
-0.585553,0.172807,0.0414875;1.5777,-0.0686461,1.56185
-0.584806,0.186318,0.0287439;1.57135,-0.0883615,1.57902
-0.584842,0.185936,0.0287295;1.57044,-0.0856817,1.57757
-0.584925,0.185752,0.0287071;1.5706,-0.0817237,1.57655
-0.584862,0.185518,0.0288881;1.57354,-0.0959888,1.58135
-0.583613,0.188662,0.0329969;1.6362,-0.139754,1.58194
-0.582073,0.20351,0.0424073;1.62606,-0.253233,1.5691
-0.575772,0.227211,0.0286715;1.571,-0.32102,1.57538
-0.575818,0.227292,0.0287602;1.5711,-0.306327,1.57949
-0.575901,0.22702,0.0287071;1.57075,-0.304228,1.57684
-0.575891,0.227054,0.0287767;1.57097,-0.291936,1.58051
-0.575491,0.227268,0.0304778;1.59362,-0.312165,1.57731
-0.573659,0.233256,0.0407923;1.63882,-0.392664,1.57866
-0.56629,0.254616,0.0286952;1.57092,-0.416326,1.57642
-0.56644,0.25395,0.0287656;1.57063,-0.415619,1.57929
-0.566693,0.253533,0.0287212;1.56976,-0.420962,1.57635
-0.566989,0.253342,0.028824;1.5712,-0.447601,1.58274
-0.564417,0.256462,0.0307204;1.60496,-0.47624,1.58668
-0.559379,0.264432,0.0402078;1.61935,-0.537261,1.5773
-0.547193,0.287533,0.0296587;1.54021,-0.590816,1.55814
-0.547795,0.287195,0.0287873;1.57151,-0.555926,1.5815
-0.548237,0.286579,0.0287578;1.56865,-0.568804,1.57632
-0.549295,0.286208,0.0288524;1.57099,-0.61103,1.58408
-0.546479,0.286921,0.0296999;1.59658,-0.66623,1.59472
-0.533591,0.29767,0.036492;1.66603,-0.747308,1.62593
-0.518749,0.314081,0.0358887;1.38396,-0.773974,1.44029
-0.522998,0.309532,0.0286774;1.57795,-0.738188,1.58076
-0.523382,0.309305,0.0287424;1.56978,-0.708916,1.57704
-0.525323,0.308756,0.0287279;1.56876,-0.764843,1.57493
-0.52555,0.308487,0.0288932;1.57239,-0.785842,1.58635
-0.517775,0.312576,0.031938;1.64941,-0.858081,1.63443
-0.486481,0.335948,0.0381271;1.26349,-0.955316,1.31599
-0.489346,0.333905,0.0326917;1.43936,-0.952065,1.46498
-0.493536,0.330492,0.0287818;1.57131,-0.897608,1.581
-0.494983,0.329877,0.0288054;1.56227,-0.903476,1.56961
-0.496403,0.329852,0.0288329;1.57104,-0.965833,1.58313
-0.495191,0.329395,0.0293975;1.59051,-0.993917,1.5983
-0.462328,0.348356,0.0409702;1.36282,-1.17358,1.36776
-0.450292,0.353044,0.0358402;1.24015,-1.15505,1.26725
-0.456065,0.350699,0.0286469;1.59844,-1.15721,1.59893
-0.457658,0.350452,0.0287208;1.56865,-1.11833,1.57464
-0.458388,0.350523,0.0287351;1.57217,-1.14165,1.58002
-0.458524,0.350461,0.0288712;1.57035,-1.14991,1.58412
-0.436753,0.353596,0.0413774;1.75597,-1.33447,1.73528
-0.419941,0.356656,0.0385121;1.48216,-1.36005,1.47776
-0.413015,0.358277,0.0286247;1.57574,-1.4088,1.5786
-0.413619,0.358259,0.0287057;1.57131,-1.36408,1.57743
-0.413886,0.358357,0.0287469;1.56818,-1.37042,1.57561
-0.413831,0.358715,0.0288109;1.57932,-1.35277,1.5892
-0.413831,0.358715,0.0288109;1.57932,-1.35277,1.5892
-0.412907,0.357841,0.0315432;1.78911,-1.38319,1.7904
-0.412907,0.357841,0.0315432;1.78911,-1.38319,1.7904
