-0.125,0.125,0.06;-1.57,-2.98023e-08,-1.57
-0.125,0.125,0.06;-1.57,-2.98023e-08,-1.57
-0.125,0.125,0.06;-1.57,-2.98023e-08,-1.57
-0.124592,0.129607,0.0287259;-1.56932,-0.162903,-1.56494
-0.124662,0.13028,0.0289297;-1.57375,-0.088717,-1.55602
-0.12729,0.115622,0.0314637;-1.61395,0.0148001,-1.5712
-0.127704,0.0913651,0.0362664;-1.43157,0.0894666,-1.58409
-0.13065,0.102185,0.0287269;-1.5721,-0.0555081,-1.56108
-0.130171,0.103792,0.0288537;-1.56217,-0.0502722,-1.56572
-0.129595,0.104435,0.028858;-1.56028,-0.0207873,-1.56764
-0.1291,0.104923,0.0289089;-1.57203,0.058932,-1.55458
-0.1335,0.0928893,0.0316949;-1.61903,0.149281,-1.55937
-0.13815,0.0663962,0.0373052;-1.46539,0.245958,-1.6095
-0.140189,0.0602321,0.0329961;-1.48756,0.247434,-1.59096
-0.140384,0.065487,0.0286313;-1.57566,0.176263,-1.56388
-0.14009,0.0662127,0.0288402;-1.56401,0.150528,-1.56589
-0.139276,0.0669378,0.0288661;-1.57103,0.181211,-1.55687
-0.142074,0.0631258,0.0302273;-1.59561,0.255657,-1.55753
-0.149887,0.0446387,0.0371351;-1.60792,0.370162,-1.57229
-0.159173,0.0205204,0.0375387;-1.3892,0.442808,-1.64835
-0.159905,0.0240017,0.0333954;-1.47117,0.394346,-1.60896
-0.158331,0.0306888,0.0287338;-1.57,0.323152,-1.56201
-0.15748,0.0318773,0.028686;-1.57086,0.333752,-1.56569
-0.157723,0.0324327,0.0289551;-1.57526,0.402404,-1.55337
-0.165301,0.0243757,0.0321839;-1.63128,0.482629,-1.53766
-0.176617,0.0085054,0.0363423;-1.57412,0.559562,-1.57525
-0.182049,0.00149471,0.0311695;-1.50868,0.558873,-1.60346
-0.17994,0.00358887,0.0287534;-1.56886,0.532927,-1.56501
-0.179554,0.00372766,0.0288172;-1.56381,0.546925,-1.56901
-0.179255,0.0038611,0.0288329;-1.57098,0.567774,-1.55849
-0.190911,-0.00624339,0.0347235;-1.66535,0.693978,-1.51553
-0.204831,-0.0229906,0.0400569;-1.44273,0.762301,-1.67347
-0.214108,-0.0324627,0.0362719;-1.36426,0.78179,-1.71731
-0.209709,-0.0294494,0.0287386;-1.57085,0.767646,-1.56312
-0.208935,-0.0288018,0.0287128;-1.57101,0.762387,-1.5642
-0.208717,-0.028838,0.02882;-1.56256,0.773405,-1.57079
-0.210798,-0.0285479,0.0302917;-1.6035,0.836117,-1.54211
-0.224056,-0.0378647,0.0383063;-1.63576,0.939141,-1.53458
-0.240928,-0.048797,0.0380137;-1.35832,0.970087,-1.75405
-0.240469,-0.0487456,0.0287503;-1.57176,0.960769,-1.56197
-0.239885,-0.0484608,0.0287575;-1.56844,0.944214,-1.56559
-0.239475,-0.0482373,0.0287632;-1.56662,0.949278,-1.56786
-0.238982,-0.0482474,0.0289126;-1.57968,1.01241,-1.55383
-0.249572,-0.0529402,0.0334327;-1.67794,1.08167,-1.48256
-0.267063,-0.062119,0.0401515;-1.30035,1.14085,-1.83249
-0.27104,-0.062845,0.0286361;-1.57078,1.14763,-1.56816
-0.270827,-0.062986,0.0287513;-1.5699,1.13366,-1.56376
-0.270376,-0.0627508,0.028709;-1.571,1.13443,-1.56442
-0.269763,-0.0627185,0.0288045;-1.57093,1.17034,-1.55991
-0.274173,-0.0633246,0.0303626;-1.61107,1.21616,-1.53387
-0.288387,-0.0683106,0.0393586;-1.34979,1.27888,-1.80474
-0.301305,-0.0698082,0.0286115;-1.58451,1.31339,-1.55386
-0.301264,-0.0699122,0.0287635;-1.57168,1.31769,-1.56105
-0.301172,-0.0698104,0.0287191;-1.57122,1.31384,-1.56369
-0.301198,-0.0698218,0.028789;-1.56849,1.30152,-1.5635
-0.302686,-0.0706973,0.0299886;-1.5497,1.3475,-1.59377
-0.315441,-0.0739003,0.0389253;-1.24827,1.41694,-1.91173
-0.330039,-0.0750798,0.0298501;-1.33965,1.44898,-1.79798
-0.328519,-0.0752186,0.0288022;-1.57433,1.45088,-1.55628
-0.328003,-0.0750517,0.0287518;-1.565,1.44519,-1.56905
-0.327872,-0.0751962,0.0288353;-1.57305,1.45058,-1.55616
-0.328546,-0.0755597,0.0293876;-1.46285,1.48179,-1.67842
-0.336813,-0.0757236,0.0359819;-0.569381,1.49904,-2.5885
-0.348762,-0.0747981,0.0341661;-0.193583,1.46939,-2.95008
-0.343966,-0.0731413,0.0286286;-1.613,1.51109,-1.52392
-0.343437,-0.0734888,0.0287389;-1.57444,1.5102,-1.55942
-0.343092,-0.0735186,0.0287583;-1.57065,1.51873,-1.56241
-0.342592,-0.0736591,0.0288143;-1.56203,1.54603,-1.5683
-0.346476,-0.0723908,0.0305298;2.22682,1.54172,0.913945
-0.376051,-0.0685418,0.0381427;0.781996,1.38371,2.33828
-0.380317,-0.0670799,0.0346218;0.86927,1.39154,2.26273
-0.376055,-0.0681266,0.0286943;1.58422,1.43531,1.56469
-0.375731,-0.0683184,0.02872;1.57145,1.43574,1.57708
-0.375407,-0.0688534,0.0288446;1.57029,1.39514,1.5839
-0.376721,-0.0688427,0.0287913;1.58499,1.35837,1.56144
-0.395855,-0.0639268,0.040287;0.919799,1.254,2.17838
-0.399802,-0.0611032,0.0372002;0.994329,1.27847,2.12102
-0.395189,-0.0616349,0.0294501;1.48143,1.32902,1.65769
-0.393633,-0.0621821,0.0287185;1.57134,1.33148,1.57697
-0.393359,-0.0626115,0.0287728;1.57101,1.30194,1.57987
-0.393488,-0.0632512,0.0287483;1.56903,1.2632,1.57982
-0.409553,-0.0591651,0.0390084;1.12621,1.15137,1.96876
-0.413156,-0.0567903,0.0369563;1.152,1.17629,1.95766
-0.407238,-0.0570763,0.0292965;1.51474,1.23781,1.62304
-0.405331,-0.0577007,0.0287188;1.57102,1.24714,1.57732
-0.404999,-0.0580961,0.028748;1.57097,1.21732,1.57867
-0.405075,-0.0582159,0.0287423;1.55963,1.19103,1.58516
-0.419189,-0.054823,0.0390087;1.18661,1.08084,1.90284
-0.421916,-0.0522159,0.0369722;1.19445,1.11739,1.90935
-0.416932,-0.0527182,0.0301793;1.47733,1.16904,1.65942
-0.413769,-0.0537759,0.0287507;1.56786,1.20142,1.58067
-0.413429,-0.0545627,0.0287915;1.57158,1.1612,1.5803
-0.413354,-0.0546241,0.0287975;1.57079,1.1438,1.58114
-0.43644,-0.0464689,0.0385273;1.24778,0.961691,1.83708
-0.439772,-0.0438684,0.0365838;1.27759,0.994069,1.8232
-0.438148,-0.0439542,0.034124;1.35582,1.01874,1.75887
-0.434722,-0.0445149,0.0287582;1.56782,1.07403,1.58075
-0.433541,-0.0461189,0.028809;1.56265,1.0332,1.58461
-0.43382,-0.0461817,0.0288656;1.57128,1.01486,1.58427
-0.439966,-0.0425888,0.029133;1.55714,0.938883,1.58315
-0.453251,-0.0354025,0.0386491;1.26191,0.865489,1.81653
-0.451909,-0.0341319,0.0351213;1.35337,0.913746,1.74772
-0.447562,-0.0358469,0.0286324;1.58284,0.954748,1.5655
-0.446249,-0.0367621,0.0287206;1.56993,0.972001,1.57773
-0.446246,-0.0376138,0.0287664;1.57076,0.925206,1.57961
-0.447652,-0.0366723,0.0288256;1.576,0.879128,1.57582
-0.469042,-0.0214597,0.0395967;1.2857,0.73011,1.76584
-0.469325,-0.019479,0.0367038;1.34509,0.773237,1.73302
-0.465051,-0.0219146,0.0290204;1.54426,0.809264,1.5933
-0.463551,-0.0235644,0.0287377;1.56973,0.828143,1.57845
-0.463495,-0.0242449,0.0287214;1.5709,0.797777,1.57754
-0.463793,-0.0241962,0.0287817;1.57178,0.761174,1.58034
-0.487578,-6.46086e-05,0.0390925;1.33867,0.552826,1.69445
-0.48981,0.0040961,0.0366161;1.3788,0.580774,1.68128
-0.486343,0.00115361,0.0294425;1.53448,0.616152,1.59475
-0.485072,-0.000960975,0.0287345;1.56943,0.639488,1.57866
-0.485007,-0.00153855,0.0287753;1.56489,0.622465,1.57943
-0.485024,-0.00175306,0.0288343;1.57104,0.610272,1.58291
-0.498525,0.023616,0.037106;1.40944,0.428858,1.62649
-0.504019,0.0332827,0.0374921;1.3854,0.38321,1.64402
-0.504555,0.0339546,0.0327902;1.47334,0.393441,1.61257
-0.502952,0.0305938,0.0287832;1.56819,0.436865,1.57943
-0.502828,0.0302366,0.0287474;1.56949,0.432272,1.57798
-0.503019,0.0297888,0.0288151;1.57092,0.4069,1.58213
-0.508618,0.0494732,0.032299;1.50821,0.260752,1.57941
-0.516617,0.0632642,0.0392516;1.36144,0.167339,1.61018
-0.518891,0.0689544,0.0359611;1.4232,0.154136,1.59902
-0.518057,0.0664369,0.0287269;1.57071,0.222431,1.57801
-0.517962,0.0651045,0.0287466;1.57001,0.229858,1.57821
-0.518182,0.0645689,0.0288446;1.56354,0.214339,1.5781
-0.518565,0.0667035,0.0292479;1.57721,0.166672,1.57122
-0.520852,0.0857897,0.0357739;1.45051,0.0627052,1.56402
-0.523064,0.0983551,0.0381253;1.38635,0.00438444,1.57421
-0.525301,0.0986143,0.0287108;1.57225,0.00287474,1.57835
-0.525244,0.098321,0.0287549;1.56966,0.0319221,1.57832
-0.525367,0.0977882,0.0287591;1.56953,0.0319157,1.57809
-0.525626,0.097456,0.0287734;1.56925,0.00837395,1.57873
-0.525079,0.109648,0.0315497;1.53698,-0.0859505,1.55796
-0.526635,0.128045,0.0391382;1.37062,-0.182081,1.5328
-0.528584,0.13436,0.0287663;1.5629,-0.227093,1.57028
-0.528523,0.134666,0.0287386;1.57101,-0.201637,1.57859
-0.528613,0.134304,0.0287156;1.57094,-0.184019,1.57735
-0.528508,0.134114,0.0287913;1.56841,-0.175506,1.57849
-0.529188,0.136261,0.0312407;1.53003,-0.205091,1.55523
-0.529223,0.147254,0.0377224;1.41566,-0.279344,1.51279
-0.528835,0.156012,0.0287302;1.56372,-0.346917,1.56896
-0.529066,0.156169,0.0287549;1.57088,-0.353682,1.57941
-0.529016,0.156262,0.0287981;1.57551,-0.343113,1.57849
-0.52879,0.156538,0.0288342;1.5671,-0.312332,1.57843
-0.528373,0.154379,0.0326328;1.4988,-0.28163,1.54303
-0.529067,0.153431,0.0383354;1.41464,-0.268822,1.50152
-0.527905,0.157581,0.0311092;1.51481,-0.328704,1.55408
-0.529539,0.156579,0.0287974;1.57102,-0.361249,1.58136
-0.529364,0.157381,0.028822;1.57604,-0.372848,1.57955
-0.529661,0.157988,0.0288324;1.57097,-0.312348,1.58308
-0.5292,0.156234,0.0301495;1.53764,-0.284862,1.56022
-0.529088,0.155325,0.0361286;1.4386,-0.266074,1.51933
-0.528076,0.162335,0.0348107;1.44148,-0.331131,1.52952
-0.530674,0.161507,0.028661;1.571,-0.366802,1.57488
-0.530889,0.161421,0.0287174;1.571,-0.381842,1.57752
-0.53066,0.162478,0.0287169;1.57098,-0.349324,1.57746
-0.530683,0.162259,0.0288788;1.56525,-0.340948,1.57818
-0.530183,0.160113,0.0324234;1.49812,-0.31138,1.54331
-0.528629,0.160619,0.0365884;1.42083,-0.290851,1.51863
-0.5292,0.160808,0.0319604;1.49915,-0.322364,1.54856
-0.531176,0.159502,0.0287825;1.57109,-0.35967,1.581
-0.530838,0.160099,0.0287204;1.57222,-0.365278,1.57766
-0.530843,0.160637,0.0288325;1.57103,-0.341096,1.58312
-0.529999,0.159645,0.0302087;1.53219,-0.319814,1.56021
-0.529022,0.156184,0.0386905;1.39014,-0.265207,1.5081
-0.528572,0.158607,0.0351662;1.43495,-0.295971,1.5308
-0.531022,0.156494,0.0285885;1.57406,-0.329663,1.57523
-0.530986,0.157224,0.028735;1.5722,-0.354416,1.57751
-0.531085,0.157828,0.0287525;1.57063,-0.313297,1.57909
-0.5308,0.157544,0.0291639;1.54808,-0.29495,1.57126
-0.529381,0.151323,0.0393612;1.3899,-0.213708,1.50598
-0.530085,0.14387,0.0352069;1.45203,-0.16681,1.53645
-0.530768,0.139944,0.0286101;1.57431,-0.174324,1.57414
-0.531041,0.139775,0.0287414;1.57191,-0.220791,1.57854
-0.531012,0.139938,0.0287392;1.57092,-0.214282,1.57846
-0.531078,0.13985,0.028861;1.56295,-0.223429,1.57491
-0.531078,0.13985,0.028861;1.56295,-0.223429,1.57491
-0.53069,0.140436,0.0326724;1.49723,-0.220672,1.54841
-0.53069,0.140436,0.0326724;1.49723,-0.220672,1.54841
