-0.125,0.125,0.06;-1.57,-2.98023e-08,-1.57
-0.125,0.125,0.06;-1.57,-2.98023e-08,-1.57
-0.125,0.125,0.06;-1.57,-2.98023e-08,-1.57
-0.12459,0.129714,0.0287182;-1.56955,-0.162382,-1.56506
-0.124655,0.130308,0.028946;-1.57451,-0.0884421,-1.55627
-0.127131,0.115947,0.031627;-1.61694,0.015875,-1.57104
-0.128148,0.0947492,0.0366934;-1.42303,0.0629107,-1.5818
-0.13061,0.110354,0.0287192;-1.57208,-0.0952342,-1.56114
-0.130106,0.111595,0.0289021;-1.55843,-0.0891963,-1.56637
-0.129499,0.112371,0.0288838;-1.55795,-0.0494505,-1.56824
-0.129112,0.112916,0.0289261;-1.57223,0.0258065,-1.5539
-0.133634,0.0996486,0.0316119;-1.61787,0.120006,-1.56132
-0.136694,0.0717061,0.0368552;-1.42874,0.214964,-1.61219
-0.139398,0.0749064,0.033054;-1.48925,0.148508,-1.58531
-0.138963,0.0839244,0.0286685;-1.57688,0.0728392,-1.5631
-0.13851,0.0849407,0.028874;-1.56174,0.0366371,-1.56581
-0.137424,0.0860732,0.0288581;-1.57099,0.132465,-1.55741
-0.142108,0.077346,0.030394;-1.60174,0.215364,-1.56138
-0.148935,0.051666,0.0362081;-1.49751,0.317382,-1.60797
-0.151174,0.0429302,0.038246;-1.38169,0.319829,-1.63117
-0.152583,0.0501627,0.0345126;-1.4557,0.24708,-1.60146
-0.15015,0.0620398,0.0286008;-1.57115,0.158124,-1.56113
-0.149213,0.0635546,0.0286957;-1.57063,0.184773,-1.56539
-0.149522,0.0639278,0.0289377;-1.57484,0.252797,-1.55417
-0.157676,0.0500486,0.0325012;-1.63829,0.351475,-1.54704
-0.166578,0.0280353,0.0355122;-1.42887,0.406764,-1.63207
-0.167134,0.0336014,0.0327074;-1.48563,0.344802,-1.60049
-0.163413,0.0413757,0.0288813;-1.55951,0.271417,-1.5701
-0.162369,0.0419382,0.0289149;-1.55658,0.332,-1.57265
-0.162016,0.0422027,0.0288279;-1.57099,0.373505,-1.5589
-0.178931,0.018722,0.035487;-1.61484,0.539263,-1.56002
-0.187485,-0.000727418,0.0399571;-1.31766,0.582792,-1.71115
-0.18913,0.00184402,0.0374986;-1.37704,0.533898,-1.67203
-0.182776,0.0173603,0.0287325;-1.57001,0.397398,-1.56423
-0.18117,0.0183496,0.0288805;-1.5578,0.422045,-1.57342
-0.180204,0.0187374,0.0288185;-1.56291,0.504354,-1.57005
-0.190079,0.0101583,0.0318097;-1.63412,0.620683,-1.53145
-0.206418,-0.0120167,0.037288;-1.41452,0.714935,-1.68635
-0.211593,-0.0186595,0.0393001;-1.30841,0.707715,-1.74338
-0.203272,-0.00130817,0.0287614;-1.57052,0.558565,-1.56178
-0.20221,-0.00069446,0.0289033;-1.55734,0.54701,-1.57362
-0.200832,-0.000375936,0.0288948;-1.55555,0.601968,-1.57674
-0.202959,-0.00136103,0.0295905;-1.59313,0.708892,-1.54616
-0.221151,-0.0169704,0.0350207;-1.64664,0.814212,-1.52553
-0.23589,-0.0350373,0.039922;-1.24743,0.860942,-1.81879
-0.227686,-0.018438,0.0285505;-1.58026,0.71238,-1.55891
-0.224995,-0.0168235,0.0287802;-1.56715,0.667183,-1.56574
-0.223213,-0.0165797,0.0288948;-1.55424,0.695192,-1.57884
-0.221901,-0.0164966,0.0289749;-1.58049,0.827747,-1.55042
-0.237167,-0.0263741,0.0326493;-1.66406,0.91531,-1.50031
-0.256528,-0.0444631,0.0387412;-1.23193,0.986094,-1.85877
-0.248312,-0.0290986,0.0286854;-1.58478,0.839688,-1.55959
-0.245768,-0.0279593,0.0287784;-1.56932,0.79151,-1.56333
-0.244504,-0.0278416,0.0288862;-1.55355,0.81201,-1.58039
-0.243065,-0.028302,0.0289163;-1.57984,0.954993,-1.55102
-0.257519,-0.0353189,0.0325124;-1.68751,1.03807,-1.47429
-0.279115,-0.0507812,0.0380599;-1.17765,1.10666,-1.92911
-0.273705,-0.041236,0.0299176;-1.51979,1.01462,-1.61341
-0.270645,-0.0396431,0.0287944;-1.57127,0.954175,-1.55998
-0.269253,-0.0394354,0.02888;-1.55294,0.957208,-1.58119
-0.267973,-0.0399293,0.0288868;-1.57132,1.065,-1.55546
-0.27824,-0.0418466,0.0312885;-1.67579,1.13934,-1.47255
-0.302048,-0.0512363,0.0378635;-1.41185,1.24155,-1.73812
-0.310871,-0.0534923,0.0354923;-1.20113,1.219,-1.9209
-0.304554,-0.0493353,0.0293814;-1.515,1.1664,-1.62
-0.300971,-0.0484031,0.0287177;-1.57224,1.11527,-1.5622
-0.299755,-0.0481603,0.0287706;-1.56799,1.14111,-1.56525
-0.300423,-0.047478,0.0290363;-1.59394,1.21317,-1.53439
-0.318643,-0.0488757,0.0330546;-1.8445,1.312,-1.3079
-0.350482,-0.0577358,0.0393253;-0.610434,1.32915,-2.51565
-0.347765,-0.0545941,0.0359722;-0.966991,1.3261,-2.16209
-0.336078,-0.0503959,0.0287419;-1.60056,1.27713,-1.53514
-0.333268,-0.0512208,0.0288682;-1.53108,1.29638,-1.60586
-0.332062,-0.0518786,0.0288509;-1.5735,1.37785,-1.55454
-0.337377,-0.0507519,0.0299636;-1.73063,1.43029,-1.40482
-0.384153,-0.0574922,0.0406371;0.1852,1.34615,2.95435
-0.384698,-0.0547156,0.0388733;-0.108827,1.37714,-3.03307
-0.369891,-0.0492688,0.030707;-1.24417,1.43347,-1.89514
-0.360511,-0.0499523,0.0288813;-1.50645,1.39555,-1.63074
-0.358336,-0.0513943,0.0287582;-1.58364,1.52135,-1.54886
-0.360988,-0.0501935,0.0292541;-2.67021,1.55707,-0.462255
-0.407682,-0.0500713,0.0400699;0.709722,1.29461,2.41385
-0.408703,-0.0470863,0.0386942;0.538634,1.35083,2.58863
-0.392003,-0.0432042,0.0299471;0.104875,1.54234,3.03477
-0.38397,-0.0448599,0.0288923;-1.31245,1.52519,-1.8254
-0.382175,-0.0470026,0.0287442;1.57152,1.48352,1.57791
-0.383593,-0.0460465,0.0289923;1.66798,1.44401,1.4832
-0.42872,-0.0384328,0.0394229;1.00724,1.19843,2.10244
-0.42958,-0.0352101,0.0386568;0.945975,1.25216,2.16512
-0.416491,-0.034143,0.0300951;1.39545,1.38382,1.74363
-0.411394,-0.0361253,0.0288686;1.50365,1.43369,1.64206
-0.410191,-0.0374358,0.0287302;1.57775,1.33463,1.57278
-0.410652,-0.0372151,0.0288639;1.57778,1.32437,1.57668
-0.443299,-0.0228743,0.03921;1.39088,1.13717,1.71634
-0.453659,-0.0176356,0.0377936;1.16717,1.11952,1.9362
-0.450256,-0.0186991,0.0337756;1.33601,1.14481,1.78445
-0.441928,-0.0212572,0.0287937;1.55321,1.26454,1.59287
-0.440605,-0.0231494,0.0289358;1.53502,1.18578,1.60783
-0.440407,-0.0234829,0.0288758;1.57154,1.15154,1.58463
-0.445449,-0.0179284,0.0305155;1.63174,1.07566,1.52415
-0.482838,0.00388958,0.039548;1.24448,0.895661,1.83101
-0.478864,0.00461779,0.0362322;1.31654,0.96797,1.77992
-0.466944,-0.000775043,0.0289209;1.5934,1.07526,1.55701
-0.465078,-0.00375232,0.0288563;1.54925,1.07138,1.59276
-0.464622,-0.00503773,0.0287567;1.57096,0.987049,1.57915
-0.465539,-0.00330078,0.0291356;1.59115,0.95369,1.56566
-0.501999,0.0244921,0.0396366;1.29369,0.749185,1.76254
-0.502257,0.0273792,0.037554;1.32931,0.799845,1.7435
-0.489444,0.0214615,0.0288025;1.55541,0.916613,1.58444
-0.487537,0.0182172,0.0288514;1.55601,0.941665,1.58715
-0.487134,0.016438,0.0287315;1.57057,0.839688,1.57809
-0.487332,0.0177187,0.0290123;1.58578,0.791653,1.57126
-0.51885,0.0518223,0.0390984;1.34263,0.589468,1.69846
-0.521342,0.0560463,0.0371572;1.37006,0.623626,1.68875
-0.512267,0.0506223,0.0294885;1.54122,0.719984,1.59166
-0.510001,0.0469233,0.0287942;1.56353,0.751089,1.5807
-0.510133,0.0453467,0.028786;1.56436,0.681191,1.57976
-0.50997,0.0453547,0.0289195;1.5737,0.642683,1.58434
-0.531107,0.081247,0.0369617;1.39975,0.447939,1.63886
-0.53545,0.0878272,0.0387707;1.36261,0.434217,1.66094
-0.531906,0.0852846,0.0334604;1.4672,0.493632,1.62005
-0.527163,0.0787894,0.0288127;1.56569,0.57508,1.58053
-0.527379,0.077582,0.0288377;1.56166,0.532508,1.57998
-0.52756,0.0766914,0.0288142;1.571,0.492269,1.58194
-0.534259,0.103946,0.0348189;1.61303,0.320854,1.5467
-0.544788,0.124507,0.0399597;1.3544,0.239391,1.62465
-0.545436,0.126306,0.037245;1.40467,0.260174,1.61509
-0.538948,0.116076,0.0287114;1.57211,0.39805,1.57867
-0.539086,0.114287,0.0288101;1.56427,0.380106,1.57818
-0.539632,0.113174,0.0288816;1.56035,0.323182,1.57882
-0.539653,0.125838,0.0312957;1.61471,0.189808,1.5644
-0.545658,0.153797,0.0362927;1.42892,0.0872467,1.57771
-0.54769,0.161593,0.0387393;1.38434,0.0662284,1.58471
-0.541972,0.148447,0.0287057;1.56976,0.22598,1.57879
-0.542247,0.147176,0.0288739;1.56167,0.240146,1.57839
-0.543076,0.145708,0.0288514;1.56132,0.185441,1.57632
-0.542572,0.148086,0.0294631;1.58547,0.0564775,1.57973
-0.541433,0.173728,0.0338791;1.58733,-0.047484,1.56213
-0.543912,0.196526,0.0399312;1.36098,-0.123016,1.54782
-0.538365,0.184279,0.0289535;1.55561,0.0262386,1.57427
-0.539077,0.180724,0.0287282;1.57081,0.0738772,1.5789
-0.540042,0.179454,0.0288543;1.56168,0.0479209,1.57537
-0.540369,0.178707,0.0290339;1.58065,-0.0910494,1.5846
-0.534871,0.197277,0.0332262;1.64015,-0.188879,1.57958
-0.532364,0.223898,0.0387567;1.37641,-0.277588,1.51447
-0.53015,0.217126,0.0287805;1.56207,-0.177125,1.5704
-0.531068,0.215042,0.0287588;1.57051,-0.132155,1.57918
-0.531944,0.214079,0.0288315;1.56362,-0.151759,1.57476
-0.532938,0.213177,0.0289223;1.57501,-0.257957,1.5851
-0.526821,0.224804,0.0328285;1.64476,-0.344334,1.59571
-0.518695,0.249316,0.0386045;1.45009,-0.445841,1.50269
-0.516021,0.253318,0.0315925;1.50394,-0.414319,1.54499
-0.517583,0.249315,0.0287932;1.57098,-0.342873,1.58126
-0.518367,0.248584,0.028827;1.56446,-0.344082,1.57453
-0.519842,0.248026,0.0288526;1.57108,-0.414495,1.58412
-0.516705,0.25026,0.0299356;1.59235,-0.474408,1.58887
-0.504105,0.26682,0.0365269;1.64214,-0.584712,1.5978
-0.491241,0.287872,0.0366356;1.38375,-0.628706,1.4606
-0.494716,0.278755,0.0285101;1.58349,-0.555147,1.58184
-0.495981,0.277437,0.02876;1.56884,-0.51509,1.5771
-0.498582,0.276482,0.0287567;1.5667,-0.59843,1.57365
-0.497993,0.276269,0.0289678;1.57583,-0.641383,1.58955
-0.485411,0.285738,0.0327069;1.66115,-0.731901,1.63297
-0.460101,0.313754,0.0389454;1.28377,-0.827749,1.35774
-0.462214,0.308323,0.0336403;1.43641,-0.782143,1.47505
-0.467722,0.301884,0.0287059;1.5709,-0.705628,1.58005
-0.470006,0.301125,0.0288827;1.55538,-0.744797,1.56369
-0.471083,0.30078,0.028842;1.57103,-0.798358,1.58366
-0.465868,0.302584,0.0299215;1.60536,-0.865576,1.60746
-0.425913,0.331212,0.039942;1.16649,-1.0108,1.22454
-0.424758,0.329839,0.0373396;1.26855,-0.989784,1.31415
-0.432803,0.321107,0.0287727;1.58859,-0.927621,1.58756
-0.436872,0.320355,0.0288467;1.55584,-0.905669,1.56264
-0.438229,0.320446,0.0287065;1.57209,-0.983667,1.57851
-0.437431,0.320067,0.0290717;1.5898,-1.01846,1.60151
-0.397789,0.33753,0.0391445;1.20894,-1.18486,1.21894
-0.390522,0.340155,0.0376368;1.13195,-1.16886,1.16053
-0.40052,0.334045,0.0283848;1.59627,-1.12448,1.59758
-0.403699,0.333513,0.0288441;1.55239,-1.09348,1.55876
-0.405392,0.33409,0.0287248;1.57163,-1.17749,1.57875
-0.405046,0.333778,0.0289298;1.58613,-1.20735,1.59765
-0.405046,0.333778,0.0289298;1.58613,-1.20735,1.59765
-0.391833,0.334696,0.0333937;1.85273,-1.28526,1.84271
-0.391833,0.334696,0.0333937;1.85273,-1.28526,1.84271
