-0.125,0.125,0.06;-1.57,-2.98023e-08,-1.57
-0.125,0.125,0.06;-1.57,-2.98023e-08,-1.57
-0.125,0.125,0.06;-1.57,-2.98023e-08,-1.57
-0.124632,0.129668,0.0286984;-1.57067,-0.161339,-1.56471
-0.124614,0.130236,0.0289493;-1.57449,-0.0859277,-1.55619
-0.127241,0.115955,0.0316837;-1.61872,0.0177162,-1.57066
-0.128276,0.094399,0.0367125;-1.42475,0.0608895,-1.58199
-0.130426,0.109826,0.0287218;-1.57215,-0.0964334,-1.56095
-0.129888,0.110933,0.028898;-1.55883,-0.0899136,-1.56623
-0.129159,0.111834,0.0288849;-1.55783,-0.0472105,-1.56832
-0.129034,0.112198,0.0289161;-1.57145,0.0253159,-1.55378
-0.133285,0.0999393,0.0315942;-1.61798,0.120619,-1.56162
-0.136217,0.0726982,0.0370054;-1.43776,0.217332,-1.6103
-0.139239,0.0760849,0.0329144;-1.49226,0.145255,-1.58439
-0.138746,0.0848461,0.0286676;-1.57605,0.0717906,-1.56288
-0.13842,0.0859023,0.0288599;-1.56218,0.0335359,-1.56598
-0.137587,0.0867335,0.0288674;-1.57097,0.132516,-1.55672
-0.141889,0.0787996,0.0304325;-1.60227,0.211519,-1.56144
-0.148697,0.053599,0.0366701;-1.51517,0.313221,-1.60238
-0.151402,0.0433738,0.0385005;-1.37865,0.314273,-1.6313
-0.152833,0.0508556,0.0346411;-1.45331,0.239455,-1.60148
-0.150105,0.0635163,0.028703;-1.57264,0.150873,-1.56094
-0.149413,0.0645468,0.0286902;-1.57077,0.175339,-1.56545
-0.149661,0.0650091,0.0289792;-1.57558,0.243728,-1.55354
-0.157952,0.0504524,0.0324026;-1.63552,0.342968,-1.5486
-0.166968,0.0279432,0.0355337;-1.42897,0.401194,-1.62875
-0.167815,0.0342297,0.0326969;-1.48583,0.335697,-1.59951
-0.163965,0.0423423,0.0288731;-1.55988,0.262455,-1.57002
-0.162866,0.0427753,0.0289184;-1.55623,0.324837,-1.57282
-0.162269,0.0429374,0.0288279;-1.57094,0.368741,-1.55872
-0.178848,0.0200706,0.0355969;-1.62078,0.538251,-1.55676
-0.187237,0.00050391,0.0399372;-1.31902,0.581118,-1.71056
-0.189011,0.00313702,0.037475;-1.37841,0.528459,-1.67102
-0.182243,0.0199426,0.0287266;-1.57055,0.390352,-1.56395
-0.180734,0.0206908,0.0288781;-1.55818,0.414374,-1.57298
-0.179954,0.0211413,0.0288153;-1.56248,0.495739,-1.57062
-0.189495,0.0131424,0.0317567;-1.63388,0.612221,-1.53242
-0.205258,-0.00895318,0.0374681;-1.42946,0.708624,-1.67548
-0.210538,-0.0155832,0.039372;-1.31016,0.694468,-1.73992
-0.20214,0.00276034,0.0287596;-1.57061,0.539751,-1.56199
-0.200865,0.00341004,0.0289114;-1.55682,0.525069,-1.57384
-0.199597,0.00375295,0.0288936;-1.55559,0.575967,-1.57663
-0.20163,0.00288526,0.0295116;-1.59536,0.681292,-1.54422
-0.218902,-0.0130477,0.0350432;-1.64816,0.784675,-1.5255
-0.233266,-0.0316441,0.0399012;-1.2557,0.834052,-1.80671
-0.224948,-0.0142445,0.0286816;-1.57832,0.683442,-1.56029
-0.222479,-0.0127736,0.028795;-1.56687,0.636646,-1.56582
-0.220903,-0.0122576,0.0288858;-1.55496,0.663478,-1.57819
-0.220137,-0.0126134,0.0290108;-1.58274,0.799341,-1.54883
-0.235076,-0.0230847,0.0329555;-1.67095,0.889587,-1.49627
-0.253837,-0.0420793,0.0386994;-1.2479,0.961957,-1.83835
-0.245912,-0.0265211,0.0284489;-1.58874,0.807435,-1.55294
-0.243376,-0.0254488,0.0287573;-1.57028,0.760095,-1.56312
-0.242075,-0.0252095,0.0288831;-1.554,0.779158,-1.57984
-0.240953,-0.02546,0.0289496;-1.58153,0.924712,-1.54998
-0.256153,-0.0335255,0.0325158;-1.68308,1.01302,-1.48003
-0.277265,-0.0497958,0.0383802;-1.185,1.0784,-1.91553
-0.270688,-0.0385653,0.0299604;-1.522,0.973935,-1.61045
-0.266819,-0.036417,0.0288054;-1.57126,0.907135,-1.55944
-0.265402,-0.0360559,0.0288769;-1.55433,0.909761,-1.57952
-0.263765,-0.0364419,0.0288754;-1.57138,1.03001,-1.55577
-0.274219,-0.0387591,0.0313758;-1.66788,1.10323,-1.48086
-0.297547,-0.0493994,0.0375887;-1.39988,1.20179,-1.74585
-0.303923,-0.0509333,0.0351989;-1.25719,1.17447,-1.86267
-0.297403,-0.0456831,0.0294093;-1.52472,1.10982,-1.61014
-0.294455,-0.0451134,0.0287416;-1.5723,1.05353,-1.56143
-0.293288,-0.0451613,0.0287554;-1.56953,1.0879,-1.56404
-0.293684,-0.0445622,0.029027;-1.59093,1.16007,-1.53781
-0.311034,-0.0463792,0.0333826;-1.82775,1.25655,-1.32697
-0.343385,-0.0569858,0.0393253;-0.780792,1.29288,-2.33944
-0.340554,-0.0531632,0.0360951;-1.07843,1.27198,-2.04638
-0.328026,-0.0479363,0.0287865;-1.59706,1.21218,-1.53985
-0.324917,-0.0486139,0.0288814;-1.5354,1.23131,-1.60138
-0.323856,-0.0490711,0.0288427;-1.57299,1.30844,-1.55546
-0.328337,-0.0480485,0.0299036;-1.6849,1.356,-1.45071
-0.375405,-0.0576514,0.0406699;-0.114047,1.34823,-3.02167
-0.376183,-0.05477,0.0390508;-0.435783,1.35348,-2.70004
-0.360437,-0.0479286,0.0305039;-1.37489,1.36172,-1.76318
-0.350941,-0.0480434,0.0288675;-1.52865,1.31527,-1.6083
-0.348824,-0.0490118,0.0287534;-1.57402,1.4362,-1.55886
-0.351396,-0.0481289,0.0291442;-1.74952,1.47361,-1.38304
-0.398072,-0.0520899,0.0399652;0.416716,1.34516,2.71713
-0.399621,-0.0493665,0.0387014;0.130948,1.38111,3.00522
-0.3827,-0.0436916,0.0297916;-1.29101,1.4751,-1.84973
-0.374401,-0.0448624,0.0288778;-1.49462,1.42792,-1.64266
-0.37236,-0.0466457,0.02871;-1.59723,1.55494,-1.5377
-0.373931,-0.0456195,0.029104;2.04526,1.54104,1.10403
-0.419966,-0.0435947,0.039345;0.822586,1.27997,2.29953
-0.420796,-0.0404363,0.0386736;0.653859,1.33429,2.46839
-0.406282,-0.0375734,0.0301099;1.07601,1.50529,2.06476
-0.40044,-0.038801,0.028849;0.972536,1.55482,2.173
-0.398868,-0.0403168,0.028757;1.57979,1.45076,1.57136
-0.399356,-0.0400738,0.02887;1.58499,1.43704,1.57022
-0.435111,-0.0292383,0.0392054;1.30195,1.24767,1.80959
-0.444946,-0.0253229,0.0381418;1.01974,1.22495,2.09335
-0.440885,-0.0256565,0.0340267;1.23402,1.26777,1.89182
-0.431159,-0.0269846,0.0287963;1.5426,1.39044,1.60403
-0.430073,-0.028471,0.0289233;1.51992,1.31107,1.62358
-0.429811,-0.0286122,0.0288739;1.57185,1.28136,1.5843
-0.434688,-0.0240857,0.0305129;1.65644,1.21102,1.49724
-0.475637,-0.00699917,0.0394371;1.18095,1.02431,1.90979
-0.472099,-0.00540818,0.0362155;1.25075,1.10536,1.85684
-0.45823,-0.0090868,0.0287308;1.60612,1.2235,1.54349
-0.456172,-0.0115466,0.0288607;1.53987,1.21778,1.60271
-0.455398,-0.0133185,0.02875;1.57125,1.12696,1.57876
-0.456448,-0.011829,0.0291846;1.5937,1.0913,1.56221
-0.494248,0.0105105,0.0399548;1.24258,0.873643,1.82823
-0.490231,0.0124192,0.0375604;1.28803,0.940184,1.79875
-0.475209,0.00841066,0.0286245;1.57007,1.07063,1.57307
-0.471885,0.00500555,0.0288231;1.54802,1.11377,1.59445
-0.471368,0.00305876,0.0286823;1.57514,1.00769,1.57362
-0.471942,0.00464125,0.0290145;1.58589,0.960922,1.5697
-0.508958,0.0332022,0.0389042;1.31241,0.753296,1.74991
-0.510975,0.0366597,0.0376474;1.33069,0.791246,1.74292
-0.500453,0.031416,0.0294104;1.53508,0.894751,1.60053
-0.497871,0.027528,0.0288489;1.5558,0.931798,1.58686
-0.497543,0.0257997,0.0287866;1.56281,0.854365,1.58153
-0.497338,0.0259326,0.0289326;1.58027,0.812024,1.57854
-0.521344,0.0588599,0.0383771;1.45141,0.619787,1.62644
-0.528271,0.067839,0.0390205;1.33729,0.598207,1.705
-0.52358,0.0653635,0.0334836;1.45403,0.665029,1.64209
-0.518174,0.0591817,0.028861;1.5597,0.744104,1.58376
-0.518262,0.0579,0.0288596;1.55785,0.695484,1.58267
-0.518221,0.0572009,0.0288131;1.57135,0.649751,1.58194
-0.527131,0.0816227,0.0355018;1.65829,0.482256,1.52099
-0.541082,0.102667,0.0393724;1.34897,0.401938,1.65704
-0.541768,0.105589,0.0375584;1.38866,0.421693,1.64615
-0.534097,0.09508,0.0287365;1.57136,0.553954,1.57877
-0.534302,0.0937859,0.0288323;1.56209,0.537149,1.57989
-0.534559,0.0928133,0.028865;1.55988,0.474059,1.57985
-0.535082,0.103207,0.031663;1.62305,0.346468,1.55656
-0.543097,0.128426,0.0378389;1.50682,0.245647,1.5714
-0.548307,0.141499,0.0391276;1.37386,0.211309,1.61388
-0.540088,0.127952,0.0286206;1.56573,0.376274,1.58063
-0.540104,0.126726,0.028869;1.56178,0.394289,1.57996
-0.540607,0.125522,0.0288671;1.5592,0.346796,1.57774
-0.540395,0.127245,0.0294521;1.58685,0.226543,1.57717
-0.543185,0.150905,0.0343888;1.60859,0.125348,1.55662
-0.550104,0.17366,0.0398369;1.3662,0.0426188,1.58172
-0.541648,0.160147,0.0289504;1.55485,0.21327,1.57666
-0.541853,0.155896,0.0287568;1.57073,0.261858,1.57908
-0.542538,0.154385,0.0288714;1.55983,0.240277,1.57684
-0.54302,0.153931,0.0290294;1.58092,0.0929145,1.58253
-0.541292,0.173922,0.0330977;1.63541,-0.00155628,1.56618
-0.544582,0.200579,0.0386909;1.38703,-0.0936467,1.55255
-0.540172,0.192815,0.028661;1.56551,0.0320203,1.57252
-0.540697,0.189832,0.0287539;1.57041,0.084942,1.57943
-0.541479,0.18867,0.0288595;1.56181,0.0669716,1.57592
-0.541767,0.18759,0.0289938;1.57808,-0.0645819,1.5847
-0.536236,0.202644,0.0332261;1.64909,-0.157835,1.58322
-0.532035,0.229439,0.0393121;1.46401,-0.252931,1.5288
-0.528527,0.234304,0.0319567;1.49939,-0.204145,1.5568
-0.529652,0.229093,0.0287545;1.5726,-0.14891,1.58127
-0.53041,0.227985,0.028799;1.5635,-0.152818,1.5751
-0.5317,0.226689,0.0288489;1.571,-0.239214,1.5838
-0.528139,0.230613,0.0301556;1.60073,-0.303561,1.58881
-0.517722,0.251239,0.0369526;1.64044,-0.408698,1.58642
-0.509079,0.274508,0.0363964;1.41093,-0.443216,1.50223
-0.511857,0.265173,0.0286523;1.57451,-0.368758,1.5761
-0.512684,0.264155,0.0287533;1.56923,-0.331162,1.5776
-0.514965,0.262868,0.0287489;1.56721,-0.416452,1.57417
-0.514356,0.262905,0.0289584;1.57532,-0.461952,1.58843
-0.504132,0.273782,0.032727;1.64616,-0.550379,1.61161
-0.483312,0.3061,0.039062;1.327,-0.653504,1.42218
-0.48432,0.300059,0.0335237;1.45802,-0.593507,1.50642
-0.488493,0.29269,0.0287537;1.57115,-0.516459,1.57969
-0.49083,0.29157,0.0288751;1.55708,-0.557484,1.56659
-0.491681,0.291282,0.0288232;1.5723,-0.62322,1.58371
-0.487552,0.293502,0.0299285;1.60007,-0.679413,1.5974
-0.456896,0.3299,0.0399323;1.25874,-0.833887,1.33926
-0.455158,0.32751,0.0373717;1.34023,-0.780731,1.40544
-0.462744,0.314573,0.0285353;1.57927,-0.694182,1.58042
-0.466475,0.312618,0.0288394;1.55879,-0.679665,1.56638
-0.468222,0.312527,0.0287252;1.57089,-0.777945,1.57774
-0.467036,0.312482,0.0291161;1.58451,-0.822729,1.59382
-0.430825,0.3423,0.0388241;1.23014,-0.989064,1.28267
-0.42651,0.344384,0.0373971;1.27991,-0.971178,1.32629
-0.434622,0.335034,0.0285421;1.57446,-0.901494,1.57403
-0.437822,0.33398,0.028848;1.55768,-0.869343,1.56524
-0.439815,0.334266,0.0286823;1.5739,-0.952304,1.57985
-0.438649,0.333948,0.0289553;1.58426,-0.995284,1.59355
-0.438649,0.333948,0.0289553;1.58426,-0.995284,1.59355
-0.423038,0.338799,0.0336516;1.74166,-1.0817,1.71987
-0.423038,0.338799,0.0336516;1.74166,-1.0817,1.71987
