-0.125,0.125,0.06;-1.57,-2.98023e-08,-1.57
-0.125,0.125,0.06;-1.57,-2.98023e-08,-1.57
-0.125,0.125,0.06;-1.57,-2.98023e-08,-1.57
-0.124782,0.129688,0.028626;-1.56843,-0.170927,-1.57015
-0.125226,0.127954,0.0285901;-1.57074,-0.096919,-1.57137
-0.127419,0.11693,0.0296301;-1.5756,0.0120566,-1.58936
-0.127758,0.10011,0.0338724;-1.50664,0.0659503,-1.60188
-0.129297,0.112597,0.0285383;-1.56982,-0.117716,-1.57085
-0.129869,0.113539,0.0288135;-1.56095,-0.179733,-1.57038
-0.130264,0.113694,0.0288197;-1.56122,-0.193433,-1.57098
-0.129303,0.110781,0.0286001;-1.57066,-0.066251,-1.57197
-0.131838,0.100295,0.0297658;-1.58303,0.0434675,-1.58624
-0.132009,0.0779411,0.0348154;-1.50456,0.148877,-1.61734
-0.135079,0.0827283,0.0301508;-1.5643,0.0647646,-1.59086
-0.135445,0.0872903,0.0287116;-1.57089,-0.0158357,-1.57717
-0.135615,0.0891048,0.0286523;-1.56736,-0.104861,-1.57039
-0.13572,0.0884973,0.0285841;-1.57059,-0.0964623,-1.57103
-0.137873,0.0825007,0.0293267;-1.58535,-0.00537476,-1.58169
-0.140151,0.0609715,0.0330255;-1.54389,0.11162,-1.61474
-0.140353,0.0478978,0.0358315;-1.46332,0.156247,-1.60853
-0.143543,0.0550237,0.0315631;-1.52564,0.0741386,-1.58755
-0.143238,0.0622756,0.0285033;-1.57344,-0.0218926,-1.57081
-0.14309,0.0627945,0.0285785;-1.57058,-0.0332675,-1.57089
-0.143682,0.0629869,0.0287321;-1.57206,0.0495883,-1.56413
-0.148594,0.0488327,0.0316715;-1.62949,0.14412,-1.57018
-0.154455,0.0226479,0.0352467;-1.47573,0.211347,-1.59607
-0.15556,0.0206387,0.0323824;-1.49002,0.186083,-1.58148
-0.153443,0.0265372,0.0290293;-1.56483,0.144447,-1.56406
-0.153547,0.0268159,0.0290556;-1.56249,0.157293,-1.56396
-0.153997,0.0271567,0.0290211;-1.56843,0.165389,-1.55374
-0.166447,0.00708812,0.0398608;-1.67501,0.340654,-1.5229
-0.172444,-0.0150332,0.0433655;-1.43607,0.412162,-1.60802
-0.178027,-0.024976,0.0395413;-1.35854,0.375264,-1.62935
-0.175168,-0.00896425,0.0302331;-1.56897,0.293469,-1.54469
-0.172368,-0.00498661,0.0297932;-1.56342,0.307175,-1.55449
-0.171837,-0.00375119,0.0310937;-1.56301,0.336145,-1.53978
-0.182187,-0.0112946,0.0378955;-1.71177,0.471019,-1.4657
-0.192043,-0.0293241,0.0455772;-1.58108,0.579355,-1.55103
-0.202782,-0.0501194,0.0408576;-1.30095,0.584219,-1.69304
-0.200923,-0.0364169,0.0304725;-1.57715,0.447867,-1.5323
-0.196943,-0.0321774,0.0298206;-1.56175,0.437141,-1.55653
-0.194539,-0.0299857,0.0295686;-1.5618,0.471279,-1.55942
-0.197166,-0.0302696,0.0321651;-1.61483,0.553185,-1.50978
-0.210477,-0.0444636,0.0393234;-1.70224,0.659959,-1.47583
-0.222882,-0.0661961,0.0432608;-1.39944,0.742948,-1.67683
-0.225634,-0.0682174,0.0304213;-1.52893,0.679824,-1.58128
-0.22319,-0.0661432,0.0287621;-1.5706,0.651375,-1.56193
-0.221126,-0.0655126,0.0288282;-1.56333,0.662661,-1.56938
-0.219959,-0.0654694,0.0288895;-1.57408,0.727243,-1.55538
-0.228882,-0.0724769,0.0315042;-1.64422,0.812458,-1.52518
-0.246332,-0.0900222,0.0376189;-1.41874,0.908122,-1.71426
-0.248255,-0.0906064,0.0286916;-1.57102,0.866558,-1.57616
-0.246998,-0.0896702,0.0286129;-1.57025,0.823232,-1.56929
-0.246715,-0.0894515,0.0286432;-1.56614,0.816031,-1.57401
-0.247308,-0.0902583,0.0287143;-1.57064,0.873804,-1.57723
-0.256005,-0.0950009,0.0301876;-1.58422,0.963763,-1.58306
-0.270879,-0.107867,0.035675;-1.42389,1.06757,-1.74433
-0.270764,-0.105221,0.0288289;-1.56755,1.0054,-1.58403
-0.268189,-0.103538,0.0285601;-1.56932,0.920468,-1.57234
-0.268309,-0.103209,0.0286503;-1.56553,0.877499,-1.57484
-0.268344,-0.103634,0.0285841;-1.57127,0.89763,-1.57065
-0.275182,-0.105519,0.0294274;-1.59943,0.985093,-1.55998
-0.293151,-0.115215,0.0335079;-1.48887,1.08101,-1.6866
-0.300374,-0.118478,0.0319114;-1.49754,1.10638,-1.66172
-0.29648,-0.115092,0.0286881;-1.5757,1.04214,-1.57434
-0.294813,-0.114323,0.0285829;-1.57069,0.990085,-1.57036
-0.294746,-0.114148,0.0285748;-1.57086,0.956209,-1.57097
-0.29546,-0.114312,0.0286455;-1.5708,0.988721,-1.57373
-0.301572,-0.11554,0.0300608;-1.60785,1.05743,-1.55558
-0.334533,-0.131337,0.0377077;-1.1834,1.17667,-1.94619
-0.334389,-0.129601,0.0342865;-1.29872,1.16286,-1.8224
-0.329209,-0.126832,0.028562;-1.56924,1.13801,-1.57064
-0.328374,-0.126676,0.0287344;-1.56446,1.12672,-1.57171
-0.327565,-0.126938,0.0288632;-1.57119,1.16722,-1.55677
-0.329054,-0.126582,0.0295767;-1.59208,1.17746,-1.5385
-0.363504,-0.136427,0.0443651;-1.15304,1.35285,-1.98429
-0.378473,-0.13797,0.0386941;-0.876869,1.2674,-2.2376
-0.372715,-0.137362,0.0325024;-1.28085,1.31284,-1.83826
-0.365074,-0.135886,0.0292967;-1.55815,1.30927,-1.5703
-0.363586,-0.135274,0.0298242;-1.57422,1.34699,-1.54339
-0.363927,-0.134209,0.0310803;-1.63505,1.35691,-1.47133
-0.397323,-0.13857,0.0460429;-0.195359,1.4807,-2.9323
-0.412647,-0.136936,0.0400654;-0.246623,1.363,-2.86268
-0.410597,-0.136,0.0354663;-0.647252,1.43532,-2.46288
-0.398246,-0.135783,0.0307775;-1.49707,1.47118,-1.61396
-0.395789,-0.135956,0.0316113;-1.5988,1.51327,-1.49506
-0.395295,-0.134671,0.0318109;-1.88327,1.51885,-1.2135
-0.422157,-0.132834,0.0477223;1.31739,1.43366,1.83136
-0.434695,-0.129715,0.0443084;0.630443,1.41054,2.52294
-0.433285,-0.127091,0.0341653;0.630557,1.45983,2.53258
-0.424623,-0.128928,0.029297;1.55788,1.49336,1.59726
-0.422634,-0.129637,0.0293652;1.57684,1.47105,1.58341
-0.422983,-0.129694,0.0297753;1.59488,1.48201,1.57281
-0.437315,-0.124855,0.0426528;1.96421,1.30549,1.18644
-0.453287,-0.120042,0.0400903;1.45291,1.30729,1.68953
-0.459481,-0.117374,0.0324058;1.33347,1.28231,1.80476
-0.457108,-0.118701,0.0287766;1.55676,1.32597,1.5906
-0.455759,-0.119407,0.0288359;1.5346,1.30714,1.60875
-0.455456,-0.119662,0.0286648;1.57096,1.29317,1.57466
-0.455582,-0.119019,0.0289148;1.61452,1.26948,1.52529
-0.491034,-0.104188,0.0367535;1.2875,1.07932,1.80563
-0.490671,-0.102386,0.0336886;1.37687,1.10802,1.73164
-0.48551,-0.104096,0.0287538;1.57146,1.17046,1.56187
-0.484669,-0.104668,0.0285891;1.5698,1.19285,1.5718
-0.485105,-0.104843,0.028581;1.57034,1.16074,1.57103
-0.485617,-0.104112,0.0287331;1.57051,1.13331,1.56373
-0.507857,-0.0935431,0.0358581;1.44413,0.97188,1.62972
-0.510011,-0.0903386,0.0344275;1.44352,1.00028,1.64306
-0.504361,-0.0927216,0.0288462;1.57037,1.05891,1.55849
-0.503151,-0.0936182,0.0285819;1.57031,1.11147,1.57124
-0.503641,-0.0939111,0.0285789;1.57054,1.07091,1.57105
-0.504402,-0.093162,0.0287533;1.57073,1.03842,1.5626
-0.52377,-0.0774079,0.0350949;1.51131,0.872435,1.56492
-0.528085,-0.0722087,0.0346915;1.45035,0.894981,1.63255
-0.523399,-0.0743879,0.0287977;1.57079,0.940315,1.56027
-0.522307,-0.0756252,0.02858;1.57092,0.973026,1.57075
-0.52239,-0.0756081,0.0286399;1.56618,0.963468,1.57532
-0.52265,-0.075304,0.0285789;1.57072,0.937978,1.57098
-0.533569,-0.0633857,0.0371332;1.67135,0.81093,1.47033
-0.548235,-0.0479731,0.0386136;1.50152,0.746025,1.60487
-0.550518,-0.0438682,0.0320986;1.47796,0.763281,1.6358
-0.548049,-0.0466415,0.0287829;1.56766,0.777009,1.58087
-0.547783,-0.0469249,0.0287866;1.56712,0.780705,1.58066
-0.547433,-0.0476005,0.0288707;1.57019,0.753603,1.58508
-0.550566,-0.0387917,0.0365763;1.70939,0.671241,1.49897
-0.559582,-0.0236918,0.0463651;1.63188,0.554325,1.53971
-0.567489,-0.00797655,0.0411023;1.46483,0.547661,1.64447
-0.564714,-0.00866055,0.0296567;1.57148,0.575175,1.59151
-0.563215,-0.0101441,0.0293754;1.56957,0.565381,1.58669
-0.562983,-0.0117045,0.0309254;1.56416,0.561154,1.60697
-0.561837,-0.00923046,0.0352269;1.65893,0.508465,1.56841
-0.564059,0.00119978,0.044333;1.72711,0.398217,1.5291
-0.572195,0.0223951,0.0474354;1.58053,0.323513,1.58537
-0.572085,0.0295374,0.0303469;1.57532,0.382026,1.60319
-0.571126,0.0272507,0.0299775;1.5702,0.370855,1.59365
-0.570884,0.0259714,0.0299617;1.56924,0.373694,1.59462
-0.570698,0.0264031,0.0311732;1.58619,0.317017,1.60086
-0.571937,0.0357867,0.038175;1.66685,0.250058,1.56707
-0.577073,0.0525368,0.0463869;1.57485,0.144354,1.57211
-0.575184,0.0625039,0.0299844;1.55289,0.21371,1.59114
-0.575117,0.0604394,0.0287752;1.5705,0.220394,1.58092
-0.57505,0.0581877,0.0287933;1.56877,0.226695,1.57945
-0.575654,0.0577991,0.0289353;1.575,0.15228,1.58438
-0.576478,0.0687464,0.0307685;1.57915,0.109396,1.5644
-0.57861,0.0879967,0.0382851;1.4154,0.0374727,1.56038
-0.572907,0.0810867,0.0285482;1.57321,0.137354,1.56788
-0.573136,0.0802517,0.0286576;1.57084,0.153874,1.57486
-0.573169,0.0796536,0.0286038;1.57029,0.144952,1.57168
-0.573534,0.0815361,0.0286956;1.57079,0.0546286,1.56544
-0.573074,0.0872885,0.0300472;1.57602,0.00584621,1.54791
-0.572074,0.0987108,0.0352124;1.5129,-0.0555679,1.5206
-0.568543,0.0975666,0.0288699;1.57241,0.0113149,1.56032
-0.56879,0.0965852,0.0285702;1.57096,0.0373025,1.57124
-0.568782,0.0964178,0.02858;1.57072,0.0357594,1.5707
-0.569045,0.0968001,0.0285877;1.57079,0.00227237,1.57002
-0.568255,0.099647,0.0289478;1.57747,-0.0500316,1.55999
-0.566669,0.111055,0.0319306;1.57331,-0.107408,1.53614
-0.564196,0.127849,0.0336483;1.50941,-0.12871,1.53488
-0.563877,0.12304,0.0287463;1.5708,-0.0895452,1.56282
-0.564305,0.122302,0.0285977;1.56967,-0.0733442,1.57171
-0.564284,0.12223,0.0285802;1.57078,-0.0759933,1.5708
-0.563991,0.123724,0.0286509;1.57065,-0.131984,1.56748
-0.562167,0.129005,0.0298343;1.57644,-0.186986,1.5517
-0.55651,0.148793,0.0367354;1.45512,-0.245394,1.51395
-0.556242,0.141855,0.0297696;1.55982,-0.197634,1.55624
-0.556703,0.139768,0.0285651;1.57043,-0.164183,1.57105
-0.556861,0.138978,0.0287016;1.5685,-0.170412,1.57401
-0.557572,0.138576,0.0287478;1.5707,-0.227362,1.579
-0.55546,0.142391,0.0291051;1.5838,-0.284463,1.57861
-0.54461,0.172732,0.0410679;1.33533,-0.347171,1.48893
-0.541585,0.16732,0.0376185;1.40178,-0.250935,1.52442
-0.542748,0.152804,0.0288746;1.57168,-0.206329,1.58599
-0.543765,0.149492,0.0290521;1.56922,-0.209774,1.58147
-0.544111,0.148311,0.0291541;1.57,-0.23672,1.58463
-0.542697,0.149625,0.0303208;1.57863,-0.284418,1.60359
-0.531057,0.178612,0.0431838;1.30898,-0.350835,1.49524
-0.525834,0.174817,0.0407792;1.35829,-0.248794,1.52928
-0.525423,0.157283,0.0339188;1.49486,-0.162612,1.58387
-0.528067,0.146288,0.0298678;1.56709,-0.183018,1.58994
-0.528265,0.145391,0.0313397;1.57206,-0.203001,1.61345
-0.526904,0.145851,0.0315376;1.58396,-0.24228,1.6176
-0.526904,0.145851,0.0315376;1.58396,-0.24228,1.6176
-0.521453,0.157203,0.0380404;1.65193,-0.313929,1.6248
-0.521453,0.157203,0.0380404;1.65193,-0.313929,1.6248
