-0.125,0.125,0.06;-1.57,-2.98023e-08,-1.57
-0.125,0.125,0.06;-1.57,-2.98023e-08,-1.57
-0.125,0.125,0.06;-1.57,-2.98023e-08,-1.57
-0.124605,0.129888,0.0286945;-1.57071,-0.15982,-1.56514
-0.124692,0.130492,0.0289446;-1.57436,-0.0836944,-1.55619
-0.127463,0.116281,0.0317501;-1.62054,0.0178341,-1.57071
-0.128566,0.0940477,0.0366317;-1.42369,0.0638556,-1.58175
-0.131262,0.109425,0.0287235;-1.57215,-0.0943784,-1.56081
-0.13075,0.110524,0.0288991;-1.55873,-0.0903698,-1.56626
-0.130183,0.11126,0.0288845;-1.55773,-0.0503328,-1.56839
-0.129728,0.111914,0.0289214;-1.57186,0.0259091,-1.5542
-0.133983,0.0991331,0.0316303;-1.618,0.122651,-1.5615
-0.136865,0.0717278,0.0369208;-1.4332,0.219134,-1.61092
-0.139403,0.0758455,0.0329441;-1.49153,0.14597,-1.58391
-0.138811,0.0848915,0.0286958;-1.56983,0.0690634,-1.5633
-0.138594,0.0854939,0.0288499;-1.56233,0.0325562,-1.56651
-0.137846,0.0861819,0.028862;-1.57098,0.13245,-1.5571
-0.141994,0.0776018,0.0305298;-1.60471,0.209612,-1.56062
-0.148663,0.0516307,0.0364383;-1.49875,0.31109,-1.6061
-0.1509,0.0424132,0.0385735;-1.37693,0.30739,-1.63017
-0.152685,0.0503696,0.0347964;-1.45115,0.225303,-1.59979
-0.150076,0.0630403,0.0286299;-1.57079,0.137886,-1.56057
-0.149266,0.0643145,0.0286918;-1.57079,0.168936,-1.56539
-0.149473,0.0648402,0.0289502;-1.57462,0.236759,-1.55407
-0.15729,0.0501539,0.0323171;-1.63283,0.335296,-1.55024
-0.165356,0.0279698,0.0359261;-1.41772,0.382578,-1.63284
-0.16549,0.0363039,0.0325143;-1.48989,0.309189,-1.59589
-0.162304,0.0440798,0.0288837;-1.55948,0.233443,-1.56973
-0.161322,0.0445623,0.0289106;-1.55664,0.295541,-1.57241
-0.160736,0.0446426,0.0288318;-1.5711,0.337294,-1.55848
-0.176746,0.0192938,0.035399;-1.59686,0.501628,-1.56963
-0.183757,-0.000182137,0.0399836;-1.32498,0.543131,-1.6983
-0.185492,0.0039695,0.037567;-1.38159,0.480271,-1.66192
-0.179179,0.0216714,0.0287276;-1.57088,0.343402,-1.56357
-0.177623,0.0228133,0.0287752;-1.56033,0.361449,-1.5712
-0.176625,0.0231202,0.0288181;-1.56292,0.44079,-1.56966
-0.185813,0.0143827,0.0316492;-1.62871,0.562502,-1.53749
-0.200364,-0.00919673,0.0370767;-1.41031,0.654199,-1.68057
-0.204333,-0.0149008,0.0392813;-1.32265,0.64244,-1.7213
-0.196191,0.00499666,0.0287839;-1.57088,0.482588,-1.56081
-0.195211,0.00552613,0.0289002;-1.55835,0.467036,-1.57198
-0.193968,0.00591325,0.028891;-1.55592,0.523018,-1.57604
-0.195983,0.00502232,0.0296101;-1.59001,0.631952,-1.54896
-0.212606,-0.0123618,0.034915;-1.62404,0.733157,-1.54453
-0.225104,-0.0318476,0.0398524;-1.27785,0.785393,-1.77926
-0.217855,-0.0124915,0.0288276;-1.58357,0.626458,-1.56027
-0.215071,-0.0107985,0.0287773;-1.56805,0.578715,-1.56471
-0.213599,-0.0101607,0.0288659;-1.55725,0.60061,-1.57578
-0.212546,-0.0100505,0.028969;-1.57966,0.734916,-1.55168
-0.226723,-0.0213073,0.0327435;-1.65574,0.824918,-1.51113
-0.244232,-0.0417189,0.0386399;-1.27369,0.898287,-1.80691
-0.236478,-0.0248831,0.02871;-1.58262,0.739713,-1.56019
-0.233671,-0.0231157,0.0287457;-1.56996,0.6898,-1.56284
-0.232317,-0.022792,0.0288826;-1.55511,0.710535,-1.57824
-0.23132,-0.0227824,0.0289774;-1.58346,0.862908,-1.54893
-0.247125,-0.0325458,0.0327286;-1.66883,0.948029,-1.49514
-0.267108,-0.0509072,0.0384231;-1.22353,1.02459,-1.86911
-0.259519,-0.0374482,0.0296406;-1.5345,0.899942,-1.59748
-0.255929,-0.0354962,0.0288008;-1.57143,0.837707,-1.55973
-0.254654,-0.0351182,0.0288744;-1.55612,0.837504,-1.57729
-0.253145,-0.0355012,0.0288838;-1.57148,0.969328,-1.5555
-0.265242,-0.0398185,0.031263;-1.65664,1.04502,-1.49391
-0.289979,-0.0536201,0.036856;-1.30317,1.13209,-1.82771
-0.293744,-0.0535145,0.0351795;-1.30282,1.10065,-1.81264
-0.286499,-0.0470205,0.0292516;-1.53755,1.0322,-1.59638
-0.283286,-0.0462503,0.0287049;-1.57194,0.979545,-1.56243
-0.2821,-0.045991,0.0287424;-1.57103,1.01424,-1.56275
-0.282833,-0.0457248,0.0290267;-1.58796,1.08559,-1.54115
-0.300872,-0.0501229,0.0328544;-1.73502,1.18681,-1.42012
-0.328741,-0.0634013,0.0391718;-0.952894,1.23097,-2.15982
-0.325539,-0.0582779,0.0361641;-1.18626,1.18634,-1.93188
-0.313163,-0.0510077,0.0287896;-1.57949,1.11281,-1.55446
-0.310181,-0.0514188,0.0288793;-1.5432,1.13173,-1.59302
-0.3089,-0.0515659,0.0288385;-1.57287,1.21053,-1.55571
-0.31371,-0.051268,0.029833;-1.64717,1.26097,-1.48788
-0.35969,-0.0661228,0.0405585;-0.48789,1.32273,-2.63802
-0.360087,-0.0624749,0.0387079;-0.788486,1.30161,-2.33775
-0.344943,-0.0544101,0.0302897;-1.45069,1.26349,-1.6851
-0.336122,-0.0537145,0.0288725;-1.54015,1.21591,-1.59605
-0.333755,-0.0545027,0.0287482;-1.57443,1.33625,-1.55841
-0.336546,-0.0539082,0.0291717;-1.64208,1.3776,-1.49122
-0.382175,-0.0635286,0.0397704;-0.0313652,1.36863,-3.10812
-0.383101,-0.0600907,0.0383876;-0.407092,1.37401,-2.73142
-0.366804,-0.0523418,0.0297729;-1.44084,1.368,-1.69814
-0.358713,-0.0528236,0.0288708;-1.52764,1.32485,-1.60909
-0.356656,-0.0541334,0.0287473;-1.57421,1.45963,-1.55905
-0.35859,-0.0530585,0.0292147;-1.80598,1.51252,-1.32783
-0.404421,-0.0560339,0.0395863;0.595359,1.32976,2.53399
-0.405126,-0.0526694,0.0382964;0.327487,1.38516,2.80268
-0.389625,-0.0475301,0.0300254;-0.931207,1.51952,-2.21016
-0.382484,-0.0484247,0.0288646;-1.47165,1.47405,-1.66523
-0.38073,-0.0496729,0.0287695;1.58708,1.5446,1.56405
-0.381375,-0.0493406,0.0288555;1.62947,1.52838,1.52558
-0.423185,-0.042645,0.0375529;0.947078,1.29465,2.16754
-0.426467,-0.0395707,0.0375453;0.819928,1.32246,2.30365
-0.42117,-0.0392136,0.0336261;1.05431,1.38533,2.07801
-0.411913,-0.0396085,0.0288123;1.4703,1.52213,1.67745
-0.410119,-0.0412165,0.0289223;1.48144,1.43185,1.66357
-0.409738,-0.0412749,0.0288756;1.57253,1.40305,1.58359
-0.415288,-0.0376874,0.0304354;1.68591,1.32838,1.46628
-0.457492,-0.0267484,0.0390964;1.1108,1.1274,1.99293
-0.452204,-0.0241469,0.036055;1.1541,1.22252,1.96272
-0.437817,-0.0255126,0.0287234;1.6329,1.34756,1.51696
-0.435288,-0.0276991,0.0288432;1.5273,1.34303,1.61606
-0.434435,-0.0292709,0.0287475;1.57273,1.25124,1.57757
-0.435622,-0.0278865,0.0291353;1.59894,1.21592,1.55612
-0.47928,-0.0103373,0.0392327;1.21266,0.994097,1.87499
-0.478351,-0.00725435,0.0377321;1.21056,1.07259,1.8865
-0.460388,-0.010795,0.0286885;1.56499,1.21442,1.57934
-0.455903,-0.014418,0.0288713;1.53704,1.24449,1.60604
-0.455041,-0.0163436,0.028716;1.57102,1.12809,1.57704
-0.455562,-0.0153378,0.0289902;1.589,1.08767,1.56667
-0.494332,0.00726157,0.0390254;1.27228,0.87043,1.80086
-0.489722,0.00988732,0.0373805;1.2931,0.938464,1.79338
-0.475854,0.00604503,0.0288122;1.54835,1.05909,1.59236
-0.472861,0.00235325,0.0288073;1.55018,1.10039,1.59323
-0.47232,0.00124102,0.0287357;1.56172,1.0193,1.58299
-0.471882,0.00139704,0.028948;1.57638,0.972659,1.58167
-0.503086,0.0302992,0.0370915;1.3578,0.77388,1.71102
-0.509362,0.0353175,0.0387149;1.31253,0.758918,1.7513
-0.501639,0.0335938,0.033796;1.42189,0.851039,1.68126
-0.493351,0.0266827,0.0288785;1.55502,0.952938,1.58899
-0.493162,0.0254516,0.0288652;1.55394,0.901669,1.58734
-0.493029,0.0244751,0.0288133;1.57095,0.839053,1.58188
-0.509225,0.0481683,0.0349269;1.60704,0.680024,1.53794
-0.526972,0.0635893,0.0395663;1.33116,0.577895,1.705
-0.525272,0.0656837,0.0374147;1.36706,0.632377,1.69139
-0.512853,0.055577,0.0287436;1.57276,0.789286,1.57879
-0.512334,0.0540797,0.0288402;1.55983,0.772816,1.58311
-0.512436,0.0534272,0.0289002;1.55963,0.705784,1.58188
-0.515468,0.0634869,0.0313039;1.61985,0.580818,1.54828
-0.530387,0.0875132,0.0369415;1.44567,0.478061,1.6138
-0.537444,0.0966455,0.0386496;1.36761,0.438502,1.65909
-0.523789,0.0846879,0.0286888;1.57014,0.622949,1.58057
-0.523558,0.0835202,0.0288698;1.56025,0.641051,1.58269
-0.523662,0.0820644,0.0288507;1.55917,0.596323,1.58075
-0.523717,0.0842877,0.029396;1.58676,0.471097,1.57446
-0.531647,0.107805,0.0341041;1.58313,0.368751,1.55688
-0.544832,0.126608,0.0394758;1.36545,0.265577,1.62788
-0.530254,0.113124,0.0287105;1.56796,0.467859,1.57574
-0.529394,0.109202,0.0287187;1.57151,0.517582,1.57823
-0.529537,0.107125,0.0288544;1.56037,0.500651,1.57989
-0.529712,0.105985,0.0289727;1.57834,0.353751,1.58088
-0.533681,0.125541,0.0324054;1.60455,0.261636,1.55682
-0.544562,0.147693,0.0388901;1.38209,0.154879,1.60175
-0.533403,0.136153,0.0287792;1.56252,0.332345,1.5753
-0.533026,0.132756,0.0287447;1.57129,0.383729,1.57957
-0.53347,0.131307,0.0288522;1.56133,0.365366,1.57844
-0.533762,0.130256,0.0289721;1.5769,0.223538,1.58321
-0.533511,0.147969,0.0324628;1.6271,0.135261,1.56211
-0.538486,0.175611,0.0380956;1.40382,0.0307131,1.5696
-0.533604,0.174738,0.0322778;1.49873,0.126925,1.57938
-0.5328,0.167935,0.0287797;1.57064,0.195088,1.58155
-0.533196,0.166149,0.0288403;1.56389,0.190892,1.57785
-0.534053,0.164869,0.0288548;1.57108,0.0905425,1.58438
-0.531647,0.170272,0.0300699;1.59483,0.0256739,1.57894
-0.528795,0.196682,0.0360641;1.55986,-0.0785493,1.55548
-0.528806,0.215524,0.0361466;1.43063,-0.0924208,1.55687
-0.526576,0.203972,0.0285421;1.57835,-0.00412021,1.57642
-0.527355,0.202274,0.0287063;1.57144,0.0357099,1.57755
-0.529122,0.200219,0.028735;1.56903,-0.0634971,1.57628
-0.528588,0.200026,0.0289678;1.5747,-0.104521,1.58686
-0.523036,0.213583,0.0321069;1.62499,-0.193936,1.58365
-0.516439,0.249972,0.0383329;1.38267,-0.308161,1.51366
-0.51445,0.242143,0.0333871;1.47846,-0.226839,1.54853
-0.515985,0.232951,0.0287841;1.57206,-0.144118,1.5818
-0.517483,0.231277,0.0288666;1.56028,-0.182612,1.5724
-0.518197,0.230451,0.0288489;1.57107,-0.24798,1.58396
-0.515039,0.233793,0.0296395;1.5903,-0.306609,1.58613
-0.500346,0.278814,0.0392061;1.35241,-0.486237,1.4691
-0.497423,0.275514,0.0370175;1.40101,-0.405558,1.50027
-0.499593,0.259489,0.0287063;1.57252,-0.306918,1.5756
-0.502358,0.256948,0.0288414;1.56179,-0.288772,1.57219
-0.50395,0.256148,0.0287358;1.57087,-0.392396,1.57829
-0.502803,0.256983,0.0289684;1.57792,-0.427107,1.58578
-0.483392,0.296504,0.0388359;1.34854,-0.612202,1.44047
-0.479811,0.295515,0.0372304;1.38524,-0.541765,1.4689
-0.482965,0.279226,0.0286296;1.56986,-0.435734,1.57287
-0.486534,0.275997,0.0288484;1.56092,-0.399096,1.57135
-0.488608,0.275362,0.0287326;1.57116,-0.501929,1.57832
-0.48752,0.2756,0.0290273;1.58146,-0.553931,1.58994
-0.48752,0.2756,0.0290273;1.58146,-0.553931,1.58994
-0.474329,0.289089,0.0328373;1.63701,-0.642456,1.60746
-0.474329,0.289089,0.0328373;1.63701,-0.642456,1.60746
