-0.125,0.125,0.06;-1.57,-2.98023e-08,-1.57
-0.125,0.125,0.06;-1.57,-2.98023e-08,-1.57
-0.125,0.125,0.06;-1.57,-2.98023e-08,-1.57
-0.125664,0.120506,0.0285788;-1.571,-0.153307,-1.5706
-0.125092,0.120459,0.0287623;-1.56932,-0.100974,-1.5785
-0.122011,0.131018,0.0339569;-1.48972,-0.0159361,-1.58066
-0.119898,0.162973,0.0395849;-1.78683,0.050389,-1.5693
-0.118037,0.14848,0.0288074;-1.56072,-0.066636,-1.57476
-0.119149,0.146112,0.0285782;-1.57079,-0.111568,-1.57082
-0.119279,0.146405,0.0285803;-1.57069,-0.0952316,-1.5707
-0.116282,0.14786,0.0297314;-1.54215,0.0186767,-1.58029
-0.10955,0.161818,0.037904;-1.41818,0.115588,-1.60474
-0.10385,0.180936,0.0469189;-1.53211,0.222562,-1.58631
-0.100634,0.198558,0.0381526;-1.76443,0.18601,-1.54087
-0.100841,0.187799,0.0308629;-1.624,0.11069,-1.56859
-0.103656,0.18029,0.0285874;-1.571,0.0472667,-1.57165
-0.103006,0.179754,0.0291031;-1.55429,0.0971541,-1.5809
-0.0987217,0.185463,0.034734;-1.47372,0.163439,-1.60079
-0.0924354,0.197455,0.0461919;-1.44583,0.268954,-1.60883
-0.0865974,0.224678,0.0425979;-1.85032,0.259658,-1.51567
-0.0846078,0.222907,0.0385795;-1.77686,0.211615,-1.53206
-0.0868985,0.209393,0.0286937;-1.55783,0.15082,-1.57986
-0.0886728,0.206157,0.0286219;-1.57071,0.117892,-1.57287
-0.0873752,0.205537,0.0297165;-1.5464,0.172122,-1.58464
-0.0809932,0.213484,0.0381559;-1.41394,0.258208,-1.62468
-0.0774226,0.223143,0.0447536;-1.50862,0.307819,-1.59636
-0.076234,0.22877,0.0360802;-1.72905,0.230658,-1.53692
-0.0791229,0.217975,0.0285546;-1.56999,0.126049,-1.57064
-0.0790887,0.218094,0.028581;-1.57024,0.145045,-1.57032
-0.0785116,0.21809,0.0287697;-1.56882,0.194781,-1.57832
-0.064491,0.235665,0.0432728;-1.38003,0.370683,-1.6468
-0.0600474,0.251624,0.0483622;-1.61552,0.430091,-1.56537
-0.0546538,0.265876,0.0407881;-1.83966,0.37198,-1.48199
-0.0590399,0.251616,0.0286747;-1.5688,0.268868,-1.57393
-0.0604787,0.249831,0.02858;-1.57078,0.246551,-1.57084
-0.0597069,0.250394,0.0286298;-1.56894,0.307907,-1.57073
-0.0489338,0.25953,0.0375664;-1.40933,0.449585,-1.65682
-0.0385006,0.273438,0.0473051;-1.50906,0.558003,-1.61058
-0.0301928,0.288965,0.0457511;-1.75438,0.554619,-1.49144
-0.0306897,0.281109,0.0287811;-1.55538,0.437054,-1.58366
-0.0348184,0.277526,0.0285862;-1.57116,0.390189,-1.57114
-0.0350761,0.277441,0.0285808;-1.57099,0.403025,-1.57055
-0.0298881,0.278699,0.0326791;-1.49319,0.525687,-1.6236
-0.0169132,0.289933,0.042678;-1.35196,0.62977,-1.70736
-0.00701712,0.30403,0.0489289;-1.65203,0.70137,-1.53172
0.000170765,0.310052,0.0343853;-1.71699,0.593883,-1.49094
-0.00697545,0.302792,0.0286994;-1.56428,0.537327,-1.57553
-0.00870764,0.301637,0.0285798;-1.57075,0.515054,-1.57083
-0.00481726,0.302281,0.0305503;-1.52344,0.645318,-1.61085
0.00965143,0.310998,0.0396568;-1.3382,0.741082,-1.74209
0.0232708,0.323239,0.0484851;-1.60163,0.846099,-1.55823
0.0325826,0.32959,0.0349636;-1.74869,0.735656,-1.45335
0.025402,0.324093,0.0287154;-1.56325,0.686557,-1.57711
0.0235385,0.323278,0.028579;-1.57081,0.661409,-1.57076
0.0269673,0.323051,0.0303954;-1.51957,0.78578,-1.6193
0.0418815,0.329968,0.0393946;-1.31481,0.876007,-1.78147
0.0568895,0.340984,0.0477074;-1.64892,0.978001,-1.51941
0.0697617,0.347155,0.0360853;-1.81271,0.890163,-1.38525
0.0592569,0.339813,0.0289235;-1.54841,0.83545,-1.59142
0.0562377,0.339318,0.0285593;-1.56933,0.792155,-1.5719
0.056802,0.338555,0.029298;-1.54108,0.879097,-1.60239
0.0671935,0.341634,0.0360541;-1.3681,0.951713,-1.75163
0.0823882,0.347883,0.0466859;-1.47292,1.06326,-1.66398
0.0982611,0.357585,0.0402126;-2.00283,0.997285,-1.21057
0.0935007,0.352826,0.0343996;-1.78488,0.971112,-1.39567
0.0834529,0.347188,0.028631;-1.56933,0.913003,-1.57545
0.0822725,0.346702,0.0286725;-1.57057,0.91046,-1.5754
0.0832697,0.345441,0.0300058;-1.52311,0.959293,-1.62017
0.0939651,0.346701,0.0395129;-1.23494,1.03156,-1.87321
0.121128,0.362246,0.0437779;-2.06064,1.09446,-1.15627
0.128264,0.363326,0.0406071;-2.05094,1.02152,-1.15861
0.119642,0.355843,0.0313041;-1.68885,1.00598,-1.473
0.109974,0.353362,0.0285783;-1.57078,0.957041,-1.57076
0.110386,0.352734,0.028809;-1.56162,1.02156,-1.58543
0.116434,0.351999,0.0332433;-1.40742,1.08383,-1.72954
0.149689,0.36241,0.0492416;-1.89352,1.25611,-1.2817
0.166706,0.367932,0.042384;-2.27462,1.1205,-0.933083
0.163763,0.364181,0.0372841;-2.00058,1.13432,-1.18101
0.148201,0.360528,0.0285784;-1.57067,1.08268,-1.57085
0.148322,0.360147,0.0286609;-1.57126,1.15377,-1.57498
0.152253,0.358771,0.0312951;-1.42777,1.21299,-1.71694
0.188151,0.364336,0.0480956;-2.1801,1.37664,-0.992988
0.205789,0.367259,0.0426473;-2.50023,1.22175,-0.688469
0.203211,0.364109,0.0368338;-2.15246,1.25861,-1.01694
0.188487,0.363065,0.0285764;-1.57082,1.23408,-1.57076
0.188471,0.362863,0.0286727;-1.57075,1.30497,-1.57546
0.192639,0.361147,0.0313465;-1.35759,1.36208,-1.79266
0.230205,0.361343,0.0468378;-3.09215,1.42859,-0.0777442
0.246664,0.360986,0.0427562;-2.91349,1.29553,-0.256618
0.243691,0.358507,0.0369543;-2.57576,1.3689,-0.579506
0.22707,0.359471,0.0285696;-1.57178,1.38276,-1.56967
0.226824,0.35926,0.0286852;-1.56813,1.44493,-1.57868
0.227698,0.358365,0.0299531;-1.28861,1.47247,-1.86285
0.25805,0.352129,0.0479596;1.66718,1.47161,1.46231
0.275243,0.350897,0.0421186;2.91465,1.33022,0.217287
0.275535,0.350396,0.0394904;2.94745,1.3484,0.192823
0.258854,0.350171,0.0286165;-1.55882,1.49281,-1.58347
0.258058,0.350656,0.0286218;-1.55678,1.53617,-1.58308
0.257854,0.34979,0.0290396;0.975392,1.5456,2.1579
0.266257,0.344601,0.0352411;0.72732,1.42658,2.39329
0.300167,0.335032,0.0474914;1.95852,1.30809,1.17927
0.31116,0.330435,0.0407282;2.50051,1.2585,0.657929
0.301978,0.330522,0.032088;2.09035,1.41376,1.05454
0.292455,0.335103,0.0285788;1.56897,1.49823,1.57263
0.29317,0.334295,0.0286561;1.57019,1.43044,1.56684
0.295135,0.331037,0.0313015;1.33499,1.36655,1.78971
0.326203,0.314615,0.0493433;1.6331,1.17772,1.50283
0.340777,0.308528,0.0442655;2.16011,1.16849,1.00555
0.336786,0.307764,0.0356564;2.04736,1.25034,1.11228
0.324911,0.313654,0.0285795;1.57071,1.37084,1.57082
0.325704,0.312774,0.0286202;1.5741,1.30132,1.56488
0.326635,0.310091,0.0307427;1.44809,1.24184,1.67499
0.355902,0.290405,0.0486482;1.63907,1.04434,1.49951
0.372264,0.282051,0.0434335;2.02914,1.03296,1.15134
0.369098,0.282068,0.0358152;1.90533,1.10455,1.26648
0.357737,0.29019,0.0285743;1.57083,1.2112,1.57086
0.357877,0.289725,0.0285799;1.57148,1.15556,1.56989
0.357589,0.288136,0.0297356;1.51243,1.10514,1.6127
0.379474,0.26555,0.0477927;1.52623,0.906167,1.59712
0.394744,0.255232,0.0447374;1.87658,0.885253,1.30959
0.396848,0.250531,0.0394288;1.94497,0.933015,1.26023
0.383123,0.261331,0.028566;1.5681,1.07588,1.57216
0.383218,0.261408,0.0285798;1.57074,1.06639,1.57086
0.382773,0.261012,0.028702;1.5705,1.00652,1.56519
0.394475,0.241748,0.0426643;1.33245,0.818414,1.73956
0.40806,0.230671,0.0485249;1.68044,0.771945,1.48012
0.419671,0.219219,0.041459;1.94348,0.78069,1.29364
0.406283,0.229504,0.0286604;1.57139,0.932676,1.56607
0.405107,0.23165,0.0285788;1.57065,0.966257,1.57088
0.405371,0.23128,0.0285801;1.57077,0.920971,1.57088
0.408966,0.219679,0.0372064;1.37204,0.776624,1.69614
0.417218,0.205503,0.0470292;1.44657,0.674522,1.64362
0.428659,0.193408,0.0471592;1.71269,0.662792,1.4669
0.425435,0.193204,0.0298386;1.62039,0.783818,1.53281
0.423182,0.198244,0.0285787;1.57223,0.833759,1.5688
0.423083,0.198814,0.0285799;1.5709,0.828931,1.57088
0.422987,0.192995,0.0320643;1.49557,0.697565,1.60559
0.429217,0.176502,0.0418511;1.37526,0.576417,1.67074
0.439237,0.161584,0.0490523;1.65581,0.515598,1.51412
0.44318,0.151301,0.0354776;1.74601,0.61441,1.46517
0.438243,0.161973,0.028623;1.57067,0.681675,1.56891
0.437601,0.164368,0.0285727;1.57101,0.706735,1.57117
0.436586,0.160612,0.0307378;1.52328,0.576113,1.5847
0.440133,0.143704,0.0399613;1.37785,0.461499,1.64622
0.447511,0.126596,0.0485265;1.60949,0.377275,1.54413
0.450733,0.112645,0.0354183;1.7286,0.468049,1.496
0.44757,0.123156,0.0287261;1.56297,0.527738,1.57193
0.447403,0.12522,0.0285763;1.57075,0.550184,1.57085
0.446155,0.122337,0.030255;1.53485,0.422319,1.57406
0.446603,0.106824,0.0390972;1.39755,0.31356,1.61163
0.450538,0.0889598,0.0481513;1.58692,0.22386,1.55576
0.453788,0.069227,0.0383555;1.77699,0.282791,1.50838
0.450225,0.0820353,0.0289181;1.54826,0.348735,1.57534
0.450613,0.0860535,0.028573;1.57079,0.39157,1.57082
0.450126,0.0859939,0.0289256;1.56103,0.311028,1.56646
0.448092,0.0788408,0.0340871;1.47899,0.242965,1.57793
0.446967,0.0619657,0.0445676;1.43873,0.128305,1.58272
0.451838,0.0315176,0.0413865;1.83436,0.136951,1.52527
0.44895,0.0380969,0.0342587;1.69118,0.190434,1.54549
0.449226,0.0482058,0.0286426;1.56925,0.252694,1.56966
0.4491,0.0492993,0.0285665;1.57123,0.211499,1.57027
0.447498,0.0484241,0.029924;1.54022,0.161989,1.5656
0.443796,0.0346516,0.0386259;1.40653,0.0619259,1.56652
0.44262,-0.0013627,0.0451939;1.75838,-0.0328395,1.55728
0.440589,-0.00585799,0.0394107;1.79002,0.0229412,1.56101
0.439768,0.00664218,0.0290539;1.55413,0.0828767,1.56435
0.441555,0.01106,0.0285792;1.57077,0.113347,1.57084
0.440918,0.0107676,0.0288348;1.5644,0.0545775,1.56519
0.437189,0.00561121,0.0332786;1.49406,-0.00725753,1.5569
0.429016,-0.029568,0.0485139;1.66589,-0.168372,1.57151
0.427093,-0.0446541,0.0415093;1.83703,-0.109989,1.59319
0.42658,-0.0377093,0.0344138;1.69426,-0.0737647,1.57651
0.431082,-0.025525,0.0285787;1.57078,-0.00408397,1.57082
0.430309,-0.02671,0.0286216;1.57092,-0.0985533,1.56712
0.428041,-0.0278771,0.0304839;1.52807,-0.162696,1.55382
0.410787,-0.0584091,0.048451;1.61531,-0.358568,1.57341
0.404536,-0.0732432,0.0422971;1.84092,-0.303948,1.63463
0.404628,-0.0701644,0.0357722;1.72367,-0.266539,1.60794
0.410616,-0.0593666,0.0285735;1.57077,-0.193796,1.57116
0.409688,-0.060119,0.0285741;1.57152,-0.274202,1.56911
0.406949,-0.0610549,0.0305852;1.53302,-0.331731,1.54657
0.406949,-0.0610549,0.0305852;1.53302,-0.331731,1.54657
0.396393,-0.0738214,0.0397041;1.38875,-0.43016,1.48273
0.396393,-0.0738214,0.0397041;1.38875,-0.43016,1.48273
