-0.125,0.125,0.06;-1.57,-2.98023e-08,-1.57
-0.125,0.125,0.06;-1.57,-2.98023e-08,-1.57
-0.125,0.125,0.06;-1.57,-2.98023e-08,-1.57
-0.125801,0.12033,0.0285783;-1.57088,-0.152144,-1.57058
-0.12523,0.120376,0.0286987;-1.57027,-0.10128,-1.57629
-0.122,0.130411,0.0330495;-1.50561,-0.0192578,-1.57994
-0.118202,0.158002,0.0387326;-1.75292,0.0372026,-1.58143
-0.117741,0.149066,0.0287897;-1.57042,-0.0619915,-1.58227
-0.118063,0.148545,0.0286094;-1.57256,-0.0685259,-1.57063
-0.118276,0.149159,0.0286524;-1.57109,-0.0435707,-1.56685
-0.117815,0.151184,0.0290826;-1.56366,0.0453416,-1.58892
-0.111714,0.160956,0.0345449;-1.49253,0.123684,-1.6076
-0.104724,0.181006,0.0433016;-1.54647,0.237081,-1.59634
-0.101758,0.190959,0.0352763;-1.69204,0.183116,-1.56126
-0.104981,0.17835,0.0289312;-1.55631,0.106394,-1.58754
-0.105613,0.177912,0.0285864;-1.57144,0.0767136,-1.57043
-0.105628,0.17756,0.0289296;-1.57046,0.149843,-1.58764
-0.100652,0.18477,0.0325783;-1.52305,0.214667,-1.60583
-0.0910467,0.203972,0.0417628;-1.54927,0.33125,-1.59974
-0.086036,0.221671,0.0409155;-1.80207,0.326677,-1.52019
-0.0847482,0.218902,0.0359936;-1.71708,0.277798,-1.54434
-0.0880478,0.211029,0.0288904;-1.56933,0.233514,-1.58667
-0.088364,0.210279,0.0286222;-1.57078,0.245257,-1.57271
-0.0877329,0.209752,0.0291899;-1.56298,0.30371,-1.59221
-0.0780206,0.220039,0.0356448;-1.46794,0.391153,-1.63629
-0.0685693,0.236006,0.0401971;-1.60784,0.456484,-1.57387
-0.0652234,0.240455,0.0344433;-1.69494,0.391778,-1.53165
-0.068207,0.23551,0.028579;-1.57065,0.344891,-1.57071
-0.0681932,0.236243,0.0286568;-1.57384,0.388884,-1.56823
-0.0682746,0.236408,0.0288318;-1.57063,0.435858,-1.58279
-0.0491758,0.253131,0.0394408;-1.45445,0.600229,-1.65906
-0.0378935,0.270898,0.0429888;-1.77313,0.65549,-1.47228
-0.0317427,0.276438,0.0393427;-1.81954,0.598793,-1.44079
-0.0400146,0.267917,0.0286766;-1.57012,0.540582,-1.57593
-0.0404748,0.267647,0.0285807;-1.57087,0.545195,-1.57063
-0.0399288,0.268599,0.0285808;-1.57098,0.612329,-1.57052
-0.0283249,0.27384,0.0342566;-1.47483,0.729161,-1.66169
-0.0104967,0.286833,0.0429605;-1.60557,0.846016,-1.56584
0.0016368,0.298997,0.0401943;-1.89961,0.818662,-1.34527
-0.00532816,0.292025,0.0288614;-1.56856,0.754724,-1.58799
-0.00604081,0.291782,0.0286364;-1.57361,0.743715,-1.56957
-0.006036,0.292296,0.0286059;-1.5711,0.779095,-1.56906
-0.00173782,0.292598,0.0304398;-1.54037,0.875751,-1.61611
0.0165168,0.299596,0.0385703;-1.39075,0.984459,-1.74467
0.0346899,0.311063,0.0439592;-1.86105,1.04668,-1.34235
0.0375704,0.310103,0.0302353;-1.61216,0.967181,-1.55285
0.034832,0.309816,0.0286696;-1.57051,0.944103,-1.57545
0.0341118,0.309743,0.0285617;-1.57032,0.957055,-1.57035
0.0369945,0.30997,0.0293639;-1.54688,1.07669,-1.61239
0.0546722,0.31181,0.0359694;-1.32696,1.17024,-1.82308
0.077273,0.318433,0.043448;-1.95393,1.26807,-1.22992
0.0836403,0.317038,0.0309131;-1.69181,1.18515,-1.47268
0.0796001,0.31719,0.0286779;-1.57025,1.1654,-1.57672
0.0789967,0.317311,0.0286014;-1.57085,1.17325,-1.56976
0.0808327,0.316995,0.0293141;-1.53909,1.27968,-1.62181
0.0968997,0.31606,0.0352753;-1.18704,1.36199,-1.97395
0.120282,0.318859,0.0425852;-2.57852,1.40678,-0.597185
0.12514,0.317506,0.0325756;-1.97246,1.37863,-1.18544
0.116764,0.318676,0.0287638;-1.57252,1.34788,-1.5816
0.116138,0.318823,0.0285797;-1.57059,1.34232,-1.57094
0.115743,0.318818,0.0290394;-1.53962,1.44002,-1.62001
0.126275,0.315383,0.0332338;-0.805065,1.4933,-2.36125
0.148422,0.313646,0.0410977;2.40735,1.48598,0.713618
0.159327,0.312873,0.0378166;3.01218,1.39281,0.119323
0.152051,0.313435,0.0308589;-2.53072,1.51586,-0.625123
0.148772,0.314457,0.0287137;-1.56656,1.50383,-1.58159
0.148474,0.314488,0.0287347;-1.5684,1.52893,-1.58051
0.148869,0.313338,0.0293046;0.970511,1.55603,2.15147
0.163721,0.30686,0.0360517;0.858683,1.42797,2.25274
0.194786,0.301213,0.0417638;2.48403,1.26365,0.658701
0.194068,0.298891,0.0379168;2.4738,1.34486,0.668241
0.185917,0.300861,0.0289115;1.4727,1.46666,1.65287
0.185238,0.301756,0.0285812;1.57241,1.45748,1.56953
0.185099,0.301929,0.0288538;1.56802,1.3911,1.56043
0.188685,0.297729,0.0309287;1.46054,1.33811,1.65525
0.228356,0.278898,0.0430325;2.04973,1.09605,1.10658
0.234913,0.273381,0.0411628;2.1615,1.13929,1.00583
0.228121,0.275909,0.0330104;1.81263,1.23207,1.32845
0.22326,0.280752,0.0285751;1.57065,1.26978,1.57116
0.223298,0.281376,0.0287119;1.57071,1.18541,1.56213
0.224686,0.278616,0.0297824;1.54709,1.15005,1.57071
0.259815,0.252102,0.0420633;1.92048,0.916045,1.25469
0.265075,0.245509,0.0409483;1.98876,0.972278,1.19824
0.258798,0.248969,0.0329362;1.72445,1.04898,1.42214
0.254817,0.254319,0.028581;1.57087,1.07701,1.57073
0.254752,0.25464,0.0286577;1.57012,0.993425,1.56674
0.255336,0.252392,0.0296933;1.5589,0.960067,1.55721
0.28479,0.220522,0.0416996;1.88058,0.737333,1.32938
0.287454,0.214203,0.0408226;1.88714,0.796509,1.318
0.282257,0.218866,0.0331121;1.7044,0.856014,1.46064
0.278866,0.225969,0.0285795;1.5706,0.897252,1.57106
0.278828,0.226731,0.0287163;1.57076,0.820966,1.56431
0.278692,0.225956,0.0291422;1.55938,0.79372,1.55886
0.297259,0.193632,0.0417641;1.74345,0.590469,1.44743
0.302503,0.18333,0.0397102;1.84472,0.631793,1.39798
0.300527,0.185889,0.036538;1.76715,0.64994,1.44332
0.295406,0.195249,0.0285983;1.5705,0.738015,1.57
0.296582,0.195087,0.0287281;1.57709,0.675636,1.56922
0.296426,0.195266,0.0289012;1.56937,0.644047,1.55743
0.29727,0.185734,0.0319433;1.5258,0.566408,1.56989
0.313719,0.145332,0.0407056;1.8175,0.398932,1.45681
0.312306,0.143233,0.0380196;1.77576,0.461864,1.46929
0.309318,0.153357,0.028785;1.5515,0.509883,1.56296
0.309779,0.15504,0.0285938;1.57088,0.512541,1.57153
0.31043,0.154256,0.0286898;1.57132,0.445197,1.56418
0.309324,0.151786,0.0295886;1.55893,0.406821,1.55513
0.315109,0.110277,0.0430249;1.74125,0.198902,1.51179
0.315218,0.0996276,0.040196;1.80287,0.253996,1.49857
0.313546,0.107675,0.031394;1.62127,0.298255,1.54105
0.314543,0.112625,0.0285885;1.57089,0.317075,1.5713
0.314795,0.112398,0.0286158;1.57132,0.240927,1.56854
0.314128,0.11121,0.0293527;1.5649,0.213338,1.55117
0.312381,0.0711047,0.0420433;1.74229,0.00630556,1.5418
0.310863,0.0604094,0.0400981;1.79451,0.0604444,1.54618
0.311243,0.0680099,0.0316759;1.62785,0.0940114,1.55284
0.312962,0.0721977,0.0285905;1.57079,0.116105,1.57162
0.313162,0.0720314,0.0285718;1.57118,0.0478452,1.5708
0.312632,0.0715509,0.0290941;1.56431,0.0162424,1.55162
0.301963,0.0359415,0.0417714;1.69017,-0.183465,1.5699
0.299425,0.0225824,0.0410647;1.81862,-0.169094,1.60006
0.298825,0.0258681,0.035737;1.71662,-0.122002,1.58403
0.303232,0.0345154,0.0286146;1.57333,-0.0787891,1.57012
0.303339,0.0342266,0.0285968;1.57114,-0.111214,1.57193
0.303608,0.034161,0.0287925;1.57072,-0.153003,1.56075
0.288007,0.0125011,0.0381762;1.50553,-0.325006,1.52711
0.279478,-0.00962526,0.0410158;1.82775,-0.391935,1.64495
0.276285,-0.0131772,0.0398643;1.80616,-0.342536,1.64217
0.283124,-0.0022436,0.0287636;1.56947,-0.282403,1.56258
0.283552,-0.00176928,0.0285788;1.57081,-0.28267,1.57084
0.283687,-0.00226787,0.0286583;1.57392,-0.348462,1.57276
0.274737,-0.00924965,0.0332489;1.51043,-0.457028,1.51818
0.260524,-0.0275607,0.0415896;1.6462,-0.573126,1.59124
0.251707,-0.0412755,0.0412158;1.86225,-0.558259,1.71472
0.257082,-0.0327036,0.0288815;1.56479,-0.489773,1.55084
0.257877,-0.0323344,0.0286151;1.57069,-0.477034,1.56916
0.2579,-0.0325963,0.0285888;1.57121,-0.505872,1.57181
0.254686,-0.0336495,0.030044;1.55204,-0.606826,1.53879
0.238304,-0.0453595,0.0376463;1.47541,-0.715814,1.48451
0.221827,-0.0619967,0.0424288;1.85039,-0.783994,1.74663
0.220856,-0.0606367,0.0310549;1.62656,-0.70818,1.59299
0.224227,-0.0590827,0.0287274;1.56685,-0.688149,1.56169
0.224714,-0.0588402,0.0285783;1.57071,-0.698504,1.57121
0.223075,-0.0594039,0.0292566;1.55948,-0.802049,1.54267
0.20724,-0.0660415,0.035167;1.46498,-0.899639,1.46197
0.187115,-0.0792791,0.0415161;1.91127,-0.97934,1.8306
0.18492,-0.0776404,0.0312241;1.64728,-0.912849,1.6181
0.187893,-0.0769735,0.0286889;1.5712,-0.884607,1.56512
0.188745,-0.0769079,0.0285891;1.57072,-0.892305,1.57154
0.187757,-0.0767618,0.029201;1.56035,-0.998974,1.54293
0.170833,-0.0800116,0.034324;1.45347,-1.09643,1.44081
0.147153,-0.0893454,0.0402698;2.09292,-1.15576,2.02882
0.143954,-0.0895783,0.0342552;1.83247,-1.10849,1.80115
0.151416,-0.0884584,0.0287338;1.57131,-1.09147,1.55946
0.152462,-0.0884488,0.0285853;1.571,-1.08715,1.57065
0.151928,-0.0889654,0.028878;1.56907,-1.17035,1.55534
0.146506,-0.0870953,0.0310825;1.49304,-1.22729,1.47344
0.12434,-0.0877342,0.0395981;1.44358,-1.34486,1.42608
0.101833,-0.0917823,0.0386263;2.2951,-1.26482,2.26607
0.111135,-0.0909071,0.0300435;1.67677,-1.29229,1.66307
0.114431,-0.0916357,0.0286581;1.56929,-1.26546,1.56566
0.114311,-0.0922744,0.0285805;1.57261,-1.33784,1.57157
0.113858,-0.0916191,0.0291195;1.53838,-1.3728,1.52008
0.0991639,-0.0878761,0.0343643;0.988965,-1.44665,0.965788
0.0622606,-0.0865157,0.0412097;3.11131,-1.32324,3.09929
0.0658791,-0.0855607,0.0353598;2.73723,-1.421,2.72845
0.0733627,-0.0876209,0.0288333;1.55406,-1.48089,1.53954
0.0742426,-0.0881556,0.0286005;1.57303,-1.50658,1.57418
0.0743614,-0.0881246,0.0288183;1.57482,-1.5543,1.56313
0.070526,-0.0847948,0.0305941;-1.14516,-1.52517,-1.16763
0.0274371,-0.0732202,0.0411605;-2.44142,-1.24888,-2.43168
0.0250324,-0.0701024,0.0391537;-2.52685,-1.31511,-2.51919
0.0331221,-0.0715425,0.0299089;-1.78863,-1.45512,-1.80117
0.0351256,-0.0730571,0.0285852;-1.57439,-1.47441,-1.57402
0.0335944,-0.0730285,0.0285901;-1.58311,-1.39529,-1.58788
0.0328805,-0.0715746,0.0293649;-1.52826,-1.35229,-1.54948
-0.00499215,-0.0525993,0.0418529;-1.9814,-1.10543,-1.96798
-0.0133304,-0.0460205,0.0398846;-2.13631,-1.14512,-2.1037
-0.00627935,-0.0485733,0.0311109;-1.71504,-1.24496,-1.72006
-0.00364696,-0.0515864,0.0285825;-1.57095,-1.26361,-1.57072
-0.00411442,-0.0515372,0.0285957;-1.57084,-1.1801,-1.57186
-0.00455956,-0.0502637,0.0293092;-1.55564,-1.14468,-1.57678
-0.00455956,-0.0502637,0.0293092;-1.55564,-1.14468,-1.57678
-0.0165288,-0.0375146,0.0349036;-1.45055,-1.0419,-1.4933
-0.0165288,-0.0375146,0.0349036;-1.45055,-1.0419,-1.4933
