-0.125,0.125,0.06;-1.57,-2.98023e-08,-1.57
-0.125,0.125,0.06;-1.57,-2.98023e-08,-1.57
-0.125,0.125,0.06;-1.57,-2.98023e-08,-1.57
-0.125995,0.120534,0.0285487;-1.57278,-0.168483,-1.57065
-0.125589,0.120497,0.0287256;-1.57012,-0.123514,-1.57746
-0.122439,0.131826,0.0327852;-1.513,-0.0379624,-1.58045
-0.119173,0.159627,0.0388122;-1.76168,0.0243774,-1.58061
-0.118903,0.151829,0.0288038;-1.57066,-0.0687658,-1.58269
-0.119152,0.151188,0.0285727;-1.57106,-0.0747075,-1.57054
-0.119553,0.151963,0.0286455;-1.57141,-0.0341552,-1.56769
-0.119367,0.153794,0.0290828;-1.56466,0.045976,-1.59006
-0.113099,0.164184,0.0343176;-1.49903,0.13143,-1.6084
-0.106234,0.185013,0.0428592;-1.60404,0.243939,-1.58392
-0.102261,0.197832,0.0359551;-1.7133,0.198566,-1.55281
-0.10519,0.188784,0.0289462;-1.55859,0.137027,-1.58921
-0.105947,0.188133,0.028624;-1.57072,0.115443,-1.57304
-0.106403,0.187652,0.028956;-1.56897,0.180211,-1.58829
-0.101218,0.194095,0.0320252;-1.53403,0.248644,-1.60498
-0.091283,0.21331,0.0411104;-1.61338,0.365373,-1.57991
-0.0870549,0.228157,0.0408396;-1.80801,0.357622,-1.50811
-0.0850597,0.226055,0.0361281;-1.72226,0.307987,-1.53498
-0.088605,0.218788,0.0288913;-1.56957,0.262885,-1.58658
-0.0892222,0.217929,0.0286555;-1.57087,0.29105,-1.57427
-0.0886374,0.217526,0.029194;-1.56369,0.339146,-1.59277
-0.0779302,0.228291,0.0350701;-1.48299,0.434541,-1.63478
-0.0670414,0.245321,0.0389672;-1.70736,0.499459,-1.52558
-0.0627641,0.247784,0.0347472;-1.70635,0.437591,-1.52015
-0.0674218,0.24172,0.0285839;-1.57081,0.379805,-1.57104
-0.0675361,0.242383,0.0286221;-1.57251,0.435296,-1.56935
-0.0677842,0.242302,0.0288549;-1.57053,0.476776,-1.58412
-0.0471252,0.258366,0.0392186;-1.50143,0.648317,-1.63565
-0.0340063,0.275882,0.0410897;-1.87908,0.682459,-1.39341
-0.0302185,0.278008,0.0391595;-1.82749,0.639224,-1.42572
-0.0385474,0.2715,0.0286931;-1.57038,0.587826,-1.57646
-0.0390727,0.271305,0.0285802;-1.57091,0.596292,-1.57059
-0.0386214,0.271971,0.0285771;-1.57086,0.654906,-1.57094
-0.0270365,0.276628,0.0339961;-1.48068,0.771324,-1.66172
-0.00818382,0.289641,0.0423694;-1.69143,0.886791,-1.49945
0.0039464,0.299287,0.0410689;-1.94385,0.85055,-1.29884
-0.00433859,0.293158,0.0288796;-1.56774,0.804575,-1.58934
-0.00536895,0.293081,0.0286351;-1.57281,0.795716,-1.57096
-0.00556492,0.293371,0.0285814;-1.57111,0.841924,-1.57036
-0.00207285,0.293385,0.030342;-1.54455,0.928817,-1.61489
0.0170741,0.299564,0.0382268;-1.45214,1.04641,-1.69691
0.036969,0.310566,0.0412709;-2.07893,1.06709,-1.14018
0.0337704,0.307529,0.0304331;-1.62349,1.02896,-1.54201
0.0308358,0.307656,0.0286843;-1.57054,1.00185,-1.57603
0.030157,0.307654,0.0285806;-1.57075,1.01788,-1.5703
0.0315298,0.307533,0.029397;-1.55752,1.12361,-1.6041
0.0494813,0.307891,0.0356346;-1.33715,1.22625,-1.81962
0.073273,0.313515,0.0416667;-2.237,1.28041,-0.949854
0.0753579,0.311373,0.030808;-1.70164,1.23848,-1.46042
0.0718019,0.311729,0.0286711;-1.57162,1.21126,-1.57572
0.0712818,0.311811,0.0285885;-1.57076,1.21648,-1.57036
0.0725868,0.311615,0.0292906;-1.54921,1.31541,-1.61146
0.0892601,0.309765,0.0345951;-1.20933,1.4064,-1.95405
0.113942,0.311333,0.0404893;-2.91705,1.35747,-0.257965
0.114701,0.309864,0.0323448;-2.09884,1.42786,-1.05625
0.109042,0.310725,0.0287836;-1.57305,1.40456,-1.58118
0.108211,0.311098,0.0285858;-1.57076,1.39642,-1.57112
0.10768,0.311302,0.0290412;-1.51638,1.49615,-1.64321
0.118937,0.306751,0.0327371;0.176178,1.52703,2.93893
0.142676,0.301955,0.0405068;2.41474,1.38721,0.711985
0.150341,0.300776,0.0378739;2.67434,1.36724,0.46715
0.14556,0.301399,0.0315069;2.49584,1.4993,0.637796
0.142339,0.30295,0.0287014;1.53786,1.55763,1.597
0.141712,0.303121,0.0287569;1.57464,1.52302,1.55853
0.141618,0.302402,0.0292836;1.52764,1.47521,1.5942
0.155432,0.294485,0.0352819;1.27612,1.36329,1.83439
0.181192,0.286813,0.041452;2.31535,1.20687,0.842009
0.180619,0.285204,0.0378745;2.28112,1.28566,0.873167
0.172179,0.288746,0.028857;1.50286,1.3872,1.61995
0.170823,0.29032,0.0285793;1.5715,1.37024,1.57019
0.170844,0.290527,0.028848;1.57011,1.3182,1.55869
0.174276,0.285884,0.0306107;1.51173,1.26713,1.60454
0.211037,0.264522,0.0426189;2.09862,1.02474,1.08759
0.212882,0.260679,0.0405636;2.0797,1.08874,1.09725
0.206765,0.263708,0.0329053;1.77808,1.16874,1.36742
0.202813,0.268567,0.0285744;1.56974,1.20431,1.57172
0.202894,0.268824,0.0287062;1.56911,1.12553,1.56537
0.203852,0.266225,0.0296803;1.55947,1.08959,1.55883
0.234671,0.238196,0.0421559;1.97684,0.862313,1.23658
0.236847,0.233327,0.0404532;1.94735,0.924354,1.24914
0.231487,0.236616,0.0326943;1.70998,0.991467,1.44143
0.228451,0.242009,0.0285825;1.57091,1.02002,1.5705
0.228016,0.242831,0.0286807;1.56912,0.932559,1.56715
0.22861,0.24031,0.0296996;1.56381,0.901233,1.55268
0.25474,0.207457,0.0422726;1.8942,0.684509,1.33809
0.256163,0.201949,0.0401142;1.87466,0.745893,1.34472
0.252441,0.206504,0.0329982;1.69714,0.796058,1.47295
0.250502,0.21281,0.0285833;1.57099,0.836727,1.57031
0.25042,0.213758,0.0287445;1.5707,0.755595,1.56304
0.250457,0.212955,0.0290855;1.56126,0.734676,1.55763
0.267677,0.177767,0.0400587;1.82049,0.521892,1.42483
0.269972,0.170975,0.0391904;1.82517,0.568611,1.42649
0.268391,0.173884,0.0362698;1.7554,0.578371,1.46381
0.264649,0.182123,0.0285999;1.5704,0.66855,1.56971
0.265312,0.182209,0.0286819;1.5748,0.610559,1.57002
0.265415,0.182172,0.0288948;1.57056,0.586295,1.55574
0.265141,0.175174,0.031517;1.53913,0.520717,1.56197
0.277401,0.136264,0.0409819;1.83478,0.357381,1.46792
0.275313,0.135321,0.0376618;1.77257,0.421157,1.48326
0.273525,0.143946,0.0288944;1.55947,0.460536,1.55776
0.274103,0.145045,0.0285774;1.5709,0.457295,1.57102
0.274447,0.144782,0.0287059;1.57074,0.403277,1.5649
0.273421,0.143059,0.0294465;1.56471,0.36053,1.55252
0.276942,0.100417,0.0411064;1.81932,0.155522,1.51643
0.274964,0.095387,0.0393321;1.79035,0.215396,1.51493
0.274177,0.102235,0.031355;1.62208,0.254775,1.54432
0.275343,0.106679,0.0285798;1.57079,0.278505,1.57107
0.275627,0.106547,0.0286057;1.57045,0.209604,1.56931
0.274657,0.105524,0.0292123;1.56453,0.176245,1.55253
0.269994,0.0642507,0.040916;1.80699,-0.0121042,1.56024
0.268277,0.0579141,0.0390832;1.77872,0.0301673,1.55699
0.268711,0.0637614,0.0315313;1.63001,0.062577,1.55849
0.270408,0.0673574,0.0285703;1.57126,0.0928954,1.57166
0.270711,0.0669905,0.0285784;1.57095,0.0306321,1.57073
0.270423,0.0668614,0.0290555;1.56543,-0.00433786,1.55263
0.258776,0.0291459,0.0394402;1.78558,-0.20369,1.59978
0.257082,0.0226378,0.0407069;1.81497,-0.181726,1.60769
0.256448,0.0251161,0.0353327;1.71075,-0.139809,1.58731
0.26035,0.0317483,0.0286495;1.57233,-0.0931709,1.56918
0.260506,0.0316222,0.0285824;1.57098,-0.131746,1.57105
0.26076,0.0316998,0.0288256;1.57067,-0.167987,1.55917
0.246256,0.00956566,0.0368432;1.58751,-0.345194,1.55803
0.238832,-0.00806011,0.0418078;1.85258,-0.383416,1.66835
0.236257,-0.00997816,0.0388306;1.79141,-0.350089,1.6431
0.241418,0.000251467,0.0287669;1.56991,-0.274295,1.56208
0.241844,0.000711108,0.0285809;1.57088,-0.271749,1.57088
0.241708,0.000231496,0.0286295;1.57294,-0.331093,1.57173
0.233216,-0.00697633,0.0324671;1.52664,-0.440266,1.52707
0.218204,-0.0271799,0.0394961;1.75853,-0.554815,1.65389
0.212847,-0.0350463,0.0409158;1.85744,-0.537936,1.71311
0.217755,-0.0262028,0.0289057;1.56892,-0.457814,1.55367
0.218456,-0.0259265,0.0286186;1.57108,-0.438405,1.56891
0.218489,-0.0259887,0.0285831;1.57102,-0.466561,1.57117
0.215365,-0.0273036,0.0296985;1.56101,-0.558651,1.54528
0.198846,-0.0405619,0.0361891;1.57792,-0.679535,1.55717
0.184862,-0.0551397,0.0417515;1.91619,-0.712567,1.79038
0.185252,-0.050699,0.030917;1.62512,-0.643885,1.59119
0.18825,-0.04949,0.0287181;1.57031,-0.61872,1.56365
0.188824,-0.049348,0.0285752;1.57079,-0.627052,1.57106
0.187585,-0.0496038,0.029235;1.56501,-0.732714,1.54805
0.171671,-0.0570671,0.0343286;1.52131,-0.834812,1.51076
0.151842,-0.0707724,0.0408002;1.9582,-0.890859,1.86702
0.150784,-0.0694022,0.0312043;1.64878,-0.842881,1.61939
0.153861,-0.0686389,0.0286759;1.57111,-0.815756,1.56508
0.154628,-0.068584,0.0285805;1.57081,-0.815995,1.57132
0.153965,-0.0685168,0.0291224;1.56406,-0.920699,1.54716
0.137756,-0.0724294,0.0335605;1.51228,-1.02199,1.49723
0.115795,-0.0821931,0.0404155;2.07224,-1.0651,2.00792
0.112668,-0.0818207,0.0339109;1.79165,-1.03932,1.75897
0.118561,-0.0810732,0.028805;1.57019,-1.01861,1.55781
0.119297,-0.0812847,0.0286054;1.5707,-1.00856,1.56947
0.119553,-0.0814439,0.028853;1.57037,-1.08464,1.55736
0.113245,-0.0808059,0.0305343;1.53705,-1.14535,1.51828
0.0890432,-0.0849006,0.0373378;1.90674,-1.25441,1.87689
0.0749373,-0.0874433,0.0377461;2.11319,-1.20492,2.07978
0.0822848,-0.0850824,0.0300487;1.65847,-1.19735,1.64427
0.0847362,-0.0854527,0.0286526;1.5699,-1.17184,1.56609
0.0849811,-0.0859395,0.0285897;1.57012,-1.24028,1.56924
0.0845159,-0.085526,0.02902;1.55558,-1.2702,1.53848
0.0693996,-0.0832573,0.0332514;1.37145,-1.36579,1.3513
0.0392321,-0.0842216,0.0402973;2.68323,-1.306,2.66501
0.0431847,-0.0821536,0.0352233;2.22083,-1.34466,2.20528
0.0528826,-0.0822536,0.0287896;1.55496,-1.33922,1.54018
0.053817,-0.0827647,0.0285785;1.57036,-1.3553,1.57052
0.0541062,-0.0827843,0.0288203;1.5704,-1.38779,1.55895
0.050137,-0.0805474,0.0301442;1.4853,-1.44635,1.46532
0.0118477,-0.0755135,0.0412834;-2.97006,-1.31716,-2.97424
0.0104135,-0.0725176,0.0380908;3.06643,-1.37748,3.06097
0.0185104,-0.0718874,0.0300899;1.9749,-1.49351,1.96327
0.0213131,-0.0738176,0.0285767;1.5778,-1.48305,1.57848
0.0209167,-0.0740747,0.0286195;1.56641,-1.54672,1.56419
0.0202633,-0.0731961,0.0291558;-1.13244,-1.55793,-1.15128
-0.0193521,-0.0600013,0.0406482;-2.43355,-1.25007,-2.41546
-0.0243778,-0.0561764,0.0386528;-2.48483,-1.31176,-2.47239
-0.0178123,-0.0577797,0.0310194;-1.96083,-1.44269,-1.96803
-0.0144891,-0.0607427,0.0285773;-1.57356,-1.48269,-1.57328
-0.014492,-0.0609149,0.028591;-1.57124,-1.4174,-1.57223
-0.0151308,-0.0599,0.0291481;-1.55204,-1.38077,-1.57043
-0.0151308,-0.0599,0.0291481;-1.55204,-1.38077,-1.57043
-0.0299397,-0.0500811,0.0333795;-1.55735,-1.27068,-1.579
-0.0299397,-0.0500811,0.0333795;-1.55735,-1.27068,-1.579
