-0.125,0.125,0.06;-1.57,-2.98023e-08,-1.57
-0.125,0.125,0.06;-1.57,-2.98023e-08,-1.57
-0.125,0.125,0.06;-1.57,-2.98023e-08,-1.57
-0.125895,0.122368,0.0285671;-1.5701,-0.202477,-1.56958
-0.125338,0.122535,0.0287691;-1.57047,-0.151102,-1.58017
-0.12177,0.135203,0.0320707;-1.53082,-0.0612511,-1.58214
-0.118446,0.158867,0.0375323;-1.73891,-0.0138951,-1.58414
-0.117135,0.151771,0.0288158;-1.57055,-0.116887,-1.58397
-0.117685,0.150743,0.028615;-1.57089,-0.121793,-1.57244
-0.1177,0.150865,0.0286008;-1.57086,-0.103882,-1.56976
-0.117428,0.152214,0.0291297;-1.56452,-0.0239978,-1.5904
-0.110953,0.16208,0.0346293;-1.50143,0.0676229,-1.61016
-0.103753,0.183182,0.0432458;-1.607,0.184313,-1.58446
-0.101201,0.192477,0.0348594;-1.69109,0.118582,-1.56491
-0.104152,0.181253,0.0288669;-1.55709,0.0478265,-1.59066
-0.105122,0.180758,0.028653;-1.57127,0.0224915,-1.57404
-0.10534,0.180027,0.0290191;-1.56763,0.0886433,-1.58913
-0.0996902,0.18764,0.0326141;-1.5297,0.170654,-1.6077
-0.0901718,0.209004,0.0408813;-1.64901,0.291846,-1.57194
-0.0865123,0.221704,0.0398307;-1.78762,0.278015,-1.52548
-0.0847493,0.219974,0.0354251;-1.70488,0.224516,-1.55009
-0.0873201,0.213726,0.0289407;-1.56917,0.18102,-1.58796
-0.0881401,0.2124,0.0286994;-1.57078,0.205933,-1.57647
-0.0870999,0.212069,0.029281;-1.56307,0.260064,-1.5943
-0.076158,0.223717,0.0353404;-1.49093,0.361528,-1.63156
-0.0664812,0.241055,0.0391655;-1.69804,0.423118,-1.53471
-0.0626867,0.243453,0.0337243;-1.67814,0.356402,-1.54065
-0.06604,0.2384,0.0286267;-1.57079,0.316328,-1.57304
-0.0662287,0.23847,0.0286009;-1.57197,0.357,-1.57029
-0.0666468,0.238065,0.028891;-1.57038,0.404018,-1.58563
-0.0464697,0.2542,0.0394708;-1.51465,0.574168,-1.62894
-0.0343395,0.27209,0.0427819;-1.75941,0.636809,-1.47745
-0.0285646,0.277118,0.0376609;-1.78962,0.570441,-1.4546
-0.0372168,0.268689,0.0286814;-1.57127,0.505529,-1.57677
-0.037759,0.268326,0.0285793;-1.57093,0.5168,-1.57061
-0.0371785,0.268715,0.0285987;-1.57089,0.578924,-1.57196
-0.0256989,0.273094,0.0343853;-1.48541,0.700471,-1.6598
-0.00802687,0.286929,0.0424568;-1.67506,0.815393,-1.51525
0.00353043,0.2979,0.0392182;-1.87199,0.791636,-1.36378
-0.00420353,0.289441,0.028904;-1.56689,0.696643,-1.59053
-0.00529502,0.289289,0.0286467;-1.5711,0.69046,-1.574
-0.00539485,0.289032,0.0285795;-1.57078,0.714054,-1.57074
-0.000987931,0.288891,0.0306375;-1.54723,0.816579,-1.61561
0.0176898,0.296072,0.0385782;-1.48517,0.934433,-1.66685
0.0363973,0.307966,0.0429782;-1.86925,0.997029,-1.33894
0.039724,0.306401,0.0304813;-1.61558,0.893289,-1.55259
0.036969,0.306148,0.0286755;-1.57201,0.873769,-1.57567
0.0361728,0.306021,0.0285749;-1.57119,0.887633,-1.56975
0.03761,0.305699,0.029522;-1.55561,1.00426,-1.60713
0.0537326,0.307618,0.0358163;-1.4107,1.10675,-1.74647
0.0756882,0.315606,0.0421621;-1.97364,1.18784,-1.21712
0.0827699,0.314725,0.0308841;-1.65891,1.09081,-1.50561
0.0790881,0.314819,0.0287043;-1.57212,1.06583,-1.57643
0.0781045,0.314764,0.0285736;-1.57082,1.07726,-1.57048
0.0787215,0.313976,0.0293289;-1.55295,1.1854,-1.60918
0.0949678,0.313286,0.0351777;-1.35989,1.2814,-1.80436
0.119579,0.317486,0.0414385;-2.34325,1.33497,-0.839315
0.124994,0.314866,0.0322573;-1.8449,1.2675,-1.31537
0.116829,0.315582,0.0288509;-1.57259,1.24437,-1.5831
0.115526,0.315971,0.0286349;-1.57246,1.2443,-1.57123
0.114723,0.315585,0.0290809;-1.55055,1.33906,-1.60996
0.125651,0.31298,0.0333184;-1.2495,1.41406,-1.91925
0.148342,0.312546,0.0408389;-2.85365,1.45097,-0.312891
0.158627,0.311426,0.0372735;-2.65503,1.37793,-0.50174
0.152283,0.310453,0.0312757;-1.88349,1.41303,-1.27468
0.148997,0.311298,0.028761;-1.56937,1.39237,-1.58082
0.148108,0.311267,0.0287791;-1.56998,1.42084,-1.58109
0.148639,0.310018,0.0295506;-1.49179,1.47045,-1.67217
0.164591,0.304116,0.0363892;0.114308,1.49073,2.99492
0.195625,0.301671,0.0406233;2.74435,1.32822,0.391236
0.196247,0.299299,0.0370845;2.91649,1.40563,0.217252
0.18917,0.300017,0.0288555;-0.739675,1.55442,-2.42106
0.187804,0.301051,0.0286008;1.64194,1.56277,1.49895
0.187024,0.301339,0.0288926;1.5661,1.48542,1.56076
0.1913,0.297309,0.0312028;1.38088,1.43286,1.72991
0.233376,0.28073,0.0418181;2.1485,1.16531,1.00276
0.238766,0.276167,0.0399448;2.23723,1.22856,0.915511
0.235157,0.274948,0.0327127;1.95455,1.35383,1.18511
0.229371,0.279582,0.0286116;1.57173,1.36335,1.56856
0.228492,0.280286,0.0287995;1.5702,1.26013,1.56094
0.229853,0.277552,0.0300754;1.54304,1.22513,1.56997
0.264983,0.25327,0.0411751;1.95692,0.97719,1.21479
0.269817,0.247254,0.0397723;1.99748,1.0479,1.17689
0.266049,0.246975,0.0325575;1.75504,1.14874,1.39057
0.261532,0.252748,0.0286016;1.57076,1.16029,1.56977
0.260848,0.25321,0.0287347;1.57049,1.06701,1.56376
0.261882,0.250269,0.0299247;1.55889,1.03063,1.55434
0.291999,0.220517,0.0411504;1.89183,0.800867,1.31158
0.294957,0.214126,0.0397825;1.88009,0.866315,1.31016
0.290744,0.21483,0.0326672;1.71782,0.955231,1.44484
0.287091,0.221071,0.0286179;1.57082,0.973441,1.56894
0.286224,0.222213,0.0288304;1.57068,0.877424,1.55914
0.286355,0.220588,0.0292601;1.56184,0.85662,1.55682
0.306235,0.189142,0.041526;1.76665,0.642858,1.42614
0.310975,0.179906,0.038513;1.82361,0.697563,1.3977
0.308245,0.181834,0.0360803;1.77191,0.731281,1.43031
0.302436,0.191461,0.0286411;1.57056,0.81268,1.56799
0.30294,0.191978,0.028629;1.57339,0.749404,1.56947
0.302515,0.192098,0.0289642;1.56817,0.716147,1.5557
0.302852,0.183665,0.032372;1.52355,0.642983,1.56788
0.321778,0.145537,0.0404304;1.788,0.46385,1.45203
0.321319,0.141408,0.0371657;1.76319,0.537248,1.46232
0.317596,0.148089,0.0290436;1.55925,0.595304,1.55707
0.317765,0.150107,0.0285787;1.571,0.588757,1.57084
0.317821,0.150443,0.0287739;1.57047,0.513111,1.56148
0.316842,0.148148,0.0298889;1.55842,0.481664,1.552
0.323848,0.107241,0.0437119;1.71529,0.27021,1.50938
0.324639,0.0956487,0.0388943;1.78181,0.334001,1.48856
0.322009,0.0992526,0.0315441;1.62792,0.406407,1.53419
0.322606,0.104827,0.0285857;1.57087,0.407323,1.57048
0.322574,0.105014,0.0286799;1.57088,0.330472,1.566
0.321528,0.103519,0.0295216;1.56332,0.298886,1.54919
0.32306,0.0623769,0.0409625;1.75875,0.0817897,1.52717
0.321991,0.053541,0.0391266;1.77473,0.150445,1.52796
0.32003,0.0578013,0.0316702;1.62973,0.212493,1.54712
0.3212,0.0629256,0.028589;1.57084,0.220662,1.57034
0.321549,0.0633122,0.028619;1.5708,0.149055,1.56896
0.320869,0.0630128,0.0292305;1.56534,0.120134,1.55026
0.31377,0.0274095,0.0419134;1.67875,-0.0942357,1.55972
0.312574,0.0137293,0.0396567;1.78729,-0.0765153,1.57693
0.31113,0.0175609,0.0352302;1.70386,-0.00558427,1.56664
0.314685,0.0274165,0.0286511;1.57081,0.0401794,1.56734
0.314735,0.0279905,0.0285769;1.57109,0.0150255,1.57093
0.314932,0.0286005,0.0288673;1.57058,-0.0391322,1.5571
0.302158,0.0074604,0.0387744;1.5204,-0.207433,1.53241
0.296841,-0.0141094,0.0426545;1.74585,-0.284611,1.59883
0.292743,-0.0215498,0.0384902;1.77585,-0.22464,1.61318
0.296341,-0.0101786,0.0287861;1.57005,-0.132296,1.56122
0.296899,-0.00936352,0.028594;1.5709,-0.145561,1.57005
0.296637,-0.00988835,0.0286341;1.57227,-0.208115,1.56998
0.287667,-0.0172127,0.0339764;1.5072,-0.330227,1.51656
0.275744,-0.0363827,0.0422676;1.63135,-0.44947,1.57546
0.268614,-0.0527733,0.0395877;1.80387,-0.454108,1.66163
0.270958,-0.0440207,0.0290186;1.56856,-0.343545,1.55108
0.271774,-0.043525,0.028661;1.57081,-0.336314,1.56694
0.271897,-0.0431778,0.0285786;1.57078,-0.35929,1.57088
0.26856,-0.0441603,0.03047;1.55388,-0.462157,1.53648
0.254185,-0.0564126,0.0382705;1.49715,-0.580534,1.50134
0.240709,-0.0745713,0.0432709;1.77535,-0.66293,1.67562
0.235089,-0.0761548,0.031241;1.62425,-0.54967,1.58411
0.239407,-0.0739167,0.0287516;1.57087,-0.534854,1.56243
0.240181,-0.0735135,0.0285836;1.57087,-0.549446,1.57063
0.239059,-0.0733607,0.0295857;1.55935,-0.666647,1.54002
0.224381,-0.081068,0.0359632;1.47728,-0.770368,1.4737
0.206555,-0.0960451,0.0422265;1.81528,-0.864693,1.73359
0.200196,-0.0978087,0.0312936;1.63862,-0.756026,1.60498
0.203701,-0.0965353,0.02872;1.57092,-0.739855,1.56345
0.204421,-0.0961805,0.0285763;1.57134,-0.753829,1.57132
0.203512,-0.09584,0.0293335;1.55927,-0.862061,1.53987
0.188209,-0.099989,0.0351227;1.45929,-0.961374,1.44719
0.167432,-0.111345,0.0417292;1.87925,-1.05388,1.81579
0.159535,-0.113315,0.0341232;1.76692,-0.94961,1.72679
0.166386,-0.111328,0.0288729;1.5709,-0.930695,1.55655
0.167773,-0.111208,0.0286339;1.57075,-0.931961,1.5682
0.168301,-0.11127,0.0289395;1.56807,-1.02415,1.55232
0.160777,-0.110167,0.0319844;1.49939,-1.08553,1.47648
0.138584,-0.113575,0.0406051;1.52096,-1.21039,1.49957
0.113768,-0.120552,0.0377258;2.04096,-1.15756,2.00168
0.121664,-0.11776,0.030348;1.64357,-1.1336,1.623
0.125075,-0.117946,0.0287032;1.57291,-1.11875,1.56664
0.125624,-0.117968,0.028631;1.57234,-1.19801,1.56919
0.125006,-0.117029,0.0292929;1.5512,-1.2344,1.5307
0.110737,-0.114584,0.035138;1.26498,-1.32471,1.23975
0.0739992,-0.117737,0.0397133;2.56975,-1.31011,2.54445
0.0770196,-0.115431,0.035128;2.12252,-1.32158,2.10229
0.0850686,-0.115822,0.0289485;1.56545,-1.32031,1.54916
0.0870813,-0.116343,0.028587;1.57311,-1.35003,1.57307
0.0873439,-0.11627,0.0288944;1.56746,-1.40345,1.5528
0.08271,-0.113101,0.0312731;1.36012,-1.45722,1.33259
0.0406409,-0.107786,0.0422088;-2.72786,-1.37534,-2.74286
0.0341011,-0.105018,0.0382912;-3.06595,-1.38472,-3.07505
0.0404829,-0.105055,0.0304501;2.1831,-1.52272,2.16597
0.0439988,-0.106967,0.0285762;1.5693,-1.53034,1.56952
0.0437811,-0.107102,0.0287254;-1.56123,-1.53156,-1.56839
0.0428854,-0.105461,0.0296272;-1.44259,-1.49573,-1.46674
0.00649138,-0.090614,0.0429122;-2.04667,-1.25109,-2.04867
-0.00402314,-0.0852935,0.038783;-2.30375,-1.27258,-2.29113
0.000763634,-0.0854935,0.0313006;-1.85487,-1.39816,-1.86445
0.00386275,-0.0884813,0.0285704;-1.5726,-1.40287,-1.57215
0.0039744,-0.0887236,0.0286529;-1.57074,-1.31625,-1.57423
0.00319936,-0.087048,0.0295253;-1.54503,-1.28745,-1.56987
0.00319936,-0.087048,0.0295253;-1.54503,-1.28745,-1.56987
-0.00955009,-0.0759065,0.0355458;-1.39928,-1.1764,-1.44495
-0.00955009,-0.0759065,0.0355458;-1.39928,-1.1764,-1.44495
