-0.125,0.125,0.06;-1.57,-2.98023e-08,-1.57
-0.125,0.125,0.06;-1.57,-2.98023e-08,-1.57
-0.125,0.125,0.06;-1.57,-2.98023e-08,-1.57
-0.1256,0.133661,0.0286858;-1.57029,-0.204617,-1.5753
-0.126246,0.133005,0.0288041;-1.57203,-0.16845,-1.58063
-0.127971,0.128624,0.0299577;-1.58209,-0.0867782,-1.58951
-0.129696,0.112158,0.0352429;-1.46386,-0.0462356,-1.5815
-0.130682,0.122469,0.0286781;-1.57033,-0.171252,-1.57576
-0.130885,0.122761,0.0289604;-1.55935,-0.197849,-1.57541
-0.13077,0.121775,0.0288801;-1.5633,-0.176253,-1.57644
-0.128429,0.11677,0.0286926;-1.57319,0.00865235,-1.5742
-0.130943,0.108206,0.0294252;-1.58997,0.127377,-1.57546
-0.132106,0.0951718,0.0336209;-1.54631,0.183567,-1.5875
-0.134554,0.0823154,0.0333732;-1.4855,0.105214,-1.57602
-0.135748,0.0852534,0.0287329;-1.56281,0.0466653,-1.57014
-0.135939,0.0857809,0.028768;-1.56567,0.0162733,-1.57463
-0.135016,0.0827074,0.0289699;-1.56441,0.0964591,-1.58373
-0.136075,0.0810296,0.0292462;-1.57279,0.14231,-1.58323
-0.139705,0.0718249,0.0318921;-1.56842,0.216393,-1.5986
-0.145799,0.0485695,0.0398891;-1.35162,0.223632,-1.6208
-0.14563,0.0521105,0.0377716;-1.38413,0.17924,-1.60988
-0.14236,0.0657891,0.028513;-1.56931,0.100135,-1.57467
-0.142198,0.0681619,0.0287049;-1.57075,0.0218546,-1.57673
-0.143858,0.0666445,0.0288053;-1.57409,0.104721,-1.5778
-0.148506,0.0623279,0.0298638;-1.58895,0.196476,-1.58064
-0.154609,0.0497633,0.0315331;-1.55051,0.255012,-1.58546
-0.160075,0.0394322,0.0353681;-1.4349,0.224296,-1.60055
-0.159479,0.0427786,0.0290291;-1.55266,0.196831,-1.57791
-0.159347,0.0405981,0.0291739;-1.54928,0.258912,-1.58377
-0.159241,0.0387766,0.0291687;-1.54328,0.304461,-1.58095
-0.165855,0.0275056,0.0315481;-1.54307,0.463176,-1.5978
-0.173902,0.0114829,0.0378583;-1.39478,0.484459,-1.65629
-0.181122,0.00304816,0.0405178;-1.31418,0.442519,-1.68133
-0.176442,0.0132713,0.0287343;-1.56492,0.408357,-1.57051
-0.176262,0.0128618,0.028942;-1.55224,0.408391,-1.58045
-0.176229,0.0126114,0.0290249;-1.54831,0.437041,-1.58308
-0.176222,0.0125577,0.0293185;-1.5591,0.530276,-1.57919
-0.180916,0.00593345,0.0363169;-1.58914,0.621829,-1.55987
-0.189088,-0.00356563,0.0412634;-1.42462,0.622629,-1.63562
-0.198266,-0.003657,0.0359194;-1.43198,0.449521,-1.60483
-0.195805,-0.000510385,0.0307856;-1.54899,0.406745,-1.55585
-0.1961,-0.000174676,0.0318129;-1.52519,0.423285,-1.5647
-0.197242,0.00332554,0.0336751;-1.6073,0.565743,-1.49301
-0.203417,-0.00377584,0.0416136;-1.58414,0.662226,-1.5231
-0.210939,-0.0128456,0.0462479;-1.47702,0.730645,-1.58892
-0.223517,-0.0189357,0.0415541;-1.3092,0.612661,-1.67672
-0.223471,-0.017075,0.037324;-1.41217,0.528453,-1.61405
-0.217011,-0.0146838,0.0325883;-1.51555,0.506644,-1.56724
-0.214357,-0.0121617,0.0334483;-1.49097,0.651968,-1.58127
-0.222831,-0.0212784,0.0376219;-1.40359,0.733995,-1.64433
-0.227721,-0.0306965,0.0424879;-1.27476,0.808764,-1.73852
-0.22935,-0.0275587,0.0367643;-1.40598,0.734708,-1.64587
-0.228643,-0.0248443,0.0295369;-1.56425,0.675385,-1.55603
-0.229471,-0.025557,0.0289091;-1.56554,0.646626,-1.56768
-0.225927,-0.0217602,0.0299529;-1.57362,0.730839,-1.54626
-0.229611,-0.0233662,0.034148;-1.69367,0.826837,-1.46919
-0.233758,-0.0267771,0.0396056;-1.66991,0.909744,-1.49278
-0.250792,-0.0407677,0.0353594;-1.4184,0.859967,-1.65186
-0.252471,-0.0400099,0.0323769;-1.47314,0.798435,-1.6213
-0.253592,-0.0396038,0.0300438;-1.50898,0.760682,-1.60738
-0.2501,-0.0393314,0.0313075;-1.48442,0.812629,-1.62453
-0.249891,-0.0399608,0.0329459;-1.44866,0.871912,-1.65703
-0.257107,-0.044766,0.0356103;-1.38333,0.958541,-1.71202
-0.26843,-0.0532942,0.0378362;-1.30784,0.971676,-1.76514
-0.26826,-0.0529116,0.0339109;-1.38709,0.920267,-1.7131
-0.265675,-0.0501334,0.0288654;-1.5494,0.881973,-1.58699
-0.266369,-0.0519031,0.0290895;-1.54455,0.933683,-1.60052
-0.267542,-0.0535526,0.029085;-1.55546,0.990052,-1.59928
-0.272977,-0.0573677,0.0304391;-1.54715,1.07708,-1.62027
-0.285456,-0.0665255,0.0330298;-1.41684,1.19328,-1.73666
-0.286989,-0.0656248,0.0318399;-1.42364,1.15096,-1.71928
-0.28252,-0.0613677,0.0287627;-1.5699,1.06679,-1.57995
-0.282682,-0.0621768,0.028984;-1.54846,1.06046,-1.59868
-0.284377,-0.0644822,0.029093;-1.54367,1.13786,-1.6087
-0.286311,-0.0655393,0.0292205;-1.56176,1.1819,-1.59664
-0.294361,-0.073163,0.0345597;-1.908,1.39323,-1.28411
-0.29789,-0.0731777,0.0325443;-1.4859,1.347,-1.68014
-0.296632,-0.0703682,0.0290997;-1.50161,1.29425,-1.63953
-0.295184,-0.0693243,0.0288416;-1.55087,1.22341,-1.59516
-0.295569,-0.0696145,0.0289384;-1.5498,1.25103,-1.60131
-0.295675,-0.0695351,0.029009;-1.58884,1.26793,-1.56856
-0.312587,-0.0722566,0.0330655;-1.68342,1.40636,-1.51183
-0.324338,-0.0718356,0.0333519;-1.33581,1.3914,-1.83295
-0.322526,-0.0696807,0.029365;-1.46898,1.36206,-1.67267
-0.317634,-0.0690274,0.028693;-1.57053,1.24543,-1.57631
-0.317349,-0.0690717,0.0287341;-1.57026,1.2668,-1.57871
-0.317907,-0.0685542,0.0290327;-1.59895,1.29892,-1.55769
-0.336278,-0.065896,0.0338675;-1.68414,1.4463,-1.51144
-0.345124,-0.0644084,0.0316408;-1.63492,1.44054,-1.54698
-0.344751,-0.0625437,0.0287563;-1.57228,1.4256,-1.57716
-0.342872,-0.0623266,0.0288849;-1.51416,1.33316,-1.62687
-0.34273,-0.0624169,0.0287419;-1.57133,1.37617,-1.57806
-0.343326,-0.0619678,0.0289029;-1.58973,1.39953,-1.56409
-0.363326,-0.0562659,0.0331341;2.22058,1.55842,0.873
-0.374357,-0.0546057,0.0319127;1.45311,1.54861,1.64925
-0.378211,-0.0539707,0.0302234;1.54038,1.52277,1.57514
-0.377048,-0.0528125,0.0291331;-0.672352,1.5426,-2.46416
-0.377111,-0.0531226,0.0289202;-0.391958,1.55742,-2.7534
-0.37649,-0.0532954,0.0287096;1.29614,1.55562,1.84773
-0.375482,-0.0529684,0.0292009;1.78167,1.50403,1.35646
-0.382515,-0.0492314,0.035677;2.05817,1.31958,1.07623
-0.383649,-0.0481372,0.0309083;1.79491,1.38869,1.34105
-0.384384,-0.0472093,0.0290011;1.41626,1.44655,1.72587
-0.383857,-0.0472643,0.0287217;1.4575,1.51115,1.68392
-0.383869,-0.047488,0.0287579;1.57006,1.48278,1.56319
-0.384814,-0.0461311,0.0289925;1.61967,1.42886,1.50966
-0.403006,-0.0346802,0.0328331;1.63206,1.25094,1.46366
-0.413332,-0.0287993,0.0323;1.46487,1.26693,1.64533
-0.41056,-0.0279685,0.0286641;1.55817,1.29954,1.58245
-0.410769,-0.027943,0.0289844;1.50175,1.30611,1.63914
-0.412159,-0.0293336,0.0288096;1.54531,1.19475,1.59276
-0.413949,-0.0286325,0.028844;1.57746,1.11025,1.55504
-0.4202,-0.023653,0.0373924;1.75201,0.897562,1.39986
-0.417128,-0.0238214,0.037676;1.83188,0.896625,1.34805
-0.423717,-0.0218014,0.0299991;1.58939,0.984529,1.56995
-0.42827,-0.0151117,0.029372;1.5104,1.15288,1.6334
-0.427755,-0.015548,0.0290119;1.5196,1.16772,1.61745
-0.426979,-0.0159935,0.028858;1.57203,1.1579,1.55692
-0.42942,-0.013003,0.0324938;1.59787,1.04324,1.5029
-0.436328,-0.00782163,0.0323635;1.58403,1.02612,1.51254
-0.43602,-0.00657035,0.0294582;1.57495,1.04435,1.54912
-0.435144,-0.00656338,0.028998;1.53124,1.10618,1.60882
-0.434841,-0.00696162,0.0289719;1.52893,1.10935,1.60882
-0.434129,-0.00776182,0.0285946;1.57037,1.10181,1.57056
-0.437715,-0.00168861,0.0310701;1.58423,0.970628,1.52683
-0.441637,0.00387029,0.0353442;1.67893,0.878406,1.45341
-0.443755,0.00797633,0.0346923;1.73405,0.84868,1.43337
-0.457669,0.0221264,0.0297181;1.56139,0.899562,1.59976
-0.460824,0.0264551,0.0303557;1.53202,0.940424,1.62094
-0.460898,0.0251677,0.0294524;1.54341,0.915119,1.60143
-0.460684,0.0237979,0.0296849;1.56693,0.85315,1.557
-0.46105,0.0247451,0.0320564;1.60121,0.796498,1.51056
-0.467138,0.0318723,0.0326957;1.58368,0.758585,1.51401
-0.468929,0.036385,0.0285664;1.57023,0.827821,1.57231
-0.469215,0.037371,0.02902;1.54017,0.863089,1.59601
-0.469007,0.037163,0.0290975;1.53508,0.875469,1.60118
-0.46836,0.0358041,0.0290505;1.58272,0.82645,1.54747
-0.470247,0.0416537,0.0310683;1.59256,0.750386,1.52541
-0.475139,0.0518331,0.0337966;1.58403,0.669283,1.51084
-0.477598,0.0588266,0.0286382;1.57004,0.722329,1.56871
-0.477933,0.0593825,0.0289636;1.56211,0.759667,1.58865
-0.477938,0.0604331,0.0292246;1.55175,0.770847,1.59601
-0.474832,0.0562193,0.0291779;1.57715,0.683161,1.57282
-0.474214,0.059631,0.0335317;1.6834,0.578828,1.50216
-0.475972,0.0671583,0.0373554;1.71811,0.478233,1.47184
-0.482444,0.0770385,0.0290716;1.55264,0.500047,1.57206
-0.482167,0.0766566,0.0288834;1.55425,0.522262,1.57955
-0.481864,0.0766568,0.0290006;1.54859,0.535495,1.58346
-0.480619,0.0750313,0.0288312;1.56539,0.541145,1.56626
-0.479158,0.0710993,0.0303557;1.57931,0.569394,1.53796
-0.479918,0.07231,0.0329271;1.5789,0.530568,1.52046
-0.480367,0.0771967,0.0293291;1.57451,0.533908,1.55156
-0.480077,0.0760442,0.0285801;1.57066,0.566415,1.57077
-0.480265,0.0770006,0.0288657;1.55645,0.587477,1.58065
-0.47966,0.0743246,0.0290652;1.56181,0.566439,1.59155
-0.477904,0.0696253,0.0294972;1.58894,0.526902,1.56655
-0.474447,0.065661,0.0345078;1.70561,0.464834,1.50975
-0.471031,0.0661593,0.0376358;1.76494,0.386471,1.49901
-0.476202,0.0744644,0.0301072;1.60172,0.439262,1.56036
-0.477362,0.0772576,0.0288575;1.56598,0.46231,1.58191
-0.477632,0.0782617,0.0291889;1.54138,0.442529,1.58669
-0.478243,0.0772996,0.0286906;1.57122,0.372234,1.56455
-0.478821,0.0810323,0.0301902;1.57889,0.308652,1.54197
-0.482112,0.0975671,0.0325862;1.5691,0.237879,1.52704
-0.482279,0.100485,0.0298388;1.56921,0.241057,1.54796
-0.482092,0.098788,0.0286963;1.57064,0.27649,1.5653
-0.481389,0.0991089,0.0291553;1.54399,0.34356,1.58291
-0.481548,0.097854,0.0291458;1.54893,0.334279,1.58482
-0.481193,0.0954431,0.0291085;1.57249,0.303591,1.55576
-0.478001,0.101279,0.0363577;1.70938,0.167114,1.53046
-0.476282,0.104057,0.0359734;1.72088,0.168036,1.54467
-0.47863,0.109734,0.0299158;1.59382,0.228811,1.57224
-0.478632,0.118875,0.0293296;1.55598,0.342631,1.58678
-0.478676,0.116602,0.0298398;1.54214,0.322314,1.59267
-0.479081,0.112881,0.0288969;1.5645,0.294592,1.58208
-0.477952,0.123038,0.0330408;1.57618,0.146234,1.52214
-0.477996,0.136329,0.0321516;1.56323,0.13161,1.53258
-0.47792,0.140591,0.0288575;1.57294,0.112966,1.55687
-0.478915,0.142661,0.0287265;1.56378,0.065491,1.57133
-0.478843,0.142606,0.0289643;1.55459,0.0461358,1.57473
-0.47856,0.14248,0.0292473;1.54408,0.0455475,1.57605
-0.47856,0.14248,0.0292473;1.54408,0.0455475,1.57605
-0.478153,0.13841,0.0299417;1.57198,0.0648744,1.55132
-0.478153,0.13841,0.0299417;1.57198,0.0648744,1.55132
