-0.125,0.125,0.06;-1.57,-2.98023e-08,-1.57
-0.125,0.125,0.06;-1.57,-2.98023e-08,-1.57
-0.125,0.125,0.06;-1.57,-2.98023e-08,-1.57
-0.125675,0.132622,0.028671;-1.56753,-0.204086,-1.57138
-0.125783,0.132748,0.0286319;-1.57055,-0.180862,-1.57282
-0.127243,0.131562,0.0303817;-1.60746,-0.0911103,-1.57543
-0.12915,0.132071,0.034037;-1.67426,-0.0335364,-1.57228
-0.127757,0.13142,0.0286184;-1.56856,-0.191697,-1.57054
-0.128868,0.132984,0.0287606;-1.56517,-0.262226,-1.57249
-0.129116,0.133497,0.0286974;-1.56843,-0.279044,-1.57343
-0.129109,0.131691,0.0285855;-1.57087,-0.158308,-1.57092
-0.132876,0.129493,0.0306379;-1.6166,-0.0502135,-1.57655
-0.137059,0.124251,0.0356051;-1.69927,0.0283836,-1.57853
-0.136486,0.110084,0.0307073;-1.59708,-0.0717543,-1.56727
-0.136014,0.106655,0.0286405;-1.56707,-0.123206,-1.57055
-0.136143,0.10652,0.0287047;-1.56886,-0.148508,-1.57457
-0.134776,0.101259,0.0288481;-1.56715,-0.0244924,-1.57996
-0.135952,0.0933038,0.0295463;-1.5739,0.0856984,-1.58648
-0.135413,0.0813386,0.0317942;-1.54151,0.16882,-1.59279
-0.136677,0.0745653,0.0362639;-1.44726,0.175501,-1.58109
-0.137955,0.0753502,0.0333754;-1.48056,0.121852,-1.58253
-0.139417,0.080329,0.0287017;-1.56525,0.0412234,-1.57114
-0.139141,0.0792897,0.0289716;-1.55705,0.0457179,-1.57633
-0.138375,0.0774674,0.0288317;-1.56819,0.111387,-1.58064
-0.139069,0.0720843,0.0294981;-1.57729,0.20093,-1.57898
-0.141409,0.0642507,0.032382;-1.52207,0.236042,-1.58908
-0.144505,0.0621449,0.0340166;-1.46502,0.181683,-1.58643
-0.146103,0.0665682,0.0290025;-1.5561,0.0700168,-1.57725
-0.146084,0.0659881,0.0290457;-1.55822,0.0835243,-1.5815
-0.145872,0.0667212,0.0287027;-1.57063,0.0930379,-1.57668
-0.148347,0.0616368,0.0318678;-1.62898,0.252368,-1.56657
-0.150356,0.0558724,0.0371609;-1.61477,0.278923,-1.56812
-0.153888,0.0485971,0.037441;-1.41248,0.197736,-1.60105
-0.153027,0.054222,0.0288225;-1.56457,0.043323,-1.56563
-0.153041,0.0548384,0.0286274;-1.56942,0.0165618,-1.57167
-0.15287,0.0539086,0.0287434;-1.5663,0.055223,-1.57431
-0.154869,0.0547637,0.0297441;-1.59083,0.193704,-1.56666
-0.159037,0.0507377,0.0349653;-1.68927,0.272064,-1.54702
-0.162455,0.0414532,0.0388427;-1.53549,0.24845,-1.57754
-0.168849,0.0333592,0.0348444;-1.43968,0.102651,-1.57958
-0.167947,0.0361378,0.0290649;-1.54856,0.0701199,-1.57081
-0.16834,0.03495,0.0294042;-1.5431,0.0876699,-1.57341
-0.169339,0.0347235,0.0307775;-1.5332,0.241137,-1.56846
-0.175484,0.019863,0.0348051;-1.4655,0.348778,-1.59616
-0.178615,0.00623402,0.0393625;-1.38521,0.382292,-1.62023
-0.183926,0.00564356,0.0355366;-1.42773,0.246502,-1.60051
-0.183482,0.00854897,0.029702;-1.53406,0.200091,-1.57565
-0.183049,0.0071411,0.0291632;-1.5468,0.218986,-1.58044
-0.181758,0.002684,0.0290647;-1.54851,0.36903,-1.58091
-0.183644,-0.000374524,0.0294394;-1.5589,0.462331,-1.58123
-0.18988,-0.0108357,0.0359062;-1.52624,0.545145,-1.60134
-0.200712,-0.0172474,0.0357857;-1.41454,0.384819,-1.61982
-0.201615,-0.0171948,0.0323442;-1.48097,0.310981,-1.59506
-0.201475,-0.0163622,0.030443;-1.51835,0.304787,-1.58645
-0.198563,-0.01433,0.0291864;-1.54807,0.39791,-1.57825
-0.199685,-0.0137485,0.030953;-1.53196,0.490364,-1.59006
-0.206109,-0.0229836,0.0381991;-1.49403,0.57567,-1.61573
-0.215566,-0.0256521,0.0390441;-1.344,0.402128,-1.66125
-0.214148,-0.0224619,0.0375579;-1.37539,0.336929,-1.6349
-0.208034,-0.0164263,0.0299606;-1.52916,0.293617,-1.58027
-0.205144,-0.0144566,0.0286158;-1.57066,0.376462,-1.57265
-0.207819,-0.0153266,0.0294196;-1.59335,0.457645,-1.56603
-0.21416,-0.0194393,0.0340735;-1.6728,0.547948,-1.53011
-0.22329,-0.0307069,0.0375624;-1.37745,0.475846,-1.66459
-0.22359,-0.0281516,0.0372641;-1.38043,0.419951,-1.64872
-0.220691,-0.022127,0.0302608;-1.52117,0.356712,-1.58382
-0.21878,-0.0206521,0.0285806;-1.57067,0.360576,-1.57089
-0.220144,-0.0218636,0.0286692;-1.57075,0.443324,-1.57499
-0.225413,-0.025627,0.0301875;-1.59758,0.547367,-1.5719
-0.239038,-0.0419781,0.0373066;-1.37124,0.611287,-1.69266
-0.242052,-0.043026,0.0382032;-1.3481,0.554226,-1.692
-0.240502,-0.0375793,0.0328819;-1.4656,0.495962,-1.6174
-0.239376,-0.0366715,0.0292322;-1.53995,0.496476,-1.58957
-0.239392,-0.037865,0.029182;-1.53775,0.545099,-1.58857
-0.240978,-0.0392293,0.0289258;-1.55179,0.638863,-1.58321
-0.259878,-0.0609634,0.0389535;-1.31703,0.767325,-1.74389
-0.267741,-0.0648542,0.0414702;-1.25146,0.691294,-1.77463
-0.2696,-0.0607724,0.0393124;-1.31095,0.615921,-1.71966
-0.264123,-0.0566566,0.0299253;-1.52174,0.601944,-1.59989
-0.264056,-0.0587577,0.0292573;-1.53614,0.670024,-1.59756
-0.264487,-0.0593416,0.029077;-1.56814,0.718688,-1.59067
-0.273883,-0.0689064,0.0341654;-1.58417,0.898318,-1.59192
-0.281572,-0.0730559,0.0379572;-1.31592,0.789834,-1.76578
-0.278402,-0.0652465,0.0356916;-1.38515,0.716406,-1.69429
-0.272934,-0.0607562,0.0299154;-1.51939,0.648333,-1.60213
-0.271226,-0.061019,0.0288829;-1.55226,0.706772,-1.58303
-0.272061,-0.0610019,0.0288604;-1.57064,0.767827,-1.58427
-0.288058,-0.0695673,0.0354205;-1.58429,0.910427,-1.58537
-0.297493,-0.0754031,0.0389728;-1.28183,0.801443,-1.79439
-0.294711,-0.0685904,0.0369889;-1.34909,0.724661,-1.7211
-0.287943,-0.0629353,0.0302738;-1.51195,0.657089,-1.60393
-0.285621,-0.0628932,0.0289132;-1.54941,0.717574,-1.58468
-0.285683,-0.0628984,0.0288235;-1.57055,0.763765,-1.58252
-0.298773,-0.0685696,0.0326944;-1.61102,0.939935,-1.58307
-0.302432,-0.0703569,0.0307702;-1.57872,0.89444,-1.59514
-0.303752,-0.0701222,0.029705;-1.55178,0.869743,-1.59939
-0.304593,-0.0675133,0.0293005;-1.53052,0.792732,-1.59689
-0.307911,-0.0721995,0.0303536;-1.49743,0.888304,-1.62666
-0.307876,-0.0727505,0.0292901;-1.52044,0.925471,-1.6064
-0.313725,-0.0754649,0.0290476;-1.54267,1.04787,-1.59773
-0.338705,-0.0886258,0.037142;-1.22815,1.1187,-1.87756
-0.344089,-0.0878442,0.0377587;-1.21624,1.05168,-1.87405
-0.342915,-0.0837909,0.0353922;-1.31859,0.972454,-1.77123
-0.337841,-0.0854909,0.0295762;-1.50706,1.00342,-1.62552
-0.338046,-0.0871128,0.0291673;-1.51831,1.06181,-1.61908
-0.338352,-0.0874245,0.0289223;-1.56794,1.11009,-1.58838
-0.354105,-0.0941235,0.0326325;-1.52022,1.29606,-1.65604
-0.360993,-0.0942034,0.0356453;-1.1839,1.2146,-1.94164
-0.354953,-0.0882676,0.0323557;-1.37944,1.14876,-1.74476
-0.35149,-0.0868805,0.0299432;-1.47451,1.1313,-1.65987
-0.352733,-0.0882364,0.029174;-1.51186,1.18717,-1.6317
-0.352935,-0.0882391,0.0290259;-1.55724,1.21168,-1.59999
-0.365777,-0.0936372,0.0327665;-1.49389,1.3765,-1.69825
-0.364704,-0.0924637,0.0320418;-1.50556,1.31625,-1.67521
-0.357969,-0.089456,0.0288106;-1.56793,1.22627,-1.5851
-0.356338,-0.0885342,0.029142;-1.51017,1.14169,-1.6276
-0.357111,-0.0899585,0.0289052;-1.53753,1.20466,-1.60534
-0.358347,-0.0898987,0.0289555;-1.58021,1.25323,-1.57716
-0.373426,-0.0923957,0.0326141;-1.50876,1.44044,-1.68238
-0.375863,-0.0926498,0.0325882;-1.45833,1.43467,-1.72996
-0.371992,-0.0915853,0.0297727;-1.57485,1.37686,-1.59054
-0.370449,-0.0910179,0.0292639;-1.46767,1.32562,-1.67243
-0.374404,-0.0928167,0.029113;-1.43435,1.41147,-1.70923
-0.377155,-0.0946959,0.0290421;-1.32907,1.51365,-1.82058
-0.394163,-0.0960344,0.0312272;1.53528,1.40292,1.56893
-0.402106,-0.0975509,0.0330402;1.5122,1.32882,1.5764
-0.401187,-0.0957558,0.032271;1.45582,1.38029,1.64257
-0.395287,-0.0954949,0.0291048;1.31421,1.47478,1.82555
-0.395706,-0.0961925,0.0296313;1.24834,1.45801,1.89089
-0.397152,-0.0976087,0.029137;1.4252,1.39719,1.71272
-0.402529,-0.0963897,0.0297563;1.56351,1.24385,1.55832
-0.414852,-0.0908728,0.0321398;1.55144,1.13022,1.54471
-0.422497,-0.0882215,0.0326774;1.52442,1.10085,1.56652
-0.410091,-0.0868737,0.0289642;1.53407,1.28004,1.59816
-0.40895,-0.0866796,0.0292204;1.45685,1.32271,1.6784
-0.408152,-0.0865095,0.0294864;1.4433,1.31737,1.6945
-0.40835,-0.0863814,0.0291283;1.58943,1.2672,1.536
-0.413586,-0.0830759,0.0313054;1.56625,1.17726,1.53845
-0.426722,-0.0805611,0.0335065;1.54326,1.07224,1.54051
-0.417549,-0.0817715,0.028901;1.57943,1.24564,1.55031
-0.415931,-0.0827724,0.0286375;1.55966,1.31002,1.58183
-0.415596,-0.0829432,0.0291036;1.474,1.32533,1.66332
-0.417166,-0.0828242,0.0290149;1.58895,1.19389,1.53963
-0.421496,-0.079326,0.0310181;1.58042,1.12294,1.52771
-0.431292,-0.0732163,0.0334581;1.56974,1.04747,1.5192
-0.426434,-0.0740547,0.0288967;1.5758,1.18711,1.55322
-0.425536,-0.0751479,0.0286396;1.5661,1.22984,1.57398
-0.426293,-0.0748803,0.0290646;1.51059,1.22516,1.62464
-0.431606,-0.0720078,0.0287976;1.5768,1.01306,1.55714
-0.43836,-0.0656735,0.0307331;1.5808,0.894613,1.53072
-0.448472,-0.0596282,0.033442;1.56169,0.82922,1.52646
-0.44992,-0.0561484,0.0301684;1.55167,0.914407,1.56368
-0.447699,-0.0576228,0.0287857;1.57268,0.949568,1.55822
-0.450167,-0.0572491,0.029128;1.53628,0.928126,1.59306
-0.454428,-0.056847,0.0292606;1.52821,0.815455,1.606
-0.455732,-0.0562336,0.0289577;1.58167,0.708067,1.55257
-0.460792,-0.0491721,0.0317135;1.5803,0.606726,1.52492
-0.468081,-0.0356254,0.0317769;1.54864,0.627526,1.5464
-0.460344,-0.0396868,0.0290605;1.55486,0.721224,1.57028
-0.458906,-0.0404546,0.0289816;1.54666,0.77514,1.58592
-0.459722,-0.0398387,0.029116;1.53566,0.739276,1.59498
-0.459608,-0.0400308,0.0289445;1.55255,0.718266,1.57922
-0.460236,-0.0368424,0.0301559;1.57845,0.653564,1.5396
-0.469167,-0.0191165,0.0332507;1.55019,0.556538,1.53302
-0.463464,-0.0258338,0.0308315;1.55503,0.645538,1.55187
-0.459131,-0.031798,0.0288218;1.57083,0.734604,1.55913
-0.458404,-0.0323751,0.0290636;1.54122,0.779872,1.58934
-0.458482,-0.0326774,0.028941;1.54679,0.753368,1.58759
-0.458354,-0.0316181,0.0291174;1.5854,0.691152,1.54934
-0.466596,-0.0154325,0.0342496;1.5627,0.568042,1.51959
-0.465704,-0.0156971,0.0319502;1.56309,0.643287,1.53534
-0.461772,-0.0217623,0.0288281;1.57095,0.717274,1.55926
-0.460847,-0.0232596,0.0289018;1.55388,0.790108,1.57933
-0.462763,-0.0217286,0.0289312;1.54875,0.689985,1.58569
-0.463138,-0.0205298,0.0286734;1.57092,0.604546,1.56633
-0.474506,-0.000604857,0.0335924;1.57249,0.443774,1.51582
-0.478043,0.00622681,0.0328081;1.54895,0.492937,1.53665
-0.474716,0.00148943,0.0289763;1.56992,0.552716,1.55775
-0.477384,0.00274073,0.0290948;1.55113,0.516893,1.57308
-0.481802,0.00557483,0.029041;1.54806,0.370068,1.57823
-0.482086,0.00612354,0.0289609;1.55424,0.300827,1.57859
-0.482086,0.00612354,0.0289609;1.55424,0.300827,1.57859
-0.483292,0.0124938,0.0301592;1.57721,0.178599,1.54596
-0.483292,0.0124938,0.0301592;1.57721,0.178599,1.54596
