-0.125,0.125,0.06;-1.57,-2.98023e-08,-1.57
-0.125,0.125,0.06;-1.57,-2.98023e-08,-1.57
-0.125,0.125,0.06;-1.57,-2.98023e-08,-1.57
-0.125081,0.131229,0.0286803;-1.56804,-0.161592,-1.57244
-0.124682,0.129684,0.0287885;-1.57014,-0.096477,-1.58058
-0.125406,0.124259,0.0297399;-1.58622,-0.000473499,-1.58252
-0.125268,0.11092,0.0346498;-1.46595,0.0574624,-1.58582
-0.126981,0.118844,0.0286918;-1.57061,-0.097384,-1.57641
-0.127629,0.119334,0.0289888;-1.55877,-0.138908,-1.57669
-0.127882,0.118762,0.0290831;-1.55683,-0.141029,-1.57907
-0.126971,0.117327,0.0286999;-1.57088,-0.0475,-1.57659
-0.128882,0.113993,0.0294544;-1.59078,0.0406102,-1.57708
-0.130467,0.105887,0.0340779;-1.64227,0.111548,-1.58126
-0.130527,0.0941259,0.0304207;-1.54029,0.0231948,-1.58156
-0.129952,0.096566,0.0287338;-1.57014,-0.0516244,-1.57915
-0.130053,0.0982242,0.0287768;-1.56494,-0.11771,-1.57354
-0.12991,0.0976674,0.0287284;-1.57072,-0.0857058,-1.57786
-0.131325,0.0959352,0.0291057;-1.58566,-0.0139694,-1.57855
-0.134339,0.0909402,0.0334106;-1.65155,0.0669582,-1.57871
-0.136102,0.0719483,0.0362369;-1.42774,0.0703516,-1.58937
-0.138178,0.0734647,0.0341967;-1.47178,0.0122023,-1.58533
-0.138151,0.0801745,0.0286386;-1.56736,-0.0891627,-1.57802
-0.138071,0.0822871,0.028638;-1.57056,-0.153761,-1.57352
-0.138615,0.0810959,0.0287134;-1.57149,-0.0920936,-1.57647
-0.14161,0.0781649,0.0301244;-1.60325,-0.0051743,-1.5764
-0.143947,0.0732893,0.0331022;-1.66133,0.0514112,-1.57026
-0.143606,0.0697256,0.0286871;-1.56788,0.0184292,-1.57857
-0.143843,0.0720462,0.0288488;-1.56363,-0.118756,-1.57555
-0.143983,0.0719616,0.0290283;-1.55838,-0.122333,-1.57833
-0.143708,0.071561,0.0287168;-1.57074,-0.0855028,-1.57729
-0.149283,0.0655453,0.032251;-1.64592,0.0852048,-1.56889
-0.152762,0.0572299,0.035808;-1.6805,0.124695,-1.56738
-0.155539,0.042721,0.0343008;-1.51359,0.103339,-1.59103
-0.155616,0.0473899,0.0286413;-1.56855,-0.0673868,-1.57123
-0.156415,0.0486992,0.0287164;-1.5684,-0.121241,-1.57458
-0.156274,0.0483249,0.0289982;-1.55853,-0.106103,-1.57717
-0.159638,0.0447436,0.0297582;-1.5995,0.0487603,-1.57443
-0.164468,0.039458,0.0342774;-1.67415,0.12986,-1.56805
-0.167977,0.0273314,0.0355803;-1.6251,0.138243,-1.57446
-0.16769,0.0262952,0.0287447;-1.56949,-0.032161,-1.58095
-0.168084,0.0280044,0.0289201;-1.56129,-0.11341,-1.57645
-0.168368,0.0285134,0.0289693;-1.56064,-0.134465,-1.57793
-0.169595,0.0265711,0.0289351;-1.58256,-0.0117796,-1.57622
-0.173588,0.0216763,0.0314489;-1.63099,0.0726676,-1.57137
-0.177383,0.0134049,0.0358279;-1.67494,0.119289,-1.57121
-0.178243,0.00508749,0.0288602;-1.57129,-0.0315276,-1.584
-0.178052,0.0074252,0.0286174;-1.56979,-0.122485,-1.57144
-0.178638,0.00833229,0.0288098;-1.56584,-0.165544,-1.57601
-0.178999,0.0065315,0.0287513;-1.57137,-0.0452477,-1.57902
-0.182214,0.00276436,0.0301886;-1.60602,0.0356718,-1.57529
-0.186731,-0.00589537,0.0349142;-1.66474,0.101932,-1.57838
-0.189018,-0.0223295,0.0288232;-1.57086,0.0235255,-1.58274
-0.188511,-0.0204578,0.0286456;-1.56935,-0.0420566,-1.57237
-0.18931,-0.0191446,0.0288464;-1.56423,-0.103767,-1.57621
-0.189531,-0.0192768,0.0287766;-1.57081,-0.0530812,-1.58003
-0.192275,-0.0226025,0.0300283;-1.60275,0.0240989,-1.57675
-0.19599,-0.0306302,0.0342694;-1.65628,0.081918,-1.57801
-0.198903,-0.0453386,0.028772;-1.57264,0.0261229,-1.57972
-0.19859,-0.0437767,0.0287244;-1.57075,-0.0320606,-1.5776
-0.198716,-0.0426086,0.0289593;-1.56014,-0.0827826,-1.57733
-0.198538,-0.0430168,0.0287872;-1.57073,-0.044783,-1.58063
-0.20069,-0.0450066,0.0293815;-1.59087,0.0325812,-1.57696
-0.204922,-0.0508623,0.0331746;-1.65241,0.106759,-1.57286
-0.210035,-0.0723217,0.0328331;-1.49746,0.118811,-1.59194
-0.21004,-0.0708699,0.0287597;-1.5692,0.100213,-1.57772
-0.209719,-0.0702997,0.0287071;-1.57053,0.0794024,-1.5768
-0.209784,-0.0709154,0.0287651;-1.56999,0.0940655,-1.57939
-0.209718,-0.0722697,0.028872;-1.56951,0.14698,-1.58448
-0.21151,-0.0782977,0.0300854;-1.55322,0.242024,-1.59104
-0.215746,-0.0959714,0.0368775;-1.41374,0.300336,-1.6197
-0.215988,-0.0958946,0.0349347;-1.44454,0.280342,-1.61073
-0.215637,-0.0890904,0.0288387;-1.57094,0.217203,-1.58329
-0.215802,-0.0881336,0.0289376;-1.56174,0.169553,-1.58043
-0.215753,-0.0887316,0.0288181;-1.57034,0.206967,-1.58193
-0.215618,-0.090596,0.0290387;-1.56179,0.261586,-1.58541
-0.218596,-0.10838,0.0359841;-1.43627,0.380017,-1.62029
-0.220716,-0.116697,0.0350726;-1.4431,0.36164,-1.62452
-0.221121,-0.107766,0.0292373;-1.55504,0.289591,-1.58877
-0.22117,-0.102813,0.0289685;-1.56134,0.169213,-1.58164
-0.220655,-0.104254,0.0288188;-1.57012,0.221692,-1.58181
-0.220227,-0.105765,0.029036;-1.56198,0.269732,-1.58636
-0.221893,-0.121545,0.0348145;-1.45841,0.390716,-1.6161
-0.223538,-0.130535,0.034199;-1.45996,0.377315,-1.62045
-0.224914,-0.122734,0.0298613;-1.54066,0.298929,-1.58915
-0.225371,-0.116859,0.0289599;-1.56038,0.18026,-1.58238
-0.225287,-0.117494,0.0288848;-1.56596,0.205433,-1.58415
-0.225162,-0.117578,0.0289486;-1.56324,0.214747,-1.58534
-0.226286,-0.132675,0.0347348;-1.45679,0.34184,-1.6158
-0.227604,-0.141584,0.0345882;-1.45483,0.336445,-1.61694
-0.228371,-0.137675,0.0312056;-1.51413,0.294266,-1.59209
-0.228662,-0.132764,0.0289335;-1.5593,0.212546,-1.5823
-0.228486,-0.133381,0.0288493;-1.5645,0.239235,-1.58344
-0.228322,-0.133357,0.0290002;-1.55534,0.242392,-1.58273
-0.228791,-0.145226,0.0335597;-1.47588,0.359089,-1.61104
-0.231863,-0.152624,0.0342652;-1.45822,0.342303,-1.6124
-0.232345,-0.152458,0.0332559;-1.47689,0.333524,-1.60424
-0.23261,-0.14669,0.0287406;-1.56987,0.255892,-1.57841
-0.232712,-0.147435,0.0288975;-1.56514,0.272419,-1.58204
-0.232447,-0.148392,0.0290301;-1.55608,0.304008,-1.58258
-0.232362,-0.149793,0.0295175;-1.54648,0.338977,-1.58401
-0.235042,-0.159488,0.0347799;-1.45751,0.417049,-1.614
-0.236186,-0.162966,0.0334715;-1.47169,0.402405,-1.61383
-0.236079,-0.158201,0.0289861;-1.56183,0.350897,-1.58481
-0.236518,-0.155354,0.0289904;-1.55945,0.283975,-1.58266
-0.236429,-0.155108,0.0289028;-1.56232,0.293019,-1.5805
-0.236428,-0.155583,0.029189;-1.54496,0.313891,-1.58298
-0.237611,-0.166078,0.0350021;-1.44958,0.413067,-1.62225
-0.239719,-0.171444,0.0343992;-1.45587,0.39488,-1.62025
-0.239326,-0.167256,0.0295286;-1.53937,0.358917,-1.58868
-0.238675,-0.165632,0.0289825;-1.56117,0.334867,-1.58407
-0.238774,-0.165834,0.0288456;-1.56519,0.348925,-1.58009
-0.239032,-0.165541,0.0291378;-1.54826,0.346223,-1.58399
-0.240818,-0.176093,0.0344839;-1.45535,0.449547,-1.62631
-0.244655,-0.182459,0.0347875;-1.44199,0.432114,-1.62678
-0.243703,-0.180637,0.0310339;-1.51312,0.421963,-1.596
-0.242709,-0.178599,0.0289684;-1.56049,0.400763,-1.58394
-0.242656,-0.178805,0.0288407;-1.5624,0.411432,-1.57886
-0.243223,-0.178205,0.0291671;-1.54371,0.403721,-1.58453
-0.245553,-0.182989,0.0338459;-1.4665,0.473537,-1.62424
-0.249177,-0.188851,0.0359171;-1.42314,0.489565,-1.63864
-0.249487,-0.188752,0.0338265;-1.45833,0.470906,-1.62186
-0.248266,-0.183229,0.0287942;-1.5685,0.422134,-1.5799
-0.248324,-0.183151,0.0288012;-1.56774,0.419908,-1.5799
-0.248226,-0.184783,0.0290116;-1.55296,0.463779,-1.58332
-0.249989,-0.18844,0.0313476;-1.53135,0.527086,-1.606
-0.256881,-0.198794,0.0352753;-1.44772,0.587899,-1.65057
-0.265834,-0.211835,0.0363441;-1.39375,0.605077,-1.67323
-0.261992,-0.209953,0.0287597;-1.57108,0.637061,-1.5796
-0.262204,-0.209732,0.0288973;-1.56224,0.622197,-1.58397
-0.262191,-0.209455,0.0288256;-1.56212,0.619263,-1.58044
-0.263434,-0.210695,0.0301675;-1.53057,0.677121,-1.60069
-0.267837,-0.215753,0.033358;-1.46738,0.731844,-1.64798
-0.276737,-0.226276,0.0360896;-1.38445,0.77147,-1.70017
-0.275768,-0.226814,0.0288703;-1.56341,0.753628,-1.58435
-0.275209,-0.225805,0.02881;-1.56539,0.719324,-1.58158
-0.274983,-0.225198,0.0287916;-1.56539,0.706111,-1.58115
-0.275576,-0.226681,0.0290995;-1.54271,0.769199,-1.59492
-0.278446,-0.228378,0.0311507;-1.5275,0.818635,-1.6155
-0.28956,-0.237725,0.0358491;-1.40568,0.87873,-1.71123
-0.29876,-0.246191,0.0301314;-1.51574,0.885891,-1.61967
-0.297391,-0.245358,0.028792;-1.57048,0.88495,-1.58105
-0.297283,-0.245167,0.0288601;-1.56195,0.873295,-1.5853
-0.298114,-0.24649,0.0289912;-1.54819,0.934505,-1.59499
-0.299097,-0.246092,0.0306849;-1.53422,0.942983,-1.61359
-0.306839,-0.250118,0.0349279;-1.44348,0.990937,-1.69659
-0.320425,-0.254089,0.0326943;-1.42755,0.971839,-1.69282
-0.316343,-0.250753,0.0287022;-1.57078,0.930597,-1.5767
-0.316616,-0.251419,0.0289587;-1.55495,0.942593,-1.59363
-0.317942,-0.253527,0.0288574;-1.55328,1.02991,-1.5909
-0.319464,-0.253655,0.0294325;-1.57102,1.0571,-1.57634
-0.324509,-0.254494,0.0331445;-1.5949,1.07235,-1.55901
-0.344359,-0.253295,0.032728;-1.3818,1.12936,-1.74201
-0.341504,-0.252016,0.0287475;-1.55323,1.11831,-1.58683
-0.340793,-0.250926,0.0289323;-1.55024,1.07183,-1.59577
-0.341176,-0.251421,0.0290356;-1.52833,1.09879,-1.61095
-0.341141,-0.251148,0.0288166;-1.55514,1.12264,-1.58913
-0.343961,-0.25135,0.0313027;-1.54665,1.1432,-1.60406
-0.36961,-0.250775,0.0370075;-1.17656,1.17345,-1.94295
-0.371459,-0.251916,0.034122;-1.25825,1.21319,-1.86615
-0.367602,-0.251149,0.0286875;-1.55986,1.21931,-1.58237
-0.367061,-0.250849,0.028773;-1.54551,1.21104,-1.59476
-0.367607,-0.250834,0.0290748;-1.50599,1.23252,-1.6338
-0.366587,-0.248827,0.0304518;-1.49748,1.24762,-1.64846
-0.39384,-0.250649,0.0380247;-0.983027,1.28132,-2.14591
-0.402186,-0.253372,0.0376646;-0.878667,1.30299,-2.24819
-0.396623,-0.253174,0.0286679;-1.5823,1.36867,-1.5656
-0.397832,-0.253579,0.0287979;-1.53743,1.38691,-1.60786
-0.397588,-0.253333,0.0288213;-1.50658,1.39188,-1.63414
-0.396291,-0.252214,0.0297994;-1.41889,1.38755,-1.72259
-0.403075,-0.248865,0.0384002;-0.774584,1.3894,-2.37607
-0.415659,-0.249578,0.0390491;-0.602651,1.33442,-2.53334
-0.407227,-0.247223,0.0317358;-1.24021,1.38128,-1.90149
-0.403063,-0.246825,0.0287664;-1.54805,1.36034,-1.59714
-0.404269,-0.247573,0.0289373;-1.46343,1.42339,-1.67823
-0.404204,-0.247535,0.0288259;-1.50048,1.44635,-1.64348
-0.417736,-0.244907,0.0373974;-0.574335,1.47323,-2.59018
-0.436015,-0.239352,0.0402937;-0.289428,1.3559,-2.85989
-0.437246,-0.239114,0.0371366;-0.269484,1.4017,-2.87075
-0.429508,-0.23994,0.028815;-1.4777,1.49211,-1.66743
-0.42974,-0.240311,0.0286973;-1.42213,1.53338,-1.71928
-0.431077,-0.240517,0.0287223;1.44158,1.537,1.69776
-0.431077,-0.240517,0.0287223;1.44158,1.537,1.69776
-0.433355,-0.238852,0.0306091;1.28427,1.51091,1.84838
-0.433355,-0.238852,0.0306091;1.28427,1.51091,1.84838
