-0.125,0.125,0.06;-1.57,-2.98023e-08,-1.57
-0.125,0.125,0.06;-1.57,-2.98023e-08,-1.57
-0.125,0.125,0.06;-1.57,-2.98023e-08,-1.57
-0.125252,0.133288,0.0286371;-1.56913,-0.20124,-1.5715
-0.125389,0.132646,0.0288061;-1.57065,-0.164533,-1.58154
-0.12674,0.128609,0.0296377;-1.59157,-0.0713649,-1.58096
-0.127983,0.116215,0.0339649;-1.47942,-0.0237799,-1.5834
-0.128967,0.125162,0.028706;-1.57155,-0.18918,-1.57834
-0.129834,0.126702,0.0289416;-1.56074,-0.261481,-1.57562
-0.130033,0.127466,0.0289214;-1.56235,-0.282699,-1.57658
-0.130019,0.126353,0.0287909;-1.57093,-0.195357,-1.58061
-0.132337,0.122296,0.0294683;-1.59307,-0.113644,-1.58043
-0.134827,0.109843,0.033282;-1.61906,-0.0354754,-1.59231
-0.1359,0.0950773,0.0324599;-1.50513,-0.0801237,-1.57775
-0.136204,0.100581,0.0287812;-1.56907,-0.147372,-1.58151
-0.136379,0.102917,0.0286968;-1.56856,-0.214217,-1.57368
-0.136525,0.10405,0.0288537;-1.57065,-0.223661,-1.58387
-0.137874,0.101964,0.0291295;-1.58953,-0.159843,-1.58205
-0.141821,0.0926995,0.0318765;-1.61198,-0.0741667,-1.59439
-0.145637,0.060449,0.0390323;-1.37379,-0.0140532,-1.57551
-0.146696,0.0658919,0.0361713;-1.44014,-0.0676683,-1.57581
-0.146858,0.0775119,0.028636;-1.57012,-0.163127,-1.57717
-0.146695,0.0796183,0.02871;-1.57068,-0.220141,-1.57688
-0.148166,0.0777588,0.0289671;-1.57766,-0.149479,-1.58333
-0.151754,0.0710557,0.0297169;-1.58712,-0.0628863,-1.58606
-0.155313,0.0543429,0.031857;-1.55857,-0.00971857,-1.59338
-0.155912,0.0430349,0.0331938;-1.48881,-0.00582844,-1.57833
-0.155636,0.0480109,0.0288814;-1.56387,-0.0697718,-1.57774
-0.155428,0.0471904,0.028899;-1.5648,-0.0489679,-1.57979
-0.155186,0.045624,0.0288349;-1.57103,-0.00085941,-1.58323
-0.163754,0.0317078,0.0308129;-1.58168,0.171469,-1.59362
-0.170601,0.0136355,0.0360324;-1.48275,0.21687,-1.60989
-0.176502,-0.00342039,0.0370736;-1.40419,0.243283,-1.61362
-0.174425,0.00517921,0.0287327;-1.57063,0.198601,-1.57804
-0.174353,0.00388829,0.0290194;-1.55819,0.218812,-1.58223
-0.173877,0.00169687,0.0290951;-1.5556,0.270789,-1.58477
-0.177074,-0.00381791,0.0293922;-1.5767,0.426694,-1.58134
-0.186463,-0.0163029,0.0326481;-1.54912,0.500619,-1.60777
-0.200389,-0.0371462,0.0354363;-1.42022,0.534251,-1.65018
-0.199293,-0.0366544,0.0287593;-1.57158,0.520881,-1.57972
-0.199194,-0.0367713,0.0289531;-1.55835,0.516765,-1.58384
-0.199294,-0.0377937,0.0290189;-1.55553,0.535037,-1.58641
-0.199951,-0.04033,0.0287474;-1.57106,0.638473,-1.5787
-0.205935,-0.0447549,0.0304245;-1.56806,0.711882,-1.58989
-0.222214,-0.0589798,0.0355201;-1.46007,0.78504,-1.66925
-0.23256,-0.0717675,0.0289462;-1.55894,0.822984,-1.58888
-0.232005,-0.0711313,0.0288259;-1.56313,0.803573,-1.58293
-0.231742,-0.0707638,0.0289109;-1.5583,0.789456,-1.58697
-0.232074,-0.0713451,0.0289298;-1.56084,0.833419,-1.58852
-0.23452,-0.0724247,0.0300712;-1.55341,0.87052,-1.60009
-0.24572,-0.0789097,0.0349642;-1.45063,0.943966,-1.69176
-0.258124,-0.0890985,0.0298448;-1.51372,0.985619,-1.62167
-0.256689,-0.0878478,0.0287195;-1.57074,0.96079,-1.57754
-0.256202,-0.0873319,0.0288777;-1.559,0.936676,-1.58749
-0.255515,-0.0864245,0.0288505;-1.57015,0.937155,-1.58431
-0.257985,-0.0874215,0.0305855;-1.5448,0.974286,-1.61266
-0.266379,-0.0918556,0.0359457;-1.39524,1.04674,-1.74909
-0.27843,-0.0970548,0.032746;-1.39719,1.05767,-1.72479
-0.275021,-0.0947227,0.0286121;-1.57053,1.03604,-1.57258
-0.274904,-0.0946214,0.0287419;-1.57037,1.03024,-1.57889
-0.27301,-0.0934389,0.0288729;-1.57044,0.98461,-1.58523
-0.274985,-0.0938932,0.0295622;-1.57469,1.0332,-1.58489
-0.283629,-0.0966557,0.032772;-1.47589,1.12243,-1.68116
-0.30069,-0.103513,0.0352264;-1.25154,1.16036,-1.86515
-0.299309,-0.102228,0.0325409;-1.36963,1.15154,-1.75363
-0.296056,-0.0999162,0.0286465;-1.57089,1.12207,-1.57393
-0.293234,-0.098237,0.0287631;-1.57072,1.04213,-1.57953
-0.293117,-0.0978889,0.0288455;-1.57043,1.05333,-1.58369
-0.293695,-0.0974585,0.0302757;-1.54464,1.06741,-1.61174
-0.317951,-0.105036,0.0357201;-1.2135,1.18576,-1.90759
-0.320851,-0.105878,0.0349472;-1.25991,1.1747,-1.86406
-0.31378,-0.101329,0.0288257;-1.57077,1.11983,-1.58255
-0.311679,-0.100233,0.0288298;-1.56155,1.055,-1.58616
-0.311108,-0.0997364,0.0287862;-1.57054,1.05193,-1.58084
-0.308929,-0.0983544,0.0289389;-1.56124,1.02158,-1.58976
-0.321688,-0.101932,0.0380034;-1.27637,1.13007,-1.85987
-0.334383,-0.108419,0.0364541;-1.22735,1.13631,-1.89548
-0.328323,-0.103269,0.0305339;-1.46174,1.10029,-1.67533
-0.325708,-0.102003,0.0288636;-1.55987,1.07429,-1.58873
-0.325477,-0.101914,0.0287159;-1.57076,1.07601,-1.5773
-0.324186,-0.100746,0.0288284;-1.5679,1.04802,-1.58427
-0.336314,-0.105122,0.0374645;-1.24853,1.15393,-1.88554
-0.347906,-0.109374,0.0364994;-1.20479,1.14608,-1.91361
-0.34526,-0.106908,0.0324661;-1.38058,1.14472,-1.74666
-0.343081,-0.106762,0.0287778;-1.5703,1.17059,-1.58094
-0.343232,-0.106697,0.0287279;-1.56153,1.18168,-1.58288
-0.342854,-0.106086,0.0291704;-1.51451,1.16619,-1.62894
-0.353378,-0.106864,0.0358056;-1.25296,1.25339,-1.88723
-0.366589,-0.107919,0.0350801;-1.16679,1.25567,-1.95768
-0.368462,-0.108445,0.0336655;-1.21192,1.28063,-1.91214
-0.36528,-0.109547,0.0288656;-1.53787,1.31185,-1.60783
-0.364997,-0.109259,0.0288898;-1.52907,1.30339,-1.61461
-0.364135,-0.10811,0.0290792;-1.51506,1.27252,-1.63139
-0.364196,-0.102648,0.0346094;-1.28982,1.3025,-1.86127
-0.376143,-0.102115,0.0331119;-1.178,1.33585,-1.95363
-0.379776,-0.103224,0.0338571;-1.03193,1.36986,-2.09791
-0.377661,-0.10518,0.0286608;-1.55158,1.41273,-1.59063
-0.378098,-0.105523,0.028741;-1.56983,1.41629,-1.57957
-0.378168,-0.105205,0.0289239;-1.46145,1.42345,-1.67924
-0.376907,-0.102874,0.0303203;-1.33129,1.3983,-1.8083
-0.380116,-0.0992943,0.0353593;-0.791609,1.39444,-2.34249
-0.386294,-0.0999833,0.0350063;-0.76191,1.40222,-2.37151
-0.383998,-0.101255,0.0301471;-1.21018,1.45398,-1.92706
-0.383271,-0.10174,0.0287949;-1.54388,1.4681,-1.60511
-0.382995,-0.101153,0.0287152;-1.51196,1.46142,-1.62923
-0.381191,-0.0988836,0.0296612;-1.3486,1.4183,-1.79186
-0.374971,-0.0920846,0.0378611;-0.875988,1.32889,-2.26559
-0.380924,-0.0917614,0.0372433;-0.807306,1.3265,-2.31812
-0.378986,-0.0920632,0.0334861;-1.03922,1.37227,-2.09106
-0.376197,-0.0920707,0.0288075;-1.55021,1.41209,-1.59878
-0.375959,-0.091933,0.0287083;-1.56453,1.41255,-1.58216
-0.375518,-0.091197,0.0292326;-1.40564,1.40198,-1.7374
-0.368129,-0.0856128,0.0379391;-0.955001,1.32151,-2.19697
-0.374672,-0.0849881,0.0376086;-0.855481,1.29555,-2.26678
-0.372556,-0.0846391,0.0344618;-1.04073,1.33128,-2.08383
-0.369119,-0.0841365,0.0286775;-1.56019,1.3647,-1.58376
-0.369192,-0.0841768,0.0286726;-1.57089,1.37148,-1.57506
-0.369705,-0.0840888,0.0288599;-1.57042,1.39362,-1.5846
-0.365608,-0.0808565,0.0358569;-1.11345,1.35469,-2.05257
-0.36636,-0.0794147,0.0378572;-0.954803,1.29766,-2.18814
-0.368662,-0.0783799,0.0358552;-0.960171,1.3108,-2.16162
-0.36422,-0.0783429,0.02858;-1.57047,1.35246,-1.57191
-0.364417,-0.0784575,0.0286737;-1.57039,1.35331,-1.57561
-0.364958,-0.0785091,0.0287538;-1.57012,1.36905,-1.57966
-0.363173,-0.0777336,0.0320211;-1.41797,1.36175,-1.7498
-0.362556,-0.0778694,0.037531;-1.0217,1.34211,-2.1416
-0.373013,-0.0769557,0.0364597;-0.900368,1.33943,-2.23819
-0.370863,-0.0765975,0.0286308;-1.57098,1.38529,-1.57312
-0.371275,-0.0766147,0.0286978;-1.56959,1.39612,-1.57763
-0.371738,-0.0766811,0.028689;-1.56964,1.4165,-1.57716
-0.372753,-0.0763093,0.0301287;-1.43321,1.45985,-1.72626
-0.373234,-0.0759366,0.0353329;-0.875632,1.42587,-2.29
-0.375902,-0.0749759,0.0372708;-0.646406,1.38166,-2.50166
-0.376702,-0.0734738,0.0289549;-1.42043,1.45608,-1.72066
-0.376319,-0.0732702,0.0286777;-1.57587,1.45874,-1.56965
-0.37797,-0.073393,0.0287219;-1.54067,1.49698,-1.60558
-0.378095,-0.0730915,0.0292971;-1.06822,1.53256,-2.08494
-0.377113,-0.0715693,0.0332362;-0.605998,1.48009,-2.55128
-0.378204,-0.0722111,0.0368302;-0.314969,1.41908,-2.83941
-0.380385,-0.0718862,0.0315927;-0.480523,1.49431,-2.65919
-0.378301,-0.0713331,0.0286272;-1.55455,1.52034,-1.58836
-0.378443,-0.0714106,0.0286719;-1.56096,1.51859,-1.58468
-0.379267,-0.0717695,0.0290593;-1.06188,1.55945,-2.09712
-0.37974,-0.0716608,0.0314092;-0.0351595,1.52556,-3.12637
-0.380547,-0.0721763,0.0352364;0.0317527,1.46288,3.08674
-0.382327,-0.0705092,0.0324919;0.0643497,1.4831,3.08012
-0.380236,-0.0700949,0.0289019;-0.812778,1.5483,-2.3285
-0.380238,-0.070315,0.0287617;-1.19938,1.55409,-1.94473
-0.382665,-0.0718455,0.029232;1.36123,1.50632,1.7638
-0.381742,-0.0718203,0.0302725;1.25668,1.50754,1.86148
-0.381466,-0.07202,0.033396;0.777273,1.48497,2.33007
-0.381863,-0.0676705,0.0325507;0.249286,1.48488,2.88968
-0.380847,-0.0682519,0.0290857;0.82622,1.53472,2.31543
-0.380698,-0.0684002,0.028949;1.09193,1.5384,2.04691
-0.380925,-0.0688905,0.0290579;1.35059,1.51406,1.78033
-0.380238,-0.0692131,0.0295463;1.39889,1.51117,1.7217
-0.378657,-0.0696584,0.0313853;1.08843,1.50719,2.02234
-0.375082,-0.0675974,0.0327631;0.00664872,1.49763,3.12482
-0.376487,-0.0669002,0.0293981;-0.519298,1.54273,-2.62372
-0.376224,-0.0670461,0.028648;-1.41025,1.55107,-1.73137
-0.376138,-0.067235,0.0288138;-1.08997,1.5523,-2.05403
-0.375591,-0.0676468,0.0291003;-0.348087,1.55792,-2.80677
-0.373001,-0.0683753,0.030254;-0.321502,1.55797,-2.8441
-0.363844,-0.0686931,0.0353232;-0.172482,1.52104,-2.98329
-0.367165,-0.0670535,0.0300499;-1.00713,1.5219,-2.13843
-0.367283,-0.066551,0.0286794;-1.52151,1.49007,-1.62064
-0.367392,-0.0661215,0.0286631;-1.53112,1.47176,-1.61041
-0.367453,-0.0664064,0.0287264;-1.54002,1.48609,-1.60585
-0.366063,-0.0674299,0.029778;-1.42975,1.50483,-1.72759
-0.350682,-0.0706712,0.0355313;-0.412413,1.47001,-2.75112
-0.3556,-0.067198,0.0345099;-0.814652,1.48101,-2.33013
-0.36162,-0.0644008,0.0286027;-1.564,1.4646,-1.57726
-0.361158,-0.063279,0.0287382;-1.55403,1.38312,-1.58688
-0.361269,-0.0636368,0.028635;-1.55522,1.40452,-1.58629
-0.361305,-0.064515,0.0288976;-1.53075,1.4355,-1.62032
-0.348715,-0.0696303,0.0337657;-0.865715,1.49862,-2.30527
-0.35041,-0.0671921,0.0359082;-2.17972,1.50202,-0.960411
-0.363173,-0.0641362,0.0302022;-1.22596,1.47685,-1.9087
-0.365469,-0.0622534,0.0288137;-1.55076,1.41593,-1.58928
-0.365955,-0.0623438,0.0286871;-1.53535,1.45009,-1.60508
-0.368499,-0.0641608,0.0291148;-1.6012,1.51963,-1.54948
-0.368499,-0.0641608,0.0291148;-1.6012,1.51963,-1.54948
-0.369711,-0.0674033,0.0316153;0.32517,1.54718,2.78703
-0.369711,-0.0674033,0.0316153;0.32517,1.54718,2.78703
