-0.125,0.125,0.06;-1.57,-2.98023e-08,-1.57
-0.125,0.125,0.06;-1.57,-2.98023e-08,-1.57
-0.125,0.125,0.06;-1.57,-2.98023e-08,-1.57
-0.125583,0.133601,0.0287069;-1.5693,-0.200431,-1.57511
-0.126158,0.133161,0.0288327;-1.57274,-0.167817,-1.58105
-0.128245,0.1284,0.0299465;-1.58212,-0.0852712,-1.58936
-0.129592,0.113245,0.0348;-1.47724,-0.0541498,-1.58455
-0.12894,0.123102,0.0287962;-1.57073,-0.179267,-1.58135
-0.128928,0.123517,0.0289312;-1.56221,-0.196324,-1.57753
-0.127823,0.121347,0.0290679;-1.55831,-0.133521,-1.58002
-0.124863,0.114062,0.0288834;-1.5699,0.0799551,-1.58448
-0.127015,0.105666,0.0299002;-1.57144,0.173474,-1.58871
-0.129465,0.089561,0.0332513;-1.52017,0.220369,-1.6016
-0.13069,0.0847327,0.0323883;-1.51062,0.161204,-1.59464
-0.129299,0.0930378,0.0288171;-1.56974,0.0710008,-1.5834
-0.128384,0.0955249,0.0288052;-1.56567,-0.00721327,-1.57638
-0.128438,0.0956544,0.0288192;-1.57188,0.010361,-1.58188
-0.130596,0.0931123,0.0293962;-1.58516,0.0739634,-1.58126
-0.135729,0.081692,0.0317982;-1.57786,0.160318,-1.59768
-0.139308,0.0651235,0.0388862;-1.37956,0.150714,-1.61059
-0.139883,0.0730937,0.0341554;-1.46995,0.0877191,-1.59212
-0.138578,0.0817988,0.0286202;-1.56764,-0.0246453,-1.57632
-0.138407,0.0821526,0.0286549;-1.56818,-0.0489852,-1.5716
-0.139884,0.0790654,0.0287789;-1.57426,0.0349449,-1.57022
-0.143967,0.0657197,0.0312599;-1.60865,0.150332,-1.56806
-0.146124,0.0535353,0.036066;-1.49762,0.220409,-1.57531
-0.147378,0.0516124,0.0328304;-1.50269,0.175171,-1.57258
-0.147352,0.0564216,0.0293845;-1.56388,0.076197,-1.57131
-0.148311,0.0555682,0.029022;-1.56809,0.0815616,-1.56985
-0.148112,0.0571086,0.0291382;-1.56567,0.0879761,-1.56165
-0.148979,0.0640998,0.037104;-1.73099,0.217227,-1.52384
-0.149979,0.0674926,0.0401405;-1.81104,0.256388,-1.51065
-0.148699,0.0642604,0.0377509;-1.74323,0.209556,-1.52413
-0.145338,0.0560564,0.0286009;-1.57093,0.0376694,-1.56966
-0.144988,0.0570158,0.028619;-1.56972,-0.0112548,-1.57156
-0.145452,0.0557441,0.0287825;-1.5662,0.00930761,-1.5728
-0.150838,0.0486803,0.0300497;-1.60238,0.201356,-1.57177
-0.157463,0.0351148,0.0339658;-1.60554,0.29914,-1.58476
-0.162628,0.0174095,0.0382445;-1.37864,0.272767,-1.62716
-0.161909,0.0306892,0.0287989;-1.57065,0.164042,-1.58129
-0.16137,0.029312,0.0290156;-1.55893,0.182985,-1.58203
-0.160474,0.0260535,0.0290778;-1.55673,0.258513,-1.58455
-0.161244,0.0257,0.0288488;-1.57234,0.255706,-1.5819
-0.163627,0.0223123,0.0311089;-1.55078,0.335572,-1.59811
-0.16742,0.0124459,0.036854;-1.43431,0.397127,-1.63939
-0.165934,0.024028,0.0288236;-1.58163,0.250724,-1.58204
-0.164096,0.026421,0.0286412;-1.57066,0.153084,-1.57351
-0.164444,0.0283604,0.0287469;-1.56887,0.0877962,-1.57701
-0.166595,0.0256373,0.0288714;-1.57459,0.213195,-1.58012
-0.173746,0.0181959,0.0300426;-1.58835,0.313767,-1.58162
-0.18329,0.000776688,0.0341547;-1.52026,0.366346,-1.61317
-0.186797,-0.00575884,0.0287601;-1.57235,0.294992,-1.5784
-0.186281,-0.00531963,0.0287793;-1.57008,0.294179,-1.58016
-0.186147,-0.0110738,0.0290796;-1.55653,0.357499,-1.58622
-0.185597,-0.0178686,0.0287828;-1.57052,0.576944,-1.58035
-0.189011,-0.0202901,0.0299887;-1.5604,0.620887,-1.59334
-0.199702,-0.0344762,0.0335535;-1.47277,0.707193,-1.64988
-0.202396,-0.0335246,0.0320278;-1.48558,0.606615,-1.62516
-0.198744,-0.0285793,0.0286237;-1.57074,0.517735,-1.57281
-0.19831,-0.0268595,0.0289388;-1.56044,0.454707,-1.58313
-0.198274,-0.0276368,0.028642;-1.57089,0.529194,-1.57379
-0.200638,-0.0275513,0.0300175;-1.60972,0.605681,-1.54941
-0.205857,-0.0273507,0.0357837;-1.7596,0.696849,-1.45243
-0.212327,-0.0321149,0.0333792;-1.65686,0.646393,-1.50017
-0.213844,-0.0356654,0.0297295;-1.58348,0.606681,-1.55298
-0.215466,-0.0373796,0.0286738;-1.56813,0.54282,-1.56996
-0.216588,-0.0389872,0.0286786;-1.56703,0.571874,-1.57435
-0.218875,-0.0421704,0.0287039;-1.57513,0.661538,-1.57111
-0.227484,-0.0514934,0.0298804;-1.56951,0.760587,-1.57681
-0.236777,-0.0628324,0.0380046;-1.339,0.81838,-1.72993
-0.237957,-0.0614322,0.0364113;-1.36834,0.752322,-1.71383
-0.233437,-0.05215,0.0285501;-1.5767,0.658351,-1.56896
-0.233042,-0.0492097,0.0290187;-1.55557,0.536901,-1.58643
-0.232765,-0.0489594,0.0287592;-1.57075,0.546387,-1.57933
-0.234169,-0.0493971,0.028933;-1.5796,0.60587,-1.57554
-0.253724,-0.0658172,0.0376787;-1.4194,0.714955,-1.68867
-0.262309,-0.0754051,0.0408872;-1.29931,0.651221,-1.75959
-0.253256,-0.0609517,0.0290233;-1.58288,0.570273,-1.57522
-0.250107,-0.0586189,0.0288944;-1.56275,0.47118,-1.58229
-0.251342,-0.0607398,0.0287643;-1.57104,0.565229,-1.57932
-0.25457,-0.061585,0.0290093;-1.58265,0.653117,-1.57481
-0.278883,-0.0837408,0.0369149;-1.42191,0.763248,-1.69199
-0.288522,-0.0947139,0.0391669;-1.30177,0.714756,-1.75817
-0.281408,-0.0828613,0.0299654;-1.53687,0.657508,-1.59897
-0.279184,-0.0821717,0.0291141;-1.55282,0.643882,-1.59271
-0.280293,-0.0844164,0.0288572;-1.56668,0.722916,-1.58377
-0.281004,-0.0845684,0.0289009;-1.5758,0.74734,-1.57889
-0.29659,-0.0978042,0.0362298;-1.43672,0.853156,-1.6937
-0.307088,-0.1067,0.0407453;-1.25267,0.773813,-1.811
-0.300205,-0.0969807,0.0340073;-1.43118,0.720883,-1.66818
-0.291173,-0.090019,0.028752;-1.57009,0.593176,-1.57917
-0.291572,-0.090939,0.02872;-1.5702,0.648588,-1.57747
-0.292849,-0.0915588,0.0288418;-1.57102,0.704342,-1.5833
-0.313272,-0.101862,0.0329847;-1.5423,0.865275,-1.61893
-0.326669,-0.110323,0.0394932;-1.27549,0.789664,-1.78969
-0.324757,-0.108119,0.0374863;-1.32759,0.784655,-1.74671
-0.318555,-0.102313,0.028681;-1.56735,0.765053,-1.5755
-0.321477,-0.106095,0.0288189;-1.56695,0.872669,-1.58272
-0.322012,-0.106643,0.0288024;-1.56881,0.904138,-1.58187
-0.323468,-0.107077,0.0289148;-1.57565,0.960322,-1.57688
-0.342171,-0.116935,0.0368657;-1.27873,1.0415,-1.83326
-0.345102,-0.116679,0.0393047;-1.19743,0.974959,-1.89176
-0.333934,-0.108109,0.0286284;-1.579,0.897583,-1.56659
-0.331317,-0.106174,0.0287361;-1.56567,0.771132,-1.57809
-0.331848,-0.106912,0.0285611;-1.57054,0.828819,-1.57032
-0.334243,-0.105992,0.0286337;-1.57628,0.92114,-1.5658
-0.354611,-0.109579,0.0356532;-1.65849,1.07476,-1.5104
-0.373021,-0.118742,0.0406393;-1.13652,0.983549,-1.94181
-0.367246,-0.113406,0.0344699;-1.36755,0.963879,-1.74035
-0.364546,-0.113629,0.0290099;-1.55324,1.02322,-1.59716
-0.36825,-0.119316,0.0290388;-1.51733,1.21935,-1.6245
-0.370026,-0.120593,0.0287325;-1.56216,1.30345,-1.58398
-0.399606,-0.123598,0.0351935;-1.10355,1.40633,-2.04512
-0.418012,-0.123355,0.0403753;-0.73658,1.26477,-2.37978
-0.413499,-0.12075,0.0365049;-1.02207,1.26892,-2.09822
-0.40704,-0.119679,0.0290695;-1.51478,1.30302,-1.63344
-0.40877,-0.120649,0.0289518;-1.51487,1.36895,-1.63212
-0.40896,-0.120379,0.0287369;-1.57134,1.40171,-1.57785
-0.428176,-0.119948,0.0343042;-0.423526,1.50254,-2.73627
-0.445607,-0.119693,0.0402046;-0.128371,1.34699,-3.01024
-0.444374,-0.117772,0.0384685;-0.318687,1.36525,-2.8135
-0.43152,-0.116148,0.0290708;-1.45553,1.41009,-1.68961
-0.432606,-0.116935,0.0290079;-1.47537,1.45241,-1.67467
-0.434397,-0.117966,0.0289022;-1.36656,1.527,-1.78139
-0.447912,-0.115463,0.030819;1.51227,1.45128,1.61226
-0.468502,-0.113664,0.0363832;0.905564,1.36344,2.2219
-0.47864,-0.109337,0.0400136;0.470621,1.32248,2.65805
-0.466635,-0.111144,0.0287323;1.45322,1.50907,1.68817
-0.466032,-0.111014,0.0290689;1.26753,1.52205,1.86495
-0.465672,-0.110924,0.0289885;1.34883,1.51258,1.78583
-0.46694,-0.109402,0.0292852;1.62393,1.44001,1.50775
-0.478261,-0.105681,0.0328411;1.40706,1.37167,1.71049
-0.494521,-0.100884,0.0394912;0.742858,1.29249,2.37523
-0.477112,-0.101876,0.0283759;1.63709,1.52486,1.5026
-0.474982,-0.102554,0.0286979;-1.5679,1.55424,-1.57925
-0.474882,-0.1025,0.0287519;-1.53277,1.55049,-1.61648
-0.478715,-0.100336,0.0288028;1.59818,1.421,1.53606
-0.490063,-0.0942211,0.0307845;1.60578,1.32009,1.51665
-0.513346,-0.0870081,0.0374608;1.07696,1.23229,2.04079
-0.511035,-0.0834191,0.0311713;1.28546,1.36915,1.84832
-0.506641,-0.0841544,0.0287735;1.5273,1.42777,1.61097
-0.506133,-0.0841019,0.0290459;1.47928,1.43908,1.6514
-0.507587,-0.0840938,0.0288088;1.54838,1.36892,1.58647
-0.510463,-0.0821667,0.0299616;1.55028,1.31985,1.57731
-0.525539,-0.0770616,0.0362039;1.26149,1.23252,1.8481
-0.524666,-0.07188,0.0361616;0.866976,1.33812,2.25913
-0.515223,-0.0760945,0.0285722;1.56073,1.46333,1.58101
-0.513657,-0.0761577,0.0287266;1.54963,1.50936,1.58624
-0.516645,-0.0742512,0.0287583;1.58865,1.35023,1.54867
-0.521944,-0.0680776,0.0299794;1.63399,1.2415,1.49805
-0.53795,-0.0590396,0.0339536;1.45484,1.18589,1.65727
-0.554823,-0.0494983,0.0379447;1.06096,1.19406,2.05069
-0.548032,-0.0530589,0.0286117;1.56569,1.2429,1.57496
-0.54985,-0.0532677,0.0290732;1.52536,1.20907,1.60582
-0.554514,-0.053295,0.0290685;1.53747,1.07485,1.59257
-0.556118,-0.0524144,0.0289479;1.54975,1.01248,1.58254
-0.561311,-0.0478879,0.0315767;1.60083,0.917912,1.53638
-0.578216,-0.0310131,0.0396186;1.2273,0.906186,1.85078
-0.572972,-0.0313847,0.0348821;1.33391,1.01441,1.77645
-0.569226,-0.034058,0.0287391;1.56239,1.12507,1.58244
-0.569811,-0.0339268,0.0286094;1.57074,1.1052,1.56949
-0.569061,-0.0344756,0.0286614;1.57066,1.07332,1.57491
-0.566682,-0.0336346,0.0313867;1.65427,0.987994,1.50969
-0.564695,-0.0291495,0.0382188;1.83595,0.888148,1.37935
-0.570554,-0.0259261,0.0336063;1.70271,0.948116,1.47916
-0.575575,-0.0229808,0.0287914;1.56284,1.01442,1.58367
-0.581401,-0.0192252,0.0286668;1.56711,0.985979,1.57192
-0.584773,-0.0195375,0.0288843;1.55842,0.87718,1.58704
-0.588213,-0.016731,0.0293806;1.57634,0.770843,1.57733
-0.60783,0.001323,0.0396608;1.55235,0.614829,1.59256
-0.611004,0.00898517,0.0382444;1.45709,0.647642,1.67738
-0.6067,0.00905131,0.031723;1.51625,0.757812,1.63718
-0.608104,0.0102367,0.0288231;1.56072,0.817081,1.58295
-0.60839,0.00899637,0.0290348;1.5523,0.766843,1.59216
-0.607648,0.00713777,0.0296718;1.56135,0.711924,1.59972
-0.614899,0.0267178,0.039933;1.57301,0.543218,1.58269
-0.617799,0.0375072,0.0404284;1.44514,0.585591,1.67413
-0.615247,0.0387167,0.0348486;1.45649,0.665792,1.67452
-0.615851,0.0405326,0.0293124;1.53922,0.777075,1.59349
-0.61628,0.0403097,0.0291467;1.53706,0.728865,1.59587
-0.616969,0.0385809,0.0292679;1.54193,0.64696,1.5976
-0.616969,0.0385809,0.0292679;1.54193,0.64696,1.5976
-0.621098,0.0432095,0.0300771;1.57067,0.514657,1.57929
-0.621098,0.0432095,0.0300771;1.57067,0.514657,1.57929
