-0.125,0.125,0.06;-1.57,-2.98023e-08,-1.57
-0.125,0.125,0.06;-1.57,-2.98023e-08,-1.57
-0.125,0.125,0.06;-1.57,-2.98023e-08,-1.57
-0.125081,0.129979,0.0287346;-1.56894,-0.163871,-1.57607
-0.126072,0.128015,0.028829;-1.57088,-0.0989361,-1.58247
-0.12726,0.12364,0.0301485;-1.56885,-0.0428865,-1.59127
-0.127681,0.105547,0.0349146;-1.4691,0.0183902,-1.58818
-0.127623,0.111782,0.0287987;-1.57097,-0.0709734,-1.58191
-0.127595,0.112825,0.0288005;-1.56713,-0.097382,-1.57732
-0.12776,0.112709,0.0288595;-1.5653,-0.101862,-1.5781
-0.127662,0.112191,0.0288176;-1.5709,-0.0674776,-1.58182
-0.129211,0.109598,0.0293699;-1.57995,-0.0267786,-1.5833
-0.133587,0.0998974,0.0318568;-1.57218,0.0361264,-1.59679
-0.139058,0.0783001,0.0322504;-1.52268,0.0911324,-1.59478
-0.138647,0.0812187,0.0287967;-1.57164,0.0555033,-1.58206
-0.138357,0.0813998,0.0286486;-1.57071,0.044013,-1.57406
-0.137935,0.0826985,0.0288832;-1.57199,0.0148636,-1.5846
-0.138024,0.0827473,0.029267;-1.57434,0.0187724,-1.58577
-0.13805,0.0821772,0.0315047;-1.55333,0.0342584,-1.60269
-0.144552,0.0674503,0.0359978;-1.45439,0.0845773,-1.60825
-0.146033,0.0650446,0.0319296;-1.52293,0.0172033,-1.58597
-0.145331,0.0676258,0.0285989;-1.57085,-0.0506634,-1.57328
-0.145198,0.0671978,0.0286889;-1.56868,-0.0756947,-1.56753
-0.145276,0.0681617,0.0289034;-1.57404,-0.0653858,-1.56671
-0.145194,0.0712442,0.0312766;-1.60258,-0.0287567,-1.55646
-0.144998,0.0773752,0.03652;-1.67775,0.0149337,-1.52955
-0.144413,0.0757685,0.0340157;-1.63848,-0.0192792,-1.53716
-0.145427,0.0668507,0.0291056;-1.57453,-0.0885551,-1.56588
-0.147066,0.0642202,0.0289186;-1.57495,-0.0872514,-1.56652
-0.14768,0.0633711,0.0287558;-1.57286,-0.0712684,-1.56437
-0.143043,0.0744121,0.0322118;-1.61936,-0.0105429,-1.55895
-0.138205,0.0876023,0.0362653;-1.68895,-0.00276417,-1.54385
-0.137652,0.0850922,0.0340705;-1.64408,-0.079443,-1.54723
-0.136301,0.0795726,0.0285802;-1.57049,-0.206199,-1.5708
-0.136745,0.0781337,0.028622;-1.57065,-0.182939,-1.57288
-0.136416,0.0765064,0.0286406;-1.57069,-0.121222,-1.57374
-0.137717,0.0716883,0.0300465;-1.56863,-0.023133,-1.59395
-0.138155,0.0680297,0.0351877;-1.49861,-0.00166807,-1.61279
-0.140487,0.0676758,0.0373656;-1.45271,-0.0542372,-1.60245
-0.141386,0.0703694,0.0287636;-1.5708,-0.120793,-1.57959
-0.140639,0.0716925,0.0286967;-1.56975,-0.147081,-1.57526
-0.14058,0.07162,0.0286807;-1.57079,-0.135441,-1.5756
-0.141818,0.0688777,0.0290142;-1.57685,-0.051879,-1.5851
-0.141927,0.0661027,0.0317006;-1.54806,-0.0196482,-1.60137
-0.142306,0.0628953,0.0377724;-1.4574,0.00401549,-1.61204
-0.143991,0.0620587,0.0288201;-1.57262,-0.0658412,-1.58456
-0.143647,0.0623638,0.0286275;-1.57085,-0.0805045,-1.57291
-0.143645,0.0620486,0.0286771;-1.5707,-0.0619535,-1.57548
-0.14477,0.0594273,0.0288456;-1.57132,0.0340568,-1.58304
-0.144906,0.0556559,0.0308475;-1.5522,0.0882631,-1.59575
-0.145927,0.0475134,0.0362578;-1.45528,0.161349,-1.61504
-0.14971,0.0430841,0.0301318;-1.53239,0.107885,-1.57866
-0.149805,0.0453604,0.0286386;-1.57075,0.0732012,-1.5735
-0.149782,0.0451799,0.0287148;-1.57037,0.079893,-1.57688
-0.149968,0.0426331,0.0289006;-1.57035,0.188845,-1.58605
-0.149684,0.0383052,0.0306114;-1.5373,0.241287,-1.59509
-0.148696,0.0301788,0.0349846;-1.45062,0.319022,-1.62265
-0.154778,0.0253435,0.0328052;-1.48314,0.216047,-1.5886
-0.156519,0.0272214,0.0288541;-1.5626,0.144821,-1.56669
-0.15724,0.026845,0.028652;-1.56939,0.101227,-1.57295
-0.156153,0.0257562,0.0286917;-1.56946,0.15979,-1.57511
-0.153938,0.0228486,0.0306692;-1.54065,0.2368,-1.58295
-0.150006,0.0152707,0.0345911;-1.46217,0.356271,-1.60848
-0.153768,0.0145106,0.0359263;-1.45192,0.321774,-1.58718
-0.156684,0.0153159,0.0331612;-1.49786,0.250423,-1.56797
-0.158586,0.0155586,0.0291883;-1.56413,0.185624,-1.56122
-0.159168,0.0158956,0.029054;-1.56862,0.171141,-1.56509
-0.158106,0.0161633,0.0290508;-1.55825,0.212148,-1.57
-0.155858,0.0135615,0.0323682;-1.50766,0.287635,-1.58863
-0.155002,0.0112117,0.0373507;-1.42518,0.373106,-1.60455
-0.160295,0.01139,0.0349109;-1.45398,0.297471,-1.59909
-0.163031,0.0168699,0.0291533;-1.55941,0.21604,-1.56315
-0.164157,0.0159556,0.0286913;-1.56632,0.15404,-1.57044
-0.163905,0.0153525,0.0287905;-1.56126,0.177667,-1.57596
-0.162557,0.014944,0.0293388;-1.55584,0.216806,-1.58125
-0.158939,0.0127669,0.0365827;-1.45142,0.28914,-1.62981
-0.158566,0.0141443,0.0347704;-1.48073,0.236688,-1.62139
-0.15826,0.0206337,0.0289616;-1.55518,0.161211,-1.57674
-0.158028,0.0204005,0.0290524;-1.55766,0.139426,-1.58341
-0.157466,0.0179811,0.0290757;-1.55076,0.203951,-1.5814
-0.157471,0.0167161,0.0290912;-1.5525,0.249617,-1.58417
-0.159992,0.0135841,0.0353646;-1.53906,0.352376,-1.59748
-0.159859,0.01587,0.0373737;-1.52733,0.272569,-1.58988
-0.1602,0.0160486,0.0301297;-1.53271,0.220095,-1.57617
-0.159831,0.0149678,0.028892;-1.562,0.213727,-1.57487
-0.15939,0.0135731,0.028977;-1.55569,0.282988,-1.57033
-0.158516,0.0125495,0.0290703;-1.56503,0.364395,-1.56586
-0.163817,0.00125682,0.0425856;-1.56771,0.583611,-1.56567
-0.167633,0.00355365,0.0439901;-1.53039,0.548799,-1.55771
-0.1685,0.00846656,0.0368572;-1.49185,0.478717,-1.55645
-0.170423,0.00528032,0.0306249;-1.54188,0.414519,-1.56673
-0.169743,0.00532248,0.029719;-1.55938,0.465041,-1.55974
-0.169161,0.0058481,0.0298791;-1.56279,0.489918,-1.55321
-0.167599,0.00842774,0.0422462;-1.65793,0.585535,-1.49197
-0.168389,0.0134796,0.0432876;-1.64649,0.552644,-1.47616
-0.169805,0.0143859,0.0403365;-1.6214,0.538686,-1.47685
-0.170616,0.0115809,0.0318938;-1.54834,0.45232,-1.54451
-0.170606,0.00731213,0.0294392;-1.56863,0.463206,-1.55943
-0.169986,0.00796625,0.0304564;-1.5666,0.487003,-1.54224
-0.171528,0.0077523,0.0332415;-1.60484,0.574216,-1.49663
-0.173941,0.00932368,0.0447474;-1.68394,0.673649,-1.46187
-0.179054,0.00834585,0.0427908;-1.60968,0.66521,-1.49601
-0.183315,0.00123549,0.0332007;-1.50381,0.626193,-1.56856
-0.185507,0.000181986,0.0289002;-1.5579,0.549027,-1.57324
-0.184211,0.00041549,0.0289925;-1.55296,0.580507,-1.57556
-0.18281,0.000562332,0.0293413;-1.54794,0.618847,-1.57565
-0.186629,-0.000250136,0.0364447;-1.60779,0.699111,-1.54322
-0.194181,-0.00171787,0.0378754;-1.48834,0.671003,-1.61245
-0.197587,-0.00131971,0.0329502;-1.46127,0.667419,-1.63098
-0.195294,-0.000612379,0.0290091;-1.5444,0.657924,-1.587
-0.195106,-0.00157809,0.0288575;-1.55315,0.7032,-1.58191
-0.195215,-0.00179667,0.0291014;-1.53968,0.735477,-1.58896
-0.200761,-0.0023871,0.0346697;-1.44129,0.773618,-1.66228
-0.209259,-0.00793663,0.0366681;-1.3738,0.730226,-1.69762
-0.209613,-0.00450724,0.0345564;-1.41846,0.696425,-1.65973
-0.204611,-0.00322122,0.0289653;-1.54586,0.715655,-1.58705
-0.204368,-0.00457767,0.0286567;-1.56775,0.781304,-1.5744
-0.204581,-0.00524052,0.0290101;-1.54068,0.811696,-1.59224
-0.205278,-0.0053527,0.0333895;-1.44925,0.886791,-1.66148
-0.209391,-0.00627408,0.0354955;-1.40387,0.867779,-1.68385
-0.213,-0.00558651,0.0349115;-1.41379,0.817699,-1.66849
-0.210562,-0.00447183,0.0289984;-1.54201,0.804025,-1.591
-0.21032,-0.00509749,0.028908;-1.55418,0.834365,-1.58771
-0.210658,-0.00492451,0.0290047;-1.54052,0.833767,-1.59305
-0.209562,-0.00459139,0.0324148;-1.46158,0.899196,-1.65561
-0.209838,-0.00482649,0.0351744;-1.40941,0.931154,-1.68542
-0.215427,-0.00518377,0.0363129;-1.37816,0.878078,-1.70058
-0.214602,-0.00148877,0.0292492;-1.52919,0.826091,-1.59687
-0.213967,-0.00169539,0.0289925;-1.54382,0.833009,-1.59285
-0.214058,-0.00188793,0.0288974;-1.55272,0.855798,-1.58902
-0.214088,-0.00164193,0.0304779;-1.50557,0.911354,-1.62315
-0.215582,-0.00157286,0.0336083;-1.42973,0.925752,-1.68285
-0.220699,-0.00306012,0.0363543;-1.35574,0.877981,-1.73234
-0.220218,0.000434306,0.0320722;-1.4565,0.834455,-1.64589
-0.218439,0.00153576,0.0290288;-1.53915,0.816414,-1.59355
-0.217616,0.00209745,0.0289191;-1.55048,0.808038,-1.58924
-0.217245,0.00252117,0.0296881;-1.52491,0.840834,-1.6041
-0.21859,0.00182259,0.0325138;-1.45911,0.883096,-1.65642
-0.224367,-0.00187798,0.0366368;-1.3553,0.866697,-1.73088
-0.229217,0.000281,0.0352203;-1.38252,0.800793,-1.69673
-0.225944,0.00196681,0.0310475;-1.48847,0.783941,-1.62249
-0.223855,0.00226666,0.029027;-1.53925,0.794777,-1.59361
-0.223801,0.00187147,0.0291789;-1.53211,0.85449,-1.59807
-0.224387,0.00204461,0.0315812;-1.47896,0.90766,-1.6437
-0.229379,-0.00143977,0.0350841;-1.39021,0.934772,-1.71335
-0.237339,-0.00063584,0.0351402;-1.36975,0.831319,-1.71031
-0.234332,0.000964037,0.0315433;-1.47312,0.807258,-1.63412
-0.231829,0.00178331,0.0290176;-1.54022,0.810419,-1.59298
-0.231901,0.0011746,0.0290936;-1.53421,0.846137,-1.59938
-0.231766,0.00239153,0.031504;-1.47898,0.859997,-1.64337
-0.228849,0.00819554,0.0369121;-1.36716,0.859963,-1.73502
-0.23928,0.00634551,0.0372813;-1.33386,0.794387,-1.73458
-0.237631,0.00776777,0.0333353;-1.42945,0.766306,-1.66108
-0.235011,0.0093474,0.0291696;-1.53265,0.768032,-1.59578
-0.234448,0.00903123,0.0287563;-1.5592,0.803344,-1.57949
-0.234886,0.00820516,0.0293164;-1.5478,0.85892,-1.58858
-0.236697,0.00679481,0.0333165;-1.49235,0.919448,-1.63049
-0.249904,0.00114514,0.0377608;-1.33816,0.933413,-1.72674
-0.252808,0.00440327,0.036847;-1.3611,0.852446,-1.69494
-0.250948,0.00528125,0.0336018;-1.44783,0.827383,-1.63691
-0.246739,0.00601728,0.028799;-1.55764,0.857237,-1.57731
-0.245548,0.00631026,0.029392;-1.53969,0.902264,-1.58302
-0.243658,0.00807991,0.0323988;-1.49727,0.943744,-1.61084
-0.24211,0.0136896,0.0419032;-1.5975,0.990684,-1.52531
-0.249864,0.0117555,0.0372868;-1.35839,0.914227,-1.70022
-0.253864,0.012455,0.0367162;-1.37691,0.83882,-1.67838
-0.247888,0.0126673,0.0293063;-1.54253,0.832366,-1.58577
-0.246242,0.0131236,0.0291207;-1.53874,0.864117,-1.58608
-0.245244,0.0137659,0.0306726;-1.53303,0.945958,-1.58203
-0.263515,0.0026171,0.0386876;-1.40601,1.08987,-1.70004
-0.27175,0.000973031,0.0381275;-1.27122,1.02336,-1.80397
-0.273532,0.00524447,0.036399;-1.324,0.936211,-1.75135
-0.269498,0.00504673,0.0294399;-1.52027,0.914245,-1.6095
-0.268956,0.00414904,0.0291034;-1.52894,0.95442,-1.60609
-0.268544,0.0040998,0.0294959;-1.51647,0.978848,-1.61493
-0.27799,0.000311296,0.0347894;-1.39164,1.09392,-1.73101
-0.287806,-0.00205902,0.0372355;-1.2714,1.02937,-1.82127
-0.286362,0.00227117,0.0352328;-1.33068,0.985298,-1.76225
-0.280153,0.00279205,0.0292964;-1.52463,0.969052,-1.60781
-0.279602,0.0022062,0.0288849;-1.54719,1.02178,-1.59394
-0.279978,0.00140116,0.0290388;-1.52968,1.06039,-1.60908
-0.279978,0.00140116,0.0290388;-1.52968,1.06039,-1.60908
-0.281511,0.00197511,0.0300726;-1.51065,1.13116,-1.62886
-0.281511,0.00197511,0.0300726;-1.51065,1.13116,-1.62886
