-0.125,0.125,0.06;-1.57,-2.98023e-08,-1.57
-0.125,0.125,0.06;-1.57,-2.98023e-08,-1.57
-0.125,0.125,0.06;-1.57,-2.98023e-08,-1.57
-0.126484,0.120181,0.0286715;-1.57077,-0.122393,-1.57535
-0.126101,0.120096,0.0288765;-1.56992,-0.0641814,-1.58494
-0.124808,0.132548,0.032318;-1.51125,0.0199358,-1.57447
-0.126122,0.161178,0.0347718;-1.68561,0.108417,-1.56805
-0.123304,0.156958,0.0288098;-1.57067,0.00711042,-1.58246
-0.123397,0.156429,0.0286506;-1.57082,-0.00997798,-1.57416
-0.123846,0.156199,0.0286223;-1.5716,0.0175507,-1.57198
-0.124027,0.155149,0.0289239;-1.56674,0.135292,-1.58412
-0.121128,0.163411,0.0317114;-1.51681,0.214036,-1.58744
-0.11695,0.185456,0.0378949;-1.57943,0.311981,-1.56716
-0.111656,0.193265,0.0315939;-1.63055,0.274253,-1.56101
-0.112311,0.186222,0.0287871;-1.57272,0.206958,-1.58339
-0.112288,0.185682,0.0286348;-1.57073,0.181393,-1.57368
-0.112759,0.185928,0.0288585;-1.57056,0.252268,-1.58408
-0.110263,0.192071,0.0302547;-1.53955,0.326076,-1.58609
-0.103953,0.215197,0.0352573;-1.62043,0.421944,-1.5566
-0.10049,0.227081,0.0360831;-1.72004,0.430492,-1.52136
-0.0985685,0.224366,0.0322057;-1.64371,0.386819,-1.55295
-0.0997985,0.219651,0.0288203;-1.56752,0.336169,-1.58718
-0.100173,0.21874,0.0286989;-1.57078,0.336378,-1.57645
-0.10013,0.218331,0.0289471;-1.56515,0.403949,-1.58624
-0.0928718,0.230676,0.031863;-1.51057,0.490346,-1.60278
-0.0834497,0.251213,0.033892;-1.65924,0.543458,-1.53177
-0.0810408,0.251358,0.0305195;-1.62162,0.495149,-1.55566
-0.0827386,0.247769,0.0286484;-1.57085,0.434524,-1.57398
-0.0835268,0.247395,0.0286324;-1.57162,0.478448,-1.57224
-0.0842908,0.246816,0.0288184;-1.57067,0.548541,-1.58217
-0.0689222,0.265989,0.0343214;-1.51866,0.704085,-1.60442
-0.0565007,0.284987,0.0380736;-1.72659,0.752562,-1.47258
-0.0524885,0.287041,0.0347666;-1.72361,0.717673,-1.47937
-0.0577004,0.278837,0.0286947;-1.57037,0.64266,-1.57645
-0.0579375,0.278523,0.0286371;-1.57084,0.638476,-1.57352
-0.0587651,0.278301,0.0286154;-1.57049,0.711087,-1.57275
-0.0504088,0.284686,0.0315865;-1.49592,0.843601,-1.63177
-0.0329355,0.301943,0.0369881;-1.65418,0.938895,-1.5069
-0.02179,0.311694,0.0360729;-1.81195,0.9395,-1.3869
-0.0271347,0.303138,0.0288611;-1.57023,0.857914,-1.58534
-0.0274805,0.302933,0.0286487;-1.57136,0.840143,-1.57409
-0.0277151,0.302767,0.028619;-1.57122,0.862437,-1.57202
-0.0257381,0.30337,0.0294464;-1.53315,0.98714,-1.61068
-0.00882016,0.313735,0.0341593;-1.45781,1.08056,-1.67049
0.0103093,0.326891,0.0390769;-1.8205,1.13474,-1.3513
0.0113012,0.322939,0.0288623;-1.56848,1.06337,-1.58613
0.0106507,0.322685,0.0286901;-1.56971,1.03447,-1.57691
0.0103664,0.322548,0.0286425;-1.57304,1.03906,-1.5713
0.00877971,0.322111,0.0290179;-1.54638,1.19986,-1.60659
0.0226498,0.326068,0.0326096;-1.35447,1.27146,-1.78237
0.045635,0.33541,0.0384945;-1.91842,1.35272,-1.23718
0.0500954,0.331928,0.0287199;-1.55034,1.27548,-1.60274
0.049248,0.331947,0.0287008;-1.5701,1.25237,-1.57729
0.0489342,0.331849,0.0286323;-1.57109,1.25285,-1.57298
0.0477395,0.332241,0.0289773;-1.54513,1.39065,-1.61087
0.0596258,0.334022,0.0322393;-1.03038,1.45891,-2.11408
0.0833356,0.338407,0.0382921;-3.03721,1.49457,-0.112491
0.0872198,0.335932,0.0290565;-1.80535,1.50054,-1.34369
0.0850004,0.335669,0.0288462;-1.56823,1.45872,-1.58589
0.0844683,0.335736,0.028661;-1.5716,1.43788,-1.57395
0.0838823,0.336095,0.0288538;-1.56664,1.53616,-1.58802
0.0919189,0.335355,0.0308943;0.756802,1.51845,2.37841
0.114987,0.335923,0.0365206;1.84763,1.43176,1.29332
0.1246,0.33493,0.0333261;2.16372,1.4135,0.9752
0.120489,0.332325,0.0287287;1.52044,1.49873,1.61085
0.119243,0.332536,0.0287143;1.55661,1.53796,1.57867
0.118546,0.332583,0.0287538;1.569,1.52416,1.56431
0.118777,0.332234,0.0289736;1.51321,1.45921,1.61476
0.135027,0.328948,0.032349;1.30101,1.35789,1.83294
0.166387,0.327912,0.0368476;2.04018,1.24069,1.10866
0.165703,0.325307,0.0338792;1.94468,1.29808,1.1973
0.160601,0.325219,0.0288612;1.57193,1.36496,1.5555
0.159903,0.325805,0.0286335;1.57718,1.38635,1.56242
0.158911,0.326837,0.0288226;1.56826,1.28767,1.56144
0.16162,0.324833,0.0298018;1.49793,1.22919,1.63191
0.203211,0.311549,0.0391716;1.82605,1.03832,1.33597
0.209774,0.305924,0.0366407;1.88129,1.07437,1.28051
0.20258,0.307909,0.0294367;1.62537,1.12801,1.50743
0.200525,0.309205,0.0286464;1.57097,1.16493,1.56746
0.199952,0.310323,0.0287202;1.57061,1.06945,1.56441
0.200507,0.309132,0.0290905;1.54741,1.01223,1.57808
0.235858,0.287309,0.0386664;1.74564,0.840415,1.42577
0.242825,0.279459,0.0365724;1.79533,0.876528,1.38053
0.236064,0.283317,0.0295346;1.6027,0.92106,1.53128
0.2341,0.285594,0.0286481;1.5708,0.962961,1.5676
0.233401,0.287136,0.0287015;1.5708,0.859966,1.56519
0.233588,0.286417,0.0289881;1.5614,0.816807,1.56327
0.262443,0.259415,0.0382892;1.72349,0.640814,1.46232
0.266897,0.250942,0.0368852;1.75972,0.679211,1.43411
0.261794,0.255945,0.029597;1.6032,0.709484,1.54055
0.260684,0.257949,0.0286458;1.57091,0.76042,1.56754
0.260818,0.259113,0.0287454;1.57082,0.680799,1.56295
0.260919,0.258897,0.0288899;1.56914,0.657086,1.55817
0.280742,0.232825,0.0382365;1.6309,0.492961,1.53806
0.28728,0.221788,0.0350861;1.71384,0.499525,1.49174
0.28507,0.224383,0.0323692;1.65614,0.504956,1.52206
0.281194,0.228291,0.0286307;1.57081,0.586075,1.56826
0.281172,0.229965,0.0286436;1.57218,0.513202,1.5682
0.280843,0.230555,0.0288752;1.56956,0.453572,1.5578
0.281936,0.224408,0.0304852;1.5337,0.38418,1.57818
0.299774,0.18283,0.0366487;1.70826,0.231595,1.5268
0.297858,0.180348,0.0340793;1.67459,0.277949,1.53082
0.295139,0.186089,0.0288349;1.57091,0.320315,1.55685
0.29514,0.187116,0.0286316;1.57158,0.334671,1.56843
0.295393,0.188315,0.0287491;1.5702,0.235717,1.56282
0.295022,0.18739,0.0291043;1.55723,0.184293,1.56074
0.301587,0.148946,0.0394413;1.6513,0.017906,1.56327
0.300077,0.139363,0.0355;1.69877,0.0573336,1.55182
0.298325,0.146503,0.0288053;1.56702,0.0947884,1.55691
0.298284,0.14747,0.0286366;1.57081,0.118797,1.5681
0.29883,0.148729,0.0286557;1.57072,0.0271267,1.56719
0.29865,0.148186,0.0290081;1.56339,-0.0252492,1.55586
0.29666,0.107825,0.0383205;1.66219,-0.194255,1.57852
0.293955,0.0968974,0.0355423;1.70295,-0.166979,1.58255
0.293534,0.104051,0.0288173;1.57031,-0.130973,1.5591
0.294163,0.105378,0.0286396;1.5708,-0.0905338,1.56793
0.294592,0.106007,0.0286166;1.57069,-0.152944,1.56907
0.294475,0.106129,0.0289641;1.56588,-0.204916,1.55523
0.285343,0.070841,0.037668;1.62936,-0.375931,1.58806
0.281778,0.0551754,0.0357528;1.71531,-0.396737,1.61623
0.280701,0.0582986,0.0319027;1.64192,-0.360277,1.58585
0.282086,0.06257,0.0286582;1.57091,-0.29097,1.567
0.282209,0.0629785,0.0286284;1.57093,-0.309832,1.56841
0.282943,0.0634191,0.0288176;1.57064,-0.380475,1.55943
0.271055,0.0426709,0.0342956;1.50952,-0.539296,1.53956
0.26181,0.0205122,0.038522;1.71164,-0.603871,1.64195
0.257568,0.0144554,0.0355805;1.72818,-0.587512,1.64856
0.261379,0.0219188,0.0287557;1.56915,-0.51837,1.56289
0.261649,0.0220887,0.0286433;1.57078,-0.509456,1.56782
0.26246,0.022563,0.0286235;1.57082,-0.566055,1.56873
0.255922,0.0168864,0.0312564;1.51291,-0.693734,1.52872
0.241432,-0.00220014,0.0370095;1.61563,-0.792311,1.60124
0.230932,-0.016755,0.03589;1.77348,-0.818597,1.70647
0.232332,-0.0110888,0.0288883;1.57022,-0.747173,1.5558
0.232787,-0.010889,0.0286459;1.57116,-0.71908,1.56757
0.23303,-0.0107735,0.0286225;1.57081,-0.7325,1.56889
0.232557,-0.0110714,0.0293433;1.54184,-0.874486,1.53913
0.218392,-0.0224828,0.03376;1.48172,-0.963383,1.49583
0.200832,-0.0378887,0.0393405;1.76012,-1.03301,1.72695
0.198761,-0.0355,0.0288446;1.56983,-0.961871,1.55697
0.19958,-0.0349992,0.0287174;1.57043,-0.935821,1.56394
0.199888,-0.0348266,0.0286427;1.57088,-0.934203,1.56784
0.20049,-0.0345763,0.0289608;1.55999,-1.07346,1.54741
0.186797,-0.0401987,0.0323264;1.43237,-1.15379,1.43915
0.164799,-0.0520136,0.038435;1.84201,-1.23306,1.81786
0.16018,-0.0509451,0.0287509;1.55701,-1.17613,1.54486
0.160811,-0.0510323,0.0287149;1.56948,-1.14472,1.56345
0.161029,-0.0510919,0.0286391;1.57088,-1.14111,1.56799
0.162192,-0.05086,0.0289679;1.55573,-1.26929,1.54171
0.148068,-0.0537062,0.0320705;1.32092,-1.35028,1.32175
0.12362,-0.0615456,0.0375674;2.2275,-1.41677,2.21246
0.114839,-0.0629854,0.030685;1.84285,-1.42075,1.83013
0.117011,-0.0624737,0.0288275;1.56778,-1.39592,1.55594
0.117439,-0.0624628,0.028646;1.5709,-1.37681,1.56787
0.118611,-0.0628026,0.028848;1.56836,-1.47278,1.55566
0.113677,-0.0618606,0.0300441;0.951978,-1.5218,0.945036
0.0908344,-0.0630674,0.0352437;-1.2008,-1.50034,-1.20075
0.0652131,-0.0636473,0.034744;-2.41493,-1.41601,-2.41899
0.0708936,-0.0635036,0.0288338;-1.5264,-1.4945,-1.53895
0.0714389,-0.0637068,0.0286626;-1.57255,-1.53313,-1.57667
0.0726898,-0.0641804,0.0286458;-1.57131,-1.46527,-1.57425
0.0724884,-0.063737,0.0289516;-1.54111,-1.40864,-1.5555
0.0599956,-0.0598895,0.0321644;-1.33275,-1.3213,-1.3446
0.0189301,-0.053826,0.0355961;-1.92461,-1.18074,-1.91189
0.0224316,-0.0527689,0.0318009;-1.75541,-1.24072,-1.75603
0.025626,-0.0534543,0.0288539;-1.56911,-1.28051,-1.58268
0.0267226,-0.053912,0.0286269;-1.57105,-1.27294,-1.57322
0.0272315,-0.0547472,0.0288289;-1.56893,-1.19495,-1.58131
0.0243384,-0.0521571,0.0296242;-1.51732,-1.13813,-1.53014
-0.0147053,-0.035494,0.0387234;-1.76856,-0.969865,-1.74337
-0.0189563,-0.030076,0.0349101;-1.79276,-1.0101,-1.77191
-0.0121708,-0.0329395,0.0288136;-1.56172,-1.05616,-1.57656
-0.0115628,-0.033551,0.0286344;-1.57076,-1.08603,-1.57328
-0.0110263,-0.0346924,0.0287037;-1.57079,-0.995569,-1.57663
-0.0111229,-0.0339468,0.029039;-1.55607,-0.938213,-1.57262
-0.0414934,-0.0100665,0.0388784;-1.67336,-0.766113,-1.64836
-0.0480662,-0.00118697,0.0352769;-1.75356,-0.790318,-1.71443
-0.042958,-0.00419502,0.0288743;-1.57093,-0.834109,-1.58461
-0.0419811,-0.00531465,0.0286441;-1.57085,-0.858383,-1.57398
-0.0415966,-0.00589723,0.0286321;-1.57086,-0.794728,-1.57331
-0.0417383,-0.00516658,0.0290028;-1.56217,-0.741267,-1.57951
-0.0417383,-0.00516658,0.0290028;-1.56217,-0.741267,-1.57951
-0.0506514,0.00688865,0.0322613;-1.50373,-0.649709,-1.53532
-0.0506514,0.00688865,0.0322613;-1.50373,-0.649709,-1.53532
