-0.125,0.125,0.06;-1.57,-2.98023e-08,-1.57
-0.125,0.125,0.06;-1.57,-2.98023e-08,-1.57
-0.125,0.125,0.06;-1.57,-2.98023e-08,-1.57
-0.12633,0.11778,0.0286737;-1.57088,-0.109297,-1.57554
-0.125848,0.117362,0.0289823;-1.56492,-0.0438212,-1.58438
-0.123332,0.126736,0.0330374;-1.49344,0.0251651,-1.57484
-0.123255,0.158948,0.0350085;-1.69114,0.111005,-1.56721
-0.121801,0.150193,0.0287878;-1.56845,-0.00243628,-1.58305
-0.121997,0.149761,0.0287241;-1.57624,-0.0142622,-1.57276
-0.122539,0.149302,0.0286496;-1.57357,0.0202608,-1.57127
-0.122601,0.148743,0.0289674;-1.56433,0.118279,-1.58391
-0.119295,0.156886,0.0326829;-1.50031,0.184302,-1.58687
-0.116135,0.179783,0.0386203;-1.52866,0.289166,-1.5742
-0.113156,0.18647,0.0321815;-1.64133,0.249722,-1.56006
-0.11473,0.174972,0.028818;-1.56744,0.170262,-1.58381
-0.114845,0.174414,0.0286403;-1.57248,0.139479,-1.57252
-0.115126,0.174249,0.0288549;-1.57055,0.21407,-1.58392
-0.112307,0.179873,0.0310795;-1.52763,0.268386,-1.58723
-0.106487,0.201279,0.0372685;-1.51081,0.373699,-1.58658
-0.10287,0.218244,0.0370331;-1.73528,0.386672,-1.5223
-0.101757,0.213284,0.0331204;-1.66524,0.330498,-1.54879
-0.104622,0.204758,0.0287626;-1.57279,0.271328,-1.58378
-0.10473,0.203965,0.0286902;-1.5708,0.275837,-1.57597
-0.104286,0.203842,0.0289857;-1.56362,0.325791,-1.58619
-0.0982772,0.214718,0.0332972;-1.48602,0.399153,-1.60503
-0.0914533,0.233777,0.0357622;-1.58666,0.458668,-1.56413
-0.089254,0.23603,0.0312721;-1.63007,0.41805,-1.55441
-0.0914315,0.230996,0.0287137;-1.57592,0.343017,-1.57148
-0.0925981,0.230642,0.0286706;-1.57492,0.411413,-1.56977
-0.0934132,0.229946,0.0288119;-1.57068,0.47614,-1.58193
-0.0789613,0.248604,0.0357968;-1.44383,0.624556,-1.63932
-0.0693084,0.268538,0.0396778;-1.69989,0.675484,-1.49568
-0.0646121,0.273724,0.0360334;-1.7485,0.645273,-1.47374
-0.0718559,0.262971,0.0286715;-1.5693,0.554192,-1.57687
-0.0721578,0.262669,0.0286723;-1.5746,0.56068,-1.57
-0.0728178,0.262892,0.0286359;-1.5732,0.636255,-1.57014
-0.0651099,0.26804,0.0324894;-1.4804,0.750942,-1.6355
-0.0488948,0.286679,0.0385518;-1.53155,0.852372,-1.59462
-0.0380861,0.29956,0.0368498;-1.80767,0.843486,-1.40535
-0.047814,0.28621,0.0288508;-1.57277,0.734418,-1.58415
-0.0482197,0.285748,0.028725;-1.57598,0.71445,-1.57039
-0.04884,0.285732,0.0286647;-1.57523,0.750164,-1.56861
-0.04678,0.285762,0.0297459;-1.53339,0.856906,-1.60653
-0.0319714,0.296772,0.0354906;-1.39221,0.948216,-1.71082
-0.0158027,0.312996,0.0401322;-1.75879,1.01169,-1.4167
-0.0184406,0.308395,0.0289292;-1.55143,0.924956,-1.59642
-0.0201554,0.307831,0.0286892;-1.57046,0.885062,-1.5763
-0.0205474,0.307582,0.0286743;-1.57677,0.893146,-1.5669
-0.0206131,0.307486,0.0291084;-1.54447,1.01998,-1.60523
-0.00829533,0.312264,0.0336738;-1.38552,1.09281,-1.73645
0.0122733,0.325788,0.0398341;-1.65473,1.19274,-1.49124
0.0157432,0.324669,0.0289488;-1.55392,1.1108,-1.5968
0.0143285,0.324601,0.0287193;-1.56968,1.07268,-1.57828
0.0139809,0.324509,0.0286965;-1.57979,1.07291,-1.56414
0.0131986,0.324018,0.0291438;-1.53265,1.20954,-1.62055
0.0280319,0.326864,0.0336879;-1.27281,1.27991,-1.85873
0.0522304,0.336476,0.0392334;-1.8529,1.38262,-1.2969
0.057031,0.336312,0.0290642;-1.64439,1.34112,-1.50599
0.0527913,0.335185,0.0288447;-1.56955,1.27339,-1.58482
0.0524654,0.335228,0.0287404;-1.58823,1.2521,-1.55655
0.0512969,0.33541,0.0288517;-1.56641,1.37803,-1.58716
0.0602769,0.334828,0.0318338;-1.17052,1.4305,-1.97141
0.0834245,0.33907,0.0379421;-0.832796,1.53166,-2.30389
0.0934646,0.339892,0.0339371;-2.75488,1.46416,-0.397299
0.0822592,0.336075,0.0287404;-1.55433,1.45052,-1.59655
0.0796229,0.336397,0.0287328;-1.56944,1.40355,-1.57939
0.0790652,0.336433,0.028764;-1.57009,1.42853,-1.58018
0.0792303,0.335989,0.0290409;-1.46369,1.47628,-1.6898
0.0915271,0.335419,0.0336059;-0.185769,1.4857,-2.95459
0.124913,0.339628,0.0380123;2.73549,1.38663,0.396259
0.12333,0.337264,0.0350816;2.93838,1.44752,0.193619
0.111717,0.33675,0.0287762;-1.63545,1.53305,-1.51926
0.110698,0.337276,0.028686;-1.65295,1.52201,-1.48984
0.109898,0.337654,0.0288183;1.56564,1.54907,1.56455
0.112567,0.335902,0.0301239;1.14842,1.49132,1.98443
0.156735,0.333662,0.0406969;2.06,1.29129,1.08528
0.165109,0.330258,0.0381351;2.30017,1.30624,0.843564
0.153654,0.33125,0.0299234;1.76393,1.41144,1.36934
0.14903,0.333051,0.0287262;1.61939,1.45981,1.52086
0.147955,0.33409,0.0286847;1.56751,1.37189,1.56884
0.149016,0.33274,0.0294253;1.50348,1.32129,1.6256
0.188179,0.323495,0.0403279;1.76374,1.13784,1.3887
0.198302,0.318443,0.0378763;2.0019,1.15449,1.15677
0.188504,0.321351,0.029745;1.6286,1.22531,1.50366
0.184594,0.32387,0.028715;1.58597,1.2772,1.55418
0.183627,0.324792,0.0286425;1.56729,1.18711,1.56984
0.184472,0.323301,0.0293565;1.53568,1.14201,1.58936
0.223982,0.305849,0.0395104;1.75381,0.953923,1.40884
0.232915,0.299851,0.0377942;1.86749,0.97228,1.30316
0.224818,0.304017,0.0297248;1.61925,1.02359,1.52065
0.22084,0.307386,0.0287053;1.58079,1.09212,1.55968
0.220161,0.30853,0.0287344;1.57029,0.994609,1.5637
0.220114,0.308075,0.0290578;1.55401,0.960906,1.57137
0.248306,0.286369,0.0390193;1.60332,0.792052,1.54779
0.258069,0.27727,0.0362945;1.78441,0.803305,1.40449
0.254051,0.279722,0.0329894;1.6937,0.822262,1.47286
0.243934,0.286696,0.0286266;1.57292,0.942726,1.56697
0.244075,0.287835,0.0286981;1.57921,0.86378,1.56408
0.243826,0.288413,0.0288416;1.56973,0.815037,1.55972
0.246129,0.28351,0.0308507;1.51628,0.758138,1.6028
0.275253,0.254079,0.038548;1.72714,0.610453,1.471
0.275116,0.250644,0.0352655;1.73203,0.661693,1.46152
0.267852,0.259195,0.0288131;1.56608,0.721499,1.56035
0.267579,0.260305,0.028659;1.57465,0.72809,1.56737
0.267663,0.260876,0.028724;1.57035,0.660957,1.56402
0.267281,0.259385,0.0293244;1.54476,0.613939,1.57631
0.290058,0.226869,0.0404905;1.63578,0.442154,1.54078
0.295463,0.215945,0.0369396;1.74805,0.467836,1.47524
0.289446,0.22483,0.028769;1.56726,0.522911,1.56049
0.288748,0.227123,0.0286867;1.57528,0.560339,1.56709
0.28885,0.228521,0.0286525;1.57074,0.469849,1.56746
0.288738,0.227396,0.0291987;1.55488,0.418261,1.56345
0.304462,0.188734,0.0395024;1.63542,0.233094,1.55128
0.307967,0.176373,0.036988;1.73346,0.255586,1.51556
0.304672,0.185184,0.0288221;1.57212,0.296113,1.56038
0.304502,0.187782,0.0286971;1.5755,0.347134,1.56803
0.305076,0.189043,0.028605;1.57057,0.263144,1.56964
0.304799,0.189252,0.0289963;1.56441,0.211308,1.55831
0.310159,0.153477,0.0386774;1.57769,0.0445812,1.57361
0.31242,0.138207,0.0372333;1.73622,0.0409869,1.55014
0.310056,0.14251,0.0325204;1.65069,0.0764472,1.55584
0.309719,0.150802,0.0287339;1.57517,0.15171,1.56712
0.310021,0.15131,0.0286856;1.57499,0.112016,1.56941
0.310421,0.152206,0.0288193;1.57072,0.0509902,1.55942
0.307749,0.129807,0.0354857;1.46796,-0.0930715,1.566
0.310191,0.10654,0.0398129;1.68134,-0.156413,1.58017
0.308725,0.0984931,0.036835;1.72895,-0.132462,1.58053
0.310191,0.113451,0.0287495;1.57054,-0.036256,1.56261
0.310364,0.113895,0.0286866;1.57479,-0.0350747,1.56981
0.31077,0.113803,0.028669;1.57427,-0.0989996,1.57031
0.306984,0.106796,0.0320379;1.51055,-0.213977,1.55406
0.303274,0.0833325,0.0379372;1.53889,-0.317317,1.56621
0.300564,0.0660946,0.0370769;1.72995,-0.3295,1.60846
0.301725,0.0796269,0.0287408;1.57326,-0.229025,1.55676
0.301869,0.0801118,0.0287046;1.57398,-0.199286,1.56853
0.302282,0.0804253,0.0286553;1.57349,-0.229924,1.57047
0.301163,0.0797114,0.0296608;1.54559,-0.343557,1.55419
0.293484,0.0631938,0.0351525;1.45975,-0.43584,1.52843
0.287497,0.0400312,0.04035;1.68244,-0.505117,1.61886
0.286853,0.0413529,0.0289756;1.56068,-0.431161,1.55648
0.28848,0.0424397,0.0286825;1.57162,-0.38028,1.56526
0.288856,0.0427704,0.028717;1.57668,-0.387762,1.57184
0.289389,0.0435591,0.0291191;1.55471,-0.51905,1.55014
0.281115,0.0324121,0.0337743;1.46598,-0.59803,1.51131
0.270001,0.0104998,0.039555;1.63494,-0.689423,1.60867
0.266454,0.00694198,0.0289129;1.55968,-0.636195,1.55352
0.268202,0.00809648,0.0287248;1.57024,-0.586498,1.56378
0.268539,0.00832995,0.0287129;1.57713,-0.590449,1.57318
0.268981,0.00871766,0.02906;1.55726,-0.715301,1.54885
0.259051,0.000297241,0.0333509;1.46047,-0.787402,1.49007
0.24381,-0.0188191,0.0389933;1.63144,-0.885279,1.617
0.238253,-0.0233608,0.0310454;1.64652,-0.842741,1.61906
0.24179,-0.0210942,0.0288477;1.5699,-0.791834,1.55751
0.24174,-0.0210437,0.0287237;1.57776,-0.775114,1.57377
0.243471,-0.0206561,0.0288407;1.57042,-0.886967,1.55811
0.239018,-0.0219429,0.0305081;1.50923,-0.937344,1.51493
0.221367,-0.0344544,0.0363921;1.4066,-1.03684,1.43636
0.200735,-0.050141,0.0358194;1.84584,-1.04289,1.79866
0.210419,-0.0440556,0.0289195;1.54371,-1.00767,1.54042
0.211995,-0.0438178,0.0286879;1.57045,-0.957094,1.56541
0.213672,-0.0439574,0.0286337;1.56979,-1.04308,1.56698
0.213671,-0.0435518,0.0289992;1.55508,-1.09144,1.54406
0.200876,-0.0477217,0.033152;1.37772,-1.16383,1.39156
0.166039,-0.0660281,0.0372431;2.06169,-1.22219,2.0246
0.171074,-0.0624427,0.032639;1.80095,-1.20962,1.7764
0.179123,-0.0596403,0.0288311;1.57458,-1.15883,1.56053
0.180315,-0.0599844,0.0286629;1.57868,-1.18263,1.57713
0.181273,-0.059767,0.0288217;1.56999,-1.24139,1.55852
0.177485,-0.0589042,0.030177;1.46172,-1.29762,1.45954
0.135302,-0.0725264,0.039573;2.40351,-1.39901,2.38548
0.128903,-0.0727845,0.0363513;2.34099,-1.36734,2.31618
0.139487,-0.0695031,0.0288734;1.49282,-1.37163,1.48457
0.141735,-0.0699714,0.0286816;1.58744,-1.33444,1.58602
0.142601,-0.0704459,0.028675;1.56464,-1.40614,1.5593
0.142011,-0.0697658,0.0291507;1.43997,-1.45142,1.42865
0.104181,-0.0735478,0.0395697;-2.23147,-1.49496,-2.23299
0.0900427,-0.0724837,0.0367785;-2.88957,-1.41416,-2.90234
0.0976338,-0.0705847,0.028711;0.0588137,-1.56425,0.0463833
0.0997169,-0.0713287,0.0287183;1.72037,-1.53419,1.7191
0.100876,-0.0719241,0.0286295;-1.55379,-1.53061,-1.55678
0.100457,-0.0714427,0.0291163;-1.42815,-1.48526,-1.44262
0.100457,-0.0714427,0.0291163;-1.42815,-1.48526,-1.44262
0.0864763,-0.0685742,0.0335082;-1.1127,-1.39155,-1.12159
0.0864763,-0.0685742,0.0335082;-1.1127,-1.39155,-1.12159
