-0.125,0.125,0.06;-1.57,-2.98023e-08,-1.57
-0.125,0.125,0.06;-1.57,-2.98023e-08,-1.57
-0.125,0.125,0.06;-1.57,-2.98023e-08,-1.57
-0.126366,0.119998,0.028673;-1.57077,-0.121559,-1.57541
-0.126023,0.119861,0.0289227;-1.56756,-0.0638255,-1.58419
-0.124769,0.132569,0.0323068;-1.51168,0.0206341,-1.57455
-0.12667,0.163314,0.0346168;-1.68365,0.120936,-1.56743
-0.123741,0.158813,0.0288166;-1.56989,0.0185064,-1.58279
-0.12397,0.158517,0.0286447;-1.57089,0.000894815,-1.57395
-0.1242,0.158143,0.0286085;-1.57083,0.03031,-1.57203
-0.124756,0.157416,0.0288979;-1.56722,0.14025,-1.5833
-0.121976,0.165982,0.0314088;-1.522,0.216158,-1.58556
-0.118151,0.188868,0.0374488;-1.60707,0.311942,-1.56147
-0.114283,0.19724,0.031765;-1.63492,0.290149,-1.55958
-0.114682,0.190824,0.0287238;-1.57244,0.223099,-1.58323
-0.114634,0.190286,0.0286372;-1.5708,0.191397,-1.5735
-0.11506,0.190394,0.0288585;-1.57053,0.261372,-1.58416
-0.113052,0.196436,0.0302095;-1.54101,0.327991,-1.58592
-0.107434,0.218714,0.0347837;-1.63338,0.422841,-1.55341
-0.10449,0.231407,0.0361525;-1.71869,0.440784,-1.52206
-0.102502,0.228789,0.0322677;-1.64816,0.392422,-1.55194
-0.104033,0.223506,0.0288121;-1.56925,0.337,-1.58542
-0.104101,0.222735,0.0286945;-1.57074,0.348953,-1.57621
-0.104117,0.222351,0.0288731;-1.56873,0.40719,-1.58514
-0.0979535,0.233834,0.0315906;-1.51586,0.488566,-1.59906
-0.0893497,0.254228,0.0336229;-1.67332,0.544215,-1.52661
-0.086665,0.254401,0.0306737;-1.61969,0.504108,-1.55542
-0.0880918,0.251422,0.0286515;-1.57084,0.427101,-1.57424
-0.0889679,0.251008,0.0286197;-1.57105,0.479889,-1.57234
-0.0895597,0.250518,0.028836;-1.5707,0.543285,-1.58305
-0.0754016,0.270832,0.0343421;-1.52672,0.695676,-1.59886
-0.0631571,0.290491,0.0369169;-1.76957,0.740483,-1.44952
-0.0594815,0.292305,0.0350355;-1.72922,0.717827,-1.47737
-0.0646643,0.284617,0.0287006;-1.57038,0.637531,-1.5769
-0.0650577,0.284404,0.028644;-1.57097,0.645308,-1.5736
-0.066611,0.284081,0.0286234;-1.57141,0.728133,-1.57212
-0.0581061,0.28952,0.0314723;-1.49602,0.861238,-1.63225
-0.0404127,0.307081,0.0371391;-1.6567,0.95544,-1.50427
-0.028899,0.316861,0.0361836;-1.81662,0.954405,-1.37976
-0.0338754,0.309073,0.0288699;-1.57003,0.879627,-1.58537
-0.0343832,0.308583,0.0286729;-1.57251,0.857028,-1.57279
-0.034968,0.308366,0.0286235;-1.57199,0.89184,-1.5717
-0.0334181,0.308833,0.0294411;-1.5297,1.02051,-1.61373
-0.0162535,0.319549,0.033757;-1.4735,1.1139,-1.65786
0.00340157,0.333113,0.0376556;-1.92423,1.1564,-1.25965
0.0022075,0.329006,0.0289263;-1.56319,1.09828,-1.59185
0.00130544,0.328813,0.0286872;-1.57048,1.06232,-1.57617
0.000867999,0.328681,0.0286237;-1.57103,1.06879,-1.57267
-0.000315481,0.328714,0.0289841;-1.55167,1.21437,-1.60189
0.0125989,0.332235,0.0323038;-1.36045,1.28744,-1.77722
0.0353114,0.340492,0.0382834;-1.97619,1.36428,-1.18048
0.041133,0.339326,0.0288195;-1.56656,1.32332,-1.58619
0.0402763,0.339385,0.0287089;-1.56995,1.28348,-1.57764
0.0399123,0.339321,0.0286379;-1.57356,1.28176,-1.57053
0.0384534,0.339675,0.0289007;-1.54922,1.4249,-1.60662
0.0508551,0.340168,0.0320109;-0.865226,1.48616,-2.28057
0.0740421,0.344124,0.0382349;2.87497,1.48934,0.258634
0.0818278,0.343054,0.0292493;-2.69494,1.55188,-0.454082
0.0808667,0.342978,0.0288458;-1.56397,1.51441,-1.59038
0.0804969,0.342916,0.0286517;-1.57194,1.49735,-1.5731
0.0797503,0.343608,0.0288848;1.5388,1.53998,1.5889
0.087316,0.342469,0.030909;1.21293,1.46013,1.92104
0.110712,0.341236,0.0365682;1.75709,1.3666,1.38467
0.122693,0.339726,0.0335655;1.99178,1.342,1.15059
0.117197,0.338282,0.0286833;1.53641,1.41907,1.59521
0.115672,0.338711,0.0287108;1.56476,1.45727,1.57005
0.115033,0.338864,0.0287707;1.57,1.43554,1.56254
0.114998,0.338456,0.0289283;1.54746,1.3751,1.58066
0.129721,0.334381,0.0319482;1.39784,1.28209,1.73479
0.161288,0.330142,0.0370364;1.95391,1.1636,1.19988
0.160148,0.327619,0.033945;1.85309,1.22005,1.29179
0.153767,0.328298,0.0288068;1.57706,1.28801,1.55069
0.152523,0.328971,0.0286352;1.57476,1.29479,1.56489
0.151611,0.330018,0.0288262;1.56839,1.20349,1.56109
0.154871,0.327466,0.0296898;1.5102,1.14498,1.61923
0.196574,0.310689,0.0380534;1.84688,0.955918,1.32389
0.200162,0.30615,0.0369231;1.8437,0.999146,1.32201
0.193012,0.308495,0.0295294;1.61297,1.05299,1.52133
0.191103,0.310416,0.0286451;1.57094,1.09258,1.56762
0.190541,0.311725,0.0287273;1.57099,0.995444,1.56374
0.19127,0.310245,0.0291705;1.54379,0.931274,1.5803
0.227139,0.284353,0.0376599;1.76473,0.747393,1.4181
0.231553,0.277795,0.0367873;1.7779,0.783842,1.40289
0.225748,0.281702,0.0293228;1.58675,0.81899,1.5446
0.224661,0.28328,0.0286622;1.57342,0.869425,1.5657
0.224136,0.284896,0.028703;1.57071,0.764475,1.56501
0.224498,0.284081,0.0290406;1.56117,0.721875,1.56325
0.251226,0.254914,0.0381735;1.71756,0.547754,1.4771
0.256046,0.245626,0.0368279;1.74586,0.569869,1.45467
0.252589,0.250575,0.0295008;1.59329,0.581027,1.54898
0.251867,0.252259,0.0286464;1.57098,0.654278,1.56752
0.251781,0.253684,0.0287145;1.57002,0.559372,1.56451
0.25184,0.253421,0.0288888;1.56893,0.535549,1.55858
0.26836,0.224831,0.0382497;1.6274,0.371558,1.54701
0.274482,0.211774,0.0349912;1.70332,0.370427,1.51127
0.273427,0.214244,0.0324308;1.65154,0.371764,1.53286
0.270291,0.218667,0.0286162;1.57064,0.465348,1.56914
0.270365,0.220089,0.0286251;1.57081,0.399476,1.56865
0.27011,0.220782,0.0288397;1.56969,0.34281,1.55948
0.270334,0.215552,0.0302773;1.53576,0.281198,1.57444
0.284804,0.173172,0.0362579;1.71561,0.133212,1.53939
0.283245,0.171402,0.0341003;1.67021,0.168498,1.54088
0.281445,0.176664,0.0288606;1.56959,0.209718,1.55637
0.28141,0.17788,0.0286309;1.57137,0.220354,1.56849
0.281737,0.179273,0.0287507;1.57074,0.129232,1.56278
0.281044,0.177879,0.0291435;1.55376,0.0757248,1.56151
0.284573,0.136456,0.0385341;1.68173,-0.0812813,1.56827
0.283016,0.125944,0.0357537;1.69833,-0.0609856,1.56209
0.282284,0.132468,0.0289316;1.5724,-0.0266319,1.55588
0.282548,0.133884,0.0286312;1.57087,0.0186404,1.56836
0.283287,0.135148,0.0286514;1.57071,-0.0662523,1.56742
0.282852,0.134747,0.029001;1.56379,-0.120526,1.55614
0.277376,0.0950851,0.0376925;1.68334,-0.287376,1.58947
0.273957,0.0843305,0.0358684;1.70811,-0.27063,1.59473
0.274982,0.0902838,0.0287479;1.56703,-0.258206,1.55847
0.275777,0.0913245,0.0286373;1.57108,-0.212673,1.56826
0.276685,0.0923701,0.0286123;1.57059,-0.284904,1.56898
0.276475,0.0926859,0.028912;1.56815,-0.346031,1.55554
0.261994,0.0583075,0.037381;1.64556,-0.518868,1.60257
0.256474,0.0436924,0.036146;1.7335,-0.534869,1.64189
0.256614,0.0463513,0.0318722;1.64207,-0.521245,1.59588
0.258603,0.0497975,0.0286528;1.57081,-0.45472,1.5673
0.258925,0.0499749,0.0286305;1.571,-0.486476,1.56843
0.259707,0.0503428,0.0288064;1.57068,-0.558048,1.56003
0.244972,0.0308609,0.0339644;1.51156,-0.717646,1.53207
0.232269,0.00948473,0.0373005;1.7843,-0.782634,1.70633
0.2282,0.00495297,0.0357086;1.7574,-0.77618,1.68887
0.2318,0.0108047,0.0287808;1.56765,-0.684738,1.5613
0.232081,0.0109824,0.0286354;1.57099,-0.673188,1.56827
0.233199,0.0114953,0.0286229;1.57066,-0.733034,1.56868
0.225695,0.00690356,0.0311713;1.50399,-0.866889,1.51511
0.207745,-0.0102143,0.0367302;1.63729,-0.963897,1.62218
0.194713,-0.0228648,0.0361065;1.82457,-0.982877,1.77117
0.197305,-0.0177009,0.0288736;1.56963,-0.916711,1.55518
0.197765,-0.0177225,0.0286483;1.5708,-0.889227,1.56745
0.198089,-0.0176355,0.0286255;1.57084,-0.91055,1.56867
0.197438,-0.0174533,0.0291583;1.53721,-1.04633,1.53207
0.180789,-0.0265053,0.033724;1.44666,-1.13666,1.45724
0.160041,-0.0398897,0.0387262;1.90187,-1.19475,1.8681
0.158126,-0.039006,0.0289238;1.56027,-1.15539,1.54829
0.159225,-0.0389804,0.0286901;1.57118,-1.10943,1.56564
0.159591,-0.0389331,0.0286328;1.57207,-1.11359,1.56965
0.160719,-0.0388734,0.0290024;1.5464,-1.25864,1.53405
0.145903,-0.0424499,0.032424;1.32474,-1.3318,1.32685
0.122154,-0.0509691,0.0382007;2.14908,-1.39356,2.13171
0.115757,-0.0509054,0.0289052;1.55161,-1.38954,1.53815
0.116185,-0.051094,0.0287355;1.56425,-1.3419,1.55832
0.116493,-0.0510434,0.028632;1.57262,-1.33623,1.57013
0.117588,-0.050973,0.0289488;1.53411,-1.45864,1.51947
0.103188,-0.0510067,0.0322428;0.389619,-1.50797,0.386259
0.0779285,-0.0543584,0.0376409;-2.54633,-1.45235,-2.55304
0.0678994,-0.0547896,0.0305544;-2.09967,-1.49602,-2.10816
0.0700278,-0.054676,0.0288323;-1.52977,-1.5595,-1.54198
0.0706706,-0.0548231,0.0286425;1.5741,-1.56387,1.57107
0.0717478,-0.0553001,0.0288502;-1.56493,-1.47728,-1.57737
0.065936,-0.053014,0.0299543;-1.38791,-1.40581,-1.39653
0.0412922,-0.049376,0.0350393;-1.55576,-1.30945,-1.55721
0.0169767,-0.0468509,0.0347507;-1.92186,-1.24272,-1.91761
0.0228551,-0.046533,0.028795;-1.56989,-1.31235,-1.58018
0.0235102,-0.0468676,0.0287153;-1.56013,-1.35087,-1.56512
0.0251843,-0.0475574,0.028651;-1.57068,-1.29696,-1.57397
0.0257279,-0.0473499,0.0289481;-1.55782,-1.23631,-1.57251
0.014378,-0.0413757,0.0320876;-1.42941,-1.15134,-1.44569
-0.0252304,-0.02785,0.0356732;-1.82496,-1.01809,-1.79922
-0.0229856,-0.0280889,0.0317841;-1.68921,-1.05171,-1.68655
-0.0200091,-0.0292743,0.0288755;-1.56984,-1.10294,-1.58412
-0.0193953,-0.0298983,0.0286279;-1.571,-1.11165,-1.57324
-0.0187814,-0.0306069,0.0288286;-1.57016,-1.03701,-1.58224
-0.0207517,-0.0279808,0.0295137;-1.53353,-0.981919,-1.54668
-0.0581375,-0.00460551,0.0373495;-1.78264,-0.817534,-1.74233
-0.0611058,-0.000190225,0.0351029;-1.74481,-0.847372,-1.71753
-0.056245,-0.00349248,0.0288557;-1.56644,-0.884252,-1.58166
-0.0558041,-0.0042913,0.0286492;-1.57102,-0.924623,-1.57428
-0.0554423,-0.00547521,0.0286856;-1.5708,-0.844112,-1.57569
-0.0552773,-0.00489125,0.0289843;-1.56059,-0.785044,-1.57609
-0.0833532,0.0236044,0.0375535;-1.7082,-0.615148,-1.6646
-0.088945,0.0324482,0.0358379;-1.72707,-0.632093,-1.68078
-0.0848596,0.0283125,0.0288846;-1.56857,-0.656893,-1.58317
-0.0845538,0.0276837,0.0286332;-1.57115,-0.694107,-1.57354
-0.0839596,0.0266134,0.0286631;-1.57057,-0.633238,-1.57469
-0.0839182,0.027108,0.0289939;-1.5598,-0.577525,-1.57904
-0.0839182,0.027108,0.0289939;-1.5598,-0.577525,-1.57904
-0.0924964,0.0413136,0.0322054;-1.51171,-0.490375,-1.54757
-0.0924964,0.0413136,0.0322054;-1.51171,-0.490375,-1.54757
