-0.125,0.125,0.06;-1.57,-2.98023e-08,-1.57
-0.125,0.125,0.06;-1.57,-2.98023e-08,-1.57
-0.125,0.125,0.06;-1.57,-2.98023e-08,-1.57
-0.126433,0.120868,0.0286707;-1.5706,-0.140153,-1.57522
-0.126308,0.120751,0.0289454;-1.56737,-0.0832996,-1.5854
-0.124455,0.13177,0.0327793;-1.5036,-0.00675066,-1.57506
-0.124118,0.15611,0.0358972;-1.69943,0.0501779,-1.56648
-0.12219,0.144037,0.0287893;-1.57144,-0.0618108,-1.5824
-0.122173,0.143604,0.0287433;-1.57734,-0.0711732,-1.57259
-0.122592,0.14311,0.028683;-1.5754,-0.0523662,-1.5715
-0.122974,0.142724,0.0289487;-1.56628,0.0459605,-1.5846
-0.118952,0.150513,0.0326945;-1.50565,0.115373,-1.58599
-0.114137,0.173005,0.0391815;-1.50814,0.227089,-1.57787
-0.111136,0.1772,0.0316916;-1.6245,0.165277,-1.56354
-0.112975,0.166965,0.0287621;-1.57369,0.0897065,-1.58352
-0.112898,0.166609,0.0286607;-1.57297,0.0608559,-1.57241
-0.113144,0.166554,0.0288697;-1.57047,0.133454,-1.58465
-0.109563,0.172545,0.031097;-1.53141,0.194179,-1.58623
-0.102829,0.195318,0.037698;-1.51977,0.302736,-1.58149
-0.0994234,0.210687,0.0375912;-1.73838,0.305603,-1.52389
-0.0979849,0.202286,0.0338344;-1.67751,0.233433,-1.5519
-0.100043,0.191126,0.0288175;-1.5726,0.16533,-1.58485
-0.100163,0.190368,0.0286764;-1.57113,0.165654,-1.57518
-0.0998877,0.189881,0.02898;-1.5649,0.2296,-1.58661
-0.0937674,0.200253,0.03322;-1.49351,0.304673,-1.59944
-0.0870418,0.218954,0.0359367;-1.58843,0.359111,-1.56207
-0.0851643,0.218489,0.0317784;-1.64013,0.302384,-1.55526
-0.0872737,0.212322,0.0287432;-1.57716,0.241462,-1.5709
-0.087826,0.212152,0.0287279;-1.57769,0.275464,-1.56947
-0.0884318,0.211949,0.0288142;-1.57071,0.327949,-1.58194
-0.0747309,0.230468,0.0362222;-1.45168,0.480019,-1.62625
-0.0658651,0.250119,0.0405608;-1.65022,0.544718,-1.52537
-0.0620848,0.253011,0.0364903;-1.74311,0.489847,-1.49433
-0.0693479,0.235375,0.0286873;-1.57071,0.368087,-1.57597
-0.0696846,0.235096,0.0287287;-1.57802,0.374573,-1.56907
-0.0704476,0.235171,0.0286384;-1.57349,0.442353,-1.57005
-0.0628497,0.241214,0.0325162;-1.49754,0.552707,-1.61661
-0.0486771,0.261259,0.0389211;-1.53765,0.660424,-1.58494
-0.0399514,0.274167,0.0371071;-1.7758,0.656145,-1.45075
-0.0476702,0.255484,0.0288629;-1.57112,0.514897,-1.58475
-0.047927,0.255449,0.0287961;-1.58087,0.498513,-1.56756
-0.048225,0.255226,0.0287147;-1.57777,0.519719,-1.56781
-0.0469089,0.255685,0.0296995;-1.54629,0.627878,-1.59564
-0.0331884,0.268182,0.0358305;-1.42859,0.721678,-1.66622
-0.0191239,0.286181,0.0411844;-1.66069,0.801099,-1.50183
-0.0227967,0.275553,0.0288026;-1.55424,0.664845,-1.59236
-0.0244993,0.274362,0.0286703;-1.57042,0.632655,-1.57568
-0.0248317,0.274227,0.0287459;-1.5803,0.642003,-1.56558
-0.0250371,0.273957,0.0291111;-1.55387,0.765204,-1.59616
-0.0134286,0.280937,0.0338282;-1.4482,0.838956,-1.66787
0.005005,0.297427,0.0400733;-1.62384,0.944665,-1.52393
0.00421944,0.292384,0.0287751;-1.55968,0.822982,-1.59053
0.00196106,0.291395,0.0287007;-1.57035,0.784567,-1.57696
0.00158272,0.291499,0.0287647;-1.5823,0.787599,-1.56364
0.000883681,0.291413,0.0290455;-1.55691,0.919145,-1.59617
0.0133104,0.297149,0.0336103;-1.42958,0.992106,-1.69511
0.0339766,0.311033,0.0395223;-1.69105,1.09719,-1.46298
0.0316525,0.305068,0.0297176;-1.61876,0.978237,-1.5366
0.0252938,0.301884,0.0288476;-1.56984,0.925091,-1.58487
0.0251333,0.301742,0.0287742;-1.58412,0.915648,-1.56149
0.0243471,0.301693,0.0288823;-1.56945,1.01968,-1.58617
0.0331309,0.303999,0.0317646;-1.46844,1.08125,-1.66868
0.054955,0.314356,0.03809;-1.55516,1.19082,-1.58143
0.0603958,0.315889,0.0346357;-1.82309,1.14182,-1.34075
0.0514974,0.309353,0.0289242;-1.54924,1.08634,-1.59726
0.0494245,0.308875,0.0286946;-1.56793,1.04207,-1.58004
0.0492687,0.308749,0.0287494;-1.57081,1.05055,-1.57895
0.0496612,0.308225,0.0290791;-1.54945,1.11071,-1.60472
0.0635315,0.311235,0.0340737;-1.34023,1.18408,-1.78964
0.0947068,0.324647,0.0383427;-2.14949,1.24009,-1.02572
0.0913178,0.319744,0.0355718;-1.95484,1.20346,-1.2172
0.0795535,0.314214,0.0288231;-1.5716,1.15342,-1.58337
0.0786219,0.314236,0.0287065;-1.58362,1.15094,-1.55998
0.0778033,0.314556,0.0288267;-1.56882,1.21967,-1.58479
0.0811555,0.314001,0.0301013;-1.4843,1.26361,-1.66284
0.123276,0.323958,0.0414498;-2.32225,1.40757,-0.827333
0.131111,0.323252,0.0385388;-2.44292,1.31783,-0.724414
0.117879,0.318394,0.0301776;-1.71539,1.33061,-1.43851
0.111734,0.318083,0.0287697;-1.59951,1.2927,-1.54447
0.110571,0.318735,0.0287069;-1.56215,1.3809,-1.58677
0.111957,0.317895,0.0293145;-1.47955,1.41778,-1.67366
0.15333,0.320824,0.040355;2.83272,1.46618,0.306874
0.163545,0.319479,0.0385085;-3.08643,1.38065,-0.0671298
0.151905,0.317676,0.0299259;-2.03365,1.49543,-1.11848
0.147089,0.318295,0.0287626;-1.64099,1.46281,-1.50228
0.145922,0.318783,0.0286651;-1.55047,1.5534,-1.59546
0.146888,0.317949,0.0291749;1.1187,1.54419,2.00846
0.187742,0.314192,0.039386;2.09698,1.33638,1.04868
0.196931,0.311724,0.038246;2.44203,1.32897,0.70277
0.185544,0.311121,0.0306028;2.03887,1.4714,1.09863
0.177522,0.312771,0.0287533;1.7546,1.53291,1.38569
0.17631,0.313773,0.0287397;1.56731,1.44661,1.56622
0.176604,0.313386,0.0289654;1.53953,1.41721,1.58806
0.211491,0.303014,0.0391635;1.66909,1.23871,1.48018
0.220171,0.299472,0.03745;2.12226,1.23764,1.03662
0.210851,0.300527,0.0332462;1.88683,1.30407,1.26378
0.200212,0.302683,0.0286391;1.57912,1.41508,1.56101
0.200157,0.30352,0.0287361;1.60463,1.35218,1.5378
0.19959,0.303996,0.0288639;1.56848,1.30859,1.56005
0.204065,0.299864,0.0308291;1.45915,1.24566,1.66741
0.242574,0.282853,0.0391721;1.81111,1.08171,1.3584
0.241848,0.280065,0.0360319;1.91639,1.13437,1.24864
0.226499,0.284503,0.0288372;1.53794,1.24034,1.58907
0.225558,0.285534,0.0286965;1.5885,1.25443,1.55221
0.22517,0.286578,0.0287093;1.56809,1.17496,1.56661
0.225453,0.285287,0.0293398;1.53333,1.13294,1.59305
0.258861,0.264327,0.0409731;1.64664,0.950559,1.5132
0.265836,0.258001,0.0374467;1.88224,0.977764,1.30126
0.252329,0.263706,0.028949;1.58496,1.07959,1.54754
0.250478,0.265856,0.0287837;1.59105,1.10615,1.55189
0.249979,0.266969,0.0286291;1.57096,1.02322,1.56838
0.250091,0.266519,0.029072;1.55335,0.979087,1.57066
0.279821,0.241075,0.0399472;1.65047,0.79966,1.51465
0.28641,0.233938,0.0378123;1.83514,0.829361,1.36546
0.273549,0.241639,0.0291638;1.59516,0.927756,1.54302
0.271336,0.24438,0.0287528;1.58413,0.96335,1.55886
0.271129,0.245515,0.028581;1.57023,0.885673,1.57095
0.271065,0.245316,0.0290042;1.56242,0.841916,1.56176
0.292784,0.218688,0.0391121;1.56229,0.664352,1.5816
0.303037,0.20747,0.037399;1.78009,0.655485,1.43477
0.295342,0.211972,0.0335872;1.70449,0.739898,1.47516
0.286548,0.221273,0.0287416;1.57862,0.815414,1.5627
0.286388,0.221545,0.0286957;1.57808,0.797567,1.56508
0.286326,0.222477,0.0288051;1.57068,0.742472,1.56023
0.295932,0.201586,0.0356916;1.45005,0.591653,1.63701
0.310021,0.183831,0.0407492;1.65861,0.520792,1.53033
0.312031,0.177875,0.0372084;1.76259,0.557242,1.46311
0.298761,0.193751,0.0287383;1.57008,0.69814,1.56364
0.298721,0.194086,0.0287836;1.58228,0.694567,1.56241
0.298763,0.194801,0.0286933;1.5773,0.635752,1.5666
0.300555,0.18548,0.0319999;1.50945,0.517286,1.59311
0.311791,0.162924,0.0384352;1.53607,0.410451,1.59089
0.320492,0.14756,0.0370694;1.74783,0.384719,1.4971
0.308194,0.163592,0.0288117;1.56868,0.537443,1.55697
0.308039,0.164084,0.028702;1.57443,0.554333,1.56615
0.308091,0.164252,0.0286987;1.57664,0.541648,1.5671
0.307761,0.162804,0.0296341;1.55002,0.432152,1.56962
0.311623,0.145148,0.0353661;1.46201,0.334748,1.60438
0.321049,0.122735,0.040995;1.63947,0.250249,1.55733
0.314107,0.129604,0.0287293;1.56578,0.386141,1.56134
0.313674,0.132565,0.0286757;1.57068,0.427495,1.56566
0.313666,0.132953,0.0287556;1.57917,0.418042,1.56656
0.313742,0.133457,0.0291019;1.55886,0.292288,1.56014
0.314469,0.118896,0.0337863;1.48791,0.212049,1.58297
0.320149,0.0945405,0.0399619;1.625,0.112238,1.56637
0.315695,0.098613,0.0288603;1.57259,0.236891,1.55903
0.315786,0.101148,0.0287075;1.57025,0.269089,1.56467
0.315856,0.101437,0.0287511;1.57828,0.265897,1.56781
0.316104,0.10246,0.0290298;1.56403,0.148375,1.5564
0.314967,0.0892367,0.0331606;1.5016,0.076563,1.56939
0.317205,0.0648538,0.0393425;1.61573,-0.0260003,1.57431
0.314002,0.0653667,0.0319331;1.63908,0.0774235,1.56031
0.313711,0.0750037,0.0287945;1.5708,0.131823,1.55843
0.313661,0.0753449,0.0287559;1.57772,0.138768,1.56821
0.31417,0.075912,0.028841;1.57063,0.0595339,1.55841
0.312023,0.072419,0.0304195;1.53898,0.00634794,1.56113
0.30867,0.0515135,0.0369664;1.47274,-0.101247,1.56346
0.305713,0.0281026,0.0365395;1.72224,-0.0956046,1.58029
0.304924,0.0449394,0.0286948;1.55174,-0.0126735,1.56077
0.305493,0.0472294,0.0286804;1.57043,0.0225798,1.56555
0.306454,0.0480712,0.0286299;1.57068,-0.0521009,1.56841
0.306164,0.0484514,0.0289834;1.56497,-0.097146,1.55617
0.301558,0.0385568,0.0331754;1.49794,-0.168626,1.55182
0.293091,-0.000163852,0.0373261;1.74242,-0.270289,1.60913
0.291806,0.00936763,0.0333732;1.66839,-0.191369,1.58353
0.293811,0.0206091,0.0288428;1.56971,-0.126926,1.55687
0.293929,0.0211019,0.0286949;1.57777,-0.141632,1.57085
0.294475,0.0215846,0.0288262;1.57059,-0.202455,1.5591
0.291898,0.0189461,0.0300903;1.54254,-0.25167,1.55392
0.277666,-0.0206611,0.0409105;1.65861,-0.420359,1.60955
0.27356,-0.0239082,0.036897;1.74206,-0.361343,1.62433
0.27709,-0.00870558,0.0290394;1.56001,-0.284982,1.55601
0.278698,-0.00691696,0.0287381;1.57775,-0.257044,1.57164
0.279734,-0.006342,0.0287037;1.5708,-0.333318,1.56507
0.278983,-0.00662889,0.029158;1.55536,-0.375481,1.551
0.260161,-0.0404945,0.0404144;1.61769,-0.557976,1.59908
0.253832,-0.0483817,0.0375221;1.77385,-0.502338,1.66154
0.258975,-0.0343474,0.0289427;1.5765,-0.432103,1.56128
0.261532,-0.0316283,0.0287775;1.58016,-0.397912,1.57349
0.262751,-0.0310641,0.0286355;1.56903,-0.488036,1.56626
0.262123,-0.0313289,0.0290641;1.56076,-0.529917,1.55081
0.262123,-0.0313289,0.0290641;1.56076,-0.529917,1.55081
0.251967,-0.0419481,0.0335669;1.47876,-0.609586,1.51202
0.251967,-0.0419481,0.0335669;1.47876,-0.609586,1.51202
