-0.125,0.125,0.06;-1.57,-2.98023e-08,-1.57
-0.125,0.125,0.06;-1.57,-2.98023e-08,-1.57
-0.125,0.125,0.06;-1.57,-2.98023e-08,-1.57
-0.125723,0.12109,0.0286597;-1.57077,-0.145093,-1.57484
-0.125446,0.121091,0.0289121;-1.56836,-0.0926778,-1.58467
-0.123543,0.132485,0.0327217;-1.50406,-0.0227102,-1.57355
-0.124497,0.16365,0.0351648;-1.69261,0.0770043,-1.57061
-0.122016,0.154875,0.0287732;-1.56923,-0.035228,-1.58277
-0.122297,0.154421,0.0287389;-1.57687,-0.0343297,-1.57258
-0.12311,0.153993,0.0286847;-1.57596,0.00552276,-1.57068
-0.123474,0.153592,0.0288473;-1.56918,0.0910289,-1.5825
-0.120202,0.162276,0.0320321;-1.51385,0.161436,-1.58407
-0.116715,0.18608,0.0381879;-1.57116,0.26319,-1.56626
-0.113535,0.191988,0.0321527;-1.64078,0.220223,-1.56173
-0.114182,0.183037,0.0287179;-1.5745,0.146143,-1.58122
-0.114222,0.182502,0.0286514;-1.57191,0.129072,-1.57301
-0.114791,0.18231,0.0288227;-1.57049,0.206568,-1.5825
-0.111645,0.188948,0.0303921;-1.54262,0.267709,-1.58316
-0.105172,0.21194,0.0363782;-1.58641,0.369401,-1.56551
-0.102892,0.22623,0.0364806;-1.72909,0.388505,-1.52195
-0.101109,0.222066,0.0331262;-1.66569,0.332584,-1.54692
-0.103527,0.214041,0.0287837;-1.57217,0.27517,-1.58341
-0.104073,0.212662,0.0286631;-1.57082,0.305061,-1.57467
-0.103854,0.212717,0.0288528;-1.56927,0.356944,-1.58464
-0.097563,0.223222,0.0323216;-1.50673,0.427811,-1.60029
-0.0894402,0.243544,0.0349136;-1.62641,0.492749,-1.54653
-0.0869285,0.245174,0.031131;-1.63512,0.460303,-1.54874
-0.089102,0.24097,0.0287318;-1.5767,0.392616,-1.57038
-0.0902347,0.240733,0.028712;-1.57725,0.45615,-1.56854
-0.0907709,0.240469,0.0288226;-1.5708,0.505801,-1.58234
-0.0743445,0.260505,0.0352319;-1.4871,0.65575,-1.6196
-0.0634761,0.280813,0.0383029;-1.74337,0.709417,-1.46475
-0.0599544,0.283808,0.0356872;-1.7447,0.687699,-1.46946
-0.0667286,0.273807,0.028684;-1.56978,0.598732,-1.57665
-0.067562,0.273516,0.028705;-1.57651,0.619001,-1.56885
-0.0683783,0.273506,0.0286476;-1.57413,0.693641,-1.56946
-0.0602395,0.278606,0.0320069;-1.49272,0.798495,-1.63149
-0.0425624,0.296484,0.0377684;-1.60455,0.900226,-1.54273
-0.0319264,0.307301,0.0364134;-1.81191,0.902595,-1.39026
-0.0400288,0.295744,0.0288666;-1.57048,0.802394,-1.58512
-0.0405213,0.295343,0.0287327;-1.57871,0.795871,-1.56765
-0.0412126,0.295515,0.0286725;-1.57655,0.836035,-1.56705
-0.0393132,0.296184,0.0294932;-1.54465,0.924948,-1.60025
-0.0226106,0.306672,0.0347406;-1.42845,1.02057,-1.69015
-0.00501698,0.32194,0.0390881;-1.82234,1.08355,-1.35354
-0.00721942,0.318788,0.028848;-1.55528,1.01886,-1.59346
-0.00886423,0.318209,0.0286731;-1.56968,0.9885,-1.5765
-0.00962669,0.318306,0.02872;-1.58287,1.01166,-1.56167
-0.010284,0.318981,0.0289729;-1.55748,1.13611,-1.59669
0.00326826,0.323379,0.0329808;-1.37553,1.21244,-1.75756
0.0257254,0.333646,0.0389301;-1.82576,1.30772,-1.32628
0.030893,0.333329,0.0288256;-1.55943,1.26672,-1.59236
0.0290366,0.332972,0.0287081;-1.56905,1.23262,-1.57895
0.02849,0.333158,0.0287224;-1.58978,1.24379,-1.55362
0.0274682,0.333871,0.0289388;-1.55034,1.36804,-1.60478
0.041584,0.334804,0.0327411;-1.08756,1.43374,-2.05434
0.0655633,0.339252,0.0384659;-2.78163,1.49322,-0.365663
0.0708899,0.338073,0.0294159;-1.88801,1.50063,-1.25991
0.068496,0.337948,0.0288278;-1.56765,1.45173,-1.58632
0.0677632,0.33799,0.0287336;-1.61737,1.4519,-1.52642
0.0667896,0.339226,0.0288743;-1.41596,1.56406,-1.73926
0.075926,0.337338,0.0315301;0.867883,1.50055,2.26687
0.100219,0.335756,0.0375641;1.65806,1.41379,1.48635
0.111408,0.334505,0.0337677;2.11125,1.37867,1.03028
0.103895,0.3328,0.0289547;1.6794,1.47018,1.45571
0.101813,0.333398,0.0287109;1.56107,1.50536,1.57394
0.101177,0.333695,0.0287498;1.57113,1.47816,1.56243
0.101271,0.333181,0.0289693;1.52337,1.42396,1.60547
0.11565,0.328183,0.0332858;1.26143,1.33,1.86938
0.151715,0.323951,0.0372063;2.00868,1.19688,1.14606
0.150651,0.320442,0.0346139;1.95909,1.25976,1.19039
0.140214,0.322205,0.0287372;1.56502,1.34053,1.56416
0.138806,0.323809,0.0287056;1.59154,1.31317,1.54995
0.138536,0.324573,0.0288118;1.56968,1.24754,1.56065
0.142397,0.321374,0.0298474;1.50117,1.20084,1.62776
0.18498,0.305444,0.0395526;1.82494,1.00518,1.3439
0.190948,0.300686,0.037258;1.90123,1.04061,1.27142
0.182386,0.304242,0.0299084;1.63963,1.09804,1.50102
0.178729,0.307235,0.0287481;1.58813,1.12267,1.55434
0.178249,0.308965,0.0286929;1.56972,1.02521,1.56592
0.179193,0.307487,0.0291298;1.55127,0.988677,1.57501
0.214411,0.282907,0.03911;1.74107,0.79893,1.43845
0.221588,0.275301,0.0370082;1.80487,0.820258,1.38321
0.216042,0.279952,0.0298076;1.61134,0.854636,1.52994
0.213646,0.283472,0.0287443;1.58166,0.88152,1.56138
0.213461,0.285104,0.0286561;1.56972,0.789864,1.5673
0.214031,0.28351,0.029007;1.56157,0.7582,1.56399
0.242097,0.25207,0.0388505;1.71933,0.5757,1.47761
0.247417,0.243427,0.0371925;1.76243,0.596615,1.44753
0.243928,0.249215,0.0297577;1.6116,0.609167,1.54062
0.243032,0.251564,0.028715;1.57715,0.656759,1.56508
0.243268,0.253379,0.0286899;1.57095,0.555169,1.56553
0.243192,0.25304,0.028912;1.56344,0.530872,1.56262
0.258329,0.220665,0.0387814;1.61618,0.362391,1.55481
0.263893,0.208287,0.036031;1.72141,0.360089,1.50772
0.262122,0.211165,0.0325834;1.65269,0.365472,1.53425
0.257929,0.217041,0.0286341;1.57065,0.458984,1.56828
0.258561,0.218352,0.0287438;1.57954,0.383816,1.56766
0.258846,0.218864,0.028833;1.57005,0.342479,1.55939
0.258961,0.213145,0.0305266;1.53823,0.290808,1.57387
0.272723,0.171127,0.0371839;1.70565,0.132223,1.54388
0.271923,0.16809,0.0344156;1.68394,0.162815,1.54232
0.270572,0.174152,0.0287742;1.57328,0.203821,1.55673
0.271147,0.175725,0.0286726;1.5741,0.198376,1.56896
0.271902,0.176437,0.0287151;1.57027,0.126551,1.56411
0.271334,0.175098,0.0291312;1.55782,0.0886479,1.56193
0.273747,0.134494,0.0394456;1.66251,-0.0866948,1.57394
0.272234,0.123603,0.0360795;1.71384,-0.062288,1.56768
0.272965,0.130469,0.0287352;1.56588,-0.0504136,1.55862
0.274304,0.132784,0.0287403;1.57757,-0.0253674,1.56996
0.275593,0.133864,0.0286128;1.5682,-0.105761,1.56648
0.274989,0.133179,0.0289468;1.56582,-0.148369,1.55664
0.267175,0.0926446,0.0382285;1.67982,-0.321319,1.5969
0.264245,0.0823438,0.0363847;1.72556,-0.303228,1.60568
0.266121,0.0886453,0.0288542;1.57511,-0.289249,1.56329
0.267264,0.0901749,0.0286936;1.57497,-0.26207,1.57049
0.267987,0.0905498,0.0285821;1.56985,-0.315262,1.56958
0.26782,0.0905353,0.0288769;1.56864,-0.360989,1.55584
0.252063,0.0580964,0.0383402;1.61146,-0.527753,1.59102
0.246761,0.0419788,0.0363512;1.74485,-0.548555,1.65009
0.24656,0.0446011,0.0322123;1.65506,-0.527759,1.60669
0.248891,0.0494407,0.0286988;1.57334,-0.466302,1.56862
0.249559,0.0496855,0.0286657;1.57429,-0.498867,1.57137
0.250175,0.049647,0.0288049;1.57075,-0.55339,1.56003
0.233755,0.0325601,0.0352065;1.46394,-0.697339,1.50398
0.221411,0.0115831,0.0389568;1.74032,-0.769459,1.6828
0.215839,0.00481176,0.0362204;1.76996,-0.762489,1.69878
0.220252,0.0108248,0.0287649;1.56873,-0.691184,1.56131
0.221055,0.0111677,0.0286678;1.57437,-0.705191,1.57142
0.222073,0.0108421,0.0287142;1.57948,-0.769223,1.57648
0.21382,0.00679259,0.031421;1.49687,-0.882864,1.50956
0.195186,-0.00874384,0.0375782;1.58877,-0.986766,1.58845
0.182492,-0.0223534,0.0365005;1.84892,-1.00891,1.79598
0.1866,-0.0175062,0.0288241;1.57294,-0.953607,1.55898
0.187292,-0.0172698,0.0286637;1.57219,-0.933906,1.56844
0.188202,-0.017354,0.0286651;1.57686,-0.967874,1.57439
0.186946,-0.0178729,0.0293539;1.53518,-1.07651,1.53004
0.169977,-0.0255614,0.0342397;1.39132,-1.16769,1.40707
0.150254,-0.0375567,0.0393113;1.91115,-1.23339,1.88642
0.148301,-0.0375872,0.0287119;1.55558,-1.21276,1.54532
0.149605,-0.0376662,0.028664;1.57638,-1.16743,1.56937
0.150127,-0.0379123,0.0287306;1.58734,-1.18631,1.58497
0.150838,-0.038361,0.028997;1.54178,-1.30757,1.52985
0.135176,-0.0408543,0.0329889;1.2085,-1.37853,1.21159
0.111043,-0.0476596,0.0386084;2.39528,-1.4427,2.38483
0.105935,-0.0471975,0.0287246;1.53815,-1.44484,1.52778
0.106925,-0.0473593,0.0287165;1.56807,-1.40415,1.56149
0.107536,-0.0475865,0.0287106;1.60333,-1.41658,1.60145
0.108247,-0.0477861,0.0289337;1.49551,-1.52096,1.48118
0.094851,-0.0456928,0.0330219;-0.296203,-1.4985,-0.301544
0.0698941,-0.0465298,0.038839;-2.0318,-1.43449,-2.02928
0.0572792,-0.0465289,0.0309756;-1.97023,-1.44253,-1.97481
0.0598291,-0.0466533,0.0288221;-1.57021,-1.49759,-1.58279
0.0607082,-0.0471776,0.0286378;-1.57305,-1.50223,-1.57589
0.0615534,-0.0485331,0.0288251;-1.5702,-1.4136,-1.58189
0.0575183,-0.0458663,0.0301877;-1.42912,-1.36656,-1.43925
0.0356681,-0.0393759,0.0365706;-1.3392,-1.25669,-1.34579
0.00808745,-0.0349966,0.0352018;-1.91358,-1.18573,-1.90041
0.0134569,-0.0363508,0.0288234;-1.54465,-1.23264,-1.55481
0.0140561,-0.0365293,0.0286843;-1.56973,-1.27818,-1.57489
0.0151062,-0.038335,0.0286315;-1.57238,-1.19199,-1.57439
0.0155033,-0.0381401,0.0289185;-1.5621,-1.14125,-1.57598
0.00578919,-0.0304657,0.0325893;-1.43894,-1.06925,-1.45876
-0.0324606,-0.0126311,0.036368;-1.81286,-0.926336,-1.77769
-0.0300374,-0.0126165,0.0320161;-1.69678,-0.961579,-1.68322
-0.0266661,-0.0146858,0.0288426;-1.57145,-1.00364,-1.5849
-0.0257412,-0.0158231,0.0286523;-1.57471,-0.992502,-1.57545
-0.025813,-0.0165215,0.0288114;-1.57026,-0.928428,-1.58155
-0.0276156,-0.0136085,0.0298265;-1.53677,-0.888008,-1.55193
-0.0614419,0.0133528,0.0385669;-1.73684,-0.711716,-1.68695
-0.0651165,0.018369,0.0354578;-1.75268,-0.738461,-1.70602
-0.0610152,0.0134334,0.0288343;-1.5698,-0.761613,-1.58241
-0.0608802,0.0120789,0.0286791;-1.5754,-0.780506,-1.57551
-0.0610289,0.0104756,0.0286892;-1.57094,-0.692989,-1.57607
-0.0614379,0.0115428,0.0290059;-1.56022,-0.650888,-1.57702
-0.0854189,0.0446405,0.0383326;-1.68504,-0.474864,-1.63076
-0.0902096,0.0544497,0.0360604;-1.73015,-0.492997,-1.65858
-0.0868335,0.0492247,0.0288367;-1.57074,-0.51813,-1.58277
-0.0863921,0.0470426,0.0286876;-1.57494,-0.540692,-1.57452
-0.0866809,0.0458447,0.0286415;-1.5695,-0.480549,-1.57383
-0.0867906,0.0468332,0.0289768;-1.56508,-0.436392,-1.58335
-0.0867906,0.0468332,0.0289768;-1.56508,-0.436392,-1.58335
-0.0908234,0.0614368,0.0330908;-1.4993,-0.358691,-1.55044
-0.0908234,0.0614368,0.0330908;-1.4993,-0.358691,-1.55044
