-0.125,0.125,0.06;-1.57,-2.98023e-08,-1.57
-0.125,0.125,0.06;-1.57,-2.98023e-08,-1.57
-0.125,0.125,0.06;-1.57,-2.98023e-08,-1.57
-0.126362,0.117757,0.0286799;-1.57086,-0.108715,-1.57573
-0.126388,0.117275,0.0289268;-1.56768,-0.0735004,-1.58412
-0.125932,0.11779,0.0319731;-1.51249,-0.0521452,-1.5783
-0.125405,0.117331,0.0364754;-1.42309,-0.0224034,-1.57564
-0.127167,0.118601,0.0288359;-1.57069,-0.105712,-1.58311
-0.127041,0.118069,0.0287159;-1.57619,-0.114405,-1.57257
-0.127041,0.117803,0.0286062;-1.57118,-0.104146,-1.57202
-0.127156,0.117079,0.0289492;-1.56649,-0.0326804,-1.5841
-0.125477,0.120779,0.0321034;-1.51263,0.00631214,-1.5783
-0.124439,0.130368,0.037883;-1.43451,0.060161,-1.58034
-0.123189,0.133578,0.0316355;-1.52215,0.0529338,-1.57905
-0.124393,0.131399,0.028825;-1.57122,-0.0178278,-1.58309
-0.12432,0.131047,0.0286544;-1.57297,-0.0413184,-1.57239
-0.124615,0.130584,0.0288728;-1.57025,-0.013432,-1.58456
-0.12419,0.13057,0.030658;-1.53612,0.00559571,-1.58347
-0.122605,0.132407,0.0369045;-1.42913,0.0378743,-1.59488
-0.121959,0.133485,0.0384158;-1.39122,0.0645542,-1.59492
-0.124595,0.132039,0.0322887;-1.50562,0.00997605,-1.58432
-0.12627,0.132873,0.0288602;-1.57064,-0.0435931,-1.58445
-0.126038,0.132229,0.0286534;-1.57081,-0.0235651,-1.57434
-0.12552,0.131677,0.0291136;-1.55963,0.0295511,-1.5858
-0.122445,0.137652,0.0335294;-1.4868,0.0749097,-1.5867
-0.119435,0.149511,0.0371847;-1.4204,0.13098,-1.59303
-0.118382,0.154639,0.0300512;-1.54776,0.116915,-1.58122
-0.118297,0.15565,0.0286499;-1.57086,0.082146,-1.57421
-0.118229,0.155611,0.028635;-1.57216,0.0813586,-1.5721
-0.118578,0.155283,0.0288076;-1.57068,0.110092,-1.5816
-0.11657,0.157635,0.0354187;-1.4532,0.151573,-1.60535
-0.114904,0.160105,0.0394856;-1.37257,0.186782,-1.62227
-0.114715,0.160267,0.0365094;-1.4246,0.184144,-1.6098
-0.116301,0.163843,0.0287065;-1.57055,0.0971855,-1.57687
-0.116541,0.163537,0.0287009;-1.5761,0.098492,-1.57087
-0.116743,0.16307,0.0286466;-1.57408,0.149071,-1.57031
-0.112126,0.166892,0.0326361;-1.50224,0.243997,-1.59914
-0.104701,0.180252,0.0390104;-1.39154,0.322078,-1.63045
-0.101802,0.187358,0.0408351;-1.47929,0.338814,-1.59945
-0.103931,0.181229,0.028867;-1.57073,0.249873,-1.5847
-0.103873,0.181109,0.0286788;-1.5736,0.229999,-1.57251
-0.103942,0.180916,0.0286506;-1.57327,0.233908,-1.57132
-0.104249,0.180192,0.0295671;-1.55154,0.28529,-1.58905
-0.102481,0.182313,0.0348638;-1.46073,0.312756,-1.62308
-0.100245,0.185104,0.0395765;-1.36481,0.346444,-1.6603
-0.106003,0.183805,0.0288081;-1.57162,0.245064,-1.58256
-0.106215,0.183856,0.0286694;-1.57066,0.211995,-1.57519
-0.106579,0.183849,0.028729;-1.57806,0.220948,-1.56932
-0.105571,0.183433,0.0294164;-1.55469,0.297189,-1.58845
-0.0999636,0.186576,0.0351272;-1.46343,0.351798,-1.62437
-0.0954027,0.189024,0.040515;-1.34341,0.394428,-1.67674
-0.0928182,0.195543,0.028839;-1.57291,0.375918,-1.5845
-0.0927211,0.195559,0.0286983;-1.57068,0.367803,-1.57647
-0.0927131,0.195618,0.0286252;-1.57076,0.353994,-1.57304
-0.0928403,0.195286,0.0290209;-1.56427,0.404014,-1.58891
-0.0917829,0.195428,0.0319368;-1.52097,0.414195,-1.60376
-0.0894381,0.197664,0.0383983;-1.4322,0.447606,-1.63906
-0.089917,0.19439,0.0293603;-1.55917,0.402994,-1.58504
-0.090504,0.194943,0.0288546;-1.57061,0.352995,-1.584
-0.0906592,0.19464,0.0286617;-1.57336,0.340473,-1.5714
-0.0910359,0.194296,0.0289207;-1.56806,0.393689,-1.5868
-0.0887127,0.195463,0.0315934;-1.51521,0.424977,-1.60773
-0.0844069,0.199337,0.0375482;-1.40224,0.466678,-1.66274
-0.0831445,0.200257,0.0348784;-1.44932,0.469831,-1.63811
-0.0844731,0.201654,0.0288343;-1.56812,0.419352,-1.58164
-0.084792,0.201766,0.0287342;-1.57055,0.384826,-1.57823
-0.085236,0.20109,0.0287476;-1.57106,0.412557,-1.57852
-0.0846115,0.200699,0.0291972;-1.5567,0.456719,-1.59131
-0.0799115,0.204714,0.0337782;-1.47328,0.497338,-1.6299
-0.073888,0.211583,0.0397309;-1.32758,0.559481,-1.70633
-0.073879,0.211742,0.0359057;-1.42178,0.545147,-1.65861
-0.0724681,0.215509,0.0287727;-1.57366,0.508707,-1.58129
-0.0726887,0.214918,0.0286154;-1.57097,0.485103,-1.57236
-0.0730788,0.214767,0.0288136;-1.5706,0.508232,-1.58201
-0.0727245,0.21451,0.0297837;-1.54016,0.527691,-1.59924
-0.0686039,0.216075,0.0409257;-1.30545,0.58317,-1.73737
-0.0743075,0.212537,0.037382;-1.39799,0.536763,-1.68104
-0.0772928,0.214173,0.0296124;-1.5521,0.48897,-1.59235
-0.0780522,0.214418,0.0287413;-1.57944,0.461334,-1.56706
-0.0787896,0.213657,0.0287087;-1.57014,0.515233,-1.57722
-0.0774147,0.213953,0.0295158;-1.54266,0.551496,-1.59949
-0.0583406,0.231363,0.0421373;-1.40723,0.698041,-1.66854
-0.054541,0.234671,0.0427326;-1.61641,0.66255,-1.54125
-0.0582962,0.228522,0.0288591;-1.56749,0.612929,-1.58336
-0.0590803,0.228457,0.0287099;-1.57706,0.568654,-1.5684
-0.0599069,0.228055,0.0287059;-1.56984,0.613267,-1.57752
-0.0597523,0.227883,0.029273;-1.55575,0.633748,-1.59321
-0.0552949,0.228766,0.0399553;-1.31899,0.678893,-1.75431
-0.0557684,0.228528,0.0383241;-1.36487,0.678451,-1.72431
-0.0530063,0.231772,0.0301332;-1.53576,0.677071,-1.60454
-0.0531889,0.232461,0.028738;-1.57943,0.619957,-1.56659
-0.0540639,0.231779,0.0286963;-1.57071,0.683869,-1.57643
-0.0536643,0.231242,0.0291278;-1.5549,0.713398,-1.59597
-0.031047,0.243542,0.0405677;-1.32456,0.858242,-1.75404
-0.0237694,0.248392,0.039519;-1.6053,0.856558,-1.54519
-0.0223685,0.248982,0.0305469;-1.623,0.851732,-1.53411
-0.026645,0.245423,0.0286313;-1.57078,0.784682,-1.57326
-0.0270951,0.245338,0.0286591;-1.57443,0.808048,-1.5694
-0.0274269,0.245292,0.0288649;-1.5687,0.826272,-1.58502
-0.0266543,0.245164,0.0301227;-1.52722,0.841819,-1.61495
-0.0243579,0.245018,0.0393874;-1.26825,0.875524,-1.82385
-0.0278588,0.244925,0.0347613;-1.41374,0.841072,-1.70509
-0.0286908,0.247304,0.02886;-1.56979,0.783287,-1.58463
-0.0291135,0.247343,0.0286301;-1.57425,0.776552,-1.56854
-0.0296659,0.24735,0.0287522;-1.57054,0.81406,-1.57926
-0.0291531,0.246539,0.0293121;-1.54831,0.851957,-1.60026
-0.00892395,0.251341,0.0416075;-1.18181,0.963978,-1.89819
-0.00944697,0.251363,0.0385282;-1.38147,0.946746,-1.73728
-0.0127,0.251478,0.0287412;-1.5753,0.899652,-1.57787
-0.0131315,0.251381,0.0286443;-1.57301,0.868924,-1.57072
-0.0136053,0.251126,0.0286462;-1.57095,0.909933,-1.57377
-0.0135271,0.250929,0.0291671;-1.54708,0.929075,-1.60464
-0.00834855,0.252218,0.0393832;-1.23869,0.974528,-1.86459
-0.00922363,0.252026,0.0373766;-1.29834,0.968718,-1.81494
-0.00755649,0.255389,0.0288227;-1.56917,0.93916,-1.58278
-0.0077063,0.255522,0.0287303;-1.58217,0.891632,-1.56212
-0.00817772,0.255195,0.0285793;-1.57099,0.938433,-1.57066
-0.00800425,0.254741,0.0290016;-1.56107,0.962401,-1.59221
-2.70009e-05,0.251889,0.0380166;-1.26635,1.03495,-1.86603
0.00312092,0.252303,0.0392197;-1.19498,1.05664,-1.92142
0.00739619,0.25515,0.0335536;-1.39732,1.07707,-1.73686
0.00990207,0.257362,0.0286215;-1.57003,1.02212,-1.57337
0.00995679,0.257576,0.0287233;-1.58356,1.01045,-1.56022
0.0093919,0.2575,0.0288071;-1.57057,1.04558,-1.58176
0.0189822,0.259206,0.0354109;-1.31378,1.11959,-1.81031
0.0286284,0.26346,0.0415841;-1.32595,1.17103,-1.79205
0.034771,0.264221,0.0405948;-1.54385,1.17469,-1.59557
0.0306318,0.261928,0.0287718;-1.57014,1.0825,-1.58066
0.0299792,0.261589,0.028626;-1.57079,1.07391,-1.57296
0.0296159,0.261732,0.0286953;-1.58328,1.10708,-1.55962
0.0300322,0.261321,0.0314715;-1.45245,1.14799,-1.69414
0.0318122,0.260583,0.0376879;-1.17811,1.15783,-1.95512
0.0318741,0.259991,0.0397605;-1.08343,1.15606,-2.04368
0.03208,0.264076,0.0288556;-1.57114,1.10791,-1.58404
0.0318421,0.263841,0.028709;-1.58255,1.09587,-1.56127
0.0316389,0.263834,0.0286141;-1.57185,1.11132,-1.571
0.033002,0.263236,0.0296732;-1.50942,1.19788,-1.63883
0.0466023,0.265432,0.0356353;-1.19073,1.26078,-1.93828
0.0633338,0.27103,0.0424287;-1.55319,1.34929,-1.57831
0.0591024,0.266382,0.0289685;-1.52928,1.23247,-1.6209
0.0574046,0.266406,0.0287166;-1.56996,1.19833,-1.57811
0.0566789,0.266401,0.0286167;-1.57096,1.20462,-1.5723
0.0555675,0.266404,0.0290769;-1.53707,1.27904,-1.6174
0.0566069,0.265825,0.0333971;-1.27601,1.28852,-1.87266
0.0590945,0.26455,0.0395399;-0.872014,1.27447,-2.26892
0.0633999,0.266553,0.0287668;-1.58956,1.29071,-1.56373
0.0631369,0.266823,0.028739;-1.56991,1.26008,-1.57936
0.0625882,0.266788,0.0286576;-1.57815,1.25849,-1.56524
0.0620642,0.26645,0.029118;-1.51797,1.35491,-1.63723
0.0716532,0.264973,0.034035;-1.02919,1.40263,-2.1147
0.0927641,0.266727,0.0406764;-0.737624,1.50819,-2.39414
0.109125,0.265737,0.0319401;-2.39804,1.481,-0.752129
0.105287,0.265725,0.0288584;-1.56707,1.50165,-1.5881
0.104848,0.2656,0.0286663;-1.56614,1.5026,-1.5795
0.104251,0.265446,0.0288495;-1.56521,1.53074,-1.58915
0.104374,0.264874,0.0293947;-1.32142,1.53049,-1.83029
0.104355,0.26338,0.0350075;-0.147052,1.47219,-3.00564
0.100798,0.263594,0.0350953;-0.277132,1.45725,-2.87935
0.0989146,0.265546,0.0287045;-1.61847,1.47618,-1.53366
0.098651,0.265671,0.0287008;-1.56965,1.44391,-1.57781
0.0977271,0.265862,0.0286489;-1.57067,1.48964,-1.57417
0.0978051,0.265523,0.0290553;-1.36947,1.52621,-1.78618
0.105862,0.263008,0.0328027;0.281935,1.50171,2.85214
0.134573,0.260745,0.0405031;2.26402,1.43528,0.885812
0.130701,0.259058,0.0332724;2.79557,1.47192,0.341824
0.124333,0.259129,0.0288379;1.54553,1.5605,1.58248
0.12371,0.259039,0.0286306;1.56969,1.55368,1.56951
0.123142,0.259001,0.0288357;1.56722,1.52338,1.56226
0.123267,0.258351,0.0292595;1.40577,1.50452,1.72504
0.130999,0.254721,0.0428053;1.15492,1.4477,1.9866
0.127827,0.254761,0.0390313;1.74994,1.51698,1.38773
0.119343,0.257096,0.0288765;-1.47746,1.56512,-1.67819
0.118934,0.257639,0.0286659;-1.66119,1.5333,-1.48123
0.11856,0.257435,0.0286741;1.56817,1.55141,1.56902
0.118866,0.256574,0.029405;1.30091,1.51403,1.82756
0.125618,0.249565,0.0417388;0.595405,1.28266,2.51527
0.128226,0.249789,0.0398189;0.667948,1.32069,2.44267
0.136931,0.250816,0.0287108;1.6569,1.45569,1.47424
0.136444,0.251111,0.0286884;1.61185,1.48306,1.5283
0.135435,0.251581,0.0286652;1.57141,1.43202,1.56634
0.135607,0.251102,0.0290566;1.51813,1.39952,1.60844
0.135607,0.251102,0.0290566;1.51813,1.39952,1.60844
0.141855,0.247467,0.0331259;1.27755,1.338,1.84713
0.141855,0.247467,0.0331259;1.27755,1.338,1.84713
