-0.125,0.125,0.06;-1.57,-2.98023e-08,-1.57
-0.125,0.125,0.06;-1.57,-2.98023e-08,-1.57
-0.125,0.125,0.06;-1.57,-2.98023e-08,-1.57
-0.125987,0.118742,0.0286686;-1.57087,-0.10763,-1.5754
-0.125696,0.118368,0.0289995;-1.56397,-0.0455844,-1.58452
-0.123656,0.128542,0.0329653;-1.49665,0.0209388,-1.57477
-0.123201,0.159423,0.0353113;-1.69771,0.109191,-1.56693
-0.121937,0.15237,0.028793;-1.57128,0.0337546,-1.58258
-0.122031,0.151776,0.0287185;-1.57533,0.0291204,-1.57274
-0.122643,0.151372,0.0286457;-1.57297,0.062203,-1.57162
-0.122813,0.150759,0.028973;-1.56442,0.158602,-1.58439
-0.118533,0.158455,0.0327394;-1.49803,0.219012,-1.59134
-0.11284,0.180553,0.0393761;-1.48891,0.322243,-1.58628
-0.108587,0.195787,0.031837;-1.63871,0.342927,-1.55549
-0.109321,0.190336,0.0287162;-1.57253,0.283918,-1.58256
-0.109316,0.189684,0.0286434;-1.57144,0.257646,-1.573
-0.109857,0.189693,0.0288685;-1.57024,0.266188,-1.58457
-0.10831,0.19084,0.0303035;-1.54393,0.30779,-1.58684
-0.102901,0.202008,0.0378342;-1.42749,0.396671,-1.61999
-0.0941434,0.23116,0.0364337;-1.73513,0.478445,-1.50888
-0.0933757,0.229069,0.0328655;-1.65875,0.454079,-1.54309
-0.094979,0.223871,0.0288634;-1.57084,0.408703,-1.58461
-0.0950392,0.223405,0.0286721;-1.57126,0.408077,-1.57494
-0.094792,0.223247,0.0290172;-1.5622,0.456647,-1.58813
-0.0885731,0.230214,0.0328664;-1.49261,0.507258,-1.61319
-0.0795133,0.243577,0.0367643;-1.46398,0.576602,-1.62503
-0.0726078,0.253641,0.0296174;-1.61023,0.605777,-1.5566
-0.0738979,0.252378,0.0286637;-1.5708,0.558285,-1.57481
-0.0742289,0.252219,0.0286653;-1.57375,0.573838,-1.57121
-0.0749495,0.252128,0.0288027;-1.57057,0.592139,-1.58147
-0.0653318,0.258606,0.0362415;-1.40713,0.700483,-1.67794
-0.0538825,0.272398,0.0425169;-1.51635,0.778742,-1.60014
-0.0421326,0.285472,0.0351632;-1.72762,0.806891,-1.47173
-0.0445274,0.283447,0.0288152;-1.56339,0.775305,-1.5822
-0.0448236,0.283339,0.028679;-1.57095,0.764924,-1.5752
-0.0451901,0.283179,0.0286238;-1.57091,0.782543,-1.57286
-0.0432956,0.283884,0.0314787;-1.50414,0.824724,-1.62695
-0.0337019,0.290569,0.0389415;-1.35366,0.904608,-1.73566
-0.0223371,0.299913,0.0410993;-1.56498,0.955243,-1.57186
-0.0172902,0.305062,0.0288715;-1.56944,0.966443,-1.58625
-0.0178572,0.305133,0.0286645;-1.57065,0.934011,-1.57496
-0.0180217,0.304985,0.0286502;-1.57085,0.927922,-1.57408
-0.0184214,0.305248,0.0289074;-1.55982,0.950872,-1.58908
-0.0147613,0.306771,0.0344785;-1.40126,0.998036,-1.7166
-0.00517128,0.313432,0.0425033;-1.42155,1.07348,-1.69121
0.0082319,0.32107,0.0288498;-1.56763,1.1079,-1.58616
0.0080364,0.321018,0.0288205;-1.55689,1.07761,-1.58862
0.0077729,0.32093,0.0286684;-1.57088,1.06206,-1.57495
0.00714564,0.321281,0.028835;-1.56839,1.08967,-1.5842
0.0105308,0.322764,0.0318849;-1.45598,1.13521,-1.6788
0.0214479,0.330107,0.0396587;-1.55315,1.20286,-1.5848
0.0326732,0.334037,0.0288786;-1.54255,1.23256,-1.60912
0.0325533,0.334102,0.0287987;-1.55972,1.21985,-1.58785
0.0323553,0.334036,0.0286577;-1.57051,1.21143,-1.57477
0.0320637,0.334121,0.0288283;-1.56936,1.22129,-1.58395
0.0331915,0.334466,0.0304703;-1.51829,1.23262,-1.62782
0.0360757,0.336414,0.0394988;-1.43927,1.26859,-1.69469
0.0451004,0.338579,0.0287562;-1.56492,1.29456,-1.58436
0.0448658,0.338591,0.0288603;-1.57013,1.29241,-1.58473
0.04466,0.338289,0.0286682;-1.57029,1.28704,-1.57553
0.0446088,0.338731,0.0288204;-1.56976,1.24818,-1.58311
0.0439611,0.338596,0.0293259;-1.56777,1.2591,-1.58107
0.0424779,0.338384,0.0367493;-1.21145,1.2735,-1.91787
0.050261,0.33894,0.0343562;-1.17781,1.32092,-1.95269
0.0557462,0.339502,0.0288597;-1.56994,1.33177,-1.58492
0.0557955,0.339434,0.0287555;-1.56594,1.3268,-1.58334
0.0556923,0.339773,0.0287639;-1.57033,1.29211,-1.57992
0.0555025,0.339765,0.0288127;-1.56937,1.30204,-1.58289
0.0560012,0.339376,0.0316601;-1.41534,1.30566,-1.72706
0.0660209,0.341461,0.0417805;-1.21574,1.37453,-1.91291
0.0701436,0.341276,0.0364708;-1.42624,1.38904,-1.71852
0.072364,0.341198,0.0288815;-1.57181,1.39759,-1.58471
0.0724831,0.341039,0.0286594;-1.57038,1.37722,-1.57495
0.0724119,0.34119,0.0288014;-1.57004,1.38539,-1.58204
0.0727097,0.341079,0.0288357;-1.55409,1.39086,-1.59573
0.0767028,0.343284,0.0424867;-1.46604,1.41567,-1.67011
0.0765006,0.341639,0.0420906;-1.55047,1.40608,-1.59722
0.0758859,0.339969,0.0289049;-1.58353,1.40836,-1.57151
0.0758063,0.340012,0.0286614;-1.57061,1.38867,-1.57483
0.0756666,0.340086,0.0287611;-1.57003,1.40029,-1.58012
0.0757496,0.340088,0.0288305;-1.56793,1.40984,-1.58583
0.0819244,0.340965,0.0411979;-1.03962,1.45,-2.09722
0.0879836,0.340404,0.0420796;-1.59039,1.47114,-1.5593
0.0909776,0.339128,0.0289334;-1.60423,1.47083,-1.55105
0.0904918,0.338989,0.0286644;-1.57031,1.46423,-1.57529
0.0903307,0.338985,0.0287389;-1.56658,1.48374,-1.58228
0.0904087,0.339156,0.0288554;-1.56813,1.4959,-1.58615
0.0994865,0.340211,0.0418996;-2.34537,1.50202,-0.795923
0.0997763,0.339587,0.0405497;-2.37636,1.44496,-0.778817
0.0909448,0.337753,0.0290491;-1.46759,1.44121,-1.68189
0.0895561,0.337363,0.0286578;-1.57057,1.45341,-1.57471
0.0894507,0.337477,0.0287901;-1.56985,1.4611,-1.58172
0.0894506,0.337499,0.0288271;-1.569,1.4667,-1.58429
0.0939092,0.338273,0.0391951;-1.6153,1.49267,-1.52304
0.0915408,0.338142,0.0389651;-1.82829,1.4586,-1.31579
0.0826166,0.338337,0.0312664;-1.26906,1.42821,-1.87565
0.0808119,0.338326,0.0286298;-1.5713,1.431,-1.57268
0.0810456,0.338281,0.0286666;-1.56842,1.4269,-1.57696
0.0807688,0.338465,0.0288027;-1.56917,1.45079,-1.58305
0.0818626,0.33854,0.0291632;-1.50734,1.46189,-1.63964
0.0884546,0.340037,0.0422672;-1.66458,1.46983,-1.47242
0.0793281,0.338031,0.0364417;-1.60535,1.40968,-1.5442
0.0737899,0.337357,0.0289057;-1.57166,1.38403,-1.58585
0.0736255,0.33708,0.0286652;-1.57097,1.39528,-1.57456
0.0732342,0.337168,0.0287651;-1.57002,1.41683,-1.58032
0.073492,0.337209,0.0288439;-1.5499,1.44358,-1.60224
0.083664,0.339481,0.0414948;-1.97713,1.45589,-1.16305
0.0825641,0.338683,0.0398635;-2.14378,1.38747,-1.00965
0.0710214,0.336416,0.0289541;-1.55566,1.35524,-1.60224
0.0703045,0.336276,0.0286568;-1.57611,1.37414,-1.56837
0.070082,0.336305,0.0286929;-1.57039,1.38337,-1.57651
0.0700943,0.336355,0.0288909;-1.55478,1.42438,-1.60074
0.0820414,0.338881,0.0403237;-1.91769,1.45126,-1.22588
0.0828849,0.339021,0.0400832;-2.12273,1.39439,-1.02687
0.0706862,0.336289,0.028892;-1.55363,1.353,-1.59987
0.0699922,0.336326,0.0287026;-1.58786,1.35307,-1.55631
0.0696717,0.336344,0.0286172;-1.57083,1.36425,-1.57252
0.0695606,0.33636,0.0288581;-1.56265,1.39554,-1.59184
0.0920837,0.340537,0.0377768;-2.2956,1.45909,-0.851279
0.0989771,0.341124,0.0387711;-2.58782,1.38208,-0.56658
0.0919038,0.338128,0.0333727;-2.09906,1.38812,-1.05744
0.0810584,0.33642,0.0287227;-1.59174,1.35593,-1.55264
0.0807176,0.336444,0.0286237;-1.57282,1.37692,-1.57075
0.0800983,0.336795,0.0288076;-1.57042,1.41161,-1.58194
0.0990325,0.338129,0.0341828;-0.703048,1.50687,-2.43497
0.114976,0.340818,0.0386923;-3.03852,1.38823,-0.116372
0.116708,0.339502,0.0379003;-2.84287,1.38737,-0.313891
0.0996777,0.336875,0.0287647;-1.5674,1.4209,-1.58305
0.099367,0.336828,0.0286809;-1.58934,1.43309,-1.55465
0.0988946,0.336941,0.0286691;-1.58043,1.46024,-1.56432
0.105776,0.336489,0.0308392;-0.448567,1.53259,-2.69527
0.122344,0.338349,0.0366659;2.74307,1.50808,0.397376
0.13112,0.339209,0.0382837;3.07816,1.39343,0.0561995
0.115072,0.336612,0.0288389;-1.58438,1.48397,-1.57324
0.114738,0.336598,0.0287114;-1.61187,1.46716,-1.532
0.114406,0.336817,0.02864;-1.5867,1.49366,-1.55651
0.11478,0.336229,0.0293725;0.671457,1.54522,2.46316
0.131833,0.335044,0.03459;0.902038,1.45111,2.24028
0.150684,0.336217,0.038619;2.52706,1.34902,0.610315
0.144684,0.334661,0.0288401;1.32309,1.51321,1.80694
0.142995,0.33539,0.0287211;1.55996,1.54892,1.57488
0.142501,0.335669,0.0286839;1.71512,1.54976,1.42453
0.142314,0.335402,0.0291265;1.46972,1.4313,1.65828
0.155104,0.331413,0.0338806;1.18321,1.34138,1.94763
0.17894,0.329072,0.0395554;1.78086,1.26128,1.36502
0.18314,0.327949,0.0285986;1.52828,1.31631,1.60066
0.181999,0.328768,0.0287884;1.55634,1.34766,1.57787
0.181669,0.329066,0.0286536;1.57624,1.35036,1.56324
0.180914,0.329558,0.0289809;1.55163,1.24687,1.57552
0.19144,0.323106,0.0335589;1.36023,1.16863,1.76268
0.214358,0.314908,0.0399271;1.60504,1.07725,1.54201
0.223055,0.310742,0.0315098;1.69068,1.10794,1.45309
0.219098,0.312863,0.0288465;1.57127,1.15376,1.5566
0.21882,0.313143,0.0286908;1.57508,1.1706,1.56325
0.218358,0.314183,0.0288132;1.57029,1.10487,1.55996
0.220051,0.310928,0.0304262;1.49876,1.05197,1.62447
0.234519,0.298826,0.0374008;1.33465,0.938539,1.76749
0.264148,0.280021,0.0354985;1.77756,0.873603,1.40116
0.259426,0.284164,0.0288403;1.5583,0.890416,1.56977
0.259196,0.284578,0.0287282;1.5691,0.923449,1.56591
0.258532,0.285672,0.0286182;1.57039,0.891286,1.56918
0.25815,0.285677,0.0289863;1.56213,0.854912,1.56323
0.261678,0.278491,0.0331934;1.46493,0.788278,1.63885
0.287548,0.248321,0.0403671;1.62199,0.638861,1.53729
0.290028,0.243756,0.0328149;1.67069,0.653651,1.49895
0.287888,0.247227,0.0288927;1.57009,0.673679,1.55627
0.287764,0.247683,0.0286625;1.57484,0.687949,1.56705
0.28771,0.248481,0.0287797;1.5707,0.64225,1.56135
0.287638,0.246082,0.0301482;1.53781,0.601075,1.58033
0.304468,0.213032,0.0427547;1.56121,0.427895,1.58163
0.311897,0.198304,0.0355591;1.71984,0.403858,1.49202
0.30987,0.203139,0.0288363;1.55857,0.415156,1.5648
0.310031,0.204257,0.0286536;1.57081,0.452368,1.56728
0.310124,0.204887,0.0286723;1.56935,0.423238,1.56666
0.309961,0.204962,0.0290631;1.55992,0.400393,1.56137
0.31421,0.182625,0.0410263;1.44921,0.239206,1.60755
0.31677,0.167065,0.0407064;1.58507,0.210177,1.56067
0.317424,0.162196,0.0288618;1.56758,0.19087,1.55815
0.31767,0.162651,0.0286602;1.57077,0.222979,1.5669
0.317783,0.162869,0.02864;1.57076,0.213013,1.56795
0.318222,0.162808,0.0288782;1.56956,0.223256,1.55758
0.318222,0.162808,0.0288782;1.56956,0.223256,1.55758
0.317298,0.159461,0.0329427;1.50725,0.168792,1.57242
0.317298,0.159461,0.0329427;1.50725,0.168792,1.57242
