-0.125,0.125,0.06;-1.57,-2.98023e-08,-1.57
-0.125,0.125,0.06;-1.57,-2.98023e-08,-1.57
-0.125,0.125,0.06;-1.57,-2.98023e-08,-1.57
-0.12595,0.120456,0.0286631;-1.57062,-0.132475,-1.57472
-0.125712,0.120307,0.0289556;-1.5665,-0.072578,-1.58462
-0.123347,0.13175,0.0326684;-1.50655,0.00105295,-1.57526
-0.122847,0.163226,0.035447;-1.69679,0.0979357,-1.56952
-0.120487,0.155811,0.0288311;-1.57038,-0.00719106,-1.58348
-0.120548,0.155537,0.028703;-1.57416,-0.0162911,-1.57336
-0.120984,0.155136,0.0286181;-1.57215,0.0126882,-1.57158
-0.121469,0.15466,0.0290697;-1.56314,0.107688,-1.58793
-0.117725,0.164642,0.032708;-1.50566,0.18305,-1.59078
-0.113527,0.187198,0.0387903;-1.56206,0.286702,-1.57164
-0.109612,0.194334,0.0324573;-1.64451,0.247785,-1.56091
-0.110937,0.184458,0.0288765;-1.56863,0.170921,-1.58608
-0.111121,0.183855,0.0286254;-1.57067,0.147773,-1.57299
-0.111633,0.183564,0.0289123;-1.56969,0.21644,-1.58651
-0.108248,0.190321,0.0311172;-1.53244,0.277474,-1.59008
-0.102071,0.212309,0.037281;-1.561,0.381241,-1.57666
-0.0993555,0.228134,0.0368573;-1.7309,0.396618,-1.52403
-0.0974115,0.225032,0.0330208;-1.65831,0.343962,-1.55153
-0.0993987,0.217664,0.0288492;-1.56951,0.284155,-1.58636
-0.0998503,0.216598,0.0287303;-1.57119,0.297381,-1.57763
-0.0995259,0.216135,0.0290786;-1.56249,0.353687,-1.59042
-0.0924327,0.227592,0.0332284;-1.4907,0.434407,-1.61062
-0.0838965,0.247412,0.0357221;-1.61027,0.502575,-1.55752
-0.0802939,0.249281,0.0314265;-1.63508,0.447876,-1.55166
-0.0827334,0.244266,0.0287096;-1.57477,0.390218,-1.57178
-0.0837345,0.243785,0.0286843;-1.57585,0.440682,-1.56958
-0.0843045,0.243385,0.0288731;-1.57036,0.491803,-1.58496
-0.0681191,0.263245,0.0359774;-1.47517,0.648504,-1.62871
-0.0573956,0.282794,0.038781;-1.73306,0.706212,-1.47595
-0.0529506,0.286236,0.0356948;-1.74077,0.672207,-1.47501
-0.0597194,0.275745,0.0287234;-1.57033,0.59091,-1.57789
-0.0600721,0.275417,0.028638;-1.5719,0.598777,-1.57197
-0.0608312,0.275587,0.0286579;-1.57428,0.666668,-1.56966
-0.0521159,0.281656,0.0327478;-1.48195,0.775849,-1.64179
-0.0359448,0.298936,0.0385493;-1.5732,0.880025,-1.56877
-0.0249183,0.310545,0.0367605;-1.78362,0.883407,-1.41775
-0.0319232,0.29995,0.0288564;-1.56837,0.773985,-1.58827
-0.0324033,0.299598,0.0287224;-1.57768,0.767242,-1.56837
-0.0329929,0.299533,0.028628;-1.57263,0.795743,-1.57057
-0.0311212,0.299783,0.0299643;-1.53629,0.893145,-1.60933
-0.0145694,0.310765,0.0356891;-1.40613,0.986507,-1.70957
0.00245304,0.326027,0.040602;-1.74929,1.05762,-1.42028
0.000511169,0.32054,0.0289371;-1.55285,0.957786,-1.59911
-0.00117574,0.320064,0.0287187;-1.57129,0.931755,-1.57741
-0.00175836,0.32002,0.0286556;-1.57382,0.940749,-1.57051
-0.00255473,0.319976,0.0291946;-1.5453,1.07001,-1.60824
0.0111549,0.324825,0.0334612;-1.38456,1.15211,-1.74785
0.0318917,0.335518,0.0396992;-1.7465,1.24698,-1.4087
0.0340264,0.332426,0.0287888;-1.56153,1.15702,-1.59283
0.03195,0.331981,0.0287441;-1.57006,1.12396,-1.57952
0.0315209,0.332203,0.0286945;-1.57967,1.13024,-1.56448
0.030577,0.332415,0.0291512;-1.53398,1.26162,-1.6226
0.0442371,0.334964,0.0335073;-1.24308,1.33579,-1.89755
0.0666689,0.341499,0.0395618;-1.98089,1.43045,-1.16994
0.073109,0.341033,0.0295207;-1.68633,1.39079,-1.46606
0.070251,0.340614,0.0288547;-1.56381,1.3448,-1.59215
0.069812,0.340599,0.0286976;-1.58428,1.33672,-1.56011
0.0692097,0.341143,0.0290106;-1.54349,1.4237,-1.61441
0.0780961,0.340402,0.032085;-1.01915,1.4714,-2.12964
0.10094,0.342629,0.0380673;1.4996,1.5504,1.6411
0.113718,0.343758,0.0339398;2.89321,1.47043,0.23931
0.106539,0.341235,0.0289558;-1.70336,1.52455,-1.45018
0.104761,0.341572,0.0287577;-1.56224,1.49268,-1.58753
0.103863,0.341591,0.0287885;-1.56883,1.5113,-1.58269
0.104139,0.340842,0.0291291;-0.299543,1.55945,-2.85765
0.118865,0.338053,0.0340587;0.800311,1.44884,2.33241
0.154541,0.33857,0.0376255;2.2601,1.31918,0.880118
0.154088,0.335776,0.0347578;2.22968,1.38786,0.906999
0.14536,0.336066,0.0288775;1.57114,1.48434,1.55474
0.144393,0.337122,0.0286732;1.60152,1.47693,1.53863
0.143801,0.337896,0.0288624;1.56915,1.4055,1.55877
0.147292,0.335424,0.0303981;1.42047,1.35641,1.70533
0.189737,0.325899,0.0411841;1.85099,1.16514,1.3022
0.197617,0.321858,0.0372889;2.02847,1.19271,1.12718
0.188206,0.322516,0.0305437;1.6971,1.27903,1.4374
0.183102,0.325078,0.0287114;1.58522,1.31604,1.5542
0.18234,0.326236,0.0287901;1.56971,1.22429,1.56167
0.183465,0.32448,0.0294419;1.53521,1.18028,1.58951
0.222195,0.307656,0.0399637;1.75991,0.987531,1.39954
0.230354,0.301545,0.0372812;1.8789,1.02307,1.29044
0.222363,0.304059,0.0301403;1.64545,1.08896,1.49141
0.218284,0.307135,0.0287039;1.57949,1.12487,1.56068
0.217484,0.308261,0.0287417;1.57065,1.03102,1.56322
0.218229,0.307,0.029245;1.55275,0.997147,1.57037
0.251865,0.283998,0.0393873;1.73657,0.808945,1.4375
0.258781,0.276008,0.0374686;1.81462,0.838882,1.37106
0.253294,0.280217,0.0301745;1.61941,0.872561,1.52331
0.251487,0.282701,0.0286907;1.57581,0.918184,1.564
0.251333,0.284251,0.0288022;1.57054,0.826595,1.56034
0.251258,0.283724,0.0290192;1.56041,0.802491,1.56236
0.273217,0.258516,0.0395296;1.6047,0.632293,1.54968
0.282514,0.246941,0.0358454;1.74139,0.631727,1.4584
0.280334,0.249347,0.032961;1.67215,0.637578,1.50066
0.274826,0.254784,0.0286586;1.57057,0.734259,1.56723
0.274983,0.255495,0.0287033;1.57862,0.67594,1.56564
0.274926,0.256032,0.0289131;1.56901,0.634435,1.55722
0.276541,0.250172,0.0311023;1.52542,0.575016,1.58475
0.29999,0.214076,0.0387669;1.68576,0.407436,1.5157
0.299748,0.208682,0.0346918;1.69646,0.459909,1.50368
0.29505,0.216613,0.0288738;1.56852,0.510363,1.55606
0.294865,0.217667,0.0286465;1.57354,0.511425,1.5679
0.295271,0.218889,0.0287861;1.57072,0.442156,1.56107
0.29489,0.216672,0.0292902;1.5568,0.403085,1.56328
0.308733,0.178564,0.0404946;1.64318,0.214107,1.54909
0.310874,0.167177,0.0361823;1.71416,0.243103,1.52172
0.30788,0.175215,0.0290304;1.57541,0.291098,1.5547
0.307792,0.177754,0.0286721;1.57325,0.314473,1.56799
0.308346,0.178833,0.0286749;1.56879,0.231746,1.56568
0.308119,0.177924,0.029214;1.56101,0.196697,1.55586
0.314091,0.137286,0.039307;1.65178,0.0108219,1.56127
0.314486,0.124817,0.0361652;1.71218,0.0293189,1.55425
0.313066,0.132364,0.0290526;1.57703,0.067448,1.5566
0.313472,0.134316,0.0286365;1.57089,0.0988619,1.56826
0.314107,0.134834,0.0285943;1.56994,0.0355249,1.56934
0.313859,0.134635,0.0290841;1.56335,-0.00514286,1.55356
0.310273,0.0987152,0.0392637;1.57886,-0.181844,1.57202
0.309614,0.0805756,0.0360787;1.7106,-0.213059,1.58461
0.307983,0.0815887,0.0326953;1.64502,-0.180762,1.57247
0.308868,0.0876336,0.0286918;1.57351,-0.117832,1.56849
0.309052,0.0878681,0.0286162;1.57087,-0.141417,1.56922
0.309709,0.0882797,0.0288592;1.57061,-0.196814,1.5576
0.299537,0.0652212,0.0359599;1.46977,-0.354452,1.5347
0.294705,0.0421083,0.0400297;1.68347,-0.432259,1.60988
0.290654,0.0320503,0.036108;1.72495,-0.422341,1.62287
0.293679,0.0424357,0.0288068;1.56913,-0.339948,1.56085
0.293968,0.0428681,0.0286369;1.57086,-0.337085,1.5681
0.294522,0.0428179,0.0287139;1.57783,-0.394553,1.57351
0.288189,0.0352981,0.032428;1.50467,-0.503917,1.52954
0.277012,0.0150347,0.0380314;1.55893,-0.610703,1.56416
0.268569,-0.00216185,0.0369985;1.73014,-0.648977,1.65433
0.269412,0.00474029,0.0289239;1.57041,-0.559871,1.55427
0.269715,0.00503425,0.0286882;1.57381,-0.543985,1.56973
0.27025,0.00508946,0.0286211;1.57105,-0.567394,1.56934
0.268707,0.00425649,0.0296045;1.54975,-0.677392,1.54562
0.255755,-0.00927242,0.034819;1.45877,-0.777215,1.48974
0.242187,-0.026944,0.0408301;1.69196,-0.855446,1.65643
0.23984,-0.0259185,0.0289252;1.5731,-0.773084,1.55782
0.241623,-0.0248744,0.0287488;1.57049,-0.743536,1.5626
0.242079,-0.0246484,0.02867;1.57438,-0.749876,1.57119
0.242372,-0.0246221,0.0291726;1.55283,-0.877372,1.54112
0.22882,-0.0329245,0.0337298;1.43336,-0.96311,1.45097
0.21006,-0.0484131,0.0397867;1.70538,-1.05327,1.68129
0.203109,-0.0498937,0.028928;1.57362,-0.994332,1.55831
0.204761,-0.0493271,0.0287827;1.56829,-0.963836,1.56029
0.205204,-0.0491662,0.0286381;1.57189,-0.968802,1.56938
0.20642,-0.0486775,0.0291566;1.55122,-1.0839,1.53583
0.192045,-0.0523657,0.0338529;1.3715,-1.16034,1.37852
0.169273,-0.0635579,0.0397275;1.72282,-1.2669,1.71316
0.157125,-0.0685175,0.0312833;1.72923,-1.26171,1.71013
0.160673,-0.0673863,0.0288612;1.56943,-1.21745,1.55604
0.161071,-0.0673643,0.0286634;1.57304,-1.20088,1.56977
0.162225,-0.0676417,0.028892;1.56938,-1.28408,1.55445
0.157116,-0.066723,0.0308147;1.42511,-1.33191,1.41695
0.135995,-0.0696244,0.0370322;0.97645,-1.41862,0.983373
0.105752,-0.0768271,0.0353399;2.64893,-1.42712,2.63239
0.112339,-0.0746692,0.028827;1.55919,-1.45688,1.54789
0.112891,-0.0748539,0.028708;1.56828,-1.42145,1.56232
0.114127,-0.0755706,0.0286459;1.56558,-1.49599,1.56204
0.114178,-0.0750191,0.0291274;1.31478,-1.53497,1.29712
0.101089,-0.072034,0.0337406;-0.486242,-1.48187,-0.497445
0.0571586,-0.0716124,0.0358479;-2.22199,-1.33967,-2.22648
0.0594324,-0.0685437,0.0327574;-2.18101,-1.42634,-2.1881
0.0648015,-0.0681731,0.0288814;-1.56319,-1.48761,-1.57783
0.0656958,-0.0685968,0.0286212;-1.57569,-1.47644,-1.57718
0.0660274,-0.0690866,0.0288649;-1.57002,-1.41765,-1.58364
0.0626762,-0.0667688,0.0302366;-1.44128,-1.36633,-1.4556
0.0207162,-0.0576166,0.0396924;-1.83702,-1.17499,-1.82565
0.0139125,-0.0540706,0.035706;-1.93792,-1.20255,-1.92949
0.0225962,-0.0556561,0.0288869;-1.53279,-1.27343,-1.54673
0.0243537,-0.0566938,0.0286738;-1.58403,-1.29079,-1.58541
0.0254697,-0.0581691,0.0287133;-1.56864,-1.19457,-1.5755
0.0251995,-0.057011,0.029202;-1.5342,-1.1512,-1.55229
-0.0100898,-0.0380214,0.0398721;-1.6889,-0.968557,-1.67393
-0.0202501,-0.0300805,0.0360664;-1.81438,-0.981159,-1.78961
-0.0137743,-0.0321882,0.0288994;-1.56978,-1.03675,-1.58546
-0.0124646,-0.0337384,0.0286368;-1.57091,-1.06377,-1.57358
-0.0120608,-0.0347903,0.0286909;-1.57061,-0.996416,-1.5759
-0.0119798,-0.0338623,0.0291476;-1.55347,-0.955472,-1.57328
-0.0119798,-0.0338623,0.0291476;-1.55347,-0.955472,-1.57328
-0.0217049,-0.0230692,0.0340966;-1.44276,-0.864323,-1.48167
-0.0217049,-0.0230692,0.0340966;-1.44276,-0.864323,-1.48167
