-0.125,0.125,0.06;-1.57,-2.98023e-08,-1.57
-0.125,0.125,0.06;-1.57,-2.98023e-08,-1.57
-0.125,0.125,0.06;-1.57,-2.98023e-08,-1.57
-0.124137,0.138798,0.0428291;-1.56307,-0.125263,-1.56106
-0.124324,0.137875,0.0429638;-1.57149,-0.0691142,-1.55587
-0.127693,0.120665,0.0490735;-1.62599,0.00761492,-1.5508
-0.127593,0.0777005,0.0525843;-1.47734,0.0775411,-1.55601
-0.127305,0.106777,0.0426259;-1.57143,-0.0501853,-1.56052
-0.127747,0.106145,0.0429161;-1.55886,-0.0743677,-1.563
-0.12767,0.105697,0.0432357;-1.54728,-0.0635915,-1.56338
-0.125301,0.108603,0.0427362;-1.56932,0.0290986,-1.55935
-0.129,0.0894864,0.047811;-1.60202,0.120609,-1.56604
-0.132042,0.0519155,0.0608172;-1.50791,0.21181,-1.57944
-0.131332,0.0464121,0.0593779;-1.3756,0.163336,-1.61657
-0.134615,0.0608,0.056106;-1.41252,0.0657319,-1.60088
-0.137783,0.0809715,0.0430483;-1.55061,-0.0230664,-1.57105
-0.138042,0.0783897,0.0430949;-1.54856,0.00739781,-1.56829
-0.138317,0.0613805,0.0474521;-1.5158,0.103353,-1.5913
-0.13716,0.0269322,0.0564932;-1.40261,0.196023,-1.61293
-0.137075,0.0147964,0.0616199;-1.34015,0.192346,-1.62112
-0.142894,0.0237128,0.062532;-1.34124,0.10129,-1.62254
-0.149875,0.0439267,0.055694;-1.42225,-0.00894979,-1.59817
-0.154866,0.0615077,0.0429413;-1.55167,-0.0884458,-1.56934
-0.154708,0.052734,0.0432823;-1.55985,-0.0221683,-1.57785
-0.155216,0.0245673,0.0534177;-1.45976,0.0887062,-1.60906
-0.151174,0.00694972,0.0590173;-1.38048,0.146933,-1.62762
-0.15658,0.0174071,0.0601595;-1.39121,0.0479927,-1.62448
-0.163454,0.0528544,0.0429734;-1.55092,-0.138951,-1.5688
-0.163441,0.0534099,0.0430807;-1.54804,-0.140939,-1.56888
-0.162792,0.0531387,0.0432915;-1.54429,-0.122502,-1.56792
-0.168542,0.0129026,0.0578192;-1.44112,0.117738,-1.62459
-0.166582,-0.00696989,0.0617525;-1.34289,0.148329,-1.62656
-0.17011,0.00471999,0.0647936;-1.33337,0.0696103,-1.62614
-0.178865,0.0479719,0.0440746;-1.53528,-0.135055,-1.56702
-0.179798,0.0518553,0.043102;-1.54658,-0.168512,-1.56525
-0.179996,0.0521057,0.0430683;-1.54913,-0.155519,-1.5648
-0.187582,0.0333542,0.0446685;-1.58693,0.0346118,-1.58538
-0.191673,-0.0049778,0.0546666;-1.54224,0.11557,-1.59265
-0.19347,-0.01945,0.060942;-1.40524,0.105197,-1.60057
-0.191875,0.0288189,0.0426993;-1.56129,-0.0749118,-1.56654
-0.192153,0.0285693,0.0430077;-1.54947,-0.110527,-1.56593
-0.191682,0.0289178,0.043131;-1.54751,-0.0937836,-1.56382
-0.192268,0.0320455,0.0428098;-1.57591,0.030884,-1.55965
-0.200585,0.0202344,0.0478035;-1.64251,0.112502,-1.55839
-0.210245,-0.00151672,0.0576697;-1.73351,0.181219,-1.52807
-0.208504,0.00524943,0.0429727;-1.56679,0.0502439,-1.55444
-0.208867,0.00435711,0.0431184;-1.55082,0.0248592,-1.56563
-0.20878,0.00417429,0.043214;-1.54736,0.0323341,-1.5662
-0.208812,0.00638848,0.0423591;-1.57212,0.14291,-1.5698
-0.219431,-0.00845971,0.0459076;-1.62808,0.256536,-1.55696
-0.23054,-0.036682,0.0543442;-1.7051,0.331565,-1.52941
-0.23341,-0.0342302,0.0429989;-1.56483,0.183569,-1.55641
-0.233889,-0.0347305,0.0431553;-1.54964,0.16359,-1.56827
-0.233413,-0.0347782,0.0432398;-1.54484,0.169656,-1.57108
-0.231789,-0.032035,0.0426482;-1.57113,0.276408,-1.56005
-0.242916,-0.0422585,0.0468025;-1.62828,0.386567,-1.55817
-0.260705,-0.0742235,0.0576764;-1.5726,0.471408,-1.59065
-0.264172,-0.0763816,0.0428462;-1.56723,0.357824,-1.55876
-0.263652,-0.0759137,0.0431024;-1.55816,0.330753,-1.56201
-0.26405,-0.0763374,0.0431891;-1.54623,0.329218,-1.574
-0.263628,-0.0758554,0.0427919;-1.56733,0.415117,-1.56013
-0.27139,-0.0806701,0.0439744;-1.60324,0.504866,-1.55786
-0.293771,-0.107875,0.052193;-1.55427,0.607644,-1.60454
-0.302211,-0.11378,0.0445331;-1.54147,0.541185,-1.58598
-0.296744,-0.10932,0.0431383;-1.56045,0.495236,-1.5625
-0.296108,-0.109236,0.0431053;-1.55036,0.482875,-1.57324
-0.294664,-0.108648,0.0428919;-1.55797,0.518989,-1.57027
-0.295063,-0.107673,0.0426012;-1.57293,0.596089,-1.56114
-0.308843,-0.114365,0.0454476;-1.63577,0.697128,-1.52959
-0.345961,-0.146571,0.0531732;-1.40421,0.754482,-1.69605
-0.343797,-0.141503,0.0472536;-1.48982,0.688923,-1.62043
-0.338304,-0.138191,0.0431362;-1.55787,0.648912,-1.56304
-0.338437,-0.138115,0.0431555;-1.54323,0.650331,-1.58258
-0.337028,-0.137601,0.0427841;-1.56001,0.700438,-1.57152
-0.338527,-0.13707,0.0427331;-1.57543,0.749429,-1.55737
-0.380581,-0.160509,0.0523159;-1.64069,0.907069,-1.51276
-0.38458,-0.161666,0.0460109;-1.53037,0.841409,-1.58376
-0.380551,-0.160673,0.043008;-1.55813,0.804657,-1.56702
-0.378694,-0.160675,0.0431665;-1.53663,0.828379,-1.59183
-0.378119,-0.160956,0.0431836;-1.53651,0.867311,-1.59139
-0.376594,-0.160106,0.0429653;-1.56375,0.894063,-1.56129
-0.406665,-0.172053,0.0512229;-1.65953,1.0735,-1.49989
-0.414396,-0.175515,0.0466505;-1.56512,1.02294,-1.55245
-0.413145,-0.175575,0.0428155;-1.56401,0.981846,-1.56472
-0.413326,-0.176065,0.0430803;-1.53686,0.965397,-1.59363
-0.41224,-0.176636,0.0429637;-1.55438,0.995048,-1.57325
-0.413191,-0.176982,0.0434604;-1.56686,0.990025,-1.55523
-0.424973,-0.17865,0.0530581;-1.79641,1.07861,-1.33934
-0.423919,-0.175819,0.047708;-1.57622,1.07193,-1.54639
-0.41671,-0.172545,0.0425958;-1.56084,1.06046,-1.57591
-0.417521,-0.172333,0.0432241;-1.52872,1.01993,-1.59964
-0.417538,-0.172621,0.0431195;-1.5322,1.04601,-1.59795
-0.415559,-0.172613,0.0428988;-1.56344,1.07697,-1.56261
-0.44429,-0.178312,0.0543144;-1.83034,1.18488,-1.30662
-0.463114,-0.179978,0.05193;-1.54838,1.17258,-1.58136
-0.467958,-0.179874,0.0455133;-1.46496,1.16705,-1.66917
-0.466464,-0.176376,0.0428273;-1.55908,1.06351,-1.57084
-0.464122,-0.177202,0.0431255;-1.52193,1.11939,-1.61022
-0.460252,-0.178222,0.0432057;-1.5348,1.20219,-1.58918
-0.45809,-0.175223,0.0452749;-1.63071,1.26412,-1.48689
-0.500605,-0.18211,0.0531515;-1.48941,1.37474,-1.65538
-0.509991,-0.18201,0.0454638;-1.42231,1.30518,-1.71201
-0.510132,-0.181477,0.0430667;-1.53606,1.2531,-1.59096
-0.509624,-0.181925,0.0429884;-1.51253,1.26862,-1.62237
-0.509732,-0.183317,0.042841;-1.50759,1.31284,-1.63139
-0.512828,-0.183827,0.0442169;-1.47273,1.32534,-1.66702
-0.536072,-0.184516,0.0633833;-1.20417,1.33018,-1.97619
-0.537283,-0.183464,0.0612919;-1.13642,1.22658,-2.05666
-0.536468,-0.187404,0.0572782;-1.32459,1.19286,-1.87434
-0.535546,-0.186728,0.0558673;-1.41521,1.16751,-1.80099
-0.541441,-0.189909,0.0590497;-1.35996,1.20135,-1.86633
-0.545925,-0.188558,0.060447;-1.22825,1.17778,-1.97205
-0.544412,-0.183467,0.0707872;-1.51926,1.21461,-1.65937
-0.536883,-0.175293,0.068642;-1.50286,1.08646,-1.68408
-0.538451,-0.170177,0.0513802;-1.47972,1.04408,-1.70878
-0.539011,-0.167229,0.0482737;-1.51211,1.04083,-1.66085
-0.544068,-0.170643,0.0498698;-1.51261,1.09001,-1.68016
-0.552124,-0.173575,0.0483332;-1.47308,1.14478,-1.69557
-0.574876,-0.184722,0.057535;-1.44049,1.31684,-1.71237
-0.583973,-0.179886,0.0629607;-1.43106,1.27926,-1.72023
-0.585628,-0.179929,0.0528097;-1.2721,1.23884,-1.89549
-0.570119,-0.164737,0.0431409;-1.52637,1.1096,-1.61668
-0.568677,-0.164198,0.0432509;-1.52377,1.09411,-1.62051
-0.568417,-0.1639,0.0437974;-1.52608,1.09777,-1.61694
-0.572813,-0.163752,0.0606028;-1.67491,1.18454,-1.46801
-0.570673,-0.164662,0.0747479;-1.69767,1.22306,-1.46317
-0.561335,-0.176616,0.0721659;-1.58224,1.2038,-1.60054
-0.53623,-0.187561,0.0541502;-1.45441,1.16927,-1.75536
-0.535041,-0.192803,0.0516593;-1.46376,1.20101,-1.7384
-0.542863,-0.191061,0.0557359;-1.37395,1.18672,-1.83947
-0.56048,-0.194309,0.0648352;-1.716,1.33267,-1.44621
-0.557918,-0.184978,0.0778082;-1.83739,1.33641,-1.31968
-0.553703,-0.176625,0.0826233;-1.90168,1.27327,-1.25893
-0.54349,-0.170865,0.0505672;-1.58157,1.05244,-1.55394
-0.536406,-0.17059,0.0428115;-1.56283,1.01782,-1.57294
-0.535355,-0.170963,0.0428611;-1.54355,1.0422,-1.5909
-0.56125,-0.168518,0.0532215;-1.82505,1.24704,-1.30223
-0.578638,-0.170921,0.0666762;-1.84233,1.35618,-1.29783
-0.580823,-0.170788,0.076991;-1.97201,1.42174,-1.1718
-0.546569,-0.173274,0.0603611;-1.76495,1.21632,-1.3546
-0.525528,-0.176205,0.0440331;-1.579,1.17219,-1.53693
-0.522123,-0.180254,0.0450361;-1.57378,1.1398,-1.53804
-0.521338,-0.172846,0.0575729;-1.98676,1.23868,-1.12649
-0.526525,-0.169378,0.0652048;-2.42284,1.24129,-0.70856
-0.532858,-0.164101,0.0759577;-2.70221,1.31363,-0.449725
-0.509914,-0.170528,0.0611698;-2.04175,1.27174,-1.06928
-0.497909,-0.178143,0.0495243;-1.6572,1.20981,-1.43344
-0.494541,-0.182351,0.0465212;-1.58138,1.1823,-1.51622
-0.506648,-0.176361,0.0514054;-1.8188,1.27288,-1.29411
-0.526233,-0.172968,0.0621614;-2.44853,1.28888,-0.687978
-0.543325,-0.171618,0.075613;-2.73124,1.38893,-0.42572
-0.542946,-0.168261,0.0774954;-2.0741,1.305,-1.06615
-0.509863,-0.164083,0.0619746;-2.2633,1.21969,-0.874986
-0.509654,-0.166827,0.0562103;-1.97718,1.27139,-1.13271
-0.534596,-0.170845,0.049505;-1.87316,1.35823,-1.24757
-0.544822,-0.166193,0.0592091;-2.72649,1.36325,-0.409015
-0.552598,-0.160512,0.068369;-3.1096,1.38787,-0.030435
-0.549074,-0.161365,0.0714847;-2.75722,1.41378,-0.36613
-0.536993,-0.167251,0.0578341;-2.27943,1.35578,-0.817467
-0.539725,-0.173203,0.0514746;-1.83646,1.36108,-1.2576
-0.549103,-0.175621,0.0469064;-1.9381,1.42502,-1.19633
-0.562761,-0.17254,0.0535989;-2.69958,1.44026,-0.437307
-0.572993,-0.166445,0.0637161;-3.0069,1.42765,-0.122653
-0.577527,-0.156188,0.0742987;2.73265,1.35706,0.423625
-0.567435,-0.159466,0.0619562;-2.95402,1.39166,-0.149273
-0.564073,-0.167637,0.0532271;-2.28059,1.42297,-0.826949
-0.560792,-0.178188,0.0451997;-1.74283,1.36977,-1.39086
-0.559556,-0.173101,0.0519502;-2.31122,1.40466,-0.818828
-0.563954,-0.167235,0.0600695;-2.72575,1.36313,-0.388184
-0.603348,-0.152997,0.0814755;2.72591,1.39929,0.417366
-0.605935,-0.153057,0.078947;-2.72874,1.44403,-0.392928
-0.588552,-0.162507,0.0631715;-2.08394,1.38366,-1.0312
-0.572601,-0.177078,0.0466456;-1.70393,1.26764,-1.42354
-0.576992,-0.172048,0.0550417;-1.95349,1.30047,-1.1486
-0.585594,-0.162051,0.0615188;-2.34651,1.32475,-0.749618
-0.62472,-0.148862,0.0812627;3.0917,1.4378,0.0609224
-0.628539,-0.149766,0.0813709;-2.61953,1.45041,-0.502685
-0.605453,-0.160783,0.0698759;-2.08292,1.42653,-1.04938
-0.562994,-0.175622,0.049057;-1.77376,1.31805,-1.34007
-0.560945,-0.17199,0.0519651;-1.89108,1.35699,-1.20697
-0.563682,-0.165908,0.0557961;-2.12336,1.36823,-0.970355
-0.563682,-0.165908,0.0557961;-2.12336,1.36823,-0.970355
-0.569591,-0.158603,0.063801;-2.91331,1.34447,-0.195229
-0.569591,-0.158603,0.063801;-2.91331,1.34447,-0.195229
