-0.125,0.125,0.06;-1.57,-2.98023e-08,-1.57
-0.125,0.125,0.06;-1.57,-2.98023e-08,-1.57
-0.125,0.125,0.06;-1.57,-2.98023e-08,-1.57
-0.12354,0.142333,0.0428539;-1.56286,-0.118352,-1.56055
-0.123935,0.13951,0.0429475;-1.57686,-0.0517144,-1.5581
-0.127016,0.112563,0.0520715;-1.64473,0.0400355,-1.5704
-0.125221,0.0690712,0.0557673;-1.42133,0.0977948,-1.57532
-0.126134,0.0999922,0.0425616;-1.5689,-0.0211984,-1.55839
-0.126497,0.0994447,0.0430518;-1.55423,-0.03509,-1.56343
-0.125872,0.0996491,0.0432056;-1.54754,-0.0182334,-1.56514
-0.124063,0.102267,0.0427948;-1.57167,0.0694072,-1.55575
-0.128605,0.0808269,0.0497112;-1.62488,0.160646,-1.56273
-0.131156,0.0450855,0.0649871;-1.51096,0.24802,-1.58664
-0.132605,0.0449714,0.0524414;-1.45736,0.185201,-1.58299
-0.130853,0.0626356,0.0443144;-1.54401,0.122004,-1.56323
-0.130447,0.0654088,0.0428299;-1.56218,0.0791717,-1.56345
-0.129382,0.0654442,0.0427781;-1.57075,0.142997,-1.55649
-0.133579,0.0493189,0.0471932;-1.61109,0.219803,-1.5594
-0.139382,0.0153928,0.0630482;-1.51954,0.311362,-1.58814
-0.142396,-0.0042109,0.0582891;-1.39548,0.31,-1.60851
-0.142461,0.0104646,0.0530439;-1.43988,0.239738,-1.59291
-0.137038,0.0337547,0.0427337;-1.57694,0.176317,-1.5578
-0.13704,0.0337584,0.042951;-1.55339,0.165876,-1.5675
-0.136525,0.0333296,0.0429112;-1.57785,0.231994,-1.55655
-0.145271,0.00658811,0.0518124;-1.62717,0.321657,-1.55596
-0.152081,-0.023493,0.0592982;-1.4749,0.36697,-1.59973
-0.154051,-0.0225063,0.0506254;-1.46786,0.303323,-1.59479
-0.148707,-0.00886725,0.043029;-1.5544,0.246815,-1.56813
-0.148156,-0.00899873,0.0431443;-1.54922,0.275166,-1.57097
-0.146332,-0.00721925,0.0427284;-1.571,0.324928,-1.55788
-0.165402,-0.0489067,0.059281;-1.56527,0.49577,-1.57829
-0.173748,-0.0766369,0.0652748;-1.44476,0.54818,-1.62828
-0.177342,-0.0785843,0.0562054;-1.38857,0.490307,-1.64447
-0.163716,-0.0484639,0.0426937;-1.56696,0.387324,-1.56206
-0.164116,-0.0493451,0.0431787;-1.54749,0.381241,-1.57355
-0.163141,-0.0493053,0.0430831;-1.5505,0.424025,-1.57325
-0.175868,-0.0697167,0.0497282;-1.62878,0.572192,-1.54029
-0.19213,-0.101424,0.0644667;-1.4766,0.657548,-1.62668
-0.199644,-0.114578,0.06147;-1.38913,0.644654,-1.6668
-0.183613,-0.0867304,0.0425638;-1.5842,0.529729,-1.55245
-0.183504,-0.0864613,0.0429421;-1.55649,0.504764,-1.57034
-0.183296,-0.086925,0.043186;-1.54543,0.519354,-1.57765
-0.186343,-0.0912045,0.0444773;-1.59618,0.642584,-1.54726
-0.20805,-0.119803,0.0581587;-1.57504,0.738158,-1.57291
-0.223926,-0.146541,0.0661166;-1.41291,0.798299,-1.67599
-0.216477,-0.130533,0.0470635;-1.49626,0.675085,-1.60907
-0.208094,-0.122741,0.0427825;-1.56567,0.6377,-1.56308
-0.208855,-0.123498,0.043176;-1.54402,0.631333,-1.58081
-0.208719,-0.124133,0.0430335;-1.58071,0.743722,-1.55281
-0.229812,-0.145171,0.0531489;-1.62886,0.836446,-1.53222
-0.251666,-0.172835,0.0660505;-1.41508,0.917326,-1.68971
-0.244511,-0.160476,0.0477437;-1.47515,0.786659,-1.63071
-0.233896,-0.152335,0.042722;-1.56803,0.742146,-1.56074
-0.234884,-0.153047,0.0431858;-1.5416,0.732531,-1.58428
-0.235272,-0.153578,0.043061;-1.58011,0.844815,-1.55207
-0.256909,-0.170625,0.0531418;-1.64931,0.936143,-1.51227
-0.282083,-0.194935,0.0668932;-1.42391,1.02067,-1.69506
-0.275479,-0.18652,0.048571;-1.45324,0.915577,-1.65676
-0.262754,-0.176511,0.0427986;-1.56894,0.853028,-1.55779
-0.264327,-0.176732,0.0430439;-1.54676,0.822343,-1.58168
-0.263524,-0.178316,0.0427598;-1.57064,0.921527,-1.55716
-0.279559,-0.188366,0.0486208;-1.65927,1.00085,-1.49659
-0.307515,-0.208505,0.0641397;-1.43274,1.08833,-1.69322
-0.315479,-0.210653,0.055459;-1.29058,1.02435,-1.80062
-0.300618,-0.19884,0.0478591;-1.45141,0.972699,-1.66003
-0.291384,-0.193307,0.0427042;-1.5673,0.926654,-1.56236
-0.290593,-0.192986,0.0428944;-1.55736,0.940945,-1.57151
-0.292506,-0.193971,0.0431264;-1.58223,1.01384,-1.54937
-0.320338,-0.208481,0.0539753;-1.66051,1.1062,-1.49538
-0.358375,-0.232722,0.059214;-1.12931,1.14968,-1.9586
-0.354438,-0.226262,0.0552001;-1.24726,1.09853,-1.84928
-0.331522,-0.212455,0.0440348;-1.51781,1.04768,-1.60665
-0.327368,-0.211195,0.0431458;-1.52806,1.01732,-1.60135
-0.325196,-0.211583,0.0427094;-1.56685,1.07567,-1.56286
-0.33496,-0.214499,0.0453355;-1.64672,1.15422,-1.49486
-0.394212,-0.246072,0.0675626;-1.11284,1.29336,-2.00303
-0.4003,-0.24513,0.0614512;-1.08332,1.21766,-2.019
-0.382895,-0.236059,0.0499761;-1.32149,1.17451,-1.79494
-0.365892,-0.230791,0.0431457;-1.5248,1.10917,-1.60599
-0.365903,-0.231633,0.0429973;-1.53349,1.16299,-1.59827
-0.36943,-0.232138,0.0439531;-1.61852,1.2368,-1.51727
-0.432785,-0.256559,0.0674194;-0.966697,1.38298,-2.16068
-0.440612,-0.256599,0.0620376;-0.945053,1.29469,-2.16813
-0.421592,-0.250047,0.0501253;-1.25446,1.2611,-1.86836
-0.402689,-0.246488,0.043163;-1.51469,1.18782,-1.61679
-0.403645,-0.247128,0.0430156;-1.51861,1.24236,-1.61495
-0.406184,-0.246742,0.0437811;-1.62975,1.31199,-1.50602
-0.470255,-0.265286,0.0676939;-0.689064,1.44554,-2.44665
-0.477903,-0.264596,0.0629135;-0.781179,1.35673,-2.34174
-0.460156,-0.260534,0.0495428;-1.16633,1.35066,-1.96095
-0.443638,-0.257582,0.0431139;-1.50432,1.2784,-1.6282
-0.444408,-0.258684,0.0429265;-1.51175,1.33725,-1.62281
-0.445519,-0.258523,0.0427897;-1.58711,1.39291,-1.5423
-0.505004,-0.26961,0.0657187;-0.0575413,1.48505,-3.08129
-0.51496,-0.26832,0.0584343;-0.384105,1.39858,-2.73963
-0.505514,-0.266303,0.053962;-0.576921,1.41585,-2.54976
-0.480604,-0.262668,0.0428374;-1.53277,1.37796,-1.59917
-0.480761,-0.263391,0.0430809;-1.44802,1.41104,-1.68717
-0.47854,-0.264264,0.0427542;-1.57333,1.45678,-1.55451
-0.492572,-0.263402,0.0464253;-2.44593,1.51773,-0.691789
-0.551785,-0.269342,0.0632609;0.637229,1.41777,2.5101
-0.551132,-0.266861,0.0550346;0.220969,1.4202,2.9296
-0.52691,-0.267423,0.0445324;-0.776028,1.52909,-2.35508
-0.523066,-0.267962,0.0431964;-1.24077,1.50149,-1.8944
-0.521618,-0.269287,0.0428766;-0.959142,1.55257,-2.1754
-0.524863,-0.268513,0.0436266;1.7732,1.51582,1.37901
-0.591831,-0.265636,0.0671768;1.16792,1.32463,1.96736
-0.597416,-0.262013,0.0609826;0.805856,1.35416,2.33436
-0.576749,-0.263513,0.0482954;0.868695,1.45313,2.27691
-0.562719,-0.266643,0.0432004;0.758498,1.54015,2.3889
-0.562415,-0.267719,0.0431149;1.30096,1.49671,1.84566
-0.563612,-0.267096,0.0432395;1.62812,1.43364,1.52525
-0.627449,-0.257381,0.0674487;1.32674,1.24592,1.80318
-0.635187,-0.253728,0.0620753;1.10639,1.28148,2.02801
-0.615423,-0.255392,0.0480705;1.21673,1.37036,1.92597
-0.601334,-0.259496,0.0431629;1.39906,1.44763,1.7473
-0.601521,-0.260335,0.0430835;1.45877,1.4,1.68662
-0.601008,-0.260533,0.0428144;1.58429,1.34659,1.57146
-0.65864,-0.244968,0.0656769;1.39184,1.1631,1.73604
-0.673438,-0.241581,0.0619512;1.20857,1.15217,1.91796
-0.664972,-0.241414,0.0525634;1.22662,1.21983,1.90485
-0.641643,-0.249823,0.0429239;1.52297,1.32186,1.62464
-0.64213,-0.24989,0.0431425;1.49033,1.30751,1.65396
-0.640876,-0.251616,0.0427389;1.56518,1.2634,1.58747
-0.682169,-0.233043,0.0584586;1.56596,1.09489,1.57047
-0.711665,-0.225486,0.0659239;1.35201,1.01968,1.76694
-0.715293,-0.221767,0.0572931;1.20431,1.05523,1.90896
-0.682448,-0.234419,0.0426686;1.56815,1.20738,1.58483
-0.683181,-0.233577,0.0430353;1.51987,1.22383,1.62593
-0.683533,-0.233699,0.0429996;1.52463,1.1907,1.61931
-0.701365,-0.223032,0.0489779;1.67422,1.04479,1.48141
-0.734319,-0.207395,0.0641966;1.46265,0.955164,1.65928
-0.7504,-0.200028,0.0620767;1.32906,0.937398,1.78082
-0.720971,-0.213555,0.0429364;1.55569,1.08454,1.59643
-0.720241,-0.213258,0.0427956;1.55215,1.13815,1.59494
-0.721599,-0.211216,0.0431244;1.5147,1.18297,1.62737
-0.725231,-0.207862,0.0443285;1.61756,1.07338,1.53491
-0.754982,-0.191499,0.0584236;1.58668,0.983824,1.5497
-0.782951,-0.180113,0.0670096;1.39023,0.914001,1.72316
-0.766342,-0.182711,0.0486427;1.41244,1.0559,1.71559
-0.747272,-0.190422,0.0426475;1.5691,1.13381,1.58317
-0.747722,-0.187587,0.0430363;1.52252,1.19268,1.6207
-0.748764,-0.18536,0.0436404;1.61633,1.11518,1.53236
-0.77269,-0.172478,0.0567066;1.67375,1.02478,1.46852
-0.800484,-0.161562,0.0682516;1.42118,0.947374,1.69411
-0.792082,-0.158955,0.0496666;1.38518,1.07732,1.73827
-0.772779,-0.165468,0.0424306;1.5708,1.13733,1.57809
-0.772566,-0.162269,0.0429683;1.53077,1.19154,1.6138
-0.77211,-0.160001,0.0425855;1.57952,1.18578,1.57146
-0.79184,-0.15131,0.052864;1.63513,1.09818,1.50658
-0.822774,-0.141365,0.0669032;1.41333,1.01074,1.70735
-0.817899,-0.135414,0.0513732;1.32537,1.12756,1.80157
-0.790442,-0.143254,0.0425346;1.59026,1.20065,1.56187
-0.788948,-0.141206,0.0428208;1.54029,1.25415,1.60613
-0.787816,-0.138397,0.0426993;1.57266,1.27196,1.58125
-0.793759,-0.136265,0.0448887;1.62638,1.21471,1.52297
-0.821198,-0.126443,0.0615986;1.52842,1.11857,1.60384
-0.832359,-0.117791,0.0594008;1.30286,1.1599,1.82475
-0.800438,-0.12434,0.0468121;1.43773,1.25159,1.70391
-0.785632,-0.127302,0.0427507;1.5494,1.32077,1.60116
-0.78661,-0.122995,0.0431413;1.46203,1.38914,1.68445
-0.785807,-0.1235,0.0427638;1.5812,1.34915,1.57284
-0.807448,-0.11652,0.0513982;1.70048,1.25828,1.44301
-0.852105,-0.106833,0.0638582;1.26546,1.18712,1.86155
-0.834154,-0.107565,0.0524239;1.17628,1.27115,1.95557
-0.805077,-0.114815,0.0425763;1.62065,1.36737,1.53111
-0.804931,-0.111618,0.0430061;1.40277,1.46647,1.74235
-0.803561,-0.112153,0.0430682;1.46263,1.43496,1.68716
-0.811205,-0.110498,0.0451243;1.70724,1.35282,1.44154
-0.869,-0.101424,0.0642736;1.15544,1.21137,1.97503
-0.856887,-0.0953476,0.0613721;1.07596,1.29401,2.058
-0.830552,-0.0987796,0.0464306;1.26738,1.40137,1.87758
-0.81905,-0.0990335,0.0430367;1.1706,1.52428,1.97534
-0.81928,-0.098488,0.0431723;1.22573,1.50664,1.92087
-0.821045,-0.0979017,0.043885;1.73712,1.43045,1.40856
-0.873348,-0.0889428,0.0687472;1.31061,1.27693,1.81858
-0.86839,-0.0852109,0.066385;1.22803,1.33382,1.90641
-0.850521,-0.084835,0.0478401;1.12956,1.41192,2.01051
-0.834754,-0.0850278,0.0430884;0.920407,1.53858,2.22599
-0.834699,-0.0840324,0.0431948;0.728807,1.54188,2.41909
-0.835598,-0.0836787,0.0430199;1.70985,1.49781,1.43965
-0.835598,-0.0836787,0.0430199;1.70985,1.49781,1.43965
-0.861867,-0.0801311,0.0550783;1.81817,1.40225,1.31779
-0.861867,-0.0801311,0.0550783;1.81817,1.40225,1.31779
