-0.125,0.125,0.06;-1.57,-2.98023e-08,-1.57
-0.125,0.125,0.06;-1.57,-2.98023e-08,-1.57
-0.125,0.125,0.06;-1.57,-2.98023e-08,-1.57
-0.123454,0.142664,0.0428642;-1.56234,-0.133664,-1.56042
-0.124289,0.139156,0.0429696;-1.57734,-0.0655076,-1.55733
-0.128271,0.11261,0.0523969;-1.66403,0.0295067,-1.5688
-0.126055,0.0649654,0.0558285;-1.41515,0.0998678,-1.5782
-0.12604,0.0798274,0.0427418;-1.57099,0.044286,-1.5575
-0.12667,0.0795978,0.0428079;-1.56439,0.0264358,-1.56209
-0.126321,0.0797156,0.043098;-1.55756,0.0325358,-1.55974
-0.124598,0.082299,0.0427734;-1.57118,0.105229,-1.55616
-0.129753,0.068332,0.0498989;-1.64844,0.189017,-1.55341
-0.135508,0.0386439,0.0664972;-1.58659,0.274474,-1.57762
-0.13736,0.023136,0.0512533;-1.4693,0.269032,-1.59094
-0.136189,0.0322877,0.0441702;-1.54579,0.2256,-1.56522
-0.135749,0.0338872,0.0427519;-1.56349,0.22078,-1.56425
-0.136209,0.0338356,0.0429946;-1.5602,0.203781,-1.55963
-0.138239,0.0324139,0.0466744;-1.61475,0.249175,-1.55315
-0.145884,0.0174149,0.0634056;-1.68781,0.337713,-1.54343
-0.154201,-0.00435301,0.0659051;-1.52764,0.351003,-1.59104
-0.152659,0.000392207,0.0548398;-1.48908,0.321666,-1.59033
-0.147077,0.00760955,0.0428444;-1.56891,0.294404,-1.55679
-0.147131,0.00836323,0.0428368;-1.56569,0.297903,-1.56109
-0.146765,0.00850887,0.0428108;-1.56769,0.330586,-1.55935
-0.152835,-0.00232423,0.0508454;-1.61379,0.391071,-1.5564
-0.158377,-0.01255,0.0626622;-1.53781,0.387998,-1.58773
-0.152729,-0.00240743,0.0506984;-1.48443,0.319388,-1.59531
-0.149117,0.00568588,0.0430579;-1.55352,0.294247,-1.56883
-0.148382,0.00656336,0.0429666;-1.56071,0.309533,-1.56301
-0.147115,0.00763182,0.0427276;-1.57053,0.336958,-1.55808
-0.159798,-0.021789,0.0589637;-1.54884,0.45203,-1.58499
-0.168089,-0.0335077,0.070083;-1.50121,0.467269,-1.60898
-0.163826,-0.0252876,0.0625442;-1.46497,0.40341,-1.61657
-0.147125,0.00592538,0.0428521;-1.56395,0.291852,-1.56261
-0.147462,0.00524804,0.0432031;-1.54711,0.292059,-1.57193
-0.146251,0.0061405,0.0430193;-1.5533,0.326168,-1.57069
-0.155946,-0.0124981,0.0499084;-1.63366,0.456273,-1.54416
-0.168289,-0.0414434,0.0651895;-1.48781,0.520145,-1.61373
-0.17301,-0.0496626,0.0640978;-1.39633,0.489328,-1.64862
-0.153227,-0.00750554,0.0428577;-1.5755,0.343133,-1.55612
-0.152968,-0.00725538,0.0431229;-1.54964,0.304433,-1.57167
-0.153156,-0.00773027,0.0432295;-1.54565,0.315444,-1.57322
-0.155832,-0.0114695,0.0447909;-1.59884,0.420689,-1.55025
-0.171857,-0.0402154,0.058965;-1.63086,0.517903,-1.55019
-0.183287,-0.0693178,0.0686496;-1.47486,0.587822,-1.62302
-0.178244,-0.0554598,0.0476783;-1.49323,0.45328,-1.598
-0.17111,-0.0454924,0.0427275;-1.56606,0.408018,-1.56261
-0.171865,-0.0463088,0.0432086;-1.54623,0.397514,-1.57445
-0.171397,-0.045469,0.0431831;-1.57704,0.480453,-1.5542
-0.186222,-0.0619403,0.0538359;-1.70567,0.569661,-1.49712
-0.203105,-0.0875178,0.069691;-1.60268,0.664564,-1.56521
-0.204115,-0.100301,0.0457575;-1.51998,0.622977,-1.59138
-0.201296,-0.0969596,0.0427637;-1.5681,0.591786,-1.56074
-0.201775,-0.0972359,0.0429637;-1.55702,0.583476,-1.56952
-0.199845,-0.0956944,0.0428664;-1.573,0.638342,-1.55735
-0.209023,-0.103579,0.0523032;-1.69056,0.706196,-1.49207
-0.223417,-0.120448,0.0690982;-1.63504,0.78914,-1.53922
-0.227967,-0.131044,0.0464122;-1.50381,0.763282,-1.61145
-0.22353,-0.126804,0.0428153;-1.56921,0.73466,-1.55762
-0.223643,-0.126831,0.04283;-1.56082,0.735336,-1.56891
-0.222602,-0.125981,0.04291;-1.56517,0.755735,-1.56024
-0.225612,-0.127926,0.0474775;-1.61112,0.789001,-1.54004
-0.237562,-0.13529,0.0669864;-1.64684,0.845604,-1.52743
-0.232939,-0.129984,0.056805;-1.57487,0.786305,-1.56853
-0.224725,-0.121082,0.0451804;-1.55181,0.748735,-1.5716
-0.223332,-0.1195,0.0428271;-1.56575,0.719901,-1.56208
-0.222849,-0.119284,0.0428452;-1.56403,0.727144,-1.56392
-0.22412,-0.120257,0.0429348;-1.57869,0.785869,-1.55319
-0.242284,-0.13571,0.0533941;-1.62807,0.85231,-1.53155
-0.260435,-0.149931,0.0679643;-1.47192,0.877515,-1.65429
-0.247917,-0.138456,0.0607802;-1.46372,0.797962,-1.64896
-0.22855,-0.122791,0.0427032;-1.57936,0.748708,-1.55234
-0.228328,-0.122379,0.043016;-1.55557,0.739613,-1.57041
-0.226756,-0.121768,0.0426351;-1.57101,0.776208,-1.56086
-0.234338,-0.128628,0.0445374;-1.60045,0.852753,-1.54214
-0.269606,-0.155458,0.0720477;-1.44562,0.930591,-1.67528
-0.265931,-0.148202,0.0679226;-1.43728,0.857708,-1.67427
-0.243287,-0.130089,0.0485943;-1.45506,0.773593,-1.64974
-0.233666,-0.122129,0.0431584;-1.54286,0.718275,-1.58331
-0.232577,-0.122137,0.0429577;-1.55211,0.770231,-1.57698
-0.236076,-0.123609,0.0440732;-1.59557,0.829782,-1.54339
-0.283339,-0.167058,0.068604;-1.39266,1.00258,-1.71736
-0.291623,-0.17115,0.0626385;-1.30054,0.917676,-1.77688
-0.27904,-0.157174,0.050585;-1.4178,0.85682,-1.68157
-0.262604,-0.145606,0.0431538;-1.54153,0.780053,-1.58545
-0.262248,-0.146224,0.0430892;-1.54398,0.823079,-1.58421
-0.263545,-0.145886,0.0438615;-1.59281,0.869054,-1.54272
-0.307566,-0.175104,0.0722265;-1.56784,1.04742,-1.58695
-0.319652,-0.184465,0.0671826;-1.41958,1.02015,-1.69641
-0.31334,-0.185716,0.0486642;-1.43255,0.996754,-1.67849
-0.305667,-0.18127,0.0430165;-1.54511,0.936601,-1.58453
-0.304478,-0.181241,0.0429943;-1.54543,0.970153,-1.58468
-0.303593,-0.180976,0.042769;-1.57239,0.979192,-1.55574
-0.334813,-0.194042,0.068102;-1.71207,1.12888,-1.45736
-0.346975,-0.199055,0.0653736;-1.48194,1.11911,-1.64997
-0.351044,-0.203119,0.0512592;-1.33103,1.11566,-1.78321
-0.341734,-0.198359,0.042765;-1.55942,1.08466,-1.57228
-0.340738,-0.198246,0.0428924;-1.55356,1.1096,-1.57589
-0.339854,-0.198342,0.0427705;-1.56961,1.13375,-1.55836
-0.345974,-0.199847,0.0451374;-1.62709,1.17612,-1.51356
-0.373268,-0.206655,0.0698694;-1.44922,1.22086,-1.69128
-0.365231,-0.203361,0.0606078;-1.49325,1.20176,-1.6403
-0.354863,-0.202797,0.0426923;-1.58268,1.1777,-1.54808
-0.355504,-0.202812,0.0429081;-1.5549,1.15205,-1.57331
-0.35395,-0.203096,0.0427182;-1.56732,1.18919,-1.56298
-0.355142,-0.203954,0.0430399;-1.57006,1.22925,-1.56094
-0.389155,-0.208676,0.0715361;-1.39283,1.30097,-1.75148
-0.382665,-0.204501,0.0666419;-1.36126,1.22611,-1.77154
-0.356905,-0.198046,0.0444695;-1.49399,1.17973,-1.63278
-0.354542,-0.196734,0.042962;-1.54335,1.15241,-1.58672
-0.353157,-0.196977,0.0428066;-1.56469,1.18034,-1.56358
-0.354816,-0.198036,0.0429308;-1.58047,1.23897,-1.55069
-0.403414,-0.214253,0.0669874;-1.14757,1.33083,-1.98161
-0.401371,-0.211024,0.0650395;-1.23388,1.27914,-1.8928
-0.377339,-0.205126,0.0471937;-1.39223,1.22063,-1.73339
-0.365462,-0.202027,0.0431794;-1.51734,1.15535,-1.61371
-0.36406,-0.202673,0.0430413;-1.52274,1.19998,-1.60992
-0.363415,-0.202487,0.0428183;-1.57815,1.25008,-1.54967
-0.420765,-0.220717,0.0653093;-1.05712,1.40531,-2.07658
-0.43344,-0.223341,0.0619015;-0.801774,1.33669,-2.31225
-0.422435,-0.217209,0.053255;-1.06704,1.30358,-2.05238
-0.396007,-0.21161,0.0429787;-1.52359,1.23491,-1.60857
-0.396338,-0.211955,0.0431956;-1.49567,1.24351,-1.63697
-0.394493,-0.212619,0.0427576;-1.56177,1.28951,-1.56673
-0.43612,-0.21634,0.0593054;-2.05038,1.44963,-1.1035
-0.466299,-0.224579,0.0682359;-0.401849,1.47262,-2.73605
-0.479696,-0.227742,0.0575087;-0.318882,1.38569,-2.80087
-0.461964,-0.224169,0.0427433;-1.5617,1.44059,-1.56793
-0.462618,-0.223748,0.0429374;-1.50162,1.42241,-1.62993
-0.462215,-0.224595,0.0430709;-1.43309,1.4502,-1.70015
-0.47227,-0.222581,0.0493521;-2.97445,1.49704,-0.162464
-0.498698,-0.222365,0.0658115;2.17285,1.47492,0.956769
-0.517752,-0.222925,0.0681972;1.12796,1.46529,2.0075
-0.513457,-0.226561,0.0427076;1.57323,1.51712,1.58059
-0.513084,-0.226544,0.0427459;1.47277,1.51467,1.67646
-0.512752,-0.226577,0.0429052;1.46861,1.51647,1.68565
-0.512563,-0.226822,0.0434286;1.62492,1.45331,1.52709
-0.527575,-0.223516,0.056606;1.88118,1.37428,1.26064
-0.545479,-0.218993,0.0711069;1.56444,1.35169,1.56749
-0.536867,-0.222468,0.0440859;1.41022,1.40472,1.73664
-0.534895,-0.223402,0.0427538;1.54585,1.42708,1.60727
-0.534879,-0.223455,0.0428364;1.52056,1.42384,1.63073
-0.533553,-0.224384,0.042945;1.55731,1.37359,1.59495
-0.544763,-0.22063,0.0523201;1.6377,1.319,1.50471
-0.561307,-0.212687,0.070984;1.52901,1.27739,1.59891
-0.539205,-0.218817,0.0441528;1.44776,1.38508,1.70102
-0.537475,-0.219375,0.0427826;1.55266,1.41008,1.60069
-0.538007,-0.21906,0.0429708;1.49813,1.4178,1.65216
-0.53744,-0.219739,0.0427766;1.58027,1.34129,1.57434
-0.562181,-0.213193,0.0516506;1.62469,1.2593,1.51801
-0.585354,-0.205808,0.0673686;1.36189,1.21099,1.76337
-0.565952,-0.213602,0.0512155;1.14926,1.30458,1.9801
-0.550032,-0.219541,0.0428261;1.5642,1.38839,1.59198
-0.550852,-0.218979,0.0431061;1.45942,1.39937,1.68671
-0.54929,-0.22064,0.0427529;1.57126,1.33783,1.58401
-0.560006,-0.216295,0.0455697;1.67048,1.26145,1.48151
-0.593923,-0.206427,0.0607478;1.48789,1.16989,1.64531
-0.608949,-0.201159,0.0570875;1.089,1.18264,2.02813
-0.585697,-0.209978,0.0470442;1.35164,1.2808,1.78687
-0.574583,-0.215445,0.0427678;1.5408,1.34433,1.6097
-0.575179,-0.215708,0.0430198;1.50615,1.31179,1.63908
-0.575024,-0.215804,0.0428794;1.58648,1.26095,1.56965
-0.597329,-0.204814,0.0519106;1.75374,1.16476,1.39893
-0.646962,-0.186096,0.0623367;1.27399,1.05808,1.84498
-0.639651,-0.18563,0.0527051;1.28762,1.13116,1.83702
-0.619156,-0.195525,0.0426342;1.5912,1.19777,1.56299
-0.619423,-0.195624,0.0431304;1.51257,1.20721,1.63052
-0.618749,-0.197481,0.0429485;1.54687,1.16125,1.60308
-0.624601,-0.191857,0.0459983;1.65102,1.09007,1.5083
-0.67706,-0.162852,0.0695466;1.46584,0.931387,1.65181
-0.688294,-0.158601,0.0587085;1.3274,0.939227,1.78013
-0.681383,-0.165199,0.0461097;1.48864,0.977063,1.64941
-0.678191,-0.166958,0.0428708;1.55971,1.00811,1.59154
-0.677919,-0.168031,0.0429196;1.55799,0.973583,1.59305
-0.67761,-0.168127,0.0428896;1.57446,0.943614,1.57966
-0.705093,-0.143962,0.0698271;1.58749,0.810068,1.54704
-0.709171,-0.137959,0.0669131;1.51809,0.834333,1.61033
-0.707453,-0.144489,0.0450195;1.51981,0.850503,1.61643
-0.704387,-0.144787,0.042575;1.57089,0.907339,1.57873
-0.703104,-0.143601,0.0429408;1.56115,0.92451,1.59248
-0.703303,-0.1437,0.0431066;1.56086,0.902705,1.58469
-0.703303,-0.1437,0.0431066;1.56086,0.902705,1.58469
-0.711087,-0.137083,0.0538673;1.59338,0.848716,1.54681
-0.711087,-0.137083,0.0538673;1.59338,0.848716,1.54681
