-0.125,0.125,0.06;-1.57,-2.98023e-08,-1.57
-0.125,0.125,0.06;-1.57,-2.98023e-08,-1.57
-0.125,0.125,0.06;-1.57,-2.98023e-08,-1.57
-0.123079,0.143053,0.0428723;-1.56252,-0.13208,-1.5602
-0.124042,0.139336,0.0429671;-1.57755,-0.0641059,-1.5573
-0.127803,0.112781,0.0523986;-1.66588,0.0306415,-1.56876
-0.127152,0.0698014,0.056548;-1.42005,0.083158,-1.57758
-0.125646,0.101961,0.042538;-1.56628,-0.043736,-1.55821
-0.125774,0.101434,0.0431737;-1.54893,-0.0566681,-1.56391
-0.125486,0.1015,0.0432464;-1.54541,-0.0417921,-1.56522
-0.124219,0.103399,0.0428136;-1.57162,0.0306149,-1.55531
-0.129271,0.0852518,0.0503258;-1.64997,0.11956,-1.5605
-0.132908,0.052055,0.0664325;-1.55634,0.213062,-1.58215
-0.134538,0.0520485,0.0528129;-1.45328,0.13671,-1.58255
-0.132106,0.0736715,0.0443797;-1.53892,0.06373,-1.56337
-0.131305,0.0773867,0.0429477;-1.55742,0.0154292,-1.56375
-0.130544,0.0762166,0.0427935;-1.5709,0.0841713,-1.5559
-0.135536,0.0596947,0.0482545;-1.63317,0.168414,-1.55716
-0.142058,0.0257539,0.0644277;-1.55865,0.265876,-1.58158
-0.145281,0.00524162,0.0589783;-1.37841,0.250125,-1.6072
-0.145386,0.0224012,0.0544122;-1.42072,0.170536,-1.59283
-0.139479,0.0516212,0.0426556;-1.58315,0.100258,-1.55782
-0.139044,0.0521336,0.0431326;-1.55022,0.0850304,-1.567
-0.13885,0.0518186,0.043131;-1.57875,0.157385,-1.55672
-0.147036,0.0255976,0.0528525;-1.65719,0.244691,-1.55329
-0.152643,-0.00232682,0.0609773;-1.49368,0.282389,-1.59173
-0.153345,7.42752e-05,0.0515279;-1.45266,0.208474,-1.59276
-0.147454,0.018248,0.0431644;-1.54937,0.139597,-1.56792
-0.147229,0.0180869,0.0431727;-1.54836,0.161813,-1.56925
-0.145505,0.0198513,0.0427678;-1.56968,0.202001,-1.55808
-0.161267,-0.0189229,0.0602291;-1.61246,0.370685,-1.56533
-0.168416,-0.0466624,0.0666151;-1.46157,0.421019,-1.61204
-0.172071,-0.0463844,0.0572793;-1.37677,0.349458,-1.63183
-0.159046,-0.0102327,0.0427941;-1.56566,0.225549,-1.5615
-0.159766,-0.0112214,0.0432619;-1.54567,0.214821,-1.57035
-0.159853,-0.0119642,0.0431286;-1.5493,0.257731,-1.5711
-0.16938,-0.0292443,0.0506129;-1.65847,0.394735,-1.53747
-0.181704,-0.0607446,0.0665898;-1.54288,0.489601,-1.59174
-0.187955,-0.0759657,0.0637852;-1.41372,0.468961,-1.6346
-0.174261,-0.0415848,0.0425704;-1.58693,0.335554,-1.55313
-0.173917,-0.0415203,0.0430699;-1.5518,0.303367,-1.57058
-0.173938,-0.0420528,0.0432272;-1.54574,0.316352,-1.57321
-0.176583,-0.0452984,0.0448791;-1.59814,0.425158,-1.55079
-0.192405,-0.0733907,0.0590531;-1.63334,0.52027,-1.54897
-0.2038,-0.101804,0.0687474;-1.47539,0.581172,-1.62197
-0.197958,-0.0828291,0.0478679;-1.48912,0.430169,-1.59922
-0.189379,-0.0704536,0.0427016;-1.56601,0.383976,-1.563
-0.189891,-0.0711601,0.0432508;-1.54486,0.377063,-1.5745
-0.190551,-0.0717223,0.0432488;-1.58074,0.480404,-1.55365
-0.205747,-0.0922183,0.0541353;-1.6797,0.569892,-1.51729
-0.221986,-0.121717,0.0689776;-1.51775,0.660178,-1.6097
-0.215846,-0.109051,0.0485121;-1.4807,0.507258,-1.6105
-0.205033,-0.0955149,0.0426893;-1.56842,0.453617,-1.56087
-0.20574,-0.0962563,0.0432324;-1.54433,0.43957,-1.57664
-0.207234,-0.0972444,0.0433059;-1.58207,0.554479,-1.55228
-0.224274,-0.117808,0.0539884;-1.6853,0.646116,-1.50676
-0.242413,-0.146639,0.068793;-1.5138,0.7358,-1.61534
-0.237124,-0.136776,0.0489597;-1.47482,0.611961,-1.62155
-0.224973,-0.121076,0.0425537;-1.56937,0.547505,-1.55859
-0.226169,-0.121904,0.0431627;-1.54632,0.521037,-1.57723
-0.225821,-0.123011,0.0428003;-1.57107,0.618801,-1.55535
-0.239308,-0.136577,0.0495072;-1.66864,0.702407,-1.50696
-0.26046,-0.162276,0.0659922;-1.53914,0.796117,-1.60051
-0.266461,-0.166891,0.0561228;-1.37144,0.727025,-1.69872
-0.253177,-0.149565,0.0487409;-1.46559,0.65433,-1.62921
-0.243326,-0.139757,0.0427203;-1.5669,0.596054,-1.56159
-0.243366,-0.139468,0.0430772;-1.54901,0.61153,-1.57696
-0.245233,-0.14079,0.0434255;-1.58331,0.689526,-1.55098
-0.267817,-0.162298,0.0547344;-1.68165,0.777247,-1.49876
-0.29648,-0.198246,0.0614249;-1.31315,0.832279,-1.75049
-0.293396,-0.189583,0.0563256;-1.33915,0.753274,-1.72565
-0.272296,-0.167509,0.0443834;-1.52702,0.692097,-1.58911
-0.268203,-0.16447,0.0432156;-1.54144,0.655509,-1.58319
-0.265958,-0.164073,0.0428281;-1.56435,0.706478,-1.56401
-0.272885,-0.16793,0.045908;-1.62282,0.771934,-1.52741
-0.317748,-0.213349,0.0705217;-1.42081,0.936336,-1.68944
-0.323779,-0.216748,0.062741;-1.31007,0.847875,-1.75925
-0.310573,-0.20356,0.0509706;-1.41941,0.786726,-1.675
-0.293252,-0.190477,0.0431941;-1.54148,0.71264,-1.5841
-0.294416,-0.191593,0.0430361;-1.5481,0.767874,-1.58017
-0.296995,-0.192434,0.044269;-1.59916,0.828595,-1.54031
-0.345719,-0.233029,0.070224;-1.44713,1.00358,-1.67758
-0.353754,-0.236763,0.0642854;-1.31805,0.916235,-1.76683
-0.339025,-0.22387,0.0508258;-1.41127,0.850104,-1.68812
-0.320143,-0.211267,0.0431912;-1.54006,0.770777,-1.58629
-0.321361,-0.212423,0.0430404;-1.54677,0.82549,-1.58195
-0.323923,-0.212688,0.0442368;-1.60232,0.888643,-1.53635
-0.374519,-0.250205,0.0704359;-1.44705,1.06717,-1.68345
-0.38194,-0.25321,0.0653111;-1.3205,0.981414,-1.77577
-0.366777,-0.240129,0.0503695;-1.40908,0.917164,-1.69612
-0.348596,-0.229095,0.0431808;-1.53874,0.828718,-1.58852
-0.350459,-0.230035,0.0429681;-1.54673,0.887191,-1.58406
-0.351495,-0.229957,0.0429781;-1.58499,0.946173,-1.54621
-0.401274,-0.261589,0.0679494;-1.46032,1.11945,-1.67478
-0.409943,-0.265396,0.0603274;-1.25023,1.02947,-1.84125
-0.40168,-0.258876,0.0543058;-1.30688,1.01839,-1.79226
-0.375192,-0.243152,0.0428974;-1.5525,0.902946,-1.57748
-0.375956,-0.243943,0.0431162;-1.53578,0.936136,-1.59418
-0.37385,-0.243646,0.0427462;-1.57285,0.977006,-1.5546
-0.38718,-0.248016,0.0473282;-1.67916,1.05672,-1.47089
-0.437919,-0.278196,0.0649591;-1.2656,1.1668,-1.84666
-0.437056,-0.273984,0.0561585;-1.20371,1.0802,-1.8933
-0.412305,-0.261935,0.0451576;-1.49437,1.03773,-1.62853
-0.406308,-0.2599,0.0432622;-1.52549,0.992899,-1.60316
-0.404986,-0.259994,0.0429551;-1.54287,1.03781,-1.58893
-0.407053,-0.259863,0.043779;-1.59819,1.09504,-1.53537
-0.462441,-0.285304,0.0697265;-1.40068,1.27128,-1.73858
-0.470218,-0.286547,0.0624599;-1.17709,1.17142,-1.93082
-0.451081,-0.276421,0.0491057;-1.37644,1.10846,-1.74186
-0.433871,-0.271142,0.0432147;-1.5249,1.04774,-1.60477
-0.435322,-0.271395,0.0431067;-1.52606,1.10169,-1.60573
-0.435893,-0.270686,0.0433265;-1.59629,1.15588,-1.53579
-0.491498,-0.290279,0.0694513;-1.39701,1.33307,-1.74619
-0.499855,-0.291694,0.0630814;-1.12584,1.23676,-1.98967
-0.481097,-0.284893,0.0489451;-1.34786,1.18954,-1.77383
-0.464515,-0.281193,0.0432169;-1.51697,1.12807,-1.61366
-0.465695,-0.281652,0.043131;-1.51558,1.18162,-1.61678
-0.464686,-0.281489,0.0428668;-1.58308,1.23153,-1.54508
-0.518436,-0.293485,0.0674068;-1.41402,1.40548,-1.73312
-0.533932,-0.297313,0.064245;-0.895424,1.34014,-2.22473
-0.524861,-0.292316,0.0536452;-1.07305,1.28033,-2.04724
-0.496084,-0.287801,0.0430867;-1.51723,1.21879,-1.61502
-0.496619,-0.288092,0.0432192;-1.49992,1.23135,-1.63228
-0.494919,-0.288526,0.0427776;-1.56134,1.26777,-1.56839
-0.532838,-0.292415,0.0592626;-1.96291,1.41603,-1.19279
-0.562268,-0.300942,0.0686358;-0.773214,1.45259,-2.36317
-0.567876,-0.300052,0.058809;-0.670001,1.33174,-2.44856
-0.528572,-0.293034,0.042712;-1.56359,1.29016,-1.56549
-0.52976,-0.293033,0.0432016;-1.49391,1.27461,-1.63844
-0.531112,-0.292941,0.0431138;-1.49162,1.31372,-1.64213
-0.548987,-0.292799,0.0498485;-2.13709,1.42603,-1.00834
-0.583214,-0.29714,0.0659347;-1.01831,1.5365,-2.13067
-0.601223,-0.300009,0.064256;-0.209532,1.43446,-2.92225
-0.564857,-0.293983,0.0430527;-1.50529,1.39483,-1.62364
-0.562442,-0.294141,0.0430055;-1.49519,1.35538,-1.63862
-0.563028,-0.294352,0.0432513;-1.45061,1.36293,-1.68316
-0.565692,-0.29391,0.0444875;-1.77223,1.46894,-1.36101
-0.596499,-0.293845,0.0581985;-3.0866,1.50936,-0.0639822
-0.627713,-0.297911,0.0697688;0.798128,1.47453,2.34019
-0.61139,-0.293877,0.0486896;-0.802455,1.45599,-2.33089
-0.594314,-0.295315,0.0426899;-1.55341,1.43183,-1.57664
-0.595548,-0.294917,0.0432368;-1.41687,1.41632,-1.717
-0.596923,-0.294445,0.0434502;-1.83761,1.53415,-1.29212
-0.623732,-0.291618,0.0545508;2.56859,1.46436,0.569342
-0.657403,-0.292365,0.0692014;1.25131,1.41775,1.88147
-0.643763,-0.291338,0.0487603;-0.0445755,1.48766,-3.09271
-0.625864,-0.294174,0.042645;-1.53961,1.50774,-1.59091
-0.626916,-0.293992,0.0432369;-1.26859,1.49174,-1.86611
-0.628063,-0.293462,0.0431071;1.77747,1.54232,1.37722
-0.651989,-0.289099,0.053353;2.2272,1.41829,0.915116
-0.685366,-0.2871,0.0687966;1.40218,1.35857,1.72894
-0.684539,-0.283838,0.0520226;0.671185,1.41925,2.46802
-0.660178,-0.288739,0.0425707;1.32077,1.54232,1.83598
-0.660944,-0.288389,0.0431492;0.0723725,1.55,3.07506
-0.659652,-0.28985,0.042743;1.58331,1.5042,1.57222
-0.670998,-0.285378,0.0464645;1.8698,1.42124,1.28091
-0.704499,-0.279189,0.0622421;1.66097,1.33154,1.47394
-0.729633,-0.275443,0.0568177;0.827097,1.29788,2.30134
-0.704849,-0.279406,0.0476677;1.07505,1.42161,2.06766
-0.692603,-0.282932,0.0427672;1.50295,1.49296,1.64836
-0.693764,-0.2828,0.0430278;1.42265,1.45622,1.72369
-0.69324,-0.282612,0.0429228;1.5955,1.40623,1.56039
-0.715802,-0.274516,0.0520994;1.89169,1.30268,1.2579
-0.762574,-0.263573,0.0641107;1.13665,1.22084,1.98995
-0.751209,-0.263522,0.0534499;1.05202,1.29463,2.07656
-0.724721,-0.272639,0.0427879;1.62737,1.3928,1.52716
-0.725585,-0.272278,0.0432223;1.42264,1.41163,1.72272
-0.723514,-0.273751,0.0427512;1.56248,1.3687,1.59072
-0.730724,-0.269322,0.0457081;1.69938,1.29617,1.45446
-0.791008,-0.251952,0.0682328;1.35334,1.13912,1.77159
-0.79315,-0.249422,0.0582856;1.05926,1.18169,2.0573
-0.769209,-0.257717,0.0476266;1.31889,1.28708,1.81914
-0.758794,-0.261602,0.0430948;1.45261,1.39747,1.69166
-0.758401,-0.260982,0.0430946;1.47017,1.38225,1.67542
-0.759359,-0.259313,0.04391;1.64736,1.30668,1.5034
-0.815278,-0.24109,0.0704132;1.49175,1.13245,1.63369
-0.824078,-0.23732,0.0633652;1.18086,1.18417,1.93883
-0.804669,-0.242214,0.0494891;1.25741,1.27442,1.87299
-0.786829,-0.247353,0.0430316;1.45819,1.4201,1.688
-0.786761,-0.246239,0.0432167;1.43168,1.43008,1.71777
-0.787855,-0.24578,0.0435601;1.64626,1.36211,1.50463
-0.787855,-0.24578,0.0435601;1.64626,1.36211,1.50463
-0.814068,-0.237085,0.0557452;1.85904,1.26034,1.28507
-0.814068,-0.237085,0.0557452;1.85904,1.26034,1.28507
