-0.125,0.125,0.06;-1.57,-2.98023e-08,-1.57
-0.125,0.125,0.06;-1.57,-2.98023e-08,-1.57
-0.125,0.125,0.06;-1.57,-2.98023e-08,-1.57
-0.12469,0.136268,0.0428387;-1.5627,-0.156852,-1.56052
-0.125198,0.132832,0.0428399;-1.5789,-0.0816052,-1.55675
-0.129259,0.106061,0.0522016;-1.64309,0.0168472,-1.56907
-0.127525,0.0655114,0.0555504;-1.41347,0.0652925,-1.58033
-0.127072,0.0991117,0.0425429;-1.56889,-0.0718934,-1.55831
-0.127184,0.0983786,0.0431133;-1.55065,-0.086647,-1.5637
-0.126866,0.0979621,0.0432039;-1.54692,-0.0696755,-1.56451
-0.125929,0.0995906,0.0427907;-1.57197,0.0149358,-1.55487
-0.130732,0.0799776,0.0499583;-1.63291,0.10634,-1.56239
-0.133515,0.045856,0.0657443;-1.52187,0.199727,-1.58727
-0.136738,0.0460711,0.0528124;-1.44743,0.120176,-1.58589
-0.134933,0.0665473,0.0442037;-1.54137,0.0466883,-1.56402
-0.133876,0.0705607,0.0428979;-1.55926,0.000775933,-1.5635
-0.132939,0.0697045,0.0428007;-1.5709,0.0768148,-1.55558
-0.13801,0.0527756,0.047837;-1.62163,0.163373,-1.55861
-0.143948,0.0179837,0.0637618;-1.52481,0.258637,-1.58847
-0.147064,-0.000645987,0.0588395;-1.38325,0.243375,-1.61143
-0.147816,0.0160471,0.0533679;-1.43266,0.161409,-1.59241
-0.142861,0.0433043,0.0426543;-1.57972,0.0881963,-1.55748
-0.142183,0.0441016,0.0430605;-1.55257,0.0784696,-1.56671
-0.142278,0.0437975,0.0430907;-1.57732,0.156596,-1.55616
-0.151317,0.0171204,0.0526516;-1.6351,0.247295,-1.55684
-0.156938,-0.011197,0.0599954;-1.47539,0.28458,-1.59902
-0.15897,-0.00822742,0.0509441;-1.45982,0.208243,-1.5918
-0.153344,0.0102535,0.0431188;-1.55053,0.133282,-1.568
-0.152914,0.010227,0.0431492;-1.54916,0.159427,-1.56896
-0.151208,0.0123613,0.0427517;-1.5714,0.204732,-1.55705
-0.167779,-0.0266082,0.0601702;-1.58069,0.378882,-1.57519
-0.174091,-0.0548618,0.0650855;-1.43495,0.424458,-1.62436
-0.177042,-0.0563893,0.0561673;-1.38565,0.348616,-1.63299
-0.16466,-0.020371,0.0427563;-1.56675,0.223123,-1.56125
-0.165065,-0.0212689,0.0432045;-1.54728,0.21739,-1.57039
-0.165161,-0.0218762,0.0430729;-1.55139,0.268453,-1.57054
-0.175469,-0.0393741,0.0503735;-1.63898,0.413155,-1.54255
-0.188735,-0.071275,0.0657336;-1.50724,0.505781,-1.60749
-0.195892,-0.0858746,0.0615516;-1.39356,0.482521,-1.64926
-0.183214,-0.049835,0.0425724;-1.58579,0.336813,-1.55272
-0.182502,-0.0490682,0.0430089;-1.55384,0.306117,-1.56994
-0.18231,-0.0495769,0.043219;-1.54589,0.322031,-1.5735
-0.184617,-0.0522441,0.0446567;-1.59446,0.437347,-1.55144
-0.201698,-0.0803669,0.0588756;-1.59791,0.536371,-1.56401
-0.21291,-0.109966,0.0669747;-1.44183,0.595258,-1.64252
-0.208156,-0.0910477,0.0475071;-1.49442,0.442613,-1.6
-0.200138,-0.0799194,0.0426962;-1.56699,0.391413,-1.56207
-0.200676,-0.0806573,0.0432001;-1.54627,0.384303,-1.57444
-0.201039,-0.0810307,0.0431999;-1.57817,0.504199,-1.5544
-0.217897,-0.101693,0.05393;-1.64746,0.599127,-1.5309
-0.235077,-0.131194,0.0678135;-1.47791,0.688147,-1.63505
-0.231603,-0.116172,0.0480462;-1.48348,0.519823,-1.61108
-0.220725,-0.103035,0.042657;-1.56881,0.467454,-1.56064
-0.221321,-0.103862,0.0431883;-1.54613,0.457585,-1.57593
-0.223383,-0.104453,0.0432473;-1.5788,0.573672,-1.55328
-0.241411,-0.123784,0.0539223;-1.6556,0.668654,-1.52118
-0.260385,-0.152254,0.0679083;-1.4775,0.75775,-1.64097
-0.256803,-0.141923,0.0492271;-1.46556,0.621736,-1.63028
-0.243062,-0.126302,0.0425133;-1.56948,0.559014,-1.55822
-0.243985,-0.126762,0.0430935;-1.5488,0.534098,-1.57612
-0.243836,-0.127949,0.042798;-1.57123,0.647941,-1.55526
-0.258469,-0.141101,0.0494188;-1.64968,0.733483,-1.51645
-0.28129,-0.167133,0.0650903;-1.4873,0.827237,-1.63759
-0.287405,-0.169777,0.0556843;-1.35523,0.754326,-1.71976
-0.275085,-0.153897,0.0482396;-1.46903,0.682742,-1.63231
-0.265015,-0.144527,0.0427376;-1.56822,0.627305,-1.56099
-0.264772,-0.144784,0.0428845;-1.56076,0.651144,-1.5671
-0.267012,-0.145998,0.0433009;-1.58103,0.734468,-1.55184
-0.291454,-0.166515,0.0546448;-1.64466,0.826561,-1.52056
-0.321152,-0.200898,0.0587519;-1.26547,0.870824,-1.79985
-0.316434,-0.191378,0.0555028;-1.33838,0.796912,-1.73728
-0.295589,-0.169974,0.0440635;-1.53259,0.731088,-1.58795
-0.291691,-0.167447,0.0432303;-1.54014,0.693434,-1.58461
-0.289246,-0.166892,0.0426967;-1.57094,0.747883,-1.5589
-0.296461,-0.170302,0.0455755;-1.61711,0.818954,-1.52897
-0.343811,-0.214975,0.0686735;-1.36783,0.978818,-1.73775
-0.35059,-0.217169,0.0602904;-1.28061,0.889289,-1.79555
-0.336551,-0.201559,0.0505076;-1.41847,0.822785,-1.68158
-0.318808,-0.189352,0.0431399;-1.54278,0.74626,-1.58411
-0.319794,-0.190485,0.0430163;-1.54811,0.816086,-1.58081
-0.323087,-0.191093,0.0441037;-1.59758,0.886377,-1.53996
-0.374423,-0.229301,0.0686843;-1.37365,1.06218,-1.74521
-0.383418,-0.232211,0.0619946;-1.27361,0.969477,-1.81679
-0.368207,-0.217627,0.0504874;-1.40473,0.896883,-1.69989
-0.349153,-0.205967,0.0431027;-1.54094,0.817965,-1.58698
-0.350455,-0.206731,0.0429119;-1.55137,0.885127,-1.57796
-0.35445,-0.207538,0.044175;-1.59944,0.957827,-1.53685
-0.408568,-0.243137,0.0684248;-1.34251,1.13236,-1.78025
-0.416853,-0.24483,0.0625842;-1.25575,1.04272,-1.84446
-0.401006,-0.231568,0.0502977;-1.39067,0.97825,-1.71958
-0.38038,-0.220979,0.0431263;-1.53834,0.899803,-1.59059
-0.381933,-0.221897,0.0429395;-1.54655,0.968381,-1.58496
-0.38328,-0.22143,0.042898;-1.5821,1.02744,-1.54788
-0.43763,-0.248205,0.0665522;-1.35649,1.19786,-1.7746
-0.448229,-0.250495,0.0579897;-1.16875,1.09605,-1.93085
-0.438979,-0.244335,0.0540164;-1.26617,1.09202,-1.84282
-0.412336,-0.231562,0.0428713;-1.55319,0.984641,-1.57765
-0.413207,-0.232117,0.0430756;-1.53492,1.02789,-1.59596
-0.411023,-0.232032,0.0427771;-1.57148,1.06825,-1.55563
-0.424353,-0.234762,0.047026;-1.68687,1.14973,-1.45852
-0.47829,-0.259728,0.0631884;-1.12557,1.24508,-1.99208
-0.478108,-0.255461,0.0554518;-1.15505,1.16439,-1.95508
-0.453329,-0.24454,0.0446431;-1.48838,1.11879,-1.63823
-0.447528,-0.243717,0.0432192;-1.52033,1.08174,-1.61012
-0.445719,-0.243952,0.0428511;-1.54751,1.13272,-1.58502
-0.448363,-0.243632,0.0436277;-1.60384,1.18828,-1.52898
-0.507335,-0.2637,0.0685137;-1.18562,1.35642,-1.95209
-0.515862,-0.26352,0.0602766;-1.02588,1.24912,-2.09272
-0.495635,-0.25513,0.0486311;-1.33927,1.20428,-1.7852
-0.479132,-0.251913,0.0432069;-1.51565,1.14722,-1.61522
-0.479906,-0.252169,0.04306;-1.51673,1.21046,-1.61575
-0.480318,-0.251468,0.0433555;-1.59529,1.27121,-1.53466
-0.538916,-0.26434,0.068145;-1.03859,1.43946,-2.10528
-0.547942,-0.263541,0.0614577;-0.899742,1.32996,-2.22788
-0.528502,-0.257511,0.0485702;-1.26961,1.29288,-1.85887
-0.511658,-0.255706,0.0431718;-1.50527,1.23182,-1.62707
-0.513161,-0.255838,0.0431088;-1.49718,1.2932,-1.63646
-0.512295,-0.255622,0.0428663;-1.58601,1.35129,-1.54125
-0.570071,-0.263208,0.0666563;-0.550498,1.50051,-2.59622
-0.58575,-0.265152,0.0620027;-0.375034,1.40243,-2.7591
-0.575843,-0.261761,0.0531398;-0.782006,1.38283,-2.34989
-0.547718,-0.260207,0.0430219;-1.50058,1.33333,-1.63307
-0.548205,-0.260493,0.0432221;-1.46172,1.34879,-1.67213
-0.545547,-0.261441,0.0427245;-1.57143,1.39491,-1.55754
-0.58554,-0.260347,0.059132;-2.72859,1.55078,-0.420597
-0.615975,-0.265805,0.066633;0.428136,1.44859,2.71202
-0.621195,-0.263227,0.056999;-0.114362,1.38224,-3.02277
-0.580105,-0.260466,0.042677;-1.56441,1.40891,-1.56443
-0.581162,-0.260228,0.0431668;-1.44652,1.39619,-1.68756
-0.582012,-0.260425,0.0430793;-1.41961,1.44319,-1.71566
-0.600945,-0.258212,0.0494627;2.82801,1.50766,0.316135
-0.635968,-0.258194,0.0651183;1.14007,1.44659,1.99219
-0.653651,-0.258175,0.0617841;0.610911,1.38074,2.52674
-0.616414,-0.255557,0.0428455;-1.45004,1.52503,-1.68058
-0.613575,-0.256244,0.0429537;-1.39433,1.48965,-1.74061
-0.614277,-0.256335,0.0432171;-1.22821,1.50125,-1.90721
-0.617036,-0.255535,0.0443428;1.94227,1.52026,1.20934
-0.648427,-0.250343,0.0582445;1.77555,1.4228,1.36087
-0.680664,-0.250021,0.0676811;1.12064,1.33064,2.01023
-0.663988,-0.246839,0.0484624;0.666971,1.46904,2.47527
-0.647957,-0.250641,0.0426926;1.36554,1.55926,1.78749
-0.648772,-0.250785,0.043177;0.207665,1.5485,2.93953
-0.650758,-0.249333,0.043339;1.63229,1.44192,1.52185
-0.67751,-0.241558,0.0543814;1.82436,1.33884,1.31949
-0.711504,-0.237236,0.067722;1.31798,1.24848,1.80682
-0.697599,-0.236349,0.0485049;1.06778,1.39975,2.0704
-0.680393,-0.241945,0.0426546;1.54358,1.47711,1.60922
-0.681142,-0.241773,0.043171;1.31511,1.48467,1.83114
-0.68179,-0.241261,0.0430815;1.6051,1.36421,1.55061
-0.706215,-0.231158,0.0534179;1.79367,1.26144,1.35559
-0.740135,-0.223485,0.0674114;1.38883,1.17232,1.73342
-0.737109,-0.218746,0.0518042;1.14886,1.27915,1.9778
-0.713764,-0.227746,0.0425824;1.54932,1.36898,1.60459
-0.714424,-0.2274,0.0429774;1.46809,1.39012,1.67762
-0.712984,-0.229335,0.0427751;1.57325,1.31338,1.58307
-0.723532,-0.223027,0.046306;1.69135,1.23175,1.46401
-0.756313,-0.210071,0.0618645;1.54292,1.13665,1.58833
-0.781065,-0.201396,0.0560512;1.15855,1.14428,1.95122
-0.757512,-0.209151,0.0472549;1.35868,1.24827,1.77672
-0.746607,-0.215387,0.04279;1.55203,1.30796,1.59894
-0.747093,-0.213309,0.0430319;1.50117,1.33903,1.64526
-0.746545,-0.213127,0.0428659;1.58863,1.2776,1.56632
-0.769585,-0.201546,0.0523542;1.73525,1.18144,1.41539
-0.813976,-0.183892,0.061346;1.18962,1.09823,1.91797
-0.80046,-0.185256,0.0531879;1.20969,1.18273,1.9079
-0.773127,-0.196408,0.0431017;1.60642,1.2751,1.5482
-0.771859,-0.194007,0.0430397;1.46953,1.38888,1.67515
-0.770843,-0.193927,0.042994;1.50414,1.36717,1.644
-0.777507,-0.190151,0.0453907;1.68323,1.28766,1.46885
-0.836492,-0.173845,0.0656636;1.26035,1.13286,1.85769
-0.838661,-0.169681,0.0567246;1.05249,1.19628,2.06123
-0.812056,-0.174928,0.0476682;1.27675,1.32434,1.85955
-0.796823,-0.17803,0.042922;1.44859,1.46574,1.69857
-0.797092,-0.177386,0.0431337;1.37522,1.46643,1.77119
-0.798567,-0.176197,0.0439293;1.68984,1.38255,1.45769
-0.855169,-0.161508,0.0681756;1.30984,1.20353,1.8126
-0.864916,-0.156003,0.0588188;0.943736,1.23913,2.17383
-0.844451,-0.156579,0.0495086;1.11285,1.36066,2.02064
-0.825923,-0.158332,0.043013;1.30393,1.50717,1.8426
-0.826521,-0.156304,0.0432506;0.991938,1.52879,2.15618
-0.827261,-0.156451,0.0432456;1.6872,1.47384,1.46213
-0.827261,-0.156451,0.0432456;1.6872,1.47384,1.46213
-0.852589,-0.150572,0.0555921;1.82562,1.37735,1.31144
-0.852589,-0.150572,0.0555921;1.82562,1.37735,1.31144
