-0.125,0.125,0.06;-1.57,-2.98023e-08,-1.57
-0.125,0.125,0.06;-1.57,-2.98023e-08,-1.57
-0.125,0.125,0.06;-1.57,-2.98023e-08,-1.57
-0.123628,0.141468,0.0428421;-1.56308,-0.131439,-1.56047
-0.123968,0.140304,0.0427243;-1.5774,-0.0928926,-1.55609
-0.127144,0.12701,0.0511677;-1.66188,-0.0277578,-1.56565
-0.129947,0.100881,0.0612757;-1.56191,0.0152635,-1.57478
-0.127997,0.127226,0.0427535;-1.56912,-0.11564,-1.55695
-0.128339,0.126356,0.0431526;-1.54905,-0.120762,-1.56305
-0.128003,0.126301,0.0431929;-1.54759,-0.110489,-1.56319
-0.127426,0.128133,0.0428214;-1.57145,-0.0531129,-1.55431
-0.131658,0.114617,0.050597;-1.65839,0.0224895,-1.56151
-0.134969,0.0886546,0.0658636;-1.63429,0.100919,-1.5766
-0.13675,0.0829441,0.0524204;-1.50761,0.0647706,-1.57394
-0.135107,0.0924942,0.0427212;-1.57043,0.0348821,-1.55881
-0.135082,0.0926927,0.0428864;-1.56101,0.01599,-1.56296
-0.134293,0.0928994,0.0428338;-1.57012,0.0486077,-1.55527
-0.135629,0.0798692,0.046501;-1.59927,0.120717,-1.56403
-0.137194,0.0494239,0.0627344;-1.52034,0.198553,-1.5828
-0.138597,0.0326151,0.0594253;-1.42025,0.202256,-1.58885
-0.139435,0.0419587,0.0526509;-1.44859,0.155569,-1.57837
-0.137509,0.0541294,0.0426693;-1.57308,0.1288,-1.55737
-0.137653,0.0542833,0.0428064;-1.56688,0.128208,-1.55996
-0.136772,0.0542511,0.0429356;-1.56405,0.172757,-1.55985
-0.139605,0.0390188,0.0498125;-1.56589,0.235148,-1.56992
-0.145435,0.0266347,0.0617293;-1.48924,0.218883,-1.58839
-0.141431,0.0367567,0.0501807;-1.46991,0.176778,-1.58515
-0.13811,0.0466543,0.043175;-1.5489,0.107781,-1.56747
-0.137712,0.0468266,0.043196;-1.54733,0.122005,-1.56882
-0.136292,0.0482839,0.0429842;-1.56064,0.158235,-1.56147
-0.147784,0.0268604,0.0582682;-1.70179,0.288413,-1.53495
-0.154912,0.00479008,0.070508;-1.60652,0.345426,-1.5695
-0.155235,0.00462105,0.0631938;-1.49627,0.27498,-1.59497
-0.144003,0.0305334,0.0428552;-1.56366,0.160496,-1.56218
-0.144178,0.0298238,0.04325;-1.54598,0.161977,-1.56931
-0.143698,0.0300393,0.0431074;-1.54998,0.191517,-1.56998
-0.152127,0.0179423,0.0507986;-1.66515,0.311121,-1.5344
-0.163441,-0.00635576,0.0662329;-1.64378,0.396609,-1.55484
-0.169126,-0.0196438,0.0688729;-1.54143,0.395958,-1.58836
-0.161869,-0.00806834,0.0428293;-1.57088,0.332114,-1.55434
-0.16256,-0.00848352,0.0429375;-1.55796,0.321007,-1.56746
-0.162123,-0.0079426,0.0429481;-1.56299,0.32391,-1.56096
-0.162513,-0.0127555,0.0433811;-1.57626,0.440257,-1.55911
-0.173578,-0.0398532,0.0556357;-1.52066,0.507377,-1.59168
-0.184199,-0.0560719,0.0674105;-1.45386,0.526815,-1.62364
-0.179836,-0.0419533,0.0453764;-1.52843,0.454636,-1.57833
-0.178327,-0.0389617,0.0427289;-1.56836,0.437693,-1.56133
-0.178638,-0.0391381,0.0428206;-1.56585,0.430211,-1.5617
-0.177582,-0.0384713,0.0428016;-1.57086,0.491449,-1.55938
-0.185505,-0.0510691,0.0519687;-1.58467,0.548592,-1.5651
-0.199048,-0.0686164,0.0699857;-1.52475,0.596682,-1.60606
-0.186404,-0.0467102,0.0445096;-1.53894,0.47637,-1.57702
-0.183149,-0.0423537,0.0427679;-1.56747,0.419139,-1.56041
-0.183817,-0.0433092,0.0432161;-1.54564,0.411951,-1.57509
-0.182453,-0.0417387,0.0429786;-1.57822,0.494058,-1.55276
-0.192467,-0.0519706,0.0521913;-1.68106,0.560959,-1.50535
-0.208028,-0.0713843,0.0686246;-1.6542,0.652886,-1.53242
-0.195773,-0.0586592,0.0440573;-1.56275,0.531982,-1.56345
-0.191521,-0.0543865,0.0428381;-1.56837,0.468911,-1.55777
-0.19236,-0.0551462,0.0432118;-1.54474,0.457531,-1.577
-0.190653,-0.0540195,0.0428217;-1.5712,0.534095,-1.55462
-0.201992,-0.0625228,0.0504543;-1.6755,0.608798,-1.50268
-0.219174,-0.0817097,0.0650905;-1.64958,0.68491,-1.5316
-0.228693,-0.0905935,0.0568575;-1.48588,0.668016,-1.6249
-0.222961,-0.0851599,0.0463429;-1.50117,0.638029,-1.6061
-0.220045,-0.082807,0.0427868;-1.56723,0.619019,-1.56124
-0.219417,-0.0825066,0.0428027;-1.56664,0.630684,-1.56154
-0.220926,-0.08513,0.0428765;-1.57669,0.706667,-1.55555
-0.240995,-0.108988,0.052413;-1.5525,0.789364,-1.58326
-0.26026,-0.131202,0.0624335;-1.36414,0.81247,-1.71142
-0.255603,-0.121998,0.0567987;-1.39194,0.759178,-1.685
-0.245233,-0.109479,0.0427444;-1.56916,0.733084,-1.56001
-0.245068,-0.109076,0.0429651;-1.55988,0.715845,-1.56587
-0.244092,-0.108573,0.042639;-1.57047,0.753797,-1.56151
-0.247674,-0.112099,0.0440109;-1.58771,0.809705,-1.55163
-0.278187,-0.12987,0.0740293;-1.50976,0.88178,-1.62756
-0.273245,-0.120149,0.0692163;-1.48888,0.793909,-1.63438
-0.252207,-0.100852,0.0468357;-1.52972,0.729104,-1.58925
-0.248396,-0.0974668,0.0432141;-1.54162,0.653213,-1.58297
-0.247869,-0.0973811,0.0430927;-1.54453,0.684769,-1.58297
-0.24849,-0.0974517,0.0439142;-1.58509,0.722787,-1.54703
-0.283147,-0.121748,0.0710658;-1.69038,0.894887,-1.49266
-0.285865,-0.125027,0.0702045;-1.50701,0.813924,-1.62409
-0.262553,-0.110011,0.0462722;-1.53337,0.732755,-1.58681
-0.258699,-0.107051,0.0431915;-1.54118,0.685355,-1.58423
-0.257704,-0.107085,0.0430068;-1.54934,0.731773,-1.57932
-0.259024,-0.106598,0.0441311;-1.59125,0.775074,-1.54324
-0.297568,-0.133023,0.072069;-1.62001,0.934196,-1.54741
-0.304799,-0.137711,0.0697407;-1.49929,0.897021,-1.62982
-0.294635,-0.134567,0.046928;-1.47666,0.865902,-1.63765
-0.291339,-0.132659,0.0429261;-1.55449,0.839267,-1.57467
-0.289704,-0.132513,0.0426921;-1.5696,0.875479,-1.56077
-0.289289,-0.132724,0.0428296;-1.56682,0.901568,-1.56051
-0.32229,-0.158966,0.0669281;-1.45986,1.03562,-1.66838
-0.329591,-0.161639,0.061568;-1.36868,0.984743,-1.7324
-0.325132,-0.157532,0.0527736;-1.36479,0.971704,-1.7333
-0.313259,-0.147579,0.0427548;-1.56257,0.925376,-1.56873
-0.312418,-0.147352,0.0429534;-1.55381,0.94184,-1.5745
-0.311037,-0.147488,0.0427432;-1.57086,0.978922,-1.55759
-0.318516,-0.151196,0.045281;-1.60451,1.02843,-1.53692
-0.348464,-0.162816,0.0699306;-1.43387,1.07059,-1.69717
-0.334794,-0.154793,0.06062;-1.43094,0.994056,-1.68973
-0.311484,-0.143048,0.0426965;-1.58903,0.942673,-1.54391
-0.311991,-0.143063,0.0432386;-1.53124,0.900492,-1.59677
-0.311197,-0.142887,0.0429987;-1.54309,0.925146,-1.58797
-0.311759,-0.14257,0.043569;-1.58421,0.958153,-1.54519
-0.350866,-0.157531,0.0701942;-1.74397,1.11895,-1.428
-0.353372,-0.159465,0.0675286;-1.46907,1.03952,-1.66466
-0.326924,-0.150374,0.0430869;-1.55122,0.968087,-1.57587
-0.327434,-0.149741,0.0432132;-1.53068,0.939731,-1.59811
-0.326318,-0.149752,0.043071;-1.53759,0.978514,-1.59293
-0.326759,-0.149264,0.0433407;-1.58444,1.02796,-1.54517
-0.372143,-0.167899,0.070124;-1.59121,1.18608,-1.56613
-0.381189,-0.171415,0.0667043;-1.41669,1.15137,-1.71273
-0.372181,-0.170587,0.0461589;-1.45944,1.12591,-1.6644
-0.368354,-0.170061,0.0428951;-1.55211,1.11411,-1.5777
-0.367519,-0.169978,0.0429078;-1.55264,1.13497,-1.57641
-0.36694,-0.170479,0.0427429;-1.57165,1.17744,-1.55657
-0.41467,-0.191075,0.0647813;-1.24257,1.31736,-1.88707
-0.424266,-0.193478,0.063301;-1.08281,1.2753,-2.03043
-0.416608,-0.188804,0.0520161;-1.2158,1.24665,-1.89917
-0.40235,-0.184142,0.0427691;-1.55296,1.22012,-1.57964
-0.40206,-0.184056,0.0429436;-1.54848,1.22454,-1.57981
-0.400562,-0.18398,0.0427918;-1.55643,1.25253,-1.57424
-0.41867,-0.186932,0.0584354;-1.75585,1.34426,-1.3979
-0.434475,-0.187195,0.0724654;-1.55617,1.38202,-1.59575
-0.431472,-0.18489,0.0650046;-1.26696,1.30017,-1.86873
-0.399337,-0.178923,0.042773;-1.56353,1.19197,-1.56525
-0.400355,-0.178873,0.043222;-1.50923,1.17882,-1.62222
-0.400208,-0.179111,0.0431472;-1.50839,1.20484,-1.62485
-0.407521,-0.17808,0.0494865;-1.82549,1.28765,-1.31368
-0.432089,-0.179352,0.0642131;-2.17129,1.36422,-0.989217
-0.449678,-0.181702,0.0699533;-1.69113,1.41055,-1.45966
-0.42171,-0.179283,0.0424954;-1.57159,1.27512,-1.55751
-0.421803,-0.179092,0.0430829;-1.50892,1.25556,-1.62418
-0.42188,-0.17928,0.0431834;-1.49667,1.26309,-1.63613
-0.42419,-0.179297,0.0442406;-1.65245,1.34818,-1.48005
-0.451248,-0.181329,0.0579267;-2.15702,1.41314,-0.997097
-0.476528,-0.185313,0.0717057;-1.15271,1.49536,-1.99791
-0.47432,-0.186792,0.0466587;-1.19414,1.42795,-1.93625
-0.468847,-0.186727,0.0427844;-1.55073,1.42452,-1.57907
-0.468906,-0.186643,0.0428653;-1.52395,1.42449,-1.6068
-0.46873,-0.187833,0.0428666;-1.59201,1.50888,-1.5382
-0.494726,-0.19081,0.0519409;0.802867,1.54752,2.34009
-0.520504,-0.192532,0.0661222;0.577293,1.45374,2.56597
-0.507996,-0.189046,0.0467893;-0.537109,1.51031,-2.59425
-0.500573,-0.189244,0.042734;-1.5483,1.51039,-1.58179
-0.501152,-0.188975,0.042883;-1.46498,1.49708,-1.66642
-0.499595,-0.189468,0.0428182;-1.74295,1.55527,-1.38646
-0.512893,-0.187629,0.0517645;2.51496,1.50308,0.62643
-0.532947,-0.183793,0.070425;1.73099,1.46512,1.39725
-0.517872,-0.184499,0.0512481;-0.171726,1.50038,-2.96627
-0.50468,-0.186946,0.042818;-1.54934,1.49892,-1.57772
-0.505696,-0.186772,0.0431696;-1.33105,1.47816,-1.80423
-0.504145,-0.187822,0.042798;-1.54959,1.52166,-1.57811
-0.508696,-0.18539,0.046304;-3.01261,1.5355,-0.115681
-0.529612,-0.179143,0.0600445;2.51037,1.41673,0.634979
-0.549389,-0.176052,0.0626558;0.90929,1.47805,2.22735
-0.526727,-0.181137,0.0427068;1.5795,1.5586,1.57416
-0.52627,-0.180972,0.0429153;-1.18592,1.54565,-1.94618
-0.525759,-0.181466,0.0430261;0.602297,1.55077,2.5452
-0.525492,-0.181428,0.0429269;1.63208,1.50606,1.52413
-0.546272,-0.175733,0.0518648;2.12523,1.40808,1.0231
-0.588323,-0.168701,0.0669544;1.12371,1.33789,2.00706
-0.585936,-0.170071,0.0523446;0.96999,1.35313,2.16501
-0.576604,-0.173302,0.0427402;1.57487,1.40143,1.5805
-0.57583,-0.173321,0.0428731;1.54342,1.39095,1.61019
-0.574759,-0.174316,0.0426776;1.57121,1.35454,1.58153
-0.580809,-0.174061,0.0436519;1.57389,1.28795,1.57719
-0.619784,-0.15807,0.0683537;1.30207,1.20392,1.82772
-0.617645,-0.156623,0.0603371;1.20971,1.2379,1.92169
-0.602436,-0.16103,0.0456703;1.41006,1.30082,1.73539
-0.598337,-0.162241,0.0429443;1.53196,1.33828,1.61929
-0.597145,-0.163314,0.0428861;1.54913,1.30263,1.60368
-0.597279,-0.163242,0.0429053;1.57655,1.26471,1.57686
-0.62779,-0.14728,0.0709611;1.54073,1.15885,1.58605
-0.622053,-0.14651,0.0671598;1.37517,1.23883,1.75092
-0.595626,-0.159213,0.0435504;1.49316,1.3122,1.65555
-0.593301,-0.16041,0.0432262;1.45064,1.36837,1.6936
-0.592951,-0.161232,0.0431415;1.47857,1.33614,1.66543
-0.592327,-0.161021,0.0432203;1.59076,1.2964,1.56692
-0.592327,-0.161021,0.0432203;1.59076,1.2964,1.56692
-0.604424,-0.152141,0.0531246;1.8737,1.20433,1.2958
-0.604424,-0.152141,0.0531246;1.8737,1.20433,1.2958
