-0.125,0.125,0.06;-1.57,-2.98023e-08,-1.57
-0.125,0.125,0.06;-1.57,-2.98023e-08,-1.57
-0.125,0.125,0.06;-1.57,-2.98023e-08,-1.57
-0.123083,0.14305,0.0428724;-1.56252,-0.132088,-1.5602
-0.124104,0.13953,0.0429641;-1.57773,-0.0642701,-1.55728
-0.127941,0.113043,0.052414;-1.66634,0.0309064,-1.56876
-0.127192,0.068855,0.0560719;-1.41417,0.0858519,-1.57798
-0.126104,0.101628,0.042529;-1.56731,-0.0399314,-1.55849
-0.126107,0.100808,0.0431598;-1.54956,-0.0534625,-1.56391
-0.125682,0.100536,0.0432433;-1.54584,-0.0395577,-1.56499
-0.12413,0.101997,0.042879;-1.57592,0.0366651,-1.55553
-0.129095,0.0838201,0.0502062;-1.6497,0.124776,-1.56009
-0.132814,0.0510732,0.0665399;-1.55855,0.217185,-1.58206
-0.134905,0.0491416,0.0527009;-1.45265,0.149431,-1.58348
-0.132901,0.0702089,0.0446365;-1.53779,0.075872,-1.56399
-0.13163,0.0744194,0.0429501;-1.55781,0.0250975,-1.56403
-0.130764,0.0739725,0.042796;-1.57085,0.0847459,-1.55578
-0.136183,0.0584182,0.0484839;-1.63878,0.166735,-1.55501
-0.144474,0.0260019,0.0650155;-1.59167,0.263469,-1.57594
-0.14897,-0.00218374,0.0586676;-1.38192,0.268006,-1.60824
-0.149972,0.0142616,0.054188;-1.42533,0.186279,-1.59273
-0.145146,0.0436925,0.0432373;-1.58289,0.110907,-1.55644
-0.1445,0.0443714,0.0431363;-1.54994,0.0902592,-1.56726
-0.144442,0.0441039,0.0430556;-1.58061,0.163846,-1.55544
-0.153503,0.0198194,0.0527614;-1.67016,0.251485,-1.54769
-0.160307,-0.0106383,0.0615425;-1.51845,0.307949,-1.58733
-0.162109,-0.0138973,0.0512956;-1.45295,0.241829,-1.59524
-0.157047,0.000717473,0.0431588;-1.5495,0.180424,-1.56868
-0.15703,0.000529113,0.0431845;-1.54769,0.199057,-1.57025
-0.15548,0.00179177,0.0428777;-1.56533,0.239618,-1.55991
-0.173495,-0.033138,0.0605151;-1.64716,0.406585,-1.55114
-0.182295,-0.0617425,0.0681874;-1.49536,0.46937,-1.60494
-0.186624,-0.0686437,0.0567677;-1.37159,0.403748,-1.63883
-0.174121,-0.0356046,0.0427006;-1.56685,0.284593,-1.56092
-0.17464,-0.0364869,0.0432242;-1.54652,0.277749,-1.57175
-0.174115,-0.0367832,0.0430953;-1.54977,0.317244,-1.57256
-0.185177,-0.0526762,0.0507999;-1.66906,0.457384,-1.526
-0.201029,-0.08172,0.0672221;-1.57413,0.552592,-1.57934
-0.210215,-0.100821,0.0643866;-1.44411,0.564031,-1.6316
-0.198027,-0.0715283,0.0427145;-1.57901,0.421798,-1.55687
-0.197633,-0.0709237,0.0430291;-1.55282,0.39179,-1.57132
-0.197619,-0.0710853,0.0432399;-1.54458,0.400517,-1.57561
-0.20027,-0.0739862,0.0449823;-1.60189,0.516895,-1.54647
-0.218844,-0.0999999,0.0591934;-1.64865,0.61144,-1.53559
-0.233552,-0.127828,0.0690841;-1.47906,0.682807,-1.62818
-0.226666,-0.112538,0.0477781;-1.49027,0.534201,-1.60594
-0.217621,-0.101249,0.0427192;-1.56566,0.47934,-1.56336
-0.218264,-0.101989,0.0432389;-1.54418,0.472854,-1.57706
-0.219445,-0.102737,0.0431718;-1.58218,0.581871,-1.5519
-0.236391,-0.122221,0.0539241;-1.68755,0.671508,-1.50333
-0.254994,-0.149507,0.0690308;-1.51365,0.764869,-1.61699
-0.249735,-0.140317,0.0477007;-1.4909,0.630343,-1.61036
-0.241307,-0.13191,0.0427188;-1.56756,0.58866,-1.56091
-0.242056,-0.132657,0.0431894;-1.54449,0.576553,-1.57927
-0.242341,-0.132675,0.0430911;-1.57902,0.673707,-1.55327
-0.258046,-0.145445,0.053682;-1.7147,0.752244,-1.47558
-0.278418,-0.167404,0.0701534;-1.57198,0.845974,-1.58188
-0.281268,-0.170903,0.048199;-1.47819,0.773681,-1.62849
-0.270396,-0.159891,0.0428047;-1.56877,0.706368,-1.55759
-0.27128,-0.160262,0.0430708;-1.54802,0.681544,-1.57889
-0.269514,-0.160429,0.0428006;-1.57108,0.75232,-1.55551
-0.281393,-0.167254,0.0499746;-1.69759,0.818871,-1.47222
-0.303801,-0.182861,0.0665657;-1.71607,0.914058,-1.47125
-0.326648,-0.201494,0.0544102;-1.35196,0.911296,-1.7349
-0.312912,-0.186883,0.0481953;-1.46376,0.833268,-1.64196
-0.302267,-0.178438,0.0426439;-1.56776,0.783636,-1.5617
-0.302509,-0.17815,0.0431195;-1.54188,0.794902,-1.5861
-0.303872,-0.178134,0.0435098;-1.58655,0.869642,-1.54634
-0.328375,-0.190761,0.0546039;-1.75648,0.947937,-1.42243
-0.370815,-0.224325,0.0626114;-1.29885,1.04694,-1.79669
-0.372408,-0.222853,0.055847;-1.28958,0.964038,-1.79593
-0.348389,-0.205648,0.0446332;-1.51508,0.905863,-1.60562
-0.343564,-0.203165,0.0432149;-1.53488,0.865213,-1.59238
-0.341431,-0.203349,0.0428197;-1.5629,0.920013,-1.56589
-0.348853,-0.20536,0.0458744;-1.63791,0.987966,-1.50751
-0.402634,-0.241497,0.0705085;-1.36159,1.15375,-1.76052
-0.409604,-0.243801,0.0626486;-1.22484,1.05841,-1.86571
-0.392595,-0.230994,0.0507949;-1.3793,0.999608,-1.7274
-0.374842,-0.221364,0.0431883;-1.53449,0.923144,-1.59381
-0.377148,-0.222313,0.0430057;-1.54355,0.982478,-1.5869
-0.378924,-0.22221,0.0438923;-1.59975,1.0368,-1.53601
-0.429571,-0.249079,0.0709247;-1.44051,1.2046,-1.69865
-0.43909,-0.252431,0.0656248;-1.26598,1.12977,-1.84186
-0.426569,-0.245491,0.0494239;-1.39169,1.08847,-1.7224
-0.413468,-0.240598,0.0431374;-1.53172,1.02629,-1.5983
-0.41319,-0.241212,0.0429969;-1.54014,1.07551,-1.59097
-0.415314,-0.240786,0.0440611;-1.61017,1.12964,-1.52381
-0.46358,-0.254995,0.0726026;-1.69089,1.29866,-1.47205
-0.479437,-0.260391,0.068075;-1.31648,1.26859,-1.81097
-0.471885,-0.262479,0.0482551;-1.3627,1.23253,-1.7597
-0.459301,-0.259419,0.0430857;-1.52509,1.16217,-1.60643
-0.458432,-0.260263,0.0430238;-1.5232,1.21297,-1.60963
-0.457871,-0.260148,0.0428234;-1.57755,1.23994,-1.54991
-0.499245,-0.265441,0.0692711;-1.99646,1.38967,-1.16919
-0.516227,-0.2685,0.0641333;-1.187,1.37787,-1.94369
-0.519365,-0.270734,0.0523795;-1.02561,1.35839,-2.09623
-0.492158,-0.263485,0.042817;-1.55018,1.25331,-1.58119
-0.491612,-0.26464,0.043085;-1.50013,1.29175,-1.63375
-0.489295,-0.265332,0.0427346;-1.58182,1.34798,-1.54604
-0.503721,-0.26466,0.0475071;-1.94081,1.41607,-1.19986
-0.566264,-0.274155,0.0642536;0.0111387,1.45821,3.13839
-0.56931,-0.27355,0.0550896;-0.320119,1.41887,-2.80643
-0.545832,-0.272658,0.0443082;-1.31446,1.45351,-1.81584
-0.540991,-0.272921,0.0432106;-1.41363,1.42315,-1.72065
-0.539554,-0.273794,0.0429381;-1.43622,1.46872,-1.69875
-0.542209,-0.272664,0.0437682;-1.87305,1.52489,-1.25872
-0.604191,-0.271114,0.0694768;1.16116,1.42489,1.97271
-0.619416,-0.27271,0.0609855;0.727357,1.40028,2.41984
-0.60309,-0.276581,0.0475052;0.638634,1.4907,2.51057
-0.591183,-0.278518,0.0431365;-0.253752,1.54967,-2.88204
-0.590616,-0.279467,0.0430663;1.13797,1.52709,2.00875
-0.590654,-0.278896,0.0433648;1.66829,1.47693,1.48586
-0.645388,-0.267148,0.0701758;1.51951,1.29991,1.61011
-0.66311,-0.264628,0.0636861;1.18916,1.2953,1.94769
-0.653724,-0.271384,0.0466191;1.34144,1.35061,1.80402
-0.645175,-0.274953,0.043074;1.4576,1.40965,1.6885
-0.644705,-0.27592,0.04305;1.48306,1.36669,1.66221
-0.643656,-0.276643,0.042807;1.57661,1.33249,1.5804
-0.684487,-0.257201,0.0681001;1.66222,1.15655,1.4731
-0.704075,-0.250925,0.0669345;1.39579,1.13994,1.73187
-0.708574,-0.251259,0.0516653;1.30415,1.15608,1.82725
-0.689826,-0.260659,0.0428958;1.53544,1.26348,1.61208
-0.690235,-0.260855,0.0431636;1.5026,1.24918,1.64106
-0.688661,-0.262605,0.0428883;1.55334,1.21112,1.59881
-0.720329,-0.240944,0.0593313;1.71446,1.03769,1.43699
-0.747548,-0.228255,0.0694894;1.46192,0.970155,1.65931
-0.761373,-0.222943,0.0580295;1.30249,0.969641,1.8104
-0.734932,-0.239004,0.0427347;1.56684,1.11988,1.58647
-0.735536,-0.236918,0.0428839;1.53837,1.18023,1.60624
-0.735865,-0.235051,0.0430903;1.5174,1.21195,1.62755
-0.748305,-0.225365,0.0498808;1.73973,1.08342,1.42245
-0.775933,-0.20903,0.0668504;1.58834,0.991773,1.54462
-0.796686,-0.200122,0.0649822;1.38818,0.962427,1.72832
-0.779741,-0.205228,0.0433902;1.52891,1.06407,1.61776
-0.774781,-0.203619,0.0427138;1.56007,1.12733,1.58826
-0.773727,-0.199002,0.0428588;1.55483,1.21571,1.59728
-0.779268,-0.194214,0.044588;1.64043,1.14047,1.50922
-0.80319,-0.179909,0.0599568;1.67565,1.05207,1.46586
-0.825453,-0.16702,0.0698166;1.4366,0.996093,1.68333
-0.824508,-0.164567,0.0463226;1.47533,1.06157,1.65922
-0.802823,-0.163169,0.0423762;1.56462,1.13139,1.5829
-0.80037,-0.158276,0.0427578;1.5611,1.20983,1.59016
-0.800068,-0.154902,0.0426263;1.59776,1.22501,1.5469
-0.811428,-0.1494,0.0556685;1.79563,1.14233,1.35166
-0.830272,-0.140144,0.0728837;1.65236,1.06962,1.47948
-0.834879,-0.133839,0.0468156;1.48379,1.09125,1.65351
-0.824855,-0.128744,0.0426041;1.56958,1.15268,1.58057
-0.823573,-0.125275,0.0426103;1.57157,1.20564,1.57932
-0.822376,-0.120651,0.0428214;1.54939,1.24638,1.59801
-0.827898,-0.117939,0.0515729;1.7009,1.17449,1.44655
-0.847597,-0.107244,0.0715776;1.68322,1.07411,1.4525
-0.833179,-0.104082,0.0564484;1.67663,1.08779,1.4703
-0.821724,-0.0966938,0.0425825;1.57199,1.16772,1.57997
-0.819509,-0.0917473,0.0426364;1.56544,1.23884,1.58383
-0.817997,-0.0836582,0.0432168;1.47921,1.34542,1.6688
-0.820913,-0.0818581,0.044995;1.66163,1.28896,1.48919
-0.839463,-0.0728101,0.0625317;1.77743,1.18468,1.36551
-0.846578,-0.0686454,0.0658402;1.70777,1.16548,1.43202
-0.827397,-0.0620366,0.0434471;1.51759,1.23937,1.62705
-0.823149,-0.0594385,0.0427541;1.5593,1.3006,1.59212
-0.823966,-0.0513177,0.0431917;1.43035,1.43704,1.71915
-0.8236,-0.0514178,0.0427729;1.55048,1.40703,1.60159
-0.838122,-0.0455141,0.0513315;1.87329,1.31346,1.2755
-0.866993,-0.0355435,0.070652;1.62396,1.25299,1.50947
-0.846905,-0.0374447,0.0595375;1.78247,1.25793,1.3617
-0.829735,-0.0314889,0.0426006;1.56209,1.35467,1.59344
-0.830668,-0.0254507,0.0428499;1.49393,1.49296,1.6583
-0.830943,-0.0242201,0.0432151;1.29902,1.48317,1.84688
-0.836074,-0.0227879,0.0448279;1.74852,1.41945,1.40093
-0.875367,-0.012347,0.0708938;1.47346,1.30781,1.6597
-0.867419,-0.0135663,0.0673918;1.77147,1.32118,1.36638
-0.840552,-0.0106254,0.0438799;1.40556,1.37991,1.7455
-0.838118,-0.00488396,0.0426626;1.52769,1.54483,1.62334
-0.838325,-0.00348274,0.0431144;0.91614,1.54426,2.2344
-0.838137,-0.00350555,0.0432956;1.77025,1.50078,1.37727
-0.879181,0.00555801,0.071806;1.62347,1.35356,1.50422
-0.878811,0.00772997,0.0684595;1.6263,1.37661,1.50955
-0.856654,0.00646911,0.0498793;1.78999,1.39605,1.35446
-0.848012,0.0134263,0.0426638;-1.50696,1.54652,-1.62553
-0.849085,0.0158459,0.0431608;-1.33693,1.50698,-1.7923
-0.848657,0.0161874,0.042847;-1.75817,1.53762,-1.37445
-0.848657,0.0161874,0.042847;-1.75817,1.53762,-1.37445
-0.864201,0.0201097,0.0543178;2.72931,1.45107,0.410195
-0.864201,0.0201097,0.0543178;2.72931,1.45107,0.410195
