-0.125,0.125,0.06;-1.57,-2.98023e-08,-1.57
-0.125,0.125,0.06;-1.57,-2.98023e-08,-1.57
-0.125,0.125,0.06;-1.57,-2.98023e-08,-1.57
-0.123529,0.142552,0.0428467;-1.56312,-0.116455,-1.56052
-0.123969,0.139591,0.0429439;-1.577,-0.0495425,-1.5581
-0.127096,0.112535,0.0520448;-1.6443,0.0425107,-1.57027
-0.125919,0.0686999,0.0554974;-1.42261,0.103431,-1.57585
-0.126014,0.0990654,0.0425596;-1.56911,-0.0159708,-1.55827
-0.126373,0.0985954,0.0430485;-1.55417,-0.0301888,-1.56368
-0.125961,0.098853,0.0432214;-1.5474,-0.0151684,-1.56481
-0.124523,0.101391,0.0427893;-1.57209,0.0730338,-1.55572
-0.128849,0.0797969,0.0497537;-1.62577,0.163895,-1.56267
-0.131636,0.0438372,0.0648613;-1.50969,0.251992,-1.58687
-0.133553,0.0439285,0.0525053;-1.45688,0.189525,-1.58301
-0.131538,0.0623915,0.0442782;-1.54435,0.124638,-1.56314
-0.131047,0.065395,0.0428442;-1.56217,0.0821563,-1.5632
-0.12992,0.0656236,0.0427721;-1.57086,0.145658,-1.55649
-0.134313,0.0492836,0.0471601;-1.61226,0.222112,-1.55912
-0.140219,0.0155071,0.0631113;-1.5233,0.311254,-1.5875
-0.143707,-0.00393715,0.0582928;-1.39849,0.316063,-1.60851
-0.143992,0.00976251,0.0530617;-1.44036,0.248298,-1.59344
-0.138154,0.0330433,0.0427242;-1.57718,0.184779,-1.55758
-0.138348,0.0329261,0.0429253;-1.55361,0.171159,-1.56768
-0.137873,0.0324919,0.042898;-1.57686,0.237674,-1.55709
-0.147024,0.00674546,0.0520234;-1.6299,0.326434,-1.55489
-0.154312,-0.0220147,0.0596528;-1.48447,0.368823,-1.59711
-0.155555,-0.0214239,0.0504769;-1.46961,0.307233,-1.59443
-0.150199,-0.00825141,0.0430447;-1.55372,0.250252,-1.56847
-0.149485,-0.00851225,0.0431488;-1.54903,0.279796,-1.57117
-0.147263,-0.00672318,0.0427201;-1.57091,0.336175,-1.55822
-0.167645,-0.0488267,0.0592928;-1.56209,0.51039,-1.57951
-0.176278,-0.0762571,0.0649953;-1.43831,0.561241,-1.63243
-0.179926,-0.0777368,0.0561454;-1.38524,0.501485,-1.6477
-0.166326,-0.047384,0.0426988;-1.56756,0.396303,-1.56153
-0.167083,-0.0483164,0.0431804;-1.54733,0.385862,-1.5738
-0.166054,-0.0481413,0.0430688;-1.55059,0.42808,-1.57364
-0.178819,-0.0679336,0.0497031;-1.62797,0.573445,-1.54055
-0.194915,-0.0999204,0.0645635;-1.48219,0.658281,-1.6239
-0.20249,-0.11322,0.0620033;-1.39752,0.646568,-1.66269
-0.185195,-0.0854751,0.0425456;-1.58418,0.527179,-1.5524
-0.184775,-0.084965,0.0429339;-1.55656,0.501649,-1.57051
-0.185009,-0.0855537,0.043187;-1.54551,0.517171,-1.57752
-0.187974,-0.0892573,0.0444594;-1.59682,0.635447,-1.5473
-0.209193,-0.117178,0.0582881;-1.58377,0.731073,-1.56764
-0.22503,-0.144138,0.0664988;-1.4241,0.792369,-1.6684
-0.217211,-0.127358,0.0470983;-1.49421,0.668096,-1.60974
-0.208443,-0.118462,0.0427165;-1.56583,0.62581,-1.56339
-0.2093,-0.11911,0.0431893;-1.54391,0.61667,-1.58046
-0.209067,-0.119988,0.0430378;-1.58064,0.729734,-1.55278
-0.229841,-0.141661,0.0532196;-1.62599,0.822352,-1.53448
-0.251288,-0.16951,0.0662777;-1.42964,0.904138,-1.67795
-0.241725,-0.157548,0.0474506;-1.48296,0.771431,-1.62402
-0.231572,-0.149385,0.0426413;-1.56886,0.722263,-1.56113
-0.232753,-0.150031,0.0431937;-1.54205,0.707689,-1.58333
-0.233022,-0.150649,0.0430964;-1.57904,0.820856,-1.55295
-0.25432,-0.168066,0.0533048;-1.64864,0.914029,-1.51345
-0.278713,-0.192254,0.067133;-1.44181,0.99822,-1.67909
-0.273247,-0.183189,0.048419;-1.46061,0.890741,-1.64908
-0.261612,-0.173244,0.0427659;-1.5707,0.829114,-1.55693
-0.262902,-0.17349,0.0430321;-1.54779,0.79891,-1.58064
-0.262191,-0.174575,0.042768;-1.571,0.89502,-1.55655
-0.278022,-0.185492,0.0487596;-1.65785,0.971109,-1.49889
-0.304685,-0.207029,0.0643509;-1.45019,1.05845,-1.6765
-0.312536,-0.209519,0.0554198;-1.30515,0.996725,-1.78409
-0.298199,-0.197843,0.0478198;-1.45392,0.941702,-1.65582
-0.289058,-0.192237,0.042706;-1.56851,0.892905,-1.56133
-0.288998,-0.19219,0.0429044;-1.55672,0.906046,-1.5722
-0.2907,-0.193305,0.0430951;-1.58253,0.979773,-1.54955
-0.317587,-0.208609,0.0536371;-1.64769,1.07207,-1.50728
-0.352404,-0.236531,0.0598559;-1.1809,1.1164,-1.90618
-0.34899,-0.230186,0.0551501;-1.27059,1.06038,-1.82279
-0.326913,-0.215829,0.0440136;-1.52109,1.00764,-1.60214
-0.323944,-0.214348,0.0432055;-1.53005,0.979892,-1.59881
-0.321382,-0.214239,0.0427317;-1.57,1.03486,-1.55909
-0.331312,-0.217292,0.0454877;-1.6428,1.11215,-1.49957
-0.389764,-0.250332,0.0682672;-1.20285,1.25823,-1.91337
-0.395619,-0.250159,0.0622997;-1.16057,1.18198,-1.94091
-0.378146,-0.240114,0.0499916;-1.35565,1.13274,-1.75891
-0.360673,-0.233601,0.0431611;-1.52821,1.05921,-1.60182
-0.360748,-0.234264,0.043002;-1.53898,1.10885,-1.59177
-0.364917,-0.234925,0.0440527;-1.61321,1.18101,-1.52234
-0.425167,-0.26234,0.0683328;-1.16048,1.33939,-1.96768
-0.432431,-0.262801,0.0637096;-1.09933,1.25277,-2.01226
-0.413604,-0.255299,0.0499791;-1.31544,1.20317,-1.80349
-0.394178,-0.250384,0.0431727;-1.52157,1.12374,-1.60916
-0.39463,-0.251085,0.0430396;-1.52889,1.17338,-1.60275
-0.397945,-0.251181,0.0441306;-1.62573,1.24203,-1.50922
-0.459375,-0.271015,0.0688958;-1.09779,1.40451,-2.03855
-0.466414,-0.270949,0.0647394;-1.02688,1.31535,-2.09329
-0.449521,-0.264603,0.0495494;-1.26869,1.28502,-1.8542
-0.432565,-0.26072,0.0430678;-1.52233,1.21037,-1.60942
-0.432988,-0.261595,0.0429555;-1.52799,1.2653,-1.60437
-0.434505,-0.261431,0.0428271;-1.58565,1.31867,-1.54349
-0.49342,-0.276805,0.0660422;-0.802075,1.45909,-2.33369
-0.502552,-0.276912,0.0591799;-0.742485,1.36766,-2.3766
-0.492936,-0.273356,0.0536098;-0.894408,1.37055,-2.22793
-0.469217,-0.268141,0.0428807;-1.53807,1.31431,-1.59223
-0.469521,-0.268952,0.0430767;-1.48011,1.35477,-1.65455
-0.467708,-0.269508,0.0427507;-1.57313,1.39237,-1.55466
-0.482211,-0.26963,0.0464885;-1.97086,1.46569,-1.16832
-0.540717,-0.278246,0.0631455;0.195515,1.44202,2.95663
-0.539214,-0.275345,0.0550228;-0.214359,1.42065,-2.91311
-0.515107,-0.274054,0.0443121;-1.29443,1.47071,-1.83586
-0.511666,-0.274229,0.0432142;-1.40102,1.43447,-1.73326
-0.510078,-0.275323,0.0428641;-1.45884,1.48386,-1.67503
-0.512992,-0.274808,0.0435577;-2.11481,1.5512,-1.01666
-0.579379,-0.276288,0.067208;1.02493,1.38688,2.11379
-0.584964,-0.272812,0.0611646;0.546779,1.40218,2.5987
-0.563291,-0.272854,0.0482552;0.275581,1.49675,2.87271
-0.548821,-0.274779,0.0431909;-1.14107,1.51835,-1.99389
-0.548645,-0.275552,0.0430853;-0.0082634,1.55194,-3.1277
-0.549219,-0.274908,0.0432402;1.71493,1.50756,1.43805
-0.612405,-0.269059,0.0676854;1.27096,1.31816,1.86204
-0.62047,-0.266212,0.0618716;0.942163,1.34677,2.19674
-0.601609,-0.2683,0.048221;1.01811,1.43647,2.12703
-0.58753,-0.271752,0.0431695;1.19095,1.51364,1.95614
-0.587741,-0.27245,0.0430566;1.39329,1.46683,1.75258
-0.587509,-0.272709,0.0428339;1.591,1.41216,1.5646
-0.646007,-0.260792,0.0655913;1.36786,1.22795,1.76263
-0.66084,-0.257282,0.0619065;1.15688,1.21328,1.97546
-0.651581,-0.255809,0.0525379;1.14955,1.28133,1.98622
-0.62775,-0.262914,0.0429476;1.49908,1.39211,1.64855
-0.628305,-0.262805,0.043176;1.45839,1.37599,1.68678
-0.626456,-0.264737,0.0427331;1.56754,1.32617,1.58596
-0.666339,-0.249786,0.0584614;1.5835,1.16298,1.55391
-0.69604,-0.243661,0.0662543;1.34403,1.08969,1.78048
-0.700709,-0.239622,0.0576767;1.16884,1.12139,1.95195
-0.667833,-0.250386,0.0427452;1.5661,1.27267,1.5872
-0.668679,-0.249735,0.0431362;1.49883,1.28868,1.64605
-0.669115,-0.250453,0.0430699;1.51323,1.24828,1.63119
-0.688665,-0.240634,0.0490204;1.68057,1.09883,1.47305
-0.72238,-0.227941,0.0640709;1.45127,1.01178,1.67219
-0.737934,-0.221556,0.0618659;1.30771,0.994771,1.80635
-0.708536,-0.233231,0.0427989;1.5567,1.13938,1.59508
-0.707083,-0.233827,0.0428874;1.54115,1.17213,1.60597
-0.707688,-0.233325,0.0430792;1.51784,1.17813,1.62464
-0.70944,-0.228981,0.0444267;1.61084,1.04483,1.54414
-0.738962,-0.211006,0.0577911;1.60578,0.952895,1.53587
-0.768651,-0.197928,0.0672201;1.40627,0.87733,1.70559
-0.753331,-0.202281,0.0486675;1.42419,1.0108,1.70218
-0.734333,-0.211657,0.0426626;1.5689,1.09143,1.58228
-0.734633,-0.208967,0.0429343;1.53427,1.15315,1.60875
-0.735791,-0.206372,0.0438592;1.62233,1.07165,1.52744
-0.759933,-0.191816,0.0570693;1.68876,0.981913,1.45701
-0.787348,-0.179103,0.0685199;1.43737,0.90744,1.67668
-0.779605,-0.177562,0.0495321;1.40075,1.03871,1.72156
-0.759854,-0.185622,0.0425726;1.56862,1.1007,1.58179
-0.759255,-0.182609,0.0430383;1.52888,1.14472,1.61469
-0.758113,-0.180043,0.0427137;1.58003,1.13557,1.57127
-0.776775,-0.170419,0.0531314;1.64332,1.04885,1.50056
-0.805898,-0.158963,0.0673803;1.44171,0.959714,1.67768
-0.805173,-0.15135,0.0520741;1.3296,1.06814,1.79145
-0.783119,-0.158075,0.0425126;1.5829,1.12783,1.56841
-0.782197,-0.155456,0.0428329;1.54448,1.17372,1.60102
-0.781117,-0.151772,0.0426525;1.57579,1.20994,1.57801
-0.786615,-0.149484,0.0447402;1.61529,1.1532,1.53418
-0.813091,-0.137818,0.061716;1.54349,1.05327,1.58864
-0.826631,-0.128771,0.0566277;1.25801,1.08839,1.86185
-0.80293,-0.132048,0.0468636;1.43438,1.16683,1.70482
-0.788075,-0.134155,0.042714;1.55636,1.23392,1.59371
-0.788277,-0.129464,0.0430263;1.52347,1.29413,1.6258
-0.787854,-0.130287,0.0426261;1.57608,1.25052,1.57675
-0.807673,-0.122654,0.0510322;1.62387,1.1642,1.51812
-0.847762,-0.109403,0.062176;1.25299,1.10709,1.86757
-0.825375,-0.108588,0.0543584;1.36776,1.19083,1.76328
-0.793649,-0.112181,0.0426395;1.61753,1.27197,1.53321
-0.793447,-0.107306,0.0430231;1.47533,1.38399,1.66932
-0.792379,-0.107533,0.0430553;1.50763,1.35149,1.64211
-0.800422,-0.104846,0.0452295;1.6786,1.27363,1.47087
-0.858546,-0.0914796,0.062586;1.14525,1.12559,1.97947
-0.852088,-0.0856799,0.058072;1.02356,1.20033,2.10115
-0.826233,-0.0904337,0.0477594;1.28569,1.32201,1.85388
-0.80957,-0.0921173,0.0430693;1.40641,1.45174,1.73869
-0.809514,-0.0914654,0.0431795;1.39894,1.44304,1.74715
-0.811082,-0.0906605,0.043754;1.6775,1.37156,1.4691
-0.867745,-0.07944,0.0674581;1.27708,1.20399,1.8509
-0.861294,-0.0727336,0.0653849;1.22663,1.27959,1.90562
-0.84017,-0.0716088,0.0479995;1.23149,1.36527,1.90751
-0.823381,-0.0722374,0.043048;1.33291,1.49256,1.81288
-0.823596,-0.0707412,0.0431932;1.26702,1.49781,1.87999
-0.824363,-0.0709824,0.0430068;1.64938,1.44713,1.5002
-0.824363,-0.0709824,0.0430068;1.64938,1.44713,1.5002
-0.850548,-0.0668772,0.0550828;1.75631,1.35232,1.38013
-0.850548,-0.0668772,0.0550828;1.75631,1.35232,1.38013
