0.5,-0.3,0.06;-1.57,-2.98023e-08,-1.57
0.5,-0.3,0.06;-1.57,-2.98023e-08,-1.57
0.5,-0.3,0.06;-1.57,-2.98023e-08,-1.57
0.499312,-0.29811,0.0289533;-1.57583,-0.24844,-1.58484
0.500283,-0.295308,0.028997;-1.57497,-0.282026,-1.58756
0.501203,-0.289982,0.0290579;-1.58117,-0.291134,-1.58651
0.501163,-0.287426,0.0297153;-1.59973,-0.27714,-1.58295
0.502231,-0.288281,0.029088;-1.58325,-0.301221,-1.5868
0.50036,-0.290279,0.0291066;-1.59169,-0.257875,-1.58139
0.498852,-0.29171,0.0291188;-1.59116,-0.217904,-1.58145
0.496382,-0.296849,0.0289632;-1.57255,-0.0611349,-1.58783
0.497437,-0.294634,0.0301524;-1.56413,0.00514229,-1.5922
0.500457,-0.28136,0.0319358;-1.54429,0.0932149,-1.59419
0.504016,-0.274263,0.0294085;-1.57681,0.100302,-1.58502
0.504359,-0.275145,0.0290586;-1.57094,0.0479928,-1.58669
0.504165,-0.275477,0.0289747;-1.57809,0.0339685,-1.58206
0.504505,-0.273291,0.0289932;-1.57368,0.0241169,-1.58765
0.505578,-0.268985,0.0290702;-1.57674,0.0425076,-1.58353
0.506091,-0.261956,0.0302141;-1.59815,0.0867194,-1.58082
0.505532,-0.256548,0.0318433;-1.63805,0.14717,-1.5647
0.507604,-0.261514,0.0303109;-1.60878,0.0939415,-1.57414
0.508463,-0.264862,0.028961;-1.57279,0.0367856,-1.58748
0.508069,-0.266915,0.0288019;-1.57459,0.0348489,-1.57726
0.506331,-0.268164,0.0290932;-1.5857,0.111363,-1.5792
0.507016,-0.264083,0.0289983;-1.57208,0.188117,-1.57206
0.506413,-0.259511,0.0312388;-1.61105,0.243104,-1.55179
0.503499,-0.267416,0.0321895;-1.57568,0.237522,-1.55137
0.495724,-0.284872,0.0293417;-1.57092,0.143402,-1.57071
0.493747,-0.289512,0.0296943;-1.55459,0.132883,-1.57347
0.494378,-0.289803,0.0302358;-1.53741,0.160714,-1.58201
0.501453,-0.271481,0.0347265;-1.49471,0.298528,-1.56835
0.503177,-0.25681,0.0381456;-1.65268,0.296236,-1.52721
0.504748,-0.256343,0.0397918;-1.63055,0.237911,-1.52666
0.500344,-0.271897,0.029575;-1.57518,0.0418999,-1.55993
0.4988,-0.26909,0.0294879;-1.57632,-0.0852617,-1.56133
0.499414,-0.26729,0.0296586;-1.5698,-0.105623,-1.56236
0.507331,-0.248785,0.0312947;-1.59616,-0.0593539,-1.54486
0.507542,-0.238009,0.0355961;-1.65925,0.0092691,-1.53073
0.507336,-0.237474,0.0362004;-1.67318,0.014232,-1.53238
0.510098,-0.251449,0.0296231;-1.58288,-0.103714,-1.55854
0.508763,-0.257039,0.0292697;-1.58022,-0.13238,-1.56506
0.506806,-0.261347,0.0291869;-1.58368,-0.140209,-1.56624
0.505169,-0.259395,0.0292492;-1.57381,0.0297725,-1.56392
0.504978,-0.250984,0.0316331;-1.6208,0.120365,-1.5558
0.504542,-0.24337,0.0345339;-1.68589,0.169899,-1.54608
0.506674,-0.253161,0.0290023;-1.57995,0.0821324,-1.58103
0.504374,-0.259841,0.0288068;-1.57094,0.0341533,-1.5816
0.50257,-0.265609,0.0288787;-1.5744,-0.0146477,-1.58139
0.502646,-0.266008,0.0289666;-1.56932,0.012187,-1.58947
0.504065,-0.260345,0.029601;-1.57554,0.0224755,-1.58713
0.505618,-0.249021,0.0308034;-1.61588,0.048391,-1.57703
0.508826,-0.248475,0.0289952;-1.57758,-0.0526596,-1.58426
0.509317,-0.248657,0.028898;-1.57343,-0.10456,-1.5834
0.510508,-0.248743,0.0289485;-1.58,-0.163202,-1.58079
0.510401,-0.251355,0.029079;-1.57548,-0.100817,-1.58766
0.509976,-0.250202,0.0302909;-1.56927,-0.0364379,-1.59113
0.508628,-0.244146,0.0323041;-1.55417,0.0433623,-1.59361
0.510041,-0.254592,0.0304513;-1.56173,0.0226076,-1.59798
0.509742,-0.258282,0.0289775;-1.57451,0.03105,-1.58607
0.5094,-0.260369,0.0289626;-1.57689,0.0292704,-1.58272
0.5081,-0.267081,0.0290108;-1.57355,0.100097,-1.58883
0.508693,-0.265761,0.0296738;-1.56935,0.16261,-1.58873
0.509613,-0.256113,0.030319;-1.57601,0.215894,-1.59036
0.509579,-0.256131,0.0295631;-1.57208,0.177691,-1.58396
0.509347,-0.255094,0.0290011;-1.5702,0.10152,-1.58623
0.508688,-0.255772,0.0289338;-1.5663,0.0402526,-1.58343
0.507329,-0.255044,0.0289794;-1.55909,-0.0718389,-1.57728
0.508676,-0.248332,0.028787;-1.57106,-0.0755349,-1.58047
0.511076,-0.237108,0.0294112;-1.58795,-0.0417442,-1.57514
0.509886,-0.232758,0.0340069;-1.63946,0.0270683,-1.56135
0.512637,-0.237364,0.0336712;-1.62034,-0.0307037,-1.55615
0.514986,-0.244493,0.0289662;-1.58361,-0.118313,-1.56615
0.512073,-0.249681,0.0291947;-1.58096,-0.174564,-1.56505
0.509899,-0.246936,0.0294326;-1.57262,-0.102472,-1.55615
0.507889,-0.24183,0.0302381;-1.58542,-0.0303365,-1.5501
0.504705,-0.236247,0.0364633;-1.68937,0.082744,-1.53006
0.505622,-0.237966,0.0381729;-1.68939,0.0577265,-1.51978
0.506393,-0.244946,0.0345055;-1.66848,-0.00579,-1.55109
0.50244,-0.266079,0.0297234;-1.57104,-0.0847536,-1.56388
0.503094,-0.265411,0.0297977;-1.56226,-0.0535722,-1.56306
0.506019,-0.260496,0.0337484;-1.49029,0.0234282,-1.56134
0.51088,-0.237678,0.0414673;-1.61554,0.100625,-1.52587
0.513374,-0.235464,0.0419969;-1.59566,0.0301682,-1.52956
0.513658,-0.239516,0.0336611;-1.6584,-0.0527329,-1.54998
0.510594,-0.251196,0.0293262;-1.58078,-0.221867,-1.56785
0.51103,-0.251049,0.0290514;-1.57441,-0.210978,-1.56791
0.511378,-0.248094,0.0297673;-1.5577,-0.155357,-1.56402
0.508102,-0.236285,0.0360704;-1.60626,0.0345255,-1.5584
0.508663,-0.239646,0.0365325;-1.62759,0.0292708,-1.56976
0.511284,-0.249474,0.0293029;-1.59277,-0.0317085,-1.57607
0.508624,-0.259023,0.0289916;-1.58534,-0.0395421,-1.57678
0.50685,-0.26315,0.0289312;-1.57295,0.0365784,-1.58515
0.505642,-0.264848,0.0290075;-1.57367,0.0775429,-1.5879
0.504708,-0.255455,0.0299927;-1.5872,0.248985,-1.58345
0.505401,-0.255632,0.0301553;-1.58299,0.213737,-1.58759
0.504983,-0.25811,0.0294852;-1.57288,0.208115,-1.58481
0.502425,-0.268477,0.0289862;-1.5588,0.0998961,-1.57933
0.499043,-0.275379,0.028918;-1.56133,0.0011127,-1.57741
0.499049,-0.274143,0.0289497;-1.57145,-0.00159791,-1.58728
0.499195,-0.268992,0.0296261;-1.56879,-0.00752537,-1.58967
0.502406,-0.242368,0.0306815;-1.6148,-0.0140845,-1.57713
0.506054,-0.240846,0.0293209;-1.58707,-0.0952837,-1.58202
0.506938,-0.242056,0.0290689;-1.58285,-0.120558,-1.58367
0.508163,-0.248466,0.029457;-1.57389,-0.195178,-1.59009
0.508774,-0.24882,0.02936;-1.57351,-0.186945,-1.58932
0.509368,-0.247995,0.0292537;-1.57224,-0.173334,-1.5861
0.504754,-0.238329,0.0325598;-1.58336,-0.0383105,-1.58875
0.506056,-0.240964,0.0313912;-1.62302,-0.0692509,-1.58742
0.506966,-0.242944,0.0290883;-1.57928,-0.0999951,-1.58714
0.505849,-0.248328,0.0289063;-1.57498,-0.146832,-1.58272
0.50556,-0.250496,0.0288371;-1.57244,-0.108485,-1.58151
0.50545,-0.251672,0.0289309;-1.5728,-0.0269969,-1.58547
0.506237,-0.238667,0.0319664;-1.64118,0.117576,-1.56521
0.507574,-0.238059,0.0345125;-1.68351,0.0741777,-1.5558
0.508819,-0.243896,0.0309048;-1.62411,0.00449012,-1.57263
0.505867,-0.254002,0.0292577;-1.58267,-0.159046,-1.56907
0.50551,-0.25353,0.0293476;-1.56599,-0.171856,-1.56802
0.506228,-0.248351,0.0293798;-1.5757,-0.147935,-1.56089
0.504904,-0.234102,0.035061;-1.66241,-0.00671854,-1.53872
0.503931,-0.234209,0.0360778;-1.67445,0.00243333,-1.53205
0.505002,-0.238018,0.0351318;-1.65033,-0.0347793,-1.53289
0.501993,-0.253851,0.0297105;-1.58102,-0.0969748,-1.56208
0.498679,-0.259541,0.0296023;-1.5767,-0.0868233,-1.55909
0.496779,-0.262376,0.029339;-1.5772,-0.0233708,-1.55952
0.493744,-0.255812,0.0324081;-1.61709,0.153298,-1.54055
0.492881,-0.249981,0.0357625;-1.66563,0.222657,-1.52979
0.49351,-0.252155,0.0380651;-1.65933,0.190028,-1.52962
0.491858,-0.275741,0.0298861;-1.55214,0.0783482,-1.57191
0.490531,-0.280957,0.029568;-1.56058,0.0425398,-1.56965
0.490587,-0.282113,0.0296435;-1.55757,0.0359372,-1.57059
0.495671,-0.272271,0.0317048;-1.52088,0.126676,-1.57454
0.498341,-0.255075,0.0337882;-1.53537,0.169413,-1.56504
0.499865,-0.243928,0.035694;-1.64257,0.134592,-1.54615
0.503823,-0.24487,0.0287907;-1.57169,-0.0454246,-1.5813
0.50519,-0.245676,0.0288397;-1.57304,-0.137808,-1.58177
0.506069,-0.247166,0.0288997;-1.57294,-0.185265,-1.58428
0.50707,-0.246635,0.02945;-1.5704,-0.170579,-1.58953
0.50691,-0.244546,0.0315761;-1.54973,-0.128239,-1.58675
0.504949,-0.240205,0.0341855;-1.55586,-0.0652609,-1.58722
0.508394,-0.246279,0.0294562;-1.57701,-0.145939,-1.59038
0.507859,-0.247848,0.0289566;-1.5762,-0.149931,-1.5841
0.507782,-0.248295,0.0290834;-1.58514,-0.161625,-1.58302
0.506308,-0.251823,0.0290206;-1.57655,-0.0614613,-1.58655
0.50581,-0.252294,0.0292874;-1.58107,0.0038719,-1.58411
0.505668,-0.247949,0.0302395;-1.5936,0.0678674,-1.58268
0.507642,-0.249195,0.028949;-1.57216,0.00745789,-1.58487
0.507129,-0.249662,0.0288794;-1.57151,-0.0317212,-1.58445
0.506534,-0.253661,0.0289422;-1.57675,-0.0856543,-1.58263
0.50677,-0.253214,0.0290067;-1.57349,-0.0884331,-1.58843
0.507868,-0.247242,0.0290378;-1.58011,-0.0850862,-1.58395
0.507659,-0.239321,0.0306853;-1.61725,-0.0624398,-1.57852
0.50957,-0.240072,0.0290943;-1.58997,-0.0932599,-1.57823
0.50998,-0.241545,0.0288072;-1.57168,-0.130828,-1.58054
0.509793,-0.245125,0.0289285;-1.57556,-0.16008,-1.58342
0.508571,-0.249575,0.0290609;-1.57714,-0.110685,-1.58798
0.507285,-0.251111,0.0291828;-1.58845,-0.0363506,-1.58272
0.507167,-0.245397,0.0292647;-1.58922,0.0563714,-1.57529
0.505696,-0.244286,0.0331693;-1.64579,0.111372,-1.55227
0.505641,-0.254484,0.0295043;-1.59413,0.0686881,-1.57221
0.504179,-0.265246,0.02941;-1.5627,0.0405178,-1.57413
0.501763,-0.276362,0.0296073;-1.5569,0.0458023,-1.57179
0.504236,-0.274141,0.0307027;-1.53155,0.121219,-1.57625
0.50712,-0.266832,0.0328267;-1.51749,0.193087,-1.55822
0.508652,-0.248496,0.038858;-1.61748,0.212574,-1.5305
0.509446,-0.253534,0.0385656;-1.50059,0.139138,-1.54341
0.506534,-0.261157,0.0294975;-1.57261,0.0305819,-1.5593
0.502773,-0.262609,0.0298458;-1.55896,-0.124871,-1.56528
0.504367,-0.256506,0.0300701;-1.55349,-0.139145,-1.56261
0.507083,-0.246522,0.0329225;-1.52237,-0.102921,-1.54604
0.504892,-0.234316,0.0393715;-1.60516,-0.00660567,-1.54196
0.50797,-0.237608,0.0391441;-1.59596,-0.0492589,-1.53996
0.509509,-0.244483,0.0319776;-1.61651,-0.129729,-1.54683
0.509136,-0.252468,0.0293146;-1.58169,-0.206286,-1.5651
0.50851,-0.252645,0.0291091;-1.57746,-0.164032,-1.56442
0.508947,-0.24861,0.0295177;-1.57618,-0.074221,-1.55848
0.508455,-0.236335,0.0348871;-1.67622,0.0844471,-1.54482
0.509199,-0.23871,0.0351087;-1.67769,0.0611785,-1.54423
0.509722,-0.247072,0.02984;-1.60386,-0.0019792,-1.57445
0.507415,-0.256912,0.0288378;-1.57412,-0.120715,-1.58014
0.507255,-0.258215,0.0288219;-1.57138,-0.0998154,-1.58246
0.506831,-0.259092,0.0290242;-1.57502,-0.0441236,-1.58781
0.506831,-0.259092,0.0290242;-1.57502,-0.0441236,-1.58781
0.507276,-0.254506,0.0290833;-1.58063,-0.0124001,-1.58486
0.507276,-0.254506,0.0290833;-1.58063,-0.0124001,-1.58486
