0.5,-0.3,0.06;-1.57,-2.98023e-08,-1.57
0.5,-0.3,0.06;-1.57,-2.98023e-08,-1.57
0.5,-0.3,0.06;-1.57,-2.98023e-08,-1.57
0.502047,-0.295779,0.0286667;-1.57214,-0.307401,-1.57413
0.501436,-0.295691,0.028885;-1.58326,-0.257263,-1.57672
0.500335,-0.2973,0.0287161;-1.57653,-0.137844,-1.57281
0.499694,-0.290545,0.0292819;-1.5967,-0.0282494,-1.57028
0.503308,-0.285579,0.0287502;-1.57081,-0.278513,-1.57947
0.504489,-0.282417,0.0288426;-1.58057,-0.392826,-1.57809
0.505103,-0.281181,0.0289484;-1.58663,-0.441055,-1.58105
0.502697,-0.28577,0.0286592;-1.57081,-0.245903,-1.57441
0.501328,-0.286628,0.0286644;-1.57475,-0.117093,-1.57129
0.500898,-0.279194,0.0295495;-1.59825,0.0278427,-1.56717
0.501575,-0.278922,0.0290082;-1.59136,0.00864192,-1.57082
0.502273,-0.27995,0.0286722;-1.5717,-0.074516,-1.57429
0.50153,-0.279091,0.0286893;-1.57636,-0.194139,-1.57253
0.501253,-0.278043,0.0287619;-1.57636,-0.16029,-1.56825
0.503067,-0.27063,0.0303003;-1.57601,-0.035486,-1.545
0.501874,-0.258434,0.0342231;-1.63233,0.0904963,-1.53159
0.498915,-0.253611,0.0366181;-1.68682,0.127356,-1.52418
0.49886,-0.261322,0.0355317;-1.64845,0.0294766,-1.53468
0.495678,-0.27611,0.0299707;-1.54601,-0.123642,-1.56443
0.491499,-0.273983,0.0301331;-1.55658,-0.283908,-1.56718
0.493799,-0.266959,0.0314976;-1.54147,-0.178795,-1.54244
0.496456,-0.258192,0.0339781;-1.58306,-0.0180056,-1.51917
0.497856,-0.249489,0.0354655;-1.64729,0.0357381,-1.52286
0.499855,-0.252525,0.0324897;-1.60322,-0.0723904,-1.54242
0.499792,-0.261763,0.0288975;-1.57661,-0.363351,-1.56767
0.500491,-0.262385,0.0287386;-1.57484,-0.401586,-1.56848
0.500275,-0.261875,0.0286276;-1.57331,-0.335337,-1.57211
0.498953,-0.249446,0.0302056;-1.59766,-0.0314189,-1.55835
0.496345,-0.243526,0.0314099;-1.63677,0.0340274,-1.56714
0.497672,-0.244096,0.0299514;-1.6106,0.00867285,-1.57041
0.499935,-0.244717,0.0288597;-1.56873,-0.15073,-1.58178
0.499874,-0.247206,0.0290188;-1.56431,-0.185465,-1.58417
0.500007,-0.247438,0.0287428;-1.574,-0.18397,-1.57643
0.496575,-0.252702,0.029165;-1.5894,0.00595898,-1.58032
0.494309,-0.253643,0.0298966;-1.60453,0.0745499,-1.57458
0.493651,-0.252181,0.0304075;-1.61275,0.0901638,-1.56986
0.494245,-0.2502,0.0286816;-1.5705,-0.037315,-1.5754
0.493531,-0.248473,0.0287196;-1.57214,-0.162103,-1.57638
0.493606,-0.249437,0.0288685;-1.56542,-0.207416,-1.57807
0.492013,-0.251312,0.0290482;-1.57821,-0.0731529,-1.58639
0.491242,-0.251855,0.0298498;-1.59951,-0.00269196,-1.57997
0.489848,-0.244568,0.0328475;-1.65335,0.0812815,-1.57079
0.491811,-0.246022,0.0294761;-1.59277,-0.0722042,-1.57663
0.489615,-0.251604,0.029025;-1.57626,-0.196912,-1.56805
0.489475,-0.254821,0.0294549;-1.57513,-0.300839,-1.57254
0.490028,-0.247834,0.0300772;-1.57292,-0.165573,-1.5523
0.488715,-0.24136,0.0336989;-1.63096,-0.0700547,-1.5447
0.48605,-0.237478,0.0365065;-1.67857,0.0185771,-1.53462
0.489517,-0.244243,0.0309393;-1.58746,-0.128391,-1.55223
0.490885,-0.250576,0.0298174;-1.56192,-0.236645,-1.56812
0.493411,-0.256171,0.0303399;-1.55858,-0.330318,-1.57591
0.493291,-0.25299,0.03007;-1.56084,-0.244879,-1.55867
0.489674,-0.245788,0.0347038;-1.6106,-0.124551,-1.54906
0.484381,-0.236184,0.0373977;-1.70008,0.0126476,-1.53407
0.488155,-0.242226,0.0321306;-1.63684,-0.0600533,-1.57901
0.489451,-0.246448,0.0289817;-1.57344,-0.132848,-1.58793
0.48814,-0.250766,0.029348;-1.57841,-0.192426,-1.58767
0.487205,-0.253055,0.029169;-1.58228,-0.141053,-1.5896
0.486767,-0.25774,0.0299627;-1.57297,-0.0416884,-1.59655
0.487504,-0.257549,0.0337647;-1.53576,0.0488846,-1.62051
0.488682,-0.25452,0.0332985;-1.55503,0.100424,-1.6144
0.489862,-0.258893,0.0316546;-1.56947,0.0525901,-1.61907
0.489927,-0.260272,0.0301819;-1.57312,0.00462712,-1.59988
0.491579,-0.258405,0.029224;-1.5861,-0.0386821,-1.58667
0.491138,-0.258679,0.0294575;-1.56932,0.00265092,-1.59125
0.491903,-0.257692,0.0322492;-1.54564,0.0740765,-1.61214
0.49067,-0.248468,0.035992;-1.48696,0.122703,-1.61675
0.489462,-0.249668,0.037155;-1.45947,0.0409896,-1.61821
0.487152,-0.246673,0.0307964;-1.56569,-0.0637704,-1.61177
0.4855,-0.250318,0.0298081;-1.56631,-0.214071,-1.5878
0.485588,-0.248595,0.0294533;-1.58156,-0.182314,-1.58745
0.485558,-0.247604,0.0294959;-1.58752,-0.120123,-1.58102
0.482326,-0.233581,0.0350538;-1.66302,0.0440428,-1.54398
0.483488,-0.233896,0.0354574;-1.65848,0.00238121,-1.53341
0.485255,-0.240699,0.0321541;-1.62385,-0.0838322,-1.55988
0.483047,-0.253332,0.0297419;-1.56942,-0.265498,-1.5661
0.483202,-0.252128,0.0294679;-1.57242,-0.211793,-1.55913
0.484936,-0.246807,0.0305743;-1.57217,-0.111889,-1.54252
0.483883,-0.239026,0.0360686;-1.63699,0.0940926,-1.52944
0.485401,-0.238802,0.0362543;-1.67279,0.0580273,-1.52506
0.488141,-0.247021,0.0310997;-1.59985,-0.0219746,-1.55246
0.486651,-0.261004,0.0298026;-1.56629,-0.248178,-1.57861
0.489397,-0.264571,0.02892;-1.56351,-0.160521,-1.57377
0.494591,-0.267566,0.029973;-1.54287,-0.0395355,-1.58126
0.497413,-0.255599,0.0319607;-1.53878,0.188261,-1.57426
0.498054,-0.25752,0.0294381;-1.58002,0.196384,-1.58389
0.497971,-0.257881,0.0289136;-1.57418,0.14526,-1.58258
0.49998,-0.256239,0.0286429;-1.57077,-0.037752,-1.57402
0.50013,-0.257738,0.0287514;-1.57073,-0.00536352,-1.57888
0.500069,-0.258659,0.0287645;-1.57066,0.0250282,-1.57946
0.501043,-0.253219,0.0296085;-1.56246,0.138188,-1.5691
0.500455,-0.252449,0.0295685;-1.55371,0.137186,-1.5724
0.499963,-0.251048,0.0291571;-1.55927,0.14276,-1.57115
0.497374,-0.256777,0.0286195;-1.57188,-0.0639993,-1.57007
0.498624,-0.257909,0.0286245;-1.57235,-0.160556,-1.56992
0.497091,-0.260018,0.0286427;-1.57282,-0.0539152,-1.57293
0.495948,-0.262337,0.0286419;-1.57076,0.061209,-1.57369
0.495194,-0.254932,0.0299446;-1.55814,0.227932,-1.56319
0.494761,-0.254807,0.0287696;-1.57623,0.189117,-1.56582
0.494553,-0.257863,0.0286845;-1.57393,0.0661823,-1.56869
0.491159,-0.263074,0.0288436;-1.57684,-0.178567,-1.56497
0.491622,-0.262203,0.029056;-1.57301,-0.131638,-1.56167
0.493907,-0.257799,0.0293509;-1.57321,-0.0261067,-1.55616
0.493505,-0.248881,0.0334799;-1.54071,0.175385,-1.51759
0.492877,-0.249354,0.0336138;-1.5425,0.162081,-1.51842
0.490604,-0.25506,0.0307242;-1.56336,0.0614698,-1.54436
0.487658,-0.26414,0.0294158;-1.58271,-0.0979968,-1.56441
0.489973,-0.266157,0.029187;-1.56799,-0.0365475,-1.55834
0.49242,-0.265395,0.0292155;-1.56783,0.0387654,-1.55813
0.494402,-0.254529,0.0323773;-1.55232,0.265414,-1.524
0.494049,-0.254805,0.0324312;-1.54673,0.253532,-1.53217
0.493072,-0.259563,0.0287257;-1.57346,0.162629,-1.56534
0.491086,-0.261776,0.0285805;-1.57082,-0.0890989,-1.57079
0.491215,-0.262397,0.0285865;-1.57068,-0.0566997,-1.57108
0.491195,-0.26375,0.0287335;-1.57066,0.00534278,-1.57813
0.490683,-0.262202,0.0294545;-1.56611,0.17642,-1.57017
0.490475,-0.259341,0.0292963;-1.56421,0.194533,-1.57065
0.490242,-0.257657,0.028614;-1.57079,0.171317,-1.57245
0.491434,-0.251876,0.0287497;-1.57609,-0.0989319,-1.57438
0.492058,-0.252164,0.0286667;-1.57342,-0.141426,-1.57277
0.491664,-0.253485,0.0287216;-1.57115,-0.0930698,-1.57698
0.49,-0.256777,0.0289139;-1.57597,0.066893,-1.57471
0.489894,-0.25339,0.0295665;-1.56616,0.146549,-1.57155
0.489532,-0.252635,0.0291525;-1.5601,0.152907,-1.57038
0.487779,-0.249053,0.0287123;-1.57114,-0.0318675,-1.57693
0.48887,-0.249186,0.0288105;-1.57391,-0.110951,-1.57908
0.489434,-0.251543,0.0285796;-1.57085,-0.085088,-1.57072
0.49207,-0.252128,0.0290858;-1.55921,0.072099,-1.56709
0.492638,-0.247645,0.03072;-1.55509,0.152219,-1.54813
0.491955,-0.246873,0.0322957;-1.55675,0.190221,-1.52821
0.492829,-0.254968,0.0289672;-1.57754,0.0600426,-1.55804
0.492556,-0.259463,0.0291008;-1.57637,-0.0191399,-1.56131
0.492698,-0.26238,0.0292239;-1.58043,-0.0495946,-1.56074
0.492919,-0.263094,0.029438;-1.5765,0.0458706,-1.55308
0.493114,-0.256138,0.0323554;-1.57862,0.154747,-1.53783
0.491347,-0.248524,0.035966;-1.62177,0.227038,-1.52768
0.494954,-0.256848,0.0308674;-1.61117,0.104476,-1.56112
0.494752,-0.264166,0.0291307;-1.57829,-0.00818417,-1.56476
0.496011,-0.267855,0.0294956;-1.59044,-0.102304,-1.57338
0.495104,-0.269859,0.0289614;-1.58434,-0.0386364,-1.57903
0.495724,-0.265654,0.0297447;-1.56968,0.0578103,-1.58308
0.493693,-0.252646,0.0340725;-1.57935,0.151971,-1.58653
0.497351,-0.250947,0.0304126;-1.5808,0.0757137,-1.59777
0.49835,-0.251465,0.0289831;-1.57689,0.00235546,-1.58409
0.500599,-0.251684,0.0292298;-1.59,-0.0925337,-1.58536
0.49993,-0.25472,0.0291187;-1.57451,-0.0614674,-1.59107
0.500561,-0.255557,0.0318339;-1.54347,-0.00843225,-1.60651
0.502124,-0.253235,0.0372869;-1.46983,0.0634858,-1.62502
0.503764,-0.250617,0.0355221;-1.47794,0.0894572,-1.62239
0.503135,-0.251758,0.0345392;-1.4822,0.0606135,-1.60488
0.503246,-0.256892,0.0294153;-1.56025,-0.0248188,-1.58283
0.503515,-0.262319,0.0297887;-1.56459,-0.0295313,-1.5922
0.504174,-0.263638,0.0313317;-1.54865,0.0157521,-1.60597
0.505645,-0.262488,0.0357031;-1.48597,0.0650226,-1.61746
0.507316,-0.252404,0.0383816;-1.503,0.126079,-1.60197
0.508831,-0.252503,0.0301336;-1.58243,0.0859849,-1.59307
0.508772,-0.253942,0.0290058;-1.57295,-0.000566363,-1.58031
0.509158,-0.26051,0.0293537;-1.58342,-0.056231,-1.57927
0.509596,-0.260882,0.0296947;-1.58116,0.000554889,-1.57624
0.510007,-0.257904,0.0315232;-1.52815,0.0854158,-1.57539
0.507877,-0.244649,0.0386946;-1.56964,0.184853,-1.54917
0.507659,-0.248319,0.0381469;-1.58248,0.141058,-1.54619
0.508763,-0.254832,0.029542;-1.58006,0.0512799,-1.56492
0.508673,-0.262792,0.0295341;-1.58073,-0.0844774,-1.56507
0.508703,-0.262833,0.0291902;-1.57561,-0.0643366,-1.56117
0.508735,-0.261523,0.0297271;-1.56432,-0.0116897,-1.55844
0.507456,-0.241211,0.034473;-1.62774,0.141938,-1.55182
0.509348,-0.240636,0.0326087;-1.65594,0.104355,-1.56366
0.511302,-0.247791,0.0286885;-1.56664,0.0154352,-1.56908
0.512024,-0.253206,0.0285921;-1.57135,-0.122765,-1.57141
0.512329,-0.254901,0.0287543;-1.57069,-0.0888833,-1.579
0.511427,-0.256285,0.0288099;-1.57277,-0.0135906,-1.5798
0.509503,-0.253036,0.0291418;-1.5788,0.142747,-1.57294
0.510336,-0.252752,0.0286948;-1.57641,0.14044,-1.57005
0.510634,-0.252387,0.0287561;-1.5707,0.0954818,-1.57942
0.511125,-0.251763,0.0287099;-1.57071,-0.0544233,-1.57696
0.511382,-0.253165,0.028739;-1.57065,-0.0301018,-1.57831
0.511212,-0.254472,0.0286587;-1.57091,0.0355895,-1.57447
0.511212,-0.254472,0.0286587;-1.57091,0.0355895,-1.57447
0.51133,-0.255511,0.0286614;-1.56777,0.112336,-1.57194
0.51133,-0.255511,0.0286614;-1.56777,0.112336,-1.57194
