0.5,-0.3,0.06;-1.57,-2.98023e-08,-1.57
0.5,-0.3,0.06;-1.57,-2.98023e-08,-1.57
0.5,-0.3,0.06;-1.57,-2.98023e-08,-1.57
0.50178,-0.295512,0.0288269;-1.57444,-0.312313,-1.58025
0.502004,-0.294979,0.0287856;-1.57739,-0.274828,-1.57613
0.500611,-0.293346,0.0288829;-1.58173,-0.157899,-1.56904
0.498591,-0.282308,0.0344358;-1.62966,-0.0833632,-1.53185
0.504864,-0.293707,0.0289698;-1.58008,-0.321471,-1.56342
0.506772,-0.29586,0.028853;-1.58235,-0.437776,-1.57319
0.507264,-0.296764,0.0287349;-1.57128,-0.489796,-1.57777
0.504607,-0.301978,0.0286551;-1.57074,-0.267281,-1.57429
0.502969,-0.303,0.0286839;-1.57501,-0.137879,-1.57076
0.502228,-0.293843,0.0300957;-1.60281,0.000975967,-1.56274
0.502167,-0.294647,0.0296261;-1.58786,-0.015429,-1.55768
0.503254,-0.299671,0.0289108;-1.57911,-0.127302,-1.56397
0.504381,-0.301356,0.0288977;-1.57931,-0.254416,-1.56586
0.504102,-0.299648,0.0289885;-1.57962,-0.193394,-1.56143
0.504161,-0.294395,0.0291805;-1.5808,-0.0841644,-1.55894
0.502366,-0.28429,0.030476;-1.61048,0.0521768,-1.56099
0.499238,-0.282468,0.0318581;-1.63467,0.094569,-1.55193
0.501896,-0.287712,0.0291384;-1.59662,0.036768,-1.57163
0.502991,-0.28724,0.028763;-1.57053,-0.0611281,-1.57986
0.503826,-0.285482,0.0286152;-1.57242,-0.159214,-1.57086
0.50366,-0.281888,0.0293505;-1.5758,-0.060016,-1.55582
0.503742,-0.274603,0.0320173;-1.59087,0.0833132,-1.53106
0.503112,-0.271435,0.0346016;-1.65059,0.152634,-1.53017
0.504289,-0.27922,0.0293146;-1.5887,0.0943214,-1.56375
0.505319,-0.277334,0.0288842;-1.58336,-0.150282,-1.57497
0.506265,-0.276189,0.029031;-1.59244,-0.191425,-1.57575
0.505461,-0.27672,0.0286445;-1.57383,-0.137247,-1.57142
0.507039,-0.266616,0.0309206;-1.57886,0.109353,-1.54303
0.504326,-0.25784,0.0333358;-1.62073,0.181412,-1.52982
0.504791,-0.261003,0.0346315;-1.62574,0.0984735,-1.52479
0.504838,-0.269928,0.0286602;-1.56899,-0.143269,-1.5766
0.505552,-0.269092,0.028799;-1.58135,-0.194348,-1.57373
0.505237,-0.269763,0.028839;-1.58101,-0.147163,-1.57552
0.50487,-0.268275,0.0286696;-1.57446,-0.0450661,-1.56896
0.506266,-0.261447,0.0293792;-1.59127,0.0725757,-1.56793
0.506341,-0.258024,0.0308258;-1.59819,0.0974959,-1.54921
0.508044,-0.263828,0.0288154;-1.57628,-0.180238,-1.56558
0.508396,-0.266041,0.0288931;-1.57261,-0.308119,-1.56774
0.509034,-0.266867,0.0286037;-1.57218,-0.350726,-1.57154
0.508629,-0.266958,0.0285794;-1.57072,-0.233884,-1.57084
0.50874,-0.261652,0.0290932;-1.57098,-0.136653,-1.56414
0.50797,-0.251252,0.0314857;-1.59923,-0.0154831,-1.54551
0.51181,-0.251477,0.0286862;-1.57084,-0.163845,-1.57592
0.511866,-0.250908,0.028617;-1.57042,-0.246653,-1.57246
0.511067,-0.254788,0.0286398;-1.57287,-0.274296,-1.57229
0.507719,-0.257816,0.0295949;-1.56086,-0.0822776,-1.56162
0.506519,-0.253617,0.0301638;-1.58883,0.0513481,-1.55183
0.503942,-0.247634,0.0315677;-1.63022,0.137188,-1.55528
0.506817,-0.251228,0.0288547;-1.584,0.0326646,-1.57065
0.507179,-0.251628,0.0285838;-1.57054,-0.0397229,-1.57076
0.507837,-0.253287,0.0286875;-1.57101,-0.135983,-1.57589
0.506322,-0.255298,0.0285825;-1.57096,-0.0114509,-1.57063
0.505454,-0.252197,0.0292904;-1.58646,0.102868,-1.56412
0.502973,-0.246985,0.0321809;-1.6205,0.195277,-1.54332
0.504625,-0.257469,0.0293323;-1.56886,0.0793863,-1.55585
0.502923,-0.259169,0.0286053;-1.57065,-0.0328921,-1.57209
0.503211,-0.256136,0.0288258;-1.57937,-0.178631,-1.57608
0.503184,-0.256816,0.0285828;-1.57085,-0.0967825,-1.57094
0.503626,-0.255719,0.028635;-1.57297,0.0007554,-1.57037
0.503371,-0.250517,0.0294468;-1.58038,0.0977271,-1.56797
0.500838,-0.252663,0.0319455;-1.55327,0.0678738,-1.52751
0.499309,-0.259118,0.030498;-1.56434,-0.0164154,-1.54309
0.495722,-0.266576,0.0287161;-1.57084,-0.154921,-1.5642
0.495312,-0.268729,0.0285824;-1.57092,-0.242174,-1.57096
0.494321,-0.270837,0.0285821;-1.57096,-0.131644,-1.57083
0.495463,-0.272446,0.0288803;-1.56623,-0.0344935,-1.57096
0.497891,-0.268689,0.0309562;-1.53579,0.126204,-1.56296
0.498355,-0.268619,0.0296553;-1.55402,0.0342525,-1.57062
0.49712,-0.269661,0.0289664;-1.55874,-0.068133,-1.57631
0.496588,-0.271046,0.0296338;-1.5489,-0.187877,-1.57002
0.497928,-0.270113,0.0288918;-1.57171,-0.153958,-1.56294
0.499907,-0.264234,0.0288794;-1.57523,-0.0450878,-1.56117
0.497281,-0.250877,0.0304935;-1.6215,0.152476,-1.56092
0.500259,-0.253032,0.0302299;-1.61461,0.0846534,-1.56721
0.503098,-0.251097,0.0286425;-1.57097,-0.0412827,-1.57356
0.503291,-0.249826,0.0287942;-1.56938,-0.225859,-1.5794
0.502708,-0.251046,0.0286156;-1.57261,-0.15124,-1.57158
0.500966,-0.249881,0.02882;-1.57702,-0.0433174,-1.56581
0.49705,-0.242645,0.032771;-1.64085,0.162839,-1.54342
0.499598,-0.244042,0.032449;-1.64402,0.113979,-1.55582
0.501911,-0.249728,0.0287107;-1.57693,0.0322592,-1.57062
0.502607,-0.253792,0.0287017;-1.57147,-0.0676755,-1.57644
0.502121,-0.256968,0.0286782;-1.5707,0.0234014,-1.57533
0.500701,-0.260335,0.0287062;-1.5716,0.133505,-1.57573
0.498043,-0.254669,0.0332316;-1.65691,0.343918,-1.53272
0.498661,-0.255302,0.0359028;-1.67547,0.287389,-1.51793
0.498218,-0.263495,0.0337441;-1.62144,0.217232,-1.51794
0.497025,-0.276947,0.0287641;-1.57956,-0.0617489,-1.57167
0.497582,-0.277026,0.0285801;-1.57102,-0.0795009,-1.57056
0.497229,-0.276469,0.0285791;-1.57082,-0.0394855,-1.57067
0.499525,-0.264771,0.0302896;-1.57483,0.173103,-1.55636
0.498511,-0.263694,0.0305274;-1.5656,0.150807,-1.54338
0.497715,-0.266131,0.0315975;-1.55596,0.136263,-1.52933
0.488349,-0.278402,0.029461;-1.56252,-0.100362,-1.55582
0.486249,-0.280668,0.0290074;-1.57258,-0.226073,-1.56209
0.488303,-0.278125,0.0288671;-1.56781,-0.150816,-1.55962
0.491537,-0.271285,0.0292863;-1.56785,-0.015929,-1.55688
0.49142,-0.256637,0.0300209;-1.58866,0.152998,-1.55734
0.491749,-0.259629,0.0289179;-1.57285,0.0554193,-1.5665
0.489578,-0.263244,0.0286054;-1.57073,-0.0714486,-1.56955
0.488765,-0.266859,0.0288942;-1.57343,-0.230507,-1.56214
0.488215,-0.267129,0.0297214;-1.55885,-0.146973,-1.55284
0.488459,-0.266235,0.0319939;-1.53855,-0.0321349,-1.5348
0.490919,-0.25805,0.0328073;-1.57534,0.179991,-1.52932
0.493255,-0.253845,0.0322017;-1.58274,0.0822982,-1.53573
0.494623,-0.256021,0.0285807;-1.57085,-0.0367471,-1.57084
0.495768,-0.253971,0.0287533;-1.57076,-0.199391,-1.57909
0.495811,-0.253835,0.0286247;-1.57099,-0.176724,-1.57293
0.495917,-0.253253,0.0286273;-1.56975,-0.0947817,-1.56934
0.492114,-0.243509,0.0327904;-1.61609,0.0842026,-1.5344
0.492505,-0.243833,0.0351599;-1.63262,0.0469263,-1.51887
0.494781,-0.250116,0.0306359;-1.56318,-0.0331713,-1.53128
0.491887,-0.257714,0.0286548;-1.57068,-0.260047,-1.57461
0.491971,-0.257751,0.0286401;-1.57362,-0.254172,-1.57195
0.491449,-0.258004,0.0285788;-1.57064,-0.164214,-1.57061
0.490104,-0.248286,0.0317785;-1.61428,0.0922648,-1.54621
0.487968,-0.249089,0.0340562;-1.64755,0.118137,-1.53364
0.486815,-0.259019,0.0346097;-1.60132,0.048221,-1.51193
0.483136,-0.277646,0.0297817;-1.56118,-0.0917517,-1.55047
0.484763,-0.282943,0.0289013;-1.57078,-0.157623,-1.56309
0.485898,-0.28217,0.0287662;-1.56889,-0.0979928,-1.56364
0.492831,-0.276124,0.0296839;-1.55185,0.22847,-1.56706
0.495864,-0.272403,0.03101;-1.5439,0.335438,-1.55652
0.494097,-0.277443,0.032351;-1.53491,0.284651,-1.54142
0.485622,-0.291653,0.028835;-1.56955,0.0708945,-1.5601
0.48329,-0.292655,0.0292291;-1.57103,-0.0224956,-1.55866
0.483861,-0.292168,0.0293494;-1.57052,-0.0255545,-1.55559
0.49027,-0.281705,0.031219;-1.56058,0.164022,-1.53222
0.492318,-0.272555,0.0312455;-1.55717,0.285333,-1.53351
0.49102,-0.269034,0.0307018;-1.55944,0.315615,-1.54164
0.489056,-0.272745,0.0285799;-1.57066,0.130416,-1.57102
0.49088,-0.269913,0.0289316;-1.58671,-0.00525459,-1.57444
0.49145,-0.270257,0.0287135;-1.57919,-0.0449699,-1.57084
0.490818,-0.267565,0.0290668;-1.56953,0.103196,-1.55913
0.492011,-0.261167,0.0314333;-1.55583,0.219833,-1.53288
0.491777,-0.257405,0.0326306;-1.54674,0.302996,-1.5248
0.490054,-0.264773,0.0287014;-1.57086,0.138054,-1.56485
0.489783,-0.265606,0.0285796;-1.5706,0.0497909,-1.57101
0.490525,-0.266599,0.0285822;-1.57104,-0.0186253,-1.57067
0.489005,-0.270911,0.0285803;-1.57091,0.181146,-1.57084
0.489952,-0.267842,0.0292272;-1.57514,0.289763,-1.56221
0.489113,-0.262017,0.032087;-1.61822,0.365615,-1.53029
0.486222,-0.269554,0.0327858;-1.56948,0.214502,-1.5142
0.482529,-0.278215,0.0296437;-1.5666,0.0699441,-1.54971
0.481426,-0.282648,0.0286344;-1.5709,-0.0799004,-1.56764
0.482202,-0.281536,0.0285817;-1.57116,-0.0795306,-1.57029
0.483663,-0.277217,0.029076;-1.56241,0.0240709,-1.56123
0.484232,-0.266472,0.031433;-1.58236,0.163671,-1.53867
0.481342,-0.273478,0.0324823;-1.54657,0.0825798,-1.51448
0.475497,-0.282641,0.0315626;-1.55101,-0.0360388,-1.5253
0.470335,-0.287422,0.0307879;-1.55183,-0.133551,-1.53772
0.473107,-0.284421,0.0299266;-1.55503,-0.143728,-1.54789
0.478118,-0.27549,0.0302411;-1.56339,-0.0155006,-1.54194
0.481566,-0.264273,0.0310825;-1.57925,0.119714,-1.54004
0.479474,-0.263628,0.0297913;-1.56155,0.173293,-1.5514
0.478569,-0.269539,0.028911;-1.56749,0.1146,-1.55775
0.475421,-0.272111,0.0286943;-1.57151,-0.0072482,-1.56435
0.476612,-0.273378,0.0290786;-1.56762,-0.154825,-1.55794
0.477933,-0.269118,0.0310763;-1.55739,-0.0417612,-1.53059
0.480145,-0.264374,0.0323349;-1.55248,0.0851535,-1.51421
0.481015,-0.254732,0.032454;-1.55051,0.186724,-1.51861
0.479547,-0.25798,0.0294416;-1.56601,0.0943491,-1.55246
0.47857,-0.260394,0.0285878;-1.57082,-0.0182497,-1.57045
0.481392,-0.255797,0.0288799;-1.58579,-0.254728,-1.57477
0.480765,-0.255945,0.0285796;-1.57067,-0.207187,-1.57078
0.479331,-0.252997,0.0291657;-1.55891,-0.112352,-1.55694
0.47632,-0.244016,0.033234;-1.57161,0.0819707,-1.51312
0.476668,-0.243819,0.033759;-1.53902,0.00730581,-1.50647
0.475216,-0.249995,0.0302047;-1.56191,-0.116502,-1.54001
0.472542,-0.256826,0.0285796;-1.57068,-0.333725,-1.57081
0.471089,-0.256936,0.0285828;-1.57088,-0.243258,-1.57067
0.46831,-0.256809,0.0286512;-1.5706,-0.183879,-1.56737
0.457417,-0.250973,0.0321348;-1.57096,0.0372206,-1.52563
0.454417,-0.255009,0.0331391;-1.53828,0.0420277,-1.51907
0.45393,-0.264726,0.0329795;-1.52259,-0.0561607,-1.52704
0.452519,-0.275987,0.0290354;-1.56282,-0.229817,-1.55911
0.453277,-0.27559,0.0288752;-1.56208,-0.197345,-1.56346
0.454484,-0.27318,0.0288743;-1.56826,-0.0791892,-1.55913
0.454484,-0.27318,0.0288743;-1.56826,-0.0791892,-1.55913
0.45536,-0.26964,0.0290614;-1.56511,0.101748,-1.55676
0.45536,-0.26964,0.0290614;-1.56511,0.101748,-1.55676
