0.5,-0.3,0.06;-1.57,-2.98023e-08,-1.57
0.5,-0.3,0.06;-1.57,-2.98023e-08,-1.57
0.5,-0.3,0.06;-1.57,-2.98023e-08,-1.57
0.501202,-0.295939,0.0287026;-1.57495,-0.312831,-1.57406
0.501501,-0.294356,0.02868;-1.57567,-0.278242,-1.57216
0.502131,-0.284935,0.0298786;-1.58752,-0.161524,-1.55818
0.501561,-0.27268,0.0325054;-1.63055,-0.0903604,-1.55771
0.506316,-0.277706,0.0287334;-1.57393,-0.283547,-1.57597
0.507013,-0.278608,0.02879;-1.5815,-0.355468,-1.5747
0.507423,-0.278254,0.0287471;-1.5753,-0.398779,-1.57631
0.506428,-0.283363,0.0288926;-1.56318,-0.199383,-1.57669
0.506014,-0.277575,0.0294245;-1.58701,-0.0438686,-1.55967
0.503616,-0.266478,0.0327808;-1.64062,0.0834925,-1.54692
0.506057,-0.269518,0.0295391;-1.59412,-0.0174502,-1.56538
0.508612,-0.268593,0.0286926;-1.57278,-0.171353,-1.57469
0.5098,-0.266589,0.0286996;-1.57535,-0.284695,-1.57401
0.509142,-0.267252,0.0287209;-1.57596,-0.214069,-1.57423
0.507829,-0.263857,0.0290929;-1.58781,-0.100015,-1.56513
0.506285,-0.252919,0.0319447;-1.62637,0.0184026,-1.55482
0.50541,-0.250428,0.0329121;-1.65233,0.0432557,-1.55432
0.508911,-0.256317,0.0299696;-1.60999,-0.047042,-1.57241
0.510683,-0.256405,0.0288169;-1.57273,-0.171049,-1.5815
0.510616,-0.257364,0.0286619;-1.57365,-0.198122,-1.57408
0.508202,-0.260596,0.0287178;-1.57286,-0.0567743,-1.57525
0.507503,-0.259347,0.0289043;-1.58639,0.069994,-1.57001
0.505755,-0.258334,0.0303056;-1.61267,0.166974,-1.5631
0.504931,-0.268092,0.0287435;-1.5642,0.148532,-1.57659
0.506201,-0.2661,0.0288661;-1.58441,-0.0574915,-1.57662
0.507165,-0.265173,0.0288418;-1.58237,-0.122038,-1.57707
0.506695,-0.266031,0.0288586;-1.57363,-0.0732899,-1.5824
0.507363,-0.261928,0.0290403;-1.57874,0.0918161,-1.57456
0.5064,-0.253182,0.0301533;-1.60963,0.154768,-1.56686
0.506925,-0.255052,0.0291793;-1.59234,0.0942068,-1.57056
0.508097,-0.252943,0.0287849;-1.57137,-0.138695,-1.58062
0.509575,-0.250996,0.0287964;-1.57691,-0.229196,-1.57643
0.509678,-0.251177,0.02883;-1.57788,-0.224604,-1.57782
0.507013,-0.254678,0.0291212;-1.58451,-0.0443528,-1.58386
0.505978,-0.253085,0.0290566;-1.58406,0.049813,-1.57959
0.50541,-0.251284,0.0296119;-1.59696,0.0786842,-1.57142
0.505801,-0.251938,0.0289001;-1.56939,-0.0200176,-1.58487
0.505583,-0.25263,0.0288251;-1.57072,-0.0590214,-1.5826
0.505663,-0.254548,0.0288596;-1.57182,-0.0832239,-1.58374
0.503725,-0.260479,0.0289502;-1.57571,0.0739213,-1.58307
0.502994,-0.259726,0.0291073;-1.5859,0.131424,-1.57912
0.501674,-0.256948,0.0302628;-1.6086,0.18812,-1.56917
0.506098,-0.248577,0.0289066;-1.57222,0.00236807,-1.58455
0.507137,-0.245963,0.0288861;-1.57255,-0.119215,-1.58412
0.508019,-0.247001,0.0290136;-1.57338,-0.182682,-1.58501
0.507283,-0.247926,0.0290066;-1.5821,-0.112732,-1.58126
0.506289,-0.247119,0.0291291;-1.59577,-0.0421125,-1.5708
0.504817,-0.244011,0.0304999;-1.62067,0.0263391,-1.56875
0.507593,-0.243505,0.0291032;-1.58506,-0.0543863,-1.58233
0.508265,-0.242518,0.0288274;-1.57157,-0.130819,-1.58244
0.508999,-0.245683,0.0289644;-1.57671,-0.173205,-1.58432
0.506539,-0.25554,0.0289672;-1.57896,-0.00785344,-1.58169
0.504228,-0.257226,0.0291524;-1.59505,0.103767,-1.57203
0.501271,-0.257138,0.0303066;-1.61494,0.204557,-1.56321
0.503218,-0.254328,0.0290843;-1.58714,0.116418,-1.57697
0.505433,-0.252165,0.0288723;-1.57086,-0.0140225,-1.5848
0.50588,-0.251753,0.028922;-1.57466,-0.0889977,-1.58399
0.506516,-0.250017,0.0291332;-1.58762,-0.119103,-1.58269
0.504615,-0.250954,0.0292673;-1.60127,-0.0525507,-1.57365
0.500989,-0.252208,0.0299262;-1.6098,0.0484397,-1.56875
0.500158,-0.253331,0.0295268;-1.60143,0.0644478,-1.56849
0.501564,-0.253356,0.0290168;-1.5802,-0.00277573,-1.58218
0.502427,-0.252776,0.0288015;-1.5712,-0.0655265,-1.58115
0.503157,-0.25159,0.0289053;-1.57583,-0.113739,-1.58169
0.501425,-0.253748,0.0292081;-1.5922,-0.0226246,-1.58037
0.499334,-0.256768,0.0291498;-1.58813,0.07957,-1.57949
0.495359,-0.26374,0.0298829;-1.59539,0.263101,-1.57103
0.495026,-0.270513,0.0289539;-1.57843,0.253854,-1.57942
0.495516,-0.269551,0.0288655;-1.5707,0.177735,-1.58465
0.500063,-0.264344,0.028957;-1.58507,-0.0885347,-1.57702
0.499432,-0.264832,0.0289993;-1.58113,-0.0501374,-1.58101
0.498696,-0.265474,0.0287482;-1.57069,0.00379611,-1.57871
0.496409,-0.253831,0.0296753;-1.57289,0.153817,-1.57413
0.497371,-0.253668,0.029887;-1.57818,0.0807873,-1.58458
0.498439,-0.252477,0.0289065;-1.57372,0.0126398,-1.58312
0.500603,-0.247751,0.0290124;-1.58767,-0.182303,-1.57817
0.499663,-0.249363,0.0288005;-1.57268,-0.121334,-1.57943
0.498957,-0.250464,0.0288517;-1.57313,-0.0564608,-1.58144
0.497344,-0.246009,0.0294391;-1.58303,0.0949439,-1.57855
0.49847,-0.249828,0.0299913;-1.59278,0.0707978,-1.58554
0.49924,-0.249888,0.0290093;-1.576,0.0439133,-1.58565
0.499022,-0.252894,0.0288335;-1.5719,-0.0530289,-1.58299
0.499206,-0.255599,0.0288393;-1.57164,-0.012928,-1.5829
0.499978,-0.257771,0.028994;-1.57343,0.0404004,-1.58649
0.499007,-0.251576,0.0303757;-1.61313,0.140413,-1.56921
0.501719,-0.248752,0.0301839;-1.57468,0.0683722,-1.5766
0.502402,-0.247973,0.0289885;-1.58095,0.02308,-1.5799
0.505211,-0.245862,0.0291137;-1.57381,-0.164841,-1.58583
0.505968,-0.246217,0.0289684;-1.57319,-0.166469,-1.58424
0.506348,-0.246288,0.0288551;-1.57131,-0.163911,-1.58413
0.50506,-0.239292,0.0298005;-1.60747,-0.0404253,-1.57088
0.506407,-0.239647,0.0296629;-1.60504,-0.0673124,-1.57222
0.506541,-0.239716,0.029257;-1.60061,-0.0678597,-1.57012
0.50708,-0.241865,0.0287125;-1.57636,-0.129979,-1.57264
0.507267,-0.247188,0.0289437;-1.57821,-0.177606,-1.58209
0.505374,-0.252526,0.0289236;-1.57314,-0.0758683,-1.58524
0.503477,-0.254911,0.029236;-1.59655,0.0191895,-1.57637
0.499766,-0.255968,0.0305018;-1.61938,0.178139,-1.56327
0.501363,-0.253718,0.0290276;-1.58573,0.114108,-1.5758
0.502356,-0.253104,0.0288174;-1.57046,0.0460232,-1.58244
0.502862,-0.250965,0.0287456;-1.57089,-0.165553,-1.57886
0.502386,-0.250907,0.0288892;-1.57661,-0.133991,-1.58089
0.50068,-0.252761,0.0290113;-1.58364,-0.0363688,-1.579
0.496341,-0.253165,0.0306962;-1.6245,0.111478,-1.56567
0.497151,-0.253207,0.0304044;-1.61364,0.0959665,-1.5717
0.497201,-0.254591,0.0290742;-1.58034,0.0783338,-1.58425
0.499401,-0.252419,0.0288815;-1.57523,-0.103904,-1.5811
0.499674,-0.252059,0.0288721;-1.57696,-0.105996,-1.57907
0.498059,-0.253999,0.0291667;-1.58695,-0.0262765,-1.58324
0.493775,-0.258242,0.0298804;-1.59079,0.198421,-1.57865
0.492187,-0.267848,0.0296124;-1.5887,0.228608,-1.57631
0.491584,-0.27666,0.0288679;-1.57258,0.244963,-1.58272
0.492359,-0.276643,0.0289122;-1.57588,0.123529,-1.58113
0.49425,-0.273874,0.0290632;-1.58495,0.0289947,-1.58049
0.495155,-0.272063,0.0288136;-1.56963,0.00863193,-1.58265
0.496142,-0.261771,0.0294032;-1.57212,0.0990222,-1.57422
0.495758,-0.258804,0.0292033;-1.58384,0.128949,-1.57156
0.495677,-0.263662,0.0296027;-1.5496,0.10019,-1.57562
0.495301,-0.261488,0.028969;-1.57994,-0.0495744,-1.5808
0.496841,-0.258808,0.0289889;-1.58095,-0.157185,-1.582
0.497618,-0.257058,0.0288354;-1.57219,-0.187947,-1.58195
0.498269,-0.254618,0.0290046;-1.57842,-0.0412015,-1.57891
0.49891,-0.248087,0.0297295;-1.59393,0.0242452,-1.57689
0.500439,-0.24949,0.0291832;-1.58787,0.00664007,-1.57551
0.500541,-0.250293,0.0288267;-1.57088,-0.0558526,-1.58219
0.500487,-0.252074,0.0288605;-1.57291,-0.0942489,-1.58216
0.50039,-0.254359,0.0288569;-1.57363,-0.0847041,-1.58147
0.501387,-0.257241,0.0292817;-1.57445,0.0500966,-1.58516
0.501368,-0.254817,0.0294695;-1.5991,0.0879585,-1.57178
0.501058,-0.250115,0.0299828;-1.60836,0.0937888,-1.56751
0.50421,-0.24502,0.0289968;-1.57577,-0.0561524,-1.58585
0.504878,-0.244625,0.0289633;-1.5752,-0.143964,-1.58451
0.505333,-0.247264,0.0294723;-1.56799,-0.186122,-1.58879
0.506573,-0.246848,0.0290752;-1.59318,-0.152605,-1.57622
0.505211,-0.245308,0.029142;-1.59548,-0.0813615,-1.57072
0.503675,-0.242184,0.0308912;-1.62689,-0.0210522,-1.57138
0.507775,-0.241534,0.0291465;-1.59593,-0.104278,-1.57616
0.507747,-0.242777,0.0287798;-1.57132,-0.128322,-1.58054
0.507731,-0.244835,0.0290007;-1.5751,-0.166946,-1.58451
0.506015,-0.249368,0.0290313;-1.57817,-0.0695259,-1.58551
0.504082,-0.252132,0.0293492;-1.59995,0.024921,-1.57289
0.50046,-0.253852,0.0310021;-1.62837,0.130389,-1.5655
0.501432,-0.254922,0.0290576;-1.58079,0.0723526,-1.58294
0.501825,-0.254439,0.0288098;-1.57064,-0.00713429,-1.58187
0.502369,-0.255622,0.0288135;-1.57154,-0.0888066,-1.58185
0.502586,-0.253877,0.0289264;-1.57741,-0.122697,-1.58152
0.501315,-0.253944,0.0291686;-1.59949,-0.0388023,-1.57231
0.498965,-0.25306,0.0304707;-1.61921,0.0471138,-1.56887
0.497584,-0.25562,0.0291188;-1.58997,0.0632077,-1.57651
0.497122,-0.257337,0.0288806;-1.57164,0.055805,-1.58518
0.497482,-0.258028,0.0288246;-1.57257,-0.00731516,-1.58183
0.498343,-0.256482,0.0288443;-1.57178,-0.0826504,-1.58314
0.496836,-0.258536,0.0290054;-1.57882,0.013829,-1.58297
0.49453,-0.259715,0.0291355;-1.59252,0.122602,-1.57252
0.490774,-0.271286,0.0294054;-1.59357,0.246361,-1.56946
0.490057,-0.281255,0.028839;-1.57066,0.236866,-1.58359
0.489583,-0.281218,0.0287743;-1.57183,0.193172,-1.58128
0.492216,-0.277932,0.0289465;-1.57837,-0.00224161,-1.58068
0.492687,-0.27664,0.0288247;-1.57069,-0.0187538,-1.58248
0.493846,-0.272896,0.0289672;-1.56535,0.0150397,-1.57205
0.494189,-0.260295,0.0299463;-1.5715,0.115564,-1.56161
0.495401,-0.267636,0.0286665;-1.57143,0.033647,-1.57453
0.494272,-0.266767,0.0288863;-1.57024,-0.0667185,-1.58513
0.494115,-0.264235,0.0287848;-1.57721,-0.20199,-1.57749
0.49449,-0.262877,0.0287893;-1.57069,-0.21518,-1.5808
0.494972,-0.26124,0.0287452;-1.57003,-0.17189,-1.57901
0.494731,-0.243705,0.030651;-1.61759,-0.0172819,-1.56659
0.495888,-0.248191,0.0313794;-1.63867,-0.0578811,-1.57423
0.496608,-0.254028,0.0288666;-1.57237,-0.114269,-1.58425
0.494774,-0.258309,0.0288095;-1.56979,-0.19424,-1.58106
0.495452,-0.259961,0.0289364;-1.56829,-0.14611,-1.58518
0.49623,-0.262467,0.0290727;-1.56098,-0.0552701,-1.58389
0.496298,-0.249903,0.0315569;-1.63734,0.124553,-1.55784
0.498452,-0.246267,0.0316721;-1.62716,0.0474734,-1.5518
0.500441,-0.247828,0.0288661;-1.57769,-0.0373523,-1.57781
0.500373,-0.248299,0.028751;-1.57185,-0.194685,-1.57798
0.500687,-0.248333,0.0287593;-1.56962,-0.19488,-1.57823
0.501298,-0.246888,0.0287906;-1.58019,-0.168301,-1.57331
0.501298,-0.246888,0.0287906;-1.58019,-0.168301,-1.57331
0.500243,-0.244215,0.0292312;-1.59702,-0.107337,-1.57031
0.500243,-0.244215,0.0292312;-1.59702,-0.107337,-1.57031
