-0.125,0.125,0.06;-1.57,-2.98023e-08,-1.57
-0.125,0.125,0.06;-1.57,-2.98023e-08,-1.57
-0.125,0.125,0.06;-1.57,-2.98023e-08,-1.57
-0.126223,0.122107,0.0286439;-1.57051,-0.167427,-1.57372
-0.124869,0.120704,0.0290549;-1.5651,-0.0765105,-1.5875
-0.122462,0.123566,0.0309373;-1.54985,0.0287305,-1.58777
-0.122133,0.142621,0.034667;-1.66959,0.0788246,-1.58334
-0.121536,0.140376,0.0287586;-1.57041,-0.0847076,-1.57922
-0.121582,0.140488,0.0286916;-1.57067,-0.129751,-1.57609
-0.121707,0.13987,0.0286885;-1.57054,-0.119452,-1.57607
-0.119525,0.136894,0.0291173;-1.56114,0.05734,-1.58776
-0.1164,0.140153,0.0306614;-1.55102,0.152011,-1.58995
-0.112402,0.16126,0.034728;-1.61722,0.275789,-1.57984
-0.108522,0.167577,0.030669;-1.6004,0.178863,-1.58086
-0.109609,0.16411,0.0288495;-1.56964,0.0904443,-1.58279
-0.110139,0.164496,0.0286664;-1.57122,0.0236447,-1.57465
-0.109662,0.162566,0.028978;-1.56661,0.105667,-1.58623
-0.107526,0.162998,0.0299492;-1.56042,0.200209,-1.58949
-0.103234,0.178082,0.0342118;-1.56734,0.315406,-1.58941
-0.10046,0.191057,0.0371794;-1.71676,0.29482,-1.55412
-0.0982026,0.188846,0.0317693;-1.62949,0.227238,-1.5719
-0.0989075,0.185458,0.0287102;-1.57389,0.136784,-1.5805
-0.0992051,0.185102,0.028688;-1.57083,0.102094,-1.5762
-0.098305,0.183082,0.0290628;-1.56522,0.193284,-1.58961
-0.0954662,0.185024,0.0311493;-1.54602,0.297521,-1.59474
-0.0916407,0.198443,0.0326375;-1.59,0.347327,-1.58331
-0.0883197,0.201995,0.0295017;-1.57976,0.27537,-1.58317
-0.0895408,0.202305,0.0286868;-1.57069,0.139673,-1.57582
-0.089646,0.201608,0.028686;-1.57064,0.165501,-1.57592
-0.0890643,0.199851,0.0289547;-1.56597,0.250222,-1.58538
-0.0802102,0.211578,0.0327989;-1.53114,0.460849,-1.6035
-0.0726944,0.233163,0.0384194;-1.75577,0.506414,-1.51248
-0.0683523,0.235153,0.0361321;-1.71916,0.430663,-1.52683
-0.0702969,0.226066,0.0286913;-1.57049,0.264634,-1.57618
-0.0701918,0.225881,0.0286893;-1.57034,0.244698,-1.5762
-0.070327,0.224032,0.0286823;-1.57034,0.327635,-1.57546
-0.0654106,0.223672,0.0306928;-1.5469,0.516393,-1.59881
-0.0544571,0.241984,0.0350164;-1.60978,0.639453,-1.56768
-0.0473725,0.253776,0.0390795;-1.7831,0.594835,-1.47892
-0.0475373,0.246422,0.0287965;-1.57038,0.43441,-1.58123
-0.0476764,0.246332,0.0287075;-1.57081,0.390715,-1.57683
-0.0479879,0.24571,0.0286753;-1.57049,0.408961,-1.57555
-0.046987,0.241706,0.029436;-1.55599,0.601012,-1.59538
-0.0372916,0.249609,0.0325803;-1.51878,0.719068,-1.61986
-0.024351,0.269926,0.0384156;-1.79523,0.776421,-1.44529
-0.0204253,0.263589,0.0289523;-1.55538,0.610556,-1.58837
-0.0212341,0.263739,0.028683;-1.57063,0.541825,-1.5757
-0.0213686,0.263436,0.0286845;-1.57049,0.525374,-1.57603
-0.0215657,0.259196,0.029114;-1.5603,0.722354,-1.59472
-0.0149804,0.261649,0.0316109;-1.52408,0.829745,-1.62146
0.00120158,0.278938,0.0360317;-1.74575,0.938702,-1.46126
0.00833737,0.276465,0.0289984;-1.54908,0.755688,-1.59598
0.00679385,0.275757,0.028707;-1.57,0.684153,-1.5775
0.0066304,0.275391,0.0286855;-1.5704,0.664262,-1.57607
0.00529521,0.271472,0.0291272;-1.55675,0.87149,-1.59907
0.0119906,0.272562,0.0315714;-1.51489,0.97461,-1.63339
0.0306039,0.286414,0.0363044;-1.76073,1.08906,-1.43188
0.038538,0.284127,0.0288196;-1.571,0.934211,-1.58241
0.0366014,0.283362,0.0287706;-1.57012,0.856548,-1.58018
0.0362896,0.283029,0.0286877;-1.57058,0.823976,-1.57609
0.0350583,0.279999,0.0290784;-1.55521,0.972125,-1.59872
0.037989,0.279078,0.0304806;-1.53577,1.06775,-1.61783
0.0547407,0.28708,0.0347043;-1.63301,1.18764,-1.53296
0.0627241,0.289615,0.0331156;-1.7333,1.1168,-1.44261
0.0587493,0.286219,0.0289527;-1.559,1.03571,-1.59445
0.0589448,0.287278,0.0287039;-1.57047,0.951759,-1.57693
0.058323,0.286956,0.0287387;-1.57046,0.952563,-1.57866
0.0577812,0.28507,0.029065;-1.5592,1.04347,-1.59848
0.0633796,0.285122,0.0314654;-1.50472,1.14972,-1.64753
0.0878377,0.298283,0.0393519;-2.04175,1.17954,-1.16344
0.0887726,0.295462,0.0342581;-1.80659,1.14227,-1.37185
0.0841901,0.292031,0.028815;-1.56901,1.05793,-1.58429
0.0834557,0.292392,0.0286816;-1.57037,1.00498,-1.57616
0.0822385,0.290272,0.0289414;-1.56281,1.11748,-1.59192
0.0823676,0.287993,0.0296317;-1.53965,1.21097,-1.61631
0.117055,0.300397,0.0401335;-2.39957,1.324,-0.797923
0.123983,0.299233,0.0391383;-2.21475,1.25411,-0.977215
0.117884,0.292413,0.0287623;-1.56298,1.21831,-1.5892
0.1149,0.292414,0.0286834;-1.57043,1.1165,-1.57604
0.112918,0.290705,0.0288189;-1.56511,1.23412,-1.58619
0.111928,0.288522,0.0292735;-1.53895,1.32899,-1.61825
0.144254,0.293751,0.037725;-2.97962,1.41874,-0.200866
0.153601,0.292438,0.0395843;-2.60355,1.34899,-0.574895
0.146264,0.285724,0.0288848;-1.5804,1.35666,-1.57369
0.142903,0.285601,0.0286898;-1.5702,1.25052,-1.57652
0.140892,0.284022,0.0288056;-1.56311,1.36458,-1.58826
0.139713,0.282017,0.0292544;-1.47231,1.46204,-1.68519
0.172706,0.282049,0.0374307;2.46201,1.38812,0.651151
0.182603,0.279721,0.0398676;3.00635,1.37298,0.112226
0.17429,0.274371,0.0288238;-1.55084,1.50441,-1.60339
0.171361,0.275093,0.028692;-1.56946,1.39722,-1.57746
0.169015,0.273703,0.0288354;-1.52009,1.51225,-1.63188
0.167943,0.272511,0.0291098;0.878457,1.55842,2.24553
0.193902,0.267571,0.0356687;1.86849,1.32506,1.25469
0.204618,0.264248,0.0374526;2.35981,1.35389,0.772489
0.199208,0.263293,0.0314837;1.91639,1.43095,1.21293
0.194811,0.263936,0.0286598;-1.5595,1.54278,-1.58572
0.192909,0.263612,0.0286933;1.56706,1.54705,1.56923
0.191169,0.262559,0.0290163;1.51393,1.46122,1.61269
0.191649,0.260079,0.0299639;1.50403,1.3721,1.61986
0.227015,0.251355,0.0391175;2.05286,1.19254,1.08654
0.227928,0.247286,0.0349364;2.01304,1.29077,1.12807
0.221128,0.246867,0.02883;1.56415,1.40801,1.5658
0.219949,0.247424,0.0286817;1.56772,1.46338,1.56888
0.21811,0.246801,0.0287896;1.56967,1.36466,1.56182
0.216436,0.245492,0.0291747;1.53635,1.27424,1.58741
0.246671,0.232837,0.0372367;1.84276,1.04494,1.30153
0.254005,0.227064,0.0382458;1.97899,1.11937,1.17693
0.245012,0.225739,0.0290391;1.51687,1.24395,1.61235
0.243055,0.227113,0.0286755;1.565,1.3473,1.57136
0.241036,0.227348,0.0287343;1.56198,1.23934,1.57103
0.239004,0.226597,0.0290674;1.55249,1.14532,1.57105
0.265306,0.210044,0.0361716;1.7632,0.907234,1.3833
0.272901,0.202805,0.038492;1.88671,0.985092,1.28231
0.264232,0.202625,0.0288936;1.54017,1.10165,1.58943
0.263503,0.203996,0.0286875;1.57018,1.20147,1.56619
0.261429,0.204146,0.0286748;1.56839,1.1186,1.56925
0.259291,0.203894,0.0290868;1.55264,1.02277,1.56999
0.278189,0.186344,0.0355399;1.63872,0.801772,1.49987
0.288962,0.177856,0.0394176;1.83961,0.823781,1.34205
0.284343,0.176728,0.0319602;1.67291,0.918787,1.47804
0.280192,0.179676,0.0287316;1.57449,1.05214,1.56219
0.279706,0.179918,0.0286726;1.57038,1.03049,1.56667
0.278052,0.179879,0.0289313;1.56356,0.947593,1.56407
0.28283,0.169191,0.032704;1.51449,0.736416,1.59363
0.301506,0.154409,0.0384469;1.77092,0.657079,1.41487
0.303424,0.148252,0.0373973;1.7861,0.733591,1.4037
0.294937,0.152636,0.028729;1.57035,0.907054,1.56411
0.294355,0.152936,0.0286869;1.57048,0.925835,1.56602
0.293086,0.153836,0.028677;1.57073,0.865063,1.56621
0.290666,0.150116,0.0305326;1.54444,0.674348,1.5707
0.302517,0.134145,0.0348901;1.59082,0.554932,1.54179
0.312305,0.122702,0.0394378;1.78327,0.562184,1.42522
0.303955,0.125151,0.0288699;1.56674,0.747928,1.56234
0.304195,0.125207,0.0287037;1.57224,0.798376,1.56485
0.30377,0.12571,0.0286888;1.57043,0.791729,1.56569
0.299681,0.126192,0.029333;1.55607,0.598721,1.5631
0.303689,0.115323,0.0325867;1.52282,0.483571,1.57799
0.318564,0.0955542,0.038332;1.741,0.397921,1.47017
0.311576,0.0930096,0.0289537;1.55026,0.587519,1.57437
0.311449,0.094755,0.0287195;1.57035,0.652431,1.56453
0.310918,0.0952324,0.0286848;1.57057,0.668009,1.56589
0.306889,0.0973302,0.0291467;1.55926,0.460865,1.55868
0.306998,0.08975,0.0316014;1.5385,0.356593,1.56556
0.317265,0.0684386,0.0362653;1.68889,0.239843,1.50821
0.312421,0.0637866,0.0290276;1.55518,0.425461,1.56913
0.312641,0.0652716,0.0287226;1.57061,0.495333,1.56408
0.312435,0.0654563,0.0286955;1.57054,0.518741,1.56541
0.308931,0.0678222,0.0291249;1.56132,0.325359,1.5564
0.307398,0.0613376,0.0314666;1.54078,0.222036,1.56105
0.312921,0.039415,0.0359064;1.65706,0.104147,1.53288
0.309906,0.0314806,0.0303284;1.60123,0.250136,1.55138
0.309498,0.0353655,0.0287225;1.57234,0.331587,1.56166
0.309254,0.0355555,0.0286929;1.57059,0.363017,1.56563
0.30765,0.0376849,0.0289936;1.56547,0.247381,1.55742
0.305165,0.0367966,0.0297684;1.55715,0.151291,1.5564
0.305512,0.0208149,0.0334922;1.54238,0.0341589,1.55712
0.306541,-0.00208979,0.0359546;1.70215,0.0784664,1.54325
0.302753,0.00585986,0.0289981;1.55798,0.17072,1.56129
0.30341,0.0064621,0.0286815;1.57067,0.242222,1.56609
0.302535,0.00851942,0.0286849;1.57046,0.180471,1.56578
0.300895,0.00990936,0.0291054;1.56263,0.0887515,1.55412
0.29807,0.00529731,0.0311061;1.54508,-0.0110599,1.5544
0.298209,-0.0295571,0.0393929;1.75314,-0.0802055,1.55692
0.294434,-0.0260593,0.0318478;1.62993,-0.0010134,1.55961
0.294068,-0.0207743,0.0289043;1.56101,0.086305,1.56225
0.294079,-0.0202756,0.0286798;1.57056,0.100504,1.56597
0.293277,-0.0183423,0.0289502;1.56224,-0.000733018,1.55877
0.291476,-0.0177668,0.0296028;1.55866,-0.0898632,1.55331
0.285771,-0.0535552,0.0390387;1.74575,-0.262232,1.58284
0.281496,-0.0574445,0.0368965;1.72449,-0.179344,1.57989
0.279298,-0.0489549,0.0289704;1.56041,-0.0876036,1.55963
0.279923,-0.0482778,0.0286767;1.57052,-0.00545707,1.56617
0.27897,-0.0462339,0.028752;1.57039,-0.109196,1.56289
0.277703,-0.0444885,0.0291548;1.56027,-0.201101,1.55102
0.267258,-0.0735498,0.0362241;1.69672,-0.420469,1.58773
0.261895,-0.082989,0.0384258;1.7527,-0.32571,1.60775
0.259809,-0.0746187,0.0288219;1.56442,-0.239994,1.56108
0.260899,-0.0736021,0.0286921;1.57048,-0.140762,1.56531
0.260998,-0.0714063,0.0287508;1.56987,-0.246088,1.56299
0.259717,-0.0694045,0.0291577;1.55967,-0.345166,1.54936
0.259717,-0.0694045,0.0291577;1.55967,-0.345166,1.54936
0.254104,-0.0741695,0.0317403;1.53383,-0.449295,1.53842
0.254104,-0.0741695,0.0317403;1.53383,-0.449295,1.53842
