-0.125,0.125,0.06;-1.57,-2.98023e-08,-1.57
-0.125,0.125,0.06;-1.57,-2.98023e-08,-1.57
-0.125,0.125,0.06;-1.57,-2.98023e-08,-1.57
-0.126304,0.122069,0.0286408;-1.57058,-0.165797,-1.57366
-0.12501,0.120621,0.0290583;-1.5652,-0.0755834,-1.58779
-0.122655,0.123329,0.0309764;-1.54823,0.0284426,-1.58725
-0.122751,0.142147,0.0348979;-1.66696,0.0863627,-1.58659
-0.121913,0.139403,0.028774;-1.56993,-0.0775401,-1.57927
-0.121885,0.139141,0.0286748;-1.57064,-0.118891,-1.57523
-0.121941,0.138458,0.0286742;-1.57057,-0.105778,-1.57538
-0.11981,0.135518,0.0290872;-1.56144,0.07454,-1.58635
-0.116423,0.139176,0.0308063;-1.5478,0.164887,-1.59044
-0.112296,0.159312,0.0347056;-1.58151,0.289711,-1.58526
-0.108338,0.165227,0.0312491;-1.60608,0.194251,-1.58254
-0.109835,0.159938,0.0289209;-1.56897,0.097563,-1.5858
-0.110492,0.160199,0.0286616;-1.57097,0.039127,-1.57473
-0.109559,0.158288,0.0288658;-1.56839,0.136117,-1.58243
-0.107249,0.158297,0.0298497;-1.55556,0.227375,-1.58775
-0.102716,0.172967,0.0338869;-1.52479,0.342698,-1.59533
-0.0983404,0.18709,0.0382225;-1.73005,0.328618,-1.55224
-0.0962854,0.184048,0.0327867;-1.64025,0.260166,-1.57186
-0.0975859,0.178952,0.0288339;-1.57026,0.167376,-1.58387
-0.0978204,0.178591,0.0286616;-1.57034,0.133399,-1.57452
-0.0969751,0.176633,0.0289971;-1.56528,0.232854,-1.58666
-0.093811,0.178282,0.0308305;-1.54591,0.330177,-1.59198
-0.0887635,0.19124,0.0325868;-1.58149,0.382097,-1.58896
-0.0856872,0.194003,0.0304461;-1.588,0.313208,-1.58639
-0.086937,0.193601,0.0286737;-1.57068,0.182326,-1.57533
-0.0870746,0.192905,0.028681;-1.57066,0.205715,-1.57568
-0.0863279,0.190998,0.0288305;-1.56928,0.301971,-1.58189
-0.0765353,0.199988,0.0326654;-1.51491,0.519828,-1.60972
-0.0675277,0.220144,0.0377047;-1.7427,0.573496,-1.51202
-0.0629786,0.222699,0.038055;-1.74853,0.50134,-1.51406
-0.065263,0.21178,0.028746;-1.57085,0.347173,-1.57891
-0.0653743,0.211306,0.0286746;-1.5706,0.337428,-1.57543
-0.0653849,0.20972,0.0286634;-1.57067,0.409247,-1.57476
-0.0605477,0.208366,0.0303269;-1.54653,0.603853,-1.59737
-0.0483172,0.223879,0.034461;-1.57411,0.723934,-1.58275
-0.0400303,0.234282,0.0398904;-1.79954,0.681174,-1.4626
-0.0417334,0.224737,0.0289341;-1.56904,0.520904,-1.58778
-0.0417963,0.224562,0.0286964;-1.57173,0.494868,-1.57533
-0.0419446,0.224134,0.0286777;-1.57045,0.509523,-1.57573
-0.0409303,0.220325,0.0293724;-1.55541,0.696216,-1.59581
-0.0311998,0.226609,0.0325227;-1.50256,0.810704,-1.63232
-0.0163829,0.244657,0.0377126;-1.7969,0.876767,-1.43183
-0.0135445,0.237744,0.0290601;-1.55368,0.708128,-1.59236
-0.014491,0.237879,0.0287039;-1.5703,0.639922,-1.57675
-0.0146193,0.237664,0.0286763;-1.57059,0.623304,-1.57558
-0.0155865,0.233446,0.0291611;-1.5558,0.822193,-1.59974
-0.00847434,0.23487,0.0320121;-1.50473,0.922901,-1.63955
0.00879868,0.248297,0.0363914;-1.67912,1.04376,-1.50373
0.0157512,0.245123,0.0289432;-1.56467,0.870417,-1.59041
0.0140522,0.244489,0.028785;-1.56999,0.812304,-1.5809
0.0135895,0.244183,0.0286803;-1.57051,0.802986,-1.57579
0.0128703,0.240424,0.0290793;-1.55522,0.981927,-1.59949
0.0196216,0.240157,0.0315278;-1.49548,1.08389,-1.65002
0.038675,0.250667,0.0360337;-1.67228,1.2049,-1.49591
0.0457357,0.248183,0.0303715;-1.58722,1.04938,-1.58295
0.0400934,0.245917,0.0290017;-1.56243,0.988283,-1.59474
0.0395946,0.245866,0.0287464;-1.57091,0.979373,-1.57891
0.0377009,0.242668,0.0288543;-1.54927,1.12725,-1.59616
0.0391754,0.241344,0.0294907;-1.53702,1.2209,-1.61019
0.0547221,0.246362,0.0330713;-1.49956,1.33789,-1.64616
0.0650016,0.247212,0.0359807;-1.9171,1.26115,-1.27371
0.058375,0.243329,0.0297007;-1.56009,1.18853,-1.60561
0.0570125,0.244066,0.0289736;-1.55744,1.13323,-1.59667
0.056648,0.243532,0.0286967;-1.5699,1.13961,-1.57705
0.0554788,0.2418,0.0289368;-1.55132,1.23727,-1.59999
0.0588984,0.240724,0.0306797;-1.46724,1.33732,-1.68002
0.0846715,0.246883,0.0402821;-2.43345,1.33425,-0.763455
0.0858176,0.244444,0.0367903;-2.11251,1.31238,-1.07127
0.0784783,0.240261,0.0290302;-1.55529,1.24771,-1.60335
0.0776061,0.240341,0.0286775;-1.56958,1.21496,-1.57661
0.0761888,0.239042,0.0289543;-1.54429,1.31424,-1.60865
0.0762178,0.237057,0.0296693;-1.48809,1.40038,-1.66932
0.112511,0.241767,0.0395432;2.94499,1.40166,0.155719
0.119521,0.239579,0.0411464;-2.95525,1.35924,-0.225106
0.111313,0.233224,0.0291425;-1.61531,1.42486,-1.53969
0.107406,0.233637,0.0286917;-1.56674,1.32434,-1.57997
0.105502,0.23281,0.0288308;-1.54492,1.43449,-1.60751
0.10501,0.231008,0.0292982;-1.40624,1.51666,-1.75124
0.137388,0.22854,0.0373401;2.14473,1.36484,0.968313
0.147518,0.226436,0.0412454;2.6959,1.33549,0.422719
0.138775,0.221244,0.0299284;-3.07228,1.55472,-0.0880115
0.133344,0.221987,0.028668;-1.56804,1.49572,-1.57773
0.13145,0.220784,0.0288521;1.50273,1.54787,1.62732
0.130061,0.218922,0.0290208;1.48072,1.44325,1.65043
0.158605,0.211743,0.0359538;1.9033,1.202,1.23114
0.16625,0.207643,0.0403223;2.18333,1.23252,0.948109
0.158965,0.204405,0.0321711;1.79182,1.38693,1.32439
0.150491,0.206688,0.0287833;1.56966,1.45538,1.56232
0.148024,0.205704,0.0286793;1.56616,1.35162,1.57117
0.146679,0.205116,0.028922;1.52812,1.28242,1.60769
0.165999,0.196453,0.032478;1.66555,1.05721,1.47727
0.173323,0.19036,0.0371397;1.87651,1.11077,1.2631
0.169319,0.189885,0.034799;1.76826,1.15431,1.35551
0.15924,0.19283,0.0289111;1.5607,1.28333,1.5675
0.157367,0.192956,0.0286585;1.57067,1.22649,1.56725
0.156331,0.192506,0.0290024;1.55244,1.16044,1.5747
0.156193,0.190226,0.0299154;1.53812,1.08129,1.58414
0.185921,0.171333,0.0398707;1.85866,0.905961,1.3019
0.187013,0.166883,0.038474;1.86906,0.987031,1.29187
0.176034,0.169833,0.0291643;1.54387,1.10842,1.57742
0.173874,0.171516,0.028682;1.57024,1.13055,1.56637
0.172267,0.171358,0.0288333;1.56679,1.04764,1.56413
0.171183,0.170347,0.029335;1.54422,0.976969,1.5738
0.195689,0.147947,0.0371331;1.73779,0.750183,1.41565
0.201049,0.139438,0.0410659;1.85893,0.82316,1.31528
0.192301,0.140959,0.031264;1.6149,0.945872,1.50882
0.186787,0.146139,0.028758;1.5699,0.981195,1.56313
0.184506,0.146508,0.0286744;1.57067,0.881553,1.56638
0.182455,0.146288,0.0290957;1.55242,0.785262,1.572
0.203797,0.121856,0.035529;1.70538,0.569743,1.46628
0.206837,0.11299,0.0400707;1.789,0.648171,1.39335
0.199898,0.114976,0.0326384;1.62898,0.756206,1.49728
0.192548,0.124728,0.0288406;1.57244,0.78682,1.55827
0.190964,0.12536,0.028665;1.57063,0.730843,1.5668
0.189469,0.12519,0.0288109;1.56606,0.653559,1.56657
0.200477,0.103128,0.0334753;1.60941,0.433472,1.54036
0.205336,0.0932602,0.0398136;1.77066,0.462373,1.4435
0.200508,0.0924475,0.0364182;1.69979,0.557195,1.46672
0.191801,0.106454,0.0288455;1.57228,0.65553,1.55778
0.190937,0.108457,0.028755;1.57054,0.630875,1.56265
0.189647,0.108591,0.0287151;1.57056,0.562818,1.56441
0.189543,0.0972173,0.0314781;1.5354,0.352195,1.57482
0.199376,0.0784429,0.0374761;1.7176,0.274461,1.50088
0.197893,0.0716938,0.0396452;1.75602,0.34879,1.466
0.189172,0.0840021,0.0290738;1.56426,0.505433,1.55589
0.189079,0.0852528,0.0287899;1.57048,0.499833,1.56082
0.188005,0.0862836,0.0286661;1.57078,0.449738,1.5667
0.184734,0.0836297,0.0306822;1.54651,0.291291,1.56178
0.188263,0.0645035,0.0345371;1.55032,0.168496,1.56019
0.191976,0.0492655,0.0408408;1.76107,0.175583,1.49361
0.183916,0.0572665,0.0292253;1.56095,0.351292,1.55234
0.183984,0.0585179,0.0287822;1.57118,0.369126,1.56106
0.183566,0.0599955,0.0287029;1.57045,0.340155,1.56484
0.180389,0.0612368,0.0293377;1.5599,0.175497,1.55697
0.179163,0.0508689,0.0324398;1.5246,0.0593623,1.56043
0.183421,0.0275867,0.037279;1.70817,-0.0316553,1.53973
0.17617,0.0271472,0.031664;1.6004,0.153087,1.53721
0.175319,0.034311,0.0289625;1.5684,0.186598,1.55527
0.175506,0.0360668,0.0287577;1.57002,0.175006,1.56166
0.17247,0.0387284,0.0290488;1.55818,-0.0165796,1.56065
0.169693,0.0316566,0.0306613;1.54834,-0.122809,1.56079
0.169635,0.00811749,0.0351955;1.68099,-0.231518,1.57143
0.161494,0.00590873,0.0324639;1.60116,-0.0502573,1.53395
0.16214,0.0140844,0.0296296;1.56801,-0.00722358,1.54744
0.163464,0.0181886,0.0288397;1.57018,-0.0214161,1.55887
0.161283,0.02086,0.0287756;1.56669,-0.163811,1.56475
0.157891,0.0182271,0.0298478;1.55381,-0.277995,1.56335
0.153435,-0.0025445,0.0328167;1.66053,-0.397843,1.58693
0.145677,-0.00439023,0.0348236;1.65217,-0.2412,1.55375
0.148583,0.00815125,0.0299774;1.56423,-0.167961,1.53998
0.151234,0.0120647,0.0289936;1.57129,-0.172194,1.55741
0.151622,0.0154301,0.0286873;1.57063,-0.26208,1.56543
0.150105,0.0171677,0.0291225;1.55628,-0.360595,1.55622
0.143382,0.00685896,0.0318784;1.5301,-0.480028,1.54619
0.132382,-0.0129453,0.0386181;1.73712,-0.443984,1.60488
0.132981,-0.00311719,0.0313017;1.58906,-0.343401,1.54526
0.136204,0.0020434,0.0289563;1.56741,-0.306446,1.55506
0.137208,0.00521378,0.0286681;1.57003,-0.390241,1.56673
0.136747,0.00669503,0.0290754;1.55942,-0.468661,1.55201
0.132397,0.00446016,0.030745;1.54109,-0.557971,1.54326
0.112644,-0.0236034,0.0407741;1.80785,-0.635305,1.67221
0.109723,-0.0207694,0.036484;1.7102,-0.556054,1.6134
0.114819,-0.0094872,0.0292819;1.56236,-0.476023,1.54477
0.117206,-0.00694638,0.0287158;1.57052,-0.502564,1.56413
0.117214,-0.0051786,0.0288684;1.56128,-0.582649,1.55736
0.116313,-0.00351564,0.0293059;1.55437,-0.674902,1.54844
0.0932314,-0.0288289,0.038086;1.80537,-0.844952,1.71511
0.0866144,-0.0295249,0.0398356;1.80873,-0.760158,1.69563
0.0898721,-0.0205101,0.03145;1.59558,-0.66832,1.55316
0.0973276,-0.0146949,0.0287951;1.57017,-0.654379,1.55983
0.0972105,-0.0124545,0.0286691;1.57027,-0.743073,1.56631
0.0970559,-0.0104939,0.0289568;1.55582,-0.832701,1.55185
0.0736588,-0.027731,0.034686;1.78786,-1.04218,1.73522
0.065278,-0.0302534,0.0395981;1.86763,-0.94953,1.77496
0.067167,-0.0222569,0.0323269;1.61135,-0.870325,1.56227
0.0790089,-0.0155036,0.0288319;1.57083,-0.840775,1.55881
0.0799814,-0.0139098,0.0288113;1.5682,-0.897478,1.55919
0.0795623,-0.0123884,0.0287611;1.56213,-0.975498,1.55981
0.0795623,-0.0123884,0.0287611;1.56213,-0.975498,1.55981
0.0737457,-0.0129188,0.0295546;1.54748,-1.09672,1.54863
0.0737457,-0.0129188,0.0295546;1.54748,-1.09672,1.54863
