-0.125,0.125,0.06;-1.57,-2.98023e-08,-1.57
-0.125,0.125,0.06;-1.57,-2.98023e-08,-1.57
-0.125,0.125,0.06;-1.57,-2.98023e-08,-1.57
-0.126244,0.122103,0.0286437;-1.57051,-0.167301,-1.5738
-0.124881,0.120553,0.029048;-1.56553,-0.0750143,-1.58786
-0.122362,0.123351,0.0308757;-1.55027,0.030859,-1.5876
-0.121835,0.142384,0.0346663;-1.66826,0.0797419,-1.58358
-0.120743,0.139529,0.0287575;-1.57047,-0.0825946,-1.57911
-0.120734,0.13952,0.0286859;-1.57056,-0.124303,-1.57586
-0.120797,0.138938,0.0286833;-1.57051,-0.110575,-1.57573
-0.118916,0.135897,0.0291156;-1.56058,0.0687172,-1.58713
-0.115683,0.139037,0.0305388;-1.55148,0.161653,-1.59004
-0.111733,0.159706,0.0347872;-1.61505,0.285488,-1.57905
-0.107785,0.166514,0.0307211;-1.60178,0.186976,-1.58015
-0.108882,0.162996,0.0288217;-1.57097,0.0968613,-1.58262
-0.109546,0.163296,0.0286651;-1.57075,0.0347825,-1.57496
-0.108882,0.161602,0.0289854;-1.56636,0.118242,-1.58634
-0.106823,0.161666,0.0300174;-1.56023,0.212561,-1.58978
-0.102786,0.175954,0.0342035;-1.55948,0.327851,-1.59073
-0.0998354,0.189664,0.0374802;-1.72373,0.310195,-1.54988
-0.097537,0.186983,0.0318806;-1.62806,0.241268,-1.57066
-0.098327,0.183158,0.0287978;-1.56999,0.144842,-1.5813
-0.0985993,0.18326,0.0287022;-1.57001,0.109013,-1.57649
-0.0977091,0.18141,0.0290259;-1.56639,0.201841,-1.58882
-0.0947679,0.183459,0.0310446;-1.54756,0.307267,-1.59466
-0.090777,0.197195,0.0325321;-1.60463,0.35578,-1.57913
-0.0874794,0.200069,0.0294746;-1.57948,0.281718,-1.58307
-0.0886886,0.200747,0.0286814;-1.57059,0.139489,-1.57559
-0.0888546,0.200022,0.0286895;-1.57064,0.166877,-1.57603
-0.0884842,0.198098,0.0289277;-1.56683,0.256081,-1.5856
-0.0795309,0.209278,0.0327922;-1.53007,0.469739,-1.60422
-0.0724844,0.231339,0.0385601;-1.75705,0.513761,-1.51109
-0.0679313,0.233599,0.0361228;-1.71824,0.438215,-1.52642
-0.0698811,0.224574,0.0286911;-1.57045,0.27424,-1.57615
-0.0698689,0.224218,0.0286866;-1.5705,0.254813,-1.57596
-0.0699155,0.222494,0.0286727;-1.57065,0.333503,-1.57528
-0.0651018,0.222081,0.0307314;-1.54611,0.524953,-1.59945
-0.0542619,0.240115,0.0350683;-1.60754,0.646748,-1.56865
-0.0469494,0.252161,0.0392236;-1.78777,0.602817,-1.47535
-0.0470336,0.244341,0.0287948;-1.57049,0.442643,-1.58102
-0.0470471,0.24429,0.0287307;-1.57298,0.400906,-1.57513
-0.0474107,0.243517,0.0286729;-1.57055,0.42095,-1.5754
-0.0462134,0.239369,0.0293788;-1.55567,0.618273,-1.59583
-0.0367669,0.247271,0.0326;-1.51836,0.734662,-1.62106
-0.0238421,0.267283,0.0384234;-1.79976,0.790331,-1.43958
-0.0202964,0.260586,0.028975;-1.55739,0.62389,-1.58807
-0.0210527,0.260658,0.0286808;-1.57047,0.558415,-1.57581
-0.0213411,0.260315,0.0286868;-1.57049,0.545339,-1.57612
-0.0214985,0.255949,0.0291429;-1.557,0.745851,-1.59734
-0.0141693,0.258503,0.0314349;-1.5279,0.851528,-1.61911
0.00243557,0.275184,0.0360212;-1.76651,0.958175,-1.44377
0.00849342,0.272349,0.0290164;-1.54908,0.779031,-1.59528
0.00702079,0.271848,0.0287087;-1.57044,0.709133,-1.57725
0.00684923,0.27148,0.0286874;-1.57033,0.689315,-1.57617
0.00565066,0.267674,0.0291176;-1.55681,0.891485,-1.59896
0.0123799,0.268507,0.0316032;-1.51177,0.994841,-1.63651
0.0313761,0.281736,0.0363484;-1.76574,1.10978,-1.42473
0.0387005,0.279012,0.0288324;-1.57375,0.959468,-1.57867
0.0363833,0.277964,0.0287666;-1.57013,0.881277,-1.57999
0.0361968,0.277838,0.0286869;-1.57053,0.849564,-1.57604
0.0348066,0.274901,0.0290619;-1.55703,1.00003,-1.59798
0.0379562,0.273874,0.0304275;-1.53807,1.09389,-1.61681
0.0548526,0.282143,0.0347066;-1.62023,1.21375,-1.54265
0.0635205,0.28495,0.0332562;-1.75345,1.14322,-1.42244
0.0593562,0.281351,0.0289796;-1.5574,1.06503,-1.59514
0.0593634,0.282754,0.0287073;-1.57048,0.978505,-1.57705
0.0589996,0.282567,0.0287476;-1.57034,0.979548,-1.57918
0.0582418,0.28055,0.0290892;-1.55792,1.0695,-1.59886
0.0635477,0.280695,0.0313323;-1.50849,1.17595,-1.64528
0.0866816,0.292308,0.0389599;-2.05265,1.2088,-1.14882
0.0872566,0.289373,0.0340367;-1.80759,1.16685,-1.36913
0.0821754,0.286114,0.0289031;-1.56127,1.08111,-1.59138
0.0812156,0.286162,0.0286814;-1.5702,1.02817,-1.57633
0.0800407,0.284333,0.0289407;-1.56324,1.13737,-1.59215
0.0803453,0.281947,0.0296514;-1.53838,1.23176,-1.61779
0.114773,0.293314,0.0401535;-2.47602,1.33988,-0.719456
0.121902,0.291769,0.0392195;-2.27173,1.27242,-0.916857
0.114666,0.283942,0.0288084;-1.56956,1.24352,-1.58298
0.111629,0.283786,0.0286944;-1.57013,1.13915,-1.57683
0.109675,0.28223,0.0288141;-1.56741,1.25979,-1.58501
0.108654,0.280031,0.0292911;-1.53079,1.35558,-1.62622
0.141077,0.284149,0.0378408;3.12226,1.42827,-0.0160422
0.151395,0.28268,0.0396133;-2.71815,1.36055,-0.456995
0.14453,0.276581,0.0289002;-1.58519,1.38228,-1.56903
0.140514,0.276178,0.0286922;-1.57004,1.27644,-1.57684
0.138102,0.274851,0.0288178;-1.55976,1.39978,-1.59203
0.136858,0.272899,0.0292581;-1.43689,1.49399,-1.72065
0.169172,0.270726,0.0373542;2.31289,1.36457,0.800335
0.180189,0.268162,0.0400387;2.86255,1.36081,0.260347
0.171104,0.263125,0.028991;-1.81329,1.53746,-1.34013
0.166889,0.26376,0.0286887;-1.56923,1.43698,-1.57756
0.164708,0.263026,0.0288601;-1.43693,1.55177,-1.71617
0.163529,0.261778,0.0291005;1.4369,1.51494,1.68692
0.188824,0.255198,0.0359878;1.79561,1.2838,1.32918
0.200415,0.251095,0.037519;2.25004,1.3225,0.885723
0.195182,0.250745,0.0315867;1.836,1.39303,1.2939
0.19049,0.252345,0.0286673;1.50984,1.55384,1.62846
0.188646,0.251969,0.0286935;1.56985,1.50101,1.56638
0.186907,0.251077,0.0290294;1.52535,1.41623,1.60126
0.187109,0.248525,0.0299879;1.51527,1.32611,1.6082
0.222777,0.238055,0.0392133;2.00216,1.14648,1.14195
0.223424,0.233878,0.0350904;1.9509,1.24442,1.19515
0.216346,0.233906,0.0289299;1.54618,1.36212,1.58283
0.216113,0.234398,0.0286958;1.56726,1.4152,1.56868
0.2139,0.23424,0.0288232;1.56408,1.3036,1.56721
0.212091,0.233046,0.0292137;1.54098,1.21115,1.58157
0.241384,0.218308,0.0372697;1.81568,0.981922,1.33212
0.248395,0.211979,0.0383165;1.925,1.05941,1.23752
0.239702,0.211574,0.0290263;1.5234,1.18257,1.60435
0.237741,0.212981,0.0286906;1.57003,1.27816,1.56625
0.235643,0.213156,0.0287521;1.56919,1.16386,1.56404
0.233504,0.212211,0.0291724;1.55448,1.06942,1.56802
0.258089,0.193951,0.0363638;1.73598,0.836948,1.41375
0.265735,0.185927,0.0385131;1.85718,0.91739,1.31843
0.257736,0.18675,0.0289147;1.54992,1.0311,1.57931
0.257306,0.188035,0.028681;1.56999,1.1413,1.56661
0.255246,0.188351,0.0286768;1.56788,1.05293,1.56955
0.253022,0.188157,0.0290115;1.55688,0.952851,1.56621
0.269911,0.169914,0.035521;1.63344,0.732885,1.50714
0.279555,0.16118,0.0392909;1.81959,0.754148,1.37016
0.275113,0.160668,0.0319412;1.66296,0.845739,1.49031
0.271106,0.164116,0.0287454;1.57533,0.973178,1.56178
0.27036,0.164622,0.0286735;1.57043,0.952661,1.56652
0.268565,0.164926,0.028917;1.56557,0.870342,1.562
0.273001,0.153043,0.0327009;1.52329,0.661466,1.585
0.289826,0.137223,0.0386075;1.76224,0.586463,1.43091
0.29085,0.131432,0.0373101;1.76841,0.663387,1.42757
0.282847,0.136537,0.028723;1.57031,0.839137,1.56434
0.282616,0.136718,0.0286903;1.57041,0.866539,1.56574
0.281526,0.137685,0.0286838;1.57063,0.806652,1.56603
0.278834,0.134119,0.03057;1.54829,0.624559,1.56745
0.290182,0.117778,0.0348697;1.58414,0.504027,1.5465
0.299972,0.104587,0.0394831;1.7795,0.51165,1.43724
0.291898,0.108235,0.0289194;1.56192,0.693624,1.56562
0.291947,0.108603,0.0286829;1.57092,0.738759,1.56564
0.291659,0.108866,0.0286824;1.57047,0.724974,1.56604
0.287696,0.109816,0.0292767;1.55672,0.533392,1.56201
0.290219,0.0987832,0.0323814;1.53017,0.415622,1.57173
0.303267,0.0785843,0.0385028;1.73566,0.327546,1.48325
0.296073,0.0768036,0.0289775;1.55032,0.510967,1.57205
0.296202,0.0784597,0.028713;1.57052,0.584755,1.56465
0.295945,0.078823,0.0286804;1.57054,0.603653,1.56613
0.292106,0.0809787,0.0291452;1.56053,0.396767,1.55738
0.291799,0.0737035,0.0317227;1.53695,0.28756,1.56472
0.299941,0.051665,0.0362043;1.68298,0.170807,1.51834
0.295015,0.0470009,0.029037;1.55665,0.352449,1.56704
0.29553,0.0483236,0.0287184;1.57056,0.425908,1.56426
0.29535,0.0485621,0.0286819;1.57061,0.447669,1.56597
0.291869,0.0514304,0.029143;1.56093,0.242248,1.55577
0.289763,0.0453183,0.0314999;1.5405,0.141212,1.55885
0.293635,0.023003,0.036046;1.64979,0.0198252,1.54203
0.289787,0.0157042,0.0303015;1.60552,0.167285,1.55312
0.2898,0.0199039,0.0287461;1.57136,0.248803,1.5619
0.289564,0.0199528,0.0286975;1.57101,0.284414,1.56548
0.288122,0.0222695,0.028988;1.56606,0.164755,1.55666
0.285913,0.0219077,0.0298058;1.55877,0.0719058,1.55497
0.28394,0.00639738,0.0335552;1.53957,-0.0485139,1.55472
0.282706,-0.0168434,0.0359526;1.70316,-0.00298718,1.55452
0.280364,-0.00958147,0.028955;1.5645,0.0860493,1.55947
0.281108,-0.00949056,0.028672;1.56993,0.162274,1.56672
0.280165,-0.00726329,0.0287109;1.56938,0.0843849,1.56558
0.278623,-0.00565087,0.0291196;1.56186,-0.00761293,1.55385
0.275296,-0.010291,0.0311796;1.545,-0.10662,1.55182
0.27094,-0.0447805,0.0392741;1.75176,-0.178668,1.57395
0.267645,-0.0413756,0.0316737;1.6277,-0.101623,1.56511
0.267747,-0.0373885,0.0287791;1.57051,-0.0110678,1.56119
0.267904,-0.0361483,0.0286853;1.57042,0.0074542,1.56565
0.26699,-0.0344092,0.028957;1.56635,-0.0900469,1.55675
0.264862,-0.033611,0.0296235;1.55848,-0.183764,1.55208
0.25663,-0.0685664,0.0392896;1.75209,-0.351027,1.59933
0.252207,-0.0719439,0.0369356;1.72712,-0.26633,1.59427
0.250913,-0.0632143,0.02901;1.55816,-0.178452,1.55893
0.251804,-0.0625221,0.0286892;1.57039,-0.0961975,1.56543
0.251738,-0.0603556,0.0287625;1.57011,-0.210233,1.5626
0.250553,-0.0584609,0.0291514;1.56007,-0.301954,1.55001
0.23746,-0.086951,0.0363238;1.70747,-0.521588,1.60418
0.231117,-0.0956808,0.0384856;1.76114,-0.425236,1.62789
0.230274,-0.086317,0.0289716;1.56,-0.335019,1.55774
0.231559,-0.0852337,0.0286746;1.57085,-0.231831,1.56609
0.231273,-0.0829871,0.0287393;1.5689,-0.333476,1.56405
0.230199,-0.0809906,0.0291735;1.56212,-0.432561,1.54983
0.230199,-0.0809906,0.0291735;1.56212,-0.432561,1.54983
0.224421,-0.0848847,0.0318267;1.53121,-0.537602,1.53398
0.224421,-0.0848847,0.0318267;1.53121,-0.537602,1.53398
