-0.125,0.125,0.06;-1.57,-2.98023e-08,-1.57
-0.125,0.125,0.06;-1.57,-2.98023e-08,-1.57
-0.125,0.125,0.06;-1.57,-2.98023e-08,-1.57
-0.126245,0.122105,0.0286445;-1.57052,-0.167415,-1.57375
-0.124916,0.120743,0.0290425;-1.56565,-0.0763353,-1.58755
-0.122633,0.123652,0.0309298;-1.55057,0.02754,-1.58805
-0.122946,0.1426,0.0348926;-1.67144,0.0790687,-1.58456
-0.122129,0.140923,0.0287917;-1.57005,-0.0749279,-1.58026
-0.12221,0.140929,0.0286851;-1.57069,-0.118415,-1.57579
-0.122307,0.140255,0.0286896;-1.57053,-0.102797,-1.57619
-0.120671,0.13731,0.0290983;-1.56235,0.0729728,-1.58781
-0.117302,0.140738,0.0306317;-1.55204,0.167343,-1.59011
-0.112998,0.161342,0.0348542;-1.61578,0.28928,-1.57967
-0.109021,0.168282,0.0313312;-1.61117,0.193608,-1.57979
-0.109962,0.164743,0.0288847;-1.56957,0.104384,-1.58471
-0.110482,0.164917,0.0286711;-1.56938,0.0434223,-1.57381
-0.109637,0.163359,0.0291027;-1.55281,0.120493,-1.58
-0.107486,0.163785,0.0297325;-1.55413,0.210564,-1.58324
-0.10371,0.177619,0.0338312;-1.52065,0.324802,-1.59265
-0.100005,0.192871,0.0371555;-1.7187,0.307501,-1.55101
-0.0977058,0.190152,0.0318029;-1.62738,0.241076,-1.5706
-0.0985615,0.186274,0.0288064;-1.56963,0.144632,-1.58131
-0.0987023,0.185824,0.0287088;-1.57047,0.123001,-1.57699
-0.0976941,0.18396,0.0291213;-1.55195,0.202467,-1.58177
-0.0943355,0.186545,0.030633;-1.53714,0.297282,-1.5852
-0.0896718,0.199139,0.0323752;-1.56043,0.344596,-1.58962
-0.086723,0.203356,0.0298669;-1.58329,0.277421,-1.58489
-0.0878759,0.203483,0.0286949;-1.57071,0.154407,-1.57626
-0.0879528,0.202618,0.0286798;-1.57042,0.18448,-1.5756
-0.0872778,0.200973,0.0290084;-1.55864,0.265819,-1.58262
-0.0788872,0.211235,0.0325516;-1.51593,0.458841,-1.60286
-0.0712374,0.232536,0.0370788;-1.72663,0.511955,-1.52223
-0.066831,0.235921,0.0375909;-1.74149,0.438306,-1.52218
-0.0676978,0.227131,0.0287731;-1.57069,0.274765,-1.58016
-0.0677294,0.227099,0.0287148;-1.57073,0.249863,-1.57723
-0.0678094,0.225232,0.0286829;-1.57059,0.331993,-1.57562
-0.0628178,0.224964,0.0305055;-1.54362,0.509426,-1.59549
-0.0528412,0.241713,0.0345919;-1.57298,0.633357,-1.58323
-0.0451174,0.254556,0.0398594;-1.79426,0.590408,-1.47821
-0.0452409,0.246258,0.0289651;-1.56802,0.438208,-1.58811
-0.044938,0.246788,0.0286765;-1.5708,0.386684,-1.57555
-0.0452868,0.246138,0.0286684;-1.57061,0.400772,-1.57516
-0.0440554,0.242049,0.0293463;-1.55436,0.600175,-1.59528
-0.034944,0.24992,0.0325792;-1.5146,0.716178,-1.6213
-0.0225585,0.269828,0.0385329;-1.78969,0.773324,-1.45099
-0.0176397,0.264033,0.0288918;-1.5633,0.607576,-1.58632
-0.0183551,0.264137,0.0287183;-1.5705,0.537374,-1.5775
-0.0185663,0.263775,0.0287053;-1.57044,0.5209,-1.5769
-0.018532,0.259945,0.0291917;-1.54446,0.700821,-1.59704
-0.0126346,0.261857,0.0312309;-1.52042,0.799276,-1.61437
0.00212105,0.27717,0.0353504;-1.6365,0.921855,-1.53513
0.0103986,0.276654,0.028966;-1.56254,0.73224,-1.58878
0.00927697,0.276576,0.0287198;-1.57047,0.660571,-1.57768
0.00902305,0.276226,0.0286867;-1.57041,0.640755,-1.57613
0.008236,0.272517,0.029167;-1.53918,0.816785,-1.6005
0.0151136,0.274918,0.0309705;-1.5062,0.901765,-1.62117
0.0295773,0.287704,0.0347432;-1.5512,1.02699,-1.59025
0.0382891,0.288276,0.0289747;-1.57124,0.877427,-1.5844
0.035766,0.287058,0.0288282;-1.56991,0.798754,-1.58312
0.0355998,0.286916,0.0286857;-1.57066,0.76652,-1.57597
0.0349595,0.284474,0.0291261;-1.54093,0.879451,-1.60073
0.0402201,0.28499,0.0301983;-1.51629,0.961296,-1.61463
0.0549507,0.294023,0.0329081;-1.43371,1.07788,-1.67923
0.0635297,0.297633,0.0325537;-1.69429,1.01497,-1.48094
0.060217,0.293999,0.0289477;-1.55787,0.932734,-1.59101
0.0601243,0.294914,0.0286782;-1.57048,0.861822,-1.57577
0.0594464,0.294404,0.0287254;-1.57035,0.86936,-1.578
0.0593595,0.292424,0.0291628;-1.53497,0.947175,-1.60694
0.0669598,0.294527,0.0308043;-1.48802,1.03007,-1.63763
0.0883802,0.308084,0.0369698;-1.88103,1.09454,-1.31632
0.0899623,0.305165,0.0322852;-1.70874,1.03578,-1.46063
0.0850887,0.301056,0.0289595;-1.54417,0.947692,-1.59499
0.0842027,0.301057,0.0286735;-1.57042,0.919023,-1.57567
0.0832422,0.299057,0.029018;-1.54932,1.0117,-1.59838
0.0850096,0.297505,0.0292607;-1.51044,1.08237,-1.62856
0.115963,0.31321,0.035634;-2.00005,1.26888,-1.18634
0.125052,0.313232,0.03595;-1.93786,1.1689,-1.24059
0.115494,0.303438,0.0287269;-1.54723,1.08705,-1.59474
0.112606,0.302584,0.0286801;-1.57047,1.0231,-1.57595
0.111493,0.300789,0.0288853;-1.5583,1.12025,-1.59124
0.111419,0.298936,0.0292347;-1.50341,1.18862,-1.63969
0.142032,0.30906,0.0341643;-1.61798,1.40014,-1.51972
0.15257,0.310143,0.0350929;-2.04089,1.2941,-1.1254
0.142158,0.301977,0.0286655;-1.54695,1.21684,-1.59774
0.13924,0.301517,0.0286622;-1.5703,1.15288,-1.57522
0.138149,0.299778,0.0288892;-1.54937,1.2493,-1.59908
0.138636,0.29839,0.0291928;-1.47546,1.31027,-1.66827
0.174748,0.307099,0.0320865;-1.90183,1.50074,-1.22328
0.182505,0.306388,0.0342882;-2.26266,1.40029,-0.895122
0.172557,0.299514,0.0288622;-1.53515,1.33362,-1.60776
0.167991,0.298924,0.0286725;-1.57025,1.26599,-1.57582
0.166428,0.297436,0.0289366;-1.52796,1.35818,-1.62076
0.166169,0.29646,0.0291327;-1.45556,1.39082,-1.68996
0.194286,0.298415,0.0330651;0.355281,1.52882,2.80737
0.202618,0.297942,0.0325219;-2.46002,1.47528,-0.690197
0.194705,0.295418,0.0290454;-1.49703,1.47031,-1.64227
0.191765,0.295335,0.0286615;-1.57264,1.36227,-1.57356
0.190678,0.294928,0.0286569;-1.57039,1.38364,-1.57483
0.189671,0.293909,0.0290812;-1.45339,1.44481,-1.69643
0.192236,0.291838,0.0298361;-1.13173,1.50426,-2.01113
0.227455,0.293104,0.0339542;2.43131,1.43155,0.704197
0.227572,0.289444,0.0324219;-3.1169,1.49855,-0.0325403
0.219062,0.288129,0.0289907;-1.39402,1.47601,-1.75021
0.21853,0.28861,0.0286924;-1.56843,1.44709,-1.57849
0.217071,0.287583,0.0288433;-1.45055,1.53375,-1.6992
0.216548,0.285927,0.0292248;0.807066,1.5352,2.3277
0.24516,0.282352,0.0347644;1.60193,1.33752,1.53899
0.257418,0.278739,0.0352565;2.30742,1.38161,0.831622
0.248405,0.276513,0.0289984;1.40954,1.52299,1.71964
0.247181,0.277373,0.0286904;-1.56789,1.51002,-1.57907
0.24514,0.276435,0.0287901;1.49584,1.52886,1.63861
0.244162,0.274903,0.0292056;1.36622,1.45675,1.76701
0.270138,0.268986,0.0345356;1.43422,1.24758,1.70989
0.282956,0.264974,0.0357081;2.08176,1.29809,1.06107
0.277481,0.262024,0.02926;1.5494,1.42386,1.57141
0.276884,0.262211,0.0286724;1.55518,1.53838,1.5824
0.275008,0.262561,0.0286807;1.56214,1.46149,1.57435
0.273682,0.261204,0.0291548;1.4662,1.38439,1.6653
0.295632,0.252767,0.0334329;1.39066,1.18302,1.75546
0.309749,0.249226,0.0346304;1.8905,1.2034,1.25978
0.308714,0.246346,0.0325955;1.80678,1.29496,1.32555
0.303574,0.247128,0.0286784;1.57047,1.42922,1.56639
0.302739,0.247328,0.0286724;1.56945,1.40848,1.56768
0.300957,0.246958,0.0289858;1.5325,1.32254,1.59799
0.311433,0.238423,0.0322315;1.4179,1.15061,1.71775
0.333334,0.231307,0.0321502;1.66557,1.07098,1.48925
0.338383,0.226953,0.0347603;1.8376,1.12499,1.31525
0.328425,0.228297,0.0287164;1.56752,1.28486,1.56737
0.32808,0.228432,0.0286646;1.56781,1.30016,1.56924
0.326942,0.228669,0.0286902;1.57162,1.24319,1.56492
0.328522,0.223589,0.0303219;1.49696,1.10152,1.6374
0.345521,0.21494,0.0331499;1.46673,0.991108,1.67488
0.36114,0.207789,0.0338123;1.75289,0.981367,1.40963
0.347233,0.210412,0.0289274;1.54018,1.15797,1.59396
0.347183,0.210655,0.028663;1.57162,1.18446,1.56563
0.346924,0.210836,0.0286924;1.5703,1.18556,1.56585
0.344649,0.209333,0.0293466;1.51801,1.05232,1.61059
0.353131,0.201674,0.0320232;1.46813,0.957726,1.66157
0.37501,0.190624,0.0326803;1.62994,0.864306,1.52942
0.365144,0.189666,0.0287372;1.56232,1.04197,1.57492
0.364252,0.190864,0.0287044;1.57102,1.08454,1.56444
0.364369,0.190774,0.0286891;1.57018,1.11015,1.56613
0.361452,0.190248,0.0291606;1.53295,0.977885,1.59525
0.367833,0.182835,0.0313053;1.49486,0.887246,1.63385
0.387498,0.170904,0.0333362;1.53884,0.77923,1.60603
0.382576,0.16963,0.0288396;1.55732,0.950433,1.57729
0.382014,0.171009,0.0287891;1.5642,1.00431,1.56983
0.382025,0.17129,0.0286796;1.57046,1.02639,1.5664
0.379101,0.171277,0.0291761;1.53623,0.884819,1.59101
0.383187,0.164199,0.0309958;1.50914,0.804853,1.6188
0.40004,0.14978,0.0325019;1.53324,0.692134,1.61242
0.39614,0.147923,0.028965;1.5568,0.839342,1.57862
0.394619,0.150145,0.0289132;1.55511,0.90472,1.5769
0.394931,0.150368,0.0286742;1.5706,0.932555,1.56645
0.39295,0.150798,0.0290587;1.54988,0.849429,1.5776
0.392874,0.147831,0.0295801;1.53613,0.785055,1.59275
0.402846,0.134738,0.0327228;1.48811,0.678509,1.63356
0.41519,0.118947,0.032995;1.68195,0.710424,1.49074
0.406413,0.124991,0.0287002;1.56677,0.804003,1.56851
0.40652,0.125636,0.0286794;1.57064,0.847513,1.56593
0.405298,0.126099,0.0287008;1.57101,0.806751,1.56406
0.403641,0.125819,0.02915;1.54365,0.744657,1.58185
0.405258,0.119719,0.0306513;1.52159,0.670038,1.6037
0.427591,0.0928026,0.0330939;1.66871,0.575939,1.51324
0.418779,0.0977554,0.0286146;1.56235,0.674258,1.57369
0.416961,0.100538,0.0290062;1.55035,0.734412,1.57919
0.417058,0.101164,0.0286819;1.57054,0.752494,1.56608
0.415472,0.101728,0.0290086;1.55592,0.677571,1.57127
0.414396,0.0997707,0.0295029;1.53438,0.613624,1.58755
0.435203,0.0679783,0.0315238;1.61911,0.439949,1.56094
0.432132,0.0669419,0.0329975;1.66695,0.520715,1.51414
0.424432,0.0748662,0.0287838;1.56405,0.612305,1.57052
0.424838,0.0756908,0.028696;1.57052,0.664869,1.56541
0.423425,0.0765117,0.0287585;1.56887,0.58184,1.56482
0.421635,0.0766375,0.0291634;1.54541,0.520512,1.57739
0.435772,0.0476966,0.0330018;1.54582,0.330158,1.59991
0.437735,0.0407329,0.0334453;1.6711,0.398995,1.52397
0.429521,0.0490426,0.0286839;1.56748,0.499673,1.56707
0.429573,0.049953,0.0286788;1.57052,0.556753,1.5663
0.428357,0.0509934,0.028728;1.56984,0.481367,1.5649
0.42666,0.0507204,0.0291769;1.54588,0.416217,1.57476
0.42666,0.0507204,0.0291769;1.54588,0.416217,1.57476
0.427643,0.0423329,0.0312953;1.52005,0.337251,1.59166
0.427643,0.0423329,0.0312953;1.52005,0.337251,1.59166
