0.5,-0.3,0.06;-1.57,-2.98023e-08,-1.57
0.5,-0.3,0.06;-1.57,-2.98023e-08,-1.57
0.5,-0.3,0.06;-1.57,-2.98023e-08,-1.57
0.501188,-0.293352,0.0290775;-1.57947,-0.269172,-1.58829
0.500609,-0.294562,0.0290209;-1.57392,-0.19914,-1.58932
0.498389,-0.289826,0.0300106;-1.59424,-0.0307256,-1.57016
0.494196,-0.277235,0.0342499;-1.68406,0.108585,-1.5635
0.50116,-0.271844,0.0290257;-1.57334,-0.0895123,-1.58945
0.503296,-0.266752,0.0291615;-1.58047,-0.198293,-1.5861
0.505265,-0.262663,0.0290555;-1.58576,-0.271183,-1.58732
0.502382,-0.266402,0.0290124;-1.58667,-0.138255,-1.5818
0.497517,-0.26231,0.0312445;-1.62186,0.0278173,-1.56659
0.491353,-0.25421,0.0361831;-1.72161,0.196,-1.54767
0.494264,-0.252861,0.0324417;-1.65257,0.142968,-1.56343
0.498906,-0.250951,0.0289749;-1.57101,0.0401619,-1.58941
0.500645,-0.248163,0.0290532;-1.5789,-0.0492865,-1.58554
0.501426,-0.247218,0.0290363;-1.57495,-0.0785122,-1.58849
0.498404,-0.244872,0.0302405;-1.60665,0.0273962,-1.56944
0.494797,-0.240356,0.0339392;-1.6722,0.115528,-1.55245
0.488787,-0.246473,0.034706;-1.68439,0.21353,-1.54526
0.491281,-0.245315,0.0319179;-1.64193,0.16726,-1.56523
0.495948,-0.242937,0.0290188;-1.57061,0.0543383,-1.59117
0.49737,-0.24114,0.0291222;-1.58052,-0.0266993,-1.58715
0.497004,-0.241415,0.0291501;-1.5814,0.00121698,-1.58718
0.495162,-0.240552,0.0303957;-1.61335,0.0416892,-1.5724
0.493465,-0.23842,0.0322869;-1.64555,0.0952146,-1.56074
0.493038,-0.238739,0.030023;-1.59743,0.102482,-1.56901
0.494707,-0.237828,0.0292595;-1.57706,-0.0328098,-1.58666
0.494806,-0.238928,0.0291062;-1.58342,-0.0450139,-1.58427
0.493107,-0.242604,0.0290991;-1.57862,-0.0182022,-1.58812
0.489043,-0.242559,0.0318384;-1.63395,0.103799,-1.56471
0.487582,-0.2413,0.0347737;-1.6767,0.144594,-1.54562
0.487547,-0.241604,0.0327818;-1.63505,0.147708,-1.55479
0.489286,-0.242411,0.0288909;-1.57087,0.0460965,-1.58607
0.490277,-0.242914,0.0289833;-1.57809,-0.012898,-1.58291
0.489402,-0.246041,0.0291359;-1.58583,0.00949323,-1.58277
0.486519,-0.250095,0.0292066;-1.58329,0.123871,-1.57624
0.484785,-0.24652,0.0322541;-1.62389,0.17571,-1.56126
0.485565,-0.242345,0.0335201;-1.62802,0.156593,-1.55552
0.485545,-0.243862,0.0289905;-1.56926,0.107855,-1.58928
0.486205,-0.246691,0.0289401;-1.57673,0.0451506,-1.58205
0.487336,-0.247118,0.0290083;-1.57799,0.00499581,-1.58423
0.485677,-0.25161,0.0288743;-1.57409,0.106901,-1.5818
0.48441,-0.251319,0.0299915;-1.55941,0.162191,-1.57559
0.482255,-0.24842,0.0336916;-1.5046,0.176694,-1.57177
0.48746,-0.242605,0.0361776;-1.43754,0.0690813,-1.58929
0.48716,-0.248259,0.0362171;-1.45558,0.026639,-1.6016
0.487106,-0.254843,0.0350243;-1.48622,0.0154,-1.60506
0.48642,-0.26392,0.0289771;-1.57261,0.147426,-1.58699
0.486623,-0.262656,0.0297279;-1.56009,0.212982,-1.578
0.485546,-0.25883,0.0327539;-1.51241,0.283022,-1.57048
0.4878,-0.252842,0.0347044;-1.45983,0.200832,-1.5919
0.489613,-0.246788,0.0297304;-1.5691,0.0740596,-1.59383
0.490681,-0.2493,0.0297461;-1.5768,0.0243343,-1.59399
0.487609,-0.260387,0.0290692;-1.577,0.138887,-1.58767
0.486494,-0.265471,0.0304898;-1.5409,0.251178,-1.57761
0.484768,-0.27081,0.0375122;-1.4291,0.330914,-1.57839
0.484971,-0.263319,0.035692;-1.44319,0.26893,-1.59815
0.487313,-0.254889,0.0333442;-1.47632,0.188547,-1.59467
0.48981,-0.244719,0.0289239;-1.57786,0.0190751,-1.58008
0.48838,-0.250242,0.0289133;-1.57133,0.0595892,-1.58672
0.48554,-0.254129,0.0296413;-1.59455,0.137416,-1.57275
0.48283,-0.262857,0.0345814;-1.50054,0.22952,-1.5658
0.484227,-0.261953,0.0354087;-1.47099,0.280487,-1.57554
0.484875,-0.257578,0.0364171;-1.43867,0.24276,-1.59025
0.484122,-0.250334,0.0299235;-1.54062,0.131292,-1.58144
0.486004,-0.241899,0.0290233;-1.57523,-0.0217808,-1.58739
0.484799,-0.243493,0.0291677;-1.58688,0.0265717,-1.58279
0.480463,-0.248349,0.0317041;-1.6347,0.108372,-1.57251
0.476512,-0.250467,0.0357864;-1.70186,0.18946,-1.55122
0.478682,-0.24558,0.0337793;-1.59441,0.159902,-1.57399
0.48009,-0.239558,0.0289774;-1.56774,0.0911983,-1.58744
0.482349,-0.238268,0.0297486;-1.57316,-0.0590801,-1.59388
0.482686,-0.238667,0.0294587;-1.57299,-0.0534824,-1.5924
0.4816,-0.238604,0.0296041;-1.59995,-0.023992,-1.57369
0.474745,-0.245226,0.0374521;-1.72091,0.11484,-1.54328
0.476887,-0.244629,0.0382912;-1.67844,0.0829364,-1.55755
0.479854,-0.240363,0.0305045;-1.54077,0.0199777,-1.58425
0.480665,-0.241779,0.0301011;-1.56287,-0.0800839,-1.5893
0.481038,-0.241454,0.029932;-1.57232,-0.077752,-1.59728
0.481229,-0.240931,0.0291809;-1.5856,-0.0707848,-1.5822
0.475638,-0.24215,0.0361687;-1.70758,0.0593682,-1.55772
0.478215,-0.240648,0.0370842;-1.67056,0.024939,-1.55299
0.480406,-0.238224,0.0322886;-1.54334,-0.0235746,-1.5748
0.480247,-0.242877,0.0325383;-1.54409,-0.0822689,-1.608
0.481346,-0.241878,0.028993;-1.57509,-0.0653253,-1.58652
0.47882,-0.244088,0.0294537;-1.60083,-0.00926255,-1.57508
0.47743,-0.240206,0.0363609;-1.70068,0.029122,-1.55154
0.481175,-0.237062,0.0358664;-1.66752,-0.0184129,-1.54291
0.48159,-0.237589,0.0307822;-1.61519,-0.0200379,-1.56781
0.481521,-0.240494,0.0292337;-1.57519,-0.0677257,-1.58596
0.481535,-0.241138,0.0291163;-1.57815,-0.0622194,-1.58935
0.478338,-0.245104,0.0293426;-1.59719,-0.00812986,-1.5817
0.476403,-0.243776,0.0353815;-1.6898,0.0417989,-1.55776
0.47878,-0.241361,0.0345722;-1.67352,-0.000969708,-1.55699
0.479725,-0.240293,0.0321398;-1.64066,-0.0085872,-1.56534
0.481344,-0.2398,0.0292224;-1.57668,-0.0553775,-1.58708
0.481546,-0.242227,0.0290995;-1.58008,-0.0864386,-1.58347
0.479229,-0.245704,0.0291076;-1.57933,-0.0260809,-1.58769
0.474272,-0.251572,0.0301093;-1.60717,0.0857003,-1.57254
0.47405,-0.249541,0.03561;-1.71484,0.0951213,-1.56104
0.47801,-0.250138,0.0331957;-1.66221,-0.0150913,-1.5743
0.480153,-0.250929,0.0290133;-1.57259,-0.0616352,-1.58949
0.479393,-0.250544,0.0290879;-1.5803,-0.0892421,-1.5862
0.478971,-0.252971,0.0290902;-1.5783,-0.048812,-1.58846
0.47695,-0.25591,0.0290317;-1.57971,0.0389168,-1.58284
0.471264,-0.249688,0.0377581;-1.61609,0.130821,-1.54935
0.474779,-0.245157,0.035829;-1.66716,-0.00186199,-1.57168
0.478064,-0.242284,0.0289721;-1.57145,-0.0955698,-1.58853
0.477161,-0.244226,0.0302301;-1.5777,-0.124805,-1.59872
0.47523,-0.25132,0.0291835;-1.57857,-0.0289306,-1.58646
0.473785,-0.254997,0.0291145;-1.58012,0.0532116,-1.58703
0.466395,-0.261284,0.0333295;-1.64569,0.202905,-1.56189
0.467048,-0.261143,0.0380357;-1.53918,0.139623,-1.57212
0.467542,-0.260597,0.0290545;-1.56999,0.021338,-1.58996
0.470072,-0.248706,0.0292773;-1.5758,-0.135448,-1.58809
0.468784,-0.253232,0.0297734;-1.57513,-0.0742627,-1.59232
0.466903,-0.25941,0.0292718;-1.5692,0.0220697,-1.59072
0.464346,-0.267157,0.0340627;-1.59027,0.174163,-1.56092
0.463744,-0.26767,0.0375358;-1.53733,0.196513,-1.55931
0.465663,-0.272435,0.0318333;-1.54962,0.0975632,-1.58496
0.466355,-0.262746,0.0291662;-1.57671,-0.102173,-1.58576
0.466864,-0.261105,0.0290596;-1.57931,-0.127193,-1.58606
0.465884,-0.263911,0.0291209;-1.57813,-0.0771139,-1.59038
0.463175,-0.271759,0.0314563;-1.58544,0.0964863,-1.57038
0.46233,-0.276089,0.0393714;-1.55213,0.170812,-1.55168
0.465181,-0.282768,0.0364167;-1.52895,0.151547,-1.56959
0.465071,-0.279648,0.0291145;-1.57252,-0.0769341,-1.58676
0.466386,-0.271274,0.0291346;-1.57973,-0.179353,-1.58607
0.466629,-0.2701,0.029064;-1.57952,-0.185264,-1.58696
0.463731,-0.272921,0.0293166;-1.58902,-0.0440455,-1.57781
0.4625,-0.272676,0.0346847;-1.60322,0.0277116,-1.56356
0.46205,-0.272304,0.0392806;-1.57815,0.0579254,-1.55861
0.466723,-0.280171,0.0291334;-1.5664,-0.106905,-1.59317
0.465649,-0.273024,0.0289926;-1.57688,-0.210395,-1.58548
0.46653,-0.268232,0.0290423;-1.57747,-0.274643,-1.58806
0.465293,-0.267059,0.0290042;-1.58122,-0.233575,-1.58417
0.463642,-0.265003,0.0314099;-1.61357,-0.194869,-1.57935
0.463807,-0.260475,0.0371628;-1.68173,-0.140485,-1.57312
0.470774,-0.261868,0.0296985;-1.58868,-0.270112,-1.59259
0.470575,-0.2609,0.0289627;-1.57487,-0.341153,-1.58735
0.47052,-0.258662,0.0292531;-1.58169,-0.367945,-1.58871
0.469944,-0.260071,0.0290056;-1.58126,-0.289886,-1.58574
0.467385,-0.255975,0.0309638;-1.61414,-0.228414,-1.57894
0.467038,-0.251359,0.0360296;-1.67854,-0.203092,-1.56204
0.472649,-0.255924,0.0297787;-1.60862,-0.30188,-1.58701
0.473414,-0.258476,0.0296415;-1.57367,-0.348625,-1.59371
0.473958,-0.260215,0.0302696;-1.5767,-0.369015,-1.6
0.471768,-0.266598,0.0290315;-1.57953,-0.18363,-1.58672
0.469332,-0.260633,0.0297838;-1.58969,-0.0659706,-1.57471
0.467101,-0.247872,0.0354773;-1.67413,-0.0172932,-1.55439
0.475072,-0.246073,0.0306619;-1.624,-0.144749,-1.57854
0.476508,-0.248238,0.0290886;-1.58805,-0.186414,-1.58153
0.476456,-0.250539,0.0294975;-1.58189,-0.213909,-1.58924
0.475225,-0.252492,0.029064;-1.57538,-0.138709,-1.5898
0.471799,-0.254145,0.0293983;-1.5927,0.0173038,-1.57494
0.468999,-0.250758,0.0317728;-1.62871,0.0945916,-1.57029
0.474419,-0.243153,0.0327081;-1.64853,-0.0174146,-1.56872
0.478553,-0.24368,0.0292038;-1.59336,-0.108663,-1.58136
0.478561,-0.245774,0.0297614;-1.57458,-0.137831,-1.59367
0.478121,-0.24809,0.0291124;-1.5828,-0.131036,-1.58593
0.475643,-0.250962,0.029069;-1.57911,-0.0201638,-1.5859
0.469925,-0.256266,0.0303457;-1.60938,0.106096,-1.57481
0.467954,-0.250448,0.0339887;-1.66331,0.109668,-1.55737
0.474358,-0.246534,0.0310099;-1.62546,-0.024721,-1.5761
0.477977,-0.244412,0.0290569;-1.57484,-0.129912,-1.59001
0.47688,-0.247099,0.0292083;-1.58967,-0.150188,-1.58496
0.474921,-0.251016,0.0290928;-1.57712,-0.0674557,-1.58945
0.471511,-0.255061,0.0291879;-1.58878,0.0663202,-1.58108
0.464588,-0.258123,0.033729;-1.66946,0.253674,-1.559
0.469668,-0.253121,0.0345648;-1.60074,0.149031,-1.57209
0.474761,-0.248644,0.0291579;-1.57327,0.0286468,-1.58781
0.478141,-0.243765,0.0292113;-1.58932,-0.140313,-1.58567
0.476359,-0.246237,0.029101;-1.58115,-0.0564895,-1.58576
0.473112,-0.25103,0.0290794;-1.57888,0.066841,-1.58614
0.463067,-0.257916,0.0335125;-1.66303,0.309631,-1.55718
0.464442,-0.256711,0.034649;-1.59955,0.259399,-1.574
0.467907,-0.253755,0.029246;-1.57705,0.143056,-1.58998
0.47206,-0.244204,0.0292115;-1.58848,-0.0862667,-1.58526
0.47066,-0.245236,0.0290768;-1.58167,-0.0567878,-1.58429
0.467767,-0.24806,0.0293393;-1.60194,0.0280642,-1.5758
0.467767,-0.24806,0.0293393;-1.60194,0.0280642,-1.5758
0.464445,-0.253776,0.0293501;-1.59308,0.138292,-1.57537
0.464445,-0.253776,0.0293501;-1.59308,0.138292,-1.57537
