0.5,-0.3,0.06;-1.57,-2.98023e-08,-1.57
0.5,-0.3,0.06;-1.57,-2.98023e-08,-1.57
0.5,-0.3,0.06;-1.57,-2.98023e-08,-1.57
0.501584,-0.294959,0.0289015;-1.57571,-0.299026,-1.58276
0.501248,-0.295673,0.0288953;-1.57427,-0.251833,-1.58305
0.500373,-0.294282,0.0288946;-1.57661,-0.177937,-1.58092
0.497669,-0.283191,0.0294125;-1.58773,-0.0179071,-1.57502
0.499931,-0.280467,0.0288898;-1.57114,-0.154578,-1.58533
0.500583,-0.278956,0.0288387;-1.57244,-0.222289,-1.58168
0.500883,-0.278522,0.0288627;-1.57489,-0.248041,-1.5811
0.500307,-0.279338,0.0288262;-1.57082,-0.184748,-1.58255
0.500012,-0.278257,0.028819;-1.57545,-0.148628,-1.57812
0.498397,-0.270233,0.0296327;-1.57583,-0.0526178,-1.56872
0.501812,-0.261987,0.0289846;-1.5864,-0.091857,-1.57623
0.503259,-0.261341,0.0288265;-1.57077,-0.171757,-1.58274
0.503528,-0.26082,0.0288035;-1.57137,-0.206798,-1.58092
0.502477,-0.263177,0.0288749;-1.57415,-0.146712,-1.58269
0.499701,-0.265392,0.0290856;-1.5896,-0.0197353,-1.57673
0.495728,-0.266871,0.0295769;-1.5841,0.11884,-1.57565
0.497032,-0.25722,0.0296454;-1.58607,0.113346,-1.57318
0.501662,-0.252214,0.0289118;-1.5771,-0.00642224,-1.58023
0.503547,-0.249672,0.0289009;-1.57127,-0.109543,-1.5865
0.504184,-0.248714,0.02893;-1.57505,-0.179966,-1.58392
0.502822,-0.250776,0.028961;-1.57848,-0.106647,-1.58216
0.49849,-0.254188,0.0293245;-1.5921,0.0170165,-1.57635
0.493511,-0.25808,0.0297304;-1.59542,0.115757,-1.5759
0.49381,-0.258778,0.0288609;-1.57313,0.080932,-1.58151
0.495235,-0.256049,0.0288975;-1.57414,-0.0233085,-1.58271
0.496163,-0.25433,0.0288792;-1.57374,-0.0967478,-1.58228
0.496561,-0.253872,0.028901;-1.57242,-0.103105,-1.58436
0.495056,-0.252314,0.0290851;-1.5862,-0.0144508,-1.57973
0.493243,-0.24886,0.0301967;-1.60348,0.0487421,-1.57616
0.49354,-0.248578,0.0289783;-1.58114,0.0435788,-1.57405
0.493142,-0.248298,0.0288936;-1.56358,-0.0226454,-1.57842
0.492782,-0.24754,0.0288803;-1.5628,-0.0654696,-1.5766
0.492239,-0.247761,0.0287329;-1.57064,-0.0847142,-1.57806
0.488521,-0.252223,0.0291172;-1.5901,0.0624494,-1.57624
0.486553,-0.251528,0.0296106;-1.59087,0.10824,-1.57955
0.487367,-0.24957,0.0301043;-1.60181,0.0868052,-1.57643
0.493409,-0.243466,0.0288664;-1.57068,-0.10743,-1.58474
0.493782,-0.244648,0.0290513;-1.57339,-0.123489,-1.58335
0.494123,-0.245227,0.0288716;-1.57421,-0.129931,-1.58167
0.490293,-0.249596,0.0290379;-1.58423,0.0299497,-1.57893
0.484773,-0.256146,0.0296204;-1.59508,0.12796,-1.57782
0.480874,-0.261922,0.0317546;-1.63289,0.202065,-1.57268
0.486635,-0.256899,0.0288502;-1.56995,0.020793,-1.58391
0.486403,-0.254174,0.0288305;-1.57114,-0.0692606,-1.58274
0.48882,-0.250257,0.028956;-1.57975,-0.197673,-1.58171
0.488594,-0.250616,0.0288814;-1.57537,-0.175867,-1.58133
0.486218,-0.251385,0.0290017;-1.58594,-0.0953961,-1.57725
0.47948,-0.249986,0.0311323;-1.6195,0.0437221,-1.57535
0.48367,-0.24944,0.0289658;-1.57745,-0.0888521,-1.58292
0.483973,-0.248824,0.028811;-1.57054,-0.130795,-1.58193
0.484369,-0.247932,0.0288934;-1.57439,-0.171622,-1.58279
0.481667,-0.251685,0.0288959;-1.57321,-0.0291888,-1.58331
0.481045,-0.252038,0.0290571;-1.58612,0.000746191,-1.57846
0.480545,-0.250838,0.0300905;-1.59898,0.0221546,-1.57905
0.487325,-0.244792,0.0289377;-1.58564,-0.126165,-1.57526
0.487662,-0.245898,0.0289249;-1.57942,-0.150116,-1.58001
0.487649,-0.247191,0.0289249;-1.57685,-0.162308,-1.58219
0.485057,-0.251148,0.0289997;-1.57618,-0.0622021,-1.58565
0.482023,-0.25483,0.0292243;-1.59313,0.0144381,-1.57939
0.477629,-0.261175,0.0298729;-1.59493,0.122227,-1.57991
0.476976,-0.262165,0.0289689;-1.579,0.0710813,-1.57589
0.479106,-0.259504,0.0288779;-1.57169,-0.0266436,-1.58396
0.480674,-0.255879,0.028827;-1.57111,-0.173953,-1.58248
0.481808,-0.253148,0.0288992;-1.57426,-0.240263,-1.58335
0.480485,-0.254649,0.028945;-1.57762,-0.167017,-1.58253
0.477393,-0.256114,0.029057;-1.58065,-0.0241341,-1.57568
0.472831,-0.26079,0.0310341;-1.60539,0.118131,-1.5682
0.47459,-0.262944,0.0289936;-1.58188,0.0566479,-1.5788
0.476749,-0.261213,0.0289284;-1.57123,-0.0515413,-1.58697
0.478122,-0.258557,0.0289594;-1.57878,-0.140426,-1.58204
0.477975,-0.259022,0.028885;-1.57203,-0.117249,-1.584
0.477768,-0.259028,0.0288434;-1.57317,-0.0640848,-1.58105
0.475088,-0.257166,0.0298355;-1.58434,0.0519224,-1.57433
0.478618,-0.256699,0.0294354;-1.589,-0.0416708,-1.57943
0.480496,-0.255855,0.0290907;-1.58203,-0.121154,-1.58539
0.480461,-0.256559,0.028933;-1.57726,-0.156808,-1.58224
0.478613,-0.259473,0.0289058;-1.57296,-0.0516214,-1.584
0.476561,-0.262509,0.0290529;-1.57771,0.0507669,-1.58629
0.472535,-0.263138,0.0298708;-1.58788,0.208788,-1.58134
0.476012,-0.258167,0.0304732;-1.5588,0.0829595,-1.58744
0.479246,-0.254518,0.0289901;-1.57514,-0.0493724,-1.58618
0.481623,-0.252887,0.0289973;-1.57778,-0.277817,-1.58634
0.48089,-0.254378,0.0287409;-1.57101,-0.201079,-1.57822
0.478712,-0.257,0.0287914;-1.5722,-0.046238,-1.57938
0.472657,-0.260538,0.0301504;-1.59229,0.190854,-1.57746
0.473324,-0.260969,0.0314448;-1.58913,0.143909,-1.57319
0.474567,-0.260234,0.0288063;-1.5733,0.0835641,-1.57875
0.476069,-0.257983,0.0287242;-1.57131,-0.105495,-1.57866
0.475827,-0.258482,0.0287187;-1.57074,-0.0806484,-1.57722
0.475885,-0.258171,0.0286738;-1.57152,-0.0821427,-1.57482
0.473311,-0.245809,0.0317014;-1.60679,0.0971254,-1.5617
0.474173,-0.244681,0.0313741;-1.59489,0.0672602,-1.55014
0.474345,-0.245014,0.0306294;-1.58473,0.0618921,-1.55088
0.476932,-0.25118,0.0287898;-1.57612,-0.0702448,-1.57354
0.47754,-0.256464,0.0288496;-1.58144,-0.153665,-1.57494
0.476787,-0.25762,0.0287683;-1.57564,-0.0820408,-1.57534
0.476293,-0.254849,0.0289581;-1.56455,-0.00920058,-1.57021
0.474066,-0.246091,0.0314951;-1.60057,0.109128,-1.55909
0.476226,-0.244339,0.0325097;-1.54805,0.0429389,-1.55627
0.477762,-0.242384,0.0289995;-1.59396,-0.034245,-1.57158
0.478536,-0.250104,0.0288924;-1.58597,-0.145345,-1.57455
0.477487,-0.255343,0.0288845;-1.58516,-0.0733599,-1.57138
0.47615,-0.258861,0.0290847;-1.56914,0.0244529,-1.5696
0.4691,-0.256706,0.0336817;-1.51139,0.234758,-1.55362
0.46865,-0.256818,0.0362377;-1.45524,0.198516,-1.56176
0.468932,-0.255071,0.0352106;-1.46539,0.116142,-1.56127
0.471162,-0.249166,0.0291078;-1.5782,-0.104859,-1.56936
0.47126,-0.250326,0.0290214;-1.57606,-0.106549,-1.56821
0.470586,-0.251198,0.0292397;-1.58396,-0.07951,-1.56138
0.466972,-0.253468,0.0329108;-1.55459,0.111192,-1.55143
0.466643,-0.254785,0.0342309;-1.51717,0.124039,-1.55209
0.46551,-0.256513,0.0338951;-1.4933,0.110691,-1.55364
0.464621,-0.259763,0.0304709;-1.5461,0.0447367,-1.54703
0.464101,-0.262298,0.0290633;-1.57348,-0.000894725,-1.56686
0.463823,-0.263083,0.0294577;-1.54868,0.00443019,-1.56574
0.46374,-0.260475,0.0368999;-1.42551,0.0403363,-1.55652
0.464513,-0.255788,0.0384698;-1.39917,0.0482221,-1.55732
0.464566,-0.252718,0.0354955;-1.43659,0.0184384,-1.56739
0.464007,-0.249224,0.0322691;-1.50387,-0.0364614,-1.57173
0.463064,-0.254423,0.0320182;-1.50599,-0.00327421,-1.57038
0.462343,-0.260533,0.0294754;-1.55942,0.0759667,-1.57423
0.4627,-0.266294,0.0307651;-1.53221,0.202727,-1.56879
0.462012,-0.266733,0.0353736;-1.45515,0.217576,-1.5711
0.461937,-0.265394,0.0372346;-1.41145,0.190274,-1.57859
0.461555,-0.251347,0.0291443;-1.55994,0.00367645,-1.56711
0.462999,-0.249183,0.0291426;-1.57796,-0.0372689,-1.5653
0.462963,-0.251259,0.0290828;-1.57127,-0.00671329,-1.56433
0.459015,-0.259843,0.0292182;-1.56944,0.136568,-1.57092
0.456773,-0.265698,0.0314677;-1.52189,0.220595,-1.56982
0.45606,-0.269314,0.0331861;-1.48969,0.247353,-1.57527
0.453994,-0.270272,0.0290202;-1.55173,0.19761,-1.57142
0.454376,-0.269675,0.0290305;-1.55917,0.190006,-1.56587
0.45406,-0.269205,0.0289758;-1.55795,0.163402,-1.56602
0.455292,-0.265515,0.0289628;-1.56126,0.228291,-1.57371
0.455164,-0.263951,0.0304527;-1.5362,0.216452,-1.57138
0.454285,-0.262124,0.0333598;-1.48834,0.195595,-1.57485
0.451632,-0.263486,0.0289116;-1.56381,0.130188,-1.57267
0.451794,-0.264793,0.028709;-1.56752,0.171712,-1.56856
0.45127,-0.26734,0.0289261;-1.57198,0.169925,-1.56869
0.452817,-0.267069,0.0289449;-1.55452,0.334705,-1.5737
0.45361,-0.266764,0.0296704;-1.54851,0.363945,-1.57033
0.452917,-0.266031,0.0316325;-1.51561,0.35067,-1.57708
0.445115,-0.265487,0.0292647;-1.55044,0.137096,-1.57572
0.44522,-0.259872,0.0288626;-1.56158,0.0504746,-1.57569
0.446717,-0.254105,0.028916;-1.57011,-0.0257917,-1.57434
0.445466,-0.257372,0.0287761;-1.57064,0.157409,-1.58016
0.444516,-0.261237,0.0290802;-1.56258,0.231782,-1.57213
0.443661,-0.26723,0.0313832;-1.5178,0.316104,-1.57633
0.438542,-0.271916,0.0300063;-1.53717,0.213397,-1.57588
0.436633,-0.269388,0.0288103;-1.57057,0.116481,-1.58177
0.437055,-0.268655,0.0286699;-1.57274,0.0856565,-1.57368
0.437129,-0.267693,0.0288576;-1.56986,0.100205,-1.58387
0.438462,-0.265697,0.0293768;-1.54704,0.159755,-1.57945
0.43954,-0.258597,0.0316539;-1.52373,0.193034,-1.58044
0.438748,-0.260165,0.0317597;-1.51597,0.156582,-1.58188
0.438293,-0.261494,0.0288827;-1.57028,0.0825315,-1.58533
0.43832,-0.261757,0.0287869;-1.57178,0.0598659,-1.57966
0.438549,-0.264338,0.0287003;-1.57084,0.159507,-1.57637
0.438609,-0.264755,0.0288849;-1.56998,0.20275,-1.58494
0.438815,-0.263988,0.0290543;-1.56989,0.213586,-1.58403
0.438174,-0.255445,0.0320952;-1.51203,0.141231,-1.58146
0.437942,-0.250055,0.0287968;-1.57419,0.0347029,-1.58021
0.43818,-0.248385,0.0288943;-1.57167,-0.0561151,-1.58594
0.437794,-0.249857,0.0288667;-1.5771,-0.0231655,-1.57821
0.436463,-0.25345,0.0288551;-1.5705,0.10563,-1.58395
0.436467,-0.255827,0.0288618;-1.56964,0.173668,-1.58318
0.43385,-0.263901,0.0308527;-1.53167,0.276321,-1.58341
0.430858,-0.260902,0.0317287;-1.51599,0.174968,-1.58674
0.429328,-0.254174,0.0288982;-1.57032,0.0322956,-1.58617
0.430259,-0.247853,0.0289412;-1.57946,-0.183899,-1.58116
0.4306,-0.2473,0.0288148;-1.57248,-0.183766,-1.5804
0.430575,-0.247746,0.0288773;-1.57039,-0.142109,-1.58506
0.429177,-0.244746,0.0311046;-1.54363,0.0756057,-1.58016
0.429635,-0.245338,0.030634;-1.54974,0.057979,-1.5864
0.430639,-0.242917,0.0289354;-1.57312,-0.0365718,-1.58523
0.430136,-0.242828,0.0288719;-1.57452,-0.111407,-1.58127
0.430001,-0.243329,0.0287904;-1.57087,-0.0795131,-1.58087
0.429936,-0.242511,0.0288766;-1.57012,-0.0655569,-1.58518
0.429936,-0.242511,0.0288766;-1.57012,-0.0655569,-1.58518
0.431638,-0.237985,0.0289711;-1.5742,-0.0335649,-1.58135
0.431638,-0.237985,0.0289711;-1.5742,-0.0335649,-1.58135
