0.5,-0.3,0.06;-1.57,-2.98023e-08,-1.57
0.5,-0.3,0.06;-1.57,-2.98023e-08,-1.57
0.5,-0.3,0.06;-1.57,-2.98023e-08,-1.57
0.501018,-0.2936,0.0290567;-1.58069,-0.264131,-1.58635
0.500155,-0.295279,0.0290786;-1.57986,-0.206144,-1.58779
0.498165,-0.299716,0.0296679;-1.57519,-0.0774236,-1.58841
0.496732,-0.293006,0.0298511;-1.58061,0.0483613,-1.58141
0.500478,-0.286636,0.0290556;-1.57462,-0.144505,-1.59008
0.503159,-0.282418,0.0289087;-1.57951,-0.310772,-1.58086
0.50396,-0.28051,0.0288991;-1.58716,-0.396318,-1.57758
0.498862,-0.276531,0.0301262;-1.59151,-0.164938,-1.56014
0.494325,-0.268494,0.0335587;-1.6524,-0.0105261,-1.55194
0.488995,-0.260454,0.0357546;-1.70131,0.134459,-1.55354
0.492886,-0.266094,0.032468;-1.6456,0.0394592,-1.56801
0.49504,-0.270518,0.0288607;-1.56712,-0.0370184,-1.58593
0.495877,-0.269237,0.0289658;-1.57771,-0.102598,-1.58402
0.495879,-0.268983,0.0290298;-1.57426,-0.101475,-1.58967
0.495295,-0.273837,0.0295865;-1.57325,0.00640069,-1.58986
0.495988,-0.271948,0.0310301;-1.55237,0.149867,-1.59016
0.496469,-0.275073,0.0327567;-1.49366,0.218849,-1.58312
0.495639,-0.274435,0.0303804;-1.54705,0.113332,-1.58923
0.496047,-0.272991,0.0289633;-1.57109,0.0262922,-1.58881
0.497382,-0.269133,0.0289392;-1.58025,-0.143118,-1.57084
0.496843,-0.263565,0.0293827;-1.58031,-0.10554,-1.56426
0.49613,-0.248404,0.0312442;-1.60282,-0.0380034,-1.56053
0.493715,-0.242391,0.0346344;-1.66021,-0.0112401,-1.55343
0.494866,-0.2454,0.0362028;-1.67298,-0.0760171,-1.54304
0.50089,-0.261109,0.0298284;-1.58076,-0.323738,-1.56035
0.502712,-0.261832,0.0302737;-1.58938,-0.347264,-1.56195
0.501799,-0.256908,0.0307109;-1.59323,-0.240943,-1.5566
0.49726,-0.237722,0.0335409;-1.65669,-0.0242717,-1.5676
0.494692,-0.236514,0.0339473;-1.66636,0.0491888,-1.56745
0.496257,-0.239337,0.0327635;-1.65259,-0.0034223,-1.57214
0.499502,-0.243491,0.0294868;-1.57481,-0.111931,-1.5913
0.499936,-0.245661,0.0293615;-1.57505,-0.134358,-1.58816
0.499597,-0.246605,0.0291322;-1.58452,-0.112739,-1.58507
0.496588,-0.249459,0.029113;-1.57751,0.0259715,-1.58437
0.494344,-0.246106,0.0307194;-1.60914,0.104576,-1.57731
0.493321,-0.244191,0.0329761;-1.65022,0.096948,-1.56548
0.495901,-0.256092,0.0297959;-1.60668,-0.0414999,-1.57261
0.496193,-0.265068,0.0294318;-1.58001,-0.119772,-1.56822
0.496605,-0.26969,0.0293707;-1.58506,-0.13922,-1.56852
0.499371,-0.271885,0.0292433;-1.55911,0.0558665,-1.57871
0.498913,-0.26066,0.030088;-1.56017,0.138229,-1.58036
0.496508,-0.250514,0.0320799;-1.58763,0.187914,-1.57765
0.499571,-0.256689,0.0289899;-1.5739,0.0659973,-1.58735
0.499992,-0.255933,0.0288962;-1.57283,-0.0118385,-1.58366
0.501512,-0.255241,0.0288286;-1.57345,-0.0804808,-1.58005
0.500346,-0.258402,0.0288587;-1.56501,0.110908,-1.57902
0.500102,-0.252465,0.0298339;-1.55368,0.184776,-1.56903
0.498031,-0.246273,0.0335242;-1.56159,0.212856,-1.56313
0.500635,-0.235422,0.0353246;-1.58448,-0.00701991,-1.53882
0.499229,-0.243263,0.0313893;-1.58613,-0.110976,-1.54137
0.500787,-0.250121,0.0302898;-1.55539,-0.200984,-1.5575
0.495569,-0.241482,0.0359625;-1.65043,-0.0239332,-1.52539
0.492946,-0.240226,0.0373639;-1.69277,0.0968756,-1.521
0.488793,-0.24566,0.0410553;-1.6944,0.211329,-1.52149
0.490288,-0.233151,0.0429697;-1.66729,0.0129308,-1.49744
0.491015,-0.237507,0.0434237;-1.6613,-0.0411945,-1.49746
0.495631,-0.246083,0.0383452;-1.64408,-0.158362,-1.51008
0.494831,-0.249864,0.0336528;-1.62334,-0.0767399,-1.5389
0.494763,-0.246915,0.0343379;-1.65554,0.0544693,-1.54438
0.491368,-0.24578,0.0352609;-1.67737,0.186292,-1.54637
0.492194,-0.240651,0.0354208;-1.68687,0.0761679,-1.54491
0.495139,-0.241599,0.0339795;-1.66223,-0.00903988,-1.5545
0.499018,-0.250825,0.0293664;-1.58732,-0.116491,-1.56655
0.496444,-0.262247,0.0301188;-1.58953,-0.127214,-1.5584
0.494623,-0.261677,0.0328272;-1.63404,0.0102997,-1.54987
0.494358,-0.261628,0.0344891;-1.64389,0.13345,-1.54461
0.493685,-0.250451,0.036691;-1.63099,0.188076,-1.54847
0.49654,-0.247272,0.036074;-1.61764,0.0910017,-1.56697
0.499377,-0.24404,0.0290907;-1.59304,-0.024321,-1.57407
0.50307,-0.2574,0.0297316;-1.57465,-0.146802,-1.59281
0.502646,-0.259684,0.0289903;-1.57383,-0.0720749,-1.58754
0.502555,-0.266028,0.0293151;-1.57119,0.0497716,-1.58885
0.501678,-0.255858,0.0316975;-1.5476,0.286835,-1.57905
0.502061,-0.254013,0.0354963;-1.55223,0.161253,-1.57734
0.503936,-0.247876,0.0300735;-1.60821,0.00282413,-1.57402
0.509529,-0.252375,0.0296713;-1.57785,-0.248565,-1.57911
0.509738,-0.251765,0.0292582;-1.58855,-0.197823,-1.57104
0.506606,-0.245622,0.0302363;-1.60166,-0.0425463,-1.56418
0.497539,-0.246344,0.036901;-1.70432,0.21691,-1.54001
0.497369,-0.247483,0.0383072;-1.70245,0.145311,-1.53187
0.498756,-0.250062,0.0376752;-1.68739,0.0196736,-1.52529
0.501438,-0.254595,0.0320644;-1.57646,-0.287745,-1.53711
0.499653,-0.25081,0.0339034;-1.603,-0.224555,-1.52389
0.497076,-0.245562,0.0368674;-1.66226,-0.145654,-1.53073
0.486075,-0.238653,0.0409221;-1.77577,0.112346,-1.52074
0.484524,-0.242344,0.0418539;-1.78903,0.0716768,-1.52302
0.485227,-0.244707,0.0425912;-1.74719,0.0121346,-1.50207
0.491276,-0.256778,0.0409118;-1.70174,-0.09995,-1.50817
0.49178,-0.258541,0.0372316;-1.66776,-0.0507852,-1.52409
0.490947,-0.258244,0.0343526;-1.66548,-0.0441771,-1.55511
0.481707,-0.254453,0.0392755;-1.75234,0.167906,-1.53878
0.479274,-0.257014,0.0406085;-1.77283,0.140348,-1.52282
0.477088,-0.260758,0.0404015;-1.76928,0.170075,-1.51496
0.482429,-0.26937,0.0378575;-1.70123,0.0947289,-1.52419
0.4886,-0.283019,0.0342685;-1.61755,-0.0472054,-1.52708
0.484198,-0.27666,0.0351676;-1.65034,0.0320548,-1.52879
0.481758,-0.273048,0.0368588;-1.68683,0.0884,-1.52317
0.478201,-0.26919,0.0400644;-1.70432,0.258157,-1.52361
0.477724,-0.267375,0.0419198;-1.69049,0.15395,-1.51229
0.47774,-0.263608,0.0399817;-1.72005,0.0597832,-1.507
0.487043,-0.279343,0.0379201;-1.6677,-0.148615,-1.5272
0.487313,-0.275648,0.0378604;-1.66859,-0.108647,-1.52393
0.48674,-0.264305,0.0378493;-1.68366,-0.0219282,-1.52396
0.480068,-0.256257,0.039402;-1.76492,0.181576,-1.52715
0.478084,-0.2598,0.0406793;-1.73512,0.0759997,-1.50868
0.478685,-0.260323,0.0408148;-1.71218,-0.00284782,-1.50393
0.487707,-0.273864,0.0387;-1.6746,-0.183339,-1.52251
0.488904,-0.272864,0.0384088;-1.68121,-0.12622,-1.52872
0.485608,-0.267023,0.0353734;-1.67235,-0.00244326,-1.54611
0.482544,-0.249063,0.0369735;-1.71389,0.216705,-1.53228
0.48241,-0.250492,0.0376465;-1.7324,0.179606,-1.52941
0.483708,-0.256118,0.0369911;-1.69291,0.117889,-1.52026
0.488862,-0.281772,0.0291381;-1.58138,-0.0410587,-1.56632
0.489879,-0.286282,0.0292349;-1.58526,-0.023359,-1.56884
0.490736,-0.286887,0.029342;-1.55251,0.0472439,-1.57517
0.494343,-0.27256,0.0399387;-1.39502,0.200954,-1.56051
0.493394,-0.262301,0.0412848;-1.55644,0.18923,-1.53351
0.490563,-0.257673,0.0390296;-1.68375,0.0882699,-1.50693
0.497429,-0.264607,0.0392279;-1.6768,-0.114138,-1.515
0.500122,-0.271113,0.0381618;-1.66594,-0.177833,-1.52484
0.498098,-0.270135,0.0379655;-1.6866,-0.105409,-1.53217
0.497204,-0.251921,0.035829;-1.68733,0.103243,-1.54425
0.497607,-0.243369,0.0343677;-1.65742,0.135056,-1.5484
0.499951,-0.238685,0.0358231;-1.68703,0.0522553,-1.54226
0.50722,-0.2483,0.0363966;-1.67534,-0.116258,-1.5454
0.511706,-0.258621,0.0354137;-1.64983,-0.24183,-1.54583
0.510386,-0.261421,0.0362105;-1.65743,-0.230053,-1.54178
0.504309,-0.251781,0.0380467;-1.70959,-0.0156434,-1.53724
0.501884,-0.245334,0.0369056;-1.70855,0.105866,-1.54134
0.502174,-0.2416,0.0353274;-1.68994,0.107045,-1.5508
0.507748,-0.242958,0.0303629;-1.59528,-0.105934,-1.55563
0.509416,-0.25096,0.0291215;-1.57057,-0.216626,-1.57191
0.511914,-0.255855,0.0299106;-1.59608,-0.302029,-1.5848
0.511214,-0.252741,0.0298382;-1.58628,-0.109751,-1.56475
0.511514,-0.242623,0.0339043;-1.65136,0.0788229,-1.55048
0.508758,-0.244057,0.0373983;-1.70176,0.181677,-1.53932
0.511975,-0.245116,0.0323891;-1.61826,-0.0450057,-1.54605
0.513411,-0.253079,0.0301604;-1.58019,-0.157302,-1.55081
0.513324,-0.264082,0.0296211;-1.59718,-0.289221,-1.57428
0.511717,-0.26493,0.0319392;-1.61823,-0.0505956,-1.5562
0.513981,-0.265485,0.0338914;-1.54143,0.104439,-1.54448
0.512371,-0.256849,0.0404982;-1.54892,0.188855,-1.53386
0.510227,-0.24228,0.0400416;-1.71972,-0.042778,-1.51875
0.515258,-0.246871,0.0396224;-1.69293,-0.143978,-1.51919
0.522163,-0.258895,0.0374881;-1.64933,-0.278189,-1.51929
0.520472,-0.259978,0.0378699;-1.68737,-0.183524,-1.54083
0.518252,-0.252224,0.0376432;-1.70652,-0.0741157,-1.54933
0.515242,-0.242786,0.0389121;-1.73838,0.0678033,-1.54511
0.518895,-0.236393,0.0388781;-1.71716,-0.0293752,-1.5331
0.52579,-0.243691,0.036827;-1.6718,-0.141926,-1.53603
0.53538,-0.2534,0.034418;-1.62755,-0.302311,-1.54318
0.54064,-0.258046,0.0304764;-1.59895,-0.35311,-1.56806
0.539295,-0.254023,0.0305556;-1.60032,-0.253475,-1.56579
0.538157,-0.246954,0.0329435;-1.62907,-0.108639,-1.55554
0.532159,-0.237501,0.035829;-1.70041,0.0421322,-1.55069
0.536149,-0.242824,0.0350464;-1.65955,-0.057633,-1.54478
0.544646,-0.251123,0.0333042;-1.63193,-0.203665,-1.55136
0.552045,-0.262044,0.0313235;-1.60874,-0.371058,-1.56277
0.548356,-0.257717,0.0344845;-1.63994,-0.301237,-1.54443
0.54407,-0.253947,0.0378048;-1.67024,-0.213234,-1.53004
0.533072,-0.243217,0.0406925;-1.75602,-0.00499173,-1.53121
0.533609,-0.245005,0.0406366;-1.73627,-0.0250089,-1.5246
0.537886,-0.247306,0.0392257;-1.70392,-0.0803406,-1.52755
0.553369,-0.261308,0.0306096;-1.61063,-0.303669,-1.57297
0.553274,-0.259614,0.0293946;-1.58788,-0.268784,-1.5668
0.550462,-0.256344,0.0300989;-1.58983,-0.184708,-1.56264
0.550585,-0.246722,0.0374223;-1.65956,0.134666,-1.54948
0.551333,-0.244934,0.0375358;-1.72394,0.106401,-1.54283
0.554032,-0.250865,0.0371422;-1.70038,0.0358855,-1.53007
0.569035,-0.271544,0.0325071;-1.62696,-0.222117,-1.5627
0.569086,-0.270976,0.0300716;-1.59347,-0.203457,-1.56274
0.565956,-0.263776,0.0328378;-1.63034,-0.12489,-1.55223
0.555244,-0.248238,0.0398808;-1.77388,0.0988791,-1.54038
0.556193,-0.249332,0.0415998;-1.78573,0.0508858,-1.5286
0.557278,-0.253214,0.0412113;-1.72493,-0.00186935,-1.50663
0.571616,-0.267405,0.0359832;-1.64119,-0.220269,-1.52719
0.569385,-0.270284,0.0353147;-1.63474,-0.186069,-1.53093
0.565618,-0.266166,0.037461;-1.67972,-0.110894,-1.53552
0.565618,-0.266166,0.037461;-1.67972,-0.110894,-1.53552
0.566724,-0.255539,0.0378829;-1.70831,-0.00371955,-1.53806
0.566724,-0.255539,0.0378829;-1.70831,-0.00371955,-1.53806
