0.5,-0.3,0.06;-1.57,-2.98023e-08,-1.57
0.5,-0.3,0.06;-1.57,-2.98023e-08,-1.57
0.5,-0.3,0.06;-1.57,-2.98023e-08,-1.57
0.501581,-0.295605,0.0289954;-1.57908,-0.268908,-1.58478
0.501333,-0.295458,0.0288715;-1.57017,-0.229514,-1.58475
0.501175,-0.28415,0.0295833;-1.57448,-0.105828,-1.5617
0.4994,-0.267851,0.0333354;-1.64131,-0.0193873,-1.55551
0.505531,-0.269344,0.0289106;-1.57091,-0.21463,-1.58704
0.506638,-0.267511,0.0289806;-1.58046,-0.286021,-1.58362
0.507556,-0.265785,0.0290773;-1.58926,-0.336779,-1.58412
0.505429,-0.269722,0.0288919;-1.57522,-0.183781,-1.58221
0.502865,-0.264699,0.0298418;-1.58474,-0.0554653,-1.5598
0.498253,-0.25403,0.0350308;-1.66567,0.0692813,-1.53935
0.502612,-0.257231,0.0313668;-1.62296,-0.0121681,-1.5641
0.504775,-0.260086,0.0288899;-1.56828,-0.0826678,-1.58625
0.505168,-0.259403,0.0289663;-1.57873,-0.136842,-1.58265
0.503956,-0.261473,0.0289437;-1.57235,-0.0652506,-1.58648
0.501271,-0.262271,0.0291476;-1.57826,0.0875784,-1.56767
0.497788,-0.253698,0.0335077;-1.64474,0.23225,-1.54155
0.497763,-0.253099,0.0344322;-1.66983,0.229453,-1.54121
0.501494,-0.253388,0.031373;-1.63145,0.142194,-1.56615
0.503268,-0.252914,0.0289507;-1.57034,0.000494629,-1.58872
0.504339,-0.250959,0.0289858;-1.57719,-0.078573,-1.58416
0.502358,-0.253022,0.0288767;-1.57176,0.0202324,-1.58402
0.497888,-0.254174,0.0291275;-1.58257,0.165284,-1.57061
0.496309,-0.254912,0.0312939;-1.60685,0.219985,-1.55636
0.498686,-0.25363,0.0289757;-1.56506,0.156581,-1.57646
0.502053,-0.247234,0.0289682;-1.57689,-0.0764598,-1.58361
0.502804,-0.246158,0.0290006;-1.57909,-0.106307,-1.58342
0.501601,-0.248568,0.0290475;-1.57576,-0.058373,-1.58838
0.496046,-0.2503,0.0304681;-1.5887,0.196643,-1.56067
0.495556,-0.24705,0.0339742;-1.65517,0.224354,-1.54581
0.50007,-0.24181,0.0321367;-1.62081,0.141717,-1.54912
0.505263,-0.238917,0.0292587;-1.5724,-0.0509027,-1.58708
0.506303,-0.242805,0.0298136;-1.57127,-0.105709,-1.59373
0.506907,-0.242932,0.0290534;-1.58329,-0.109303,-1.58238
0.503629,-0.242721,0.0292265;-1.58893,0.0498412,-1.57185
0.501971,-0.239426,0.0329409;-1.64063,0.125849,-1.54979
0.502444,-0.239693,0.03391;-1.65596,0.119006,-1.54599
0.50962,-0.23773,0.0289207;-1.57069,-0.0517393,-1.5873
0.510286,-0.240719,0.0296948;-1.57321,-0.0928167,-1.5906
0.51078,-0.242381,0.0296846;-1.57387,-0.112662,-1.59232
0.507358,-0.244934,0.0289948;-1.587,0.0603918,-1.57345
0.5043,-0.242281,0.0304984;-1.60383,0.163641,-1.56349
0.502347,-0.24589,0.0339201;-1.65066,0.215534,-1.54478
0.50639,-0.245972,0.0288865;-1.57102,0.0977758,-1.5858
0.505892,-0.245449,0.0289301;-1.57412,0.0311211,-1.584
0.508321,-0.243783,0.0290179;-1.57872,-0.0958765,-1.58437
0.506072,-0.248793,0.028873;-1.57051,0.0630174,-1.58473
0.503841,-0.248584,0.029029;-1.57126,0.186776,-1.56895
0.500527,-0.251069,0.0323366;-1.56783,0.28905,-1.55566
0.502266,-0.252741,0.0288607;-1.57115,0.157418,-1.58427
0.501707,-0.251315,0.028841;-1.57086,0.0753896,-1.5833
0.50366,-0.250277,0.0289135;-1.57533,-0.0279817,-1.58216
0.502216,-0.255016,0.0288431;-1.57062,0.114798,-1.58324
0.501507,-0.252974,0.0294949;-1.55627,0.218367,-1.56934
0.498917,-0.252684,0.0319153;-1.53954,0.309563,-1.55601
0.500751,-0.250366,0.0287341;-1.5649,0.196309,-1.57375
0.500027,-0.248392,0.0289146;-1.57039,0.104875,-1.5866
0.500863,-0.250194,0.0290246;-1.57832,0.0343626,-1.58443
0.499974,-0.252974,0.0289486;-1.57106,0.0788692,-1.58845
0.498955,-0.253304,0.0287821;-1.57041,0.163325,-1.57465
0.497246,-0.248418,0.0308114;-1.55152,0.239915,-1.56287
0.499956,-0.245948,0.0314459;-1.54237,0.192758,-1.56564
0.502017,-0.245051,0.0313605;-1.52759,0.129558,-1.59206
0.502612,-0.246065,0.0309173;-1.56043,0.090342,-1.60847
0.504,-0.254708,0.0310258;-1.56652,0.0765109,-1.6118
0.505144,-0.255664,0.0293009;-1.56326,0.130307,-1.59066
0.504302,-0.252464,0.0291624;-1.56464,0.221264,-1.56612
0.50085,-0.252881,0.0324265;-1.58324,0.314791,-1.5491
0.504581,-0.25057,0.0323425;-1.5308,0.252244,-1.56682
0.507126,-0.250127,0.0288987;-1.57114,0.144601,-1.58626
0.509468,-0.258356,0.0296527;-1.57555,0.0600448,-1.59199
0.508316,-0.261477,0.0289646;-1.57683,0.12218,-1.5823
0.506827,-0.26178,0.0286395;-1.57002,0.221726,-1.57317
0.501735,-0.256625,0.032583;-1.58553,0.382284,-1.54481
0.502391,-0.258681,0.0363536;-1.49428,0.348343,-1.57279
0.502047,-0.264137,0.0289542;-1.5738,0.251383,-1.58499
0.504654,-0.261979,0.0291739;-1.58703,0.0802015,-1.58191
0.503688,-0.264205,0.028923;-1.57297,0.133703,-1.58446
0.502178,-0.266044,0.0288208;-1.57074,0.234234,-1.58226
0.500539,-0.259472,0.0329447;-1.52724,0.423971,-1.55852
0.500678,-0.261998,0.0368734;-1.44325,0.391085,-1.58415
0.500233,-0.264131,0.0295127;-1.55355,0.28951,-1.58551
0.5024,-0.261079,0.0289867;-1.57902,0.0868411,-1.58123
0.502475,-0.261554,0.0288018;-1.57013,0.0931583,-1.5815
0.502105,-0.262538,0.0288156;-1.57072,0.167664,-1.58197
0.49901,-0.252859,0.0317464;-1.5547,0.31515,-1.5593
0.500046,-0.250476,0.0334089;-1.49429,0.241597,-1.57448
0.500877,-0.248674,0.031314;-1.51958,0.163103,-1.57807
0.500772,-0.246831,0.0287333;-1.5717,-0.0335021,-1.57824
0.500894,-0.247206,0.0289036;-1.56537,-0.0249251,-1.58093
0.500912,-0.248436,0.0291454;-1.55053,0.00806463,-1.5776
0.499399,-0.240123,0.0324909;-1.58622,0.130051,-1.55649
0.502463,-0.234826,0.0335349;-1.55889,0.0506152,-1.56186
0.503413,-0.233879,0.0325724;-1.5458,0.0332648,-1.55943
0.506775,-0.237922,0.0315936;-1.56247,-0.0660651,-1.61228
0.508889,-0.242839,0.0298694;-1.58031,-0.123883,-1.59319
0.508095,-0.243856,0.0289092;-1.5722,-0.0636329,-1.58496
0.506614,-0.243559,0.0289467;-1.58127,0.0282973,-1.57196
0.503811,-0.238971,0.0333204;-1.6379,0.11748,-1.55061
0.50792,-0.234339,0.0315072;-1.60855,0.0368843,-1.55095
0.510732,-0.235195,0.0288422;-1.58017,-0.0293114,-1.5742
0.511108,-0.241394,0.0292052;-1.57606,-0.102539,-1.58655
0.509904,-0.243329,0.0290342;-1.57762,-0.0472099,-1.58582
0.507661,-0.245733,0.0290514;-1.5819,0.0516754,-1.58184
0.500693,-0.247355,0.0341718;-1.66072,0.242144,-1.54262
0.502806,-0.245913,0.033974;-1.63359,0.197483,-1.54554
0.506186,-0.245727,0.0288584;-1.57168,0.103355,-1.58275
0.507201,-0.242822,0.0290245;-1.57896,-0.107847,-1.58489
0.506697,-0.244356,0.02901;-1.57743,-0.0819328,-1.58518
0.503548,-0.247652,0.0289885;-1.57632,0.0407125,-1.58436
0.493775,-0.253139,0.0344239;-1.64426,0.324328,-1.5398
0.494179,-0.253071,0.0347302;-1.59184,0.289487,-1.55583
0.498332,-0.248009,0.0287983;-1.57609,0.158767,-1.58037
0.502633,-0.242257,0.0289412;-1.57615,-0.0861071,-1.58292
0.502577,-0.242809,0.0290644;-1.58295,-0.0802368,-1.58281
0.50056,-0.246013,0.0290172;-1.57372,0.0076281,-1.5885
0.491888,-0.252543,0.0328155;-1.61286,0.31051,-1.54742
0.491456,-0.252842,0.0331602;-1.61116,0.317098,-1.55212
0.495102,-0.249544,0.0313733;-1.53171,0.242477,-1.57289
0.499643,-0.244543,0.0289273;-1.57503,-0.00216758,-1.58295
0.501193,-0.242817,0.0289592;-1.57667,-0.0850035,-1.58339
0.500295,-0.244416,0.0290395;-1.57637,-0.0517788,-1.5872
0.496565,-0.24323,0.0297745;-1.58234,0.127082,-1.56545
0.496173,-0.24127,0.0335342;-1.64565,0.150456,-1.55053
0.499417,-0.237821,0.0325131;-1.6279,0.0921879,-1.55088
0.504021,-0.235945,0.0288476;-1.57245,-0.0287292,-1.58231
0.505195,-0.240683,0.029407;-1.57562,-0.0901322,-1.58922
0.505728,-0.241507,0.0293503;-1.57707,-0.0975004,-1.58773
0.502736,-0.241021,0.0290767;-1.58366,0.0578289,-1.56904
0.500316,-0.239121,0.0325529;-1.63284,0.126345,-1.55374
0.500301,-0.240151,0.0338132;-1.65335,0.131284,-1.5461
0.506766,-0.239728,0.0289098;-1.57074,-0.0171824,-1.58667
0.507493,-0.239138,0.02897;-1.57849,-0.0720753,-1.58264
0.507594,-0.240506,0.0289904;-1.57825,-0.0887334,-1.58357
0.503443,-0.246075,0.028932;-1.57788,0.0934043,-1.57977
0.500303,-0.245616,0.0303475;-1.59043,0.201303,-1.56119
0.497178,-0.249972,0.034328;-1.65028,0.273509,-1.53779
0.500183,-0.251001,0.0291498;-1.58256,0.144565,-1.58458
0.49942,-0.250289,0.0288652;-1.57033,0.0624637,-1.58414
0.501202,-0.249639,0.0289549;-1.57623,-0.024546,-1.58329
0.498923,-0.25409,0.0288362;-1.57024,0.128052,-1.58277
0.497669,-0.253756,0.0292483;-1.56262,0.249083,-1.56875
0.494135,-0.255262,0.031986;-1.56107,0.352339,-1.55616
0.496866,-0.251614,0.0288773;-1.57263,0.204738,-1.58269
0.49669,-0.249959,0.0288722;-1.56956,0.11801,-1.58414
0.498846,-0.248999,0.0289355;-1.57664,0.00303236,-1.58176
0.498052,-0.253233,0.0288671;-1.57028,0.0940399,-1.5845
0.497718,-0.251879,0.0293746;-1.55839,0.189118,-1.57009
0.495867,-0.249283,0.031867;-1.54676,0.254161,-1.5617
0.498124,-0.246944,0.0339214;-1.48237,0.178968,-1.57414
0.497588,-0.246783,0.0302753;-1.53807,0.0798345,-1.58285
0.497341,-0.247372,0.0294998;-1.57209,0.021753,-1.5906
0.497279,-0.253297,0.028935;-1.57161,0.0326163,-1.58661
0.496074,-0.254629,0.028814;-1.57374,0.139323,-1.57863
0.49438,-0.252792,0.0298258;-1.5661,0.241176,-1.56308
0.495916,-0.249199,0.0331782;-1.55327,0.247949,-1.56451
0.499252,-0.246218,0.0286974;-1.57648,0.16622,-1.57246
0.499991,-0.246914,0.0293684;-1.57084,0.105144,-1.58859
0.502035,-0.257943,0.0295788;-1.57471,0.0610541,-1.59056
0.501254,-0.25981,0.0290019;-1.57931,0.134217,-1.58127
0.500187,-0.257187,0.0290503;-1.56567,0.232282,-1.56785
0.497923,-0.254387,0.033227;-1.56803,0.336362,-1.55243
0.500653,-0.254017,0.0326205;-1.50749,0.287505,-1.572
0.502052,-0.254175,0.0289425;-1.57181,0.198421,-1.58682
0.504436,-0.257074,0.0291187;-1.58425,0.0949742,-1.58218
0.502805,-0.260122,0.0290561;-1.57643,0.151638,-1.58701
0.499842,-0.262211,0.0289072;-1.57665,0.256132,-1.57926
0.494454,-0.25992,0.0325537;-1.55583,0.435463,-1.55619
0.495013,-0.261608,0.0341541;-1.48346,0.404886,-1.58166
0.495715,-0.2639,0.0291885;-1.57658,0.313537,-1.58611
0.499369,-0.262371,0.0289641;-1.57766,0.119032,-1.5814
0.498885,-0.263947,0.0288575;-1.57249,0.149104,-1.58194
0.497467,-0.265868,0.0288168;-1.57063,0.256434,-1.58226
0.49531,-0.25894,0.0318743;-1.5414,0.41781,-1.55742
0.495966,-0.25899,0.0339042;-1.49764,0.37154,-1.57077
0.495897,-0.262439,0.0311554;-1.51964,0.274588,-1.58741
0.498148,-0.25883,0.0289195;-1.57632,0.0702251,-1.58099
0.49849,-0.259416,0.0288735;-1.57316,0.0618947,-1.58207
0.497854,-0.260627,0.0288602;-1.56991,0.131837,-1.58463
0.497854,-0.260627,0.0288602;-1.56991,0.131837,-1.58463
0.497364,-0.255852,0.0292;-1.56158,0.205742,-1.57039
0.497364,-0.255852,0.0292;-1.56158,0.205742,-1.57039
