0.5,-0.3,0.06;-1.57,-2.98023e-08,-1.57
0.5,-0.3,0.06;-1.57,-2.98023e-08,-1.57
0.5,-0.3,0.06;-1.57,-2.98023e-08,-1.57
0.500306,-0.299029,0.0290091;-1.57742,-0.189535,-1.58615
0.499774,-0.299973,0.0289198;-1.57023,-0.130292,-1.58692
0.499543,-0.290244,0.0305401;-1.54666,-0.0114116,-1.56813
0.496639,-0.271762,0.0360934;-1.69248,0.0680268,-1.55049
0.502839,-0.277525,0.0289252;-1.57398,-0.107385,-1.58445
0.50458,-0.275104,0.0291099;-1.58598,-0.209182,-1.58445
0.505795,-0.273062,0.0291923;-1.59098,-0.264458,-1.58624
0.5032,-0.276119,0.0288049;-1.57447,-0.0689808,-1.5779
0.502183,-0.262454,0.0308077;-1.59459,0.0424662,-1.55731
0.49706,-0.247077,0.0371165;-1.71965,0.160145,-1.5423
0.501604,-0.246503,0.0346807;-1.67688,0.0532246,-1.55539
0.505058,-0.251793,0.0304299;-1.61734,-0.0267617,-1.57397
0.507013,-0.251611,0.0289742;-1.58067,-0.142682,-1.58114
0.506392,-0.252519,0.0291913;-1.59527,-0.0996856,-1.57861
0.503683,-0.247268,0.0301648;-1.5923,0.00629745,-1.5646
0.49994,-0.241038,0.0343221;-1.6627,0.0888432,-1.55814
0.499944,-0.240751,0.0363058;-1.70617,0.0776196,-1.55567
0.50425,-0.240049,0.0347171;-1.6873,0.0122387,-1.56636
0.508525,-0.245233,0.0289956;-1.58631,-0.0832031,-1.57715
0.509641,-0.247458,0.0290352;-1.57909,-0.149065,-1.58575
0.508123,-0.247873,0.029162;-1.5955,-0.0831606,-1.57632
0.504423,-0.244247,0.0307493;-1.61635,0.00178337,-1.57583
0.502743,-0.24229,0.0336105;-1.65967,0.0365301,-1.56724
0.50523,-0.243671,0.0329337;-1.64995,-0.0273623,-1.565
0.509812,-0.249202,0.02914;-1.58301,-0.188174,-1.58833
0.509884,-0.250045,0.029116;-1.57991,-0.187704,-1.58919
0.508884,-0.25105,0.0290884;-1.58831,-0.124414,-1.58008
0.503239,-0.242831,0.0322664;-1.6295,0.0527857,-1.56332
0.500875,-0.239324,0.0357592;-1.68699,0.105753,-1.55144
0.503503,-0.239282,0.0363684;-1.69625,0.0384597,-1.54811
0.510993,-0.246018,0.0290003;-1.57786,-0.154124,-1.58508
0.511845,-0.248971,0.0291304;-1.58277,-0.190829,-1.58775
0.511199,-0.250133,0.0291241;-1.58294,-0.159548,-1.58666
0.506343,-0.244743,0.0300913;-1.60498,0.0249447,-1.57418
0.503357,-0.239348,0.0341856;-1.66041,0.113187,-1.55625
0.503103,-0.239519,0.0359746;-1.69794,0.0955282,-1.55353
0.51172,-0.241255,0.0290429;-1.58949,-0.0690492,-1.57612
0.513276,-0.243744,0.0291371;-1.58563,-0.139635,-1.58541
0.513322,-0.2444,0.0291214;-1.58123,-0.143641,-1.58762
0.509803,-0.241878,0.0290872;-1.58389,0.0334359,-1.5702
0.506754,-0.237672,0.0323963;-1.62849,0.100807,-1.55774
0.504646,-0.239204,0.0354877;-1.67545,0.123132,-1.54658
0.51378,-0.238132,0.0312744;-1.63433,-0.0496246,-1.57585
0.516675,-0.242381,0.0288793;-1.57547,-0.131104,-1.58099
0.516878,-0.24546,0.0291754;-1.58474,-0.151097,-1.58756
0.513718,-0.245781,0.0291453;-1.59491,-0.00482269,-1.57389
0.510694,-0.240513,0.0309373;-1.61071,0.0914536,-1.56453
0.507281,-0.240724,0.0348759;-1.65781,0.148771,-1.54248
0.514655,-0.239127,0.0324381;-1.64125,-0.00705036,-1.55922
0.517581,-0.243827,0.0287136;-1.57041,-0.10461,-1.57816
0.518711,-0.243965,0.0291326;-1.58758,-0.154475,-1.58354
0.515138,-0.245619,0.0291213;-1.59312,-0.000234902,-1.57466
0.512766,-0.240293,0.030869;-1.60713,0.098914,-1.5604
0.509606,-0.240685,0.0345559;-1.65472,0.150133,-1.54416
0.513819,-0.240384,0.0340579;-1.65283,0.0496681,-1.54124
0.517624,-0.246965,0.0294534;-1.60285,-0.0331966,-1.57113
0.519646,-0.246545,0.029092;-1.58678,-0.141189,-1.58221
0.517135,-0.249229,0.0291159;-1.59205,-0.0356282,-1.57634
0.51456,-0.246297,0.030443;-1.61348,0.0560869,-1.57338
0.511229,-0.240562,0.0340011;-1.6619,0.142544,-1.55628
0.512493,-0.240917,0.0348711;-1.68707,0.106359,-1.5544
0.515982,-0.243429,0.0324886;-1.65584,0.0357499,-1.56897
0.519185,-0.246068,0.0288825;-1.57916,-0.0701918,-1.5809
0.519697,-0.246874,0.0288899;-1.57865,-0.110325,-1.58284
0.517667,-0.247136,0.02912;-1.59354,-0.029817,-1.57498
0.51412,-0.240752,0.0317598;-1.63462,0.0794931,-1.56548
0.510452,-0.23962,0.0367957;-1.71555,0.120968,-1.55046
0.51397,-0.239494,0.035789;-1.71146,0.0691896,-1.56226
0.518045,-0.245189,0.0302291;-1.61482,-0.0221776,-1.57457
0.520811,-0.246718,0.0290636;-1.58852,-0.148217,-1.58251
0.519225,-0.24818,0.0289223;-1.58169,-0.0638786,-1.58017
0.517093,-0.245351,0.029287;-1.58466,0.0466514,-1.56987
0.510606,-0.241301,0.0365367;-1.69002,0.15361,-1.53684
0.513906,-0.237202,0.0371519;-1.68952,0.0809463,-1.53657
0.516836,-0.239266,0.0333843;-1.66555,0.000409156,-1.56706
0.52046,-0.244672,0.0290076;-1.58512,-0.153558,-1.58377
0.51903,-0.245898,0.02897;-1.58408,-0.0722973,-1.58062
0.517173,-0.24394,0.0290662;-1.58427,0.0366606,-1.57157
0.511834,-0.24139,0.0357844;-1.68224,0.160923,-1.54445
0.514158,-0.237409,0.037432;-1.69703,0.0870329,-1.53833
0.517452,-0.238446,0.0344564;-1.67158,0.0093558,-1.55339
0.521745,-0.246245,0.0290172;-1.58395,-0.167696,-1.5852
0.520714,-0.247324,0.0289755;-1.58191,-0.101874,-1.5835
0.51964,-0.246699,0.0292068;-1.58868,-0.00806188,-1.57763
0.514477,-0.240992,0.0355348;-1.67882,0.154042,-1.54843
0.516133,-0.236974,0.0380065;-1.70616,0.0795963,-1.5402
0.518282,-0.238631,0.0351718;-1.67664,0.00990282,-1.54531
0.523279,-0.247899,0.0289869;-1.58172,-0.177961,-1.58481
0.522502,-0.24978,0.0288632;-1.57737,-0.109692,-1.58093
0.522638,-0.250902,0.0292831;-1.58044,-0.0377099,-1.58249
0.518484,-0.23997,0.0346919;-1.67858,0.137587,-1.56121
0.519487,-0.239079,0.0365731;-1.72759,0.0820608,-1.56148
0.520125,-0.240628,0.0355611;-1.6924,0.0613761,-1.55189
0.525715,-0.247629,0.0290053;-1.58109,-0.120059,-1.5835
0.526889,-0.248351,0.0290508;-1.58283,-0.13592,-1.58369
0.525845,-0.250067,0.0289299;-1.57509,-0.0363899,-1.58354
0.525158,-0.243404,0.0290991;-1.57076,0.073314,-1.56806
0.520448,-0.243371,0.0361259;-1.66254,0.175094,-1.54276
0.522797,-0.238176,0.0371634;-1.67025,0.0920154,-1.53862
0.526179,-0.239715,0.0322098;-1.64383,0.0174976,-1.5635
0.529412,-0.246597,0.0289911;-1.57732,-0.136396,-1.58482
0.528345,-0.248415,0.0290027;-1.57802,-0.0576945,-1.58422
0.527746,-0.247463,0.0292962;-1.55922,0.0627468,-1.57293
0.522637,-0.247772,0.0356494;-1.60684,0.240665,-1.54422
0.523461,-0.243911,0.0402164;-1.59329,0.171421,-1.53977
0.526756,-0.241812,0.03471;-1.57128,0.0677698,-1.5494
0.530332,-0.245885,0.0290324;-1.5775,-0.125142,-1.58655
0.529602,-0.247662,0.0289525;-1.57659,-0.0699876,-1.58311
0.52836,-0.249734,0.0290102;-1.57904,0.0626136,-1.57666
0.523898,-0.249836,0.035104;-1.58966,0.271623,-1.55008
0.524364,-0.246728,0.0396977;-1.57843,0.212392,-1.54401
0.527896,-0.243412,0.0343556;-1.59367,0.104144,-1.54173
0.533049,-0.252883,0.0287971;-1.57464,-0.155314,-1.58166
0.53259,-0.253919,0.0290425;-1.58232,-0.117676,-1.58275
0.531804,-0.257408,0.0289635;-1.57552,0.0174174,-1.57956
0.528301,-0.248404,0.0331625;-1.63407,0.25516,-1.55489
0.527318,-0.248167,0.0362417;-1.65619,0.239021,-1.54611
0.529403,-0.244364,0.0354413;-1.65147,0.155426,-1.54163
0.535527,-0.246618,0.0290389;-1.5838,-0.0974873,-1.5815
0.535515,-0.247603,0.0290403;-1.57974,-0.104629,-1.58488
0.534516,-0.249493,0.0288847;-1.57233,-0.0402917,-1.58368
0.533843,-0.248943,0.0321319;-1.55873,0.252744,-1.56018
0.530677,-0.252683,0.035508;-1.58934,0.311504,-1.54775
0.530261,-0.251775,0.041361;-1.5139,0.23698,-1.54021
0.535153,-0.252607,0.0287975;-1.58057,-0.0164389,-1.57048
0.536997,-0.25115,0.0290644;-1.58268,-0.142898,-1.58377
0.536505,-0.252518,0.0290612;-1.58435,-0.109573,-1.58181
0.534146,-0.255936,0.0302923;-1.5498,0.181392,-1.56685
0.531999,-0.251533,0.0352828;-1.56774,0.290995,-1.54793
0.530026,-0.252982,0.0395644;-1.54458,0.296779,-1.5387
0.534132,-0.251672,0.0313483;-1.54006,0.074463,-1.55484
0.536399,-0.253533,0.0287336;-1.57304,-0.0794183,-1.57706
0.537615,-0.252403,0.0291214;-1.58216,-0.139077,-1.58693
0.534586,-0.257995,0.0289744;-1.57973,0.120961,-1.57057
0.534898,-0.253919,0.0325458;-1.53949,0.260187,-1.55649
0.532176,-0.254199,0.0376573;-1.59292,0.337356,-1.5418
0.532816,-0.252301,0.0358587;-1.49816,0.130662,-1.55145
0.534818,-0.254882,0.028555;-1.5701,-0.0114782,-1.57213
0.536602,-0.252859,0.0290193;-1.57955,-0.143365,-1.58431
0.533981,-0.258126,0.0291044;-1.58831,0.101836,-1.57688
0.534312,-0.25627,0.0309833;-1.54652,0.246627,-1.56439
0.531082,-0.253816,0.0365007;-1.59355,0.33402,-1.54528
0.531748,-0.253734,0.0357757;-1.50913,0.12654,-1.54285
0.533198,-0.258492,0.0290306;-1.56915,-0.00587222,-1.56201
0.534651,-0.258742,0.0289064;-1.5762,-0.153555,-1.58234
0.533425,-0.263961,0.0291359;-1.57602,0.0501428,-1.57851
0.534321,-0.263783,0.0299726;-1.55246,0.205592,-1.57152
0.532536,-0.252748,0.0353876;-1.58457,0.316393,-1.5496
0.534687,-0.248373,0.0365581;-1.6091,0.150665,-1.53611
0.538299,-0.24927,0.0292789;-1.58267,0.0228265,-1.55824
0.540455,-0.253267,0.0288598;-1.57759,-0.1088,-1.57837
0.539207,-0.256087,0.0288658;-1.57095,-0.0396441,-1.58265
0.538103,-0.258745,0.0293004;-1.58769,0.125901,-1.57522
0.53764,-0.25067,0.0317999;-1.56547,0.256704,-1.55808
0.536703,-0.246684,0.0382873;-1.64079,0.204858,-1.53658
0.540134,-0.24396,0.0338301;-1.6129,0.0830167,-1.53853
0.543703,-0.249547,0.0286355;-1.56917,-0.0373023,-1.56974
0.54486,-0.253556,0.0290097;-1.57975,-0.0867051,-1.58312
0.543319,-0.256057,0.0290286;-1.58049,0.0424764,-1.58262
0.542889,-0.253865,0.0297972;-1.55579,0.183783,-1.56945
0.539869,-0.247877,0.039084;-1.60882,0.230923,-1.53905
0.541797,-0.242222,0.0372359;-1.62985,0.134051,-1.53192
0.546146,-0.241464,0.031343;-1.6086,0.0307063,-1.55074
0.549702,-0.250871,0.0291087;-1.58361,-0.108273,-1.58477
0.54842,-0.253082,0.0288778;-1.57177,-0.0206208,-1.58386
0.547877,-0.253291,0.0291845;-1.58664,0.103335,-1.5742
0.544352,-0.247309,0.0363499;-1.67611,0.233668,-1.54063
0.546752,-0.241478,0.0380854;-1.6818,0.137401,-1.53404
0.549091,-0.242888,0.0348674;-1.6603,0.0439432,-1.53843
0.553344,-0.254343,0.0289907;-1.57878,-0.164055,-1.58378
0.552599,-0.256178,0.0289164;-1.5765,-0.0942015,-1.58155
0.552418,-0.254884,0.0294279;-1.5723,0.00832856,-1.57832
0.548698,-0.243234,0.0360064;-1.69194,0.179688,-1.54628
0.550867,-0.237868,0.0378642;-1.70142,0.0924147,-1.53687
0.552524,-0.241949,0.0351851;-1.64504,0.0113427,-1.54192
0.557623,-0.255371,0.0290312;-1.58076,-0.181804,-1.58461
0.557202,-0.256848,0.0289535;-1.57532,-0.140617,-1.5847
0.557255,-0.256251,0.0292933;-1.57573,-0.0367577,-1.58118
0.557255,-0.256251,0.0292933;-1.57573,-0.0367577,-1.58118
0.556892,-0.242021,0.0312592;-1.62089,0.083198,-1.57105
0.556892,-0.242021,0.0312592;-1.62089,0.083198,-1.57105
