0.5,-0.3,0.06;-1.57,-2.98023e-08,-1.57
0.5,-0.3,0.06;-1.57,-2.98023e-08,-1.57
0.5,-0.3,0.06;-1.57,-2.98023e-08,-1.57
0.500619,-0.296776,0.0290749;-1.58031,-0.223159,-1.58714
0.500398,-0.297334,0.0290129;-1.57268,-0.180732,-1.58974
0.501236,-0.285699,0.0300794;-1.57017,-0.0517033,-1.5697
0.500194,-0.269642,0.0346873;-1.6783,0.0258636,-1.55924
0.505212,-0.272034,0.0290518;-1.57418,-0.13382,-1.58992
0.50583,-0.269844,0.0293395;-1.58519,-0.181687,-1.58639
0.506401,-0.268492,0.0291766;-1.59311,-0.200494,-1.58378
0.504275,-0.272236,0.0289811;-1.57212,-0.0838635,-1.58838
0.504178,-0.263988,0.0297428;-1.58644,0.0441592,-1.56661
0.501725,-0.252276,0.0346924;-1.67251,0.15264,-1.54411
0.506006,-0.251518,0.0324291;-1.6477,0.0464419,-1.56206
0.508462,-0.254024,0.0289258;-1.57072,-0.0382622,-1.58742
0.50903,-0.25253,0.0290872;-1.58278,-0.0997467,-1.58429
0.50807,-0.253619,0.0291362;-1.57765,-0.0600944,-1.59078
0.506009,-0.252809,0.029708;-1.60101,0.0217941,-1.57563
0.503383,-0.245033,0.0329097;-1.65515,0.136452,-1.56174
0.503412,-0.242785,0.0348637;-1.70345,0.136145,-1.55441
0.507026,-0.243724,0.0325982;-1.65658,0.0656367,-1.56798
0.509809,-0.24438,0.0289921;-1.57174,-0.0272249,-1.58966
0.51059,-0.243299,0.0291182;-1.58202,-0.0744049,-1.58607
0.509007,-0.24479,0.0290939;-1.58001,-0.0119876,-1.58611
0.507179,-0.24172,0.0300949;-1.59704,0.0829149,-1.56488
0.506976,-0.239269,0.032974;-1.6444,0.110859,-1.55214
0.510382,-0.237336,0.0306947;-1.62201,0.0514385,-1.56956
0.514023,-0.242218,0.030027;-1.57886,-0.108712,-1.5961
0.514489,-0.24366,0.0300634;-1.57685,-0.126904,-1.59756
0.513821,-0.245195,0.0291694;-1.58177,-0.0932318,-1.58898
0.509094,-0.240435,0.0315987;-1.62813,0.101663,-1.56204
0.508951,-0.239284,0.0344746;-1.67993,0.123306,-1.55074
0.511552,-0.238856,0.0345145;-1.67487,0.083381,-1.5488
0.516621,-0.240955,0.0289973;-1.57603,-0.0803526,-1.58567
0.51774,-0.243884,0.0296838;-1.57987,-0.133305,-1.59211
0.51775,-0.244584,0.0291987;-1.58948,-0.123233,-1.58435
0.513494,-0.244293,0.0298357;-1.60263,0.0605418,-1.57206
0.512389,-0.239399,0.0335177;-1.64834,0.135557,-1.54663
0.513363,-0.239309,0.0350743;-1.67923,0.110605,-1.53765
0.521008,-0.240314,0.0288692;-1.57233,-0.0547842,-1.58765
0.521741,-0.241669,0.0296837;-1.58357,-0.101393,-1.58963
0.521934,-0.243096,0.029028;-1.58291,-0.119379,-1.58274
0.517716,-0.24558,0.0295761;-1.602,0.0251278,-1.57386
0.51598,-0.239772,0.0316341;-1.63596,0.124573,-1.56144
0.51508,-0.240107,0.0346483;-1.67919,0.138451,-1.54562
0.522949,-0.240563,0.0292454;-1.59641,-0.00985525,-1.57879
0.524111,-0.240992,0.029218;-1.57693,-0.0923178,-1.58775
0.524165,-0.243965,0.0295049;-1.58073,-0.129955,-1.58911
0.520442,-0.247212,0.0293157;-1.60029,-0.000260502,-1.57496
0.517153,-0.243162,0.030633;-1.61765,0.107036,-1.56473
0.514671,-0.24146,0.0340649;-1.66591,0.163031,-1.54429
0.521305,-0.243238,0.0293307;-1.59635,0.0222274,-1.57289
0.522231,-0.243589,0.0289713;-1.57781,-0.0480422,-1.58562
0.523916,-0.243258,0.0290788;-1.58632,-0.120684,-1.58341
0.520424,-0.246093,0.0291687;-1.59732,-0.000119805,-1.57367
0.516692,-0.241239,0.0308294;-1.6169,0.120853,-1.56303
0.513364,-0.242506,0.0342933;-1.66766,0.178504,-1.54346
0.518556,-0.24429,0.0310686;-1.62936,0.0716995,-1.56762
0.520527,-0.245976,0.0289476;-1.57528,-0.00303239,-1.58768
0.521587,-0.246323,0.0292887;-1.58484,-0.0744727,-1.58449
0.518825,-0.249777,0.0289961;-1.57942,-0.00750796,-1.58772
0.515567,-0.249074,0.0304498;-1.61603,0.0997065,-1.57005
0.512719,-0.2442,0.0333303;-1.6582,0.197597,-1.55141
0.514492,-0.243509,0.0336241;-1.66756,0.167006,-1.54641
0.517646,-0.244948,0.0302888;-1.61583,0.0986473,-1.57022
0.519778,-0.244869,0.0289279;-1.57658,0.0118701,-1.58515
0.520097,-0.24562,0.0290137;-1.58099,-0.0138026,-1.58554
0.517811,-0.247876,0.0292129;-1.59469,0.0516761,-1.57984
0.513871,-0.248401,0.0311344;-1.62579,0.158273,-1.56646
0.511446,-0.246715,0.0350277;-1.69474,0.225727,-1.54154
0.514786,-0.246005,0.0337746;-1.68145,0.171292,-1.55408
0.518167,-0.246899,0.0289666;-1.57857,0.075771,-1.5852
0.521069,-0.245516,0.0290154;-1.58272,-0.0774311,-1.58424
0.519017,-0.247852,0.0290083;-1.5823,-0.018184,-1.58462
0.515754,-0.250471,0.0292955;-1.59827,0.0918513,-1.57283
0.509737,-0.249784,0.0357483;-1.69705,0.27863,-1.53341
0.512976,-0.246507,0.0350857;-1.67813,0.209677,-1.53645
0.516302,-0.248142,0.0302897;-1.60805,0.116415,-1.57371
0.519507,-0.246223,0.0291969;-1.58234,-0.0779197,-1.58538
0.518798,-0.247189,0.0289458;-1.57955,-0.0453646,-1.58494
0.515289,-0.25023,0.0291559;-1.59175,0.0836889,-1.57594
0.508256,-0.25091,0.0356974;-1.68689,0.298844,-1.52901
0.510632,-0.248363,0.0361843;-1.65691,0.237852,-1.54368
0.514005,-0.247473,0.0309401;-1.61897,0.136974,-1.57233
0.518107,-0.244439,0.0291349;-1.58272,-0.0748245,-1.58519
0.517223,-0.245435,0.0290751;-1.57814,-0.0478948,-1.5873
0.513582,-0.24909,0.0291994;-1.59088,0.0686853,-1.57933
0.503864,-0.251767,0.0352163;-1.68237,0.314322,-1.53587
0.50628,-0.249539,0.0362042;-1.63445,0.256106,-1.55245
0.510148,-0.247271,0.0304222;-1.61393,0.149203,-1.56957
0.515717,-0.24283,0.0292151;-1.58269,-0.0932719,-1.5855
0.515054,-0.244411,0.0291426;-1.58031,-0.0686177,-1.58887
0.510548,-0.249939,0.0292198;-1.58411,0.0201383,-1.58789
0.502624,-0.250912,0.0341901;-1.66338,0.297556,-1.5456
0.503894,-0.249088,0.0347561;-1.64785,0.249577,-1.54878
0.505441,-0.246898,0.032712;-1.64015,0.210395,-1.54758
0.510942,-0.243813,0.0290448;-1.57739,-0.0191471,-1.5864
0.513712,-0.246002,0.0292552;-1.59506,-0.13021,-1.58276
0.511106,-0.250899,0.0290432;-1.57459,-0.0254558,-1.58902
0.507389,-0.254136,0.0290675;-1.58631,0.137193,-1.57658
0.501157,-0.253912,0.035242;-1.66728,0.330646,-1.53942
0.504278,-0.251826,0.0362271;-1.55465,0.253522,-1.56859
0.507206,-0.251332,0.0290126;-1.57373,0.110658,-1.58806
0.512376,-0.24544,0.0291466;-1.58493,-0.137805,-1.58615
0.510328,-0.248356,0.0291349;-1.58127,-0.0685129,-1.5876
0.507192,-0.252223,0.0290611;-1.58118,0.0787972,-1.58261
0.498721,-0.255052,0.0357522;-1.64453,0.351524,-1.54427
0.500004,-0.256041,0.0382893;-1.50566,0.304105,-1.58052
0.501432,-0.255121,0.0291698;-1.57808,0.157891,-1.58904
0.506102,-0.245054,0.029106;-1.58254,-0.106498,-1.58544
0.505486,-0.247013,0.0291306;-1.58181,-0.0818842,-1.58719
0.501511,-0.252378,0.0291754;-1.58568,0.0633331,-1.58384
0.491845,-0.255457,0.0345526;-1.62488,0.356765,-1.55124
0.493164,-0.254824,0.0369058;-1.58833,0.308149,-1.56361
0.495874,-0.254301,0.0289801;-1.57438,0.162996,-1.58836
0.501351,-0.246325,0.0291381;-1.58156,-0.0989904,-1.58448
0.500944,-0.247618,0.0291903;-1.58894,-0.0901547,-1.58394
0.497351,-0.25447,0.0290738;-1.57579,0.0246278,-1.5893
0.490912,-0.259592,0.0326042;-1.56194,0.340253,-1.56433
0.490421,-0.259226,0.0356093;-1.60111,0.325477,-1.55553
0.492578,-0.257256,0.033244;-1.55421,0.230513,-1.57779
0.497143,-0.249914,0.0290859;-1.58123,-0.0517359,-1.58524
0.498209,-0.248564,0.0291356;-1.58356,-0.10034,-1.58594
0.496641,-0.251966,0.0291986;-1.58356,-0.0517462,-1.58871
0.491107,-0.260504,0.0297737;-1.57126,0.263345,-1.57282
0.489358,-0.261569,0.0339301;-1.56286,0.351511,-1.56026
0.490865,-0.260678,0.0364523;-1.55222,0.303872,-1.56609
0.493103,-0.254399,0.028939;-1.5706,0.0200308,-1.58773
0.4957,-0.25048,0.0291023;-1.58379,-0.0883178,-1.58396
0.495371,-0.250899,0.0292126;-1.5905,-0.0864978,-1.58327
0.490426,-0.259522,0.0291388;-1.57541,0.176732,-1.57881
0.487646,-0.260353,0.0313357;-1.54933,0.316195,-1.56799
0.486822,-0.261632,0.0341912;-1.58032,0.335418,-1.55867
0.488985,-0.257678,0.0289888;-1.56874,0.10762,-1.58943
0.48979,-0.253516,0.0290692;-1.5804,-0.0359246,-1.58488
0.491139,-0.251331,0.0291678;-1.5861,-0.0946481,-1.58512
0.487312,-0.257807,0.0289586;-1.57606,0.119995,-1.58312
0.484711,-0.259875,0.0303195;-1.54801,0.265014,-1.57335
0.482251,-0.260912,0.0340145;-1.52953,0.344648,-1.56339
0.485093,-0.258252,0.0289703;-1.57226,0.162316,-1.58722
0.484562,-0.253647,0.0289611;-1.56851,0.017252,-1.58784
0.487277,-0.248776,0.0291033;-1.58381,-0.0909404,-1.58404
0.483513,-0.256215,0.0291562;-1.57733,0.0791226,-1.58536
0.480821,-0.258812,0.0293435;-1.56704,0.225489,-1.57424
0.478089,-0.256967,0.0326491;-1.5774,0.333333,-1.56043
0.482362,-0.253024,0.0289346;-1.57432,0.143677,-1.5835
0.482663,-0.249612,0.0289283;-1.56982,0.0129086,-1.5874
0.485152,-0.246182,0.0290987;-1.58337,-0.0975242,-1.58433
0.481662,-0.254172,0.0291106;-1.57546,0.0367975,-1.58909
0.478964,-0.257182,0.0293698;-1.57228,0.178156,-1.5767
0.476362,-0.254968,0.0330968;-1.57535,0.291985,-1.56231
0.479122,-0.249193,0.0324506;-1.58871,0.137143,-1.57608
0.481644,-0.246792,0.0290186;-1.57389,0.0107833,-1.58832
0.484092,-0.243625,0.0291656;-1.58046,-0.107164,-1.58513
0.481304,-0.247173,0.0291096;-1.57915,-0.0482553,-1.58829
0.476818,-0.250141,0.0289138;-1.5761,0.0802666,-1.58059
0.472423,-0.249919,0.0303439;-1.60351,0.171166,-1.5741
0.472758,-0.247299,0.033176;-1.63269,0.133375,-1.55694
0.475841,-0.245643,0.0293124;-1.58754,0.046837,-1.58061
0.477741,-0.243153,0.0290149;-1.5755,-0.0809894,-1.58705
0.4778,-0.244746,0.0291365;-1.58469,-0.0938954,-1.58486
0.475581,-0.248885,0.0290857;-1.57529,-0.012418,-1.59081
0.473367,-0.251744,0.0293772;-1.57955,0.0999616,-1.58085
0.470653,-0.248682,0.0335089;-1.66715,0.16562,-1.5628
0.47496,-0.245541,0.0326965;-1.59383,0.0760562,-1.57029
0.477679,-0.244136,0.0289907;-1.57337,-0.0306948,-1.58756
0.479061,-0.244322,0.0292888;-1.58337,-0.117892,-1.58509
0.478102,-0.246013,0.0290726;-1.57663,-0.0690991,-1.5889
0.476649,-0.247965,0.0290681;-1.57972,0.0216689,-1.58491
0.471875,-0.247739,0.0337127;-1.6713,0.164485,-1.56429
0.475901,-0.244881,0.0338987;-1.63075,0.0948502,-1.55933
0.479185,-0.243508,0.0291724;-1.58115,-0.000217468,-1.58169
0.479719,-0.244536,0.0299504;-1.58063,-0.119364,-1.59394
0.479299,-0.244992,0.0290723;-1.57841,-0.0800138,-1.58716
0.4778,-0.246488,0.0290602;-1.58129,0.00215477,-1.58308
0.473037,-0.246433,0.0335123;-1.66897,0.14669,-1.56506
0.476174,-0.244526,0.0338786;-1.66064,0.0795419,-1.55394
0.480091,-0.24317,0.0295543;-1.60227,-0.00828797,-1.5778
0.48079,-0.245191,0.0298847;-1.58308,-0.132161,-1.59312
0.48048,-0.245415,0.0291459;-1.5849,-0.105311,-1.58553
0.478959,-0.247061,0.0290613;-1.57996,-0.0285688,-1.5846
0.478959,-0.247061,0.0290613;-1.57996,-0.0285688,-1.5846
0.476674,-0.247212,0.0299426;-1.60451,0.060413,-1.57388
0.476674,-0.247212,0.0299426;-1.60451,0.060413,-1.57388
